ENSG00000005436.9 2 75938115 75938115 - 9 0 2_internal_21109 2 75514319 79206114 163 161.329 1.01671 7.40514 0.182771 0.106441 0.771144 0.775306
ENSG00000200488.1 2 76672536 76672536 - 3 835992 2_internal_16168 2 75787290 75836544 163 166.391 1.00004 3.20673 0.401385 0.0632042 0.830846 0.801996
ENSG00000163541.7 2 84687169 84687169 - 5 -477893 2_internal_18525 2 85165062 85188353 163 165.197 0.999985 4.49308 0.0363556 0.156616 0.124378 0.148383
ENSG00000034510.4 2 85132749 85132749 + 8 969282 2_internal_19820 2 86102031 86232401 163 207.618 0.8349 9.02663 0.140119 -0.11152 0.656716 0.669216
ENSG00000186854.6 2 85134132 85134132 - 9 -967899 2_internal_19820 2 86102031 86232401 163 177.406 0.94863 9.82958 0.00923766 -0.198253 0.0845771 0.0739944
ENSG00000176407.12 2 85198216 85198216 + 9 -9863 2_internal_18525 2 85165062 85188353 163 173.84 0.880988 8.3554 0.0660018 0.141695 0.487562 0.449792
ENSG00000260840.1 2 85294470 85294470 - 10 -579967 2_internal_18516 2 85874437 86034518 163 150.998 0.949868 8.20082 0.0845087 -0.135572 0.60199 0.588755
ENSG00000152284.4 2 85360533 85360533 + 10 773404 2_internal_13933 2 86133937 86180300 163 154.388 1.0215 8.90993 0.0168569 -0.17585 0.199005 0.157617
ENSG00000246575.2 2 85542164 85542164 + 12 591773 2_internal_13933 2 86133937 86180300 163 156.633 1.03503 12.0476 0.085704 -0.126642 0.701493 0.674377
ENSG00000152291.9 2 85555548 85555548 - 12 -578389 2_internal_13933 2 86133937 86180300 163 140.237 1.07925 9.16213 0.0246037 -0.173958 0.258706 0.259288
ENSG00000115459.12 2 85581517 85581517 + 12 43634 2_internal_16119 2 85625151 85630526 163 151.268 1.11556 10.5123 0.0271782 0.167746 0.273632 0.251313
ENSG00000042445.9 2 85581743 85581743 - 12 -552194 2_internal_13933 2 86133937 86180300 163 174.827 0.90923 11.8349 0.0609331 -0.136014 0.522388 0.51444
ENSG00000202382.1 2 85594708 85594708 + 12 28944 2_internal_15338 2 85623652 85643953 163 158.845 0.948385 11.0515 0.0740232 -0.136145 0.597015 0.614195
ENSG00000242095.2 2 85595405 85595405 + 12 28247 2_internal_15338 2 85623652 85643953 163 180.175 0.904457 11.7538 0.0640572 -0.149012 0.492537 0.50969
ENSG00000042493.10 2 85645555 85645555 - 13 -994712 2_internal_18253 2 86640267 86660626 163 168.89 1.00002 12.435 0.0730563 -0.137402 0.572139 0.5837
ENSG00000152292.11 2 85645844 85645844 + 13 0 2_internal_22017 2 85533002 85779965 163 221.148 0.891897 21.8099 4.60343e-07 0.351828 0.00497512 5.51669e-07
ENSG00000244399.2 2 85669618 85669618 + 13 0 2_internal_22017 2 85533002 85779965 163 149.008 1.13306 12.1116 1.02964e-06 0.354657 0.00497512 8.8188e-06
ENSG00000229648.1 2 85718903 85718903 - 13 0 2_internal_22017 2 85533002 85779965 163 174.334 0.970673 13.8385 8.77274e-15 0.550941 0.00497512 3.71381e-14
ENSG00000168906.8 2 85766288 85766288 + 13 0 2_internal_22017 2 85533002 85779965 163 144.965 1.02761 11.3819 7.78418e-17 0.595125 0.00497512 1.87431e-14
ENSG00000115486.6 2 85788670 85788670 - 13 -85767 2_internal_18516 2 85874437 86034518 163 182.484 0.872514 12.3499 8.87295e-06 0.323921 0.00497512 0.000124613
ENSG00000118640.6 2 85788685 85788685 + 13 85752 2_internal_18516 2 85874437 86034518 163 170.943 0.960864 13.6384 0.00148257 0.253655 0.0149254 0.0183571
ENSG00000266536.1 2 85795083 85795083 - 13 -79354 2_internal_18516 2 85874437 86034518 163 178.982 0.94507 16.4126 0.144096 0.114849 0.885572 0.899648
ENSG00000168899.4 2 85811531 85811531 + 13 62906 2_internal_18516 2 85874437 86034518 163 148.515 1.11045 13.1974 9.03355e-07 0.382181 0.00497512 1.12705e-05
ENSG00000168894.5 2 85822848 85822848 + 13 51589 2_internal_18516 2 85874437 86034518 163 154.516 1.13495 13.3777 0.0217984 0.18131 0.233831 0.236564
ENSG00000168883.14 2 85829979 85829979 + 13 -641626 2_internal_18525 2 85165062 85188353 163 159.036 1.02807 11.2769 0.0123728 -0.197474 0.129353 0.133086
ENSG00000168890.9 2 85830319 85830319 - 13 186366 2_internal_15338 2 85623652 85643953 163 183.073 1.03607 16.3289 0.0627767 0.144708 0.532338 0.540098
ENSG00000168887.6 2 85839189 85839189 - 13 59224 2_internal_22017 2 85533002 85779965 163 145.522 1.03136 10.438 0.00253394 0.237513 0.0348259 0.039792
ENSG00000168878.11 2 85895864 85895864 - 14 0 2_internal_18516 2 85874437 86034518 163 177.645 0.949237 14.3511 3.54023e-05 0.314826 0.00497512 0.00035272
ENSG00000115523.12 2 85912298 85912298 + 14 0 2_internal_18516 2 85874437 86034518 163 170.975 0.963787 14.9658 3.92669e-25 0.704957 0.00497512 3.20013e-24
ENSG00000168874.8 2 85978467 85978467 + 15 0 2_internal_18516 2 85874437 86034518 163 162.252 1.05483 14.6803 1.39086e-26 0.707865 0.00497512 1.16845e-26
ENSG00000115525.12 2 86116137 86116137 - 15 0 2_internal_19820 2 86102031 86232401 163 178.902 0.918733 17.619 4.93933e-07 0.378813 0.00497512 7.12642e-06
ENSG00000068654.11 2 86333278 86333278 - 14 242591 2_internal_18217 2 86075943 86090687 163 161.631 1.02732 13.7038 0.0114549 0.195734 0.134328 0.14125
ENSG00000132300.14 2 86333305 86333305 + 14 92472 2_internal_20691 2 86425777 86600476 163 175.973 0.932879 14.6171 0.0351913 0.165574 0.348259 0.37859
ENSG00000208772.1 2 86362993 86362993 + 14 587912 2_internal_16737 2 86950905 86956492 163 172.264 0.965927 13.277 0.00706092 0.213407 0.079602 0.0797069
ENSG00000132305.16 2 86422893 86422893 - 14 388375 2_internal_18516 2 85874437 86034518 163 176.594 0.991253 15.6704 0.000833092 0.24238 0.00497512 0.00824031
ENSG00000132313.9 2 86426580 86426580 + 14 -246280 2_internal_13933 2 86133937 86180300 163 186.399 0.87946 14.9633 3.75925e-05 -0.310646 0.00995025 0.00046747
ENSG00000115548.12 2 86667770 86667770 + 13 -7144 2_internal_18253 2 86640267 86660626 163 152.828 1.00576 11.1075 0.0299234 0.170201 0.328358 0.328384
ENSG00000200563.1 2 86742431 86742431 - 13 270493 2_internal_16502 2 86451513 86471938 163 180.032 1.01373 14.5262 0.0587249 -0.147931 0.527363 0.49616
ENSG00000228363.2 2 86789193 86789193 + 12 507677 2_internal_14246 2 87296870 87300983 163 169.797 0.949805 12.2577 0.00956797 0.203662 0.109453 0.109591
ENSG00000249884.3 2 86850151 86850151 - 12 617750 2_internal_19820 2 86102031 86232401 163 197.558 0.892629 14.6862 0.0899738 0.127317 0.631841 0.655428
ENSG00000239305.2 2 86850989 86850989 - 12 -445881 2_internal_14246 2 87296870 87300983 163 143.309 1.0446 10.8569 0.036475 0.168168 0.41791 0.405449
ENSG00000153561.8 2 86947296 86947296 + 12 -766996 2_internal_13933 2 86133937 86180300 163 144.121 1.10958 10.7448 0.0579041 -0.14662 0.507463 0.517156
ENSG00000115561.10 2 86948245 86948245 - 12 0 2_internal_13404 2 86848350 86948969 163 185.89 0.971873 12.8234 0.00891917 -0.203422 0.0746269 0.0707918
ENSG00000153563.11 2 87035519 87035519 - 11 855219 2_internal_13933 2 86133937 86180300 163 162.889 0.943602 10.0568 0.13121 0.117433 0.781095 0.775331
ENSG00000187627.9 2 87135076 87135076 + 10 -834534 2_internal_20327 2 86219544 86300542 163 156.426 0.949694 8.46053 0.0157981 0.19084 0.154229 0.160202
ENSG00000183281.10 2 87248975 87248975 - 8 292483 2_internal_16737 2 86950905 86956492 163 176.1 0.959373 8.12117 0.00296926 0.22881 0.0149254 0.019461
ENSG00000266931.1 2 87282923 87282923 - 8 326431 2_internal_16737 2 86950905 86956492 163 198.402 0.837592 10.1337 0.00129654 0.243988 0.0199005 0.0101212
ENSG00000231259.3 2 87303536 87303536 - 7 831598 2_internal_16502 2 86451513 86471938 163 159.88 1.00058 6.72121 0.487879 0.0529259 0.985075 0.989455
ENSG00000222041.5 2 87754887 87754887 + 5 0 2_internal_21628 2 87518762 87935017 163 158.352 0.999967 4.81883 1.8956e-07 0.383797 0.00497512 1.36562e-06
ENSG00000214354.3 2 87866283 87866283 - 5 0 2_internal_21628 2 87518762 87935017 163 177.406 0.947655 5.7204 0.00790941 0.208184 0.0547264 0.0384271
ENSG00000265507.1 2 87929274 87929274 + 5 0 2_internal_21628 2 87518762 87935017 163 149.374 1 4.1433 0.14172 0.115664 0.552239 0.513423
ENSG00000225933.1 2 87954409 87954409 + 4 -19392 2_internal_21628 2 87518762 87935017 163 177.263 1.00002 4.80114 0.000455951 0.272289 0.00497512 0.0012293
ENSG00000234231.2 2 88000503 88000503 + 3 -65486 2_internal_21628 2 87518762 87935017 163 156.983 1.00001 2.55929 0.00699638 0.208072 0.0248756 0.0206747
ENSG00000125551.13 2 88045917 88045917 + 3 -744934 2_internal_14246 2 87296870 87300983 163 145.984 0.999987 2.70339 0.00239238 0.23788 0.00497512 0.0109459
ENSG00000185304.12 2 88285309 88285309 - 4 -181990 2_internal_15248 2 88467299 88650788 163 149.915 1.00005 3.85315 0.0137777 -0.19864 0.0597015 0.0682738
ENSG00000172086.7 2 88355248 88355248 - 3 420231 2_internal_21628 2 87518762 87935017 163 170.036 1.00003 3.24084 0.232394 0.0940389 0.577114 0.557704
ENSG00000225420.1 2 88838238 88838238 + 4 -903221 2_internal_21628 2 87518762 87935017 163 179.523 0.999988 4.0759 0.277756 0.0868426 0.666667 0.698119
ENSG00000234028.2 2 88927057 88927057 + 6 -992040 2_internal_21628 2 87518762 87935017 163 178.759 0.925936 6.10918 0.0636862 -0.144669 0.308458 0.312597
ENSG00000172071.7 2 88927094 88927094 - 6 -137073 2_internal_16716 2 89064167 89197884 163 170.386 1.01565 6.71763 0.127079 0.123973 0.597015 0.565474
ENSG00000153574.7 2 88991162 88991162 + 5 492953 2_internal_14844 2 89484115 89508395 163 188.182 1.00001 5.69248 0.702111 -0.0308403 1 0.998504
ENSG00000242822.2 2 95669588 95669588 - 1 -18461 2_internal_15038 2 95688049 95745417 163 171.628 0.999997 1.01997 0.381118 -0.0651798 0.378109 0.37454
ENSG00000144029.7 2 95815179 95815179 - 3 69762 2_internal_15038 2 95688049 95745417 163 194.024 0.999999 3.10016 0.41828 0.0624454 0.746269 0.769475
ENSG00000144026.7 2 95831158 95831158 - 3 -977016 2_internal_18287 2 96808174 96825818 163 171.246 0.99999 3.4068 0.623835 0.0392859 0.950249 0.961355
ENSG00000163067.10 2 95831177 95831177 + 3 -85760 2_internal_15038 2 95688049 95745417 163 174.238 1.00004 2.92802 0.11591 -0.121786 0.273632 0.275018
ENSG00000115042.5 2 96068469 96068469 + 4 811688 2_internal_17472 2 96880157 96888508 163 150.091 1.00001 3.94445 0.380654 0.0685395 0.885572 0.866899
ENSG00000232931.1 2 96481963 96481963 - 8 -799918 2_internal_16052 2 97281881 97290290 163 173.952 0.91412 7.08565 0.189014 0.102326 0.761194 0.771461
ENSG00000174501.10 2 96657541 96657541 - 9 -662303 2_internal_17047 2 97319844 97333082 163 153.306 1.04183 7.86601 0.0926806 -0.132693 0.587065 0.556513
ENSG00000243039.2 2 96670601 96670601 - 9 -611280 2_internal_16052 2 97281881 97290290 163 150.122 1.06459 8.58083 0.00169229 -0.252052 0.0149254 0.0167897
ENSG00000158050.4 2 96811179 96811179 - 8 -470193 2_internal_20932 2 97281372 97406659 163 170.45 0.960431 9.01313 0.0493555 -0.156308 0.363184 0.354749
ENSG00000228873.1 2 96812751 96812751 - 8 -67406 2_internal_17472 2 96880157 96888508 163 167.855 0.991999 7.45445 0.0434409 0.160564 0.273632 0.268249
ENSG00000204685.5 2 96874154 96874154 + 8 -48336 2_internal_18287 2 96808174 96825818 163 154.659 1.0577 7.34902 0.308611 0.0805102 0.925373 0.936229
ENSG00000084090.9 2 96874563 96874563 - 8 -445281 2_internal_17047 2 97319844 97333082 163 162.968 1.00154 7.78058 0.0598969 0.149008 0.363184 0.380977
ENSG00000135956.3 2 96931732 96931732 - 8 105914 2_internal_18287 2 96808174 96825818 163 172.869 0.985318 8.14884 0.0620391 0.140799 0.38806 0.374213
ENSG00000144021.2 2 96931870 96931870 + 8 -43362 2_internal_17472 2 96880157 96888508 163 165.133 1.00442 8.06954 0.0869286 -0.135806 0.512438 0.509168
ENSG00000144028.10 2 96971297 96971297 - 8 82789 2_internal_17472 2 96880157 96888508 163 159.992 0.994145 7.83458 0.0264747 0.172068 0.218905 0.201166
ENSG00000121152.5 2 97001525 97001525 + 8 279847 2_internal_20932 2 97281372 97406659 163 197.797 0.912434 10.0791 0.0117599 0.20108 0.0597015 0.0719571
ENSG00000196843.10 2 97202480 97202480 + 8 -431801 2_internal_14848 2 96748299 96770679 163 158.352 1.07595 8.13508 0.120452 -0.118747 0.616915 0.635828
ENSG00000249715.5 2 97308474 97308474 + 8 0 2_internal_20932 2 97281372 97406659 163 184.776 0.937219 8.71602 0.00156157 0.231769 0.00995025 0.00921135
ENSG00000114982.13 2 97308524 97308524 - 8 0 2_internal_20932 2 97281372 97406659 163 159.673 0.993314 7.30546 0.00121018 0.246009 0.00995025 0.0102214
ENSG00000114988.7 2 97405801 97405801 - 8 0 2_internal_20932 2 97281372 97406659 163 157.158 0.973712 8.4205 0.000635957 0.254847 0.0199005 0.00770434
ENSG00000158158.7 2 97426639 97426639 + 8 -538131 2_internal_17472 2 96880157 96888508 163 162.443 0.988193 8.33783 0.00310918 0.229734 0.0199005 0.0273106
ENSG00000168763.11 2 97481982 97481982 + 8 -593474 2_internal_17472 2 96880157 96888508 163 158.097 0.994532 7.35302 0.122898 0.11659 0.626866 0.639074
ENSG00000163126.10 2 97523671 97523671 - 8 635163 2_internal_17472 2 96880157 96888508 163 169.829 0.997316 7.6143 0.0742873 0.137082 0.427861 0.418513
ENSG00000213337.4 2 97523832 97523832 - 9 753153 2_internal_14848 2 96748299 96770679 163 173.092 1.12592 10.212 0.156674 0.112579 0.771144 0.760103
ENSG00000168758.6 2 97536494 97536494 - 10 710676 2_internal_18287 2 96808174 96825818 163 153.815 1.04251 8.96287 0.0126634 0.181919 0.0995025 0.1177
ENSG00000135976.12 2 97779233 97779233 + 11 -446151 2_internal_17047 2 97319844 97333082 163 171.437 0.886878 10.436 0.0768847 -0.141009 0.572139 0.582268
ENSG00000196912.8 2 98206428 98206428 - 11 -855483 2_internal_15307 2 99061911 99135497 163 146.159 1.05861 10.4216 0.0315506 -0.166659 0.363184 0.332323
ENSG00000135940.2 2 98262503 98262503 + 11 261172 2_internal_15366 2 98523675 98554170 163 164.56 0.995369 10.3685 0.0496094 0.158102 0.402985 0.405171
ENSG00000115073.5 2 98280570 98280570 - 12 -876200 2_internal_17972 2 99156770 99158745 163 170.354 0.983499 11.4486 0.00421758 -0.217183 0.0248756 0.0410592
ENSG00000228486.3 2 98280680 98280680 + 12 983079 2_internal_19328 2 99263759 99355959 163 165.085 0.981186 12.4806 0.162507 0.109343 0.890547 0.889652
ENSG00000115085.9 2 98330023 98330023 + 12 969765 2_internal_14856 2 99299788 99427116 163 159.498 1.00965 10.963 0.0622924 -0.147569 0.537313 0.517921
ENSG00000235734.3 2 98443711 98443711 + 12 150948 2_internal_14956 2 98594659 98611980 163 158.766 0.939946 10.7897 0.00132451 0.24223 0.0248756 0.0214568
ENSG00000238719.1 2 98529580 98529580 - 12 -65079 2_internal_14956 2 98594659 98611980 163 159.052 1.08439 12.0105 0.0025967 0.234 0.0149254 0.0252102
ENSG00000075568.12 2 98612388 98612388 - 11 408 2_internal_14956 2 98594659 98611980 163 143.246 1.05898 10.5367 1.49393e-09 0.44911 0.00497512 5.97745e-08
ENSG00000168658.14 2 98703579 98703579 + 12 0 2_internal_21720 2 98582502 98807090 163 164.194 0.976913 11.5217 0.00356885 0.229111 0.0597015 0.0424107
ENSG00000040933.10 2 99061317 99061317 + 13 0 2_internal_13739 2 99060679 99135848 163 166.406 0.95789 12.5219 0.00267221 0.241816 0.0447761 0.0350411
ENSG00000183513.4 2 99224978 99224978 - 14 89130 2_internal_13739 2 99060679 99135848 163 160.039 1.00927 13.7324 0.0012666 0.251614 0.0348259 0.0183478
ENSG00000115446.7 2 99225042 99225042 + 14 -89194 2_internal_13739 2 99060679 99135848 163 154.181 1.04564 12.3149 0.0265285 0.172562 0.333333 0.300724
ENSG00000236564.1 2 99310572 99310572 + 14 371097 2_internal_20072 2 99681669 99754172 163 159.785 1.10693 15.3843 0.0428019 -0.157202 0.467662 0.457756
ENSG00000071073.6 2 99347589 99347589 - 15 0 2_internal_14856 2 99299788 99427116 163 143.421 1.10614 12.2604 0.000765037 0.260157 0.00995025 0.0122545
ENSG00000196872.6 2 99552722 99552722 - 15 125606 2_internal_14856 2 99299788 99427116 163 160.549 0.93067 13.6999 0.00791489 0.204921 0.144279 0.130296
ENSG00000241962.4 2 99757948 99757948 + 14 -3776 2_internal_20072 2 99681669 99754172 163 163.732 0.927891 12.0233 0.090993 -0.133427 0.706468 0.707214
ENSG00000144182.12 2 99771418 99771418 + 14 -17246 2_internal_20072 2 99681669 99754172 163 165.817 0.957748 14.922 1.1641e-06 0.374341 0.00497512 2.28726e-05
ENSG00000135951.10 2 99771427 99771427 - 14 17255 2_internal_20072 2 99681669 99754172 163 139.903 0.999962 10.9094 5.33291e-12 0.521256 0.00497512 1.84001e-09
ENSG00000185414.14 2 99771461 99771461 + 14 -17289 2_internal_20072 2 99681669 99754172 163 164.958 1.03083 14.2133 0.0546141 -0.152068 0.517413 0.525934
ENSG00000158411.6 2 99797521 99797521 - 14 -544697 2_internal_15314 2 100342218 100405620 163 175.798 1.03093 15.4814 0.00552022 -0.214997 0.0547264 0.053807
ENSG00000144214.5 2 99921205 99921205 - 15 167033 2_internal_20072 2 99681669 99754172 163 164.735 1.034 15.0219 0.0824938 -0.136457 0.711443 0.706001
ENSG00000158417.5 2 99953816 99953816 + 15 844949 2_internal_17905 2 100798765 100832057 163 134.077 1.11209 12.7231 0.00654368 0.215159 0.134328 0.125657
ENSG00000115514.7 2 99957165 99957165 - 15 821668 2_internal_15307 2 99061911 99135497 163 138.661 1.07956 11.7621 0.0167145 -0.190351 0.233831 0.244874
ENSG00000135945.5 2 100106497 100106497 - 16 -692268 2_internal_17905 2 100798765 100832057 163 155.025 0.952157 13.6352 0.0538876 -0.15023 0.58209 0.592307
ENSG00000115539.9 2 101179152 101179152 + 14 0 2_internal_21131 2 101036132 101262402 163 146.652 1.07657 12.4363 0.12118 -0.121274 0.845771 0.832512
ENSG00000071082.5 2 101618177 101618177 + 21 955452 2_internal_13994 2 102573629 102590919 163 169.845 1.08761 25.4356 0.134448 0.11769 0.960199 0.9621
ENSG00000158435.3 2 101869264 101869264 + 23 874850 2_internal_17098 2 102744114 102773219 163 170.545 0.95918 22.4905 0.0321456 -0.165367 0.497512 0.496688
ENSG00000204634.8 2 101869328 101869328 - 23 71288 2_internal_14305 2 101782915 101798040 163 159.609 0.953647 19.3906 0.00308314 0.229456 0.0746269 0.0740131
ENSG00000212283.1 2 101889511 101889511 - 24 34787 2_internal_16526 2 101821537 101854724 163 165.006 0.923723 21.5834 0.0276661 -0.170993 0.442786 0.48051
ENSG00000163162.4 2 101925163 101925163 - 25 70439 2_internal_16526 2 101821537 101854724 163 193.801 0.878996 30.1746 0.0222237 -0.179511 0.353234 0.379031
ENSG00000264857.1 2 101925912 101925912 + 25 389133 2_internal_14730 2 102315045 102448666 163 170.259 0.868523 26.2585 0.0294259 0.172476 0.522388 0.564306
ENSG00000175874.4 2 102004057 102004057 - 27 -310988 2_internal_14730 2 102315045 102448666 163 149.995 0.997998 19.7772 0.0391437 0.159559 0.626866 0.621924
ENSG00000071054.10 2 102313312 102313312 + 25 581388 2_internal_20064 2 102894700 102913312 163 176.132 1.02665 28.5807 0.0245589 -0.171493 0.393035 0.41626
ENSG00000233404.2 2 102508955 102508955 + 26 385745 2_internal_20064 2 102894700 102913312 163 189.758 0.907796 30.6178 0.00660888 -0.209224 0.114428 0.125937
ENSG00000115590.9 2 102608306 102608306 + 26 0 2_internal_16043 2 102602902 102654851 163 149.008 1.01581 18.5695 7.0965e-05 0.317315 0.00497512 0.00244697
ENSG00000115594.7 2 102681004 102681004 + 26 -26153 2_internal_16043 2 102602902 102654851 163 155.009 0.981838 23.0081 0.00104161 0.25353 0.0248756 0.0336984
ENSG00000226925.1 2 102798568 102798568 - 24 143717 2_internal_16043 2 102602902 102654851 163 147.13 1.02841 17.3673 0.00945621 0.199442 0.189055 0.201827
ENSG00000115598.5 2 102803433 102803433 + 24 -132361 2_internal_16837 2 102572887 102671072 163 152.462 1.13827 22.406 0.0393486 0.157451 0.606965 0.59794
ENSG00000115602.12 2 102927962 102927962 + 21 -14650 2_internal_20064 2 102894700 102913312 163 134.173 1.15631 15.422 0.0151968 0.190302 0.303483 0.283097
ENSG00000115604.6 2 102927989 102927989 + 21 -337070 2_internal_13994 2 102573629 102590919 163 130.145 1.03462 14.1468 0.00631292 0.206164 0.179104 0.176392
ENSG00000236785.1 2 103027703 103027703 + 21 -436784 2_internal_13994 2 102573629 102590919 163 182.834 0.921311 25.9342 0.0439184 0.15608 0.58209 0.614975
ENSG00000115607.5 2 103035149 103035149 + 21 -262597 2_internal_14058 2 102758585 102772552 163 186.065 1.05824 27.2246 0.0455365 -0.157782 0.567164 0.568722
ENSG00000264764.1 2 103048749 103048749 + 21 -203464 2_internal_13867 2 102641336 102845285 163 148.881 1.01948 19.6818 0.0286183 0.168699 0.552239 0.509709
ENSG00000236525.1 2 103050417 103050417 + 21 -277865 2_internal_14058 2 102758585 102772552 163 153.672 1.07797 17.7544 0.0405665 -0.161896 0.567164 0.538078
ENSG00000234389.1 2 103055173 103055173 + 21 -282621 2_internal_14058 2 102758585 102772552 163 152.478 1.03554 18.1499 0.046189 -0.157717 0.646766 0.618913
ENSG00000115616.2 2 103236166 103236166 + 20 105390 2_internal_16258 2 103341556 103407317 163 172.057 0.981747 20.6573 2.42074e-21 0.632634 0.00497512 9.42423e-21
ENSG00000135953.6 2 103353347 103353347 - 19 0 2_internal_16258 2 103341556 103407317 163 146.827 1.03046 14.6678 2.1704e-25 0.666243 0.00497512 1.65594e-22
ENSG00000170417.10 2 103353367 103353367 + 19 0 2_internal_16258 2 103341556 103407317 163 138.518 1.05883 13.3994 8.22187e-25 0.681579 0.00497512 2.40765e-21
ENSG00000135972.4 2 105654441 105654441 + 10 -163970 2_internal_16563 2 105480162 105490471 163 166.613 1.05801 12.0963 0.0422368 -0.162074 0.358209 0.362801
ENSG00000268809.1 2 105882585 105882585 - 10 -46355 2_internal_15036 2 105928940 105947748 163 195.696 0.908317 10.8526 0.0221504 0.182821 0.154229 0.155089
ENSG00000235319.1 2 105940667 105940667 + 11 990182 2_internal_14908 2 106930849 106971266 163 165.642 1.10589 11.4609 0.113627 -0.127904 0.736318 0.703272
ENSG00000135966.8 2 105946491 105946491 - 11 484448 2_internal_17451 2 105050752 105462043 163 159.721 1.02109 10.7485 0.017576 0.191921 0.19403 0.176421
ENSG00000135974.5 2 105953816 105953816 + 11 -6068 2_internal_15036 2 105928940 105947748 163 153.624 0.973912 9.89093 0.071736 0.137695 0.587065 0.575476
ENSG00000115641.13 2 106054960 106054960 - 11 564489 2_internal_16563 2 105480162 105490471 163 161.615 0.994077 10.39 0.0331201 -0.169237 0.328358 0.303675
ENSG00000071051.9 2 106361354 106361354 + 10 0 2_internal_16947 2 106353831 106496781 163 172.805 0.974464 10.2843 0.00141774 0.239775 0.0149254 0.0118027
ENSG00000235522.2 2 106473633 106473633 - 7 0 2_internal_16947 2 106353831 106496781 163 159.832 0.944016 6.12055 0.000174144 0.280354 0.00497512 0.00182722
ENSG00000115652.10 2 106810795 106810795 - 5 863047 2_internal_15036 2 105928940 105947748 163 152.574 0.999979 4.99995 0.0145216 0.187294 0.0945274 0.0871005
ENSG00000153165.13 2 107084832 107084832 - 3 113566 2_internal_14908 2 106930849 106971266 163 137.611 0.999972 2.60958 0.476659 0.0578544 0.860697 0.847278
ENSG00000198075.5 2 108994367 108994367 + 7 875781 2_internal_15973 2 109870148 109892566 163 173.745 1.01651 7.72594 0.0408027 -0.157988 0.243781 0.231913
ENSG00000135968.14 2 109065017 109065017 + 7 579191 2_internal_14842 2 109644208 109664109 163 169.049 1.0671 7.39612 0.0166389 0.188087 0.079602 0.0872736
ENSG00000214184.3 2 109150652 109150652 - 7 -719496 2_internal_15973 2 109870148 109892566 163 160.931 0.975101 6.13637 0.0464016 0.153662 0.258706 0.270415
ENSG00000169756.12 2 109150857 109150857 + 7 49505 2_internal_14463 2 109200362 109269985 163 172.232 0.825034 6.33623 0.206515 0.0987586 0.781095 0.800687
ENSG00000228763.1 2 109295057 109295057 - 7 12264 2_internal_20796 2 109224989 109282793 163 191.127 0.945616 8.47092 0.0846291 0.13693 0.452736 0.443741
ENSG00000153201.10 2 109335937 109335937 + 8 -53144 2_internal_20796 2 109224989 109282793 163 176.53 0.978246 8.90761 0.105643 0.127059 0.59204 0.586958
ENSG00000163006.6 2 109403213 109403213 + 8 240995 2_internal_14842 2 109644208 109664109 163 160.533 0.999457 8.00828 0.00774132 0.199311 0.0696517 0.0640784
ENSG00000259863.1 2 109745386 109745386 - 8 81277 2_internal_14842 2 109644208 109664109 163 209.544 0.938742 10.7342 8.58091e-05 0.312498 0.00497512 0.000163123
ENSG00000172985.8 2 109745804 109745804 + 8 124344 2_internal_15973 2 109870148 109892566 163 178.488 1.01297 8.08288 1.29672e-09 0.45892 0.00497512 1.33024e-09
ENSG00000264934.1 2 109758044 109758044 - 8 -112104 2_internal_15973 2 109870148 109892566 163 188.31 0.96329 10.0524 5.33469e-05 0.312728 0.00497512 0.000197619
ENSG00000228551.1 2 109867878 109867878 + 8 2270 2_internal_15973 2 109870148 109892566 163 203.83 0.849463 9.30154 0.000292851 0.276925 0.00995025 0.00157674
ENSG00000169679.10 2 111435691 111435691 - 16 -938941 2_internal_13730 2 112374632 112385314 163 136.863 1.07774 12.4254 0.0823817 -0.140021 0.766169 0.74548
ENSG00000153093.14 2 111490150 111490150 + 17 288375 2_internal_14371 2 111778525 111791892 163 183.2 0.887018 18.7619 0.00164214 0.227795 0.039801 0.0261398
ENSG00000236330.1 2 111725411 111725411 + 18 -89676 2_internal_13102 2 111620941 111635735 163 164.178 0.910592 16.609 0.0291188 -0.1651 0.40796 0.426292
ENSG00000204581.2 2 111873165 111873165 - 19 81273 2_internal_14371 2 111778525 111791892 163 167.807 0.941446 17.8462 0.0508856 0.14951 0.621891 0.607424
ENSG00000153094.16 2 111876955 111876955 + 19 291734 2_internal_18582 2 112168689 112191291 163 144.965 1.01923 14.4875 0.000619531 0.269674 0.0149254 0.0164873
ENSG00000230499.1 2 111953540 111953540 + 20 25483 2_internal_16492 2 111979023 111996425 163 172.471 1.00606 21.9165 0.00239546 0.234522 0.0447761 0.0376066
ENSG00000227992.1 2 111963792 111963792 - 20 -15231 2_internal_16492 2 111979023 111996425 163 145.984 0.947562 14.3489 0.00106848 0.253994 0.0497512 0.0341944
ENSG00000233488.2 2 111996624 111996624 - 19 199 2_internal_16492 2 111979023 111996425 163 181.21 0.943687 21.4704 4.08641e-05 0.313538 0.00497512 0.000522775
ENSG00000226928.1 2 112053623 112053623 - 19 -112646 2_internal_18471 2 112166269 112187246 163 146.875 1.07446 15.6768 0.00383341 0.230988 0.0646766 0.0738906
ENSG00000266139.1 2 112078668 112078668 - 19 -90021 2_internal_18582 2 112168689 112191291 163 160.501 0.959334 19.4268 0.034328 0.158606 0.517413 0.526341
ENSG00000223973.1 2 112141329 112141329 + 19 -505594 2_internal_13102 2 111620941 111635735 163 154.85 1.03339 17.4596 0.00197263 0.240332 0.039801 0.0389663
ENSG00000240350.1 2 112248850 112248850 + 19 -16185 2_internal_17186 2 112223230 112232665 163 177.756 0.855353 21.0363 0.00150017 0.253306 0.0497512 0.0355519
ENSG00000224959.1 2 112252388 112252388 - 19 61097 2_internal_18582 2 112168689 112191291 163 145.92 1.14549 16.4744 0.00627838 0.21376 0.0845771 0.106463
ENSG00000172965.6 2 112252677 112252677 - 19 61386 2_internal_18582 2 112168689 112191291 163 167.186 1.02745 20.186 6.79211e-06 0.349987 0.00497512 8.02661e-05
ENSG00000153107.7 2 112642267 112642267 - 23 182750 2_internal_14602 2 112436236 112459517 163 188.676 0.931445 25.0143 0.0294095 0.17051 0.41791 0.416621
ENSG00000153208.12 2 112656056 112656056 + 23 0 2_internal_15430 2 112653584 112792266 163 147.289 1.16805 21.0482 6.01738e-13 0.529758 0.00497512 3.42458e-12
ENSG00000153214.5 2 112812800 112812800 + 20 527010 2_internal_17372 2 113339810 113488610 163 147.814 0.99519 14.8884 0.0114674 0.190535 0.20398 0.216373
ENSG00000144161.7 2 113012713 113012713 - 19 114434 2_internal_15696 2 112894912 112898279 163 151.778 1.01423 14.4894 0.0251818 0.17449 0.358209 0.35755
