ENSG00000201221.1 20 34475581 34475581 + 7 222980 20_internal_5812 20 34698561 34705933 163 158.877 0.938074 5.71542 0.108989 0.124138 0.507463 0.526623
ENSG00000207053.1 20 34516597 34516597 - 7 150009 20_internal_5544 20 34330610 34366588 163 156.171 1.04349 7.09913 0.256821 -0.0859654 0.885572 0.882269
ENSG00000171222.6 20 34547394 34547394 - 9 -17550 20_internal_6511 20 34564944 34581260 163 170.848 1.00104 9.21377 0.00101885 0.255471 0.00497512 0.00702573
ENSG00000149646.7 20 34556512 34556512 + 9 705249 20_internal_5399 20 35261761 35271816 163 174.652 0.98907 11.3606 0.115362 0.11848 0.721393 0.713465
ENSG00000260032.1 20 34638882 34638882 - 9 57622 20_internal_6511 20 34564944 34581260 163 157.285 1.06684 9.16759 0.00502142 0.218012 0.0348259 0.0419581
ENSG00000131043.7 20 34824381 34824381 + 10 722957 20_internal_5746 20 35547338 35640210 163 159.816 0.95189 11.0051 0.00257694 -0.225016 0.0547264 0.0370687
ENSG00000080845.13 20 34894258 34894258 + 10 367503 20_internal_5399 20 35261761 35271816 163 168.333 1.14208 12.3621 0.117504 -0.121914 0.736318 0.72325
ENSG00000259729.1 20 35154533 35154533 - 14 573273 20_internal_6511 20 34564944 34581260 163 192.05 0.938774 19.9074 0.147679 -0.113243 0.910448 0.922893
ENSG00000232907.2 20 35201794 35201794 - 14 835206 20_internal_5544 20 34330610 34366588 163 154.961 1.05309 12.3775 0.0544826 0.149893 0.547264 0.515931
ENSG00000118707.4 20 35201891 35201891 + 14 -495958 20_internal_5812 20 34698561 34705933 163 156.283 0.970995 13.3177 0.0086092 -0.206747 0.134328 0.135653
ENSG00000259399.1 20 35202956 35202956 + 14 58805 20_internal_5399 20 35261761 35271816 163 134.364 1.15019 10.5386 0.0423934 0.160593 0.467662 0.442722
ENSG00000101084.12 20 35234137 35234137 + 14 27624 20_internal_5399 20 35261761 35271816 163 151.062 1.11138 13.2958 0.0372483 0.165586 0.39801 0.406167
ENSG00000227688.2 20 35248806 35248806 + 14 466836 20_internal_5264 20 35715642 35721004 163 163.302 0.915144 12.3525 0.00703843 0.210314 0.119403 0.105458
ENSG00000101082.9 20 35274619 35274619 - 14 2803 20_internal_5399 20 35261761 35271816 163 185.142 0.908941 16.2723 0.0889568 0.134616 0.731343 0.726585
ENSG00000202255.1 20 35297073 35297073 - 14 -418569 20_internal_5264 20 35715642 35721004 163 159.721 1.00127 12.6533 0.0460688 0.160234 0.462687 0.465037
ENSG00000101079.16 20 35374481 35374481 - 13 -172857 20_internal_5746 20 35547338 35640210 163 165.515 0.941704 11.4988 0.0118455 -0.198594 0.144279 0.140174
ENSG00000149636.10 20 35402230 35402230 - 13 -540933 20_internal_6208 20 35943163 36013980 163 182.643 0.950255 13.8243 0.00510377 -0.213562 0.0547264 0.0490084
ENSG00000149639.9 20 35492089 35492089 - 12 19299 20_internal_5219 20 35463722 35472790 163 161.376 0.989135 11.0141 0.0152612 0.184787 0.189055 0.164525
ENSG00000101342.4 20 35504534 35504534 + 12 42804 20_internal_5746 20 35547338 35640210 163 163.398 1.00107 10.4874 6.59568e-06 0.348705 0.00497512 6.66805e-05
ENSG00000101347.7 20 35580246 35580246 - 12 0 20_internal_5746 20 35547338 35640210 163 166.168 0.896683 11.0902 8.03852e-06 0.345278 0.00497512 0.000201874
ENSG00000080839.7 20 35724398 35724398 - 10 -211758 20_internal_5729 20 35936156 35996053 163 158.177 0.889619 8.45127 0.0584108 0.148922 0.427861 0.473638
ENSG00000118705.12 20 35806813 35806813 + 12 -166603 20_internal_5746 20 35547338 35640210 163 163.509 1.05304 13.0317 0.0210129 -0.178114 0.223881 0.218284
ENSG00000101353.10 20 35807991 35807991 - 12 -128165 20_internal_5729 20 35936156 35996053 163 160.389 0.956258 10.0731 0.0820163 -0.13366 0.597015 0.608301
ENSG00000101363.8 20 35918041 35918041 + 14 0 20_internal_4872 20 35897646 35967069 163 184.935 0.943533 16.2573 0.000236527 0.284897 0.00995025 0.00215397
ENSG00000197122.7 20 35973088 35973088 + 14 0 20_internal_6208 20 35943163 36013980 163 160.565 1.07157 12.1553 4.0341e-07 0.382988 0.00497512 2.4593e-06
ENSG00000235167.1 20 36137633 36137633 - 14 -682084 20_internal_5512 20 36819717 36835940 163 173.522 0.950963 12.3567 0.0226178 0.178982 0.243781 0.227714
ENSG00000053438.7 20 36149617 36149617 + 14 -509407 20_internal_5746 20 35547338 35640210 163 192.13 0.909556 14.3337 0.0207927 0.177982 0.18408 0.194062
ENSG00000166619.7 20 36156333 36156333 - 14 142353 20_internal_6208 20 35943163 36013980 163 163.159 0.931019 11.3232 0.0468594 0.156426 0.452736 0.452307
ENSG00000132792.14 20 36322408 36322408 + 13 497309 20_internal_5512 20 36819717 36835940 163 174.095 0.900692 11.6436 0.0378776 0.15664 0.383085 0.362394
ENSG00000199683.1 20 36603883 36603883 - 12 607830 20_internal_5729 20 35936156 35996053 163 179.013 0.901581 15.2273 0.14513 -0.112609 0.905473 0.892241
ENSG00000101407.8 20 36661870 36661870 - 11 -79948 20_internal_7069 20 36741818 36840515 163 177.04 0.93968 11.4576 0.00106218 0.24682 0.0248756 0.0101211
ENSG00000101413.7 20 36661948 36661948 + 11 79870 20_internal_7069 20 36741818 36840515 163 153.624 1.04342 10.2646 0.0593647 0.149609 0.512438 0.490405
ENSG00000252791.1 20 36681148 36681148 - 11 -670312 20_internal_5868 20 37351460 37523035 163 166.359 0.930758 10.1872 0.0294809 0.172647 0.298507 0.280951
ENSG00000101425.8 20 36888551 36888551 + 9 0 20_internal_6975 20 36850759 36937353 163 156.235 1.03758 8.43147 0.0184177 0.190794 0.159204 0.151336
ENSG00000206249.3 20 36954938 36954938 - 9 17585 20_internal_6975 20 36850759 36937353 163 176.976 0.917927 9.2417 0.146928 0.119273 0.756219 0.754106
ENSG00000224635.1 20 37045444 37045444 - 5 209504 20_internal_5512 20 36819717 36835940 163 166.263 1.00003 5.16826 0.493515 -0.0539147 0.975124 0.968944
ENSG00000199452.1 20 37050421 37050421 - 5 214481 20_internal_5512 20 36819717 36835940 163 192.353 1.00194 6.10075 0.496229 0.0527603 0.970149 0.976535
ENSG00000235408.1 20 37053978 37053978 - 5 116625 20_internal_6975 20 36850759 36937353 163 152.59 1.00005 4.38388 0.0181991 0.187192 0.079602 0.0942592
ENSG00000201416.1 20 37053979 37053979 - 5 116626 20_internal_6975 20 36850759 36937353 163 154.595 0.999996 4.63756 0.018687 0.185714 0.124378 0.0980911
ENSG00000201599.1 20 37056085 37056085 - 5 215570 20_internal_7069 20 36741818 36840515 163 161.217 1.00002 5.08278 0.0605974 0.147912 0.238806 0.277807
ENSG00000225091.1 20 37056086 37056086 - 5 215571 20_internal_7069 20 36741818 36840515 163 183.662 0.999973 5.64751 0.0621136 0.1471 0.273632 0.240963
ENSG00000201512.1 20 37058446 37058446 - 5 217931 20_internal_7069 20 36741818 36840515 163 179.714 1.02115 6.1128 0.0241969 0.174342 0.114428 0.0991352
ENSG00000200354.1 20 37062641 37062641 - 5 222126 20_internal_7069 20 36741818 36840515 163 141.654 0.999993 3.96607 0.05676 0.15239 0.248756 0.268469
ENSG00000196756.6 20 37063996 37063996 - 5 -287464 20_internal_5868 20 37351460 37523035 163 150.329 1.00006 4.30413 0.427666 -0.0618238 0.930348 0.92145
ENSG00000174365.14 20 37075221 37075221 + 5 -239281 20_internal_5512 20 36819717 36835940 163 149.104 1.00006 4.38376 0.00191812 -0.242131 0.0298507 0.0131121
ENSG00000199266.1 20 37078013 37078013 + 5 -237498 20_internal_7069 20 36741818 36840515 163 156.728 0.999966 4.22919 0.29926 0.0809669 0.766169 0.790251
ENSG00000170471.10 20 37101459 37101459 + 5 -265519 20_internal_5512 20 36819717 36835940 163 155.55 1.00003 4.8158 0.0675953 -0.147246 0.323383 0.310177
ENSG00000263473.1 20 37145206 37145206 + 5 -317979 20_internal_4985 20 36779981 36827227 163 162.666 1.00005 4.61193 0.267569 0.0875214 0.746269 0.762867
ENSG00000231307.1 20 37166401 37166401 + 5 -229048 20_internal_6975 20 36850759 36937353 163 168.81 0.999972 5.41995 0.0803047 -0.136286 0.338308 0.344985
ENSG00000101442.8 20 37377085 37377085 + 5 0 20_internal_5868 20 37351460 37523035 163 205.119 0.895646 6.32924 0.00168244 0.236777 0.0199005 0.00513742
ENSG00000199691.1 20 37390171 37390171 + 5 -554231 20_internal_5512 20 36819717 36835940 163 150.17 1.00005 4.33761 0.0170164 -0.176321 0.0845771 0.0920075
ENSG00000101445.4 20 37434348 37434348 + 5 -593833 20_internal_7069 20 36741818 36840515 163 171.198 0.977516 5.40742 0.0457905 0.154906 0.21393 0.209732
ENSG00000101452.9 20 37590942 37590942 + 5 -750427 20_internal_7069 20 36741818 36840515 163 160.135 1.00005 4.57501 0.00390903 0.231406 0.0298507 0.0192401
ENSG00000223864.1 20 37607065 37607065 - 5 771125 20_internal_5512 20 36819717 36835940 163 167.505 1.00413 5.93377 0.235825 -0.0938391 0.79602 0.78585
ENSG00000204103.2 20 39317880 39317880 - 8 180420 20_internal_4839 20 38950472 39137460 163 166.502 1.01131 8.01386 2.21208e-05 0.320703 0.00497512 0.000130307
ENSG00000198900.5 20 39657458 39657458 + 8 -24384 20_internal_5117 20 39619132 39633074 163 170.195 1.01964 7.99319 0.0167718 0.185737 0.109453 0.10498
ENSG00000124181.8 20 39765600 39765600 + 8 -193492 20_internal_6044 20 39320863 39572108 163 161.599 1.10984 8.66893 0.000170665 0.293041 0.00497512 0.00074361
ENSG00000226648.1 20 39766643 39766643 - 8 625842 20_internal_4702 20 38967364 39140801 163 175.782 0.944353 8.61881 0.041807 0.157933 0.323383 0.286066
ENSG00000263989.1 20 39919217 39919217 - 8 781757 20_internal_4839 20 38950472 39137460 163 148.164 1.1496 8.32254 0.124091 -0.124381 0.686567 0.669925
ENSG00000174306.16 20 39946312 39946312 - 8 372870 20_internal_7213 20 39325958 39573442 163 189.153 0.962598 9.25414 0.112407 0.128487 0.577114 0.58675
ENSG00000124177.10 20 40247133 40247133 - 7 24124 20_internal_5561 20 40181359 40223009 163 176.912 0.911005 6.42632 1.78811e-10 0.481258 0.00497512 1.45846e-09
ENSG00000240639.2 20 41850846 41850846 + 5 -622850 20_internal_5026 20 41112040 41227996 163 176.292 0.999972 4.42651 0.22323 -0.0908621 0.616915 0.638235
ENSG00000124193.9 20 42086568 42086568 + 6 78649 20_internal_6727 20 42165217 42213419 163 176.339 1.00004 5.49394 0.0768433 0.139687 0.318408 0.311547
ENSG00000185513.9 20 42136320 42136320 + 6 28897 20_internal_6727 20 42165217 42213419 163 166.375 1.00493 6.29538 0.00258194 0.230281 0.0199005 0.0142479
ENSG00000226143.1 20 42179589 42179589 - 6 0 20_internal_6727 20 42165217 42213419 163 154.468 0.999964 5.10274 0.0171221 0.183675 0.0995025 0.0993995
ENSG00000101052.8 20 42219571 42219571 + 6 333500 20_internal_5188 20 42553071 42594469 163 177.629 1.07416 6.85703 0.0191421 -0.184596 0.079602 0.0777255
ENSG00000101057.11 20 42295754 42295754 + 7 -82335 20_internal_6727 20 42165217 42213419 163 178.377 0.868736 6.82372 0.00878326 0.198476 0.079602 0.0649208
ENSG00000124191.12 20 42543492 42543492 + 8 149796 20_internal_6049 20 42693288 42709979 163 160.676 0.942234 8.13554 0.000199966 0.291015 0.00497512 0.002654
ENSG00000132823.6 20 42839431 42839431 - 8 456852 20_internal_6446 20 42349647 42382579 163 151.635 1.07693 7.83165 0.0802947 -0.136692 0.507463 0.494613
ENSG00000223891.1 20 42839600 42839600 + 8 385838 20_internal_5404 20 43225438 43231211 163 165.101 0.96487 7.79453 0.149428 -0.107821 0.726368 0.722444
ENSG00000197296.5 20 42939809 42939809 - 8 -352598 20_internal_5625 20 43292407 43302005 163 158.909 1.03591 7.76539 0.167705 -0.104994 0.766169 0.760615
ENSG00000124120.6 20 43104526 43104526 + 9 120912 20_internal_5404 20 43225438 43231211 163 164.258 0.914292 8.01168 0.0722148 0.141029 0.472637 0.487804
ENSG00000132824.9 20 43150750 43150750 - 9 937331 20_internal_6727 20 42165217 42213419 163 159.1 1.06704 9.43039 0.248726 -0.0880784 0.950249 0.929805
ENSG00000263911.1 20 43509775 43509775 - 8 -462278 20_internal_5029 20 43972053 43977510 163 168.364 1.07299 8.69806 0.149843 0.11513 0.736318 0.714966
ENSG00000166913.8 20 43514317 43514317 + 8 -429738 20_internal_5693 20 43071124 43084579 163 152.224 1.03029 7.12176 0.118967 -0.120022 0.631841 0.622656
ENSG00000101104.8 20 43538703 43538703 + 9 -944234 20_internal_5188 20 42553071 42594469 163 144.79 0.9233 6.89131 0.00423832 0.208267 0.0646766 0.0615453
ENSG00000025772.7 20 43589127 43589127 - 9 0 20_internal_5473 20 43512153 43591600 163 188.517 1.05604 11.5562 0.0432318 0.152357 0.308458 0.269624
ENSG00000227477.1 20 43595043 43595043 - 8 363832 20_internal_5404 20 43225438 43231211 163 182.324 0.960074 9.51925 0.264122 0.0889541 0.950249 0.929352
ENSG00000101109.7 20 43595115 43595115 + 8 -293110 20_internal_5625 20 43292407 43302005 163 156.187 0.969915 6.8034 0.276453 0.0860867 0.885572 0.904356
ENSG00000252021.1 20 43632989 43632989 + 8 -41389 20_internal_5473 20 43512153 43591600 163 179.236 0.922457 7.48986 0.0200161 -0.174815 0.134328 0.128189
ENSG00000124134.4 20 43729753 43729753 - 7 -808004 20_internal_6162 20 44537757 44549784 163 161.456 1.03928 6.60359 0.265708 -0.0866985 0.875622 0.864942
ENSG00000175121.7 20 43743813 43743813 - 8 152213 20_internal_5473 20 43512153 43591600 163 199.006 0.828914 9.4904 0.0799661 -0.13442 0.457711 0.490118
ENSG00000168703.5 20 43753106 43753106 - 8 -784651 20_internal_6162 20 44537757 44549784 163 178.409 0.906858 8.26127 0.0789601 0.136457 0.457711 0.476786
ENSG00000124102.4 20 43803517 43803517 + 8 933102 20_internal_5269 20 44736619 44750824 163 148.005 0.999645 6.5502 0.156382 -0.109595 0.716418 0.720733
ENSG00000124233.10 20 43835638 43835638 + 9 623155 20_internal_7440 20 44458793 44600420 163 177.517 0.905926 8.28732 0.015762 0.187845 0.159204 0.120072
ENSG00000124107.5 20 43883205 43883205 - 9 -88848 20_internal_5029 20 43972053 43977510 163 157.063 1.01397 8.46932 0.401422 -0.0645163 0.985075 0.988239
ENSG00000204070.5 20 43990577 43990577 + 9 547180 20_internal_6162 20 44537757 44549784 163 177.82 0.881235 8.30382 0.0338283 0.169182 0.223881 0.251475
ENSG00000254806.1 20 43991840 43991840 + 9 -14330 20_internal_5029 20 43972053 43977510 163 198.577 0.868281 13.0898 0.0782928 0.139894 0.557214 0.566155
ENSG00000232880.1 20 44017345 44017345 - 9 786134 20_internal_5404 20 43225438 43231211 163 174.572 1.02013 10.8322 0.0678927 0.141182 0.472637 0.47191
ENSG00000244274.3 20 44034697 44034697 + 9 503060 20_internal_6162 20 44537757 44549784 163 173.474 0.987436 9.028 0.0917873 -0.130507 0.572139 0.543565
ENSG00000124251.6 20 44036529 44036529 - 9 805318 20_internal_5404 20 43225438 43231211 163 153.783 1.08867 10.3119 0.300629 -0.0831625 0.975124 0.97598
ENSG00000124155.11 20 44044707 44044707 + 9 -960128 20_internal_5693 20 43071124 43084579 163 151.157 1.08633 7.84885 0.000643467 -0.260239 0.00995025 0.00506875
ENSG00000269549.1 20 44074071 44074071 + 9 463686 20_internal_6162 20 44537757 44549784 163 152.844 1.01015 9.11962 0.0475438 0.157041 0.39801 0.398515
ENSG00000124116.14 20 44420571 44420571 - 7 -117186 20_internal_6162 20 44537757 44549784 163 164.512 1.07125 7.60018 0.0495717 -0.15933 0.303483 0.283799
ENSG00000101457.8 20 44420576 44420576 + 7 38217 20_internal_7440 20 44458793 44600420 163 179.602 0.93134 7.2625 0.0991038 -0.130916 0.462687 0.501324
ENSG00000175063.12 20 44441215 44441215 + 7 17578 20_internal_7440 20 44458793 44600420 163 172.344 0.984396 8.00383 0.00709259 -0.200486 0.0696517 0.0466112
ENSG00000124104.14 20 44462449 44462449 + 7 0 20_internal_7440 20 44458793 44600420 163 168.842 0.926244 6.04292 0.0128675 0.196125 0.0945274 0.0832753
ENSG00000101473.12 20 44486045 44486045 - 7 0 20_internal_7440 20 44458793 44600420 163 174.158 1.08981 7.41628 0.0808739 0.133961 0.39801 0.380661
ENSG00000132801.5 20 44486256 44486256 + 7 -894656 20_internal_5473 20 43512153 43591600 163 158.829 0.891453 5.99344 0.178437 0.102299 0.756219 0.74293
ENSG00000168612.4 20 44509866 44509866 + 7 662593 20_internal_5109 20 45172459 45182375 163 147.353 1.1404 6.33122 0.125785 -0.113715 0.597015 0.574606
ENSG00000149634.4 20 44516274 44516274 - 7 0 20_internal_7440 20 44458793 44600420 163 207.729 0.877984 8.6898 0.348684 0.0728165 0.970149 0.959361
ENSG00000064601.11 20 44519591 44519591 + 7 18166 20_internal_6162 20 44537757 44549784 163 161.313 0.991202 6.56964 0.0174122 0.183149 0.0945274 0.115026
ENSG00000124257.6 20 44519926 44519926 - 7 -17831 20_internal_6162 20 44537757 44549784 163 162.475 0.978086 7.04164 0.203044 0.0978723 0.80597 0.805034
ENSG00000100979.10 20 44540794 44540794 - 7 0 20_internal_6162 20 44537757 44549784 163 155.407 1.06665 6.39525 0.0298763 0.170999 0.159204 0.174324
ENSG00000100982.7 20 44563267 44563267 + 7 264176 20_internal_4989 20 44827443 44830196 163 141.638 1.11568 6.37214 0.27793 0.0824043 0.895522 0.890122
ENSG00000198026.6 20 44600833 44600833 - 6 -135786 20_internal_5269 20 44736619 44750824 163 144.471 1.06592 5.9139 0.246802 0.0872632 0.855721 0.83715
ENSG00000100985.7 20 44637547 44637547 + 6 -87763 20_internal_6162 20 44537757 44549784 163 178.472 1.02318 7.13734 0.0538353 -0.149937 0.273632 0.262657
ENSG00000124140.7 20 44650329 44650329 + 6 86290 20_internal_5269 20 44736619 44750824 163 180.796 1.00464 7.01036 0.00511434 0.222336 0.0199005 0.0217088
ENSG00000204044.5 20 44650712 44650712 - 6 50292 20_internal_7440 20 44458793 44600420 163 161.472 1.00766 5.4439 0.0598954 -0.145417 0.288557 0.287226
ENSG00000124160.7 20 44718591 44718591 - 7 -108852 20_internal_4989 20 44827443 44830196 163 160.326 1.1076 7.09681 0.225701 0.0977443 0.820896 0.817785
ENSG00000080189.10 20 44993043 44993043 - 7 -759336 20_internal_4983 20 45752379 45773635 163 165.563 0.96661 7.35706 0.0635716 -0.140029 0.378109 0.389031
ENSG00000062598.13 20 45061704 45061704 - 8 310880 20_internal_5269 20 44736619 44750824 163 185.858 0.984317 9.83178 0.050644 0.151028 0.368159 0.315864
ENSG00000172315.5 20 45318418 45318418 - 9 -722300 20_internal_5872 20 46040718 46094090 163 156.617 1.00456 8.58487 0.093165 -0.130276 0.59204 0.59268
ENSG00000267882.1 20 45947246 45947246 + 8 -173611 20_internal_4983 20 45752379 45773635 163 140.174 1.02679 6.41758 0.0604712 0.147325 0.41791 0.40919
ENSG00000231119.2 20 45981305 45981305 + 8 370237 20_internal_6974 20 46351542 46428479 163 150.664 0.976532 7.32383 0.0476413 -0.152842 0.348259 0.359975
ENSG00000101040.15 20 45985567 45985567 - 8 -615428 20_internal_5336 20 46600995 46636572 163 150.409 1.04958 6.92225 0.0858932 0.133039 0.502488 0.491799
ENSG00000124151.13 20 46130601 46130601 + 8 -36511 20_internal_5872 20 46040718 46094090 163 150.759 1.03248 6.72435 3.46787e-06 0.352697 0.00497512 3.90938e-05
ENSG00000229853.1 20 46260182 46260182 - 9 29799 20_internal_5491 20 46192009 46230383 163 148.785 1.0185 6.5347 0.000188607 0.293372 0.00497512 0.00209585
ENSG00000255438.2 20 46306645 46306645 + 10 44897 20_internal_6974 20 46351542 46428479 163 180.653 0.963236 10.5745 1.57369e-12 0.511941 0.00497512 2.93426e-12
ENSG00000196562.10 20 46415360 46415360 - 12 0 20_internal_6974 20 46351542 46428479 163 152.558 0.991063 9.67603 3.04351e-13 0.529762 0.00497512 2.10237e-11
ENSG00000251876.1 20 47355985 47355985 - 19 0 20_internal_4619 20 47318653 47443195 163 163.987 1.04926 18.7533 0.017655 0.184236 0.273632 0.257976
ENSG00000124126.9 20 47444420 47444420 - 17 1225 20_internal_4619 20 47318653 47443195 163 151.364 1.04852 15.6163 0.0011434 0.242718 0.039801 0.0218721
ENSG00000124198.8 20 47538427 47538427 + 18 0 20_internal_4669 20 47523184 47539547 163 159.816 1.08977 19.6088 0.0358602 0.164555 0.482587 0.488343
ENSG00000227431.1 20 47662581 47662581 - 20 -232572 20_internal_5827 20 47895153 47916007 163 164.178 1.08703 21.1382 0.0988113 -0.132101 0.840796 0.869128
ENSG00000124207.12 20 47662849 47662849 + 20 -234527 20_internal_5633 20 47331341 47428322 163 141.829 0.97643 13.5776 0.131883 -0.118208 0.910448 0.909893
ENSG00000226284.1 20 47751017 47751017 + 20 847236 20_internal_5430 20 48598253 48607449 163 153.099 0.924709 15.3957 0.0860918 -0.128558 0.820896 0.811483
ENSG00000124214.15 20 47804904 47804904 - 23 548732 20_internal_5393 20 47242441 47256172 163 163.35 1.02234 22.9646 0.0846192 0.131317 0.860697 0.862859
ENSG00000124228.10 20 47835884 47835884 + 24 91298 20_internal_4894 20 47927182 47943231 163 166.391 0.944618 22.2279 0.0343137 0.170731 0.542289 0.546503
ENSG00000177410.8 20 47894715 47894715 + 25 703538 20_internal_5430 20 48598253 48607449 163 153.943 0.9387 22.2528 0.0273854 -0.172113 0.527363 0.545108
ENSG00000124201.10 20 47894963 47894963 - 25 -32219 20_internal_4894 20 47927182 47943231 163 181.337 0.894881 24.0749 3.61127e-08 0.411603 0.00497512 8.09315e-07
ENSG00000209042.1 20 47895477 47895477 + 25 31705 20_internal_4894 20 47927182 47943231 163 166.868 0.948479 24.3225 0.00332971 0.232532 0.0845771 0.081727
ENSG00000222365.1 20 47896856 47896856 + 25 967195 20_internal_5707 20 48864051 48870016 163 135.796 1.17447 17.4059 0.00562032 0.20941 0.144279 0.126636
ENSG00000212304.1 20 47897220 47897220 + 25 29962 20_internal_4894 20 47927182 47943231 163 163.398 0.880254 23.7028 0.012947 0.191934 0.298507 0.320778
ENSG00000260124.1 20 47984296 47984296 - 25 41065 20_internal_4894 20 47927182 47943231 163 168.858 0.96208 26.3866 1.22248e-07 0.404261 0.00497512 3.2035e-06
ENSG00000158445.6 20 48099184 48099184 - 29 155953 20_internal_4894 20 47927182 47943231 163 151.714 1.01144 22.6262 2.06434e-13 0.540322 0.00497512 2.37533e-11
ENSG00000158470.5 20 48330415 48330415 - 27 0 20_internal_7441 20 48263993 48464501 163 169.319 0.960424 28.3007 0.00831481 0.205908 0.233831 0.199217
ENSG00000197818.7 20 48429250 48429250 + 26 0 20_internal_7441 20 48263993 48464501 163 172.599 0.90354 27.4437 0.00141503 0.248569 0.0497512 0.0405178
ENSG00000252123.1 20 48444529 48444529 + 25 -528522 20_internal_5827 20 47895153 47916007 163 172.519 0.957476 30.4435 0.0284427 -0.166914 0.542289 0.545467
ENSG00000237788.1 20 48445662 48445662 + 25 0 20_internal_7441 20 48263993 48464501 163 179.969 0.931699 26.8242 0.00039611 0.277521 0.0199005 0.00773566
ENSG00000158480.6 20 48532080 48532080 - 22 -462708 20_internal_5223 20 48994788 49009412 163 159.705 1.01592 20.6594 0.0604569 0.146676 0.761194 0.734502
ENSG00000124226.7 20 48552948 48552948 + 21 -18479 20_internal_5854 20 48484366 48534469 163 161.329 0.909605 19.0548 0.151102 0.111592 0.970149 0.964829
ENSG00000239157.1 20 48556937 48556937 - 21 163543 20_internal_5080 20 48340713 48393394 163 148.34 1.0888 16.8808 0.155384 -0.10902 0.935323 0.954555
ENSG00000229222.1 20 48573282 48573282 + 21 483469 20_internal_6631 20 49056751 49081610 163 149.342 0.960425 15.9417 0.0143752 -0.190062 0.273632 0.283045
ENSG00000124216.3 20 48599536 48599536 + 21 50391 20_internal_5093 20 48649927 48664199 163 156.362 1.07433 20.2271 0.0758578 0.141069 0.80597 0.803349
ENSG00000244687.7 20 48732496 48732496 - 21 789265 20_internal_4894 20 47927182 47943231 163 159.148 0.987598 18.8198 0.0631515 0.144119 0.731343 0.729782
ENSG00000124208.16 20 48770174 48770174 - 21 -27404 20_internal_6791 20 48797578 48921728 163 183.455 0.89955 24.5717 0.0614016 0.145782 0.706468 0.733134
ENSG00000240849.6 20 48770335 48770335 - 21 525866 20_internal_5949 20 48236470 48244469 163 148.976 1.03604 18.6457 0.172892 0.107934 0.985075 0.980087
ENSG00000172216.4 20 48807376 48807376 + 21 27836 20_internal_7274 20 48835212 49075581 163 161.806 0.931411 20.1277 2.06563e-05 0.332162 0.00497512 0.00077661
ENSG00000224397.1 20 48884023 48884023 + 22 0 20_internal_7274 20 48835212 49075581 163 168.937 0.979326 21.9869 1.93764e-06 0.368634 0.00497512 3.46911e-05
ENSG00000203999.4 20 48909257 48909257 + 22 0 20_internal_6791 20 48797578 48921728 163 195.027 0.926761 25.681 0.000163609 0.294353 0.00995025 0.00163408
ENSG00000233077.1 20 48937879 48937879 - 21 16151 20_internal_6791 20 48797578 48921728 163 157.843 1.05366 19.7723 0.000135191 0.295649 0.00497512 0.0024602
ENSG00000196396.5 20 49126891 49126891 + 21 -30621 20_internal_6171 20 49084606 49096270 163 174.795 1.02756 21.1092 3.95205e-06 0.348125 0.00497512 2.78471e-05
ENSG00000239742.2 20 49174535 49174535 - 21 54328 20_internal_4827 20 49113590 49120207 163 158.877 0.982061 19.152 0.0230313 0.175401 0.378109 0.390966
ENSG00000201501.1 20 49179546 49179546 + 21 -170134 20_internal_5223 20 48994788 49009412 163 149.995 1.20403 20.9997 0.0657776 0.14774 0.791045 0.759203
ENSG00000232043.1 20 49194578 49194578 - 21 98308 20_internal_6171 20 49084606 49096270 163 159.864 0.992311 17.8859 0.000504399 0.264417 0.0149254 0.0105737
ENSG00000208018.1 20 49202323 49202323 + 21 -106053 20_internal_6171 20 49084606 49096270 163 146.111 1.06159 16.8466 0.0649409 0.147678 0.731343 0.736968
ENSG00000042062.7 20 49308065 49308065 - 20 211795 20_internal_6171 20 49084606 49096270 163 169.335 0.945405 19.944 0.00345969 0.225999 0.0447761 0.0667969
ENSG00000124171.4 20 49348081 49348081 + 20 -277414 20_internal_5416 20 49050074 49070667 163 193.913 0.837111 23.6176 0.00537664 0.207066 0.124378 0.0931755
ENSG00000124243.12 20 49411431 49411431 + 19 -744579 20_internal_6661 20 48609654 48666852 163 148.164 0.975865 14.4523 0.0528918 0.150007 0.661692 0.631643
ENSG00000230043.1 20 49457286 49457286 - 18 790434 20_internal_6661 20 48609654 48666852 163 166.12 0.961461 15.7483 0.076684 0.137908 0.696517 0.715945
ENSG00000228663.1 20 49530268 49530268 + 17 306291 20_internal_6023 20 49836559 49923709 163 184.028 0.930183 19.4552 0.0161788 0.184076 0.243781 0.215348
ENSG00000259456.1 20 49547521 49547521 + 16 -538109 20_internal_5223 20 48994788 49009412 163 160.994 0.971917 12.8471 0.0389959 0.165524 0.422886 0.423479
ENSG00000101126.9 20 49547958 49547958 - 16 940509 20_internal_5430 20 48598253 48607449 163 168.699 1.05987 17.3916 0.0976359 -0.132517 0.810945 0.796619
ENSG00000000419.8 20 49575092 49575092 - 16 499511 20_internal_7274 20 48835212 49075581 163 166.804 1.03505 16.1294 0.0704195 0.139486 0.671642 0.660646
ENSG00000124217.3 20 49575363 49575363 + 16 -493753 20_internal_6631 20 49056751 49081610 163 150.759 0.870234 12.3046 0.0300304 0.172552 0.41791 0.435942
ENSG00000101096.14 20 50179168 50179168 - 6 19019 20_internal_7492 20 50016103 50160149 163 177.278 1.09096 6.62621 0.000315748 0.28276 0.00497512 0.000594538
ENSG00000054793.9 20 50385173 50385173 - 6 0 20_internal_5524 20 50210584 50418722 163 139.346 0.999972 4.28835 3.69641e-07 0.392243 0.00497512 1.11921e-05
ENSG00000182463.8 20 51588946 51588946 + 10 453072 20_internal_5740 20 52042018 52064388 163 138.884 1.04669 8.39939 0.00710577 0.202825 0.109453 0.092037
ENSG00000227164.2 20 52105495 52105495 + 9 -41107 20_internal_5740 20 52042018 52064388 163 163.143 0.977767 9.30779 0.024147 0.169898 0.243781 0.211825
ENSG00000197670.5 20 52169309 52169309 + 9 19036 20_internal_5113 20 52188345 52559058 163 149.008 1.04926 8.38699 0.170117 0.107149 0.81592 0.81641
ENSG00000235415.1 20 52224893 52224893 + 9 -160505 20_internal_5740 20 52042018 52064388 163 165.037 1.06003 9.26064 0.0129064 0.191108 0.0845771 0.0931406
ENSG00000171940.9 20 52226446 52226446 - 9 0 20_internal_5113 20 52188345 52559058 163 176.244 1.00432 9.01373 0.0439961 0.155419 0.273632 0.280906
ENSG00000241721.1 20 52492096 52492096 - 8 0 20_internal_5113 20 52188345 52559058 163 156.267 1.06307 8.06072 2.47546e-05 0.327413 0.00497512 0.000171874
ENSG00000236352.1 20 52556699 52556699 + 8 0 20_internal_5113 20 52188345 52559058 163 179.809 1.10283 9.57141 0.000544675 0.274415 0.00995025 0.00140297
ENSG00000064787.8 20 52687304 52687304 - 8 128246 20_internal_5113 20 52188345 52559058 163 154.818 1.06532 8.66233 2.1483e-05 0.327704 0.00497512 0.000172294
ENSG00000101132.5 20 52824386 52824386 + 8 -655853 20_internal_5853 20 52063031 52168533 163 169.638 0.959868 8.19086 0.20185 0.102783 0.825871 0.836998
ENSG00000124098.9 20 54933971 54933971 + 2 40459 20_internal_7281 20 54974430 55064236 163 192.273 0.999991 1.9454 0.383398 -0.068735 0.552239 0.559233
ENSG00000087586.13 20 54967393 54967393 - 3 -7037 20_internal_7281 20 54974430 55064236 163 164.783 1.00004 2.78004 0.0560905 -0.141206 0.129353 0.144907
ENSG00000101138.7 20 54967427 54967427 + 3 986875 20_internal_5935 20 55954302 55981722 163 161.695 0.999976 3.00002 0.0253796 -0.174227 0.104478 0.0759255
ENSG00000087589.12 20 54987168 54987168 + 3 0 20_internal_7281 20 54974430 55064236 163 158.002 0.999981 2.96792 0.030118 0.171978 0.0995025 0.0941525
ENSG00000228601.1 20 55034639 55034639 - 5 0 20_internal_7281 20 54974430 55064236 163 137.754 1.00005 3.50075 0.0740804 0.139058 0.268657 0.310296
ENSG00000212084.2 20 55035413 55035413 - 5 52571 20_internal_5297 20 54977414 54982842 163 163.446 1.00003 5.49423 0.0553069 0.150615 0.258706 0.267022
ENSG00000022277.8 20 55043647 55043647 + 5 910655 20_internal_5935 20 55954302 55981722 163 129.397 1.00006 3.60561 0.0593406 -0.140958 0.298507 0.296856
ENSG00000238294.1 20 55050699 55050699 + 5 0 20_internal_7281 20 54974430 55064236 163 141.113 0.999934 4.39238 0.131895 -0.122183 0.542289 0.537635
ENSG00000124103.8 20 55092243 55092243 + 5 862059 20_internal_5935 20 55954302 55981722 163 175.782 0.989366 5.46787 0.018073 -0.169853 0.109453 0.0769262
ENSG00000179467.1 20 55097413 55097413 + 5 856889 20_internal_5935 20 55954302 55981722 163 156.999 0.999946 4.40908 0.183936 -0.106016 0.587065 0.609909
ENSG00000124091.5 20 55100981 55100981 - 5 36745 20_internal_7281 20 54974430 55064236 163 154.436 1.00006 4.7997 0.188469 -0.103204 0.696517 0.65844
ENSG00000213714.1 20 55108302 55108302 + 5 846000 20_internal_5935 20 55954302 55981722 163 180.955 0.999958 5.38138 0.270091 -0.0862759 0.776119 0.779875
ENSG00000101146.8 20 55926066 55926066 + 7 645164 20_internal_5067 20 56571230 56576035 163 158.256 0.923329 5.93264 0.00737787 -0.213925 0.0746269 0.0622943
ENSG00000228995.1 20 55933425 55933425 - 7 -350209 20_internal_5145 20 56283634 56325111 163 143.771 0.951743 5.69699 0.0611494 -0.148466 0.393035 0.395969
ENSG00000256222.1 20 55934878 55934878 - 7 870642 20_internal_7281 20 54974430 55064236 163 172.296 1.10001 7.56187 0.16612 -0.108493 0.686567 0.683918
ENSG00000132819.12 20 55966463 55966463 + 7 0 20_internal_5935 20 55954302 55981722 163 168.348 1.04723 7.05645 0.0513483 0.151429 0.258706 0.271203
ENSG00000218018.2 20 55968118 55968118 - 7 0 20_internal_5935 20 55954302 55981722 163 164.162 1.02592 6.97566 0.00894952 0.203144 0.0696517 0.0545127
ENSG00000227297.1 20 56176256 56176256 - 5 -107378 20_internal_5145 20 56283634 56325111 163 190.697 1.00002 5.30357 0.173743 0.105987 0.532338 0.553707
ENSG00000124256.10 20 56195632 56195632 - 5 -88002 20_internal_5145 20 56283634 56325111 163 146.413 1.00002 4.2542 0.190409 0.102567 0.651741 0.642337
ENSG00000124224.11 20 56884495 56884495 - 11 902773 20_internal_5935 20 55954302 55981722 163 145.665 1.14669 9.31981 0.225461 0.0930898 0.900498 0.915267
ENSG00000124209.3 20 56884752 56884752 + 11 578398 20_internal_4689 20 57463150 57484140 163 198.37 0.843966 14.1995 0.157234 -0.112825 0.855721 0.870609
ENSG00000124164.11 20 56964178 56964178 + 11 755343 20_internal_6021 20 57719521 57754527 163 149.9 1.00468 9.05133 0.100087 0.124276 0.676617 0.666724
ENSG00000198768.6 20 57090187 57090187 - 9 931590 20_internal_6351 20 56031952 56158597 163 165.435 0.96835 8.7083 0.0310056 -0.166812 0.223881 0.244731
ENSG00000231290.1 20 57090435 57090435 + 9 422500 20_internal_5525 20 57512935 57560944 163 141.829 1.02174 7.47287 0.0210158 0.172457 0.21393 0.203619
ENSG00000124222.15 20 57226328 57226328 + 8 -901217 20_internal_5145 20 56283634 56325111 163 177.326 0.949881 9.23595 0.37026 0.0695864 0.9801 0.983068
ENSG00000254995.4 20 57226490 57226490 + 8 -650455 20_internal_5067 20 56571230 56576035 163 179.141 0.880898 7.34767 0.243744 0.0913752 0.875622 0.86802
ENSG00000215440.7 20 57264187 57264187 + 8 198963 20_internal_4689 20 57463150 57484140 163 157.031 1.0746 7.81093 0.124316 -0.124908 0.636816 0.638585
ENSG00000254419.1 20 57285851 57285851 + 8 227084 20_internal_5525 20 57512935 57560944 163 175.782 0.995749 8.23096 0.181716 -0.106404 0.761194 0.77558
ENSG00000087460.17 20 57414773 57414773 + 8 48377 20_internal_4689 20 57463150 57484140 163 156.251 1.14867 8.651 1.06457e-08 0.423079 0.00497512 1.74197e-08
ENSG00000101158.7 20 57556296 57556296 + 9 87470 20_internal_5832 20 57643766 58004941 163 166.979 1.01406 9.82077 0.235922 -0.0951991 0.915423 0.921652
ENSG00000101160.9 20 57582302 57582302 - 9 98162 20_internal_4689 20 57463150 57484140 163 185.126 0.840535 8.95136 0.0939191 0.129965 0.517413 0.575478
ENSG00000101162.3 20 57594309 57594309 + 9 49457 20_internal_5832 20 57643766 58004941 163 143.294 1.14799 7.27779 0.0859966 -0.137283 0.532338 0.499506
ENSG00000124172.5 20 57607437 57607437 - 10 -685365 20_internal_4824 20 58292802 58363476 163 171.357 1.02849 9.46876 0.102621 -0.122779 0.587065 0.595963
ENSG00000101166.11 20 57617964 57617964 - 10 133361 20_internal_5293 20 57467536 57484603 163 161.138 0.973925 8.8819 0.0877938 -0.132747 0.567164 0.577351
ENSG00000124203.5 20 57766075 57766075 + 12 0 20_internal_5832 20 57643766 58004941 163 163.191 0.915183 12.0438 1.69443e-06 0.363156 0.00497512 5.19025e-05
ENSG00000087495.12 20 58152564 58152564 + 14 140238 20_internal_4824 20 58292802 58363476 163 180.796 0.977309 15.1579 0.000994153 0.253938 0.0149254 0.00892207
ENSG00000196074.7 20 58508710 58508710 - 12 -211095 20_internal_4899 20 58719805 58737972 163 173.681 0.861715 11.1468 0.0157006 -0.19004 0.19403 0.182466
ENSG00000196227.6 20 58508819 58508819 + 12 50210 20_internal_7423 20 58559029 58692743 163 173.363 0.946736 11.0065 0.00309359 0.229015 0.0348259 0.0307863
ENSG00000132825.5 20 58515352 58515352 - 12 -43677 20_internal_7423 20 58559029 58692743 163 160.676 0.923167 9.05029 0.00371419 0.216056 0.0497512 0.0469076
ENSG00000124215.12 20 58533471 58533471 + 12 25558 20_internal_7423 20 58559029 58692743 163 155.455 1.15766 10.9238 0.0174076 0.184999 0.149254 0.146473
ENSG00000176659.5 20 58630980 58630980 + 11 154503 20_internal_5988 20 58785483 58842497 163 199.771 0.804627 12.0332 0.00225125 0.245413 0.0348259 0.0231849
ENSG00000228340.1 20 58662895 58662895 + 11 0 20_internal_7423 20 58559029 58692743 163 172.041 0.950273 9.32249 2.01761e-06 0.355373 0.00497512 1.76798e-05
ENSG00000207802.1 20 58883532 58883532 + 9 -190789 20_internal_7423 20 58559029 58692743 163 168.651 0.946756 8.3876 0.0051127 0.21418 0.0547264 0.0440995
ENSG00000229690.1 20 58989930 58989930 - 9 147433 20_internal_5988 20 58785483 58842497 163 141.352 1.04446 7.41401 8.22441e-05 0.308033 0.00497512 0.00135599
ENSG00000179242.10 20 59827559 59827559 + 4 792130 20_internal_6755 20 60619689 60640226 163 155.375 0.999986 3.43572 7.47039e-05 0.307387 0.00497512 0.000378938
ENSG00000235018.1 20 60613012 60613012 - 13 -805302 20_internal_5485 20 61418314 61429898 163 165.356 1.00548 13.9635 0.0185353 0.181041 0.223881 0.218529
ENSG00000130699.11 20 60640866 60640866 - 13 640 20_internal_6755 20 60619689 60640226 163 161.599 0.917128 11.3489 0.00588206 0.216855 0.079602 0.0863155
ENSG00000149657.15 20 60697517 60697517 + 13 0 20_internal_4785 20 60695992 60719976 163 168.89 0.989404 12.5302 0.00162788 0.241714 0.0149254 0.0174588
ENSG00000101182.10 20 60718496 60718496 - 13 423019 20_internal_7403 20 58872809 60295477 163 157.572 1.05582 12.3495 0.0389487 0.166345 0.363184 0.387919
ENSG00000184402.10 20 60718822 60718822 + 13 428555 20_internal_6094 20 61147377 61159067 163 178.647 0.987782 13.1115 0.103137 0.133151 0.716418 0.705318
ENSG00000101181.13 20 60758085 60758085 + 13 514214 20_internal_5122 20 61272299 61492968 163 149.979 1.0652 11.4803 0.00902039 -0.20396 0.114428 0.113022
ENSG00000101180.11 20 60795323 60795323 - 13 -476976 20_internal_5122 20 61272299 61492968 163 168.858 1.01862 12.3994 0.00395462 0.224882 0.039801 0.0381768
ENSG00000130703.11 20 60813580 60813580 + 13 62986 20_internal_5071 20 60876566 60983340 163 161.997 1.05362 12.7485 0.00401841 -0.221827 0.0497512 0.0429642
ENSG00000130706.8 20 60877149 60877149 + 13 -236923 20_internal_6755 20 60619689 60640226 163 166.757 0.957048 12.8486 0.0351569 0.164353 0.402985 0.371836
ENSG00000226332.2 20 60881381 60881381 - 13 -303299 20_internal_5151 20 61184680 61207215 163 152.494 1.0126 12.037 0.001884 -0.246748 0.0447761 0.029939
ENSG00000130702.9 20 60942368 60942368 - 13 222392 20_internal_4785 20 60695992 60719976 163 181.178 0.890578 15.2045 0.155717 -0.111699 0.900498 0.907699
ENSG00000171858.13 20 60962172 60962172 + 13 -666695 20_internal_7403 20 58872809 60295477 163 161.106 1.01377 11.7533 0.0789708 -0.133719 0.641791 0.622454
ENSG00000149679.7 20 60982341 60982341 - 13 0 20_internal_5071 20 60876566 60983340 163 165.579 0.916266 10.2599 0.0258663 0.171549 0.268657 0.262941
ENSG00000101187.11 20 61273797 61273797 + 17 15921 20_internal_6866 20 61289718 61420707 163 168.476 1.02398 17.5841 1.01451e-10 0.480057 0.00497512 5.2142e-10
ENSG00000167046.4 20 61274656 61274656 - 17 0 20_internal_5122 20 61272299 61492968 163 149.836 0.963525 14.3976 0.00156139 0.244615 0.0497512 0.0394174
ENSG00000101188.4 20 61340189 61340189 + 16 0 20_internal_6866 20 61289718 61420707 163 139.632 0.974354 13.2586 2.84865e-15 0.555006 0.00497512 7.15711e-12
ENSG00000228705.1 20 61406764 61406764 - 16 0 20_internal_6866 20 61289718 61420707 163 179.141 1.02803 16.941 9.9169e-08 0.402153 0.00497512 2.56539e-07
ENSG00000101189.5 20 61427805 61427805 + 16 -7098 20_internal_6866 20 61289718 61420707 163 157.795 1.06848 15.7638 0.0165033 0.183783 0.21393 0.224858
ENSG00000060491.11 20 61436187 61436187 + 16 -15480 20_internal_6866 20 61289718 61420707 163 184.617 0.999075 19.7348 3.61062e-06 0.34542 0.00497512 1.63064e-05
ENSG00000229873.1 20 61436939 61436939 - 16 16232 20_internal_6866 20 61289718 61420707 163 174.891 0.950773 15.3354 0.010316 0.193824 0.129353 0.129306
ENSG00000092758.11 20 61447596 61447596 + 16 0 20_internal_4803 20 61445105 61470554 163 185.588 0.872926 17.4773 3.13617e-15 0.570935 0.00497512 6.04729e-14
ENSG00000233838.4 20 61476490 61476490 + 17 -5936 20_internal_4803 20 61445105 61470554 163 169.16 0.925562 15.0145 4.2152e-09 0.441099 0.00497512 1.1994e-07
ENSG00000101190.8 20 61493115 61493115 - 17 22561 20_internal_4803 20 61445105 61470554 163 172.057 0.917255 15.1908 1.35796e-13 0.55132 0.00497512 4.74405e-12
ENSG00000101191.12 20 61569304 61569304 - 20 0 20_internal_4799 20 61543428 61570847 163 163.637 0.9347 17.7134 0.0192519 0.187179 0.348259 0.318956
ENSG00000101193.6 20 61569471 61569471 + 20 598839 20_internal_5301 20 62168310 62575800 163 160.883 1.03938 19.6192 0.0382502 0.165415 0.532338 0.528678
ENSG00000101194.13 20 61584052 61584052 + 20 5944 20_internal_5469 20 61589996 61596423 163 157.811 1.04095 18.1731 0.0601532 -0.143856 0.681592 0.686323
ENSG00000149658.13 20 61847586 61847586 - 20 -672591 20_internal_5205 20 62520177 62547378 163 141.861 1.11349 16.508 0.0126808 0.194719 0.238806 0.237176
ENSG00000101199.8 20 61904137 61904137 + 20 246470 20_internal_7462 20 62150607 62157959 163 189.105 0.960596 24.0671 0.0827214 0.141618 0.78607 0.795374
ENSG00000125534.5 20 62152077 62152077 + 19 0 20_internal_7462 20 62150607 62157959 163 161.058 1.03102 21.2438 5.57019e-13 0.522305 0.00497512 7.41915e-12
ENSG00000125531.5 20 62184373 62184373 + 18 -651603 20_internal_5513 20 61518186 61532770 163 172.901 0.921019 17.6392 0.0318905 0.159041 0.437811 0.423175
ENSG00000241624.1 20 62199958 62199958 - 18 -368716 20_internal_4673 20 62568674 62589693 163 169.638 0.972713 15.9413 0.138809 0.112474 0.900498 0.898107
ENSG00000130589.11 20 62205592 62205592 - 18 47633 20_internal_7462 20 62150607 62157959 163 168.906 0.910865 19.5912 0.176574 0.101906 0.985075 0.977839
ENSG00000101216.6 20 62258394 62258394 - 17 0 20_internal_5230 20 62233137 62274761 163 170.418 0.972862 19.7111 0.0087978 -0.197368 0.159204 0.144905
ENSG00000232442.1 20 62258580 62258580 + 17 0 20_internal_5301 20 62168310 62575800 163 139.043 1.04307 13.0048 0.0126418 0.196908 0.223881 0.226564
ENSG00000197457.5 20 62284780 62284780 - 17 0 20_internal_5301 20 62168310 62575800 163 195.648 1.01383 25.7936 0.00289661 0.237152 0.0199005 0.0264544
ENSG00000258366.3 20 62289163 62289163 + 17 354740 20_internal_6001 20 62643903 62647160 163 157.779 0.926578 13.6209 0.0179383 -0.183022 0.268657 0.271894
ENSG00000026036.16 20 62290653 62290653 + 17 -719806 20_internal_4799 20 61543428 61570847 163 180.669 0.971832 21.3321 0.010304 -0.201754 0.149254 0.1468
ENSG00000243509.4 20 62328021 62328021 + 17 -898123 20_internal_5485 20 61418314 61429898 163 160.565 1.06486 17.8056 0.0286615 -0.169843 0.422886 0.38682
ENSG00000197114.6 20 62338794 62338794 + 17 136353 20_internal_5618 20 62475147 62487406 163 170.131 0.92248 16.3552 0.0394616 0.156397 0.477612 0.483394
ENSG00000101246.14 20 62339355 62339355 - 17 918648 20_internal_6866 20 61289718 61420707 163 167.537 1.08414 20.6603 0.00624983 -0.211015 0.0945274 0.0874276
ENSG00000203896.5 20 62366815 62366815 + 17 108332 20_internal_5618 20 62475147 62487406 163 148.992 0.951228 14.5484 0.153794 0.109102 0.945274 0.942034
ENSG00000125520.8 20 62369623 62369623 + 17 297371 20_internal_5547 20 62666994 62686384 163 170.306 0.984848 19.3208 0.177182 0.108361 0.975124 0.972064
ENSG00000229299.2 20 62376042 62376042 + 17 99105 20_internal_5618 20 62475147 62487406 163 154.977 1.02837 17.1877 0.0140032 0.193937 0.233831 0.237905
ENSG00000130584.6 20 62462597 62462597 - 15 891750 20_internal_4799 20 61543428 61570847 163 146.716 1.06053 13.7284 0.0254129 -0.173292 0.348259 0.349925
ENSG00000183260.5 20 62492566 62492566 + 14 -959796 20_internal_5513 20 61518186 61532770 163 146.143 1.01458 10.1206 0.00564079 0.215297 0.079602 0.0819549
ENSG00000268858.1 20 62493217 62493217 - 13 5811 20_internal_5618 20 62475147 62487406 163 170.513 0.927748 13.2295 0.0273184 0.17509 0.298507 0.308147
ENSG00000101150.11 20 62496596 62496596 + 13 -9190 20_internal_5618 20 62475147 62487406 163 162.427 1.08926 14.9505 0.00234017 0.223385 0.0199005 0.0250478
ENSG00000101152.6 20 62526518 62526518 + 13 117385 20_internal_6001 20 62643903 62647160 163 202.206 0.90359 16.5128 0.0230959 -0.1683 0.208955 0.210354
ENSG00000199805.1 20 62540308 62540308 + 12 0 20_internal_5301 20 62168310 62575800 163 176.307 1.00832 13.4481 0.0193763 0.188515 0.19403 0.180977
ENSG00000216141.2 20 62550834 62550834 + 12 93069 20_internal_6001 20 62643903 62647160 163 156.028 1.13616 13.2108 0.0175402 -0.185919 0.199005 0.184332
ENSG00000215946.2 20 62551365 62551365 + 12 115629 20_internal_5547 20 62666994 62686384 163 164.751 1.17948 14.2685 0.01341 0.194179 0.134328 0.114744
ENSG00000223010.1 20 62572897 62572897 - 11 -71006 20_internal_6001 20 62643903 62647160 163 155.312 1.06862 9.95326 0.000338765 -0.270078 0.00497512 0.0031371
ENSG00000207554.1 20 62574079 62574079 - 11 977656 20_internal_5469 20 61589996 61596423 163 161.615 1.02039 10.9835 0.00355924 -0.208832 0.0348259 0.0371141
ENSG00000267848.1 20 62585007 62585007 + 11 -377793 20_internal_5727 20 62183454 62207214 163 152.494 0.991089 9.58648 0.0761882 0.138113 0.587065 0.583188
ENSG00000198276.8 20 62587769 62587769 - 11 -56134 20_internal_6001 20 62643903 62647160 163 155.534 1.01322 10.2749 6.29898e-05 -0.30454 0.00497512 0.000866328
ENSG00000101161.6 20 62612488 62612488 + 10 31415 20_internal_6001 20 62643903 62647160 163 164.862 1.08509 10.4627 0.00314119 0.229041 0.0298507 0.02206
ENSG00000196421.3 20 62665697 62665697 + 10 -89897 20_internal_5301 20 62168310 62575800 163 150.027 0.920263 7.787 0.000717675 0.263919 0.0199005 0.0136143
ENSG00000196700.3 20 62680113 62680113 - 10 32953 20_internal_6001 20 62643903 62647160 163 162.554 1.09362 9.87771 0.0574317 -0.138687 0.412935 0.401418
ENSG00000171703.12 20 62681189 62681189 + 10 -105389 20_internal_5301 20 62168310 62575800 163 160.039 1.15017 10.7994 0.0596974 0.144365 0.457711 0.431883
ENSG00000171700.9 20 62711323 62711323 - 10 163945 20_internal_5205 20 62520177 62547378 163 144.105 1.09741 9.47429 0.00221602 -0.234721 0.0199005 0.0262107
ENSG00000125510.11 20 62711526 62711526 + 10 -164148 20_internal_5205 20 62520177 62547378 163 135.096 1.01131 6.27775 0.170713 -0.104677 0.78607 0.773448
ENSG00000171695.6 20 62715712 62715712 - 10 29328 20_internal_5547 20 62666994 62686384 163 195.552 0.884584 11.7432 0.0265774 0.175014 0.19403 0.209148
ENSG00000203880.6 20 62887048 62887048 + 10 -612287 20_internal_5230 20 62233137 62274761 163 176.61 0.985687 11.0676 0.137564 0.112412 0.736318 0.768015
ENSG00000149656.4 20 62921738 62921738 + 10 -434332 20_internal_5618 20 62475147 62487406 163 203.941 0.874614 13.6029 0.00625019 -0.214911 0.0497512 0.0482477
