ENSG00000177764.6 20 277737 277737 + 8 -58079 20_internal_6441 20 206870 219658 163 159.657 1.01224 7.67837 0.14176 0.110452 0.691542 0.697716
ENSG00000247315.2 20 278214 278214 + 8 -58556 20_internal_6441 20 206870 219658 163 166.056 1.02307 8.44388 0.119105 0.117853 0.646766 0.636617
ENSG00000177732.6 20 306207 306207 + 8 518831 20_internal_5338 20 825038 837749 163 170.895 1.03293 8.79563 0.0505528 -0.148665 0.333333 0.319694
ENSG00000101255.6 20 361261 361261 + 8 0 20_internal_6659 20 342146 367025 163 158.352 1.08061 9.15078 1.58334e-21 0.637855 0.00497512 1.45963e-21
ENSG00000125826.15 20 388142 388142 + 8 237614 20_internal_7381 20 625756 660862 163 160.103 0.950582 6.57994 0.0339591 0.166604 0.223881 0.232352
ENSG00000206797.1 20 431307 431307 + 9 -183003 20_internal_6331 20 231332 248304 163 144.28 1.02986 8.23962 0.0416252 0.160976 0.39801 0.36052
ENSG00000125875.9 20 443197 443197 - 9 -418278 20_internal_6738 20 861475 997167 163 166.375 0.897008 7.82031 0.00548722 -0.221276 0.0597015 0.0558122
ENSG00000101266.11 20 524482 524482 - 10 -101274 20_internal_7381 20 625756 660862 163 161.631 1.08389 10.3393 0.038898 0.166523 0.328358 0.304968
ENSG00000234516.1 20 629157 629157 - 13 0 20_internal_7381 20 625756 660862 163 162.284 1.01449 11.6216 2.76565e-24 0.644403 0.00497512 1.90592e-23
ENSG00000172070.5 20 656444 656444 - 13 0 20_internal_7381 20 625756 660862 163 169.495 1.0005 13.7113 5.72759e-25 0.656769 0.00497512 8.92283e-25
ENSG00000215397.2 20 656825 656825 - 13 0 20_internal_7381 20 625756 660862 163 181.751 0.883741 12.2931 5.27114e-09 0.414445 0.00497512 7.76594e-08
ENSG00000101276.10 20 749131 749131 - 14 88269 20_internal_7381 20 625756 660862 163 153.608 0.97595 11.5209 0.0167128 0.179396 0.20398 0.219144
ENSG00000125898.7 20 814358 814358 + 14 0 20_internal_7003 20 809552 840948 163 162.331 1.02716 13.9132 2.48676e-14 0.538831 0.00497512 1.77911e-13
ENSG00000101278.6 20 820620 820620 - 14 0 20_internal_7003 20 809552 840948 163 178.568 0.921294 15.514 5.00936e-13 0.52808 0.00497512 5.74615e-12
ENSG00000251390.2 20 825767 825767 + 14 0 20_internal_7003 20 809552 840948 163 149.024 1.02052 12.8424 2.09126e-14 0.53522 0.00497512 1.99817e-12
ENSG00000101280.6 20 896977 896977 - 18 56029 20_internal_7003 20 809552 840948 163 136.783 1.0915 13.1263 4.80585e-06 0.340256 0.00497512 0.000172595
ENSG00000125818.12 20 1093906 1093906 + 20 318960 20_internal_5934 20 1412866 1485150 163 151.794 1.00247 15.9701 0.161017 -0.110901 0.955224 0.954559
ENSG00000215388.3 20 1141228 1141228 + 20 -774203 20_internal_6659 20 342146 367025 163 168.237 0.97922 19.2186 0.00643481 -0.210126 0.0995025 0.10871
ENSG00000243473.1 20 1146924 1146924 + 20 691031 20_internal_5690 20 1837955 1853016 163 180.749 1.04449 24.8867 0.0461989 0.151417 0.577114 0.576351
ENSG00000125895.5 20 1166059 1166059 - 20 -743056 20_internal_5148 20 1909115 1916854 163 151.093 1.01733 16.6 0.139964 0.111547 0.935323 0.937462
ENSG00000101298.9 20 1246960 1246960 + 21 165906 20_internal_5934 20 1412866 1485150 163 186.383 0.876464 24.1849 0.0125826 -0.193619 0.228856 0.218773
ENSG00000234684.1 20 1306065 1306065 + 21 527992 20_internal_5422 20 1834057 1857788 163 157.938 0.942242 18.2139 0.0529429 -0.150498 0.656716 0.678736
ENSG00000125775.10 20 1309883 1309883 - 21 312716 20_internal_6738 20 861475 997167 163 166.359 1.04253 21.2391 0.0665639 -0.141927 0.721393 0.739288
ENSG00000203630.3 20 1317555 1317555 - 21 -95311 20_internal_5934 20 1412866 1485150 163 145.395 0.963855 14.8437 0.000329891 -0.274359 0.0199005 0.0123237
ENSG00000229728.1 20 1342266 1342266 + 21 -681404 20_internal_7381 20 625756 660862 163 149.263 0.97974 16.7111 0.000610902 -0.261122 0.0199005 0.0189133
ENSG00000088832.10 20 1373806 1373806 - 20 -39060 20_internal_5934 20 1412866 1485150 163 148.467 1.1264 16.3884 0.108322 -0.12844 0.900498 0.864886
ENSG00000088833.11 20 1448417 1448417 - 20 0 20_internal_5934 20 1412866 1485150 163 199.436 0.924702 24.7419 1.04385e-16 0.566085 0.00497512 2.41134e-17
ENSG00000258950.1 20 1454487 1454487 - 20 0 20_internal_5934 20 1412866 1485150 163 161.424 0.986767 19.5858 5.77329e-19 0.604502 0.00497512 2.79479e-17
ENSG00000266085.1 20 1469195 1469195 + 20 0 20_internal_5934 20 1412866 1485150 163 166.948 0.935103 19.3287 1.75374e-11 0.488407 0.00497512 8.46451e-10
ENSG00000196209.7 20 1472233 1472233 - 20 0 20_internal_5934 20 1412866 1485150 163 144.71 1.05242 16.6578 1.28361e-19 0.626306 0.00497512 3.41149e-17
ENSG00000252103.1 20 1509805 1509805 - 20 -328150 20_internal_5690 20 1837955 1853016 163 151.778 1.0785 17.5063 0.0117315 0.193878 0.20398 0.202045
ENSG00000242324.1 20 1538299 1538299 - 20 -4044 20_internal_5343 20 1542343 1715843 163 160.167 0.91246 20.9861 0.00340207 -0.219405 0.114428 0.0967264
ENSG00000125900.8 20 1539489 1539489 - 20 -2854 20_internal_5343 20 1542343 1715843 163 144.79 0.966221 13.6166 0.00047837 -0.268424 0.0248756 0.0158164
ENSG00000260861.2 20 1600655 1600655 - 20 0 20_internal_5343 20 1542343 1715843 163 155.964 1.03418 19.5425 3.30971e-15 0.557328 0.00497512 9.26872e-14
ENSG00000101307.11 20 1600707 1600707 - 20 0 20_internal_5343 20 1542343 1715843 163 155.152 1.03431 17.8456 4.52494e-17 0.574806 0.00497512 1.44201e-15
ENSG00000237914.1 20 1614154 1614154 + 20 -598509 20_internal_6102 20 904862 1015645 163 142.975 1.05672 16.3462 0.126627 -0.123123 0.930348 0.926369
ENSG00000089012.10 20 1638425 1638425 - 20 -98258 20_internal_6737 20 1736683 1769341 163 163.414 1.00076 22.4139 0.008574 -0.210984 0.159204 0.173676
ENSG00000236550.1 20 1657553 1657553 - 20 -79130 20_internal_6737 20 1736683 1769341 163 146.573 1.21437 17.2474 0.00853292 0.206725 0.149254 0.127639
ENSG00000223750.1 20 1688846 1688846 - 19 -47837 20_internal_6737 20 1736683 1769341 163 163.828 1.04441 17.3995 1.13416e-06 0.365136 0.00497512 1.12203e-05
ENSG00000234282.1 20 1703183 1703183 - 19 -33500 20_internal_6737 20 1736683 1769341 163 160.405 1.09071 17.4209 3.02742e-06 0.355122 0.00497512 2.53209e-05
ENSG00000232528.3 20 1760641 1760641 - 19 -87157 20_internal_5367 20 1847798 1871875 163 144.599 1.0009 14.4974 0.064557 0.139653 0.721393 0.709329
ENSG00000230839.1 20 1798252 1798252 - 19 28911 20_internal_6737 20 1736683 1769341 163 152.319 1.1271 19.8187 0.14532 0.112399 0.960199 0.959253
ENSG00000198053.7 20 1875154 1875154 + 20 -3279 20_internal_5367 20 1847798 1871875 163 172.758 0.970907 19.1707 0.0656341 0.145222 0.696517 0.693531
ENSG00000233896.1 20 1927892 1927892 + 20 15235 20_internal_4970 20 1943127 1982385 163 163.414 0.954423 17.8367 0.0144921 0.191958 0.228856 0.247022
ENSG00000125834.8 20 2082257 2082257 + 18 -224469 20_internal_5422 20 1834057 1857788 163 156.696 0.984656 16.1174 0.0984655 -0.128591 0.810945 0.837225
ENSG00000125780.11 20 2276647 2276647 + 18 -76512 20_internal_4736 20 2190650 2200135 163 156.426 1.05697 18.237 9.68975e-06 0.331048 0.00497512 0.000163536
ENSG00000251806.1 20 2443683 2443683 - 20 882600 20_internal_5342 20 1542274 1561083 163 155.184 1.01903 21.5938 0.121792 -0.120183 0.965174 0.950214
ENSG00000125835.13 20 2451499 2451499 - 20 576360 20_internal_7407 20 1489742 1875139 163 163.159 0.992179 18.6524 0.0843948 0.138592 0.810945 0.808499
ENSG00000256566.1 20 2489553 2489553 - 19 636537 20_internal_5690 20 1837955 1853016 163 177.103 1.0424 23.1679 0.170875 -0.110839 0.9801 0.977005
ENSG00000088876.7 20 2505348 2505348 - 19 -891183 20_internal_5795 20 3396531 3412145 163 167.266 1.0483 19.6357 0.0491248 0.156813 0.606965 0.584316
ENSG00000101361.10 20 2632791 2632791 + 17 -757652 20_internal_7407 20 1489742 1875139 163 164.321 1.06851 16.9227 0.0788832 -0.143802 0.716418 0.722122
ENSG00000221116.1 20 2634858 2634858 + 17 -919015 20_internal_5343 20 1542343 1715843 163 160.485 1.05012 17.3223 0.110909 0.12372 0.890547 0.866335
ENSG00000207427.1 20 2635713 2635713 + 17 -782697 20_internal_5690 20 1837955 1853016 163 165.945 0.936937 16.3416 0.126747 -0.120729 0.900498 0.895316
ENSG00000212498.1 20 2636743 2636743 + 17 -761604 20_internal_7407 20 1489742 1875139 163 150.488 1.07108 16.7119 0.128591 -0.121277 0.895522 0.916532
ENSG00000207262.1 20 2637585 2637585 + 17 -738769 20_internal_5556 20 1893251 1898816 163 152.144 1.04365 14.7681 0.03729 0.163135 0.497512 0.466897
ENSG00000226572.1 20 2637585 2637585 + 17 -738769 20_internal_5556 20 1893251 1898816 163 150.106 1.09526 13.7929 0.03729 0.163135 0.452736 0.431252
ENSG00000101365.15 20 2644865 2644865 - 17 361314 20_internal_5016 20 2187733 2283551 163 140.588 1.01072 13.3759 0.00443379 0.21746 0.124378 0.101883
ENSG00000228293.1 20 2644998 2644998 + 17 200861 20_internal_7367 20 2845859 2969197 163 176.753 1.03156 23.4052 0.0543667 -0.155056 0.656716 0.647672
ENSG00000215305.5 20 2821349 2821349 + 17 0 20_internal_4968 20 2801444 3029203 163 180.573 0.851131 17.4749 0.0447683 0.155853 0.522388 0.534616
ENSG00000132635.12 20 2821836 2821836 - 17 538285 20_internal_5016 20 2187733 2283551 163 183.088 0.938739 18.7233 0.0655439 -0.145223 0.641791 0.650449
ENSG00000132670.16 20 2844830 2844830 + 17 880263 20_internal_5526 20 3725093 3734527 163 141.909 1.12986 14.7498 9.61304e-05 -0.30521 0.00497512 0.00186932
ENSG00000125787.7 20 3024268 3024268 + 12 700825 20_internal_5526 20 3725093 3734527 163 169.176 1.01453 13.1557 0.101749 -0.118518 0.731343 0.727821
ENSG00000125901.5 20 3026591 3026591 + 12 -131722 20_internal_5358 20 2862965 2894869 163 168.778 1.02142 12.5967 0.236883 -0.0934513 0.955224 0.960501
ENSG00000263905.1 20 3074861 3074861 + 12 908454 20_internal_5005 20 3983315 4068332 163 171.373 0.923637 10.7951 0.00122332 -0.243053 0.0199005 0.0143687
ENSG00000235958.1 20 3087559 3087559 + 12 264800 20_internal_5388 20 3352359 3428713 163 158.782 1.05868 11.2181 0.0171398 -0.192286 0.169154 0.16919
ENSG00000215251.3 20 3140543 3140543 - 13 -255988 20_internal_5795 20 3396531 3412145 163 167.202 0.995184 13.2974 0.0100402 0.197617 0.119403 0.116103
ENSG00000185019.12 20 3140842 3140842 - 13 -211517 20_internal_5388 20 3352359 3428713 163 155.901 0.961114 12.3892 0.035846 -0.161901 0.427861 0.416907
ENSG00000198171.8 20 3185331 3185331 - 13 901780 20_internal_5016 20 2187733 2283551 163 168.969 0.974246 14.1001 0.130963 -0.116316 0.855721 0.851602
ENSG00000125877.7 20 3189514 3189514 + 13 903020 20_internal_7090 20 4092534 4143183 163 159.96 0.990063 10.7504 0.016374 0.189243 0.19403 0.175685
ENSG00000088854.11 20 3388272 3388272 - 11 493403 20_internal_5358 20 2862965 2894869 163 151.73 0.982502 9.52085 0.018597 -0.184081 0.238806 0.206995
ENSG00000088812.13 20 3451687 3451687 + 11 -482490 20_internal_7367 20 2845859 2969197 163 168.444 0.956862 10.7134 0.0394023 -0.161057 0.373134 0.347052
ENSG00000101220.13 20 3749034 3749034 - 13 320321 20_internal_5388 20 3352359 3428713 163 172.455 1.02135 14.3491 0.0313748 0.157141 0.308458 0.313302
ENSG00000125817.7 20 3767337 3767337 - 13 872468 20_internal_5358 20 2862965 2894869 163 151.412 0.977071 11.4733 0.118509 -0.120639 0.825871 0.810534
ENSG00000101224.13 20 3767578 3767578 + 13 -798381 20_internal_7367 20 2845859 2969197 163 149.788 1.01959 11.8495 0.021679 0.176113 0.283582 0.275053
ENSG00000125843.6 20 3801178 3801178 + 13 166264 20_internal_6285 20 3967442 4073566 163 148.897 1.17489 13.7375 0.035133 0.166551 0.378109 0.382717
ENSG00000088888.13 20 3827487 3827487 + 14 265047 20_internal_7090 20 4092534 4143183 163 187.689 0.932714 16.5563 0.0670028 -0.135642 0.59204 0.597847
ENSG00000125779.16 20 3869486 3869486 + 14 -457341 20_internal_5795 20 3396531 3412145 163 167.362 1.09791 15.491 0.00214601 0.241299 0.00497512 0.019379
ENSG00000229539.1 20 3869515 3869515 - 14 -871539 20_internal_4864 20 4741054 4955371 163 148.149 1.15746 12.295 0.0117411 0.195146 0.129353 0.132004
ENSG00000199024.1 20 3898141 3898141 + 14 -485996 20_internal_5795 20 3396531 3412145 163 159.88 1.04451 13.5709 0.0191664 0.187498 0.223881 0.225312
ENSG00000101236.11 20 3996229 3996229 - 13 0 20_internal_6285 20 3967442 4073566 163 181.911 0.842245 13.2814 0.00122655 0.251463 0.0298507 0.0188685
ENSG00000226608.2 20 4004552 4004552 + 13 870938 20_internal_5248 20 4875490 4877994 163 170.975 1.06594 14.0158 0.0420811 -0.162569 0.422886 0.382543
ENSG00000171867.12 20 4666882 4666882 + 20 575331 20_internal_6126 20 5242213 5248185 163 158.925 1.08869 20.3342 0.00861458 0.207803 0.159204 0.146137
ENSG00000101265.11 20 4804291 4804291 - 18 -71199 20_internal_5248 20 4875490 4877994 163 152.144 1.11117 17.3012 0.0176992 0.178563 0.308458 0.270422
ENSG00000252096.1 20 4849630 4849630 + 19 -776064 20_internal_6285 20 3967442 4073566 163 175.145 0.883422 17.6588 0.0681949 0.141282 0.701493 0.703642
ENSG00000252058.1 20 4863030 4863030 + 19 -789464 20_internal_6285 20 3967442 4073566 163 180.876 0.894948 19.9518 0.017773 -0.18568 0.273632 0.268916
ENSG00000089057.10 20 4990939 4990939 - 19 -44595 20_internal_5928 20 5035534 5050583 163 168.492 1.00705 20.5072 6.28728e-06 0.323308 0.00497512 8.39996e-05
ENSG00000212536.1 20 5079122 5079122 - 17 -425999 20_internal_5744 20 5505121 5521181 163 164.64 1.00111 16.8216 0.0451344 -0.158623 0.552239 0.530904
ENSG00000089063.10 20 5093749 5093749 - 17 43166 20_internal_5928 20 5035534 5050583 163 200.391 0.861492 24.2308 1.55136e-06 0.382276 0.00497512 1.51293e-05
ENSG00000252367.1 20 5094729 5094729 - 17 -718909 20_internal_6156 20 5813638 5900306 163 213.221 0.804585 23.8776 0.0879836 0.135312 0.771144 0.783676
ENSG00000132646.6 20 5107272 5107272 - 17 -706366 20_internal_6156 20 5813638 5900306 163 132.31 1.13636 13.7543 0.144678 -0.114032 0.940299 0.929208
ENSG00000101290.9 20 5107432 5107432 + 17 12112 20_internal_5040 20 5119544 5161274 163 175.257 0.994677 18.2185 1.7277e-33 0.741517 0.00497512 1.91574e-34
ENSG00000225022.1 20 5273477 5273477 - 16 -385765 20_internal_7249 20 5659242 5756232 163 167.139 1.00478 16.5472 0.0764245 -0.141261 0.716418 0.711832
ENSG00000101292.6 20 5297378 5297378 - 16 -37219 20_internal_5821 20 5334597 5339550 163 158.272 1.10559 15.8606 0.000330921 0.271567 0.00995025 0.00358808
ENSG00000226995.2 20 5451740 5451740 - 15 -170013 20_internal_4835 20 5621753 5657579 163 195.425 0.859585 17.1015 0.00933519 0.198547 0.0995025 0.110281
ENSG00000266908.1 20 5479762 5479762 + 15 -617151 20_internal_6025 20 4824751 4862611 163 165.754 0.998909 18.3999 0.0277081 0.170316 0.373134 0.389538
ENSG00000205181.4 20 5485259 5485259 - 15 -173983 20_internal_7249 20 5659242 5756232 163 151.412 0.998746 12.6572 9.05934e-05 0.289502 0.00995025 0.00206195
ENSG00000225640.1 20 5490648 5490648 - 15 -131105 20_internal_4835 20 5621753 5657579 163 190.809 0.843488 17.6562 0.0197986 0.180625 0.21393 0.255368
ENSG00000225831.1 20 5513524 5513524 + 15 51528 20_internal_5573 20 5565052 5590818 163 152.86 0.983706 12.9605 0.0325057 0.1665 0.40796 0.405997
ENSG00000235820.1 20 5514274 5514274 + 15 144968 20_internal_7249 20 5659242 5756232 163 152.797 1.10879 15.5869 0.000231946 0.27776 0.00497512 0.00309075
ENSG00000233578.1 20 5529486 5529486 + 15 92267 20_internal_4835 20 5621753 5657579 163 156.41 1.00098 14.2763 4.58442e-07 0.381802 0.00497512 1.1046e-05
ENSG00000125772.8 20 5591672 5591672 - 15 -30081 20_internal_4835 20 5621753 5657579 163 180.223 1.04584 15.204 1.04275e-10 0.47412 0.00497512 5.7832e-11
ENSG00000171984.10 20 5731039 5731039 + 15 82599 20_internal_6156 20 5813638 5900306 163 179.443 0.89404 15.3087 0.000524488 0.265699 0.0149254 0.00775607
ENSG00000089195.10 20 5931182 5931182 - 14 30876 20_internal_6156 20 5813638 5900306 163 187.163 0.878006 17.0263 7.55345e-05 0.311667 0.00497512 0.00102957
ENSG00000125885.9 20 5931298 5931298 + 14 -273719 20_internal_4835 20 5621753 5657579 163 160.708 0.974803 13.1403 0.0389032 -0.162013 0.422886 0.429806
ENSG00000088766.6 20 5986736 5986736 + 13 -647186 20_internal_5821 20 5334597 5339550 163 148.881 0.97068 10.2284 0.0483606 0.159593 0.472637 0.478494
ENSG00000125845.5 20 6748311 6748311 + 4 86936 20_internal_5286 20 6835247 6938829 163 146.636 0.999937 3.48096 2.92819e-11 0.471111 0.00497512 9.95147e-10
ENSG00000125827.4 20 8000476 8000476 - 9 -300248 20_internal_7419 20 8300724 8475936 163 182.149 0.93576 8.90054 0.000271406 0.285923 0.00497512 0.0016714
ENSG00000229766.1 20 8000549 8000549 + 9 -89107 20_internal_5298 20 7837216 7911442 163 142.195 1.10393 7.57485 0.153209 -0.110821 0.771144 0.751431
ENSG00000182621.12 20 8112824 8112824 + 9 11977 20_internal_7068 20 8124801 8501044 163 169.813 1.00434 8.16318 1.29328e-13 0.532387 0.00497512 2.88817e-13
ENSG00000225479.1 20 8229351 8229351 + 9 71373 20_internal_7419 20 8300724 8475936 163 168.269 0.949881 8.43055 1.93127e-12 0.512655 0.00497512 2.6444e-11
ENSG00000261062.1 20 10384178 10384178 - 9 786334 20_internal_6717 20 9461512 9597844 163 150.982 1.12564 10.3262 0.08635 -0.133353 0.626866 0.608979
ENSG00000125863.12 20 10414870 10414870 - 9 -12152 20_internal_6862 20 10427022 10533867 163 161.345 1.11366 10.5094 0.0418158 0.157832 0.338308 0.318181
ENSG00000149346.10 20 10415951 10415951 + 9 11071 20_internal_6862 20 10427022 10533867 163 157.445 1.02616 9.95105 0.00205834 0.240206 0.0149254 0.0217277
ENSG00000235036.3 20 10594877 10594877 - 9 80797 20_internal_5681 20 10466314 10514080 163 183.662 0.870097 8.79932 0.0859958 0.13581 0.527363 0.527165
ENSG00000101384.6 20 10654608 10654608 - 8 0 20_internal_4884 20 10520231 10656124 163 166.438 0.963302 8.20937 0.00114734 0.253099 0.0149254 0.0100423
ENSG00000132640.10 20 11871371 11871371 + 2 161198 20_internal_7242 20 12032569 12154160 163 154.977 0.999992 1.99118 0.00036785 0.27 0.00497512 0.00102425
ENSG00000236526.1 20 11899325 11899325 - 2 -133244 20_internal_7242 20 12032569 12154160 163 152.494 1.00001 1.79397 0.00126365 0.252232 0.00995025 0.00326226
ENSG00000089123.11 20 13619587 13619587 - 2 -145090 20_internal_6002 20 13764677 13851745 163 150.393 1.00003 2.0326 0.347178 0.072272 0.616915 0.604711
ENSG00000089048.10 20 13765532 13765532 - 2 0 20_internal_6002 20 13764677 13851745 163 148.212 0.999988 1.91733 0.0326614 0.170639 0.0895522 0.078387
ENSG00000101247.13 20 13765596 13765596 + 2 0 20_internal_6002 20 13764677 13851745 163 169.431 1.00001 2.10168 0.0179961 0.181609 0.0497512 0.0330461
ENSG00000089177.13 20 16554078 16554078 - 3 0 20_internal_6923 20 16298388 16557053 163 173.872 1.00002 3.1529 3.05534e-13 0.5432 0.00497512 1.57595e-13
ENSG00000125870.6 20 16710606 16710606 + 3 -153553 20_internal_6923 20 16298388 16557053 163 164.703 0.999973 2.71952 3.03545e-09 0.448439 0.00497512 6.83541e-09
ENSG00000228809.1 20 16711593 16711593 - 3 18026 20_internal_6886 20 16021326 16693567 163 165.563 1.00003 2.90945 0.000165752 0.295204 0.00497512 0.00042805
ENSG00000125868.10 20 17550508 17550508 + 7 0 20_internal_6083 20 17498647 17877437 163 160.978 0.955061 6.2103 1.01267e-27 0.722164 0.00497512 1.95995e-25
ENSG00000202260.1 20 17557155 17557155 - 6 0 20_internal_6083 20 17498647 17877437 163 207.459 0.940872 8.63895 1.76627e-05 0.319004 0.00497512 2.20153e-05
ENSG00000230495.1 20 17580452 17580452 - 6 0 20_internal_6083 20 17498647 17877437 163 176.801 0.974796 6.48225 0.0275636 0.171934 0.144279 0.140756
ENSG00000125844.10 20 17662940 17662940 - 7 0 20_internal_6083 20 17498647 17877437 163 155.917 1.06745 6.2522 0.000869889 0.247289 0.00995025 0.00491839
ENSG00000212232.1 20 17943589 17943589 - 7 45909 20_internal_6088 20 17764060 17897680 163 153.449 1.05826 7.03375 0.180529 0.105402 0.766169 0.763204
ENSG00000125871.9 20 17949556 17949556 + 7 0 20_internal_7220 20 17919279 17977432 163 209.48 0.889078 8.81141 1.66781e-05 0.334595 0.00497512 3.4694e-05
ENSG00000089006.11 20 17949623 17949623 - 7 0 20_internal_7220 20 17919279 17977432 163 143.23 0.945816 6.18323 0.000157161 0.291391 0.00995025 0.00345697
ENSG00000125850.5 20 18039832 18039832 - 7 62400 20_internal_7220 20 17919279 17977432 163 146.191 1.05831 6.67197 0.021831 0.171526 0.149254 0.162971
ENSG00000149474.7 20 18118499 18118499 + 8 -220819 20_internal_6088 20 17764060 17897680 163 182.372 1.02983 8.77909 0.241074 -0.0931057 0.900498 0.874837
ENSG00000232838.2 20 18118499 18118499 + 8 -241062 20_internal_6083 20 17498647 17877437 163 153.354 0.89153 6.93044 0.160554 -0.109673 0.751244 0.769162
ENSG00000125846.11 20 18269121 18269121 + 10 987933 20_internal_5817 20 19257054 19410324 163 191.875 0.920405 12.2098 0.180011 -0.103125 0.880597 0.871119
ENSG00000132664.7 20 18447771 18447771 + 10 -470339 20_internal_7220 20 17919279 17977432 163 202.922 0.845525 10.654 0.154373 0.114284 0.751244 0.771982
ENSG00000089091.11 20 18447829 18447829 - 10 550149 20_internal_6088 20 17764060 17897680 163 150.011 1.13564 10.0507 0.0304415 -0.167434 0.318408 0.264011
ENSG00000265137.1 20 18451259 18451259 + 10 740642 20_internal_6796 20 19191901 19446643 163 142.927 1.06325 9.9491 0.029655 0.17157 0.313433 0.317254
ENSG00000089050.10 20 18477887 18477887 - 10 -180693 20_internal_5475 20 18658580 18719526 163 166.104 0.993884 9.54268 0.0372443 0.166518 0.273632 0.294305
ENSG00000101310.10 20 18488137 18488137 + 10 0 20_internal_5134 20 18487099 18539524 163 174.684 0.95199 9.81181 0.00246915 -0.229158 0.0199005 0.0207816
ENSG00000264134.1 20 18526428 18526428 - 10 0 20_internal_5134 20 18487099 18539524 163 137.42 1.03493 8.56454 0.0846052 -0.13556 0.661692 0.629254
ENSG00000232388.1 20 18548064 18548064 + 11 -8540 20_internal_5134 20 18487099 18539524 163 198.306 1.05933 16.6826 1.70313e-06 -0.355838 0.00497512 9.69058e-07
ENSG00000125821.7 20 18568537 18568537 + 11 -29013 20_internal_5134 20 18487099 18539524 163 142.291 1.12884 8.7809 3.20699e-06 -0.343693 0.00497512 3.54139e-05
ENSG00000232136.1 20 18623981 18623981 - 11 84457 20_internal_5134 20 18487099 18539524 163 186.463 0.918807 11.4144 0.002042 -0.230376 0.0199005 0.0163431
ENSG00000233993.1 20 18679353 18679353 - 13 139829 20_internal_5134 20 18487099 18539524 163 152.399 1.09088 12.9556 4.84472e-05 -0.29766 0.00497512 0.000575182
ENSG00000179935.5 20 18774979 18774979 - 16 -891340 20_internal_5441 20 19666319 19680605 163 173.379 0.874927 16.598 0.00299126 0.22814 0.079602 0.0568124
ENSG00000185052.6 20 19193290 19193290 + 20 522585 20_internal_4849 20 19715875 19724317 163 157.254 1.02618 19.445 0.000632071 -0.260271 0.0248756 0.0135144
ENSG00000179447.2 20 19265240 19265240 - 22 -679466 20_internal_5180 20 19944706 19959238 163 161.854 1.07741 23.6151 0.0153838 0.19436 0.283582 0.278329
ENSG00000232675.2 20 19677438 19677438 - 23 -38437 20_internal_4849 20 19715875 19724317 163 171.803 0.983011 22.8719 0.00337375 -0.229956 0.0646766 0.0613867
ENSG00000173418.7 20 19997760 19997760 + 25 -5480 20_internal_6140 20 19975599 19992280 163 165.324 1.00395 26.8105 0.000962835 0.256678 0.0248756 0.0230808
ENSG00000101343.10 20 20036690 20036690 - 25 356085 20_internal_5441 20 19666319 19680605 163 150.839 1.04963 18.9151 0.00445525 -0.217217 0.0845771 0.098081
ENSG00000213384.2 20 20640354 20640354 + 22 4845 20_internal_7137 20 20645199 20806201 163 155.296 1.04321 21.7595 0.0261921 0.175401 0.497512 0.464192
ENSG00000188559.8 20 20693266 20693266 - 21 -46198 20_internal_4876 20 20739464 20743514 163 161.408 1.05382 20.8995 0.00031509 0.277193 0.00995025 0.00526097
ENSG00000088970.10 20 21106624 21106624 + 11 -19601 20_internal_4907 20 21069789 21087023 163 204.052 0.855351 14.9709 4.45846e-10 0.470187 0.00497512 1.457e-09
ENSG00000199509.1 20 21119715 21119715 - 11 354768 20_internal_6641 20 20229142 20764947 163 183.884 0.988297 12.8688 0.039666 -0.156686 0.313433 0.319388
ENSG00000228604.3 20 21143531 21143531 - 11 56508 20_internal_4907 20 21069789 21087023 163 171.755 0.861456 11.0496 1.7533e-06 0.370892 0.00497512 5.26145e-05
ENSG00000214535.3 20 21147236 21147236 - 11 382289 20_internal_6641 20 20229142 20764947 163 163.334 0.985317 10.8557 0.0465752 -0.155141 0.373134 0.409657
ENSG00000232712.2 20 21198927 21198927 - 11 111904 20_internal_4907 20 21069789 21087023 163 184.505 0.998872 14.4 3.17195e-07 0.386488 0.00497512 7.76677e-07
ENSG00000088930.6 20 21283942 21283942 + 10 0 20_internal_5997 20 20819982 21496736 163 177.231 0.903255 10.5981 0.0941431 0.129619 0.631841 0.633497
ENSG00000230492.1 20 23011422 23011422 - 13 -17310 20_internal_6153 20 23028732 23207005 163 147.989 1.00822 8.83429 1.37313e-06 0.358355 0.00497512 3.41464e-05
ENSG00000234646.1 20 23012179 23012179 + 13 219839 20_internal_5570 20 23232018 23235887 163 159.466 0.964259 10.6445 2.35827e-06 0.358506 0.00497512 4.73711e-05
ENSG00000178726.6 20 23030378 23030378 - 13 0 20_internal_6153 20 23028732 23207005 163 172.487 0.909309 11.8452 1.28339e-10 0.453572 0.00497512 3.2242e-09
ENSG00000256492.1 20 23061278 23061278 - 13 0 20_internal_6153 20 23028732 23207005 163 153.179 1.03367 11.4585 1.07883e-12 0.513959 0.00497512 2.63196e-11
ENSG00000125810.9 20 23066977 23066977 - 13 0 20_internal_6153 20 23028732 23207005 163 171.182 0.985275 12.0481 2.88893e-13 0.520774 0.00497512 1.345e-12
ENSG00000233746.1 20 23113258 23113258 - 13 0 20_internal_6153 20 23028732 23207005 163 152.94 1.01594 10.1537 8.59005e-13 0.510892 0.00497512 2.9767e-11
ENSG00000132661.3 20 23331373 23331373 + 14 -101797 20_internal_7527 20 23174083 23229576 163 178.472 0.900293 11.6764 0.107222 0.122663 0.701493 0.714046
ENSG00000234832.1 20 23332123 23332123 - 14 -245137 20_internal_4806 20 23577260 23631331 163 182.786 0.815322 13.1247 0.0946739 0.129445 0.686567 0.724614
ENSG00000269407.1 20 23334066 23334066 - 14 -243194 20_internal_4806 20 23577260 23631331 163 174.19 1.09626 15.2618 0.0344223 0.169 0.328358 0.315881
ENSG00000232645.1 20 23338753 23338753 - 14 102866 20_internal_5570 20 23232018 23235887 163 173.299 0.88275 12.095 0.0318091 0.169017 0.358209 0.336483
ENSG00000125812.11 20 23342787 23342787 + 14 -113211 20_internal_7527 20 23174083 23229576 163 144.233 1.06674 10.9123 3.21593e-05 0.315689 0.00497512 0.00061813
ENSG00000125814.13 20 23402125 23402125 - 13 257505 20_internal_4749 20 23081534 23144620 163 199.102 0.880324 15.2809 0.015373 0.187426 0.144279 0.145481
ENSG00000101439.4 20 23619110 23619110 - 13 0 20_internal_4896 20 23617682 23637662 163 194.533 0.907286 13.6579 5.1937e-11 0.464694 0.00497512 1.0771e-10
ENSG00000077984.4 20 24929866 24929866 + 10 -158957 20_internal_4756 20 24765066 24770909 163 154.372 1.00778 8.54206 9.57414e-06 -0.333185 0.00497512 0.000131271
ENSG00000207355.1 20 24954807 24954807 + 10 0 20_internal_5715 20 24910241 24976362 163 165.229 1.06577 10.1093 0.00557312 0.214899 0.0447761 0.0416629
ENSG00000101474.7 20 24973615 24973615 - 10 -42372 20_internal_4802 20 25015987 25038199 163 177.167 0.920528 9.74466 3.72643e-05 0.297882 0.00995025 0.000341931
ENSG00000154930.10 20 25039616 25039616 - 9 1417 20_internal_4802 20 25015987 25038199 163 137.388 1.06959 7.31498 1.36795e-15 0.52681 0.00497512 2.44958e-13
ENSG00000197586.8 20 25176329 25176329 + 9 30900 20_internal_6640 20 25207229 25523189 163 157.874 1.09637 9.36178 0.0123986 0.20004 0.0895522 0.0965851
ENSG00000100994.7 20 25228705 25228705 + 10 0 20_internal_6640 20 25207229 25523189 163 153.29 0.99764 8.08617 3.5326e-08 0.408624 0.00497512 7.54378e-07
ENSG00000100997.14 20 25371619 25371619 - 10 0 20_internal_6640 20 25207229 25523189 163 175.384 0.974237 11.3457 0.00047361 0.264427 0.00995025 0.00381571
ENSG00000213742.2 20 25604681 25604681 + 9 126471 20_internal_5119 20 25731152 25991449 163 161.599 0.966259 7.80759 0.00032967 0.276479 0.00497512 0.00336923
ENSG00000170191.4 20 25604811 25604811 - 9 81622 20_internal_6640 20 25207229 25523189 163 154.595 0.99079 8.9797 0.175125 -0.107102 0.820896 0.845789
ENSG00000130684.9 20 25677477 25677477 - 9 -53675 20_internal_5119 20 25731152 25991449 163 153.29 0.916351 7.92178 0.0111704 0.188507 0.129353 0.129971
ENSG00000227195.2 20 26232162 26232162 - 6 708973 20_internal_6640 20 25207229 25523189 163 187.275 0.979482 8.46532 0.26276 0.0883781 0.885572 0.893979
ENSG00000149531.10 20 29611857 29611857 + 9 0 20_internal_5619 20 29518306 29638974 163 149.024 1.01269 7.5904 3.56349e-12 0.505875 0.00497512 1.69589e-10
ENSG00000221319.1 20 29637162 29637162 + 11 0 20_internal_5619 20 29518306 29638974 163 164.114 1.01039 8.63441 5.23581e-08 0.417315 0.00497512 3.48039e-07
ENSG00000238151.1 20 29638060 29638060 - 11 0 20_internal_5619 20 29518306 29638974 163 150.966 1.02276 10.042 2.3235e-11 0.501161 0.00497512 7.87132e-10
ENSG00000101294.12 20 30102231 30102231 + 17 0 20_internal_6643 20 30061273 30131361 163 183.837 0.945797 17.2269 7.01879e-09 0.417137 0.00497512 3.62938e-08
ENSG00000101898.5 20 30135307 30135307 + 18 -3946 20_internal_6643 20 30061273 30131361 163 168.89 0.9603 16.6998 6.96018e-06 0.333319 0.00497512 0.000117104
ENSG00000235313.1 20 30150969 30150969 + 18 -19608 20_internal_6643 20 30061273 30131361 163 164.48 0.942678 17.0259 2.7138e-06 0.350407 0.00497512 7.58243e-05
ENSG00000230613.1 20 30161066 30161066 - 19 -957575 20_internal_5916 20 31118641 31149749 163 148.308 0.990301 14.6684 0.00134494 -0.231662 0.0348259 0.0334217
ENSG00000201770.1 20 30168892 30168892 + 19 867111 20_internal_5243 20 31036003 31105632 163 175.496 0.965049 20.2744 0.0292588 -0.169646 0.363184 0.401936
ENSG00000125968.7 20 30193086 30193086 + 19 -539168 20_internal_4826 20 29596894 29653918 163 179.459 0.925117 19.5314 0.00612742 0.219017 0.124378 0.0943477
ENSG00000236559.1 20 30274019 30274019 + 19 -142658 20_internal_6643 20 30061273 30131361 163 149.263 1.15276 19.2411 0.111273 -0.123279 0.885572 0.906792
ENSG00000268457.1 20 30309001 30309001 + 19 727271 20_internal_7161 20 31036272 31274375 163 150.313 1.03117 15.3337 0.0404128 -0.158222 0.532338 0.523447
ENSG00000171552.8 20 30311792 30311792 - 19 -306680 20_internal_5228 20 30618472 30744612 163 174.302 0.905888 17.762 0.040315 0.158612 0.507463 0.505138
ENSG00000088325.11 20 30327074 30327074 + 19 594241 20_internal_5506 20 30921315 30927424 163 163.573 1.08483 18.8724 0.0074592 0.203254 0.0995025 0.105844
ENSG00000131044.12 20 30458505 30458505 + 19 462810 20_internal_5506 20 30921315 30927424 163 162.634 1.02864 19.2847 0.0125084 -0.189562 0.21393 0.205689
ENSG00000088356.4 20 30539895 30539895 - 19 -381420 20_internal_5506 20 30921315 30927424 163 169.877 1.02398 20.9715 0.0247077 -0.175622 0.368159 0.359435
ENSG00000101321.3 20 30555805 30555805 + 20 -722572 20_internal_7008 20 29809038 29833233 163 162.698 0.897031 17.8672 0.000644347 0.261639 0.0298507 0.0190271
ENSG00000260903.1 20 30586850 30586850 + 20 74986 20_internal_7006 20 30661836 30680393 163 140.747 1.09595 17.3854 0.0033526 0.220614 0.0646766 0.0823197
ENSG00000101331.11 20 30598245 30598245 + 20 63591 20_internal_7006 20 30661836 30680393 163 165.706 1.08159 21.529 0.0138593 0.192273 0.20398 0.214027
ENSG00000226239.1 20 30619378 30619378 - 18 322070 20_internal_5559 20 30286589 30297308 163 176.483 0.963431 19.9357 0.0576635 0.149033 0.641791 0.642253
ENSG00000101336.8 20 30639991 30639991 + 17 21845 20_internal_7006 20 30661836 30680393 163 154.691 1.03636 14.4977 0.0323143 0.163224 0.41791 0.404395
ENSG00000101337.11 20 30697309 30697309 + 15 0 20_internal_4919 20 30618851 30798861 163 159.53 0.933469 13.043 0.00499816 0.219207 0.104478 0.0846457
ENSG00000265736.1 20 30706554 30706554 - 15 -19942 20_internal_6243 20 30726496 30754892 163 194.677 0.947555 20.009 0.0728318 0.139594 0.656716 0.662747
ENSG00000224452.1 20 30758593 30758593 - 15 603356 20_internal_5771 20 30106374 30155237 163 145.013 1.01516 11.5103 0.0187986 -0.180473 0.253731 0.26123
ENSG00000235217.5 20 30778330 30778330 - 15 0 20_internal_4919 20 30618851 30798861 163 163.302 1.00636 13.9234 0.000374141 0.272938 0.0149254 0.0049504
ENSG00000126003.6 20 30795594 30795594 - 15 0 20_internal_4919 20 30618851 30798861 163 168.826 0.961285 14.3092 5.56622e-06 0.345987 0.00497512 8.03556e-05
ENSG00000101346.6 20 30795683 30795683 + 15 -115290 20_internal_7006 20 30661836 30680393 163 168.715 1.02801 15.6144 0.0103402 0.200377 0.149254 0.1242
ENSG00000243952.1 20 30822717 30822717 + 16 -78105 20_internal_5228 20 30618472 30744612 163 175.034 0.826699 14.6136 0.114228 0.121598 0.865672 0.840423
ENSG00000221667.1 20 30825598 30825598 + 16 -694237 20_internal_6643 20 30061273 30131361 163 164.21 0.947575 13.3994 0.0129725 -0.197783 0.218905 0.175753
ENSG00000101350.6 20 30865467 30865467 + 15 -66606 20_internal_4919 20 30618851 30798861 163 166.279 0.950582 13.2796 0.13035 0.120717 0.835821 0.84619
ENSG00000171456.12 20 30946155 30946155 + 15 -206636 20_internal_5372 20 30673108 30739519 163 145.697 0.902407 10.7093 0.0481161 -0.151895 0.502488 0.541554
ENSG00000236772.1 20 31037558 31037558 + 15 -357165 20_internal_7006 20 30661836 30680393 163 210.117 0.849213 20.8539 0.153459 0.110385 0.925373 0.92466
ENSG00000197183.8 20 31172876 31172876 - 13 -379614 20_internal_4869 20 31552490 31588116 163 159.944 1.00944 11.4289 0.149373 0.11054 0.845771 0.848482
ENSG00000175730.7 20 31278816 31278816 - 15 129067 20_internal_5916 20 31118641 31149749 163 133.122 1.05154 9.6035 0.0544491 -0.138297 0.542289 0.538844
ENSG00000149600.6 20 31331814 31331814 - 14 -220676 20_internal_4869 20 31552490 31588116 163 164.13 0.990701 14.9168 0.125201 0.120245 0.870647 0.862974
ENSG00000101367.8 20 31407699 31407699 + 14 -727306 20_internal_7006 20 30661836 30680393 163 168.476 0.898561 13.4475 0.0122168 0.197347 0.18408 0.172521
ENSG00000260536.1 20 31442063 31442063 - 14 761670 20_internal_7006 20 30661836 30680393 163 169.988 1.01454 14.3173 0.00566464 0.215671 0.0547264 0.0626246
ENSG00000260257.1 20 31444848 31444848 + 14 -764455 20_internal_7006 20 30661836 30680393 163 156.696 1.04466 13.8784 0.0119125 0.190992 0.169154 0.158429
ENSG00000215529.8 20 31446729 31446729 + 14 -519305 20_internal_5506 20 30921315 30927424 163 163.509 0.949381 14.7817 0.0447763 0.154195 0.497512 0.513647
ENSG00000101391.15 20 31989367 31989367 - 13 99290 20_internal_5257 20 31816936 31890077 163 174.031 0.922929 14.8897 0.018274 0.1853 0.223881 0.230264
ENSG00000101400.5 20 32031698 32031698 - 13 881949 20_internal_5916 20 31118641 31149749 163 143.548 1.07618 9.87252 0.157738 -0.113384 0.860697 0.851416
ENSG00000078699.16 20 32077881 32077881 + 13 670577 20_internal_6120 20 32748458 32788761 163 160.087 1.11497 14.3588 0.0351941 0.160095 0.358209 0.364128
ENSG00000182584.4 20 32254304 32254304 + 12 549116 20_internal_5409 20 32803420 32838610 163 193.053 0.963251 12.8616 0.0271271 0.175065 0.189055 0.203386
ENSG00000125967.11 20 32262269 32262269 - 11 -903093 20_internal_6504 20 33165362 33232687 163 160.326 1.11307 11.3882 0.0377994 0.150842 0.343284 0.31673
ENSG00000101417.7 20 32308125 32308125 - 10 720009 20_internal_4869 20 31552490 31588116 163 167.441 0.997135 9.95551 0.0484981 -0.153444 0.323383 0.372515
ENSG00000131061.9 20 32319463 32319463 + 10 0 20_internal_6602 20 32273017 32448193 163 164.401 0.906277 8.54318 0.0421422 0.157238 0.348259 0.346888
ENSG00000230753.1 20 32398903 32398903 - 10 -404517 20_internal_5409 20 32803420 32838610 163 151.794 1.10942 10.3464 0.0448756 0.154552 0.412935 0.380304
ENSG00000101421.3 20 32399110 32399110 + 10 0 20_internal_6914 20 32276717 32599575 163 156.505 1.06118 10.3351 1.2186e-07 0.390077 0.00497512 9.8948e-07
ENSG00000125970.7 20 32581452 32581452 + 10 -993336 20_internal_4869 20 31552490 31588116 163 175.321 0.958275 11.4473 0.124085 0.116546 0.756219 0.753029
ENSG00000228265.1 20 32582163 32582163 - 10 692086 20_internal_5257 20 31816936 31890077 163 162.172 0.882265 9.64366 0.0175891 -0.182994 0.218905 0.205403
ENSG00000228386.2 20 32605555 32605555 - 9 100212 20_internal_5202 20 32502573 32505343 163 156.951 1.03488 9.45984 0.193812 -0.103766 0.865672 0.875624
ENSG00000264616.1 20 32636925 32636925 + 9 -746848 20_internal_5257 20 31816936 31890077 163 212.441 0.870369 10.8764 0.097498 0.133494 0.542289 0.543801
ENSG00000229472.1 20 32668955 32668955 + 10 134465 20_internal_5409 20 32803420 32838610 163 145.251 1.00117 8.10078 0.0290389 0.173397 0.303483 0.277231
ENSG00000125977.6 20 32700138 32700138 - 10 -149709 20_internal_5208 20 32849847 32882425 163 157.747 0.930788 8.34077 0.211117 0.0974049 0.870647 0.885572
ENSG00000236456.1 20 32834343 32834343 - 10 329000 20_internal_5202 20 32502573 32505343 163 152.001 1.02699 8.90247 0.244639 -0.0878332 0.915423 0.929364
ENSG00000250917.1 20 32868979 32868979 - 10 363636 20_internal_5202 20 32502573 32505343 163 131.944 1.06002 8.21026 0.00896315 -0.201219 0.129353 0.125487
ENSG00000101444.7 20 32899608 32899608 - 9 300033 20_internal_6914 20 32276717 32599575 163 169.319 0.919264 9.12794 0.0719662 0.137874 0.502488 0.506199
ENSG00000078747.7 20 32951041 32951041 + 9 -221366 20_internal_5255 20 32695469 32729675 163 163.891 0.931873 8.5748 0.0149168 -0.188702 0.154229 0.140419
ENSG00000201498.1 20 32972071 32972071 - 9 523878 20_internal_6602 20 32273017 32448193 163 235.268 0.77455 15.3172 0.0458673 0.154074 0.328358 0.333503
ENSG00000234933.1 20 32990502 32990502 - 9 108077 20_internal_5208 20 32849847 32882425 163 182.484 0.914641 9.35439 0.0178501 0.188074 0.139303 0.134659
ENSG00000236388.1 20 33029830 33029830 - 9 524487 20_internal_5202 20 32502573 32505343 163 145.809 1.13333 9.18749 0.0218774 -0.182426 0.199005 0.19435
ENSG00000231795.1 20 33038735 33038735 + 9 -439160 20_internal_6914 20 32276717 32599575 163 171.054 0.982117 8.96169 0.126253 -0.120577 0.661692 0.67981
ENSG00000207997.1 20 33054130 33054130 + 9 587951 20_internal_5059 20 33642081 33699805 163 165.658 1.03039 9.44829 0.0169423 0.191286 0.134328 0.132324
ENSG00000181741.7 20 33064279 33064279 - 9 464704 20_internal_6914 20 32276717 32599575 163 177.756 0.918098 8.84949 0.0404038 -0.154006 0.323383 0.28902
ENSG00000125971.12 20 33104214 33104214 + 9 -374539 20_internal_5255 20 32695469 32729675 163 146.143 1.1212 8.55298 0.252301 0.0884968 0.925373 0.925179
ENSG00000101460.8 20 33134658 33134658 + 9 30704 20_internal_6504 20 33165362 33232687 163 135.892 0.959908 6.8696 3.38999e-09 0.444211 0.00497512 8.51371e-07
ENSG00000101464.6 20 33264910 33264910 - 9 32223 20_internal_6504 20 33165362 33232687 163 176.085 0.9354 10.4611 0.00142559 0.249646 0.0149254 0.013176
ENSG00000078804.8 20 33292094 33292094 + 9 -59407 20_internal_6504 20 33165362 33232687 163 143.118 1.07977 7.97306 0.000496302 0.270855 0.00497512 0.00582633
ENSG00000198646.9 20 33413452 33413452 - 10 624691 20_internal_6120 20 32748458 32788761 163 176.896 0.960484 9.60847 0.201311 0.101965 0.855721 0.865193
ENSG00000131069.15 20 33459949 33459949 + 9 -227262 20_internal_6504 20 33165362 33232687 163 143.835 1.11097 8.24461 0.229751 -0.0931026 0.895522 0.899855
ENSG00000131067.12 20 33460663 33460663 - 9 622053 20_internal_5409 20 32803420 32838610 163 167.919 1.1071 10.0982 0.213319 0.0958985 0.890547 0.885726
ENSG00000100983.5 20 33543620 33543620 - 9 -930698 20_internal_5245 20 34474318 34483861 163 158.336 0.933599 7.34931 0.0658012 -0.140157 0.422886 0.444495
ENSG00000078814.11 20 33563206 33563206 + 9 911112 20_internal_5245 20 34474318 34483861 163 188.978 1.01666 12.4183 0.0243009 -0.173405 0.159204 0.168067
ENSG00000207635.1 20 33578179 33578179 + 10 -739569 20_internal_5409 20 32803420 32838610 163 201.108 1.05122 15.0994 0.304681 -0.0796376 0.9801 0.986703
ENSG00000202150.1 20 33618223 33618223 - 9 -946721 20_internal_6511 20 34564944 34581260 163 154.563 1.06236 8.13378 0.0337705 -0.162961 0.243781 0.248687
ENSG00000100991.6 20 33680674 33680674 - 9 447987 20_internal_6504 20 33165362 33232687 163 168.619 1.00295 8.78021 0.206135 -0.0961658 0.840796 0.856006
ENSG00000201151.1 20 33705010 33705010 - 10 -993551 20_internal_5812 20 34698561 34705933 163 170.593 0.909502 9.3866 0.0116973 0.200367 0.134328 0.114266
ENSG00000101000.4 20 33759876 33759876 + 9 570734 20_internal_5544 20 34330610 34366588 163 169.908 1.03495 9.63064 0.0635285 -0.145495 0.422886 0.42205
ENSG00000200301.1 20 33783109 33783109 + 9 -944499 20_internal_5409 20 32803420 32838610 163 155.901 0.999544 7.59582 0.106439 0.122909 0.606965 0.602772
ENSG00000269202.1 20 33791091 33791091 - 8 558404 20_internal_6504 20 33165362 33232687 163 177.74 0.966769 8.59022 0.158085 0.111826 0.751244 0.738873
ENSG00000229230.2 20 33805812 33805812 + 8 892749 20_internal_5812 20 34698561 34705933 163 175.114 1.01122 8.39975 0.0692063 0.142521 0.378109 0.398034
ENSG00000125966.8 20 33814457 33814457 + 8 659861 20_internal_5245 20 34474318 34483861 163 160.023 0.992708 8.06379 0.157192 0.111122 0.771144 0.759629
ENSG00000088298.7 20 33865928 33865928 - 7 -832633 20_internal_5812 20 34698561 34705933 163 178.902 1.0125 7.75346 0.150143 0.112401 0.666667 0.66031
ENSG00000126005.10 20 33865934 33865934 - 7 -608384 20_internal_5245 20 34474318 34483861 163 147.496 0.970205 6.49218 0.0222891 0.179166 0.199005 0.189027
ENSG00000261582.1 20 33867846 33867846 - 7 635159 20_internal_6504 20 33165362 33232687 163 154.675 0.9598 6.21605 0.196334 0.0963889 0.791045 0.777857
ENSG00000242372.2 20 33872788 33872788 - 7 172983 20_internal_5059 20 33642081 33699805 163 141.431 1.09816 6.67508 0.107207 -0.120042 0.606965 0.575757
ENSG00000101019.17 20 33999944 33999944 - 6 -474374 20_internal_5245 20 34474318 34483861 163 211.04 0.809994 6.87626 0.00703464 0.204653 0.0646766 0.0347478
ENSG00000126001.11 20 34042985 34042985 + 6 431333 20_internal_5245 20 34474318 34483861 163 155.917 1.1329 7.17157 0.0420674 -0.160611 0.233831 0.236766
ENSG00000230155.2 20 34078808 34078808 - 6 -251802 20_internal_5544 20 34330610 34366588 163 168.11 0.986429 6.76874 0.0517232 0.14996 0.298507 0.290115
ENSG00000125991.14 20 34129770 34129770 + 6 -897083 20_internal_6504 20 33165362 33232687 163 167.393 1.17775 7.64361 0.0572069 0.142945 0.263682 0.270573
ENSG00000224497.1 20 34132492 34132492 - 6 -341826 20_internal_5245 20 34474318 34483861 163 158.495 0.999976 5.34306 0.0764821 -0.1354 0.358209 0.362046
ENSG00000088340.11 20 34195484 34195484 - 6 495679 20_internal_5059 20 33642081 33699805 163 149.199 0.999995 5.30183 0.0547683 -0.148525 0.283582 0.304353
ENSG00000061656.5 20 34203814 34203814 + 6 126796 20_internal_5544 20 34330610 34366588 163 162.602 1.00005 5.19947 0.238672 0.0922738 0.766169 0.7587
ENSG00000222460.1 20 34231065 34231065 + 6 -998378 20_internal_6504 20 33165362 33232687 163 160.628 1.04889 6.16298 0.307049 0.0779608 0.895522 0.891159
ENSG00000252549.1 20 34235352 34235352 - 5 -238966 20_internal_5245 20 34474318 34483861 163 175.941 0.99999 5.23423 0.230323 0.0946003 0.726368 0.713858
ENSG00000214078.7 20 34252878 34252878 - 5 -221440 20_internal_5245 20 34474318 34483861 163 151.571 1.00001 4.40219 0.0965642 0.125511 0.393035 0.398638
ENSG00000244462.3 20 34252878 34252878 - 5 -221440 20_internal_5245 20 34474318 34483861 163 184.521 0.99999 5.14647 0.172654 0.102486 0.562189 0.558057
ENSG00000125995.11 20 34287194 34287194 + 6 974567 20_internal_5399 20 35261761 35271816 163 163.191 1.11215 7.72751 0.371517 0.0681789 0.960199 0.966145
ENSG00000244005.7 20 34287281 34287281 - 6 -187037 20_internal_5245 20 34474318 34483861 163 144.36 1.00003 4.87409 0.0812812 0.133297 0.402985 0.404676
ENSG00000238549.1 20 34304393 34304393 + 6 -604588 20_internal_5059 20 33642081 33699805 163 183.152 1.00716 6.79811 0.115789 0.126066 0.492537 0.491058
ENSG00000131051.15 20 34330234 34330234 - 6 -234710 20_internal_6511 20 34564944 34581260 163 144.535 1.00003 4.98369 0.00705398 0.210214 0.0845771 0.0545506
ENSG00000222152.1 20 34357789 34357789 - 6 -340772 20_internal_5812 20 34698561 34705933 163 162.602 1.00678 5.79567 0.0847561 0.13845 0.38806 0.399784
ENSG00000025293.11 20 34359896 34359896 + 6 114422 20_internal_5245 20 34474318 34483861 163 191.238 0.926495 7.29125 0.140439 0.111528 0.606965 0.60574
ENSG00000234274.1 20 34438837 34438837 - 6 739032 20_internal_5059 20 33642081 33699805 163 209.258 0.937156 7.07805 0.0634949 -0.144384 0.283582 0.252019
ENSG00000199676.1 20 34441286 34441286 - 6 -820475 20_internal_5399 20 35261761 35271816 163 165.929 0.927657 5.71707 0.121349 0.121496 0.507463 0.545592
ENSG00000219608.3 20 34466398 34466398 + 7 7920 20_internal_5245 20 34474318 34483861 163 178.695 0.915997 7.20992 0.155164 0.114178 0.661692 0.686398
