ENSG00000251022.1 4 83822113 83822113 - 10 837236 4_internal_7172 4 82960094 82984877 163 168.842 0.892101 9.68995 0.156697 -0.112682 0.820896 0.822135
ENSG00000138674.12 4 83822319 83822319 - 10 -313553 4_internal_7605 4 84135872 84257243 163 147.751 1.04243 8.54665 0.192324 0.103658 0.860697 0.86472
ENSG00000199530.1 4 83865998 83865998 - 10 -601415 4_internal_11433 4 84467413 84541860 163 168.412 1.0001 9.09735 0.06345 0.144944 0.437811 0.425994
ENSG00000252834.1 4 83870321 83870321 + 10 265551 4_internal_7605 4 84135872 84257243 163 142.912 1.06319 8.70616 0.199321 0.0963203 0.910448 0.886064
ENSG00000251874.1 4 83924565 83924565 + 10 167288 4_internal_8089 4 84091853 84121309 163 159.355 0.980819 9.95484 0.12026 -0.121079 0.78607 0.740364
ENSG00000189308.6 4 83934079 83934079 - 10 -201793 4_internal_7605 4 84135872 84257243 163 161.329 0.956595 8.78974 0.0887298 0.133953 0.61194 0.58454
ENSG00000138663.4 4 83955600 83955600 + 10 -765257 4_internal_9811 4 83181775 83190343 163 205.103 0.846554 11.8362 0.07297 -0.14716 0.507463 0.492173
ENSG00000145287.6 4 84058228 84058228 - 9 -77644 4_internal_7605 4 84135872 84257243 163 175.48 0.880839 8.44477 0.00140754 0.251468 0.0248756 0.0143944
ENSG00000250677.1 4 84158456 84158456 + 9 77582 4_internal_8901 4 84236038 84292924 163 173.952 1.04635 9.80995 5.81963e-08 0.423537 0.00497512 9.88462e-08
ENSG00000248401.2 4 84168332 84168332 + 9 67706 4_internal_8901 4 84236038 84292924 163 152.255 1.08361 7.56999 5.88627e-10 0.475741 0.00497512 3.5399e-09
ENSG00000250057.1 4 84168366 84168366 - 9 -67672 4_internal_8901 4 84236038 84292924 163 158.097 1.09536 8.62169 3.98051e-13 0.548978 0.00497512 6.47076e-13
ENSG00000173085.9 4 84206067 84206067 - 7 -29971 4_internal_8901 4 84236038 84292924 163 185.11 0.97186 9.03637 4.79037e-18 0.624297 0.00497512 8.36907e-19
ENSG00000173083.10 4 84256306 84256306 - 7 0 4_internal_8901 4 84236038 84292924 163 167.346 1.03924 6.82133 3.14492e-19 0.641655 0.00497512 1.38467e-19
ENSG00000163312.6 4 84377009 84377009 - 7 84085 4_internal_8901 4 84236038 84292924 163 157.986 0.915821 6.33986 0.0322938 0.169868 0.228856 0.237278
ENSG00000163319.6 4 84377085 84377085 + 7 -119842 4_internal_7605 4 84135872 84257243 163 163 1.02154 7.06565 0.0449526 0.157195 0.303483 0.268199
ENSG00000213608.5 4 84398677 84398677 + 7 68736 4_internal_11433 4 84467413 84541860 163 151.459 1.01054 6.69047 0.00211724 -0.244949 0.0298507 0.0193762
ENSG00000163322.9 4 84444501 84444501 - 8 187258 4_internal_7605 4 84135872 84257243 163 178.616 1.00419 8.70245 0.00494044 0.219242 0.0248756 0.0274919
ENSG00000138678.6 4 84457067 84457067 + 8 10346 4_internal_11433 4 84467413 84541860 163 164.831 1.05985 7.95218 0.00199981 0.24025 0.00995025 0.0113277
ENSG00000163624.5 4 85504132 85504132 + 6 0 4_internal_7636 4 85483222 85570532 163 163.86 0.999945 5.38791 0.206829 0.101217 0.726368 0.710735
ENSG00000239466.2 4 85609171 85609171 - 7 0 4_internal_11291 4 85602242 85900007 163 163.748 1.02702 7.19667 0.0735401 0.14276 0.437811 0.407351
ENSG00000251260.1 4 85724411 85724411 + 9 110221 4_internal_7983 4 85834632 85899586 163 167.091 0.980371 8.00598 0.00600574 0.214779 0.0497512 0.0454891
ENSG00000252062.1 4 85807639 85807639 - 9 -26993 4_internal_7983 4 85834632 85899586 163 184.871 0.850475 8.4939 0.0127666 0.192874 0.129353 0.103619
ENSG00000180769.4 4 85887538 85887538 + 10 0 4_internal_7983 4 85834632 85899586 163 187.132 0.989281 10.4071 0.00112943 0.249196 0.0149254 0.00533878
ENSG00000163625.11 4 85887544 85887544 - 10 0 4_internal_7983 4 85834632 85899586 163 163.971 1.21446 10.0753 0.00111983 0.252466 0.00497512 0.00375171
ENSG00000201901.1 4 86021649 86021649 + 11 -122063 4_internal_7983 4 85834632 85899586 163 154.898 0.991285 8.49431 0.00696476 -0.20531 0.079602 0.0720334
ENSG00000138639.13 4 86396267 86396267 + 11 0 4_internal_12154 4 86394986 86659319 163 159.96 0.921908 9.01973 5.08279e-11 0.479439 0.00497512 3.69443e-09
ENSG00000266421.1 4 86643621 86643621 + 10 0 4_internal_12154 4 86394986 86659319 163 162.363 1.04925 8.65837 0.000530558 0.264232 0.00497512 0.00354401
ENSG00000172493.16 4 87856154 87856154 + 9 166735 4_internal_7599 4 88022889 88044884 163 190.841 0.886336 9.19891 0.0162531 0.184193 0.129353 0.113415
ENSG00000163633.6 4 87857354 87857354 - 9 -919170 4_internal_7344 4 88776524 88787969 163 163.255 1.01954 9.55434 0.0281258 0.171384 0.243781 0.229646
ENSG00000248196.1 4 88087996 88087996 + 9 717734 4_internal_7363 4 88805730 88813188 163 169.049 1.0262 9.48285 0.0205886 0.18096 0.169154 0.152314
ENSG00000248180.1 4 88128244 88128244 + 9 -237908 4_internal_9979 4 87824991 87890336 163 162.634 1.04106 9.11891 0.0373294 0.162311 0.303483 0.276649
ENSG00000145332.8 4 88141760 88141760 - 9 -634764 4_internal_7344 4 88776524 88787969 163 150.202 1.10181 8.29758 0.0254494 0.172173 0.179104 0.197299
ENSG00000250163.1 4 88161466 88161466 - 10 657604 4_internal_7528 4 87442540 87503862 163 160.644 0.928756 8.89492 0.00550418 -0.212458 0.0696517 0.0644582
ENSG00000170509.7 4 88244058 88244058 - 10 -561672 4_internal_7363 4 88805730 88813188 163 152.112 0.990434 9.81643 0.0776941 -0.138007 0.60199 0.60087
ENSG00000255723.1 4 88266362 88266362 - 10 -565771 4_internal_7659 4 88832133 88861937 163 172.917 1.08674 11.5712 0.171804 0.102391 0.835821 0.847177
ENSG00000240966.2 4 88308326 88308326 - 10 804464 4_internal_7528 4 87442540 87503862 163 148.196 1.0856 9.65494 0.167045 -0.110044 0.840796 0.847625
ENSG00000198189.6 4 88312538 88312538 - 10 -519595 4_internal_7659 4 88832133 88861937 163 143.325 1.05636 8.6022 0.0234544 0.175766 0.228856 0.231896
ENSG00000170502.8 4 88343734 88343734 + 10 432790 4_internal_7344 4 88776524 88787969 163 143.58 1.09711 8.95477 0.105485 0.119689 0.686567 0.673924
ENSG00000118785.9 4 88896819 88896819 + 8 -108850 4_internal_7344 4 88776524 88787969 163 142.577 1.03341 7.4864 4.25397e-12 0.512856 0.00497512 3.38589e-10
ENSG00000118762.3 4 88928820 88928820 + 8 -140851 4_internal_7344 4 88776524 88787969 163 163.939 0.992902 7.64847 8.45592e-13 0.527137 0.00497512 6.7034e-12
ENSG00000163644.9 4 89205921 89205921 - 8 343984 4_internal_7659 4 88832133 88861937 163 182.42 1.00553 8.82813 0.0964622 0.126551 0.502488 0.512078
ENSG00000138642.10 4 89299891 89299891 + 9 -486703 4_internal_7363 4 88805730 88813188 163 159.514 1.00574 8.13397 0.0592268 -0.146896 0.39801 0.403239
ENSG00000138646.4 4 89378268 89378268 + 9 -516331 4_internal_7659 4 88832133 88861937 163 168.651 0.896089 8.11367 0.109108 0.128005 0.60199 0.632126
ENSG00000249934.2 4 89431554 89431554 - 9 -298434 4_internal_8948 4 89729988 89768691 163 164.974 1.04377 10.3962 0.0337998 -0.165593 0.288557 0.273407
ENSG00000138641.11 4 89442199 89442199 + 9 753819 4_internal_10128 4 90196018 90230091 163 167.011 1.00071 9.28606 0.0202838 -0.179841 0.139303 0.161313
ENSG00000255072.1 4 89442940 89442940 - 9 -287048 4_internal_8948 4 89729988 89768691 163 174.954 0.904588 10.5802 0.00411224 -0.219531 0.0547264 0.0442981
ENSG00000145337.4 4 89444964 89444964 - 9 -285024 4_internal_8948 4 89729988 89768691 163 168.587 1.12084 10.3796 0.000414326 -0.26698 0.00497512 0.00163625
ENSG00000207524.1 4 89606105 89606105 - 9 818136 4_internal_7344 4 88776524 88787969 163 144.79 0.976647 7.26897 0.114791 0.126324 0.631841 0.667269
ENSG00000177432.6 4 89619386 89619386 - 9 844040 4_internal_9281 4 88764564 88775346 163 158.559 0.903969 7.78475 0.0302441 0.162811 0.273632 0.269369
ENSG00000248019.2 4 89630940 89630940 + 9 565078 4_internal_10128 4 90196018 90230091 163 168.89 1.04934 9.45065 0.120284 -0.120108 0.701493 0.6618
ENSG00000138640.10 4 90032549 90032549 - 7 -163469 4_internal_10128 4 90196018 90230091 163 165.499 0.955899 6.26966 0.0333241 -0.170049 0.19403 0.201314
ENSG00000180346.2 4 90033968 90033968 + 7 958188 4_internal_7522 4 90992156 91000647 163 159.323 0.942499 6.854 6.28143e-05 0.302343 0.00995025 0.000820836
ENSG00000185477.3 4 90229161 90229161 - 6 0 4_internal_10128 4 90196018 90230091 163 164.576 1.00773 5.56788 2.54597e-05 0.314129 0.00497512 0.000120533
ENSG00000184305.10 4 91048686 91048686 + 6 -788223 4_internal_7795 4 90243301 90260463 163 151.268 0.999971 4.85528 0.0297289 0.174455 0.159204 0.164268
ENSG00000187653.10 4 91760263 91760263 - 2 499728 4_internal_7539 4 91249081 91260535 163 159.036 0.999986 1.98047 0.0433922 -0.158591 0.0497512 0.0891043
ENSG00000163104.13 4 95128762 95128762 + 3 990937 4_internal_9542 4 96119699 96494083 163 143.437 1.00005 2.82136 0.343236 0.0750316 0.741294 0.73332
ENSG00000163110.10 4 95373037 95373037 + 3 65886 4_internal_9283 4 95438923 95493728 163 177.979 0.999962 3.04723 1.94602e-06 0.364265 0.00497512 2.00534e-06
ENSG00000182168.10 4 96470357 96470357 - 2 0 4_internal_9542 4 96119699 96494083 163 155.328 0.999995 2.13853 9.19955e-05 0.296703 0.00497512 0.000288462
ENSG00000163116.5 4 99064391 99064391 - 2 -776786 4_internal_8536 4 99841177 99854689 163 166.072 1.00002 2.2475 0.218687 0.0947828 0.41791 0.41858
ENSG00000138698.9 4 99182535 99182535 + 2 -109248 4_internal_7465 4 99063305 99073287 163 177.071 0.999976 2.16862 0.0226755 0.178433 0.0298507 0.0376223
ENSG00000249055.1 4 99830999 99830999 - 2 757712 4_internal_7465 4 99063305 99073287 163 173.474 0.99997 1.87625 0.133498 0.115456 0.218905 0.215961
ENSG00000151247.8 4 99851788 99851788 - 3 0 4_internal_8536 4 99841177 99854689 163 162.936 0.999989 2.79239 0.113119 0.121665 0.283582 0.284976
ENSG00000164024.7 4 99916771 99916771 + 4 -843484 4_internal_7465 4 99063305 99073287 163 182.133 1.00004 4.60079 0.0575368 0.145507 0.189055 0.189535
ENSG00000197894.6 4 100009952 100009952 - 4 155263 4_internal_8536 4 99841177 99854689 163 187.959 1.00001 4.35726 0.272187 -0.0847772 0.701493 0.694499
ENSG00000138813.5 4 100432161 100432161 + 5 582363 4_internal_9622 4 101014524 101750198 163 156.521 1.00002 4.76912 0.0338074 0.162487 0.169154 0.166875
ENSG00000138823.8 4 100484918 100484918 + 5 529606 4_internal_9622 4 101014524 101750198 163 171.007 0.987206 5.9751 0.316313 0.0787056 0.880597 0.888173
ENSG00000145331.9 4 100485189 100485189 - 5 630500 4_internal_8536 4 99841177 99854689 163 140.954 1.00004 4.3388 0.267249 -0.0869548 0.80597 0.790293
ENSG00000070190.8 4 100737990 100737990 + 5 372820 4_internal_8208 4 101110810 102128904 163 153.529 0.999989 4.87768 0.454396 0.0586439 0.960199 0.953904
ENSG00000109270.8 4 100815647 100815647 - 5 -198877 4_internal_9622 4 101014524 101750198 163 175.894 1.00004 5.52986 0.207341 0.100262 0.681592 0.688576
ENSG00000164031.12 4 100867883 100867883 - 4 -14497 4_internal_10729 4 100882380 101461630 163 151.03 1.00001 3.3008 0.28196 -0.0864571 0.676617 0.692495
ENSG00000245322.2 4 100871163 100871163 + 4 239647 4_internal_8208 4 101110810 102128904 163 175.321 0.99997 3.96461 0.00074323 0.257407 0.00497512 0.00185303
ENSG00000164032.7 4 100871545 100871545 - 4 -142979 4_internal_9622 4 101014524 101750198 163 157.683 0.999967 3.64389 0.00770173 0.212314 0.0447761 0.0315897
ENSG00000221265.1 4 102251571 102251571 - 11 289691 4_internal_7171 4 101939800 101961880 163 167.011 1.06322 8.9951 0.0169155 0.193365 0.129353 0.11356
ENSG00000254531.1 4 102268937 102268937 + 12 992907 4_internal_9924 4 103261844 103352915 163 186.145 0.904717 12.5236 0.000636861 0.254382 0.0149254 0.00583911
ENSG00000138814.12 4 102269435 102269435 - 12 307555 4_internal_7171 4 101939800 101961880 163 173.983 0.83949 10.0317 1.20821e-05 0.345755 0.00995025 0.000307683
ENSG00000138821.8 4 103352415 103352415 - 9 -708412 4_internal_8405 4 104060827 104067147 163 183.471 1.00148 10.1173 0.0752361 -0.137498 0.447761 0.459142
ENSG00000109320.7 4 103422486 103422486 + 9 71074 4_internal_11314 4 103493560 103547685 163 151.81 0.987738 8.19035 3.99475e-06 0.352948 0.00497512 7.94113e-05
ENSG00000238553.1 4 103487124 103487124 - 9 -6436 4_internal_11314 4 103493560 103547685 163 195.743 0.932796 10.3869 0.0876144 0.133253 0.542289 0.513117
ENSG00000241981.2 4 103583768 103583768 + 8 355724 4_internal_8145 4 103939492 104014196 163 148.26 1.07008 7.42926 0.06887 0.147104 0.482587 0.44171
ENSG00000248971.2 4 103651328 103651328 - 8 -3160 4_internal_8088 4 103654488 104059622 163 159.116 0.997676 7.30114 6.10772e-08 -0.406784 0.00497512 6.62484e-07
ENSG00000230069.3 4 103651878 103651878 - 8 -2610 4_internal_8088 4 103654488 104059622 163 207.889 0.993398 11.3558 3.29961e-07 -0.386639 0.00497512 1.0184e-07
ENSG00000224207.2 4 103655515 103655515 + 8 0 4_internal_8088 4 103654488 104059622 163 145.825 1.07037 7.53019 1.01293e-09 -0.456376 0.00497512 1.74024e-08
ENSG00000251288.2 4 103672558 103672558 + 8 0 4_internal_8088 4 103654488 104059622 163 181.942 0.898594 8.33176 3.42838e-06 -0.350573 0.00497512 2.63702e-05
ENSG00000109323.4 4 103682151 103682151 - 8 0 4_internal_8088 4 103654488 104059622 163 152.924 0.986413 7.1911 0.0192484 -0.181592 0.164179 0.161206
ENSG00000246560.2 4 103749212 103749212 + 7 -201527 4_internal_11314 4 103493560 103547685 163 130.129 0.999938 5.22984 0.00160363 -0.25048 0.0248756 0.0250124
ENSG00000109332.15 4 103790053 103790053 - 7 -149439 4_internal_8145 4 103939492 104014196 163 153.831 0.987654 6.38119 0.0105512 0.195338 0.109453 0.0829195
ENSG00000145354.5 4 103790135 103790135 + 7 270692 4_internal_8405 4 104060827 104067147 163 153.481 1.01221 6.53151 0.00166487 -0.242703 0.0149254 0.0140105
ENSG00000164037.12 4 103940896 103940896 - 7 -119931 4_internal_8405 4 104060827 104067147 163 152.319 1.04342 6.51212 0.0407855 -0.163737 0.248756 0.255843
ENSG00000164038.10 4 104006986 104006986 - 7 0 4_internal_8088 4 103654488 104059622 163 196.316 0.882753 7.74713 0.126316 0.122479 0.547264 0.586209
ENSG00000164039.10 4 104021040 104021040 - 7 0 4_internal_8088 4 103654488 104059622 163 169.622 1.03328 7.50608 6.77563e-05 0.310894 0.00497512 0.000274259
ENSG00000138778.7 4 104119566 104119566 - 7 59944 4_internal_8088 4 103654488 104059622 163 158.734 0.869138 5.75951 0.000312784 0.284058 0.0149254 0.00501857
ENSG00000245384.1 4 105412122 105412122 + 3 801969 4_internal_7658 4 106214091 106228019 163 161.854 1 3.35739 0.0195587 -0.181714 0.0298507 0.0655594
ENSG00000244470.2 4 105808112 105808112 - 3 -241115 4_internal_8060 4 106049227 106088308 163 191.414 1.00002 3.99562 0.575751 0.0435482 0.955224 0.956668
ENSG00000248373.1 4 105828514 105828514 + 3 265881 4_internal_9028 4 106094395 106096391 163 155.789 0.999955 2.78034 0.0956185 -0.129507 0.273632 0.261521
ENSG00000248242.1 4 105887950 105887950 - 3 -326141 4_internal_7658 4 106214091 106228019 163 177.899 1.00001 3.58249 0.0371803 -0.168566 0.109453 0.101601
ENSG00000251473.2 4 106025161 106025161 - 3 -188930 4_internal_7658 4 106214091 106228019 163 173.967 1.00005 3.73805 0.0582661 -0.147931 0.174129 0.175758
ENSG00000251259.1 4 106061776 106061776 - 3 0 4_internal_8060 4 106049227 106088308 163 151.268 0.999951 2.59751 0.116293 0.123123 0.313433 0.304256
ENSG00000168769.8 4 106067032 106067032 + 3 0 4_internal_8060 4 106049227 106088308 163 184.824 1.00001 3.20824 0.00435118 0.210776 0.00995025 0.00764628
ENSG00000251586.1 4 106099220 106099220 - 3 2829 4_internal_9028 4 106094395 106096391 163 148.897 0.999956 3.16362 0.117454 -0.119213 0.393035 0.367137
ENSG00000243383.2 4 106214815 106214815 + 3 -126507 4_internal_8060 4 106049227 106088308 163 186.336 1.00001 3.16409 0.121832 -0.122038 0.313433 0.278513
ENSG00000138777.15 4 106395238 106395238 - 4 298847 4_internal_9028 4 106094395 106096391 163 169.272 0.999981 4.55719 0.0793457 -0.133198 0.338308 0.29478
ENSG00000249264.1 4 106405855 106405855 + 4 -177836 4_internal_7658 4 106214091 106228019 163 179.316 1.00004 4.60695 0.150393 0.113243 0.482587 0.4774
ENSG00000236699.3 4 106473777 106473777 + 4 802411 4_internal_8220 4 107276188 107283598 163 170.354 0.999988 4.26015 0.0863779 -0.133528 0.318408 0.297583
ENSG00000249823.1 4 106616681 106616681 + 6 -520290 4_internal_9028 4 106094395 106096391 163 181.926 0.9927 6.07104 0.341534 0.0773847 0.905473 0.900477
ENSG00000138780.9 4 106629935 106629935 + 6 949804 4_internal_7610 4 107579739 107988091 163 183.216 0.990107 6.51161 0.207797 0.098703 0.706468 0.732247
ENSG00000138785.10 4 106817143 106817143 - 6 728835 4_internal_8060 4 106049227 106088308 163 175.321 0.959441 6.16922 0.471195 -0.0574084 0.9801 0.97804
ENSG00000164022.12 4 107236701 107236701 + 3 39487 4_internal_8220 4 107276188 107283598 163 153.179 0.99997 2.689 0.00101398 0.255501 0.00497512 0.00387825
ENSG00000145348.11 4 107242652 107242652 - 3 -337087 4_internal_7610 4 107579739 107988091 163 156.474 1.00003 2.54873 0.159079 0.109037 0.41791 0.373655
ENSG00000138801.4 4 108641608 108641608 - 10 5302 4_internal_10086 4 108613704 108636306 163 165.149 0.912029 9.27271 4.62747e-19 0.613517 0.00497512 9.17592e-17
ENSG00000164023.10 4 108745719 108745719 + 10 0 4_internal_7245 4 108744894 108765217 163 159.96 1.09019 10.8303 3.00622e-12 0.481479 0.00497512 5.90185e-12
ENSG00000245293.2 4 108899955 108899955 - 10 134738 4_internal_7245 4 108744894 108765217 163 178.456 0.912613 9.17857 1.77707e-08 0.414677 0.00497512 1.59854e-07
ENSG00000138796.10 4 108910870 108910870 + 10 -74983 4_internal_10036 4 108753617 108835887 163 155.773 1.201 11.2217 0.0532444 0.153017 0.427861 0.404271
ENSG00000234492.3 4 109541616 109541616 - 12 905310 4_internal_10086 4 108613704 108636306 163 135.287 1.08754 9.25387 0.0227612 0.174929 0.248756 0.264256
ENSG00000109475.12 4 109541722 109541722 + 12 -86047 4_internal_8680 4 109248607 109455675 163 174.381 0.98857 11.5637 0.0416716 0.158044 0.328358 0.344025
ENSG00000198856.8 4 109571740 109571740 + 12 897487 4_internal_7988 4 110469227 110484310 163 162.3 0.926429 11.4425 0.0762472 0.141574 0.646766 0.63175
ENSG00000138802.6 4 110354928 110354928 + 5 491026 4_internal_10346 4 110845954 111626919 163 154.436 0.999957 4.76195 0.0383973 0.159393 0.199005 0.192384
ENSG00000247950.2 4 110354973 110354973 - 5 -490981 4_internal_10346 4 110845954 111626919 163 164.846 0.999993 4.7638 0.292932 -0.0845315 0.810945 0.804646
ENSG00000243227.2 4 110372224 110372224 - 5 -121964 4_internal_8586 4 110494188 110500169 163 180.064 1.04109 5.96147 0.173256 0.102119 0.626866 0.60991
ENSG00000207988.1 4 110409854 110409854 + 5 84334 4_internal_8586 4 110494188 110500169 163 181.115 1.00004 5.23577 0.0758096 -0.144706 0.293532 0.28162
ENSG00000225094.3 4 110475250 110475250 - 4 0 4_internal_7988 4 110469227 110484310 163 164.21 1.00001 4.21928 0.0819261 0.134239 0.293532 0.299149
ENSG00000249965.2 4 110476326 110476326 + 4 369628 4_internal_10346 4 110845954 111626919 163 156.521 1.00001 3.66694 0.159337 0.107568 0.472637 0.490337
ENSG00000005059.11 4 110481361 110481361 + 4 12827 4_internal_8586 4 110494188 110500169 163 150.998 1.00001 3.5131 0.030603 0.174371 0.119403 0.12549
ENSG00000138794.5 4 110624739 110624739 - 4 124570 4_internal_8586 4 110494188 110500169 163 169.733 0.999966 4.50963 0.194309 0.0998978 0.61194 0.603199
ENSG00000123739.6 4 110651233 110651233 - 4 166923 4_internal_7988 4 110469227 110484310 163 146.573 0.999957 3.49205 0.221232 0.0954154 0.61194 0.627197
ENSG00000109534.12 4 110736666 110736666 + 4 109288 4_internal_10346 4 110845954 111626919 163 153.815 0.999946 3.51849 0.00135753 -0.251608 0.0149254 0.00653179
ENSG00000174749.4 4 113066553 113066553 + 6 0 4_internal_8862 4 113066060 113108692 163 149.342 1.07613 6.38578 0.00165147 0.241443 0.00497512 0.0117317
ENSG00000243280.2 4 113092371 113092371 + 6 -13183 4_internal_10176 4 113072878 113079188 163 168.126 1.01223 5.67084 0.016043 0.186915 0.079602 0.0765592
ENSG00000260526.1 4 113152752 113152752 - 6 -39234 4_internal_7490 4 113191986 113211990 163 159.562 0.999962 5.6722 0.00522388 -0.216308 0.0348259 0.0320409
ENSG00000138660.7 4 113152893 113152893 + 6 39093 4_internal_7490 4 113191986 113211990 163 192.544 0.920971 6.37307 0.0448756 0.149835 0.218905 0.202461
ENSG00000222306.1 4 113195228 113195228 + 6 533790 4_internal_8337 4 113729018 113739642 163 184.075 1.03289 5.9281 0.165309 0.107436 0.606965 0.578023
ENSG00000073331.13 4 113206665 113206665 + 6 0 4_internal_7490 4 113191986 113211990 163 167.027 1.03749 6.59303 0.0178816 -0.181686 0.0895522 0.0943549
ENSG00000145365.9 4 113207059 113207059 - 6 -223053 4_internal_8584 4 113430112 113439732 163 158.591 1.00001 5.45258 0.147813 -0.11298 0.567164 0.596739
ENSG00000251441.1 4 113277291 113277291 + 6 -65301 4_internal_7490 4 113191986 113211990 163 167.25 1.06064 6.24337 0.0447208 -0.148066 0.223881 0.211383
ENSG00000248697.1 4 113377080 113377080 + 6 -268388 4_internal_8862 4 113066060 113108692 163 160.358 0.963096 5.3992 0.0534761 -0.155518 0.298507 0.281181
ENSG00000174720.11 4 113558120 113558120 + 7 170898 4_internal_8337 4 113729018 113739642 163 142.991 1.00004 5.09877 0.0540417 -0.147073 0.308458 0.31391
ENSG00000138658.11 4 113558151 113558151 - 7 -918787 4_internal_11251 4 114476938 114901693 163 157.27 1.01467 7.26138 0.0284079 -0.171316 0.238806 0.20084
ENSG00000199169.1 4 113569097 113569097 - 7 448479 4_internal_7058 4 112911907 113120618 163 178.329 1.01806 9.1518 0.0625097 -0.143363 0.378109 0.374273
ENSG00000199145.1 4 113569227 113569227 - 7 -907711 4_internal_11251 4 114476938 114901693 163 156.887 1.03463 6.61259 0.0851529 0.135463 0.447761 0.452932
ENSG00000207927.1 4 113569407 113569407 - 7 129675 4_internal_8584 4 113430112 113439732 163 166.677 0.969706 6.52234 0.0141917 -0.187966 0.0895522 0.0900121
ENSG00000199102.1 4 113569586 113569586 - 7 460894 4_internal_8862 4 113066060 113108692 163 140.46 1.06332 5.97675 0.129581 0.119392 0.626866 0.621211
ENSG00000199058.1 4 113569713 113569713 - 7 129981 4_internal_8584 4 113430112 113439732 163 124.303 0.999922 5.44046 0.0172863 -0.185351 0.174129 0.188786
ENSG00000249532.1 4 113571207 113571207 - 7 -157811 4_internal_8337 4 113729018 113739642 163 187.609 0.916327 6.46523 0.370828 -0.069733 0.955224 0.939168
ENSG00000145349.12 4 114683083 114683083 - 5 -21986 4_internal_7932 4 114705069 114760070 163 164.114 1.00001 4.94824 0.0572731 0.151226 0.228856 0.249784
ENSG00000213492.2 4 118497329 118497329 - 2 -775606 4_internal_7765 4 119272935 119320446 163 171.643 0.99999 1.93309 0.168784 -0.109182 0.258706 0.282633
ENSG00000164100.7 4 118954773 118954773 + 5 318162 4_internal_7765 4 119272935 119320446 163 161.504 1.00005 5.19608 0.0310816 0.171101 0.169154 0.154866
ENSG00000206823.1 4 119200345 119200345 + 7 723265 4_internal_7973 4 119923610 119932289 163 144.694 1.07165 6.15381 0.0755005 0.139759 0.41791 0.423037
ENSG00000164099.3 4 119274158 119274158 - 8 0 4_internal_7765 4 119272935 119320446 163 187.052 1.0013 9.48846 0.00417445 0.226288 0.0248756 0.0200583
ENSG00000154608.8 4 119388744 119388744 + 8 514243 4_internal_8647 4 119902987 119963799 163 148.244 1.0477 7.60182 0.00631462 -0.206415 0.0597015 0.0587598
ENSG00000260404.2 4 119512928 119512928 + 8 507507 4_internal_11757 4 120020435 120206841 163 171.023 0.961668 7.51886 0.134923 0.116129 0.631841 0.651276
ENSG00000223225.1 4 119527605 119527605 + 8 494118 4_internal_8853 4 120021723 120025245 163 160.533 0.939522 7.26559 0.0698017 -0.147794 0.452736 0.447853
ENSG00000225892.3 4 119553429 119553429 + 8 467006 4_internal_11757 4 120020435 120206841 163 158.877 1.03084 8.39217 0.278639 0.084457 0.960199 0.93675
ENSG00000248213.1 4 119559179 119559179 - 8 -364431 4_internal_7973 4 119923610 119932289 163 153.736 1.11243 7.26273 0.0303576 -0.170356 0.189055 0.188652
ENSG00000145388.8 4 119606523 119606523 + 8 413912 4_internal_11757 4 120020435 120206841 163 144.026 1.04959 7.33481 0.137944 0.114686 0.691542 0.712593
ENSG00000150961.10 4 119759838 119759838 - 8 -102755 4_internal_8679 4 119862593 119890932 163 172.312 0.97479 7.43911 8.7129e-07 0.377198 0.00497512 4.38404e-06
ENSG00000172403.6 4 119809996 119809996 + 8 -489550 4_internal_7765 4 119272935 119320446 163 200.328 0.831014 9.74866 0.00970652 0.190787 0.0746269 0.0720487
ENSG00000145390.6 4 120133742 120133742 + 8 0 4_internal_11757 4 120020435 120206841 163 148.387 1.04443 7.80475 3.85584e-07 0.368714 0.00497512 5.90636e-06
ENSG00000164096.10 4 120225600 120225600 - 8 -786925 4_internal_11176 4 121012525 122302344 163 162.666 1.01924 8.0036 0.0945062 0.130991 0.547264 0.540979
ENSG00000229450.2 4 120299287 120299287 + 8 713238 4_internal_11176 4 121012525 122302344 163 163 0.963788 7.4855 0.0525996 0.148014 0.353234 0.349593
ENSG00000249244.1 4 120316490 120316490 - 8 425558 4_internal_8679 4 119862593 119890932 163 166.757 0.926475 7.35858 0.0121967 -0.194561 0.0945274 0.0983906
ENSG00000260091.1 4 120330488 120330488 + 7 0 4_internal_10797 4 120234026 120377877 163 156.935 1.01771 7.39165 0.0288542 -0.171076 0.19403 0.206833
ENSG00000248280.1 4 120371312 120371312 - 7 0 4_internal_10797 4 120234026 120377877 163 141.097 1.06443 5.93465 0.00629902 -0.209374 0.0447761 0.0522943
ENSG00000245958.2 4 120375946 120375946 + 7 0 4_internal_10797 4 120234026 120377877 163 186.304 1.0021 8.4809 2.89236e-05 0.330992 0.00497512 6.44826e-05
ENSG00000250950.1 4 120377505 120377505 + 7 0 4_internal_10797 4 120234026 120377877 163 160.74 1.02038 6.70011 0.00452079 0.226906 0.0298507 0.0294195
ENSG00000138735.11 4 120550146 120550146 - 7 172269 4_internal_10797 4 120234026 120377877 163 159.18 0.904379 7.01716 8.10115e-05 0.307709 0.00497512 0.00142708
ENSG00000250938.1 4 120988113 120988113 + 5 -962868 4_internal_8853 4 120021723 120025245 163 152.908 0.999937 5.33388 0.0100271 -0.200472 0.0746269 0.0656298
ENSG00000164109.8 4 120988229 120988229 - 5 962984 4_internal_8853 4 120021723 120025245 163 150.632 0.999948 4.49203 0.401419 0.0660452 0.915423 0.913408
ENSG00000249409.1 4 121560245 121560245 + 5 0 4_internal_11176 4 121012525 122302344 163 144.105 1 4.05889 5.88775e-06 0.342959 0.00497512 8.33893e-05
ENSG00000138738.6 4 121844025 121844025 - 6 0 4_internal_11176 4 121012525 122302344 163 158.336 1.00002 5.33447 1.79384e-11 0.507003 0.00497512 1.85472e-10
ENSG00000164111.9 4 122618268 122618268 - 8 -67394 4_internal_7487 4 122685662 122726196 163 174.413 0.919919 7.3268 0.00759123 0.201977 0.0696517 0.0547766
ENSG00000123737.8 4 122722472 122722472 + 8 0 4_internal_7487 4 122685662 122726196 163 181.958 1.00998 8.57527 0.00297317 0.229422 0.00497512 0.013796
ENSG00000145386.5 4 122745087 122745087 - 8 18891 4_internal_7487 4 122685662 122726196 163 165.865 0.989481 8.28426 0.00139912 0.248023 0.0149254 0.0110209
ENSG00000138686.5 4 122791652 122791652 - 8 65456 4_internal_7487 4 122685662 122726196 163 177.629 1.04318 9.02923 0.000230085 0.280388 0.00497512 0.0007948
ENSG00000138688.10 4 123073488 123073488 + 8 0 4_internal_7736 4 123026871 123134637 163 163.987 1.12355 8.59883 0.00653261 0.208012 0.0497512 0.0355134
ENSG00000181004.5 4 123653857 123653857 + 8 496544 4_internal_8215 4 124150401 124340398 163 186.909 0.921514 9.02525 0.131531 -0.114099 0.661692 0.669425
ENSG00000145375.6 4 123844229 123844229 + 7 554302 4_internal_9774 4 124398531 124478213 163 174.35 1.01641 7.80677 0.152354 0.109788 0.656716 0.682354
ENSG00000151458.7 4 125633887 125633887 - 1 970125 4_internal_9050 4 124418121 124663762 163 158.447 1.00003 1.05401 0.124238 0.124053 0.139303 0.136128
