ENSG00000257258.1 12 29301608 29301608 - 6 -27506 12_internal_9941 12 29329114 29355115 163 163.175 0.953047 5.79599 0.0311045 0.171176 0.218905 0.184045
ENSG00000064763.5 12 29302036 29302036 + 6 27078 12_internal_9941 12 29329114 29355115 163 183.598 1.01613 6.35175 0.0395092 0.164205 0.134328 0.164101
ENSG00000257176.1 12 29470781 29470781 - 5 115666 12_internal_9941 12 29329114 29355115 163 148.992 1.00005 4.30312 0.0211779 0.184299 0.119403 0.11337
ENSG00000087502.13 12 29534122 29534122 - 5 0 12_internal_13974 12 28903452 29937934 163 167.043 0.98166 5.38777 7.34562e-06 0.331386 0.00497512 3.70995e-05
ENSG00000257599.1 12 29542227 29542227 + 5 37354 12_internal_9706 12 29579581 29589276 163 178.44 0.975974 5.31612 0.00160271 0.251881 0.00995025 0.00582858
ENSG00000187950.4 12 29650619 29650619 - 5 61343 12_internal_9706 12 29579581 29589276 163 176.61 0.999977 5.30482 0.00256608 0.240476 0.0149254 0.00895605
ENSG00000133687.11 12 29937692 29937692 - 6 0 12_internal_13974 12 28903452 29937934 163 151.364 1.00006 4.91169 9.5614e-18 0.621992 0.00497512 6.77288e-16
ENSG00000133704.5 12 30848920 30848920 - 7 0 12_internal_13298 12 30807700 30976940 163 178.584 1.02043 8.47855 0.000375988 0.271934 0.00995025 0.0014526
ENSG00000110888.13 12 30907885 30907885 - 8 0 12_internal_13298 12 30807700 30976940 163 170.466 1.03036 9.72695 1.13869e-11 0.502015 0.00497512 1.79425e-11
ENSG00000013573.12 12 31226779 31226779 + 9 42990 12_internal_10998 12 31269769 31403190 163 170.259 1.04219 9.67369 0.0815264 -0.135743 0.532338 0.510498
ENSG00000256176.1 12 31464551 31464551 + 11 213375 12_internal_9559 12 31677926 31790977 163 154.118 0.964082 9.11848 0.115746 0.124282 0.711443 0.72067
ENSG00000177340.4 12 31477250 31477250 + 11 -74060 12_internal_10998 12 31269769 31403190 163 159.864 1.11143 10.7196 0.102702 -0.132604 0.681592 0.658097
ENSG00000139146.9 12 31479992 31479992 - 11 -788217 12_internal_11646 12 32268209 32419219 163 150.632 1.07226 9.87488 0.00897685 -0.199563 0.109453 0.0936279
ENSG00000170456.10 12 31744031 31744031 - 17 -165575 12_internal_11894 12 31909606 32157308 163 158.909 0.947885 16.8802 0.0861576 -0.133786 0.80597 0.812191
ENSG00000139160.9 12 31800094 31800094 + 17 109512 12_internal_11894 12 31909606 32157308 163 176.769 1.02542 19.8759 0.0246099 0.17145 0.283582 0.308733
ENSG00000266482.1 12 31866684 31866684 + 18 -889744 12_internal_13298 12 30807700 30976940 163 178.202 0.910259 18.9885 0.0283253 0.174076 0.39801 0.386879
ENSG00000151743.6 12 31882108 31882108 - 18 0 12_internal_10370 12 31879325 32123660 163 160.421 1.07849 18.4992 0.00945846 0.195097 0.154229 0.143937
ENSG00000267931.1 12 31901031 31901031 - 18 -8575 12_internal_11894 12 31909606 32157308 163 179.093 0.949515 18.3086 0.0316283 0.167985 0.358209 0.386776
ENSG00000256843.1 12 31901174 31901174 - 18 -707090 12_internal_11279 12 32608264 32648407 163 155.837 1.03044 16.3142 0.0148919 -0.190484 0.253731 0.234771
ENSG00000223722.2 12 31907651 31907651 + 18 456649 12_internal_9360 12 32364300 32371243 163 144.965 1.08284 13.8619 0.0755072 0.140029 0.726368 0.716441
ENSG00000188375.3 12 31945175 31945175 - 18 533942 12_internal_9349 12 31226344 31411233 163 165.579 1.02871 19.0699 0.0504663 -0.139355 0.577114 0.60147
ENSG00000256372.1 12 32006341 32006341 - 18 0 12_internal_11894 12 31909606 32157308 163 153.449 1.1422 17.4829 0.00263658 0.231791 0.0447761 0.0378335
ENSG00000255760.1 12 32040137 32040137 - 18 0 12_internal_11894 12 31909606 32157308 163 141.463 1.00408 13.615 0.000654512 0.260999 0.0199005 0.0199193
ENSG00000256465.1 12 32046304 32046304 + 18 0 12_internal_10370 12 31879325 32123660 163 162.793 0.984436 20.1377 0.00013464 0.301475 0.00995025 0.0030161
ENSG00000244436.2 12 32050754 32050754 + 18 0 12_internal_11894 12 31909606 32157308 163 171.437 0.949644 16.3311 0.000184283 0.289169 0.00497512 0.0028463
ENSG00000252584.1 12 32068641 32068641 - 18 0 12_internal_10370 12 31879325 32123660 163 139.473 1.0745 14.763 0.00391263 0.21322 0.104478 0.0879348
ENSG00000242314.1 12 32101268 32101268 + 18 2324 12_internal_11266 12 32103592 32112128 163 161.233 0.977761 15.825 0.000691571 0.250062 0.00995025 0.0129645
ENSG00000256987.1 12 32106823 32106823 + 18 0 12_internal_11266 12 32103592 32112128 163 169.94 0.956237 18.6027 4.6343e-05 0.298967 0.00497512 0.000835252
ENSG00000174718.7 12 32112304 32112304 + 18 -176 12_internal_11266 12 32103592 32112128 163 170.513 1.00076 21.1345 8.36062e-07 0.370347 0.00497512 9.78209e-06
ENSG00000257094.1 12 32160061 32160061 + 18 -47933 12_internal_11266 12 32103592 32112128 163 181.735 0.918276 20.2406 0.0156905 0.188506 0.248756 0.230066
ENSG00000257852.1 12 32225668 32225668 + 18 382596 12_internal_11279 12 32608264 32648407 163 163.875 1.07089 16.1448 0.101943 -0.125467 0.825871 0.801844
ENSG00000151746.8 12 32259769 32259769 + 18 -735374 12_internal_10072 12 31506749 31524395 163 166.995 1.04231 20.1624 0.00117329 0.239045 0.0199005 0.0169786
ENSG00000257530.1 12 32260462 32260462 - 18 -566177 12_internal_10636 12 32826639 32835242 163 179.634 1.03075 20.3806 0.0202486 -0.182437 0.273632 0.248623
ENSG00000139132.10 12 32552463 32552463 + 15 0 12_internal_13357 12 32551307 32696544 163 159.578 0.997091 18.0915 0.0169734 0.185028 0.313433 0.283718
ENSG00000087470.13 12 32832134 32832134 + 15 -460891 12_internal_9360 12 32364300 32371243 163 169.67 1.00694 15.1097 0.0227339 -0.177653 0.283582 0.261379
ENSG00000257511.1 12 32880321 32880321 - 15 723013 12_internal_11894 12 31909606 32157308 163 154.166 1.04719 13.9459 0.176687 -0.104193 0.945274 0.941346
ENSG00000139131.8 12 32908836 32908836 - 15 73594 12_internal_10636 12 32826639 32835242 163 172.917 0.876844 14.3476 0.245279 -0.087661 0.99005 0.982296
ENSG00000057294.9 12 33049774 33049774 - 14 0 12_internal_11035 12 32996102 33074049 163 173.967 0.92973 14.3255 0.00228886 0.234376 0.039801 0.0308094
ENSG00000139133.2 12 34175216 34175216 + 2 -387050 12_internal_9312 12 33591795 33788166 163 186.925 0.999996 2.13217 0.296108 -0.0829092 0.467662 0.478458
ENSG00000245482.2 12 34199352 34199352 - 2 -633576 12_internal_9763 12 34832928 34848794 163 159.212 1.00002 1.96096 0.731406 0.0272136 0.940299 0.925727
ENSG00000175548.4 12 38710380 38710380 + 2 555254 12_internal_10780 12 39265634 39284827 163 173.331 1.00003 1.92117 0.000547969 0.264733 0.00497512 0.000700615
ENSG00000139117.9 12 39301232 39301232 - 2 16405 12_internal_10780 12 39265634 39284827 163 149.486 0.999955 1.98515 5.88096e-05 0.316035 0.00497512 0.000237585
ENSG00000180116.10 12 40019969 40019969 + 7 290879 12_internal_13871 12 40310848 40633383 163 207.507 0.93475 8.69987 0.131326 -0.114123 0.572139 0.583279
ENSG00000248865.1 12 40229562 40229562 - 7 -678469 12_internal_8851 12 40908031 40919662 163 147.432 0.951237 5.8937 0.216268 -0.0964276 0.825871 0.814106
ENSG00000151229.7 12 40499891 40499891 - 6 -51110 12_internal_10102 12 40551001 40566898 163 161.902 1.05279 6.14494 0.0363131 0.161837 0.199005 0.186962
ENSG00000260943.1 12 40536678 40536678 - 6 0 12_internal_13871 12 40310848 40633383 163 175.098 0.971262 6.07662 6.66286e-06 0.329352 0.00497512 2.54244e-05
ENSG00000223914.1 12 40550041 40550041 + 6 0 12_internal_10665 12 40239694 40637555 163 140.094 1.00003 4.71355 0.000362062 0.26489 0.00497512 0.00446155
ENSG00000188906.9 12 40590546 40590546 + 6 0 12_internal_13871 12 40310848 40633383 163 157.97 0.981026 5.61486 5.32886e-08 0.414489 0.00497512 6.36691e-07
ENSG00000225342.1 12 40617605 40617605 - 6 0 12_internal_10665 12 40239694 40637555 163 206.17 0.840458 7.33471 0.316789 0.0791819 0.915423 0.916161
ENSG00000229899.1 12 40680091 40680091 + 6 -74177 12_internal_10603 12 40568808 40605914 163 165.913 0.999947 5.259 0.000209584 0.272729 0.00497512 0.000966777
ENSG00000205592.6 12 40787197 40787197 + 6 120834 12_internal_8851 12 40908031 40919662 163 145.618 0.999955 4.72387 0.0970343 0.132996 0.432836 0.444014
ENSG00000151233.6 12 42538681 42538681 - 7 -54686 12_internal_9968 12 42593367 42616928 163 154.548 1.1342 8.66626 0.00077257 0.268224 0.00497512 0.00462408
ENSG00000269367.1 12 42624050 42624050 + 7 16728 12_internal_12337 12 42640778 42730041 163 135.287 0.999982 5.21039 0.0036593 0.223947 0.0248756 0.0416289
ENSG00000015153.10 12 42632151 42632151 - 7 -8627 12_internal_12337 12 42640778 42730041 163 164.114 0.968253 6.80737 0.00144511 0.247863 0.0199005 0.0110595
ENSG00000134283.12 12 42632249 42632249 + 7 0 12_internal_9175 12 42563311 42721747 163 160.007 1.03478 6.82407 0.0180401 0.187465 0.114428 0.113529
ENSG00000139168.3 12 42719920 42719920 - 7 719491 12_internal_9729 12 41915711 42000429 163 140.396 1.02754 6.05884 0.0610158 0.145255 0.393035 0.392504
ENSG00000252917.1 12 42741016 42741016 - 7 19269 12_internal_9175 12 42563311 42721747 163 177.74 0.937804 7.45207 0.0564822 0.143849 0.318408 0.326854
ENSG00000257376.1 12 42827159 42827159 - 7 210231 12_internal_9968 12 42593367 42616928 163 164.926 0.911509 6.19553 0.143053 -0.11591 0.626866 0.646296
ENSG00000257742.1 12 44117803 44117803 - 1 384567 12_internal_10715 12 42861650 43733236 163 171.246 1.00002 0.964911 0.0331059 -0.173545 0.0348259 0.0279448
ENSG00000257896.1 12 44130431 44130431 + 1 -397195 12_internal_10715 12 42861650 43733236 163 141.431 0.999988 0.898636 0.611043 -0.0371518 0.60199 0.596503
ENSG00000129317.10 12 44152620 44152620 - 1 419384 12_internal_10715 12 42861650 43733236 163 127.742 1.00002 0.873044 0.0198038 -0.182202 0.0248756 0.0343279
ENSG00000198001.9 12 44152747 44152747 + 1 -419511 12_internal_10715 12 42861650 43733236 163 171.421 0.999989 0.92843 0.262353 -0.0891797 0.248756 0.234725
ENSG00000151239.9 12 44200178 44200178 - 1 466942 12_internal_10715 12 42861650 43733236 163 158.686 1.00003 0.823938 0.490048 0.0547177 0.442786 0.431244
ENSG00000177119.11 12 45609770 45609770 + 5 -9123 12_internal_11612 12 45575110 45600647 163 132.071 1.00005 4.06817 5.74378e-05 0.305061 0.00497512 0.00119725
ENSG00000189079.10 12 46123448 46123448 + 7 -151080 12_internal_9899 12 45949929 45972368 163 159.1 0.999347 7.09369 0.0355443 0.160096 0.228856 0.239588
ENSG00000265093.1 12 46267812 46267812 + 7 -295444 12_internal_9899 12 45949929 45972368 163 193.387 0.942216 8.02749 0.196563 0.101417 0.756219 0.770472
ENSG00000139218.12 12 46385903 46385903 - 8 -453388 12_internal_9226 12 46839291 46878490 163 168.094 1.03749 8.748 0.000740113 0.249767 0.00995025 0.00432002
ENSG00000111371.10 12 46663800 46663800 - 9 0 12_internal_9126 12 46598713 46666241 163 161.695 0.959621 7.66299 9.88036e-09 0.416979 0.00497512 1.69593e-07
ENSG00000258096.1 12 46765246 46765246 + 9 549142 12_internal_10318 12 47314388 47350807 163 168.524 0.92647 8.83526 0.00462787 -0.225005 0.0447761 0.045477
ENSG00000134294.9 12 46766650 46766650 - 9 -547738 12_internal_10318 12 47314388 47350807 163 181.258 0.91776 9.56214 0.0397446 -0.166186 0.273632 0.290507
ENSG00000257261.1 12 46777462 46777462 + 9 165593 12_internal_8918 12 46943055 46957479 163 148.578 0.990454 6.89713 0.000442105 0.272051 0.00995025 0.00577823
ENSG00000257496.1 12 46780774 46780774 - 9 -162281 12_internal_8918 12 46943055 46957479 163 173.012 0.897858 8.06119 4.4221e-05 0.315895 0.00497512 0.000510555
ENSG00000179715.8 12 47473386 47473386 + 11 0 12_internal_13211 12 47447160 47792111 163 178.09 1.00001 11.0778 0.175763 0.106965 0.850746 0.849134
ENSG00000139211.5 12 47473734 47473734 - 11 516255 12_internal_8918 12 46943055 46957479 163 160.787 0.969238 9.95357 0.00849156 0.191139 0.104478 0.0933248
ENSG00000258352.1 12 47532153 47532153 - 11 897706 12_internal_10285 12 46567585 46634447 163 162.363 1.06565 11.3297 0.0477228 -0.158487 0.422886 0.39774
ENSG00000247774.2 12 47610239 47610239 - 11 652760 12_internal_8918 12 46943055 46957479 163 152.446 0.966019 9.68657 0.119504 0.120691 0.756219 0.757979
ENSG00000257905.1 12 47986991 47986991 + 7 -392932 12_internal_10875 12 47524949 47594059 163 211.598 0.991469 10.6495 0.0266514 0.174376 0.114428 0.118631
ENSG00000005175.5 12 48099844 48099844 - 7 505785 12_internal_10875 12 47524949 47594059 163 149.279 0.995197 6.5009 0.000205285 0.286337 0.00497512 0.00255733
ENSG00000257433.1 12 48099868 48099868 + 7 7959 12_internal_10578 12 48107827 48161269 163 168.667 0.961706 7.0515 0.00726102 0.191735 0.0646766 0.0498766
ENSG00000111405.4 12 48119350 48119350 - 7 0 12_internal_10578 12 48107827 48161269 163 187.561 0.999046 7.35204 0.0616055 0.130037 0.318408 0.287151
ENSG00000211584.9 12 48147699 48147699 + 7 18215 12_internal_9793 12 48165914 48232622 163 170.099 1.10888 8.7968 4.06799e-05 0.314358 0.00497512 9.40193e-05
ENSG00000079337.10 12 48164823 48164823 - 8 3554 12_internal_10578 12 48107827 48161269 163 162.698 0.98771 8.07612 0.000159988 0.265367 0.00497512 0.00142727
ENSG00000268069.1 12 48178706 48178706 + 8 0 12_internal_9793 12 48165914 48232622 163 166.502 1.03636 8.58126 0.00201706 0.241704 0.0199005 0.0130294
ENSG00000257488.1 12 48220637 48220637 + 8 -428526 12_internal_13211 12 47447160 47792111 163 141.813 1.08389 6.93508 0.0454752 -0.154668 0.343284 0.321806
ENSG00000061273.12 12 48226915 48226915 - 8 0 12_internal_9793 12 48165914 48232622 163 179.523 0.914408 7.19444 8.31465e-05 0.305347 0.00497512 0.000543277
ENSG00000205537.2 12 48276432 48276432 + 8 154606 12_internal_12272 12 48431038 48840596 163 184.744 0.982113 9.73631 0.0296907 0.174555 0.19403 0.190264
ENSG00000111424.6 12 48336831 48336831 - 8 -94207 12_internal_12272 12 48431038 48840596 163 183.439 0.930369 9.1229 0.00877641 0.206865 0.0845771 0.0612223
ENSG00000134291.7 12 48357352 48357352 + 7 -430203 12_internal_12970 12 47803965 47927149 163 165.499 1.0722 7.39143 0.247558 0.0904762 0.845771 0.859258
ENSG00000257985.1 12 48405087 48405087 + 7 753275 12_internal_9211 12 49158362 49174813 163 164.56 1.06708 7.91225 0.153605 -0.11389 0.716418 0.704754
ENSG00000240399.1 12 48449374 48449374 - 7 0 12_internal_12272 12 48431038 48840596 163 146.684 1.08541 6.17278 0.0164152 0.184523 0.0995025 0.108779
ENSG00000222635.1 12 48475102 48475102 + 7 683260 12_internal_9211 12 49158362 49174813 163 151.587 1.13024 6.69455 0.0738413 0.139683 0.393035 0.389164
ENSG00000226138.3 12 48478833 48478833 + 7 0 12_internal_12272 12 48431038 48840596 163 170.481 1.16465 9.38307 0.0276986 0.172501 0.159204 0.150054
ENSG00000152556.11 12 48498922 48498922 + 8 0 12_internal_12272 12 48431038 48840596 163 141.511 1.10043 8.24005 0.00989668 0.200864 0.104478 0.0990753
ENSG00000079387.9 12 48500091 48500091 - 8 0 12_internal_12272 12 48431038 48840596 163 182.722 0.972907 9.43782 2.04377e-06 0.370317 0.00497512 6.55467e-06
ENSG00000177981.6 12 48574996 48574996 - 9 0 12_internal_12272 12 48431038 48840596 163 167.393 0.972354 8.33823 1.03773e-11 0.498566 0.00497512 8.91649e-11
ENSG00000269514.1 12 48592170 48592170 + 9 0 12_internal_12272 12 48431038 48840596 163 165.42 1.01186 9.13288 1.37464e-15 0.560537 0.00497512 5.24989e-15
ENSG00000172640.2 12 48597170 48597170 - 8 0 12_internal_12272 12 48431038 48840596 163 176.435 0.818399 7.58258 1.0869e-13 0.51328 0.00497512 2.0425e-11
ENSG00000257735.1 12 48744728 48744728 + 8 0 12_internal_12272 12 48431038 48840596 163 178.52 0.775542 7.82182 4.34022e-18 0.619712 0.00497512 1.07834e-14
ENSG00000167528.8 12 48745197 48745197 - 8 0 12_internal_12272 12 48431038 48840596 163 152.637 1.10079 7.97172 3.30215e-30 0.713595 0.00497512 3.35866e-30
ENSG00000257763.1 12 48750397 48750397 - 8 0 12_internal_12272 12 48431038 48840596 163 157.795 0.968549 7.23555 7.25506e-21 0.646999 0.00497512 8.49784e-19
ENSG00000269282.1 12 48759919 48759919 + 8 0 12_internal_12272 12 48431038 48840596 163 177.119 0.979516 8.47074 2.70397e-12 0.507539 0.00497512 4.57607e-12
ENSG00000221491.2 12 49048301 49048301 - 7 815679 12_internal_9793 12 48165914 48232622 163 153.815 0.910835 6.53021 0.0536555 0.155822 0.368159 0.379205
ENSG00000206612.1 12 49050565 49050565 - 7 817943 12_internal_9793 12 48165914 48232622 163 159.816 1.06975 7.8312 0.0506751 0.15602 0.343284 0.315966
ENSG00000207313.1 12 49061376 49061376 - 7 220780 12_internal_12272 12 48431038 48840596 163 170.147 0.913053 5.84942 0.0999179 0.130633 0.462687 0.475814
ENSG00000139620.8 12 49076021 49076021 - 7 235425 12_internal_12272 12 48431038 48840596 163 153.035 1.05822 7.57881 0.0205101 0.183152 0.149254 0.15341
ENSG00000129315.5 12 49110681 49110681 - 7 -711415 12_internal_10897 12 49822096 49943729 163 195.282 0.834691 6.86026 0.113369 0.118726 0.472637 0.529744
ENSG00000167535.3 12 49207577 49207577 + 6 289716 12_internal_8994 12 49497293 49557537 163 157.015 1.08396 6.30177 0.264991 0.0861347 0.830846 0.850095
ENSG00000174243.4 12 49246625 49246625 - 5 -575471 12_internal_10897 12 49822096 49943729 163 149.629 0.99996 4.27295 0.327632 0.0748477 0.820896 0.839596
ENSG00000239617.1 12 49297596 49297596 - 5 -524500 12_internal_10897 12 49822096 49943729 163 179.189 0.999985 5.19247 0.237573 -0.0855612 0.706468 0.716476
ENSG00000139537.6 12 49297893 49297893 + 5 524203 12_internal_10897 12 49822096 49943729 163 151.889 0.999955 4.83257 0.0124817 -0.194281 0.0746269 0.0745202
ENSG00000134285.6 12 49320257 49320257 - 5 -501839 12_internal_10897 12 49822096 49943729 163 148.61 1.00005 4.69007 0.0165313 -0.185041 0.104478 0.0995594
ENSG00000201678.1 12 49321816 49321816 - 5 481220 12_internal_12272 12 48431038 48840596 163 194.12 0.914167 6.88047 0.069894 0.143361 0.333333 0.326248
ENSG00000255863.1 12 49333446 49333446 - 5 -488650 12_internal_10897 12 49822096 49943729 163 137.117 1.00004 4.33955 0.00226077 -0.239111 0.00995025 0.0219892
ENSG00000224453.2 12 49351247 49351247 - 6 -470849 12_internal_10897 12 49822096 49943729 163 170.497 0.972196 6.36983 0.0577221 -0.15342 0.323383 0.301965
ENSG00000134287.4 12 49351334 49351334 - 6 -470762 12_internal_10897 12 49822096 49943729 163 146.811 1.00002 4.74787 0.0303718 -0.173889 0.144279 0.175876
ENSG00000257913.1 12 49392150 49392150 + 7 -551554 12_internal_12272 12 48431038 48840596 163 147.337 1.01067 6.55523 0.248307 -0.0914772 0.870647 0.873694
ENSG00000181418.7 12 49393092 49393092 - 7 -942417 12_internal_9779 12 50335509 50350968 163 167.807 1.07372 8.64075 0.223173 -0.0962005 0.860697 0.864271
ENSG00000181929.6 12 49412980 49412980 - 7 -922529 12_internal_9779 12 50335509 50350968 163 169.717 0.964677 6.82322 0.180813 -0.10678 0.731343 0.736307
ENSG00000167548.10 12 49453557 49453557 - 7 -43736 12_internal_8994 12 49497293 49557537 163 166.518 0.913808 7.39937 0.0388403 -0.158525 0.283582 0.28038
ENSG00000167550.6 12 49463808 49463808 - 7 -904151 12_internal_9625 12 50367959 50374260 163 157.508 1.07349 7.6412 0.199269 -0.0999687 0.830846 0.811934
ENSG00000139636.11 12 49504683 49504683 - 7 0 12_internal_8994 12 49497293 49557537 163 167.648 1.01464 7.27227 0.0232461 0.173156 0.114428 0.14058
ENSG00000258017.1 12 49521565 49521565 + 7 1075 12_internal_10061 12 49522640 49629528 163 158.081 1.02052 6.66101 0.255901 -0.0870232 0.855721 0.865243
ENSG00000123416.10 12 49525180 49525180 - 7 0 12_internal_10061 12 49522640 49629528 163 175.862 0.945157 6.29096 0.535688 -0.0477607 1 0.991143
ENSG00000200309.1 12 49526730 49526730 - 7 -808779 12_internal_9779 12 50335509 50350968 163 164.051 0.927219 6.1736 0.183846 -0.106746 0.741294 0.736996
ENSG00000167553.10 12 49582519 49582519 + 7 239577 12_internal_10897 12 49822096 49943729 163 180.175 0.984687 7.63992 0.094688 -0.125996 0.467662 0.473368
ENSG00000167552.8 12 49583107 49583107 - 7 0 12_internal_10061 12 49522640 49629528 163 139.441 1.14168 7.52698 0.160233 0.108018 0.781095 0.763592
ENSG00000258101.1 12 49658539 49658539 - 8 101002 12_internal_8994 12 49497293 49557537 163 159.912 1.04938 7.44912 0.00492974 -0.219665 0.0497512 0.0328352
ENSG00000258232.1 12 49667089 49667089 - 8 109552 12_internal_8994 12 49497293 49557537 163 189.535 0.956282 8.59377 0.0133961 -0.191617 0.0845771 0.073063
ENSG00000123352.12 12 49760367 49760367 + 8 607592 12_internal_9625 12 50367959 50374260 163 168.603 0.960533 8.68156 0.296127 -0.0851315 0.960199 0.951153
ENSG00000135519.5 12 49932940 49932940 + 8 997147 12_internal_8969 12 50930087 50946034 163 186.925 0.956513 9.79858 0.0593002 0.140813 0.373134 0.373233
ENSG00000187778.9 12 49961936 49961936 - 8 -373573 12_internal_9779 12 50335509 50350968 163 172.614 1.0471 8.61763 0.0338132 0.160918 0.233831 0.205261
ENSG00000110844.8 12 49962001 49962001 + 8 -332473 12_internal_10061 12 49522640 49629528 163 153.449 1.02878 8.21156 0.0527101 0.148353 0.393035 0.385869
ENSG00000135436.4 12 49999422 49999422 - 9 -604369 12_internal_9160 12 50603791 50654768 163 190.888 0.882597 10.4542 0.353617 -0.0711101 1 0.985073
ENSG00000139644.7 12 50101508 50101508 + 9 266451 12_internal_9625 12 50367959 50374260 163 177.565 1.03601 11.3879 0.24214 0.091372 0.930348 0.939015
ENSG00000161791.9 12 50101948 50101948 - 9 927135 12_internal_9211 12 49158362 49174813 163 158.782 1.06042 10.2909 0.0101817 0.197871 0.0845771 0.0937588
ENSG00000258057.1 12 50222325 50222325 + 8 750391 12_internal_10946 12 50972716 51029769 163 185.412 1.02026 9.97061 0.129944 0.116934 0.666667 0.665788
ENSG00000167566.12 12 50222533 50222533 - 8 -381258 12_internal_9160 12 50603791 50654768 163 147.607 1.09971 7.6645 0.0399398 0.155857 0.268657 0.285235
ENSG00000186666.4 12 50236912 50236912 - 8 -98597 12_internal_9779 12 50335509 50350968 163 163.478 1.0583 8.47307 0.149524 0.112326 0.716418 0.725678
ENSG00000161800.8 12 50426919 50426919 - 8 75951 12_internal_9779 12 50335509 50350968 163 161.79 1.01043 8.29932 0.0991204 0.127981 0.572139 0.57985
ENSG00000110881.6 12 50451331 50451331 + 8 -821803 12_internal_10061 12 49522640 49629528 163 159.132 1.10042 7.89516 0.0831246 -0.132565 0.507463 0.46704
ENSG00000066117.10 12 50478755 50478755 + 8 -535026 12_internal_10897 12 49822096 49943729 163 150.059 1.07359 8.59421 0.10805 -0.124018 0.681592 0.648652
ENSG00000167588.8 12 50497602 50497602 + 8 -553873 12_internal_10897 12 49822096 49943729 163 153.386 0.953297 6.30658 0.0745074 -0.137303 0.457711 0.445759
ENSG00000178449.2 12 50505762 50505762 + 8 -154794 12_internal_9779 12 50335509 50350968 163 159.243 1.13119 8.871 0.0679896 -0.136659 0.452736 0.421786
ENSG00000257755.1 12 50506037 50506037 + 8 -155069 12_internal_9779 12 50335509 50350968 163 154.961 1.0427 7.84413 0.00486194 -0.217836 0.0497512 0.0400973
ENSG00000257291.1 12 50552484 50552484 + 8 -994947 12_internal_8994 12 49497293 49557537 163 188.485 0.933784 9.92921 0.0676498 -0.146984 0.393035 0.427396
ENSG00000139624.8 12 50561288 50561288 - 7 210320 12_internal_9779 12 50335509 50350968 163 185.428 0.955355 7.96143 0.0389308 -0.158457 0.208955 0.217627
ENSG00000161813.15 12 50786166 50786166 + 7 -842437 12_internal_10897 12 49822096 49943729 163 155.248 0.977849 6.69266 0.00587605 0.212017 0.0447761 0.0507925
ENSG00000066084.8 12 50898768 50898768 + 7 73948 12_internal_10946 12 50972716 51029769 163 166.231 0.943863 6.90766 0.000538779 0.276069 0.0149254 0.00459618
ENSG00000207136.1 12 51027056 51027056 + 6 -81022 12_internal_8969 12 50930087 50946034 163 167.712 0.95819 6.12773 0.00602002 -0.21505 0.0497512 0.0377221
ENSG00000200183.1 12 51050756 51050756 + 6 -104722 12_internal_8969 12 50930087 50946034 163 172.057 1.03431 7.14139 0.0916794 -0.13393 0.427861 0.445966
ENSG00000200428.1 12 51137351 51137351 + 7 -786383 12_internal_9779 12 50335509 50350968 163 154.15 1.08596 7.14878 0.0380718 -0.166349 0.233831 0.238256
ENSG00000123268.4 12 51157493 51157493 + 7 -127724 12_internal_10946 12 50972716 51029769 163 170.466 0.96568 6.68043 3.07162e-08 0.407501 0.00497512 1.7479e-07
ENSG00000185432.10 12 51317255 51317255 + 10 443991 12_internal_11846 12 51761246 51790443 163 150.839 1.029 8.6893 0.00255111 0.23689 0.039801 0.0284244
ENSG00000110911.10 12 51422349 51422349 - 10 -655504 12_internal_10304 12 52077853 52100706 163 153.242 1.06666 9.94928 0.0184898 0.175557 0.189055 0.177151
ENSG00000050426.10 12 51441745 51441745 + 11 856946 12_internal_13569 12 52298691 52375046 163 156.712 1.00882 9.91605 0.148703 0.114764 0.830846 0.813372
ENSG00000110925.2 12 51477447 51477447 - 11 -767510 12_internal_8652 12 52244957 52317591 163 159.021 1.09512 11.8043 0.130323 -0.117968 0.820896 0.794437
ENSG00000257246.1 12 51519164 51519164 - 12 -993019 12_internal_9402 12 52512183 52542292 163 153.131 1.07708 11.7752 0.189094 -0.101568 0.925373 0.921422
ENSG00000200953.1 12 51550760 51550760 - 12 -961423 12_internal_9402 12 52512183 52542292 163 160.724 0.901321 10.2897 0.0547451 -0.144621 0.467662 0.498526
ENSG00000199824.1 12 51556684 51556684 + 12 204562 12_internal_11846 12 51761246 51790443 163 176.483 1.04489 13.3727 0.120643 0.120712 0.781095 0.763568
ENSG00000135457.5 12 51566926 51566926 - 13 -832788 12_internal_9262 12 52399714 52431767 163 190.411 1.02531 18.9788 0.00384048 0.224566 0.0248756 0.0301343
ENSG00000184271.11 12 51611477 51611477 - 13 581708 12_internal_10946 12 50972716 51029769 163 163.573 1.0089 13.2297 0.106389 -0.124618 0.80597 0.76937
ENSG00000183283.9 12 51632076 51632076 + 14 -602307 12_internal_10946 12 50972716 51029769 163 168.014 0.96569 16.6638 0.0839302 0.136337 0.751244 0.759092
ENSG00000170545.11 12 51664202 51664202 - 13 634433 12_internal_10946 12 50972716 51029769 163 158.161 1.03234 12.1644 0.150704 -0.115864 0.885572 0.868173
ENSG00000110934.5 12 51718452 51718452 - 13 688683 12_internal_10946 12 50972716 51029769 163 172.423 1.0122 13.3551 0.0934393 -0.129623 0.676617 0.687542
ENSG00000139610.1 12 51740463 51740463 - 13 -472259 12_internal_13502 12 52212722 52607978 163 172.758 0.981346 13.0352 0.219675 0.0941849 0.965174 0.952488
ENSG00000050438.10 12 51785101 51785101 + 13 640984 12_internal_9617 12 52426085 52447022 163 131.864 1.1117 10.0206 0.0255138 0.173031 0.313433 0.317198
ENSG00000139629.10 12 51785200 51785200 - 13 0 12_internal_11846 12 51761246 51790443 163 159.785 0.989698 12.7235 1.26304e-08 0.430583 0.00497512 2.62725e-07
ENSG00000196876.7 12 51984050 51984050 + 14 -193607 12_internal_11846 12 51761246 51790443 163 187.434 0.855645 14.6552 0.10121 -0.123843 0.741294 0.75308
ENSG00000135503.7 12 52345451 52345451 + 14 542727 12_internal_9796 12 52888178 52925934 163 143.182 1.10343 13.1699 0.0109406 -0.18875 0.169154 0.166068
ENSG00000161835.6 12 52400724 52400724 + 14 25361 12_internal_9617 12 52426085 52447022 163 146.668 1.15873 12.9365 0.0824924 -0.137425 0.696517 0.688299
ENSG00000123395.10 12 52463030 52463030 + 16 -672587 12_internal_11846 12 51761246 51790443 163 158.877 0.985167 14.1574 0.0909688 -0.131946 0.766169 0.762114
ENSG00000257663.1 12 52475868 52475868 - 16 685425 12_internal_11846 12 51761246 51790443 163 148.944 1.06612 15.1384 0.0392363 -0.164839 0.492537 0.500656
ENSG00000111057.6 12 53342655 53342655 + 16 -895633 12_internal_9617 12 52426085 52447022 163 162.92 0.921283 14.0658 0.000353858 0.278958 0.0248756 0.00778243
ENSG00000170421.6 12 53343738 53343738 - 16 896716 12_internal_9617 12 52426085 52447022 163 157.461 1.03903 15.1268 0.000235089 0.286662 0.0199005 0.00361941
ENSG00000225410.1 12 53346686 53346686 - 16 804394 12_internal_9402 12 52512183 52542292 163 180.478 0.918773 18.2988 0.0100364 -0.198924 0.149254 0.142524
ENSG00000063046.13 12 53399942 53399942 + 16 59662 12_internal_13215 12 53459604 53525711 163 164.067 0.966759 14.6411 0.0354848 0.166116 0.412935 0.421593
ENSG00000257475.1 12 53405880 53405880 + 16 -100954 12_internal_10673 12 53253731 53304926 163 189.201 0.859717 17.5106 0.0587014 0.148974 0.567164 0.592508
ENSG00000111077.11 12 53440753 53440753 + 15 -832775 12_internal_13502 12 52212722 52607978 163 195.329 0.834445 17.0436 0.0820585 -0.134524 0.706468 0.701732
ENSG00000257337.1 12 53448222 53448222 - 13 143296 12_internal_10673 12 53253731 53304926 163 140.731 1.09577 10.3685 0.0478922 0.158508 0.452736 0.464314
ENSG00000167778.4 12 53473204 53473204 - 13 0 12_internal_13215 12 53459604 53525711 163 172.933 0.958344 14.0691 0.0126441 0.187828 0.159204 0.148241
ENSG00000257808.1 12 53553370 53553370 + 12 -119957 12_internal_9832 12 53427125 53433413 163 163.111 0.986536 12.3278 0.00382169 -0.226481 0.0597015 0.0481486
ENSG00000257479.1 12 53570212 53570212 - 12 44501 12_internal_13215 12 53459604 53525711 163 166.359 1.02469 11.1145 0.0164644 -0.181937 0.129353 0.149991
ENSG00000139651.8 12 53574484 53574484 + 12 -966506 12_internal_13502 12 52212722 52607978 163 160.978 1.00001 11.7688 0.0212867 -0.177101 0.21393 0.231341
ENSG00000139631.13 12 53575135 53575135 - 12 49424 12_internal_13215 12 53459604 53525711 163 150.966 1.09569 11.9189 0.0147114 -0.188407 0.164179 0.168882
ENSG00000139626.10 12 53601091 53601091 - 12 75380 12_internal_13215 12 53459604 53525711 163 163.239 1.0264 12.0752 0.0178095 0.18685 0.189055 0.18434
ENSG00000172819.12 12 53626764 53626764 - 11 -730831 12_internal_13830 12 54357595 54521692 163 173.028 0.994842 10.8398 0.0444201 -0.153748 0.358209 0.347848
ENSG00000182544.7 12 53645035 53645035 + 11 0 12_internal_10250 12 53588034 53719809 163 157.636 1.01453 10.3643 0.0195055 0.182584 0.174129 0.197173
ENSG00000135476.7 12 53662083 53662083 + 11 -228670 12_internal_9832 12 53427125 53433413 163 176.148 0.953903 12.0852 0.0677937 -0.142102 0.522388 0.533447
ENSG00000123349.8 12 53689075 53689075 + 11 895680 12_internal_11536 12 54584755 54591941 163 186.352 0.950178 12.2701 0.00164748 -0.234449 0.00995025 0.0119824
ENSG00000139637.9 12 53693470 53693470 + 11 638939 12_internal_10436 12 54332409 54423805 163 193.021 0.968297 14.3707 0.108024 -0.129915 0.676617 0.711253
ENSG00000257605.1 12 53694098 53694098 - 11 768164 12_internal_9796 12 52888178 52925934 163 169.049 1.03518 12.1767 0.095229 -0.135089 0.711443 0.666193
ENSG00000094914.8 12 53718648 53718648 - 10 -866107 12_internal_11536 12 54584755 54591941 163 166.406 0.972412 9.81201 0.000611924 -0.271541 0.00497512 0.00612777
ENSG00000185591.5 12 53773960 53773960 + 10 -248249 12_internal_13215 12 53459604 53525711 163 164.051 0.911808 8.42071 0.0398465 0.165756 0.328358 0.327198
ENSG00000135409.6 12 53817639 53817639 + 11 -805792 12_internal_11433 12 52978417 53011847 163 148.149 1.04613 9.54325 0.133801 0.116174 0.791045 0.781692
ENSG00000205352.6 12 53835389 53835389 + 11 749366 12_internal_11536 12 54584755 54591941 163 157.843 0.93079 10.2572 0.00484747 -0.220535 0.0845771 0.0696635
ENSG00000197111.9 12 53835525 53835525 + 11 -309814 12_internal_13215 12 53459604 53525711 163 173.044 1.02267 10.9472 0.0871994 0.131778 0.567164 0.579031
ENSG00000257379.1 12 53835525 53835525 + 11 -402112 12_internal_9832 12 53427125 53433413 163 150.902 0.979486 9.9034 0.231369 0.0911813 0.940299 0.943841
ENSG00000258351.1 12 53864527 53864527 - 12 -720228 12_internal_11536 12 54584755 54591941 163 185.619 0.927656 13.8987 0.00952895 -0.198174 0.104478 0.0937108
ENSG00000139625.8 12 53893847 53893847 - 12 460434 12_internal_9832 12 53427125 53433413 163 172.408 0.945175 12.5092 0.000641117 0.266398 0.0149254 0.00755348
ENSG00000139546.6 12 53894705 53894705 + 12 961431 12_internal_9816 12 54856136 54899480 163 150.25 1.15022 11.511 0.100866 -0.130523 0.726368 0.706295
ENSG00000139574.6 12 53902004 53902004 - 12 -954132 12_internal_9816 12 54856136 54899480 163 206.042 0.882951 14.9506 0.0492846 0.154506 0.38806 0.394211
ENSG00000257117.1 12 53902047 53902047 + 12 430362 12_internal_10436 12 54332409 54423805 163 189.933 0.901723 14.1508 0.0263511 0.165959 0.263682 0.251948
ENSG00000257550.1 12 53907768 53907768 + 12 -981834 12_internal_9796 12 52888178 52925934 163 142.418 1.13104 9.65168 0.409073 -0.0638047 0.99005 0.995155
ENSG00000267281.1 12 54019763 54019763 - 11 -836373 12_internal_9816 12 54856136 54899480 163 162.809 1.05433 11.261 0.0759389 0.141398 0.61194 0.566326
ENSG00000170653.14 12 54020199 54020199 - 11 -564556 12_internal_11536 12 54584755 54591941 163 159.562 0.93266 10.5932 0.302801 0.0811232 0.9801 0.982335
ENSG00000135390.12 12 54071192 54071192 - 11 -704005 12_internal_9057 12 54775197 54893646 163 172.949 0.939906 10.8695 0.0769195 -0.137875 0.577114 0.565033
ENSG00000012822.10 12 54121529 54121529 - 12 -976125 12_internal_9238 12 55097654 55111130 163 167.648 1.08422 15.1607 0.0306992 -0.171946 0.333333 0.315742
ENSG00000260470.1 12 54541009 54541009 - 10 19317 12_internal_13830 12 54357595 54521692 163 151.237 0.994071 8.47 0.0841901 0.13718 0.58209 0.578342
ENSG00000248576.1 12 54556923 54556923 + 10 -133118 12_internal_10436 12 54332409 54423805 163 178.504 0.917599 8.88947 0.0673413 -0.141543 0.427861 0.43856
ENSG00000257534.1 12 54558236 54558236 - 10 134431 12_internal_10436 12 54332409 54423805 163 139.712 0.905684 6.74396 0.0275139 -0.17211 0.308458 0.289971
ENSG00000123415.9 12 54582778 54582778 - 10 61086 12_internal_13830 12 54357595 54521692 163 179.523 0.932301 11.4449 0.00883703 0.199519 0.104478 0.0817605
ENSG00000094916.8 12 54673955 54673955 - 10 954146 12_internal_10250 12 53588034 53719809 163 171.628 0.993829 11.428 0.0186434 -0.179902 0.159204 0.168299
ENSG00000135486.11 12 54673977 54673977 + 10 -82036 12_internal_11536 12 54584755 54591941 163 149.995 1.05116 8.90678 0.0222231 -0.184212 0.199005 0.205599
ENSG00000123405.9 12 54694905 54694905 - 10 -80292 12_internal_9057 12 54775197 54893646 163 132.963 1.17093 7.89981 0.0153181 0.186227 0.119403 0.146977
ENSG00000111481.5 12 54694986 54694986 + 10 -271181 12_internal_10436 12 54332409 54423805 163 166.454 0.814899 8.68248 0.0317073 -0.173519 0.293532 0.319359
ENSG00000258137.1 12 54747445 54747445 + 9 350209 12_internal_9238 12 55097654 55111130 163 153.577 1.10414 9.49128 0.121486 0.119747 0.726368 0.706405
ENSG00000258086.1 12 54747576 54747576 + 9 -968546 12_internal_8729 12 53758271 53779030 163 171.978 0.947345 8.37412 0.129591 -0.120399 0.696517 0.676309
ENSG00000139572.3 12 54758271 54758271 - 9 -97865 12_internal_9816 12 54856136 54899480 163 197.303 0.899074 9.93521 0.187724 -0.103163 0.825871 0.822605
ENSG00000161642.13 12 54785082 54785082 - 8 -211737 12_internal_10818 12 54996819 55011206 163 147.528 0.891528 6.29276 0.230756 0.0948316 0.880597 0.866193
ENSG00000161638.6 12 54813244 54813244 - 8 0 12_internal_9057 12 54775197 54893646 163 172.487 1.00884 8.88513 0.0664256 0.14026 0.39801 0.413142
ENSG00000170627.5 12 54867386 54867386 - 9 0 12_internal_9816 12 54856136 54899480 163 151.332 1.05636 8.57188 0.0322437 0.16279 0.283582 0.265416
ENSG00000123338.8 12 54891495 54891495 + 9 969249 12_internal_10388 12 55860744 56027915 163 179.204 0.994453 10.889 0.0262014 -0.174249 0.179104 0.197204
ENSG00000257824.1 12 54937889 54937889 - 9 -922855 12_internal_10388 12 55860744 56027915 163 158.686 0.972086 8.51197 0.0649422 -0.144772 0.477612 0.467204
ENSG00000123360.7 12 54943134 54943134 + 9 917610 12_internal_10388 12 55860744 56027915 163 187.848 0.909256 12.7561 0.0242919 -0.17343 0.21393 0.218098
ENSG00000135447.11 12 54982443 54982443 - 9 -878301 12_internal_10388 12 55860744 56027915 163 159.084 1.08614 9.77306 0.0421148 -0.154093 0.323383 0.321431
ENSG00000135426.9 12 55378530 55378530 - 14 0 12_internal_13653 12 55223345 55431242 163 174.763 0.945602 12.9318 7.87368e-16 0.572836 0.00497512 6.29712e-15
ENSG00000123307.3 12 55413729 55413729 + 14 0 12_internal_13653 12 55223345 55431242 163 142.927 1.0673 12.9156 0.00294486 0.235744 0.0547264 0.0546124
ENSG00000258907.2 12 56048952 56048952 - 11 -186966 12_internal_11202 12 56235918 56243085 163 152.94 1.01659 11.5077 0.0463488 0.155907 0.452736 0.462078
ENSG00000258311.1 12 56109820 56109820 + 12 -998690 12_internal_9238 12 55097654 55111130 163 164.496 1.03881 11.6146 0.0412221 0.152323 0.378109 0.361705
ENSG00000135441.3 12 56109820 56109820 + 12 0 12_internal_9946 12 56108697 56124982 163 176.419 0.954473 13.2158 0.115491 0.122517 0.766169 0.771639
ENSG00000135424.11 12 56109827 56109827 - 12 0 12_internal_12899 12 56033632 56112771 163 146.095 1.11774 11.4005 0.0121693 0.178901 0.139303 0.144046
ENSG00000135437.5 12 56114151 56114151 + 11 575598 12_internal_8617 12 56689749 56738163 163 168.301 0.955752 10.1647 0.0309143 0.168999 0.273632 0.272579
ENSG00000258056.1 12 56122888 56122888 + 11 566861 12_internal_8617 12 56689749 56738163 163 133.44 1.20617 8.96977 0.0753378 -0.143163 0.621891 0.557722
ENSG00000135404.6 12 56123491 56123491 - 11 72379 12_internal_9426 12 56029156 56051112 163 186.192 0.859885 13.8246 0.0421616 0.159504 0.402985 0.412738
ENSG00000135414.5 12 56137064 56137064 + 11 -705822 12_internal_13653 12 55223345 55431242 163 156.728 1.07173 10.192 0.0875071 -0.135039 0.641791 0.604282
ENSG00000257509.1 12 56156412 56156412 - 11 -55588 12_internal_10961 12 56212000 56223218 163 150.282 0.918556 9.65155 0.062443 0.145624 0.552239 0.560317
ENSG00000205323.4 12 56211540 56211540 - 11 98769 12_internal_12899 12 56033632 56112771 163 190.729 0.890313 13.5875 0.105078 -0.129159 0.721393 0.718352
ENSG00000123353.5 12 56211703 56211703 + 11 -98932 12_internal_12899 12 56033632 56112771 163 163.398 0.95728 10.9303 0.0348131 0.164697 0.338308 0.33951
ENSG00000257390.1 12 56221330 56221330 - 11 170218 12_internal_9426 12 56029156 56051112 163 146.429 1.02513 8.76693 0.075312 0.137675 0.572139 0.559452
ENSG00000182796.8 12 56223529 56223529 + 11 -195614 12_internal_10388 12 55860744 56027915 163 145.888 0.989123 8.98627 0.0297001 0.172351 0.323383 0.310352
ENSG00000135392.11 12 56224608 56224608 - 11 173496 12_internal_9426 12 56029156 56051112 163 169.415 0.970545 9.46406 0.15436 0.112652 0.781095 0.78547
ENSG00000123342.11 12 56236750 56236750 - 11 123979 12_internal_12899 12 56033632 56112771 163 160.931 0.975875 10.3367 0.0301222 -0.173596 0.328358 0.290135
ENSG00000065357.14 12 56321103 56321103 + 11 -97885 12_internal_10961 12 56212000 56223218 163 147.496 0.951349 8.0825 0.179314 -0.107265 0.860697 0.849176
ENSG00000170473.12 12 56326402 56326402 - 12 -363347 12_internal_8617 12 56689749 56738163 163 163.462 0.97109 12.2328 0.0214699 -0.178154 0.233831 0.243639
ENSG00000258862.1 12 56347884 56347884 - 12 319969 12_internal_10388 12 55860744 56027915 163 167.966 1.09175 13.3403 0.153004 -0.111198 0.880597 0.861746
ENSG00000123374.6 12 56360553 56360553 + 12 513106 12_internal_10272 12 56873659 56933242 163 174.541 0.883188 12.076 0.0148991 0.187586 0.169154 0.174642
ENSG00000258554.1 12 56361258 56361258 - 12 118173 12_internal_11202 12 56235918 56243085 163 152.335 1.0848 10.7262 0.0873519 0.135713 0.631841 0.637864
ENSG00000185664.9 12 56367099 56367099 - 12 -701944 12_internal_9784 12 57069043 57098349 163 156.474 1.09222 12.6107 0.184215 0.103326 0.930348 0.922143
ENSG00000111540.10 12 56367697 56367697 + 12 322052 12_internal_8617 12 56689749 56738163 163 177.31 0.93993 10.9974 0.0528388 0.151784 0.412935 0.415511
ENSG00000237493.2 12 56374819 56374819 - 12 -694224 12_internal_9784 12 57069043 57098349 163 169.16 1.08271 14.6432 0.0703245 -0.135885 0.616915 0.592793
ENSG00000255990.1 12 56385991 56385991 + 12 -142906 12_internal_11202 12 56235918 56243085 163 179.189 0.902591 12.8099 0.0936529 -0.132478 0.666667 0.690028
ENSG00000139531.7 12 56390964 56390964 + 12 -278193 12_internal_12899 12 56033632 56112771 163 163.127 0.944141 11.1027 0.0626856 0.144517 0.532338 0.538395
ENSG00000123411.10 12 56401443 56401443 + 12 -970201 12_internal_13653 12 55223345 55431242 163 180.86 0.943249 14.1083 0.163409 -0.107888 0.895522 0.895149
ENSG00000197728.5 12 56435637 56435637 + 11 -212419 12_internal_10961 12 56212000 56223218 163 183.582 0.872788 12.4411 0.0896178 0.134241 0.666667 0.658778
ENSG00000257411.1 12 56495115 56495115 + 12 -382344 12_internal_12899 12 56033632 56112771 163 168.715 0.979678 11.3338 0.0156306 0.191824 0.174129 0.153696
ENSG00000170515.8 12 56498103 56498103 + 12 -385332 12_internal_12899 12 56033632 56112771 163 183.455 1.00582 14.5743 0.0120605 0.195205 0.104478 0.105317
ENSG00000257553.1 12 56507689 56507689 - 12 -1290 12_internal_8949 12 56508979 56538476 163 209.878 0.862878 15.8243 0.028142 -0.176175 0.243781 0.241178
ENSG00000229117.4 12 56510370 56510370 + 12 -459258 12_internal_9426 12 56029156 56051112 163 159.88 0.958868 10.807 0.0250325 -0.178809 0.308458 0.269714
ENSG00000135482.2 12 56511943 56511943 + 12 0 12_internal_8949 12 56508979 56538476 163 175.464 0.968188 14.0717 0.0118354 0.195992 0.129353 0.129346
ENSG00000139641.8 12 56512034 56512034 + 12 -288816 12_internal_10961 12 56212000 56223218 163 173.681 0.975441 10.8065 0.00461349 0.209363 0.0497512 0.0401191
ENSG00000258345.1 12 56513723 56513723 - 12 -176026 12_internal_8617 12 56689749 56738163 163 183.359 1.00174 15.2072 0.163662 -0.109853 0.880597 0.897964
ENSG00000258317.1 12 56523403 56523403 - 12 280318 12_internal_11202 12 56235918 56243085 163 175.416 0.911547 10.5752 0.145154 0.110279 0.791045 0.799431
ENSG00000196465.5 12 56546040 56546040 + 13 327619 12_internal_10272 12 56873659 56933242 163 157.397 1.02422 12.4801 0.0481703 0.146335 0.487562 0.476426
ENSG00000257309.1 12 56551234 56551234 + 13 770382 12_internal_9146 12 57321616 57336135 163 180.94 0.917149 13.6056 0.170202 -0.106255 0.905473 0.902194
ENSG00000092841.13 12 56551945 56551945 + 13 769671 12_internal_9146 12 57321616 57336135 163 146.987 1.13093 11.6062 0.0481263 -0.154855 0.502488 0.456941
ENSG00000257809.1 12 56552004 56552004 - 13 524089 12_internal_10388 12 55860744 56027915 163 155.837 0.986104 11.3126 0.0503798 0.150853 0.492537 0.483902
ENSG00000139613.7 12 56583351 56583351 - 14 -106398 12_internal_8617 12 56689749 56738163 163 164.878 1.07551 14.4248 0.0613367 0.149291 0.547264 0.556479
ENSG00000258199.1 12 56584068 56584068 - 14 -484975 12_internal_9784 12 57069043 57098349 163 152.494 1.03613 12.5978 0.00683708 0.209094 0.079602 0.0969581
ENSG00000181852.12 12 56615717 56615717 - 14 -74032 12_internal_8617 12 56689749 56738163 163 150.377 1.05591 11.2334 0.156124 0.111085 0.875622 0.871247
ENSG00000139579.7 12 56615799 56615799 + 14 -392581 12_internal_10961 12 56212000 56223218 163 152.16 1.14567 16.4395 0.10581 0.126339 0.835821 0.842832
ENSG00000139540.7 12 56623833 56623833 + 15 -498851 12_internal_9946 12 56108697 56124982 163 171.914 1.04716 16.0705 0.0942286 -0.132347 0.756219 0.74755
ENSG00000139645.8 12 56652175 56652175 - 15 -37574 12_internal_8617 12 56689749 56738163 163 165.451 0.977499 16.1442 0.0251546 0.175517 0.308458 0.335921
ENSG00000135469.9 12 56660642 56660642 + 15 -122166 12_internal_8949 12 56508979 56538476 163 152.271 0.981517 12.0632 0.160518 0.112701 0.910448 0.904802
ENSG00000257303.1 12 56693926 56693926 + 15 0 12_internal_8617 12 56689749 56738163 163 160.485 0.976621 14.1217 0.0118588 0.196002 0.154229 0.171575
ENSG00000062485.13 12 56694176 56694176 - 15 470958 12_internal_10961 12 56212000 56223218 163 151.921 1.09867 13.6722 0.00170368 0.244221 0.0199005 0.0226888
ENSG00000144785.4 12 56709843 56709843 - 15 486625 12_internal_10961 12 56212000 56223218 163 166.9 0.958347 14.9577 0.0173393 0.186367 0.273632 0.232278
ENSG00000257727.1 12 56710120 56710120 - 15 -611496 12_internal_9146 12 57321616 57336135 163 184.999 0.903332 16.2758 0.0614194 -0.142077 0.552239 0.582928
ENSG00000135473.10 12 56727837 56727837 - 16 504619 12_internal_10961 12 56212000 56223218 163 171.214 0.9045 15.386 0.021403 0.173885 0.283582 0.291747
ENSG00000110944.4 12 56732663 56732663 + 16 0 12_internal_8617 12 56689749 56738163 163 158.081 1.08025 17.0338 0.0191316 -0.183965 0.263682 0.268863
ENSG00000252206.1 12 56746234 56746234 - 16 8071 12_internal_8617 12 56689749 56738163 163 150.743 1.01149 13.7716 0.0277104 -0.167433 0.368159 0.376024
ENSG00000170581.8 12 56753939 56753939 - 16 15776 12_internal_8617 12 56689749 56738163 163 178.17 0.871631 15.7242 0.040013 -0.154629 0.437811 0.462937
ENSG00000175336.8 12 56756607 56756607 - 16 18444 12_internal_8617 12 56689749 56738163 163 179.077 0.921681 17.7018 0.00287208 -0.230074 0.0497512 0.041872
ENSG00000111602.7 12 56843187 56843187 - 16 792075 12_internal_9426 12 56029156 56051112 163 166.534 0.938976 18.658 0.0082324 0.196651 0.159204 0.152639
ENSG00000176422.10 12 56862301 56862301 + 16 -619216 12_internal_11202 12 56235918 56243085 163 177.963 0.938071 18.0499 0.0641724 0.144969 0.61194 0.652715
ENSG00000135423.8 12 56882198 56882198 - 16 0 12_internal_10272 12 56873659 56933242 163 168.953 1.00849 15.6913 0.00375829 0.232343 0.0348259 0.0472723
ENSG00000076067.6 12 56915713 56915713 + 16 0 12_internal_10272 12 56873659 56933242 163 156.123 0.999972 15.2044 2.14142e-06 0.357912 0.00497512 5.34417e-05
ENSG00000076108.7 12 57030600 57030600 - 15 917829 12_internal_12899 12 56033632 56112771 163 177.438 1.00932 17.3122 0.017343 0.178985 0.233831 0.199562
ENSG00000207031.1 12 57038885 57038885 - 15 -519412 12_internal_9690 12 57558297 57560969 163 150.52 1.05028 12.3259 0.00897205 0.200417 0.124378 0.123377
ENSG00000110955.3 12 57039798 57039798 - 15 988686 12_internal_9426 12 56029156 56051112 163 185.142 0.889151 19.7254 0.110793 0.119117 0.870647 0.867538
ENSG00000241217.2 12 57064530 57064530 - 14 939548 12_internal_9946 12 56108697 56124982 163 157.015 1.0678 12.9459 0.0114237 0.185862 0.119403 0.134512
ENSG00000110958.10 12 57082159 57082159 - 14 0 12_internal_9784 12 57069043 57098349 163 173.601 0.9202 14.7665 0.0205999 0.179351 0.283582 0.256811
ENSG00000196531.6 12 57125412 57125412 - 12 882327 12_internal_11202 12 56235918 56243085 163 165.913 0.900264 11.0719 0.00693816 0.205987 0.0845771 0.0933347
