ENSG00000117322.12 1 207627575 207627575 + 18 71484 1_internal_20172 1 207699059 207740664 163 149.852 1.02147 15.2522 0.0174244 0.190343 0.293532 0.285231
ENSG00000203710.6 1 207669492 207669492 + 18 -76684 1_internal_24837 1 207361921 207592808 163 167.728 1.05792 20.4074 0.00020859 0.288788 0.00497512 0.00241426
ENSG00000236911.2 1 207779900 207779900 - 18 187092 1_internal_24837 1 207361921 207592808 163 171.261 1.01891 19.9025 0.00155579 0.246593 0.0298507 0.0214804
ENSG00000197721.12 1 207818458 207818458 + 18 -279873 1_internal_18333 1 207500914 207538585 163 174.27 1.07889 25.6728 0.0408437 0.164083 0.577114 0.558581
ENSG00000244703.3 1 207818579 207818579 + 18 -225771 1_internal_24837 1 207361921 207592808 163 172.36 0.988464 17.9528 0.0582543 0.150695 0.597015 0.617718
ENSG00000117335.13 1 207925402 207925402 + 17 -80683 1_internal_17326 1 207842435 207844719 163 159.641 1.02549 17.4238 0.1066 -0.124129 0.895522 0.864138
ENSG00000234219.1 1 207935929 207935929 + 17 156861 1_internal_20066 1 208092790 208097702 163 181.847 0.954404 17.8409 0.0585617 0.142213 0.606965 0.586768
ENSG00000207966.1 1 207975284 207975284 - 16 -2857 1_internal_16693 1 207978141 208050210 163 150.329 1.05481 13.4469 0.0292937 0.172176 0.358209 0.366719
ENSG00000207790.1 1 207975868 207975868 - 16 -695831 1_internal_17451 1 208671699 208713834 163 178.695 0.945754 18.3115 0.119178 0.121366 0.870647 0.874144
ENSG00000203709.4 1 208042495 208042495 - 15 0 1_internal_16693 1 207978141 208050210 163 172.726 1.00323 18.0398 0.00458678 0.221417 0.0547264 0.0609947
ENSG00000076356.6 1 208417665 208417665 - 11 -254034 1_internal_17451 1 208671699 208713834 163 175.782 0.933611 11.055 4.74485e-05 0.312129 0.00497512 0.000467801
ENSG00000261453.1 1 208785537 208785537 - 8 -376182 1_internal_19663 1 209161719 209478494 163 166.486 0.89362 8.02052 0.0334427 0.16569 0.258706 0.273967
ENSG00000259815.1 1 208801430 208801430 - 9 87596 1_internal_17451 1 208671699 208713834 163 155.471 1.05907 7.05301 0.0102492 0.192716 0.0696517 0.0699623
ENSG00000196878.7 1 209825811 209825811 - 8 0 1_internal_16103 1 209821984 209850800 163 163.637 0.980825 8.69905 0.00715389 0.211266 0.0845771 0.0633565
ENSG00000123689.5 1 209848765 209848765 + 8 0 1_internal_16103 1 209821984 209850800 163 138.884 1.15949 7.42142 0.00875378 0.2076 0.0646766 0.0727916
ENSG00000117594.4 1 209859510 209859510 + 8 642170 1_internal_17718 1 210501680 210549135 163 148.149 1.06484 7.50761 0.319312 0.0750126 0.955224 0.951952
ENSG00000227591.1 1 209897470 209897470 - 8 46670 1_internal_16103 1 209821984 209850800 163 153.561 1.12319 8.38838 0.0264981 0.176143 0.174129 0.187728
ENSG00000236136.1 1 209917718 209917718 + 8 -66918 1_internal_16103 1 209821984 209850800 163 160.087 0.995791 8.6072 0.194971 -0.102413 0.840796 0.852866
ENSG00000009790.10 1 209929377 209929377 + 8 49788 1_internal_24299 1 209979165 210004000 163 134.953 0.999964 5.31307 0.0345509 -0.160854 0.243781 0.257682
ENSG00000162757.3 1 209957904 209957904 - 8 -53653 1_internal_18910 1 210011557 210028657 163 199.818 0.925387 8.6519 0.0744499 -0.132591 0.402985 0.383788
ENSG00000117595.6 1 209979465 209979465 - 8 128225 1_internal_15894 1 209819729 209851240 163 156.06 1.08632 7.80035 0.261887 0.0884712 0.905473 0.904012
ENSG00000117597.12 1 210001352 210001352 + 8 10205 1_internal_18910 1 210011557 210028657 163 162.077 0.938737 7.59157 0.0126317 0.192846 0.104478 0.110563
ENSG00000226986.3 1 211380389 211380389 + 6 603631 1_internal_17104 1 211984020 212103806 163 182.834 0.891816 6.44189 0.146806 -0.112979 0.60199 0.622374
ENSG00000117625.9 1 211431719 211431719 + 9 552301 1_internal_17104 1 211984020 212103806 163 175.591 0.92901 8.79307 0.179212 0.106275 0.79602 0.811472
ENSG00000082512.10 1 211499957 211499957 + 9 7246 1_internal_17943 1 211507203 211518329 163 166.502 0.908436 9.13843 0.012422 0.196933 0.164179 0.127646
ENSG00000153363.8 1 211556145 211556145 + 9 848835 1_internal_18397 1 212404980 212432998 163 172.025 0.984351 9.35117 0.0116461 0.20412 0.0845771 0.0896498
ENSG00000238137.2 1 211615616 211615616 + 9 911950 1_internal_21268 1 212527566 212535166 163 216.198 0.803814 10.2886 0.11592 -0.123486 0.58209 0.620273
ENSG00000170385.9 1 211752084 211752084 - 13 -998700 1_internal_24202 1 212750784 212812483 163 145.872 1.09642 11.3865 0.0054367 0.216391 0.0746269 0.0714411
ENSG00000241395.2 1 211965748 211965748 - 14 -785036 1_internal_24202 1 212750784 212812483 163 190.745 0.76635 13.9952 0.125307 -0.116998 0.80597 0.833516
ENSG00000212205.1 1 211976359 211976359 + 14 439206 1_internal_18101 1 212415565 212458411 163 168.157 1.01548 14.618 0.0304679 -0.168543 0.363184 0.332031
ENSG00000229258.1 1 212003188 212003188 + 15 524378 1_internal_21268 1 212527566 212535166 163 150.043 1.02601 11.1207 0.0270402 0.164225 0.343284 0.30696
ENSG00000123684.8 1 212004114 212004114 - 15 -942229 1_internal_18154 1 212946343 212951189 163 178.95 0.946055 16.2718 0.00960484 0.206507 0.124378 0.11855
ENSG00000143493.8 1 212208884 212208884 - 15 -449856 1_internal_17069 1 212658740 212720250 163 167.346 0.932697 13.5134 0.00189898 0.239241 0.0248756 0.0292359
ENSG00000143476.13 1 212208919 212208919 + 15 777398 1_internal_18170 1 212986317 212995018 163 151.682 1.0077 13.6744 0.0174533 -0.186 0.218905 0.257534
ENSG00000066027.4 1 212458782 212458782 + 15 -25784 1_internal_18397 1 212404980 212432998 163 144.042 1.06146 14.1858 5.98034e-16 0.549296 0.00497512 6.92264e-14
ENSG00000230063.1 1 212470790 212470790 + 15 0 1_internal_21467 1 212391778 212502179 163 146.461 0.982233 11.24 1.56631e-07 0.403278 0.00497512 9.31597e-06
ENSG00000225338.1 1 212482860 212482860 - 15 49862 1_internal_18397 1 212404980 212432998 163 145.331 1.0537 10.8642 3.64093e-13 0.516276 0.00497512 2.06656e-11
ENSG00000234915.1 1 212505055 212505055 - 16 2876 1_internal_21467 1 212391778 212502179 163 192.767 1.09369 25.7286 2.01518e-08 0.420016 0.00497512 5.02334e-09
ENSG00000201544.1 1 212526158 212526158 + 15 -93160 1_internal_18397 1 212404980 212432998 163 175.161 1.0222 15.9316 9.68087e-08 0.384323 0.00497512 3.697e-07
ENSG00000229832.1 1 212530760 212530760 + 15 -97762 1_internal_18397 1 212404980 212432998 163 184.951 0.945124 15.006 4.15913e-10 0.446319 0.00497512 1.40408e-09
ENSG00000065600.8 1 212588243 212588243 - 15 224999 1_internal_25303 1 212261053 212363244 163 163.509 0.986128 13.2426 6.3312e-11 0.486558 0.00497512 1.05282e-09
ENSG00000260805.1 1 212731175 212731175 + 15 134 1_internal_18195 1 212731309 212741182 163 160.66 0.984629 14.9681 0.00620371 0.217694 0.119403 0.0982131
ENSG00000162772.12 1 212738676 212738676 + 15 12108 1_internal_24202 1 212750784 212812483 163 176.801 0.893593 14.3875 3.70322e-09 0.440508 0.00497512 8.49059e-08
ENSG00000123685.4 1 212873327 212873327 - 15 338161 1_internal_21268 1 212527566 212535166 163 167.218 1.04255 15.7088 0.0343052 -0.158409 0.368159 0.380455
ENSG00000117697.10 1 212965124 212965124 - 15 506713 1_internal_18101 1 212415565 212458411 163 164.846 1.02018 15.1083 0.0437319 -0.160925 0.482587 0.472025
ENSG00000203705.5 1 212965170 212965170 + 15 21147 1_internal_18170 1 212986317 212995018 163 155.662 1.04832 13.5363 0.00687684 0.214366 0.0895522 0.0936511
ENSG00000236905.2 1 212997369 212997369 + 15 -2351 1_internal_18170 1 212986317 212995018 163 151.284 1.02398 12.3835 0.00271879 0.225762 0.039801 0.043281
ENSG00000185523.6 1 213020991 213020991 - 15 208508 1_internal_24202 1 212750784 212812483 163 186.192 0.861743 14.9476 0.0231513 -0.181326 0.273632 0.265664
ENSG00000198468.3 1 213031430 213031430 - 15 36412 1_internal_18170 1 212986317 212995018 163 153.004 0.914927 11.2073 0.000660989 0.258533 0.0199005 0.0163941
ENSG00000162769.8 1 213031597 213031597 + 15 -36579 1_internal_18170 1 212986317 212995018 163 136.847 1.12719 12.0807 0.000229212 0.278598 0.00995025 0.00462072
ENSG00000143494.11 1 213123862 213123862 + 14 -665451 1_internal_18101 1 212415565 212458411 163 161.886 0.925103 12.5203 0.0294926 0.167322 0.358209 0.353497
ENSG00000174606.8 1 213189168 213189168 - 13 654002 1_internal_21268 1 212527566 212535166 163 150.886 0.996273 12.4044 0.0871669 0.131408 0.711443 0.73012
ENSG00000136643.7 1 213224589 213224589 + 13 -558774 1_internal_21021 1 212650348 212665815 163 150.807 1.03729 10.8544 0.000122957 -0.30257 0.00497512 0.0018894
ENSG00000143499.9 1 214454445 214454445 + 2 80456 1_internal_18437 1 214534901 214725864 163 165.435 0.999956 2.02158 0.186422 0.103028 0.338308 0.33569
ENSG00000117724.8 1 214776538 214776538 + 2 926833 1_internal_17854 1 215703371 215717251 163 174.397 0.999994 2.02006 0.42476 0.0642835 0.651741 0.654352
ENSG00000136636.7 1 215740735 215740735 + 2 -23484 1_internal_17854 1 215703371 215717251 163 145.124 0.999987 1.77109 0.308589 0.0798869 0.522388 0.516786
ENSG00000229841.1 1 217665317 217665317 + 3 967311 1_internal_20293 1 218632628 218673646 163 195.648 0.999997 3.45893 0.258012 0.0895883 0.537313 0.567413
ENSG00000092978.5 1 217804424 217804424 - 3 0 1_internal_18214 1 216285784 217848476 163 163.764 0.999957 2.69548 0.345082 0.0716964 0.671642 0.678978
ENSG00000067533.5 1 218458629 218458629 + 4 887478 1_internal_19171 1 219346107 219358480 163 164.337 0.999964 3.86473 0.18191 0.107318 0.537313 0.535862
ENSG00000143353.7 1 219347186 219347186 + 7 0 1_internal_19171 1 219346107 219358480 163 185.046 1.18459 9.00769 3.47752e-09 0.450051 0.00497512 6.73595e-11
ENSG00000228063.1 1 219347303 219347303 - 7 0 1_internal_19171 1 219346107 219358480 163 167.186 0.969624 7.23566 9.6673e-06 0.332123 0.00497512 7.31936e-05
ENSG00000225920.2 1 219373909 219373909 - 7 15429 1_internal_19171 1 219346107 219358480 163 171.962 0.94292 6.77595 5.11565e-08 0.408915 0.00497512 3.72854e-07
ENSG00000223842.1 1 219398839 219398839 - 7 40359 1_internal_19171 1 219346107 219358480 163 168.906 0.940735 6.53773 6.01148e-06 0.351923 0.00497512 5.07325e-05
ENSG00000136628.12 1 220220000 220220000 - 14 456731 1_internal_17123 1 219631457 219763269 163 177.263 0.966178 14.7632 0.176652 0.10557 0.940299 0.92661
ENSG00000162813.13 1 220263804 220263804 - 14 428981 1_internal_19534 1 219742161 219834823 163 165.133 0.910228 13.6238 0.00501224 -0.214731 0.104478 0.0828161
ENSG00000067704.8 1 220267444 220267444 + 14 782038 1_internal_18097 1 221049482 221362539 163 161.599 1.16534 14.4744 0.0499907 -0.149665 0.467662 0.457211
ENSG00000232134.1 1 220317693 220317693 - 14 554424 1_internal_17123 1 219631457 219763269 163 170.577 1.12206 16.8837 0.0360157 -0.167697 0.38806 0.365828
ENSG00000222370.1 1 220374018 220374018 - 14 610749 1_internal_17123 1 219631457 219763269 163 171.85 0.905553 12.0895 0.127468 -0.117813 0.791045 0.807708
ENSG00000218283.2 1 220426912 220426912 + 14 512720 1_internal_25175 1 220939632 220968604 163 168.921 0.917848 13.8043 0.0664704 -0.146704 0.621891 0.621644
ENSG00000213033.4 1 220441259 220441259 - 14 606436 1_internal_19534 1 219742161 219834823 163 156.84 1.06774 14.5313 0.0711468 -0.146648 0.686567 0.660491
ENSG00000118873.10 1 220445796 220445796 - 14 -493836 1_internal_25175 1 220939632 220968604 163 138.805 1.02066 10.1909 0.0231394 0.178849 0.283582 0.303543
ENSG00000186205.8 1 220960101 220960101 + 13 226837 1_internal_18112 1 221186938 221250470 163 137.738 0.987213 9.17317 0.0232994 0.174747 0.273632 0.298776
ENSG00000221571.1 1 220999118 220999118 + 13 187820 1_internal_18112 1 221186938 221250470 163 168.492 0.961108 13.1608 0.101035 0.130516 0.741294 0.746356
ENSG00000238078.1 1 221002597 221002597 + 13 96222 1_internal_17974 1 221098819 221136135 163 147.146 1.11317 11.5619 0.139201 -0.117752 0.840796 0.842818
ENSG00000136630.10 1 221051699 221051699 + 14 0 1_internal_18097 1 221049482 221362539 163 170.497 1.01363 13.6576 6.86636e-07 0.370137 0.00497512 4.38166e-06
ENSG00000257551.1 1 221053482 221053482 - 14 0 1_internal_18097 1 221049482 221362539 163 154.563 1.07665 12.2266 0.0169294 0.188646 0.223881 0.190131
ENSG00000143507.13 1 221915518 221915518 - 13 710003 1_internal_16958 1 221171225 221205515 163 184.171 0.927651 15.224 0.0012331 0.252343 0.0248756 0.0129661
ENSG00000225265.1 1 222763167 222763167 + 6 974149 1_internal_15910 1 223737316 223741658 163 141.59 1.00006 4.99862 0.474069 0.0559044 0.965174 0.970172
ENSG00000143498.13 1 222763275 222763275 - 6 747797 1_internal_20945 1 221927469 222015478 163 165.388 0.92529 5.6032 0.263333 0.0878266 0.820896 0.833447
ENSG00000154305.12 1 222791428 222791428 + 6 -195322 1_internal_19096 1 221949800 222596106 163 143.771 1.00002 5.23267 0.136802 -0.119463 0.61194 0.604399
ENSG00000229399.1 1 222815200 222815200 - 6 799722 1_internal_20945 1 221927469 222015478 163 155.487 1.00004 5.41147 0.0742264 -0.141725 0.343284 0.367811
ENSG00000244697.1 1 222817657 222817657 + 6 497983 1_internal_16495 1 223315640 223356511 163 153.863 1.03647 5.77586 0.149867 0.112715 0.626866 0.624841
ENSG00000162819.7 1 222885895 222885895 + 7 -289789 1_internal_19096 1 221949800 222596106 163 180.351 0.90137 7.91103 0.101315 0.129395 0.547264 0.55034
ENSG00000186063.8 1 222886552 222886552 - 7 -429088 1_internal_16495 1 223315640 223356511 163 162.331 0.866301 6.84315 0.195477 0.10242 0.80597 0.81497
ENSG00000197520.6 1 222910549 222910549 + 9 988793 1_internal_16582 1 223899342 223915837 163 170.131 1.01431 9.30117 0.123975 -0.121134 0.686567 0.676988
ENSG00000228106.1 1 222988364 222988364 + 9 748952 1_internal_15910 1 223737316 223741658 163 150.823 1.00601 6.9876 0.360128 0.0708105 0.955224 0.963691
ENSG00000154309.7 1 222988406 222988406 + 9 920011 1_internal_20749 1 223908417 223919598 163 135.207 1.02038 7.51905 0.193027 -0.10387 0.840796 0.863731
ENSG00000187554.7 1 223316624 223316624 - 7 0 1_internal_16495 1 223315640 223356511 163 147.846 1.09398 6.85805 1.32085e-07 0.40476 0.00497512 1.02844e-06
ENSG00000162909.13 1 223889295 223889295 + 13 625333 1_internal_18358 1 224514628 224521960 163 155.009 1.06038 14.4014 0.00901161 0.201229 0.119403 0.126878
ENSG00000143514.12 1 224033674 224033674 - 13 -334258 1_internal_23086 1 224367932 224401763 163 179.236 0.886868 13.0445 0.00242333 -0.222513 0.039801 0.0309419
ENSG00000232372.1 1 224175856 224175856 - 13 188275 1_internal_18217 1 223939972 223987581 163 155.28 1.09335 15.4876 0.0477313 0.154335 0.572139 0.53074
ENSG00000243000.1 1 224183597 224183597 + 13 -441939 1_internal_15910 1 223737316 223741658 163 167.839 0.974121 15.1148 0.174441 0.104956 0.940299 0.940968
ENSG00000185495.6 1 224183659 224183659 + 13 184273 1_internal_23086 1 224367932 224401763 163 170.529 1.05511 16.1658 0.0296739 0.168612 0.343284 0.322936
ENSG00000263182.1 1 224196429 224196429 + 13 171503 1_internal_23086 1 224367932 224401763 163 176.896 1.00323 14.8672 0.00947099 0.201804 0.0945274 0.0965285
ENSG00000143756.7 1 224301789 224301789 + 13 -314208 1_internal_18217 1 223939972 223987581 163 166.788 0.974712 13.9435 0.12707 0.118235 0.860697 0.844971
ENSG00000143753.8 1 224363458 224363458 + 12 4474 1_internal_23086 1 224367932 224401763 163 196.093 0.974422 14.2969 0.00918459 0.196273 0.0646766 0.0642788
ENSG00000237101.1 1 224407315 224407315 + 12 320372 1_internal_18784 1 224727687 224754269 163 173.506 1.03029 12.7486 0.0865347 -0.130225 0.616915 0.627335
ENSG00000143748.13 1 224518089 224518089 - 12 650687 1_internal_16920 1 223861952 223867402 163 146.493 1.02148 9.77079 2.64508e-06 -0.367853 0.00497512 6.74789e-05
ENSG00000143771.7 1 224544552 224544552 + 13 -677150 1_internal_16920 1 223861952 223867402 163 155.98 0.976106 10.7444 0.18252 -0.102763 0.905473 0.903039
ENSG00000266618.1 1 224586013 224586013 - 13 6114 1_internal_20475 1 224561458 224579899 163 149.183 1.03051 11.0894 0.00131612 0.247511 0.0199005 0.020501
ENSG00000143786.3 1 224622362 224622362 + 13 -187797 1_internal_19677 1 224390866 224434565 163 176.642 0.983978 14.9052 0.0331911 0.169153 0.338308 0.338443
ENSG00000162923.10 1 224624735 224624735 - 13 -19469 1_internal_18061 1 224644204 224688127 163 157.827 1.05211 13.9604 0.0457138 0.160516 0.482587 0.482099
ENSG00000185842.10 1 225083964 225083964 + 11 -329695 1_internal_18784 1 224727687 224754269 163 150.106 1.1094 10.6871 0.245262 -0.0934779 0.955224 0.954668
ENSG00000203691.2 1 225600404 225600404 + 7 438803 1_internal_18860 1 226039207 226075440 163 164.608 1.02008 7.28656 0.224818 -0.0958467 0.81592 0.835587
ENSG00000143815.10 1 225616627 225616627 - 7 73493 1_internal_16677 1 225535071 225543134 163 154.388 1.07609 6.39658 0.00392346 0.224188 0.0149254 0.023625
ENSG00000143742.8 1 225965531 225965531 + 4 0 1_internal_19430 1 225942286 225972159 163 157.572 0.999987 3.85004 0.00781508 0.20868 0.0547264 0.033905
ENSG00000143819.8 1 225997794 225997794 + 4 41413 1_internal_18860 1 226039207 226075440 163 129.556 1 3.52296 0.0196717 0.183397 0.0995025 0.126438
ENSG00000242861.1 1 226034223 226034223 - 4 -4984 1_internal_18860 1 226039207 226075440 163 154.468 1.00004 4.0075 0.020605 0.18145 0.0895522 0.0935907
ENSG00000196187.7 1 226070069 226070069 - 4 0 1_internal_18860 1 226039207 226075440 163 154.404 1.00004 3.73773 0.00222352 0.237505 0.0199005 0.0108476
ENSG00000255835.1 1 226111978 226111978 - 4 36538 1_internal_18860 1 226039207 226075440 163 151.157 1.00005 3.68968 0.0409256 0.16334 0.154229 0.169268
ENSG00000143811.12 1 226111978 226111978 - 4 36538 1_internal_18860 1 226039207 226075440 163 151.459 1.00002 3.95982 0.0768211 0.139277 0.323383 0.30596
ENSG00000143751.8 1 226187032 226187032 - 5 643898 1_internal_16677 1 225535071 225543134 163 158.829 1.00002 4.40493 0.0531439 0.153539 0.258706 0.225241
ENSG00000163041.5 1 226249552 226249552 + 5 -174112 1_internal_18860 1 226039207 226075440 163 164.719 1.00005 5.716 0.171212 -0.110019 0.626866 0.652808
ENSG00000225518.1 1 226274582 226274582 + 5 -302423 1_internal_19430 1 225942286 225972159 163 158.32 1.00004 4.84325 0.0678778 0.145221 0.288557 0.303511
ENSG00000234478.1 1 226335704 226335704 + 5 -260264 1_internal_18860 1 226039207 226075440 163 181.194 1.00001 5.00473 0.0427021 0.160903 0.169154 0.152813
ENSG00000182827.8 1 226374431 226374431 - 5 402272 1_internal_19430 1 225942286 225972159 163 171.5 1.00002 5.19403 0.289492 0.0843022 0.820896 0.814779
ENSG00000183814.11 1 226497570 226497570 - 5 422130 1_internal_18860 1 226039207 226075440 163 166.375 0.999988 5.38943 0.29271 0.083212 0.820896 0.839396
ENSG00000143799.8 1 226595780 226595780 - 4 623621 1_internal_19430 1 225942286 225972159 163 139.617 0.999999 3.58712 0.172349 -0.102922 0.587065 0.564214
ENSG00000203685.5 1 226736501 226736501 + 4 -661061 1_internal_18860 1 226039207 226075440 163 189.058 1 4.62888 0.337138 -0.073773 0.810945 0.809619
ENSG00000228548.1 1 226856598 226856598 + 4 -944617 1_internal_19045 1 225898642 225911981 163 159.609 1.00004 3.79407 0.211051 -0.0974744 0.59204 0.602529
ENSG00000228382.1 1 226862768 226862768 - 4 950787 1_internal_19045 1 225898642 225911981 163 141.415 0.999996 3.87207 0.742055 0.0253581 0.985075 0.995968
ENSG00000143772.5 1 226927024 226927024 - 3 851584 1_internal_18860 1 226039207 226075440 163 199.866 1.00001 3.7477 0.0605822 0.14532 0.18408 0.133996
ENSG00000143801.12 1 227057885 227057885 + 2 67151 1_internal_24631 1 227125036 227178980 163 184.139 0.999967 2.13488 2.52171e-22 0.658701 0.00497512 1.09242e-24
ENSG00000163050.11 1 227085237 227085237 + 1 39799 1_internal_24631 1 227125036 227178980 163 154.643 1.00003 0.981288 3.78894e-42 0.802369 0.00497512 4.43248e-40
ENSG00000228525.1 1 227145968 227145968 - 1 0 1_internal_24631 1 227125036 227178980 163 163.127 0.999988 0.910323 2.20492e-06 0.371601 0.00497512 1.98922e-06
ENSG00000143776.13 1 227506175 227506175 - 4 327195 1_internal_24631 1 227125036 227178980 163 185.174 0.999977 4.08796 1.19504e-19 0.641548 0.00497512 1.67968e-21
ENSG00000181450.12 1 227751236 227751236 + 6 535436 1_internal_18035 1 228286672 228595606 163 161.122 1.03583 6.28828 0.435093 0.0608593 0.955224 0.971465
ENSG00000143740.9 1 227916240 227916240 + 8 -737260 1_internal_24631 1 227125036 227178980 163 178.807 0.894603 8.47393 0.0280287 0.177216 0.208955 0.208504
ENSG00000081692.8 1 227923112 227923112 - 8 -363560 1_internal_18035 1 228286672 228595606 163 165.006 0.857305 6.34459 0.0152673 0.189519 0.129353 0.131518
ENSG00000230005.2 1 227934892 227934892 - 8 -952439 1_internal_24451 1 228887331 228939130 163 154.022 0.972479 7.77737 0.0793135 -0.139509 0.527363 0.524628
ENSG00000143761.9 1 228270361 228270361 + 12 16311 1_internal_18035 1 228286672 228595606 163 159.546 0.941798 9.85507 0.163472 0.11112 0.855721 0.850594
ENSG00000264944.1 1 228284964 228284964 + 13 786027 1_internal_25652 1 229070991 229296810 163 170.593 0.913208 13.4514 0.0708427 0.137746 0.631841 0.631021
ENSG00000143793.8 1 228293112 228293112 - 13 -777879 1_internal_25652 1 229070991 229296810 163 155.264 1.00088 10.5749 0.0738955 0.138987 0.567164 0.59088
ENSG00000162910.14 1 228297013 228297013 - 13 0 1_internal_18035 1 228286672 228595606 163 156.808 1.12674 13.2997 0.0535954 0.151033 0.522388 0.494098
ENSG00000224566.2 1 228303174 228303174 - 13 -946646 1_internal_18739 1 229249820 229270761 163 171.039 0.828293 9.66361 0.0459424 0.157437 0.383085 0.418667
ENSG00000143774.11 1 228327663 228327663 + 13 0 1_internal_18035 1 228286672 228595606 163 199.166 0.872034 14.8787 0.0400458 0.162513 0.368159 0.357193
ENSG00000198835.3 1 228337553 228337553 + 13 733438 1_internal_25652 1 229070991 229296810 163 155.789 1.00109 10.3487 0.0380367 0.163244 0.368159 0.361977
ENSG00000203684.5 1 228353213 228353213 - 13 -717778 1_internal_25652 1 229070991 229296810 163 172.63 1.03496 13.0589 0.0235329 -0.176469 0.238806 0.215402
ENSG00000181873.8 1 228353516 228353516 + 13 630675 1_internal_21792 1 228984191 229000956 163 166.757 1.04461 12.8465 0.286084 -0.0819204 0.9801 0.984081
ENSG00000154358.14 1 228395831 228395831 + 14 0 1_internal_18035 1 228286672 228595606 163 166.836 0.851979 10.9518 0.0718253 0.137589 0.61194 0.609969
ENSG00000154370.8 1 228594541 228594541 - 16 0 1_internal_18035 1 228286672 228595606 163 130.082 1.15891 12.3657 0.000729013 0.268497 0.00497512 0.0167784
ENSG00000231563.1 1 228595082 228595082 + 16 0 1_internal_18035 1 228286672 228595606 163 161.79 0.961034 15.4733 0.000809627 0.263455 0.0149254 0.0156527
ENSG00000162931.7 1 228604562 228604562 - 16 8956 1_internal_18035 1 228286672 228595606 163 164.719 1.13492 16.5924 0.00263202 0.231708 0.0348259 0.024928
ENSG00000168159.7 1 228674762 228674762 + 18 -209823 1_internal_24854 1 228349338 228464939 163 169.033 0.999984 17.2233 0.0368385 -0.164146 0.442786 0.444016
ENSG00000234975.5 1 228823162 228823162 + 19 -116196 1_internal_25996 1 228565610 228706966 163 164.035 0.904978 15.2601 0.0179465 0.180682 0.268657 0.279951
ENSG00000116574.4 1 228870824 228870824 + 19 179362 1_internal_20672 1 229050186 229061937 163 166.868 0.99453 18.1921 0.000117415 0.293271 0.00995025 0.00183643
ENSG00000168118.7 1 229406822 229406822 + 21 0 1_internal_24560 1 229364695 229477891 163 155.041 1.06472 18.5754 0.000216126 0.29524 0.00497512 0.00398973
ENSG00000213029.2 1 229440129 229440129 + 21 0 1_internal_24560 1 229364695 229477891 163 141.574 1.12298 18.3357 0.00232037 0.240829 0.0497512 0.0557954
ENSG00000237481.1 1 229455150 229455150 + 21 21736 1_internal_16427 1 229476886 229762954 163 146.764 0.918486 16.1045 0.000328307 0.260711 0.0298507 0.0156799
ENSG00000154429.6 1 229479041 229479041 - 20 1150 1_internal_24560 1 229364695 229477891 163 151.093 1.00696 15.9879 3.9602e-07 0.37485 0.00497512 1.55442e-05
ENSG00000226920.1 1 229576767 229576767 - 20 908848 1_internal_18764 1 228659553 228667919 163 163.955 1.09741 21.0152 0.0189229 -0.185629 0.268657 0.282514
ENSG00000069248.8 1 229644103 229644103 - 20 -69583 1_internal_19066 1 229713686 229719086 163 173.474 0.945809 18.8468 0.00376524 -0.229802 0.0646766 0.0616288
ENSG00000223635.1 1 229644248 229644248 + 20 -872707 1_internal_15921 1 228756488 228771541 163 155.598 0.990317 17.1045 0.0438744 0.162501 0.567164 0.580687
ENSG00000135776.4 1 229694442 229694442 - 19 -608248 1_internal_22333 1 230302690 230328239 163 171.405 0.938914 17.1753 0.00572375 -0.212747 0.0895522 0.0910827
ENSG00000135801.5 1 229761794 229761794 - 18 42708 1_internal_19066 1 229713686 229719086 163 193.371 1.02007 23.087 0.000741759 0.263223 0.00497512 0.0048851
ENSG00000135763.5 1 229761981 229761981 + 18 -822851 1_internal_24451 1 228887331 228939130 163 174.079 0.979313 21.2427 0.05993 0.145364 0.706468 0.685447
ENSG00000143641.8 1 230193536 230193536 + 14 84067 1_internal_18176 1 230277603 230349086 163 169.304 1.03682 14.2482 8.76804e-08 0.400624 0.00497512 4.11946e-07
ENSG00000227006.1 1 230404229 230404229 - 11 55143 1_internal_18176 1 230277603 230349086 163 184.824 0.945522 12.3233 0.0175901 0.179581 0.164179 0.150497
ENSG00000224407.1 1 230417639 230417639 - 11 68553 1_internal_18176 1 230277603 230349086 163 197.208 0.872882 13.3153 0.000398937 0.27168 0.00497512 0.00316906
ENSG00000135775.8 1 230778235 230778235 + 11 -20370 1_internal_19389 1 230593941 230757865 163 172.933 0.948807 11.0216 0.000123698 0.29626 0.00497512 0.00123786
ENSG00000143643.8 1 231114621 231114621 - 15 -40597 1_internal_19329 1 231155218 231190777 163 166.343 0.925529 13.7654 0.112463 0.12652 0.820896 0.816506
ENSG00000173409.9 1 231114727 231114727 + 15 -356862 1_internal_19389 1 230593941 230757865 163 157.97 1.01452 14.358 0.124459 -0.119673 0.865672 0.862517
ENSG00000143633.8 1 231376933 231376933 - 12 619068 1_internal_19389 1 230593941 230757865 163 149.915 1.2015 11.7368 0.0569795 0.148792 0.477612 0.47482
ENSG00000116906.7 1 231376953 231376953 + 12 368257 1_internal_17817 1 231745210 231888081 163 147.337 1.16291 11.3211 0.0588415 -0.149557 0.517413 0.502808
ENSG00000010072.11 1 231472850 231472850 + 12 272360 1_internal_17817 1 231745210 231888081 163 158.034 1.04302 10.8517 0.00135138 0.250416 0.00995025 0.0142488
ENSG00000116903.6 1 231473598 231473598 - 12 -271612 1_internal_17817 1 231745210 231888081 163 148.897 1.05613 10.3027 0.0193032 0.180434 0.223881 0.210324
ENSG00000135766.8 1 231560790 231560790 - 12 370013 1_internal_19329 1 231155218 231190777 163 165.913 0.964985 11.9998 0.00803775 0.205501 0.104478 0.0951877
ENSG00000116918.8 1 231664287 231664287 + 14 196374 1_internal_24685 1 231860661 231945736 163 182.866 0.86228 13.7934 0.152596 0.113853 0.865672 0.882643
ENSG00000233461.1 1 231664302 231664302 - 14 -978531 1_internal_20778 1 232642833 232767466 163 149.772 1.13512 12.0719 0.0795536 -0.140526 0.661692 0.640641
ENSG00000229228.1 1 231747836 231747836 - 15 -232029 1_internal_19339 1 231979865 232006082 163 172.232 0.964939 15.0016 0.0594851 0.144491 0.587065 0.57217
ENSG00000162946.15 1 231762561 231762561 + 14 0 1_internal_25435 1 231739047 232060482 163 162.395 0.995138 13.2091 4.05114e-16 0.563226 0.00497512 7.1234e-15
ENSG00000222986.1 1 231806381 231806381 + 14 0 1_internal_25435 1 231739047 232060482 163 164.082 1.05963 14.0384 0.000300749 0.276295 0.00497512 0.00282644
ENSG00000226758.1 1 232061580 232061580 + 16 -1098 1_internal_25435 1 231739047 232060482 163 158.241 1.02308 15.2167 6.85911e-10 0.462447 0.00497512 1.21421e-08
ENSG00000116991.6 1 232697304 232697304 - 16 0 1_internal_20778 1 232642833 232767466 163 195.457 0.899328 22.5932 1.92195e-18 0.636121 0.00497512 1.87219e-18
ENSG00000212916.3 1 232940643 232940643 + 14 -959132 1_internal_18276 1 231885326 231981511 163 158.113 0.971586 13.9963 0.0423955 -0.160476 0.492537 0.493441
ENSG00000135778.6 1 233086351 233086351 + 10 0 1_internal_19363 1 232743308 233087162 163 159.132 1.03041 11.1429 0.00226364 0.242187 0.0248756 0.0249248
ENSG00000135749.13 1 233431459 233431459 - 9 0 1_internal_18249 1 233412273 233432310 163 184.457 0.941389 10.7394 2.16089e-10 0.461726 0.00497512 5.86712e-10
ENSG00000143674.6 1 233463514 233463514 + 9 -31204 1_internal_18249 1 233412273 233432310 163 157.62 1.04141 9.5549 0.000673992 0.260401 0.00995025 0.00635172
ENSG00000168275.10 1 234509202 234509202 + 14 310060 1_internal_20953 1 234819262 234827577 163 157.381 1.04596 14.4951 0.256065 -0.0867951 0.99005 0.987178
ENSG00000231663.1 1 234509339 234509339 - 14 40317 1_internal_22271 1 233646657 234469022 163 162.873 1.08711 13.743 0.0193621 0.176985 0.179104 0.201986
ENSG00000059588.5 1 234614849 234614849 - 13 68914 1_internal_19258 1 234530766 234545935 163 156.108 0.997836 11.3824 0.0782609 0.134561 0.631841 0.636479
ENSG00000228830.1 1 234742754 234742754 + 14 0 1_internal_17173 1 234734362 235123549 163 167.457 0.959622 13.9163 0.0355492 0.16141 0.40796 0.393734
ENSG00000168264.6 1 234745271 234745271 - 14 0 1_internal_17173 1 234734362 235123549 163 185.428 0.946311 17.2592 0.0145562 0.190802 0.179104 0.165652
ENSG00000237520.1 1 235092978 235092978 + 16 532258 1_internal_18451 1 235625236 235667637 163 167.632 1.03159 17.0615 0.0936035 -0.12555 0.78607 0.787125
ENSG00000238005.1 1 235105809 235105809 - 16 0 1_internal_15899 1 234970935 235124021 163 146.796 1.21097 16.2968 0.0416605 0.156158 0.522388 0.499667
ENSG00000258082.1 1 235116551 235116551 - 16 0 1_internal_17905 1 235078378 235248378 163 141.367 1.04452 12.2093 0.00147741 0.249168 0.0298507 0.0313406
ENSG00000207181.1 1 235291252 235291252 - 19 232579 1_internal_21190 1 235050458 235058673 163 159.307 0.951134 17.1072 0.00699509 0.216582 0.134328 0.139057
ENSG00000173726.6 1 235292251 235292251 - 19 407856 1_internal_17998 1 234853547 234884395 163 167.6 0.988863 19.698 0.0280453 -0.172035 0.462687 0.40918
ENSG00000188739.10 1 235324772 235324772 - 20 266099 1_internal_21190 1 235050458 235058673 163 148.467 1.04322 15.7512 0.0128853 0.200556 0.233831 0.226648
ENSG00000232686.1 1 235334206 235334206 - 20 531356 1_internal_18895 1 234764715 234802850 163 151.762 1.04955 18.4842 0.000451807 -0.259073 0.0149254 0.0103615
ENSG00000263439.1 1 235353431 235353431 - 20 294758 1_internal_21190 1 235050458 235058673 163 167.744 1.02535 22.0382 0.00185237 -0.24692 0.0298507 0.031289
ENSG00000236863.2 1 235459180 235459180 + 21 -335159 1_internal_15899 1 234970935 235124021 163 166.47 1.00931 24.1775 0.00459256 -0.214369 0.109453 0.0938594
ENSG00000234086.2 1 235473313 235473313 - 20 742393 1_internal_24349 1 234608213 234730920 163 194.295 0.864224 23.8594 0.0417793 0.15957 0.492537 0.537278
ENSG00000152904.7 1 235490665 235490665 + 20 1522 1_internal_20624 1 235492187 235502140 163 146.079 1.02851 15.8909 0.0139923 0.189387 0.228856 0.262415
ENSG00000054267.16 1 235491534 235491534 - 20 -814094 1_internal_17682 1 236305628 236320576 163 131.658 1.10946 16.4505 0.00747276 -0.212785 0.18408 0.193923
ENSG00000227962.1 1 235500121 235500121 + 20 388540 1_internal_20267 1 235888661 235943779 163 172.121 1.03022 21.1999 0.0340757 0.169558 0.462687 0.454597
ENSG00000116957.8 1 235530675 235530675 + 20 -28535 1_internal_20624 1 235492187 235502140 163 157.922 0.912883 16.3985 0.00518499 -0.218015 0.119403 0.117892
ENSG00000243533.1 1 235582830 235582830 + 19 802999 1_internal_19144 1 236385829 236392438 163 160.851 0.907444 16.8947 0.0175071 -0.187509 0.333333 0.310923
ENSG00000162885.7 1 235667781 235667781 - 19 165641 1_internal_20624 1 235492187 235502140 163 162.316 0.947422 18.2661 7.94365e-06 -0.330305 0.00497512 0.000245588
ENSG00000235674.2 1 235901305 235901305 + 16 -777284 1_internal_15899 1 234970935 235124021 163 157.858 1.04578 14.8037 0.0697966 0.143452 0.651741 0.663725
ENSG00000229463.1 1 236003482 236003482 - 16 335845 1_internal_18451 1 235625236 235667637 163 195.075 0.847893 16.3591 0.0723317 0.140565 0.606965 0.632849
ENSG00000222831.1 1 236016360 236016360 - 16 72581 1_internal_20267 1 235888661 235943779 163 156.123 1.01792 14.991 0.0352109 0.162674 0.427861 0.443326
ENSG00000252056.1 1 236026737 236026737 - 16 -278891 1_internal_17682 1 236305628 236320576 163 150.616 1.02866 13.6948 0.0196126 -0.1867 0.303483 0.279281
ENSG00000143669.8 1 236046940 236046940 - 16 922919 1_internal_15899 1 234970935 235124021 163 150.075 1.06075 14.6267 0.0634376 0.147011 0.666667 0.656418
ENSG00000237845.1 1 236107105 236107105 - 14 -198523 1_internal_17682 1 236305628 236320576 163 162.316 1.19343 16.9226 0.0152648 -0.183143 0.159204 0.162406
ENSG00000077585.9 1 236305832 236305832 + 11 0 1_internal_17682 1 236305628 236320576 163 151.985 1.06324 9.49788 4.50744e-05 0.309613 0.00497512 0.000481759
ENSG00000222650.1 1 236431080 236431080 + 11 -959158 1_internal_18947 1 235441341 235471922 163 189.774 0.967825 12.8 0.0615726 -0.149556 0.467662 0.450743
ENSG00000086619.9 1 236445319 236445319 - 11 501540 1_internal_20267 1 235888661 235943779 163 167.25 0.977253 11.289 0.0337056 -0.163109 0.328358 0.313407
ENSG00000116977.14 1 236681300 236681300 + 8 -360724 1_internal_17682 1 236305628 236320576 163 161.408 1.12916 8.74267 0.0295531 -0.166335 0.179104 0.187665
ENSG00000223776.4 1 236687808 236687808 - 8 744029 1_internal_20267 1 235888661 235943779 163 193.626 0.907388 9.43997 0.147134 0.107799 0.686567 0.716306
ENSG00000230325.1 1 236713580 236713580 - 8 393004 1_internal_17682 1 236305628 236320576 163 161.806 1.1253 8.82412 0.0129029 -0.18611 0.0895522 0.0803849
ENSG00000119285.6 1 236767804 236767804 - 8 58146 1_internal_18227 1 236688004 236709658 163 170.481 1.07447 10.2401 0.117191 0.120923 0.686567 0.665705
ENSG00000116984.8 1 236958610 236958610 + 7 -929202 1_internal_26471 1 235899411 236029408 163 160.501 1.02702 7.96975 0.166101 0.110845 0.771144 0.763951
ENSG00000182901.11 1 241520530 241520530 - 8 -231630 1_internal_18599 1 241752160 241769283 163 179.157 0.929595 7.99975 0.00945909 0.201031 0.0945274 0.0642607
ENSG00000091483.6 1 241683061 241683061 - 8 -115923 1_internal_22446 1 241798984 241985554 163 196.38 0.880905 9.21807 0.00314139 0.229555 0.0298507 0.0193654
ENSG00000117009.7 1 241695434 241695434 + 8 103550 1_internal_22446 1 241798984 241985554 163 170.736 0.984639 9.08258 0.00874797 0.209319 0.0746269 0.0673992
ENSG00000203668.1 1 241799232 241799232 - 8 29949 1_internal_18599 1 241752160 241769283 163 161.854 0.984345 7.10192 0.011321 0.197118 0.104478 0.0832607
ENSG00000054277.8 1 241840678 241840678 - 8 0 1_internal_22446 1 241798984 241985554 163 155.757 0.981763 7.73255 0.0098339 0.19888 0.109453 0.0909277
ENSG00000174371.12 1 242011269 242011269 + 8 -257686 1_internal_19420 1 241670120 241753583 163 204.18 0.907394 9.16157 0.0685075 -0.146518 0.353234 0.365804
ENSG00000253326.1 1 243220496 243220496 - 8 -388788 1_internal_22471 1 243609284 243616474 163 135.764 1.05531 6.21177 0.015693 -0.18803 0.159204 0.141167
ENSG00000214837.3 1 243265046 243265046 - 8 0 1_internal_18472 1 241722643 243477527 163 187.673 0.904154 7.96661 0.0747863 0.134788 0.38806 0.414143
ENSG00000227230.1 1 243299200 243299200 + 8 120159 1_internal_17764 1 243419359 243434699 163 174.827 0.908567 7.3347 2.506e-11 0.482174 0.00497512 3.27365e-10
ENSG00000232085.1 1 243327940 243327940 + 8 91419 1_internal_17764 1 243419359 243434699 163 170.752 0.98235 7.49862 1.3474e-09 0.449581 0.00497512 5.82039e-09
ENSG00000269795.1 1 243388058 243388058 + 8 258000 1_internal_17386 1 243646058 244015143 163 168.03 1.10014 9.32112 0.0205472 0.18382 0.144279 0.129572
ENSG00000143702.11 1 243418650 243418650 - 8 -709 1_internal_17764 1 243419359 243434699 163 154.309 0.915306 7.27615 1.57641e-12 0.505407 0.00497512 3.46639e-10
ENSG00000054282.10 1 243419320 243419320 + 8 39 1_internal_17764 1 243419359 243434699 163 173.713 0.980055 7.75308 8.98589e-14 0.529286 0.00497512 1.97589e-13
ENSG00000224727.1 1 243431421 243431421 - 8 0 1_internal_17764 1 243419359 243434699 163 168.412 0.992351 8.60601 7.24964e-05 0.304879 0.00497512 0.00050279
ENSG00000117020.12 1 244014381 244014381 - 12 101939 1_internal_22992 1 243758936 243912442 163 161.217 0.93811 11.8078 0.00789885 0.202874 0.109453 0.110213
ENSG00000226828.1 1 244080704 244080704 + 12 -646005 1_internal_17764 1 243419359 243434699 163 142.45 1.10711 10.4325 0.130285 -0.120448 0.830846 0.80539
ENSG00000179456.9 1 244214585 244214585 + 13 991309 1_internal_24732 1 245205894 245274425 163 154.914 1.00585 12.6852 0.141331 0.114328 0.830846 0.874662
ENSG00000268146.1 1 244227632 244227632 + 13 -566836 1_internal_24641 1 243516917 243660796 163 159.323 0.999973 10.998 0.0887926 0.134524 0.636816 0.656072
ENSG00000173728.6 1 244515937 244515937 + 12 0 1_internal_24247 1 244453982 244616800 163 160.915 1.03536 12.4898 0.00185391 -0.242884 0.0199005 0.0211927
ENSG00000225401.2 1 244558962 244558962 - 12 0 1_internal_24247 1 244453982 244616800 163 156.299 0.994359 12.2671 0.00137062 -0.236364 0.0248756 0.0214511
ENSG00000240963.1 1 244572894 244572894 - 12 0 1_internal_24247 1 244453982 244616800 163 180.844 0.985244 13.4367 0.000270618 -0.290303 0.00497512 0.00185054
ENSG00000035687.9 1 244615436 244615436 - 12 0 1_internal_24247 1 244453982 244616800 163 170.832 1.0054 11.032 8.8762e-06 -0.343802 0.00497512 5.63889e-05
ENSG00000179397.13 1 244617679 244617679 + 11 711664 1_internal_26219 1 245329343 245844692 163 137.881 1.09607 9.18661 0.014189 0.190484 0.169154 0.166711
ENSG00000121644.14 1 244816237 244816237 + 9 162113 1_internal_16299 1 244978350 245004337 163 149.311 1.026 8.50456 0.116515 0.119998 0.696517 0.693746
ENSG00000232059.2 1 244858022 244858022 - 9 456736 1_internal_17872 1 244372516 244401286 163 171.452 0.918258 8.51592 0.00934463 -0.204868 0.0895522 0.0817526
ENSG00000203667.5 1 244998624 244998624 + 8 330719 1_internal_26219 1 245329343 245844692 163 170.147 0.958077 7.77565 0.00175317 -0.240743 0.0149254 0.0131771
ENSG00000188206.5 1 245018799 245018799 - 7 -187095 1_internal_24732 1 245205894 245274425 163 220.703 0.850408 9.12921 0.00979778 0.199301 0.0696517 0.0437711
ENSG00000153187.12 1 245027844 245027844 - 7 -178050 1_internal_24732 1 245205894 245274425 163 164.496 1.0468 7.75598 0.0127595 0.194548 0.0945274 0.080864
ENSG00000201758.1 1 245107212 245107212 + 7 98682 1_internal_24732 1 245205894 245274425 163 177.947 0.942077 7.02009 0.0120387 0.20085 0.0895522 0.0713349
ENSG00000203666.8 1 245133007 245133007 + 7 72887 1_internal_24732 1 245205894 245274425 163 184.012 0.997865 8.75292 2.01362e-10 0.475901 0.00497512 1.27817e-10
ENSG00000223353.1 1 245287752 245287752 - 9 13327 1_internal_24732 1 245205894 245274425 163 128.745 1.07989 6.76779 0.000140557 0.287838 0.00497512 0.00308079
ENSG00000162849.11 1 245318287 245318287 + 9 -43862 1_internal_24732 1 245205894 245274425 163 176.403 0.832588 7.49514 0.370802 0.0719214 0.9801 0.971935
ENSG00000235096.1 1 246196853 246196853 + 11 180753 1_internal_16854 1 246377606 246390169 163 173.028 0.937403 10.6898 0.0240552 0.171983 0.233831 0.220244
ENSG00000226876.1 1 246271928 246271928 + 11 580616 1_internal_22844 1 246852544 246863631 163 177.31 0.862018 10.3703 0.041826 0.158645 0.333333 0.36712
ENSG00000225222.2 1 246342080 246342080 + 10 -497388 1_internal_26219 1 245329343 245844692 163 179.793 0.912045 9.88296 0.0571482 0.148453 0.437811 0.413386
ENSG00000230184.1 1 246485740 246485740 - 10 -366804 1_internal_22844 1 246852544 246863631 163 160.453 0.993233 8.62225 0.044005 0.161434 0.363184 0.335003
ENSG00000185420.14 1 246670614 246670614 - 14 -410982 1_internal_18383 1 247081596 247135085 163 163.382 0.993299 13.3158 0.0605095 -0.147128 0.587065 0.565613
ENSG00000162851.6 1 246729626 246729626 - 15 -131470 1_internal_22792 1 246861096 246958285 163 157.142 1.05431 11.4299 0.00267774 0.232647 0.0248756 0.0294005
ENSG00000162852.9 1 246729746 246729746 + 15 131350 1_internal_22792 1 246861096 246958285 163 164.703 0.996138 14.804 0.0797943 0.135587 0.696517 0.702038
ENSG00000225300.1 1 246769175 246769175 + 15 312421 1_internal_18383 1 247081596 247135085 163 174.238 0.939453 14.3087 0.168983 0.105345 0.900498 0.919066
ENSG00000228955.2 1 246795780 246795780 - 15 -56764 1_internal_22844 1 246852544 246863631 163 175.512 0.970375 15.5817 0.0344396 -0.16626 0.363184 0.373671
ENSG00000260698.1 1 246845410 246845410 + 14 703965 1_internal_25657 1 247549375 247621318 163 166.279 0.976906 11.7065 0.0218602 -0.176524 0.223881 0.225415
ENSG00000143653.9 1 246887349 246887349 + 14 0 1_internal_22792 1 246861096 246958285 163 175.321 1.0049 15.9138 9.95676e-06 0.327025 0.00497512 6.96318e-05
ENSG00000260855.1 1 246935603 246935603 + 14 0 1_internal_22792 1 246861096 246958285 163 150.457 0.983383 11.3557 0.00835628 0.20368 0.139303 0.126045
ENSG00000227953.2 1 246939315 246939315 + 14 613407 1_internal_27348 1 247552722 249123808 163 163.111 0.997392 11.5727 0.00406913 0.228076 0.0547264 0.0463655
ENSG00000223519.3 1 246993361 246993361 - 14 -559361 1_internal_27348 1 247552722 249123808 163 149.517 0.926447 11.4577 0.00228557 0.241364 0.0497512 0.0510961
ENSG00000153207.10 1 247095280 247095280 - 15 0 1_internal_18383 1 247081596 247135085 163 194.502 0.850344 16.5038 4.01514e-06 0.340278 0.00497512 4.76399e-05
ENSG00000197472.10 1 247171395 247171395 - 16 0 1_internal_20991 1 247169890 247242471 163 156.887 1.08328 14.5351 9.22705e-08 0.396348 0.00497512 7.66306e-07
ENSG00000135747.7 1 247242113 247242113 - 16 0 1_internal_20991 1 247169890 247242471 163 174.302 0.94413 14.9489 0.00034267 0.276331 0.00995025 0.0044756
ENSG00000188295.9 1 247267674 247267674 - 16 25203 1_internal_20991 1 247169890 247242471 163 168.46 0.934816 16.4769 0.221849 0.0952667 0.985075 0.983586
ENSG00000196418.7 1 247335318 247335318 - 14 -217404 1_internal_27348 1 247552722 249123808 163 192.671 0.916288 17.3265 0.0668979 0.138985 0.616915 0.598818
ENSG00000215795.2 1 247348784 247348784 - 14 -145244 1_internal_23106 1 247494028 247525235 163 176.642 0.953556 17.3434 0.0868478 0.1368 0.746269 0.755439
ENSG00000259865.1 1 247351828 247351828 - 14 -748380 1_internal_17627 1 248100208 248130838 163 166.566 0.99629 14.3446 0.0488518 -0.148177 0.472637 0.496215
ENSG00000263568.1 1 247365362 247365362 - 14 470059 1_internal_18594 1 246889296 246895303 163 158.113 1.11505 14.218 0.0129409 0.193724 0.129353 0.14691
ENSG00000252516.1 1 247367963 247367963 - 14 409678 1_internal_22792 1 246861096 246958285 163 150.297 1.08069 14.1401 0.0865684 -0.131093 0.736318 0.748844
ENSG00000227671.2 1 247372795 247372795 - 14 -179927 1_internal_27348 1 247552722 249123808 163 143.644 1.12274 12.5683 0.0621466 0.142915 0.636816 0.599748
ENSG00000232347.1 1 247405125 247405125 - 14 162654 1_internal_20991 1 247169890 247242471 163 159.403 1.07235 14.4369 0.0613748 0.140579 0.597015 0.586279
ENSG00000162714.7 1 247495148 247495148 - 14 0 1_internal_23106 1 247494028 247525235 163 172.105 0.911753 13.6943 4.07767e-06 0.343045 0.00497512 7.77385e-05
ENSG00000162711.12 1 247579458 247579458 + 14 0 1_internal_27348 1 247552722 249123808 163 179.937 0.987857 17.4209 4.1098e-12 0.492614 0.00497512 7.67332e-12
ENSG00000177535.6 1 247615308 247615308 - 14 0 1_internal_27348 1 247552722 249123808 163 162.507 1.03345 13.3706 1.96079e-08 0.42484 0.00497512 1.63985e-07
ENSG00000266949.1 1 248903150 248903150 - 8 -248531 1_internal_18065 1 249151681 249158236 163 160.23 1.04868 8.84572 0.258954 -0.0892812 0.930348 0.927091
ENSG00000229663.1 1 249067991 249067991 - 8 0 1_internal_20186 1 248866339 249119977 163 149.693 1.05014 8.48276 0.222327 0.0949592 0.900498 0.897105
ENSG00000264500.1 1 249120576 249120576 + 7 -325266 1_internal_25314 1 248379346 248795310 163 150.759 1.11518 7.01162 0.217269 -0.097031 0.81592 0.821524
ENSG00000175137.9 1 249120832 249120832 - 7 -97428 1_internal_19186 1 249218260 249224394 163 175.973 1.0028 8.16941 0.144406 0.11184 0.676617 0.676371
ENSG00000171161.8 1 249132409 249132409 + 6 -337099 1_internal_25314 1 248379346 248795310 163 139.266 0.999987 4.84962 0.182815 -0.103458 0.681592 0.697144
ENSG00000171163.11 1 249153343 249153343 - 6 29535 1_internal_27348 1 247552722 249123808 163 152.59 1 5.00063 0.0136786 0.194299 0.0696517 0.0824691
ENSG00000185220.7 1 249200395 249200395 + 6 -76587 1_internal_27348 1 247552722 249123808 163 180.764 0.936136 6.04357 0.0849655 0.138549 0.363184 0.383797
ENSG00000233084.2 1 249230780 249230780 + 6 -106972 1_internal_27348 1 247552722 249123808 163 170.338 0.941615 6.38612 0.00803947 0.207192 0.0547264 0.0517882
