ENSG00000198056.7 12 57146157 57146157 - 13 -471906 12_internal_10186 12 57618063 57625587 163 182.34 0.92918 14.9165 0.0474593 -0.155729 0.462687 0.456291
ENSG00000166866.8 12 57444982 57444982 - 12 -173081 12_internal_10186 12 57618063 57625587 163 166.661 1.03181 13.7213 0.000854532 -0.259353 0.0199005 0.00870265
ENSG00000166881.5 12 57481846 57481846 - 12 -136217 12_internal_10186 12 57618063 57625587 163 162.491 0.989091 11.4959 0.185016 -0.102396 0.915423 0.907431
ENSG00000166886.8 12 57482677 57482677 + 12 0 12_internal_9089 12 57479474 57534547 163 162.634 1.02633 12.0914 0.00422571 0.227685 0.0547264 0.046137
ENSG00000123384.9 12 57522276 57522276 + 12 -784113 12_internal_8617 12 56689749 56738163 163 178.552 0.954513 13.5501 0.0394182 -0.15987 0.338308 0.36992
ENSG00000166888.5 12 57525922 57525922 - 12 0 12_internal_9089 12 57479474 57534547 163 165.531 0.997481 11.0832 0.00331235 0.233584 0.0447761 0.0338984
ENSG00000182199.6 12 57623110 57623110 + 11 -524761 12_internal_9784 12 57069043 57098349 163 158.814 1.02678 10.0679 0.0238685 -0.177211 0.238806 0.220181
ENSG00000185482.3 12 57644976 57644976 - 11 -73813 12_internal_13084 12 57718789 57774850 163 152.59 0.9799 9.35128 0.0216111 0.179367 0.238806 0.228539
ENSG00000258830.1 12 57690267 57690267 - 11 -28522 12_internal_13084 12 57718789 57774850 163 155.853 1.09884 11.032 5.56171e-05 0.309604 0.00497512 0.000429492
ENSG00000201198.1 12 57809079 57809079 + 10 -472944 12_internal_9146 12 57321616 57336135 163 145.204 1.06549 9.20467 0.0307318 -0.170923 0.333333 0.293883
ENSG00000268367.1 12 57810198 57810198 + 10 -249229 12_internal_9690 12 57558297 57560969 163 170.131 0.972594 11.1751 0.0386487 0.166005 0.323383 0.338306
ENSG00000179912.14 12 57824788 57824788 - 10 49938 12_internal_13084 12 57718789 57774850 163 158.193 1.03753 9.51054 1.64441e-06 0.363929 0.00497512 1.46897e-05
ENSG00000258001.1 12 57824899 57824899 + 10 -726550 12_internal_9784 12 57069043 57098349 163 185.604 0.905562 11.8567 0.0148249 0.193063 0.174129 0.133954
ENSG00000139269.2 12 57846106 57846106 + 10 376093 12_internal_13403 12 58222199 58293792 163 177.915 0.88003 9.77572 0.00439599 0.211908 0.0547264 0.044998
ENSG00000111087.5 12 57853918 57853918 + 10 278321 12_internal_9623 12 58132239 58150542 163 143.755 1.00502 8.95253 0.149826 -0.113034 0.820896 0.822594
ENSG00000166986.8 12 57869228 57869228 + 10 -935986 12_internal_10272 12 56873659 56933242 163 182.515 0.879492 11.614 0.0495698 -0.151741 0.39801 0.420044
ENSG00000123329.13 12 57882597 57882597 - 10 325634 12_internal_10024 12 57544576 57556963 163 158.241 0.919144 9.87979 0.135141 0.115192 0.820896 0.80138
ENSG00000252865.1 12 57904847 57904847 + 10 -347884 12_internal_10024 12 57544576 57556963 163 157.731 0.993205 9.66133 0.0723083 -0.139445 0.557214 0.542449
ENSG00000264046.1 12 57907700 57907700 + 10 -373153 12_internal_9089 12 57479474 57534547 163 171.548 0.922324 10.6038 0.0992848 0.128765 0.646766 0.667788
ENSG00000208028.1 12 57913042 57913042 - 10 814693 12_internal_9784 12 57069043 57098349 163 151.794 1.0826 10.2239 0.0410732 0.162273 0.373134 0.361906
ENSG00000175197.5 12 57914300 57914300 - 10 379753 12_internal_9089 12 57479474 57534547 163 133.249 1.17603 7.77774 0.0351579 0.167127 0.288557 0.290545
ENSG00000166987.10 12 57914493 57914493 + 10 307706 12_internal_13403 12 58222199 58293792 163 145.904 1.0428 8.17046 0.119489 0.120821 0.721393 0.695348
ENSG00000175203.10 12 57941114 57941114 - 9 842765 12_internal_9784 12 57069043 57098349 163 158.75 0.958315 8.39566 0.0147445 0.189881 0.144279 0.140762
ENSG00000166908.13 12 57984957 57984957 + 9 -210107 12_internal_13084 12 57718789 57774850 163 154.93 1.16928 8.34681 0.0130341 0.190839 0.0746269 0.0803709
ENSG00000135506.11 12 58087738 58087738 + 9 -462151 12_internal_10186 12 57618063 57625587 163 158.511 1.00014 8.0156 0.0537558 0.150879 0.38806 0.376128
ENSG00000257342.1 12 58115293 58115293 - 8 558330 12_internal_10024 12 57544576 57556963 163 171.707 1.00472 9.06232 0.172616 0.107272 0.781095 0.796105
ENSG00000257499.1 12 58119448 58119448 - 8 -12791 12_internal_9623 12 58132239 58150542 163 166.056 1.07922 8.68328 0.108307 0.122088 0.616915 0.585591
ENSG00000255737.2 12 58120054 58120054 + 8 12185 12_internal_9623 12 58132239 58150542 163 192.353 0.910283 9.16626 0.00324342 0.228933 0.0248756 0.0192242
ENSG00000135452.5 12 58131796 58131796 + 8 443 12_internal_9623 12 58132239 58150542 163 159.689 1.02801 9.18157 0.000877685 0.245649 0.00497512 0.00786295
ENSG00000135439.6 12 58135940 58135940 - 8 0 12_internal_9623 12 58132239 58150542 163 179.698 1.04508 9.55136 0.00234052 0.235862 0.0199005 0.010711
ENSG00000135446.11 12 58149796 58149796 - 8 524209 12_internal_10186 12 57618063 57625587 163 167.362 1.03106 9.15972 0.0544697 -0.143083 0.40796 0.368391
ENSG00000257921.1 12 58166811 58166811 + 8 55388 12_internal_13403 12 58222199 58293792 163 152.765 1.00252 7.11501 0.0388729 -0.164595 0.258706 0.281263
ENSG00000123297.11 12 58176372 58176372 + 8 45827 12_internal_13403 12 58222199 58293792 163 165.786 1.1411 9.46626 0.0432343 0.159747 0.303483 0.270086
ENSG00000206749.1 12 58200043 58200043 - 8 -22156 12_internal_13403 12 58222199 58293792 163 162.952 1.04923 8.46388 0.0793466 0.136798 0.507463 0.480958
ENSG00000135407.6 12 58212487 58212487 - 8 -9712 12_internal_13403 12 58222199 58293792 163 150.934 1.11712 7.92628 0.00154156 0.244191 0.00995025 0.0108663
ENSG00000207789.1 12 58218475 58218475 - 8 67933 12_internal_9623 12 58132239 58150542 163 165.42 0.974004 7.76163 0.113968 -0.124833 0.626866 0.610966
ENSG00000257953.1 12 58230875 58230875 + 8 -456025 12_internal_13084 12 57718789 57774850 163 168.874 1.0139 8.50133 0.0503637 0.155666 0.338308 0.325826
ENSG00000175215.5 12 58240522 58240522 - 8 0 12_internal_13403 12 58222199 58293792 163 184.426 0.989643 9.07389 0.011864 0.196257 0.0845771 0.0675566
ENSG00000257698.1 12 58329958 58329958 - 8 179416 12_internal_9623 12 58132239 58150542 163 155.996 0.969785 6.80556 0.0170253 0.190299 0.119403 0.135376
ENSG00000166896.3 12 58335324 58335324 + 8 -560474 12_internal_13084 12 57718789 57774850 163 173.156 0.989184 8.40871 0.0515964 0.157399 0.308458 0.324883
ENSG00000118596.7 12 59989848 59989848 + 2 -16031 12_internal_9552 12 59953455 59973817 163 152.064 1.00004 2.12584 0.196621 0.0993698 0.378109 0.398005
ENSG00000242922.2 12 62169704 62169704 + 5 139153 12_internal_10761 12 62308857 62398614 163 149.215 0.999951 4.47087 4.34006e-06 0.361305 0.00497512 4.95004e-05
ENSG00000257528.1 12 62273099 62273099 + 6 35758 12_internal_10761 12 62308857 62398614 163 145.713 0.999989 5.42326 1.31772e-06 0.361179 0.00497512 2.61324e-05
ENSG00000213363.4 12 62415955 62415955 - 6 17341 12_internal_10761 12 62308857 62398614 163 141.001 1.00003 5.1971 4.80415e-07 0.373793 0.00497512 1.48414e-05
ENSG00000252883.1 12 62511739 62511739 - 6 113125 12_internal_10761 12 62308857 62398614 163 176.037 0.994862 7.67162 4.57018e-05 0.318016 0.00497512 0.000182047
ENSG00000257880.1 12 62539424 62539424 - 6 140810 12_internal_10761 12 62308857 62398614 163 159.18 0.99999 4.96368 2.03578e-07 0.395047 0.00497512 1.40363e-06
ENSG00000258316.1 12 62629296 62629296 - 6 0 12_internal_13221 12 62602606 62738610 163 160.358 1.04505 5.92798 0.00984488 0.202067 0.0547264 0.0524605
ENSG00000135655.9 12 62654119 62654119 + 6 0 12_internal_13221 12 62602606 62738610 163 168.142 1.01383 6.35617 2.14392e-09 0.430006 0.00497512 5.85261e-09
ENSG00000198673.6 12 62672931 62672931 - 6 274317 12_internal_10761 12 62308857 62398614 163 146.859 1.00003 4.49792 4.27421e-09 0.443423 0.00497512 1.11975e-07
ENSG00000200814.1 12 62727978 62727978 - 6 0 12_internal_13221 12 62602606 62738610 163 202.429 0.931844 7.35827 9.1362e-06 0.333758 0.00497512 1.30287e-05
ENSG00000061987.10 12 62860597 62860597 + 6 5200 12_internal_11429 12 62865797 62920136 163 177.454 0.977731 6.91447 0.0646341 0.144134 0.333333 0.328115
ENSG00000257568.1 12 62878712 62878712 - 6 -360263 12_internal_11534 12 63238975 63329664 163 151.316 0.999971 4.89328 0.145009 0.117607 0.597015 0.574723
ENSG00000202034.1 12 62939459 62939459 - 6 19323 12_internal_11429 12 62865797 62920136 163 189.44 0.82518 6.40176 0.0632426 0.14684 0.328358 0.339529
ENSG00000257354.1 12 62996532 62996532 + 6 -76396 12_internal_11429 12 62865797 62920136 163 167.505 0.997935 5.81093 0.0309342 0.169028 0.159204 0.156354
ENSG00000221949.2 12 62997214 62997214 - 6 77078 12_internal_11429 12 62865797 62920136 163 161.838 1.09474 6.45547 0.00571591 0.215224 0.0248756 0.0264925
ENSG00000241941.2 12 63052603 63052603 + 6 -132467 12_internal_11429 12 62865797 62920136 163 182.181 1.00064 6.19307 0.048622 -0.154581 0.238806 0.208327
ENSG00000213352.3 12 63149007 63149007 + 6 -483894 12_internal_9831 12 62604314 62665113 163 153.911 0.999948 5.48366 0.283788 0.0820167 0.860697 0.855971
ENSG00000111110.6 12 63328817 63328817 - 7 0 12_internal_11534 12 63238975 63329664 163 164.385 0.992737 7.17608 0.000384297 0.26485 0.00497512 0.00272268
ENSG00000177990.7 12 64062719 64062719 - 4 -921258 12_internal_9815 12 64983977 65097498 163 161.488 0.999982 4.00598 0.237434 0.0905073 0.641791 0.66628
ENSG00000118600.6 12 64173583 64173583 + 5 -843919 12_internal_11534 12 63238975 63329664 163 168.937 1.00001 4.68379 0.0252348 0.175871 0.114428 0.101999
ENSG00000184575.7 12 64798130 64798130 + 4 -315179 12_internal_14111 12 64237631 64482951 163 178.87 0.999976 3.85594 0.00183649 -0.243943 0.00497512 0.00422884
ENSG00000255566.1 12 64837110 64837110 - 4 354159 12_internal_14111 12 64237631 64482951 163 150.202 1.00003 3.61717 0.290154 -0.0799126 0.741294 0.738686
ENSG00000183735.5 12 64845660 64845660 + 4 343967 12_internal_11958 12 65189627 65220593 163 157.174 1.00002 3.30004 0.710245 -0.0296666 0.975124 0.984162
ENSG00000256199.1 12 64927418 64927418 - 4 444467 12_internal_14111 12 64237631 64482951 163 147.512 0.999973 3.7131 0.050679 -0.155809 0.21393 0.214859
ENSG00000223294.1 12 64969445 64969445 + 4 135425 12_internal_13071 12 65104870 65196438 163 153.911 0.999988 3.93148 0.265142 -0.0889401 0.726368 0.72355
ENSG00000256670.1 12 65003239 65003239 - 4 0 12_internal_9815 12 64983977 65097498 163 155.168 0.999962 3.64146 0.111084 0.128627 0.38806 0.372383
ENSG00000153179.7 12 65004293 65004293 + 4 0 12_internal_9815 12 64983977 65097498 163 143.007 1.00006 3.43512 0.101559 0.128187 0.38806 0.368359
ENSG00000207546.1 12 65016289 65016289 + 4 88581 12_internal_13071 12 65104870 65196438 163 162.729 1.00001 3.94438 0.131902 -0.117704 0.41791 0.428445
ENSG00000225195.2 12 65022124 65022124 + 4 -539173 12_internal_14111 12 64237631 64482951 163 176.244 0.999982 3.9563 0.182817 -0.104235 0.537313 0.51223
ENSG00000256314.1 12 65048799 65048799 - 4 -56071 12_internal_13071 12 65104870 65196438 163 134.921 1 3.14107 0.335637 0.0753259 0.800995 0.778561
ENSG00000268028.1 12 65090329 65090329 - 4 -14541 12_internal_13071 12 65104870 65196438 163 162.666 0.999999 4.04138 0.0500643 -0.156869 0.199005 0.18826
ENSG00000135677.5 12 65153227 65153227 - 4 0 12_internal_13071 12 65104870 65196438 163 160.358 0.999966 4.02667 6.64612e-08 0.382849 0.00497512 3.42028e-07
ENSG00000111490.8 12 65174589 65174589 + 4 0 12_internal_13071 12 65104870 65196438 163 159.816 1 3.89113 6.59491e-18 0.60733 0.00497512 5.36616e-17
ENSG00000243020.1 12 65262479 65262479 - 4 66041 12_internal_13071 12 65104870 65196438 163 150.138 1.00001 3.79807 9.32604e-05 0.308232 0.00497512 0.000672281
ENSG00000255693.1 12 65277174 65277174 + 4 -80736 12_internal_13071 12 65104870 65196438 163 182.324 0.999969 4.72763 6.34584e-06 0.343598 0.00497512 8.48171e-06
ENSG00000174106.2 12 65563351 65563351 + 6 998287 12_internal_8486 12 66561638 66586300 163 144.694 0.999979 4.90352 0.00817162 0.203729 0.0348259 0.0608537
ENSG00000174099.6 12 65672423 65672423 + 9 931592 12_internal_9773 12 66604015 66638588 163 138.136 1.02924 7.32823 0.118262 0.121515 0.716418 0.686817
ENSG00000250280.2 12 65675437 65675437 + 9 996651 12_internal_13154 12 66672088 66803704 163 194.422 0.815382 8.96299 0.0909264 -0.130623 0.517413 0.543706
ENSG00000215208.3 12 65813807 65813807 - 10 -858281 12_internal_13154 12 66672088 66803704 163 147.369 1.21187 10.7642 0.00340598 -0.224063 0.0199005 0.0279981
ENSG00000250748.2 12 66036152 66036152 - 11 -525486 12_internal_8486 12 66561638 66586300 163 146.573 1.10984 9.39336 0.180992 0.103323 0.850746 0.862882
ENSG00000149948.9 12 66217911 66217911 + 9 343727 12_internal_8486 12 66561638 66586300 163 152.59 0.997327 7.69414 0.481774 -0.0531785 1 0.994907
ENSG00000197301.3 12 66275947 66275947 - 8 -285691 12_internal_8486 12 66561638 66586300 163 153.847 1.03785 7.96724 0.0612076 0.147729 0.39801 0.416579
ENSG00000239335.4 12 66524531 66524531 + 9 17661 12_internal_9480 12 66542192 66611998 163 195.887 0.846844 9.10703 0.00219089 0.242901 0.0199005 0.0159354
ENSG00000139233.2 12 66524548 66524548 - 9 -75337 12_internal_9241 12 66599885 66643005 163 163.987 1.00032 9.49498 0.0667877 -0.143149 0.472637 0.476734
ENSG00000228144.2 12 66563765 66563765 - 9 0 12_internal_9480 12 66542192 66611998 163 137.436 1.07363 7.42098 0.00454302 0.226647 0.0646766 0.0527839
ENSG00000155957.11 12 66563852 66563852 - 9 0 12_internal_9480 12 66542192 66611998 163 155.407 1.0084 8.68786 0.00443867 0.222153 0.0646766 0.0452231
ENSG00000090376.4 12 66582659 66582659 + 9 0 12_internal_8486 12 66561638 66586300 163 160.756 0.942426 7.7105 2.36631e-06 0.349989 0.00497512 4.05668e-05
ENSG00000225422.3 12 66629014 66629014 - 9 42714 12_internal_8486 12 66561638 66586300 163 172.28 1.03017 9.95026 3.89723e-07 0.376517 0.00497512 1.20174e-06
ENSG00000266539.1 12 66629402 66629402 - 9 0 12_internal_9773 12 66604015 66638588 163 160.183 0.954056 7.86806 0.0251875 0.171583 0.208955 0.208364
ENSG00000256072.1 12 66651214 66651214 - 9 64914 12_internal_8486 12 66561638 66586300 163 160.055 0.918501 7.21418 0.000287149 0.270628 0.00995025 0.0039552
ENSG00000127311.5 12 66696325 66696325 + 9 0 12_internal_13154 12 66672088 66803704 163 159.116 0.985663 7.94593 4.08968e-12 0.493935 0.00497512 8.22908e-11
ENSG00000238528.1 12 66739499 66739499 + 9 0 12_internal_13154 12 66672088 66803704 163 160.676 1.07008 9.58443 4.32427e-08 0.40047 0.00497512 1.82448e-07
ENSG00000155974.7 12 67197966 67197966 - 10 394262 12_internal_13154 12 66672088 66803704 163 151.873 1.01668 8.85571 1.33501e-11 0.490142 0.00497512 4.08478e-10
ENSG00000111530.7 12 67663061 67663061 + 6 -859357 12_internal_13154 12 66672088 66803704 163 135.733 0.999958 5.17122 0.370525 -0.0680217 0.935323 0.936934
ENSG00000127334.10 12 68042118 68042118 + 5 883596 12_internal_11161 12 68925714 68935019 163 164.449 0.999947 5.10697 0.00213242 -0.238111 0.00995025 0.0103616
ENSG00000235872.2 12 68064699 68064699 - 5 -861015 12_internal_11161 12 68925714 68935019 163 155.264 0.999982 4.80666 0.000248442 -0.278462 0.00497512 0.00167874
ENSG00000111554.10 12 68726161 68726161 - 7 -72433 12_internal_9181 12 68798594 68806418 163 140.874 1.02377 5.66433 0.0364789 0.164774 0.263682 0.250684
ENSG00000251301.2 12 68845443 68845443 - 7 39025 12_internal_9181 12 68798594 68806418 163 180.191 0.978077 7.38614 0.00656218 0.206081 0.0447761 0.0337271
ENSG00000127314.12 12 69004619 69004619 + 6 -69600 12_internal_11161 12 68925714 68935019 163 166.438 0.966439 6.03653 0.001431 0.243401 0.00497512 0.00912542
ENSG00000234040.3 12 69020967 69020967 - 6 -663279 12_internal_10177 12 69684246 69754713 163 166.916 0.916644 5.49181 0.255589 0.0851086 0.791045 0.816489
ENSG00000206650.1 12 69021155 69021155 - 6 23555 12_internal_13923 12 68629874 68997600 163 143.469 1.00004 4.43499 0.0476506 0.155537 0.21393 0.251447
ENSG00000234925.2 12 69036773 69036773 - 6 -647473 12_internal_10177 12 69684246 69754713 163 155.152 1.00856 6.01473 0.0371899 0.162537 0.228856 0.224417
ENSG00000241825.2 12 69078375 69078375 + 6 87709 12_internal_10235 12 69166084 69183518 163 165.611 1.08051 6.52666 0.0289849 -0.168778 0.144279 0.141402
ENSG00000111581.5 12 69080514 69080514 + 6 85570 12_internal_10235 12 69166084 69183518 163 182.866 0.935405 7.13633 0.0459851 0.152913 0.283582 0.248975
ENSG00000247363.2 12 69081535 69081535 - 6 275117 12_internal_9181 12 68798594 68806418 163 158.607 0.978076 6.21127 0.000944616 0.252142 0.0149254 0.00771218
ENSG00000233560.2 12 69099414 69099414 + 6 -101814 12_internal_13923 12 68629874 68997600 163 192.958 1.00003 6.66659 0.068029 -0.141751 0.318408 0.274735
ENSG00000175782.7 12 69139886 69139886 + 6 26198 12_internal_10235 12 69166084 69183518 163 172.742 0.994911 6.16103 3.0629e-12 0.508135 0.00497512 4.88638e-12
ENSG00000251695.2 12 69186125 69186125 + 6 -2607 12_internal_10235 12 69166084 69183518 163 176.562 0.951757 5.75797 1.14436e-08 0.405197 0.00497512 3.93096e-08
ENSG00000256678.1 12 69199259 69199259 - 6 15741 12_internal_10235 12 69166084 69183518 163 163.637 0.962122 6.09718 0.00725197 0.199185 0.0547264 0.0487592
ENSG00000135679.16 12 69201956 69201956 + 6 -18438 12_internal_10235 12 69166084 69183518 163 163.223 0.99996 4.78786 3.14995e-14 0.534608 0.00497512 1.45047e-13
ENSG00000256325.1 12 69221898 69221898 + 6 -38380 12_internal_10235 12 69166084 69183518 163 159.196 0.934297 5.95853 1.93636e-06 0.363847 0.00497512 3.22021e-05
ENSG00000256664.1 12 69235726 69235726 + 6 -52208 12_internal_10235 12 69166084 69183518 163 155.089 0.99251 5.43326 6.59824e-15 0.541513 0.00497512 2.01219e-13
ENSG00000257181.1 12 69237017 69237017 - 6 53499 12_internal_10235 12 69166084 69183518 163 154.341 1.0836 6.12997 1.45464e-13 0.524563 0.00497512 4.23714e-13
ENSG00000135678.6 12 69365350 69365350 - 7 181832 12_internal_10235 12 69166084 69183518 163 165.849 0.93171 6.35123 5.0681e-16 0.566705 0.00497512 1.86388e-14
ENSG00000111605.12 12 69633317 69633317 + 7 -635717 12_internal_13923 12 68629874 68997600 163 141.734 0.999967 5.55053 0.180188 -0.102165 0.751244 0.732619
ENSG00000257818.1 12 69678177 69678177 + 7 -743158 12_internal_11161 12 68925714 68935019 163 179.061 0.933697 6.53947 0.0805102 0.136715 0.39801 0.396035
ENSG00000090382.2 12 69742121 69742121 + 7 0 12_internal_10177 12 69684246 69754713 163 141.67 1.00002 5.34125 2.98235e-11 0.496068 0.00497512 3.09517e-09
ENSG00000257764.1 12 69748005 69748005 - 7 0 12_internal_10177 12 69684246 69754713 163 148.929 1.06064 6.40047 1.58612e-11 0.502019 0.00497512 2.07423e-10
ENSG00000127337.2 12 69753483 69753483 + 7 0 12_internal_10177 12 69684246 69754713 163 142.45 1.11824 6.88281 9.71049e-23 0.692747 0.00497512 1.95669e-21
ENSG00000166225.4 12 69864129 69864129 + 6 -109416 12_internal_10177 12 69684246 69754713 163 172.28 0.942505 6.61286 0.0386196 0.165058 0.233831 0.22472
ENSG00000166226.7 12 69979114 69979114 + 5 -524857 12_internal_9025 12 69448630 69454257 163 150.17 1.00002 4.80491 0.0217029 -0.183993 0.104478 0.125786
ENSG00000127328.17 12 70132461 70132461 + 4 145960 12_internal_10201 12 70278421 71004160 163 171.15 0.99999 4.44708 0.0035137 0.232777 0.0149254 0.0123029
ENSG00000258052.1 12 70195449 70195449 + 3 82972 12_internal_10201 12 70278421 71004160 163 152.224 1.00002 2.66832 0.0853137 0.136405 0.248756 0.236956
ENSG00000257613.1 12 70615642 70615642 - 2 860929 12_internal_10177 12 69684246 69754713 163 182.006 1.00001 1.94171 0.00170251 -0.239602 0.00497512 0.00177109
ENSG00000111596.7 12 70636774 70636774 + 2 0 12_internal_10201 12 70278421 71004160 163 203.4 1.00002 2.20852 0.0440656 0.157041 0.079602 0.0532135
ENSG00000257815.1 12 70637140 70637140 - 2 0 12_internal_10201 12 70278421 71004160 163 153.768 1.00003 1.98649 0.00210094 0.233808 0.00995025 0.00558896
ENSG00000139292.8 12 71833550 71833550 + 4 339773 12_internal_9842 12 72173323 72185292 163 165.117 1.00002 4.40591 0.248079 0.0916558 0.726368 0.71013
ENSG00000212461.1 12 72033135 72033135 + 3 22161 12_internal_8546 12 72055296 72150979 163 166.518 1.00004 2.91426 0.0419437 0.163465 0.119403 0.111571
ENSG00000173451.2 12 72056789 72056789 + 3 0 12_internal_8546 12 72055296 72150979 163 161.918 0.999976 2.73045 0.112109 0.122709 0.263682 0.279911
ENSG00000133858.11 12 72061505 72061505 - 3 -111818 12_internal_9842 12 72173323 72185292 163 157.031 1.00003 2.90487 0.66563 -0.0346677 0.975124 0.960576
ENSG00000258064.1 12 72067984 72067984 + 4 998884 12_internal_10086 12 73066868 73143187 163 151.714 1.00004 4.02587 0.128695 0.111738 0.482587 0.462132
ENSG00000139291.8 12 72079867 72079867 + 4 -28147 12_internal_9854 12 72038342 72051720 163 137.499 0.999964 3.51884 0.127849 -0.117499 0.487562 0.463302
ENSG00000080371.4 12 72148654 72148654 + 4 0 12_internal_8546 12 72055296 72150979 163 119.528 1.00007 2.96697 0.0107289 -0.19047 0.0497512 0.0835647
ENSG00000257410.1 12 72193407 72193407 - 4 141687 12_internal_9854 12 72038342 72051720 163 200.184 0.999992 4.80195 0.00345287 0.227617 0.00995025 0.00569505
ENSG00000121749.11 12 72233487 72233487 + 4 -48195 12_internal_9842 12 72173323 72185292 163 175.002 1 4.34421 0.00763687 0.214414 0.0547264 0.0245328
ENSG00000257802.1 12 72244208 72244208 - 4 58916 12_internal_9842 12 72173323 72185292 163 169.017 1.00003 4.66923 0.267558 0.0896229 0.746269 0.753114
ENSG00000253719.2 12 74931551 74931551 + 3 954974 12_internal_14108 12 75886525 77187226 163 166.773 0.999998 3.02505 0.402077 0.0670412 0.810945 0.783143
ENSG00000257386.1 12 74932413 74932413 - 3 -824140 12_internal_11680 12 75756553 75785982 163 215.243 1.00004 3.67519 0.379261 0.0707239 0.766169 0.747173
ENSG00000180881.15 12 75784708 75784708 - 8 -46676 12_internal_10453 12 75831384 75887764 163 162.586 1.05826 8.15949 0.00199522 -0.239507 0.00995025 0.0126113
ENSG00000139278.5 12 75874460 75874460 + 8 0 12_internal_10453 12 75831384 75887764 163 143.5 1.06776 6.78165 3.7661e-05 0.316962 0.00497512 0.000448869
ENSG00000257497.1 12 75883600 75883600 - 8 -670765 12_internal_10685 12 76554365 76580878 163 135.844 1.06954 6.08486 0.10075 0.130262 0.597015 0.554412
ENSG00000111615.8 12 75905416 75905416 - 8 17652 12_internal_10453 12 75831384 75887764 163 129.509 0.999959 5.39922 0.000102031 0.302921 0.00497512 0.00288986
ENSG00000139289.8 12 76427712 76427712 - 9 0 12_internal_14108 12 75886525 77187226 163 207.682 0.853747 10.3616 5.61807e-10 0.444506 0.00497512 9.71773e-10
ENSG00000257941.1 12 76451318 76451318 + 9 0 12_internal_14108 12 75886525 77187226 163 169.097 0.997408 9.05011 3.63174e-07 0.390986 0.00497512 2.05894e-06
ENSG00000187109.8 12 76478813 76478813 - 9 0 12_internal_14108 12 75886525 77187226 163 185.604 0.893267 10.2643 9.01466e-16 0.579642 0.00497512 5.15007e-15
ENSG00000179941.5 12 76742222 76742222 - 10 0 12_internal_14108 12 75886525 77187226 163 163.812 0.978002 9.48674 4.93427e-13 0.532295 0.00497512 7.35581e-12
ENSG00000091039.12 12 76953589 76953589 - 8 0 12_internal_14108 12 75886525 77187226 163 161.106 1.00066 7.61757 2.45308e-18 0.610847 0.00497512 2.85779e-17
ENSG00000186908.10 12 77157368 77157368 + 8 0 12_internal_14108 12 75886525 77187226 163 164.624 1.03509 8.23094 1.43466e-13 0.534441 0.00497512 3.33477e-13
ENSG00000257445.1 12 77252003 77252003 + 8 -64777 12_internal_14108 12 75886525 77187226 163 178.106 0.891955 8.72784 0.000240455 0.285423 0.00497512 0.00233747
ENSG00000175183.5 12 77272840 77272840 - 8 85614 12_internal_14108 12 75886525 77187226 163 142.37 0.993299 6.55345 4.38547e-08 0.401542 0.00497512 2.24621e-06
ENSG00000067798.9 12 78224685 78224685 + 3 166294 12_internal_11127 12 78390979 78428782 163 131.912 0.999965 2.34157 2.22279e-18 0.614545 0.00497512 8.68078e-15
ENSG00000258048.1 12 80083924 80083924 + 1 -584611 12_internal_8821 12 78808804 79499313 163 148.244 1.00001 0.965483 0.752975 -0.0254494 0.726368 0.752048
ENSG00000177425.6 12 80084877 80084877 - 1 585564 12_internal_8821 12 78808804 79499313 163 158.989 1.00002 0.969187 0.26627 0.0847921 0.258706 0.265086
ENSG00000269531.1 12 80198742 80198742 + 2 972974 12_internal_11189 12 81171716 81472477 163 154.054 0.999987 1.80702 0.0114814 0.200415 0.0348259 0.0251655
ENSG00000258044.1 12 80217558 80217558 + 2 954158 12_internal_11189 12 81171716 81472477 163 174.62 0.999991 2.00851 0.155334 0.110275 0.278607 0.263639
ENSG00000201942.1 12 80272199 80272199 - 2 772886 12_internal_8821 12 78808804 79499313 163 164.321 1.00001 2.12998 0.162005 -0.108425 0.313433 0.310749
ENSG00000257557.1 12 80328681 80328681 + 2 843035 12_internal_11189 12 81171716 81472477 163 156.935 0.999988 2.2095 0.567875 0.043882 0.845771 0.84917
ENSG00000058272.11 12 80329240 80329240 - 2 -842476 12_internal_11189 12 81171716 81472477 163 168.237 1 1.84463 0.0413181 0.16267 0.0597015 0.0692856
ENSG00000257741.1 12 81156933 81156933 + 2 14783 12_internal_11189 12 81171716 81472477 163 189.233 0.999987 2.04188 0.0253817 0.176656 0.039801 0.0323709
ENSG00000207763.1 12 81226408 81226408 - 2 0 12_internal_11189 12 81171716 81472477 163 136.274 0.999989 1.76317 0.0238069 0.18122 0.0497512 0.0674422
ENSG00000258215.1 12 81255287 81255287 - 2 0 12_internal_11189 12 81171716 81472477 163 149.04 0.999965 1.86352 0.122732 0.120748 0.228856 0.245104
ENSG00000208022.1 12 81329612 81329612 - 2 0 12_internal_11189 12 81171716 81472477 163 162.873 1.00003 2.18611 0.00288535 0.235496 0.0149254 0.00631975
ENSG00000111058.3 12 81331594 81331594 + 2 0 12_internal_11189 12 81171716 81472477 163 132.342 0.999971 1.88708 0.000293673 0.279942 0.00995025 0.0020912
ENSG00000111052.3 12 81331704 81331704 - 2 0 12_internal_11189 12 81171716 81472477 163 156.537 0.999984 1.80818 8.98644e-07 0.384617 0.00497512 2.67622e-06
ENSG00000127720.3 12 82752276 82752276 + 5 -325355 12_internal_11465 12 82152099 82426921 163 136.497 1.00002 3.2515 0.084618 0.137423 0.343284 0.326956
ENSG00000133773.7 12 82752584 82752584 - 5 -496479 12_internal_11113 12 83249063 83265006 163 152.224 0.999996 4.35699 0.264241 0.0910994 0.776119 0.761998
ENSG00000257875.1 12 82862235 82862235 + 5 423752 12_internal_9596 12 83285987 83363382 163 163.796 1.00002 4.70518 0.113831 0.120995 0.432836 0.431024
ENSG00000179104.3 12 83080659 83080659 + 5 205328 12_internal_9596 12 83285987 83363382 163 165.388 1.00001 4.77329 2.31111e-15 0.579285 0.00497512 6.90343e-15
ENSG00000133641.11 12 88427623 88427623 + 1 603585 12_internal_9135 12 89031208 89053112 163 177.549 0.999986 0.970208 0.503831 0.0534928 0.487562 0.475047
ENSG00000198707.8 12 88535993 88535993 - 1 -495215 12_internal_9135 12 89031208 89053112 163 159.148 0.999981 1.13011 0.0881928 0.132328 0.0746269 0.103391
ENSG00000139324.7 12 88536073 88536073 + 1 495135 12_internal_9135 12 89031208 89053112 163 140.699 0.99996 0.822363 0.0845052 0.132261 0.0597015 0.0906128
ENSG00000246363.2 12 89413456 89413456 - 10 -135035 12_internal_8847 12 89548491 90259440 163 177.199 0.877241 10.806 0.0433935 0.151168 0.38806 0.381257
ENSG00000257629.1 12 89421534 89421534 + 10 -368422 12_internal_9135 12 89031208 89053112 163 157.317 1.0338 9.48606 0.00679746 -0.20446 0.079602 0.0650211
ENSG00000257156.1 12 89703330 89703330 - 10 0 12_internal_8847 12 89548491 90259440 163 156.696 1.09004 9.89504 0.0696049 0.141237 0.527363 0.498579
ENSG00000257820.1 12 89713141 89713141 + 10 13592 12_internal_9401 12 89726733 89741808 163 160.342 0.947512 9.07748 0.0221801 -0.175263 0.218905 0.213499
ENSG00000139318.6 12 89747048 89747048 - 10 0 12_internal_12805 12 89608049 89765315 163 151.459 1.07304 9.42692 0.0311932 0.166407 0.273632 0.273147
ENSG00000226982.4 12 89893870 89893870 + 10 -260125 12_internal_10161 12 89569946 89633745 163 166.502 0.98533 11.6227 0.110388 0.129468 0.751244 0.735375
ENSG00000257594.1 12 89918583 89918583 - 10 -195798 12_internal_8975 12 90114381 90164185 163 159.992 0.959731 8.19477 0.0535813 -0.150976 0.383085 0.394805
ENSG00000139323.9 12 89919801 89919801 - 10 154486 12_internal_12805 12 89608049 89765315 163 185.604 0.95384 11.6564 0.0261055 -0.173234 0.218905 0.204858
ENSG00000259075.1 12 89920039 89920039 - 10 -194342 12_internal_8975 12 90114381 90164185 163 151.65 1.104 10.0798 0.0682056 -0.142832 0.537313 0.516119
ENSG00000258302.1 12 89954906 89954906 + 10 -213098 12_internal_9401 12 89726733 89741808 163 147.846 1.03973 7.80788 0.00444488 -0.221111 0.039801 0.0451465
ENSG00000266347.1 12 89986604 89986604 + 10 138457 12_internal_9500 12 90125061 90152369 163 164.751 1.03501 10.7083 0.00182056 0.247331 0.0199005 0.0156635
ENSG00000070961.10 12 90103077 90103077 - 9 0 12_internal_9288 12 89817313 90276618 163 142.673 1.16814 8.18314 0.062718 0.14386 0.457711 0.427786
ENSG00000257480.1 12 90146690 90146690 + 9 0 12_internal_9500 12 90125061 90152369 163 145.236 0.994478 6.83008 0.00635886 0.215137 0.0497512 0.0675831
ENSG00000257242.1 12 92536690 92536690 - 14 25530 12_internal_9727 12 92419085 92511160 163 190.299 0.982097 19.8391 0.0552637 0.150569 0.527363 0.547604
ENSG00000257922.1 12 92539009 92539009 - 14 -615661 12_internal_11272 12 93154670 93175067 163 144.742 1.05629 12.8536 0.0743483 -0.140942 0.696517 0.693262
ENSG00000245904.2 12 92539349 92539349 + 14 717595 12_internal_8883 12 93256944 93266610 163 179.698 0.970898 14.8658 0.0659431 0.145332 0.577114 0.571622
ENSG00000133639.3 12 92539673 92539673 - 14 28513 12_internal_9727 12 92419085 92511160 163 179.889 0.978723 17.5339 0.0447555 0.15532 0.492537 0.474599
ENSG00000187510.3 12 93115281 93115281 + 16 -296686 12_internal_8640 12 92801217 92818595 163 157.699 1.00662 15.3298 0.0775934 0.13802 0.741294 0.730984
ENSG00000258012.1 12 93251855 93251855 + 19 40015 12_internal_9608 12 93291870 93309528 163 176.307 0.946267 22.2429 0.00777454 0.205166 0.134328 0.134945
ENSG00000102189.12 12 93323107 93323107 - 19 148040 12_internal_11272 12 93154670 93175067 163 177.517 0.966942 21.7504 0.0173349 0.189164 0.278607 0.262352
ENSG00000257345.1 12 93396903 93396903 + 17 -458512 12_internal_10985 12 92895473 92938391 163 197.797 0.946483 23.6676 0.0227193 0.180048 0.268657 0.273657
ENSG00000257746.1 12 93484298 93484298 + 17 -309231 12_internal_11272 12 93154670 93175067 163 178.345 0.9295 21.0109 0.0850152 0.135219 0.78607 0.810726
ENSG00000257210.1 12 93518319 93518319 - 17 758298 12_internal_9203 12 92549734 92760021 163 164.56 0.982681 15.7922 0.00641194 -0.208777 0.0995025 0.097531
ENSG00000257322.1 12 93609455 93609455 - 17 119509 12_internal_9536 12 93483452 93489946 163 148.944 1.10429 15.0378 0.11047 0.123456 0.865672 0.848578
ENSG00000173598.9 12 93771659 93771659 + 16 -281713 12_internal_9536 12 93483452 93489946 163 174.254 0.990642 17.9239 0.0132749 0.187489 0.189055 0.17503
ENSG00000177889.5 12 93836038 93836038 - 14 -408817 12_internal_9311 12 94244855 94249593 163 171.086 1.02989 16.562 0.239462 0.0925872 0.99005 0.985388
ENSG00000198015.7 12 93861264 93861264 + 14 346265 12_internal_11287 12 94207529 94469507 163 177.326 0.984772 14.674 0.00635994 0.210746 0.0746269 0.0660446
ENSG00000169372.7 12 94071151 94071151 + 13 173704 12_internal_9311 12 94244855 94249593 163 171.962 0.986544 15.281 0.0427103 0.153646 0.412935 0.447746
ENSG00000258274.1 12 94131599 94131599 - 13 -877220 12_internal_11390 12 95008819 95115549 163 160.899 0.941022 12.3675 0.00750621 -0.209478 0.129353 0.109702
ENSG00000257196.1 12 94208912 94208912 + 12 -565050 12_internal_11746 12 93631164 93643862 163 141.176 1.15538 11.0204 0.155604 -0.112865 0.890547 0.869704
ENSG00000264978.1 12 94224852 94224852 + 12 398342 12_internal_14423 12 94623194 94677811 163 168.126 1.05036 13.7199 0.0504513 0.151328 0.497512 0.45946
ENSG00000258303.1 12 94229943 94229943 + 12 0 12_internal_11287 12 94207529 94469507 163 174.525 1.00976 12.8887 0.00687151 -0.204788 0.0597015 0.0625091
ENSG00000257283.1 12 94337379 94337379 - 10 693517 12_internal_11746 12 93631164 93643862 163 152.844 1.00537 9.77288 0.223696 -0.0938134 0.915423 0.929824
ENSG00000257360.1 12 94533853 94533853 + 11 -361210 12_internal_11042 12 94152323 94172643 163 172.264 1.01989 12.7032 0.0566544 0.150138 0.452736 0.469737
ENSG00000136040.4 12 94542499 94542499 + 11 80695 12_internal_14423 12 94623194 94677811 163 175.177 1.00038 11.6277 0.0110725 0.191876 0.0895522 0.093775
ENSG00000258035.1 12 94579820 94579820 - 10 -428999 12_internal_11390 12 95008819 95115549 163 174.477 1.02005 11.272 0.310994 0.0794179 0.965174 0.979608
ENSG00000258172.1 12 94670971 94670971 - 9 -848876 12_internal_12955 12 95519847 95607540 163 187.402 0.856007 9.13317 0.0394717 0.167505 0.318408 0.287893
ENSG00000258365.1 12 94676620 94676620 - 9 -843227 12_internal_12955 12 95519847 95607540 163 159.355 0.990167 8.61757 0.015924 0.186298 0.18408 0.141679
ENSG00000244391.2 12 94754996 94754996 + 9 -219168 12_internal_10635 12 94504879 94535828 163 186.606 0.947577 10.2395 0.0702153 -0.14011 0.442786 0.450856
ENSG00000173588.9 12 94853764 94853764 - 10 681121 12_internal_11042 12 94152323 94172643 163 172.837 1.14821 10.7353 0.11717 0.121476 0.671642 0.647253
ENSG00000257400.1 12 94890218 94890218 - 10 -185627 12_internal_13926 12 95075845 95268732 163 150.138 0.98249 8.94621 0.096955 0.130868 0.641791 0.658727
ENSG00000244091.1 12 94909252 94909252 + 10 -373424 12_internal_10635 12 94504879 94535828 163 165.515 0.95635 10.0105 0.112096 -0.123339 0.691542 0.702826
ENSG00000258357.1 12 94915645 94915645 - 10 -566006 12_internal_12415 12 95481651 95498935 163 134.157 1.02703 8.27905 0.0114628 0.188939 0.164179 0.157851
ENSG00000236349.1 12 94942017 94942017 + 10 539634 12_internal_12415 12 95481651 95498935 163 168.364 0.981592 8.92224 0.0112326 0.196894 0.104478 0.0900445
ENSG00000266099.1 12 94955565 94955565 + 10 526086 12_internal_12415 12 95481651 95498935 163 138.072 1.1189 8.8912 0.000752333 0.263709 0.0199005 0.010021
ENSG00000257847.1 12 94984597 94984597 + 10 -448769 12_internal_10635 12 94504879 94535828 163 190.124 0.955985 11.9031 0.0175472 0.186817 0.139303 0.12941
ENSG00000057704.6 12 95044338 95044338 - 10 0 12_internal_11390 12 95008819 95115549 163 192.671 0.858275 11.9193 0.000378325 0.265101 0.00995025 0.0035437
ENSG00000184752.8 12 95397546 95397546 - 10 719735 12_internal_14423 12 94623194 94677811 163 162.14 1.02166 11.6268 0.0511985 -0.145461 0.457711 0.451083
ENSG00000120798.11 12 95467479 95467479 - 10 789668 12_internal_14423 12 94623194 94677811 163 169.94 0.969539 9.98168 0.0869756 0.137335 0.58209 0.580983
ENSG00000180263.9 12 95611258 95611258 - 11 -733972 12_internal_11458 12 96345230 96358961 163 171.134 0.943746 13.0704 0.0484081 0.159176 0.462687 0.465379
ENSG00000028203.13 12 95611522 95611522 + 11 908405 12_internal_10995 12 96519927 96578067 163 169.463 0.95186 10.5777 0.0531242 0.150101 0.41791 0.43306
ENSG00000111142.9 12 95867296 95867296 + 12 762006 12_internal_13200 12 96629302 96650220 163 156.299 1.04326 11.9673 0.0264612 0.171074 0.303483 0.284328
ENSG00000139343.6 12 96252706 96252706 + 11 92524 12_internal_11458 12 96345230 96358961 163 179.809 0.969793 13.2051 0.202537 -0.101803 0.935323 0.93177
ENSG00000139344.3 12 96337071 96337071 + 11 174074 12_internal_11428 12 96511145 96531413 163 161.631 1.02908 10.735 0.0405502 -0.161159 0.338308 0.351355
ENSG00000084110.6 12 96390143 96390143 - 11 0 12_internal_12730 12 96387468 96452232 163 159.466 1.00445 10.4683 0.0324768 0.171657 0.323383 0.304942
ENSG00000257878.1 12 96390299 96390299 + 11 -782759 12_internal_12955 12 95519847 95607540 163 190.22 0.898509 13.7242 0.0252385 -0.1762 0.238806 0.236731
ENSG00000257715.1 12 96419101 96419101 + 11 0 12_internal_12730 12 96387468 96452232 163 168.428 0.958835 12.019 0.000999984 0.256012 0.0199005 0.0120876
ENSG00000111144.5 12 96437298 96437298 - 11 0 12_internal_12730 12 96387468 96452232 163 173.999 0.863842 11.9971 0.000141709 0.295423 0.00995025 0.00270859
ENSG00000111145.3 12 96588160 96588160 + 10 41142 12_internal_13200 12 96629302 96650220 163 150.17 1.0371 9.60761 0.0120731 0.198052 0.169154 0.131883
ENSG00000258177.1 12 96617751 96617751 - 9 120194 12_internal_9713 12 96487089 96497557 163 151.173 0.964486 8.5754 7.67848e-06 0.337324 0.00995025 0.000195925
ENSG00000201435.1 12 96697291 96697291 - 9 199734 12_internal_9713 12 96487089 96497557 163 164.512 1.05347 8.76047 0.000326271 0.267244 0.00497512 0.00191134
ENSG00000257169.1 12 96780972 96780972 - 9 -18354 12_internal_9886 12 96799326 96841220 163 165.802 0.946746 10.6551 0.0312733 0.171437 0.308458 0.300234
ENSG00000059758.3 12 96794338 96794338 - 9 144118 12_internal_13200 12 96629302 96650220 163 173.426 0.881261 8.16518 0.068549 0.143283 0.412935 0.456728
ENSG00000188596.3 12 96883349 96883349 + 9 -351936 12_internal_11428 12 96511145 96531413 163 177.772 0.930629 9.77074 0.00332317 0.231389 0.0447761 0.0280616
ENSG00000139350.7 12 97301001 97301001 + 8 0 12_internal_8774 12 97299698 97314238 163 165.022 1.01609 7.85358 2.58694e-29 0.755831 0.00497512 3.23892e-29
ENSG00000206899.1 12 98115494 98115494 + 5 883261 12_internal_12818 12 98998755 99038235 163 161.52 1.00001 4.72709 0.341005 -0.0756877 0.850746 0.862927
ENSG00000120802.8 12 98909290 98909290 + 5 -43257 12_internal_9651 12 98830430 98866033 163 152.797 0.999964 4.60672 0.0116902 0.191705 0.0895522 0.0657347
ENSG00000257167.2 12 98910200 98910200 - 5 49896 12_internal_9450 12 98839601 98860304 163 163.143 0.999994 5.02275 0.0193385 0.18713 0.0845771 0.093181
ENSG00000075415.8 12 98987369 98987369 + 5 -127065 12_internal_9450 12 98839601 98860304 163 156.712 1.02929 5.78449 0.147498 -0.115071 0.616915 0.612128
ENSG00000212443.1 12 98993413 98993413 + 5 -133109 12_internal_9450 12 98839601 98860304 163 165.085 1.00002 5.23359 0.118201 -0.124638 0.457711 0.475065
ENSG00000221625.1 12 98999652 98999652 + 5 -186221 12_internal_12703 12 98790641 98813431 163 176.801 0.999999 5.13005 0.0493784 -0.15209 0.208955 0.191766
ENSG00000166130.10 12 99038891 99038891 - 5 656 12_internal_12818 12 98998755 99038235 163 158.686 1.00002 4.69546 6.08558e-08 0.411303 0.00497512 4.2701e-07
ENSG00000120868.9 12 99038919 99038919 + 5 -684 12_internal_12818 12 98998755 99038235 163 161.949 0.999999 4.41373 0.00130375 0.241104 0.00497512 0.00595289
ENSG00000185046.12 12 100378432 100378432 - 3 -449291 12_internal_8882 12 100827723 100830480 163 166.375 1.00004 3.28972 0.0498121 0.151144 0.179104 0.147916
ENSG00000214203.4 12 100403616 100403616 - 3 861612 12_internal_9405 12 99523800 99542004 163 166.359 1.00002 3.01797 0.484791 0.0562024 0.875622 0.861283
ENSG00000111647.8 12 100536626 100536626 - 3 -291097 12_internal_8882 12 100827723 100830480 163 152.908 0.999994 2.61634 0.068549 -0.13681 0.20398 0.190837
ENSG00000257696.1 12 100536836 100536836 + 3 290887 12_internal_8882 12 100827723 100830480 163 122.648 1.00002 2.23118 0.0907056 -0.131286 0.283582 0.290289
ENSG00000238105.3 12 100567437 100567437 - 2 -434218 12_internal_12961 12 101001655 101111643 163 158.113 0.999999 1.84733 0.255057 -0.0933114 0.437811 0.429966
ENSG00000075089.5 12 100592900 100592900 + 2 234823 12_internal_8882 12 100827723 100830480 163 178.042 0.99998 2.21435 0.0535839 0.151919 0.124378 0.0940838
ENSG00000257489.1 12 100593561 100593561 - 2 -234162 12_internal_8882 12 100827723 100830480 163 144.328 0.999988 1.74854 0.328073 -0.0767916 0.532338 0.538649
ENSG00000166153.12 12 100660857 100660857 - 2 -166866 12_internal_8882 12 100827723 100830480 163 168.03 0.999984 1.9829 0.143267 0.116751 0.243781 0.25374
ENSG00000136021.13 12 100660918 100660918 + 2 340737 12_internal_12961 12 101001655 101111643 163 164.369 1.00004 1.90377 0.126201 0.118961 0.218905 0.22381
ENSG00000139354.6 12 100967461 100967461 + 3 -136981 12_internal_8882 12 100827723 100830480 163 165.706 0.99996 3.55844 0.205257 0.0983095 0.537313 0.55106
ENSG00000120800.4 12 101673887 101673887 + 5 -562244 12_internal_12961 12 101001655 101111643 163 155.694 1.00002 4.64722 0.0600533 -0.14896 0.243781 0.272299
ENSG00000120805.9 12 101801598 101801598 - 5 -62913 12_internal_10336 12 101864511 102110169 163 173.188 0.999972 4.85946 0.000169222 0.290468 0.00995025 0.000513657
ENSG00000111666.6 12 102090725 102090725 + 5 0 12_internal_10336 12 101864511 102110169 163 205.246 0.942951 6.0367 1.36106e-11 0.499263 0.00497512 1.04397e-12
ENSG00000199933.1 12 102113586 102113586 + 4 -3417 12_internal_10336 12 101864511 102110169 163 158.638 1.00001 3.45797 0.000195475 0.285687 0.00497512 0.000823903
ENSG00000139351.10 12 102133250 102133250 - 4 23081 12_internal_10336 12 101864511 102110169 163 145.554 0.999974 3.16382 8.92791e-11 0.488022 0.00497512 2.84985e-09
ENSG00000222255.1 12 102159287 102159287 - 4 0 12_internal_13470 12 102102735 102225820 163 166.231 0.999984 4.14684 0.0695191 0.143784 0.283582 0.24928
ENSG00000258230.2 12 102167533 102167533 - 4 57364 12_internal_10336 12 101864511 102110169 163 171.819 0.999975 3.96292 0.0050001 0.223668 0.0248756 0.0155611
ENSG00000238940.1 12 102183593 102183593 + 4 0 12_internal_13470 12 102102735 102225820 163 145.602 0.999983 3.45734 0.569027 -0.0455501 0.965174 0.954346
ENSG00000222932.1 12 102190280 102190280 - 4 0 12_internal_13470 12 102102735 102225820 163 149.263 1.00004 3.94969 0.431524 0.0623819 0.910448 0.906832
ENSG00000111670.9 12 102224716 102224716 - 4 114547 12_internal_10336 12 101864511 102110169 163 162.793 0.999983 4.11449 0.00109845 0.243347 0.0149254 0.00454547
ENSG00000136048.9 12 102271129 102271129 + 4 0 12_internal_14266 12 102146382 102406192 163 138.216 0.999979 3.43734 3.43241e-07 0.392316 0.00497512 9.24804e-06
ENSG00000257202.1 12 102318497 102318497 - 4 0 12_internal_14266 12 102146382 102406192 163 156.887 1 3.91816 6.76829e-06 0.355468 0.00497512 3.9505e-05
ENSG00000258308.1 12 102356168 102356168 - 4 0 12_internal_14266 12 102146382 102406192 163 164.464 1 3.43777 0.231768 0.0951734 0.587065 0.592235
ENSG00000120860.6 12 102455927 102455927 - 4 49735 12_internal_14266 12 102146382 102406192 163 200.009 0.999977 4.20551 0.310254 -0.0800829 0.756219 0.719542
ENSG00000257222.1 12 102457133 102457133 + 4 -231313 12_internal_13470 12 102102735 102225820 163 152.749 0.999969 3.66481 0.0409627 -0.160446 0.174129 0.164598
ENSG00000075188.3 12 102513902 102513902 - 4 403733 12_internal_10336 12 101864511 102110169 163 188.103 1.00001 5.10441 0.296455 -0.083917 0.791045 0.787829
ENSG00000185480.7 12 102513956 102513956 + 4 -288136 12_internal_13470 12 102102735 102225820 163 162.57 0.999978 4.11198 0.324498 -0.0785605 0.810945 0.801519
ENSG00000183395.4 12 102591623 102591623 - 4 -300316 12_internal_9872 12 102891939 102898028 163 154.548 0.999975 3.38907 0.271198 0.0870371 0.666667 0.677733
ENSG00000136011.10 12 103981051 103981051 + 6 210200 12_internal_11385 12 104191251 104236301 163 126.643 0.999942 4.89225 6.96328e-07 0.383495 0.00497512 6.02111e-05
ENSG00000257681.1 12 104162636 104162636 - 10 -28615 12_internal_11385 12 104191251 104236301 163 143.516 1.02772 7.70342 0.00139811 0.253013 0.0149254 0.0184831
ENSG00000257754.1 12 104213388 104213388 + 10 0 12_internal_11385 12 104191251 104236301 163 149.422 0.980431 7.97597 4.94355e-06 0.353235 0.00497512 0.000118339
ENSG00000111696.7 12 104234975 104234975 - 10 0 12_internal_11385 12 104191251 104236301 163 162.125 1.06142 9.00868 7.14105e-16 0.568575 0.00497512 1.01973e-15
ENSG00000166598.8 12 104323885 104323885 + 10 -87584 12_internal_11385 12 104191251 104236301 163 182.515 0.888766 10.2761 0.0382878 0.16166 0.283582 0.307208
ENSG00000214198.3 12 104323989 104323989 - 10 -802362 12_internal_8701 12 105126351 105147692 163 174.143 0.956816 9.27012 0.120568 0.123856 0.661692 0.67257
ENSG00000265072.1 12 104324203 104324203 + 10 289052 12_internal_13485 12 104613255 104701777 163 147.496 1.1121 9.35112 0.0116463 -0.197957 0.0895522 0.110788
ENSG00000204954.5 12 104359486 104359486 - 10 123185 12_internal_11385 12 104191251 104236301 163 138.136 1.123 8.0004 0.0156607 0.179502 0.124378 0.149265
ENSG00000139372.10 12 104359582 104359582 + 10 492842 12_internal_9446 12 104852424 104920526 163 191 1.02422 11.6129 0.0467754 0.155105 0.318408 0.298147
ENSG00000120820.8 12 104457961 104457961 - 12 -394463 12_internal_9446 12 104852424 104920526 163 159.021 0.915418 9.59409 0.0513461 0.152569 0.447761 0.456096
ENSG00000111727.7 12 104458235 104458235 + 12 988529 12_internal_10456 12 105446764 105630999 163 177.692 0.891344 11.6407 0.0684924 0.13955 0.547264 0.548256
ENSG00000120837.3 12 104532067 104532067 - 12 -914697 12_internal_10456 12 105446764 105630999 163 180.048 0.970942 13.3216 2.16924e-05 0.32778 0.00497512 0.000141352
ENSG00000198431.10 12 104609557 104609557 + 12 242867 12_internal_9446 12 104852424 104920526 163 174.716 0.905044 11.1025 0.0397425 0.163568 0.363184 0.358691
ENSG00000255150.1 12 104697517 104697517 + 12 428834 12_internal_8701 12 105126351 105147692 163 152.176 1.11407 11.0451 0.0988669 0.131505 0.696517 0.686695
ENSG00000171310.6 12 104849073 104849073 + 12 137947 12_internal_9545 12 104987020 105091765 163 166.757 0.925436 10.4214 0.000474292 0.266614 0.0199005 0.00654354
ENSG00000258111.1 12 104907807 104907807 + 12 17575 12_internal_10240 12 104925382 104951905 163 145.411 0.917989 8.97258 0.0142239 0.188359 0.233831 0.202075
ENSG00000264295.1 12 104985411 104985411 + 12 -33506 12_internal_10240 12 104925382 104951905 163 162.331 1.02205 12.2483 0.0376938 0.161179 0.383085 0.368135
ENSG00000136052.5 12 105352522 105352522 - 11 204830 12_internal_8701 12 105126351 105147692 163 162.538 0.997401 9.3717 2.36887e-05 0.332101 0.00497512 0.000233227
