ENSG00000226055.2 9 37878113 37878113 + 7 -64105 9_internal_8460 9 37781848 37814008 163 158.638 1.05436 6.39521 0.0062565 0.215065 0.039801 0.0363389
ENSG00000213839.4 9 37885680 37885680 + 7 -71672 9_internal_8460 9 37781848 37814008 163 153.338 1.07033 6.54709 0.0957192 0.129915 0.517413 0.489052
ENSG00000122696.8 9 37904350 37904350 - 7 -721148 9_internal_9247 9 38625498 38673033 163 144.312 1.08752 6.65437 0.051165 -0.15451 0.373134 0.328754
ENSG00000255872.3 9 38068684 38068684 - 7 -556814 9_internal_9247 9 38625498 38673033 163 161.408 1.08613 7.0621 0.0398568 -0.161434 0.228856 0.220717
ENSG00000107338.8 9 38069210 38069210 - 7 19877 9_internal_10678 9 37925960 38049333 163 137.881 1.12827 6.26531 0.00015825 0.291237 0.00497512 0.00146664
ENSG00000225345.3 9 38568208 38568208 - 6 339876 9_internal_9228 9 38196603 38228332 163 166.184 0.974866 5.60819 0.197803 -0.104471 0.701493 0.709479
ENSG00000204860.4 9 38620471 38620471 + 6 -535118 9_internal_6697 9 38078970 38085353 163 191.748 0.926596 6.03577 0.0514386 -0.154115 0.228856 0.220679
ENSG00000180071.12 9 38620657 38620657 - 6 535304 9_internal_6697 9 38078970 38085353 163 157.89 0.921675 5.43606 0.132289 -0.116887 0.562189 0.590059
ENSG00000226625.1 9 39154072 39154072 + 2 -925740 9_internal_9228 9 38196603 38228332 163 157.97 1.00001 2.15009 0.597993 0.0420927 0.865672 0.863326
ENSG00000243695.1 9 39174510 39174510 - 2 501477 9_internal_9247 9 38625498 38673033 163 203.113 0.999976 2.5396 0.416691 -0.0654042 0.686567 0.683738
ENSG00000106714.12 9 39288456 39288456 - 1 615423 9_internal_9247 9 38625498 38673033 163 153.768 1 0.99254 0.551841 -0.0477641 0.577114 0.560653
ENSG00000198416.7 9 39464526 39464526 - 1 791493 9_internal_9247 9 38625498 38673033 163 149.247 1.00004 0.902623 0.190209 -0.104731 0.189055 0.191733
ENSG00000225529.2 9 39817308 39817308 - 0 NA NA NA NA NA NA NA NA NA NA NA NA NA
ENSG00000249336.1 9 39817308 39817308 - 0 NA NA NA NA NA NA NA NA NA NA NA NA NA
ENSG00000227921.1 9 40028620 40028620 + 0 NA NA NA NA NA NA NA NA NA NA NA NA NA
ENSG00000185020.5 9 40293025 40293025 + 0 NA NA NA NA NA NA NA NA NA NA NA NA NA
ENSG00000215142.3 9 40633699 40633699 - 0 NA NA NA NA NA NA NA NA NA NA NA NA NA
ENSG00000196409.6 9 40836415 40836415 - 0 NA NA NA NA NA NA NA NA NA NA NA NA NA
ENSG00000215126.5 9 42668608 42668608 + 1 776913 9_internal_7578 9 43445521 43464811 163 162.841 1.00004 1.11144 0.504926 0.0532237 0.572139 0.542435
ENSG00000229489.2 9 43399987 43399987 + 1 45534 9_internal_7578 9 43445521 43464811 163 166.518 0.999997 0.977585 0.84998 -0.0151623 0.820896 0.841836
ENSG00000154529.9 9 43684902 43684902 + 1 -220091 9_internal_7578 9 43445521 43464811 163 158.702 0.999995 0.988266 0.0980954 0.131136 0.0995025 0.101511
ENSG00000213816.3 9 43997830 43997830 + 3 877277 9_internal_6736 9 44875107 44993460 163 157.19 1.00003 3.0733 0.218071 0.0959226 0.552239 0.545812
ENSG00000182368.4 9 45727107 45727107 + 4 0 9_internal_7304 9 45355858 66494793 163 161.09 1.00005 3.67419 0.0852802 0.137414 0.283582 0.284625
ENSG00000204804.5 9 45727852 45727852 - 4 0 9_internal_7304 9 45355858 66494793 163 171.166 1.00003 3.58044 0.0278625 0.171167 0.0945274 0.0839994
ENSG00000238113.1 9 66457285 66457285 + 4 0 9_internal_10716 9 45355886 68434781 163 175.289 0.999983 3.98404 4.65337e-10 0.459868 0.00497512 4.12803e-10
ENSG00000202474.1 9 66458262 66458262 - 4 0 9_internal_10716 9 45355886 68434781 163 161.997 0.999997 3.8893 0.00311048 0.233316 0.0149254 0.0124035
ENSG00000203438.1 9 66473375 66473375 + 4 0 9_internal_10716 9 45355886 68434781 163 190.029 1.00004 4.36128 0.0803456 0.137941 0.253731 0.23279
ENSG00000232833.4 9 67786624 67786624 - 6 950470 9_internal_9038 9 66820749 66836154 163 181.831 1.03928 7.51477 0.380106 -0.0711305 0.950249 0.959728
ENSG00000225411.1 9 68401759 68401759 - 4 0 9_internal_10716 9 45355886 68434781 163 168.476 1.00004 3.70739 9.80569e-06 0.342302 0.00497512 2.57457e-05
ENSG00000232815.1 9 68414196 68414196 - 4 0 9_internal_10716 9 45355886 68434781 163 178.52 1.00005 4.07433 3.31153e-16 0.564692 0.00497512 5.35481e-17
ENSG00000266017.1 9 68415308 68415308 + 4 0 9_internal_10716 9 45355886 68434781 163 126.468 1.00001 3.16471 5.87764e-14 0.547543 0.00497512 1.19194e-10
ENSG00000215548.2 9 68455375 68455375 - 4 20594 9_internal_10716 9 45355886 68434781 163 185.492 1.00003 5.00743 1.91197e-12 0.527075 0.00497512 2.90893e-13
ENSG00000229789.1 9 68726629 68726629 + 3 0 9_internal_7373 9 68447441 68734754 163 172.71 1 2.82376 9.78718e-06 0.339059 0.00497512 1.50033e-05
ENSG00000204794.6 9 68809906 68809906 - 3 375125 9_internal_10716 9 45355886 68434781 163 163.302 0.999952 2.89794 0.120117 0.120951 0.288557 0.309082
ENSG00000233961.1 9 69065655 69065655 + 3 -330901 9_internal_7373 9 68447441 68734754 163 159.243 0.999966 3.50845 0.00663233 0.207562 0.0149254 0.0253544
ENSG00000231242.1 9 69108793 69108793 - 3 674012 9_internal_10716 9 45355886 68434781 163 159.021 1.00005 3.03881 0.0166639 0.185124 0.0497512 0.0538454
ENSG00000227558.4 9 69147854 69147854 - 3 713073 9_internal_10716 9 45355886 68434781 163 158.463 1.00001 2.71074 0.00178158 0.245779 0.00497512 0.00559177
ENSG00000196400.3 9 69252845 69252845 + 4 -818064 9_internal_10716 9 45355886 68434781 163 132.835 1.00002 3.14406 0.0290163 0.16905 0.0945274 0.145578
ENSG00000204790.7 9 69272478 69272478 - 4 837697 9_internal_10716 9 45355886 68434781 163 189.249 1.00003 4.59175 3.51695e-10 0.46502 0.00497512 6.25219e-11
ENSG00000204778.4 9 70216621 70216621 - 4 -273570 9_internal_9018 9 70490191 70496769 163 179.443 0.999999 3.85736 0.000359471 0.268523 0.00995025 0.000697458
ENSG00000147996.10 9 70497240 70497240 - 6 0 9_internal_8630 9 70494234 70646771 163 180.064 0.950768 6.80932 0.0307942 0.168408 0.159204 0.164708
ENSG00000226904.1 9 70843567 70843567 + 11 -440127 9_internal_7334 9 70151873 70403440 163 192.576 0.893432 13.382 0.0378863 0.161009 0.338308 0.328114
ENSG00000196873.9 9 70849767 70849767 + 11 716338 9_internal_7122 9 71566105 71571062 163 152.701 1.02527 8.99889 0.00906963 -0.205851 0.0895522 0.0928643
ENSG00000154330.7 9 70971815 70971815 + 11 116786 9_internal_8660 9 71088601 71183702 163 150.361 1.13288 9.97164 7.70038e-21 0.653096 0.00497512 1.04364e-20
ENSG00000267217.1 9 71011440 71011440 + 11 77161 9_internal_8660 9 71088601 71183702 163 152.255 1.0527 10.9936 1.08484e-17 0.612148 0.00497512 2.24996e-16
ENSG00000233178.2 9 71021416 71021416 - 11 -67185 9_internal_8660 9 71088601 71183702 163 170.37 1.038 12.3733 3.37522e-18 0.611176 0.00497512 1.61751e-18
ENSG00000229019.1 9 71041759 71041759 + 11 46842 9_internal_8660 9 71088601 71183702 163 192.878 0.901493 13.5389 2.21785e-19 0.630866 0.00497512 1.8634e-19
ENSG00000181778.4 9 71155783 71155783 - 12 0 9_internal_8660 9 71088601 71183702 163 170.8 0.963542 12.8099 3.30725e-20 0.640974 0.00497512 2.76511e-19
ENSG00000226337.2 9 71155952 71155952 + 12 0 9_internal_8660 9 71088601 71183702 163 160.358 1.1525 15.1513 7.27834e-16 0.58706 0.00497512 1.42537e-16
ENSG00000234506.1 9 71161505 71161505 - 12 0 9_internal_8660 9 71088601 71183702 163 185.46 0.880469 15.3307 4.56648e-18 0.587774 0.00497512 6.12518e-17
ENSG00000224025.1 9 71224041 71224041 + 12 -40339 9_internal_8660 9 71088601 71183702 163 179.475 1.06007 16.1416 2.80407e-17 0.598082 0.00497512 1.08082e-18
ENSG00000107242.12 9 71320575 71320575 + 12 -136873 9_internal_8660 9 71088601 71183702 163 181.529 0.929209 14.9199 4.48949e-05 0.30871 0.00497512 0.000456065
ENSG00000187866.6 9 71394964 71394964 + 12 192543 9_internal_7027 9 71587507 71615055 163 135.955 1.08262 11.2252 0.305875 -0.0818716 0.985075 0.990562
ENSG00000236998.1 9 71404586 71404586 - 11 -161519 9_internal_7122 9 71566105 71571062 163 170.466 1.00775 12.5706 0.0223999 0.174096 0.243781 0.216399
ENSG00000236733.1 9 71458191 71458191 - 12 274489 9_internal_8660 9 71088601 71183702 163 170.243 0.971852 11.9077 0.000329079 0.279862 0.00497512 0.00343096
ENSG00000207000.1 9 71550895 71550895 - 11 -36612 9_internal_7027 9 71587507 71615055 163 155.932 0.93066 10.2745 0.00810771 0.209379 0.124378 0.113915
ENSG00000165060.7 9 71650175 71650175 + 10 -137733 9_internal_8618 9 71501150 71512442 163 163.318 0.994808 9.29613 0.0317793 0.16958 0.238806 0.260393
ENSG00000119139.11 9 71736224 71736224 + 11 46532 9_internal_8773 9 71782756 71815486 163 170.29 1.04818 13.2192 1.14316e-23 0.660797 0.00497512 1.2106e-24
ENSG00000269295.1 9 71869642 71869642 - 11 54156 9_internal_8773 9 71782756 71815486 163 177.788 0.979152 12.1291 8.68227e-22 0.649337 0.00497512 4.41025e-22
ENSG00000188647.8 9 72374875 72374875 - 13 803813 9_internal_7122 9 71566105 71571062 163 166.422 1.02957 13.9925 0.039518 0.15792 0.422886 0.40015
ENSG00000198887.7 9 72873937 72873937 + 6 130603 9_internal_10610 9 73004540 73217654 163 152.112 0.978388 5.50166 0.0321115 0.163511 0.174129 0.202306
ENSG00000119138.3 9 73029540 73029540 - 6 0 9_internal_10610 9 73004540 73217654 163 143.787 1.00004 5.33646 3.78451e-10 0.46354 0.00497512 2.17706e-08
ENSG00000135048.9 9 74431606 74431606 - 8 -224450 9_internal_8183 9 74656056 74816145 163 191.032 1.02737 10.0728 0.00512385 0.213211 0.0199005 0.0217109
ENSG00000200922.1 9 74517466 74517466 - 8 216856 9_internal_7468 9 74261792 74300610 163 169.431 0.988898 7.79696 0.0757896 0.139838 0.452736 0.438442
ENSG00000107362.9 9 74525847 74525847 - 8 -130209 9_internal_8183 9 74656056 74816145 163 171.039 0.946005 7.95459 0.0165278 0.193096 0.134328 0.122366
ENSG00000155621.9 9 74526426 74526426 + 8 -217804 9_internal_9160 9 74252743 74308622 163 170.306 1.01122 9.00767 0.0267394 0.172312 0.174129 0.188897
ENSG00000225434.1 9 74920345 74920345 + 11 35995 9_internal_9713 9 74956340 75202791 163 150.234 0.941032 9.18713 0.00227943 0.238837 0.039801 0.038622
ENSG00000107372.8 9 74980163 74980163 - 11 -835403 9_internal_10168 9 75815566 77173771 163 170.768 0.994004 11.7762 3.16091e-07 0.393474 0.00497512 2.11413e-06
ENSG00000165092.8 9 75695358 75695358 - 9 -120208 9_internal_10168 9 75815566 77173771 163 138.311 1.02308 7.32127 6.71507e-09 0.428096 0.00497512 4.88009e-07
ENSG00000135046.9 9 75766673 75766673 + 9 48893 9_internal_10168 9 75815566 77173771 163 161.201 0.979907 8.45537 9.54511e-10 0.464684 0.00497512 1.45559e-08
ENSG00000202217.1 9 77414811 77414811 + 5 438224 9_internal_7197 9 77853035 77861470 163 163.875 0.999988 4.8642 0.186672 -0.102497 0.631841 0.63138
ENSG00000252159.1 9 77462422 77462422 + 5 -288651 9_internal_10168 9 75815566 77173771 163 144.44 0.999984 4.86552 0.113461 0.123968 0.522388 0.509821
ENSG00000252758.1 9 77472591 77472591 + 5 380444 9_internal_7197 9 77853035 77861470 163 166.168 1.00003 4.4342 0.0691727 -0.140542 0.258706 0.263027
ENSG00000119121.16 9 77503010 77503010 - 6 -200993 9_internal_9944 9 77704003 77802327 163 152.112 1.00001 5.02616 0.126441 0.118473 0.502488 0.531119
ENSG00000135045.6 9 77567802 77567802 - 6 394031 9_internal_10168 9 75815566 77173771 163 171.341 0.98443 6.44765 0.083348 0.136109 0.393035 0.405859
ENSG00000203321.2 9 77567884 77567884 + 6 -394113 9_internal_10168 9 75815566 77173771 163 151.985 1.00002 4.85455 1.18345e-05 0.331909 0.00497512 0.000113649
ENSG00000156017.8 9 77643339 77643339 - 7 469568 9_internal_10168 9 75815566 77173771 163 160.612 0.964181 5.42708 1.24684e-11 0.497474 0.00497512 2.20726e-10
ENSG00000106733.16 9 77703133 77703133 - 7 529362 9_internal_10168 9 75815566 77173771 163 140.126 1.08883 6.58394 0.0106913 0.195693 0.109453 0.0899092
ENSG00000134996.11 9 77703459 77703459 + 7 544 9_internal_9944 9 77704003 77802327 163 169.67 0.914174 6.11406 3.12272e-06 0.352272 0.00497512 3.26109e-05
ENSG00000200041.1 9 77796537 77796537 - 7 -686184 9_internal_8451 9 78482721 78495953 163 143.548 1.12549 6.26726 0.000731252 0.260609 0.00995025 0.00508261
ENSG00000212316.1 9 77812987 77812987 + 7 40048 9_internal_7197 9 77853035 77861470 163 167.616 0.961712 6.92535 0.00343499 0.229918 0.0298507 0.0242498
ENSG00000099139.8 9 78505560 78505560 + 13 0 9_internal_11247 9 78070023 78913423 163 152.017 1.07501 11.2085 7.87884e-20 0.645388 0.00497512 8.04116e-19
ENSG00000135002.7 9 79009433 79009433 - 11 96010 9_internal_11247 9 78070023 78913423 163 148.451 1.07593 10.6972 0.000218249 0.281146 0.00497512 0.00288172
ENSG00000187210.8 9 79034752 79034752 + 12 50846 9_internal_7142 9 79085598 79107715 163 176.53 0.902955 13.0802 0.0177034 0.188198 0.208955 0.201179
ENSG00000241781.2 9 79186731 79186731 + 12 0 9_internal_7454 9 79176243 79212072 163 177.454 1.01308 12.3236 0.065186 -0.1445 0.502488 0.491456
ENSG00000106772.12 9 79521003 79521003 - 12 187935 9_internal_7513 9 79276608 79333068 163 183.12 0.90007 12.9449 1.28164e-42 0.817148 0.00497512 5.73282e-42
ENSG00000197969.6 9 79792269 79792269 + 14 -459201 9_internal_7513 9 79276608 79333068 163 173.108 0.979922 14.6603 0.0220789 -0.184234 0.228856 0.245966
ENSG00000156052.6 9 80646374 80646374 - 7 -996 9_internal_8326 9 80647370 80737144 163 164.831 1.02843 7.58818 0.264317 0.0899613 0.920398 0.895345
ENSG00000148019.8 9 80850978 80850978 + 8 457321 9_internal_7386 9 81308299 81392202 163 197.096 0.873677 10.7442 0.00350636 0.227396 0.039801 0.0252277
ENSG00000237257.1 9 81357660 81357660 - 9 0 9_internal_7386 9 81308299 81392202 163 188.962 0.823209 9.82953 1.30628e-18 0.63757 0.00497512 7.58046e-17
ENSG00000226234.2 9 81652484 81652484 - 9 260282 9_internal_7386 9 81308299 81392202 163 190.65 0.859755 9.11524 2.57176e-15 0.564415 0.00497512 1.93071e-14
ENSG00000260995.1 9 81760589 81760589 - 7 368387 9_internal_7386 9 81308299 81392202 163 187.625 0.923299 7.00288 1.66557e-17 0.60443 0.00497512 1.17434e-17
ENSG00000106829.13 9 82186688 82186688 + 6 285357 9_internal_8624 9 82472045 82494353 163 186.59 1.03323 7.71507 0.0166161 0.185386 0.0696517 0.0701877
ENSG00000240979.1 9 82340984 82340984 + 7 937748 9_internal_10391 9 83278732 85196331 163 164.767 0.966002 6.11305 0.0229007 -0.173133 0.139303 0.138793
ENSG00000196781.9 9 84304220 84304220 - 1 0 9_internal_10391 9 83278732 85196331 163 187.641 1.00002 0.946878 4.46996e-05 0.298742 0.00497512 1.12201e-05
ENSG00000172159.11 9 86153461 86153461 - 6 0 9_internal_9073 9 86020625 86154607 163 153.354 1.04378 6.25072 0.259158 0.0857863 0.845771 0.855756
ENSG00000148057.11 9 86237964 86237964 + 5 -433891 9_internal_7649 9 85626999 85804073 163 156.251 0.999988 4.75995 0.0206882 0.18077 0.104478 0.107062
ENSG00000254473.1 9 86322509 86322509 + 5 -167902 9_internal_9073 9 86020625 86154607 163 180.032 0.999996 5.11678 0.177934 0.108608 0.58209 0.582118
ENSG00000135018.9 9 86323118 86323118 - 5 168511 9_internal_9073 9 86020625 86154607 163 168.555 1.00005 4.75841 0.0225012 0.182324 0.0995025 0.0930331
ENSG00000165113.8 9 86444431 86444431 - 5 229666 9_internal_9460 9 86183778 86214765 163 176.626 0.963095 5.83045 0.377476 -0.0701799 0.920398 0.929083
ENSG00000226877.1 9 86444571 86444571 + 5 -640498 9_internal_7649 9 85626999 85804073 163 153.529 1.00002 4.32007 0.297629 -0.0792049 0.781095 0.801402
ENSG00000231616.3 9 86446501 86446501 + 5 -642428 9_internal_7649 9 85626999 85804073 163 171.277 0.999991 4.89838 0.320631 -0.0761247 0.835821 0.83598
ENSG00000165115.9 9 86536342 86536342 - 5 732269 9_internal_7649 9 85626999 85804073 163 196.571 1.03466 6.64418 0.426818 -0.0609719 0.955224 0.95694
ENSG00000165118.9 9 86571901 86571901 - 5 357136 9_internal_9460 9 86183778 86214765 163 160.103 0.99998 4.70631 0.348043 -0.0717171 0.890547 0.870577
ENSG00000207603.1 9 86584772 86584772 - 5 -169300 9_internal_10451 9 86754072 87034344 163 200.535 0.9879 6.09714 0.143845 0.11158 0.482587 0.496676
ENSG00000235298.1 9 86587148 86587148 + 5 -783075 9_internal_7649 9 85626999 85804073 163 155.471 0.999971 4.45319 0.00784983 0.208784 0.0348259 0.0413092
ENSG00000165119.12 9 86595569 86595569 - 5 791496 9_internal_7649 9 85626999 85804073 163 193.785 0.999987 4.87967 0.00908287 0.196534 0.0348259 0.0214645
ENSG00000178966.11 9 86595626 86595626 + 5 -380861 9_internal_9460 9 86183778 86214765 163 150.695 1.00002 4.61273 0.216023 -0.0957529 0.696517 0.708081
ENSG00000197506.6 9 86955672 86955672 - 4 0 9_internal_10451 9 86754072 87034344 163 167.871 1.00001 4.26075 8.50789e-07 0.385126 0.00497512 2.48616e-06
ENSG00000135049.11 9 88356944 88356944 - 6 7088 9_internal_7348 9 88327771 88349856 163 170.991 0.999994 6.09489 5.20905e-05 0.316533 0.00995025 0.000207715
ENSG00000234424.1 9 88368221 88368221 + 6 -18365 9_internal_7348 9 88327771 88349856 163 166.916 1.00848 6.60752 0.0200597 0.182077 0.114428 0.114359
ENSG00000165121.10 9 88430881 88430881 + 7 -81025 9_internal_7348 9 88327771 88349856 163 165.674 1.04225 7.47903 0.0330851 0.167896 0.20398 0.197768
ENSG00000135040.11 9 88556061 88556061 + 7 821322 9_internal_7132 9 89377383 89763939 163 177.724 1.06692 8.37625 0.224369 0.0969418 0.845771 0.837931
ENSG00000135052.11 9 88715088 88715088 - 7 0 9_internal_8114 9 88674794 88715586 163 155.009 1.00178 6.52056 0.00799243 0.197188 0.0447761 0.0612383
ENSG00000135070.9 9 88897676 88897676 - 7 182090 9_internal_8114 9 88674794 88715586 163 161.217 0.981361 7.21042 0.00978714 0.206147 0.0646766 0.0753064
ENSG00000083223.13 9 88969369 88969369 - 7 -408014 9_internal_7132 9 89377383 89763939 163 171.675 0.94381 6.5006 0.0853532 0.127084 0.432836 0.434685
ENSG00000236103.1 9 89026853 89026853 + 7 -311267 9_internal_8114 9 88674794 88715586 163 188.373 0.966355 9.50917 0.0204497 0.179642 0.119403 0.124398
ENSG00000196730.8 9 90112143 90112143 + 6 99 9_internal_10730 9 90112242 90301820 163 162.522 1.12256 6.44946 5.49736e-38 0.794442 0.00497512 1.51986e-41
ENSG00000219928.2 9 90140217 90140217 + 5 0 9_internal_10730 9 90112242 90301820 163 140.237 1.00005 4.05658 6.117e-18 0.593997 0.00497512 4.91056e-15
ENSG00000236709.1 9 90168369 90168369 + 6 0 9_internal_10730 9 90112242 90301820 163 162.952 0.988467 5.42673 1.32642e-22 0.626195 0.00497512 1.28476e-21
ENSG00000156345.11 9 90589695 90589695 - 9 -202268 9_internal_6949 9 90791963 90836580 163 169.208 1.00561 9.07626 0.0213003 0.17824 0.159204 0.157603
ENSG00000106723.11 9 91003334 91003334 + 12 961270 9_internal_7101 9 91964604 92008369 163 140.603 1.10398 10.5094 0.0750649 0.138592 0.651741 0.622181
ENSG00000123975.4 9 91926113 91926113 + 13 310916 9_internal_9238 9 92237029 92488955 163 151.491 1.12121 11.9502 0.0542236 0.150331 0.537313 0.489345
ENSG00000187742.10 9 91933421 91933421 + 13 31183 9_internal_7101 9 91964604 92008369 163 160.087 1.0713 12.8553 2.29047e-08 0.424059 0.00497512 1.33356e-07
ENSG00000231799.1 9 92064473 92064473 + 14 -268761 9_internal_7337 9 91703503 91795712 163 153.99 1.06741 12.9001 0.00688911 0.210063 0.0845771 0.0886878
ENSG00000225460.1 9 92087152 92087152 + 14 619439 9_internal_7751 9 92706591 92740833 163 197.383 0.892163 17.0172 0.0824717 0.13994 0.651741 0.670717
ENSG00000264913.1 9 92112853 92112853 + 14 829191 9_internal_8541 9 92942044 92961587 163 192.4 0.831564 16.2269 0.00899825 -0.208927 0.144279 0.117163
ENSG00000187764.7 9 92113045 92113045 - 14 0 9_internal_7427 9 91971582 92115196 163 177.772 1.12788 18.7734 0.110237 0.120155 0.830846 0.816381
ENSG00000130222.6 9 92219928 92219928 + 13 550958 9_internal_8843 9 92770886 92852514 163 157.047 1.01311 11.0049 0.109089 0.130152 0.711443 0.737462
ENSG00000165025.10 9 93564069 93564069 + 10 701308 9_internal_7319 9 94265377 94279837 163 148.499 0.991584 7.5175 0.0465972 -0.151475 0.363184 0.363498
ENSG00000229694.1 9 93881344 93881344 + 7 27266 9_internal_7680 9 93908610 94061281 163 157.015 1.04972 6.85819 0.0116224 0.199485 0.0945274 0.0762301
ENSG00000235641.2 9 93922051 93922051 + 7 0 9_internal_7680 9 93908610 94061281 163 184.33 0.94947 8.4616 0.00376126 0.225596 0.0348259 0.0215836
ENSG00000148090.7 9 94124195 94124195 - 6 101924 9_internal_10582 9 93798898 94022271 163 166.995 0.965824 5.63819 0.00226466 0.238501 0.0298507 0.0132234
ENSG00000165030.2 9 94186144 94186144 - 6 163873 9_internal_10582 9 93798898 94022271 163 188.373 0.969621 6.62137 3.16753e-05 0.324871 0.00497512 6.93086e-05
ENSG00000233081.1 9 94188520 94188520 + 6 -554700 9_internal_7070 9 93619755 93633820 163 153.433 0.999988 5.45356 0.103384 0.127553 0.477612 0.483541
ENSG00000237306.1 9 94789780 94789780 + 9 -509943 9_internal_7319 9 94265377 94279837 163 187.02 0.83173 8.81395 0.0472793 0.155558 0.338308 0.340739
ENSG00000232179.1 9 94871140 94871140 + 9 -591303 9_internal_7319 9 94265377 94279837 163 178.138 0.998635 11.2168 0.0136636 0.201661 0.139303 0.106268
ENSG00000228069.1 9 94871295 94871295 + 9 -849024 9_internal_10582 9 93798898 94022271 163 169.765 0.975399 8.16535 0.0257642 -0.180132 0.169154 0.181124
ENSG00000238288.1 9 94872450 94872450 + 9 -592613 9_internal_7319 9 94265377 94279837 163 155.391 0.929533 7.9833 0.175376 -0.109324 0.820896 0.825036
ENSG00000240791.1 9 94872857 94872857 + 9 -593020 9_internal_7319 9 94265377 94279837 163 165.356 1.01344 9.72087 0.077991 0.138306 0.512438 0.529455
ENSG00000227321.2 9 94873147 94873147 + 9 800693 9_internal_7573 9 95673840 95701262 163 142.927 1.04051 7.15032 0.0338811 -0.172785 0.273632 0.27383
ENSG00000090054.9 9 94877666 94877666 - 9 597829 9_internal_7319 9 94265377 94279837 163 163.923 0.9777 8.19661 0.10139 -0.120181 0.61194 0.589751
ENSG00000239183.1 9 95054875 95054875 - 8 993594 9_internal_7680 9 93908610 94061281 163 183.996 0.929979 8.58286 0.03503 0.168545 0.243781 0.224319
ENSG00000196305.12 9 95056038 95056038 - 8 -239898 9_internal_7676 9 95295936 95339413 163 156.06 1.01456 7.54504 0.246625 0.0904942 0.880597 0.891204
ENSG00000188312.9 9 95087766 95087766 + 7 586074 9_internal_7573 9 95673840 95701262 163 180.191 0.928963 7.85416 0.030593 0.170977 0.21393 0.19365
ENSG00000198000.7 9 95087918 95087918 - 7 -208018 9_internal_7676 9 95295936 95339413 163 180.589 0.88845 6.51681 0.342958 -0.0763333 0.940299 0.931789
ENSG00000106809.6 9 95166978 95166978 - 7 -506862 9_internal_7573 9 95673840 95701262 163 147.767 1.15731 6.59411 0.000742622 0.267127 0.00497512 0.00387175
ENSG00000106819.7 9 95244788 95244788 - 7 -429052 9_internal_7573 9 95673840 95701262 163 165.531 0.991018 6.93313 0.00849705 0.201171 0.0646766 0.0557728
ENSG00000106823.8 9 95298937 95298937 - 6 -374903 9_internal_7573 9 95673840 95701262 163 156.887 0.980871 5.66481 0.00581511 0.205296 0.0497512 0.0407127
ENSG00000127080.5 9 95432547 95432547 - 6 93134 9_internal_7676 9 95295936 95339413 163 150.377 1.01843 5.54241 0.280275 0.0847195 0.855721 0.857508
ENSG00000213669.2 9 95439689 95439689 - 6 100276 9_internal_7676 9 95295936 95339413 163 190.347 0.982382 7.97325 0.068693 -0.141652 0.318408 0.338839
ENSG00000185963.9 9 95527094 95527094 - 5 0 9_internal_7729 9 95473047 95544922 163 151.205 1 4.58655 1.59137e-06 0.364271 0.00497512 1.74356e-05
ENSG00000187984.7 9 95571670 95571670 + 5 -26748 9_internal_7729 9 95473047 95544922 163 179.618 0.946823 5.4904 1.62642e-06 -0.365362 0.00497512 5.30541e-06
ENSG00000226721.1 9 95599983 95599983 - 5 55061 9_internal_7729 9 95473047 95544922 163 200.869 1.00004 5.78859 2.09472e-05 -0.325666 0.00497512 1.33578e-05
ENSG00000127081.9 9 95640304 95640304 - 5 313934 9_internal_9148 9 95303836 95326370 163 184.648 0.962404 5.51373 0.0406307 -0.158893 0.154229 0.164181
ENSG00000127084.12 9 95709733 95709733 + 5 -370320 9_internal_7676 9 95295936 95339413 163 149.072 1.00003 4.8316 0.0319029 -0.167212 0.174129 0.179849
ENSG00000157303.5 9 95820989 95820989 + 6 0 9_internal_10504 9 95774495 95898902 163 167.027 1.03977 6.25395 0.0347605 0.165073 0.179104 0.172906
ENSG00000223446.1 9 95857811 95857811 - 6 0 9_internal_10504 9 95774495 95898902 163 175.607 1.0304 5.99339 0.0587577 0.143958 0.248756 0.250901
ENSG00000165233.13 9 95858500 95858500 + 6 -157238 9_internal_7573 9 95673840 95701262 163 159.705 1.01654 5.56615 0.127598 0.120374 0.562189 0.53657
ENSG00000131669.5 9 95896570 95896570 - 6 570200 9_internal_9148 9 95303836 95326370 163 158.336 1.03019 5.61912 0.246351 0.0896019 0.825871 0.798236
ENSG00000165238.12 9 95947198 95947198 + 6 -48296 9_internal_10504 9 95774495 95898902 163 181.544 1.05153 7.25235 0.0103841 0.18517 0.039801 0.0407257
ENSG00000227603.1 9 96199403 96199403 - 10 -909644 9_internal_10184 9 97109047 97144362 163 156.983 1.04881 10.0859 0.0126912 0.18938 0.119403 0.121811
ENSG00000048828.11 9 96214173 96214173 + 10 -887803 9_internal_9148 9 95303836 95326370 163 173.283 0.850858 9.05008 0.279949 -0.0830029 0.970149 0.9534
ENSG00000188938.11 9 96215874 96215874 - 10 876461 9_internal_7676 9 95295936 95339413 163 184.107 0.993383 12.3508 0.0215312 0.179053 0.199005 0.168002
ENSG00000234543.1 9 96301210 96301210 + 10 845101 9_internal_6593 9 97146311 97155060 163 156.378 1.06146 9.00584 0.0903723 0.136065 0.61194 0.575714
ENSG00000263875.1 9 96328082 96328082 - 9 -382306 9_internal_6848 9 96710388 96723823 163 165.897 0.978902 9.28932 0.338684 -0.075749 0.995025 0.97813
ENSG00000197724.6 9 96338689 96338689 + 10 751734 9_internal_7400 9 97090423 97095325 163 152.224 1.11556 10.325 0.0679194 -0.141011 0.527363 0.515753
ENSG00000199165.2 9 96938234 96938234 + 10 152189 9_internal_7400 9 97090423 97095325 163 155.901 1.00257 8.6537 0.077751 -0.134156 0.542289 0.533205
ENSG00000199072.1 9 96938629 96938629 + 10 -214806 9_internal_6848 9 96710388 96723823 163 179.698 0.928239 9.25853 0.0045049 -0.220044 0.039801 0.0347939
ENSG00000199133.1 9 96941116 96941116 + 10 458095 9_internal_7489 9 97399211 97407432 163 146.031 1.05417 9.15587 0.194322 0.10261 0.880597 0.887233
ENSG00000230262.1 9 96966818 96966818 - 11 242995 9_internal_6848 9 96710388 96723823 163 145.888 1.08974 8.82919 0.0206336 -0.180284 0.189055 0.19172
ENSG00000175787.11 9 97021593 97021593 + 11 404987 9_internal_7653 9 97426580 97432452 163 176.339 0.907058 10.1586 0.0626498 0.146148 0.447761 0.469404
ENSG00000237679.1 9 97050830 97050830 - 11 327007 9_internal_6848 9 96710388 96723823 163 146.254 0.995066 8.8407 0.105743 -0.12581 0.661692 0.696314
ENSG00000232063.1 9 97094758 97094758 + 11 0 9_internal_7400 9 97090423 97095325 163 166.852 1.02623 11.7208 6.92373e-07 0.377137 0.00497512 4.32828e-06
ENSG00000148110.11 9 97136833 97136833 + 11 -41508 9_internal_7400 9 97090423 97095325 163 178.042 1.01417 13.1356 6.44059e-05 0.313123 0.00497512 0.000345299
ENSG00000165140.5 9 97402531 97402531 - 12 -24049 9_internal_7653 9 97426580 97432452 163 148.053 0.943198 9.27846 2.42534e-07 0.386471 0.00497512 1.59391e-05
ENSG00000148120.10 9 97488983 97488983 + 12 0 9_internal_8415 9 97488196 97497244 163 164.862 1.07824 11.8307 2.06203e-09 0.440419 0.00497512 4.77605e-09
ENSG00000230815.1 9 97586554 97586554 + 12 -220455 9_internal_7900 9 97338313 97366099 163 145.06 1.08307 10.8092 0.0214549 -0.18142 0.258706 0.246142
ENSG00000236095.1 9 97662711 97662711 + 12 -165467 9_internal_8415 9 97488196 97497244 163 151.046 1.11453 10.3326 0.00032934 0.279994 0.00497512 0.00297647
ENSG00000158169.6 9 98079991 98079991 - 15 0 9_internal_7521 9 97622689 98173215 163 160.023 0.988398 12.6814 0.000695127 -0.255666 0.00995025 0.0104162
ENSG00000182150.10 9 98637983 98637983 + 8 53827 9_internal_7220 9 98691810 98773707 163 167.935 0.981301 7.70696 8.28021e-06 0.348974 0.00497512 5.64675e-05
ENSG00000175611.6 9 98638259 98638259 - 8 -144316 9_internal_10510 9 98782575 98913528 163 178.647 0.921565 8.66426 0.0445081 0.158348 0.283582 0.304044
ENSG00000237631.1 9 98680418 98680418 + 9 108745 9_internal_7021 9 98789163 98900525 163 179.411 0.950846 9.67422 0.0744104 0.139246 0.502488 0.480839
ENSG00000225194.2 9 98790247 98790247 - 9 617032 9_internal_7521 9 97622689 98173215 163 137.595 1.08468 7.66499 0.0282018 -0.173902 0.268657 0.255152
ENSG00000224546.1 9 98908307 98908307 + 9 -628565 9_internal_7536 9 98187981 98279742 163 155.168 1.02235 8.25617 0.0416713 -0.153705 0.323383 0.317328
ENSG00000130958.7 9 99145992 99145992 - 8 866250 9_internal_7536 9 98187981 98279742 163 167.521 1.00184 7.84257 0.0316577 0.167019 0.218905 0.207794
ENSG00000165244.6 9 99180611 99180611 - 7 -267949 9_internal_7465 9 99448560 99482564 163 152.446 1.04035 5.76684 0.342852 0.0746557 0.905473 0.918008
ENSG00000130956.9 9 99212483 99212483 + 8 985632 9_internal_8147 9 100198115 100320767 163 182.882 1.00562 8.94017 0.0382872 -0.16452 0.21393 0.223197
ENSG00000081377.12 9 99382112 99382112 - 7 -66448 9_internal_7465 9 99448560 99482564 163 176.323 1.11091 8.54238 0.0415445 0.154571 0.19403 0.212094
ENSG00000158122.7 9 99417585 99417585 - 7 491186 9_internal_6690 9 98920643 98926399 163 162.873 1.04148 8.31616 0.0899762 0.133236 0.547264 0.525432
ENSG00000081386.8 9 99540411 99540411 - 8 614012 9_internal_6690 9 98920643 98926399 163 151.666 1.04389 7.2673 0.00972574 0.198995 0.0895522 0.078204
ENSG00000196597.7 9 99637905 99637905 - 9 -806578 9_internal_8469 9 100444483 100462548 163 141.288 1.07893 8.56116 0.374111 0.0715156 0.99005 0.986889
ENSG00000188152.7 9 99690592 99690592 + 9 -777064 9_internal_10510 9 98782575 98913528 163 154.086 0.999957 7.97622 0.211662 0.0961378 0.890547 0.868597
ENSG00000249044.1 9 99711867 99711867 - 10 -732616 9_internal_8469 9 100444483 100462548 163 143.676 1.06671 8.53917 0.0208127 0.184084 0.199005 0.20334
ENSG00000236745.1 9 99717359 99717359 + 10 -943652 9_internal_7220 9 98691810 98773707 163 179.825 0.977747 12.261 0.0491578 -0.155079 0.383085 0.394941
ENSG00000196312.5 9 99775862 99775862 - 9 -668621 9_internal_8469 9 100444483 100462548 163 168.794 0.926426 9.20756 0.00858931 0.21207 0.0696517 0.083601
ENSG00000197816.9 9 100000765 100000765 + 9 832874 9_internal_9681 9 100833639 100956269 163 173.697 1.03894 10.6204 0.0322987 0.171336 0.248756 0.236902
ENSG00000255036.1 9 100000779 100000779 + 9 832860 9_internal_9681 9 100833639 100956269 163 174.302 1.0169 9.75373 0.129703 0.121002 0.721393 0.69702
ENSG00000196116.6 9 100174232 100174232 + 9 675473 9_internal_9572 9 100849705 100852799 163 163.493 1.05158 9.20093 0.131556 -0.122169 0.701493 0.707204
ENSG00000136842.8 9 100263462 100263462 + 9 -780898 9_internal_7465 9 99448560 99482564 163 164.194 1.09123 9.28779 0.0247473 0.17796 0.169154 0.170721
ENSG00000136937.7 9 100395908 100395908 + 9 197609 9_internal_9162 9 100593517 100640179 163 155.964 1.08866 9.16068 0.264071 -0.0851298 0.930348 0.938613
ENSG00000136925.9 9 100395962 100395962 - 9 913398 9_internal_7465 9 99448560 99482564 163 170.036 0.988135 9.0626 0.0558209 0.153822 0.39801 0.382008
ENSG00000231521.1 9 100398333 100398333 - 9 915769 9_internal_7465 9 99448560 99482564 163 168.715 0.982698 9.21383 0.0046657 -0.224199 0.0447761 0.038587
ENSG00000136936.6 9 100459639 100459639 - 9 -231295 9_internal_8703 9 100690934 100921757 163 169.16 0.896878 8.15038 0.0511167 0.156806 0.358209 0.373863
ENSG00000178919.7 9 100615536 100615536 + 10 -967859 9_internal_8309 9 99641821 99647677 163 154.993 1.08171 9.21706 0.126415 0.118476 0.726368 0.713
ENSG00000201830.1 9 100677972 100677972 + 11 -215424 9_internal_8469 9 100444483 100462548 163 155.487 0.890308 9.45144 0.173971 0.104037 0.870647 0.87749
ENSG00000136932.9 9 100684852 100684852 - 11 -939010 9_internal_7835 9 101623862 101707663 163 158.384 0.939794 9.5398 0.134075 -0.119795 0.746269 0.780976
ENSG00000136929.7 9 100707138 100707138 - 11 -142567 9_internal_9572 9 100849705 100852799 163 154.357 0.999995 8.84708 0.0392674 -0.161719 0.308458 0.333837
ENSG00000136938.7 9 100745638 100745638 + 11 88001 9_internal_9681 9 100833639 100956269 163 165.738 0.984438 9.46991 0.00483854 -0.216072 0.0497512 0.0441173
ENSG00000236896.1 9 100749938 100749938 - 11 -240276 9_internal_6900 9 100990214 101017880 163 150.059 1.14375 10.0424 0.120728 -0.122067 0.726368 0.726092
ENSG00000095380.10 9 100819021 100819021 + 12 943708 9_internal_8762 9 101762729 101850178 163 149.915 1.08336 9.28853 0.0786997 0.140408 0.547264 0.555349
ENSG00000106785.10 9 100881494 100881494 - 12 0 9_internal_9681 9 100833639 100956269 163 159.848 0.95182 9.56471 0.113397 0.123461 0.701493 0.713532
ENSG00000106789.8 9 100954922 100954922 - 12 0 9_internal_9681 9 100833639 100956269 163 183.295 0.922101 14.399 6.97502e-15 0.559854 0.00497512 3.07933e-14
ENSG00000224001.1 9 100997010 100997010 + 12 626852 9_internal_7835 9 101623862 101707663 163 172.599 0.920825 11.707 0.0448355 0.158355 0.41791 0.410899
ENSG00000095383.14 9 101017915 101017915 - 12 35 9_internal_6900 9 100990214 101017880 163 170.895 0.9597 13.9098 1.88858e-05 0.318533 0.00497512 0.000237677
