ENSG00000180919.3 11 6128914 6128914 + 10 0 11_internal_9632 11 6114559 6164796 163 180.223 0.99104 9.39709 0.00596066 -0.218339 0.0298507 0.0365932
ENSG00000180913.2 11 6149840 6149840 + 10 -435306 11_internal_8188 11 5704796 5714534 163 165.388 1.11359 10.6885 0.0247662 0.174649 0.189055 0.183805
ENSG00000180909.1 11 6173818 6173818 - 10 20794 11_internal_8385 11 6144188 6153024 163 206.95 0.837725 10.8213 0.0370595 -0.158463 0.268657 0.255365
ENSG00000255307.1 11 6191638 6191638 - 10 38784 11_internal_8461 11 4453894 6152854 163 167.107 0.979301 9.88613 0.162819 0.110904 0.80597 0.82191
ENSG00000254444.1 11 6206806 6206806 - 10 42010 11_internal_9632 11 6114559 6164796 163 179.3 0.952873 10.324 0.0460921 -0.159229 0.328358 0.340392
ENSG00000175485.2 11 6220376 6220376 + 10 -67522 11_internal_8461 11 4453894 6152854 163 167.807 0.982371 9.22574 0.0675288 0.144307 0.457711 0.462986
ENSG00000267940.1 11 6224483 6224483 - 10 71629 11_internal_8461 11 4453894 6152854 163 177.836 0.917982 11.0454 0.176183 0.106678 0.875622 0.86789
ENSG00000180878.2 11 6226796 6226796 + 10 421481 11_internal_8283 11 6648277 6771370 163 162.093 1.02524 10.4731 0.0507937 0.152952 0.427861 0.412935
ENSG00000051009.6 11 6255941 6255941 - 10 7849 11_internal_10586 11 6177808 6248092 163 136.704 0.972474 7.8112 0.0326652 0.163789 0.38806 0.345696
ENSG00000132259.8 11 6255995 6255995 + 10 392282 11_internal_8283 11 6648277 6771370 163 174.461 0.940524 10.1936 0.12958 0.116825 0.736318 0.739132
ENSG00000166311.5 11 6411655 6411655 + 10 0 11_internal_11958 11 6029092 6441646 163 163.796 1.08599 10.5345 0.112807 0.122194 0.721393 0.682658
ENSG00000166313.12 11 6440644 6440644 - 10 192552 11_internal_10586 11 6177808 6248092 163 164.035 0.925548 8.88211 0.216706 -0.097943 0.915423 0.897104
ENSG00000110169.6 11 6463847 6463847 - 11 310993 11_internal_8461 11 4453894 6152854 163 148.483 1.17085 10.2541 0.0964493 0.125516 0.671642 0.64405
ENSG00000110171.13 11 6495689 6495689 - 11 342665 11_internal_8385 11 6144188 6153024 163 155.232 0.964259 8.94765 0.0368431 0.169171 0.338308 0.33322
ENSG00000132254.7 11 6502666 6502666 - 11 61020 11_internal_11958 11 6029092 6441646 163 153.927 1.04271 10.2656 0.111571 0.124138 0.726368 0.722713
ENSG00000132286.7 11 6502677 6502677 + 11 -254585 11_internal_10586 11 6177808 6248092 163 138.598 1.08817 8.7659 0.0918904 -0.132036 0.656716 0.640813
ENSG00000265264.1 11 6502715 6502715 + 11 -349691 11_internal_8385 11 6144188 6153024 163 181.704 0.82845 12.5226 0.191801 0.101095 0.930348 0.926596
ENSG00000254595.1 11 6510607 6510607 - 11 357583 11_internal_8385 11 6144188 6153024 163 181.242 0.973216 11.252 0.198941 0.100241 0.875622 0.890811
ENSG00000179532.8 11 6518490 6518490 + 12 -365466 11_internal_8385 11 6144188 6153024 163 164.815 1.04871 12.3219 0.00952403 0.201963 0.109453 0.0941384
ENSG00000132275.6 11 6624850 6624850 - 13 -907267 11_internal_9684 11 7532117 7695952 163 156.41 1.05922 11.4898 0.0762704 -0.138556 0.641791 0.60344
ENSG00000166333.9 11 6624961 6624961 + 13 -460165 11_internal_9632 11 6114559 6164796 163 154.213 1.0903 11.7315 0.00847587 -0.204732 0.0995025 0.0923158
ENSG00000254400.1 11 6625650 6625650 - 13 472626 11_internal_8385 11 6144188 6153024 163 178.154 0.901177 12.297 0.0217557 0.176883 0.233831 0.224653
ENSG00000254641.1 11 6631366 6631366 - 13 466570 11_internal_9632 11 6114559 6164796 163 184.505 0.823611 11.5601 0.002237 -0.239135 0.039801 0.0298644
ENSG00000166337.5 11 6633898 6633898 - 13 469102 11_internal_9632 11 6114559 6164796 163 164.13 0.976741 12.1737 0.00558876 -0.209715 0.0547264 0.0688916
ENSG00000255680.1 11 6640021 6640021 + 13 -925487 11_internal_8188 11 5704796 5714534 163 178.074 0.860947 11.6048 0.0627628 -0.146264 0.517413 0.529145
ENSG00000166340.10 11 6640692 6640692 - 13 926158 11_internal_8188 11 5704796 5714534 163 166.454 1.00468 11.8784 0.00697931 -0.208145 0.0696517 0.0724571
ENSG00000166341.6 11 6677085 6677085 - 13 2238 11_internal_11209 11 6621202 6674847 163 174.716 0.97279 14.1015 0.00419999 0.222097 0.0696517 0.0462066
ENSG00000158042.8 11 6704632 6704632 - 13 456540 11_internal_10586 11 6177808 6248092 163 168.492 1.0517 15.7214 0.0232697 0.17335 0.308458 0.261908
ENSG00000254838.3 11 6767670 6767670 - 12 0 11_internal_12136 11 6738771 7042659 163 170.704 1.04923 12.0181 1.67023e-11 0.474693 0.00497512 2.07519e-11
ENSG00000170743.11 11 7260099 7260099 + 9 196920 11_internal_8409 11 7457019 7471387 163 167.696 1.0493 8.85945 1.38365e-07 0.38932 0.00497512 3.98176e-07
ENSG00000183801.3 11 7506619 7506619 + 8 25498 11_internal_9684 11 7532117 7695952 163 166.056 1.02674 7.73924 6.61476e-10 0.450595 0.00497512 2.08644e-09
ENSG00000251364.2 11 7533746 7533746 - 8 13536 11_internal_7947 11 7510751 7520210 163 161.679 1.05976 6.85019 1.04649e-12 0.506358 0.00497512 1.89116e-12
ENSG00000166387.7 11 7534529 7534529 + 8 -63142 11_internal_8409 11 7457019 7471387 163 178.663 0.915117 8.72104 0.000124874 0.295352 0.00497512 0.00100639
ENSG00000166394.10 11 7698453 7698453 - 8 227066 11_internal_8409 11 7457019 7471387 163 153.927 1.03186 6.6172 0.000735628 0.260936 0.00995025 0.00577059
ENSG00000175390.8 11 7991798 7991798 + 8 -949139 11_internal_12136 11 6738771 7042659 163 149.963 1.06062 6.34148 0.109885 -0.125256 0.567164 0.545836
ENSG00000130413.11 11 8615836 8615836 - 12 0 11_internal_9624 11 8215760 8616532 163 172.057 0.931262 12.5132 3.75162e-09 0.431695 0.00497512 6.08301e-08
ENSG00000166436.10 11 8693413 8693413 - 14 0 11_internal_9748 11 8625632 8703910 163 162.682 0.938444 12.5957 0.0087694 0.198183 0.139303 0.124031
ENSG00000254900.1 11 8700636 8700636 + 13 823241 11_internal_8944 11 9523877 9535798 163 173.983 1.02005 14.66 0.0536188 0.151536 0.482587 0.490305
ENSG00000166441.8 11 8703958 8703958 + 13 -48 11_internal_9748 11 8625632 8703910 163 166.486 1.09741 15.2272 0.0569694 -0.146275 0.562189 0.530021
ENSG00000200983.1 11 8705774 8705774 + 13 523880 11_internal_9731 11 9229654 9286143 163 174.031 1.01658 13.3737 0.053503 -0.154729 0.452736 0.459505
ENSG00000212607.1 11 8706986 8706986 + 13 887065 11_internal_8591 11 9594051 9656218 163 162.029 0.932754 12.2754 0.0185245 -0.183488 0.208955 0.23674
ENSG00000254665.1 11 8714904 8714904 + 13 343963 11_internal_8562 11 9058867 9083783 163 163.764 0.978399 14.0277 0.0458243 0.161384 0.492537 0.488587
ENSG00000166444.13 11 8932498 8932498 - 13 -126369 11_internal_8562 11 9058867 9083783 163 179.029 0.891969 12.7373 0.0590837 0.15205 0.487562 0.517806
ENSG00000254860.1 11 8986222 8986222 + 13 537655 11_internal_8944 11 9523877 9535798 163 177.979 0.912026 12.7098 0.0394812 0.161027 0.353234 0.376262
ENSG00000175348.6 11 8986558 8986558 - 13 -252866 11_internal_8183 11 9239424 9255589 163 159.514 1.01223 12.8814 0.120268 -0.117918 0.79602 0.815914
ENSG00000175352.6 11 9025596 9025596 - 13 165433 11_internal_11354 11 8708087 8860163 163 164.289 0.958458 11.0683 0.005397 0.209144 0.0646766 0.064328
ENSG00000213538.4 11 9115910 9115910 + 14 531255 11_internal_8897 11 9647165 9653758 163 157.031 0.985408 12.3367 0.00366273 0.217121 0.0646766 0.054896
ENSG00000175356.8 11 9159661 9159661 - 15 -504325 11_internal_11881 11 9663986 9742813 163 177.836 0.928806 17.3601 0.0172183 -0.187543 0.218905 0.230447
ENSG00000255097.1 11 9267056 9267056 - 15 -793450 11_internal_8662 11 10060506 10065207 163 141.59 1.09309 12.2601 0.153687 0.110267 0.900498 0.903434
ENSG00000184014.3 11 9286937 9286937 - 15 0 11_internal_7683 11 9281644 9296751 163 185.206 0.856563 16.6502 0.0261356 0.175149 0.313433 0.326127
ENSG00000254884.1 11 9333236 9333236 - 15 -727270 11_internal_8662 11 10060506 10065207 163 149.215 0.952153 12.0264 0.0609011 0.147235 0.58209 0.618933
ENSG00000166471.6 11 9336327 9336327 - 15 0 11_internal_9534 11 9334651 9415244 163 154.484 0.9828 13.2883 0.000168244 0.292377 0.00995025 0.003679
ENSG00000205339.5 11 9406169 9406169 + 14 -109418 11_internal_7683 11 9281644 9296751 163 143.707 1.03504 11.2065 0.0499049 -0.152582 0.527363 0.516863
ENSG00000201998.1 11 9450320 9450320 + 15 -164177 11_internal_9731 11 9229654 9286143 163 184.569 0.895998 14.5659 0.00873951 -0.202197 0.109453 0.100449
ENSG00000166478.5 11 9481866 9481866 + 17 -226277 11_internal_8183 11 9239424 9255589 163 158.527 0.972967 15.9087 0.026472 -0.17557 0.432836 0.38316
ENSG00000268403.1 11 9482010 9482010 - 17 -937380 11_internal_8257 11 10419390 10441663 163 195.282 0.919007 21.6755 0.00808733 -0.203274 0.119403 0.0986538
ENSG00000255180.1 11 9514557 9514557 - 17 810647 11_internal_9748 11 8625632 8703910 163 150.25 1.03727 15.4437 0.0608221 -0.143945 0.661692 0.66971
ENSG00000166483.5 11 9595228 9595228 + 17 -59430 11_internal_8944 11 9523877 9535798 163 189.663 0.895298 20.2101 0.17253 0.111021 0.9801 0.962361
ENSG00000133789.10 11 9685624 9685624 + 20 0 11_internal_11881 11 9663986 9742813 163 173.967 1.00347 26.7283 0.00522276 0.213766 0.104478 0.0983925
ENSG00000246273.2 11 9779839 9779839 + 20 -493696 11_internal_9731 11 9229654 9286143 163 172.344 0.930427 21.7016 0.00637803 0.211814 0.114428 0.124426
ENSG00000245522.2 11 9781080 9781080 - 20 484329 11_internal_7683 11 9281644 9296751 163 176.849 0.919952 23.1102 0.035758 0.16521 0.507463 0.52913
ENSG00000255476.1 11 9860690 9860690 + 21 -776907 11_internal_8562 11 9058867 9083783 163 148.944 1.0858 18.3816 0.0232564 0.178296 0.412935 0.389597
ENSG00000252568.1 11 9865423 9865423 - 21 450179 11_internal_9534 11 9334651 9415244 163 166.645 0.964859 21.6078 0.0262991 0.176035 0.442786 0.434328
ENSG00000254765.1 11 9981337 9981337 - 22 327579 11_internal_8897 11 9647165 9653758 163 147.369 1.12347 17.7539 0.0139886 0.190284 0.243781 0.242716
ENSG00000254865.1 11 10170739 10170739 + 21 430531 11_internal_8407 11 10601270 10647792 163 154.754 1.04666 19.3648 0.0398144 -0.160637 0.587065 0.571049
ENSG00000254719.1 11 10293806 10293806 - 19 148397 11_internal_8880 11 10118329 10145409 163 176.18 1.0268 22.3685 0.00545274 0.208166 0.0845771 0.0766927
ENSG00000133812.10 11 10315754 10315754 - 18 661996 11_internal_8897 11 9647165 9653758 163 194.454 0.855968 19.3136 0.0185513 0.182734 0.228856 0.238858
ENSG00000254554.1 11 10325251 10325251 - 18 -131547 11_internal_9254 11 10456798 10467519 163 167.298 1.01042 18.7885 0.0525305 0.155461 0.621891 0.610272
ENSG00000148926.5 11 10326227 10326227 + 18 130571 11_internal_9254 11 10456798 10467519 163 152.08 1.04171 17.7582 0.0837849 0.13368 0.835821 0.819101
ENSG00000133805.10 11 10329860 10329860 + 18 271410 11_internal_8407 11 10601270 10647792 163 154.516 0.959249 13.4386 0.00108074 0.264443 0.0149254 0.0232046
ENSG00000255823.1 11 10530723 10530723 - 18 -129934 11_internal_8571 11 10660657 10669462 163 179.173 1.09736 24.0652 0.00421871 0.230565 0.0497512 0.0461638
ENSG00000110315.2 11 10562777 10562777 - 17 -38493 11_internal_8407 11 10601270 10647792 163 172.726 0.91849 16.4602 1.69463e-05 0.337103 0.00497512 0.000328661
ENSG00000177112.3 11 10562819 10562819 + 17 38451 11_internal_8407 11 10601270 10647792 163 141.622 0.989135 11.7931 2.50024e-05 0.327651 0.00497512 0.00109373
ENSG00000133800.4 11 10633236 10633236 - 17 0 11_internal_8407 11 10601270 10647792 163 148.212 1.06061 14.9874 0.0001143 0.305526 0.00497512 0.00243344
ENSG00000072952.13 11 10715535 10715535 - 15 67743 11_internal_8407 11 10601270 10647792 163 157.763 0.953227 13.7929 6.55452e-05 0.310855 0.00497512 0.00165318
ENSG00000198730.3 11 10772534 10772534 + 14 -330871 11_internal_8257 11 10419390 10441663 163 148.483 1.00767 11.4603 0.00382802 -0.221789 0.079602 0.062798
ENSG00000255125.1 11 10804860 10804860 + 14 8737 11_internal_10430 11 10813597 10829544 163 181.465 0.927925 13.7656 0.031154 -0.167331 0.298507 0.306921
ENSG00000238622.1 11 10823155 10823155 - 14 0 11_internal_10430 11 10813597 10829544 163 155.439 0.96493 10.4635 0.0274917 -0.17109 0.283582 0.299373
ENSG00000110321.10 11 10830657 10830657 - 14 1113 11_internal_10430 11 10813597 10829544 163 175.559 0.979745 15.5273 0.0375228 0.161636 0.41791 0.395117
ENSG00000246308.1 11 10830844 10830844 + 14 -161382 11_internal_8571 11 10660657 10669462 163 139.298 1.1161 13.3367 0.0890927 0.134334 0.79602 0.774402
ENSG00000247271.2 11 10879806 10879806 + 15 -438143 11_internal_8257 11 10419390 10441663 163 153.529 1.03826 13.9123 0.141833 -0.113596 0.890547 0.896081
ENSG00000236287.3 11 10880343 10880343 - 15 438680 11_internal_8257 11 10419390 10441663 163 159.625 1.07065 15.5709 0.0168798 -0.187504 0.21393 0.218419
ENSG00000170242.12 11 11862970 11862970 + 8 0 11_internal_9076 11 11862007 11883161 163 154.181 1.04816 8.01543 0.00559179 0.217244 0.0447761 0.0471065
ENSG00000255492.1 11 11878406 11878406 - 8 0 11_internal_9076 11 11862007 11883161 163 166.422 1.00142 8.00494 0.0509698 0.155703 0.343284 0.328169
ENSG00000050165.13 11 12031316 12031316 - 7 148155 11_internal_9076 11 11862007 11883161 163 176.212 0.880573 6.35233 0.0411502 0.159979 0.268657 0.245819
ENSG00000133816.9 11 12115543 12115543 + 7 22169 11_internal_9672 11 12137712 12171655 163 162.284 1.06359 7.16129 1.03048e-07 0.401199 0.00497512 3.1453e-07
ENSG00000254680.1 11 12284720 12284720 - 7 113065 11_internal_9672 11 12137712 12171655 163 185.206 1.01232 7.39627 2.95724e-07 0.388208 0.00497512 2.83466e-07
ENSG00000133808.4 11 12297627 12297627 + 7 -125972 11_internal_9672 11 12137712 12171655 163 185.285 0.925278 8.03807 7.30689e-09 0.426683 0.00497512 2.36641e-08
ENSG00000254983.1 11 12325080 12325080 + 8 -153425 11_internal_9672 11 12137712 12171655 163 129.652 0.999966 5.12532 0.00020066 0.291199 0.00497512 0.00469253
ENSG00000133794.13 11 13298199 13298199 + 7 0 11_internal_10908 11 13297669 13363226 163 161.058 1.18198 7.3581 1.94155e-47 0.871272 0.00497512 2.66306e-54
ENSG00000222162.1 11 13374755 13374755 + 7 -11529 11_internal_10908 11 13297669 13363226 163 174.334 0.963974 7.08399 4.13811e-22 0.671483 0.00497512 6.82452e-22
ENSG00000148925.5 11 13484844 13484844 - 7 0 11_internal_8932 11 13457556 13486638 163 157.827 0.961852 5.86591 1.91062e-09 0.433835 0.00497512 4.02239e-08
ENSG00000197601.8 11 13690217 13690217 + 7 -326991 11_internal_10908 11 13297669 13363226 163 168.396 0.925318 7.08741 0.024834 -0.180395 0.154229 0.17599
ENSG00000254791.1 11 13690874 13690874 + 7 252321 11_internal_12105 11 13943195 14101878 163 190.395 0.976675 9.42142 0.0059641 0.215522 0.039801 0.0301398
ENSG00000240454.1 11 13707203 13707203 - 7 -235992 11_internal_12105 11 13943195 14101878 163 170.513 1.00005 6.38053 0.0820858 0.138494 0.402985 0.393272
ENSG00000200685.1 11 13708205 13708205 - 7 -549747 11_internal_9164 11 14257952 14381223 163 152.271 1.05663 6.14678 0.274683 -0.0863403 0.875622 0.868885
ENSG00000133818.8 11 14386052 14386052 - 7 -333085 11_internal_9283 11 14719137 14736744 163 166.47 1.02115 7.2017 0.272244 0.0848925 0.905473 0.889852
ENSG00000255074.1 11 14462333 14462333 + 7 532373 11_internal_9175 11 14994706 15255617 163 162.904 1.035 6.80151 0.116467 0.124281 0.58209 0.5544
ENSG00000251991.1 11 14500438 14500438 + 6 -838578 11_internal_8297 11 13651339 13661860 163 154.914 1.09486 6.68726 0.0483885 0.155247 0.283582 0.271332
ENSG00000129083.8 11 14521573 14521573 - 6 800158 11_internal_8193 11 13717304 13721415 163 138.263 1.00007 4.87861 0.0262016 0.176554 0.149254 0.183281
ENSG00000256206.2 11 14541890 14541890 - 6 820475 11_internal_8193 11 13717304 13721415 163 153.019 0.999995 5.15737 0.455265 0.0574473 0.970149 0.961954
ENSG00000129084.13 11 14665181 14665181 - 6 -53956 11_internal_9283 11 14719137 14736744 163 156.362 1.08383 6.48412 0.234083 0.0921454 0.776119 0.816906
ENSG00000152270.4 11 14665269 14665269 + 6 53868 11_internal_9283 11 14719137 14736744 163 186.941 0.899023 6.68942 0.00487008 0.220688 0.0348259 0.0265264
ENSG00000255040.1 11 14696101 14696101 - 6 -23036 11_internal_9283 11 14719137 14736744 163 183.677 0.999987 5.6943 0.0227816 0.178713 0.129353 0.0857634
ENSG00000186104.6 11 14913798 14913798 - 6 177054 11_internal_9283 11 14719137 14736744 163 183.391 1.05557 6.98314 0.0206903 0.183122 0.109453 0.0812845
ENSG00000188487.7 11 15133970 15133970 + 6 0 11_internal_9175 11 14994706 15255617 163 179.427 0.947673 5.81427 0.000543488 0.278403 0.00497512 0.0023516
ENSG00000254946.1 11 15574401 15574401 + 5 22516 11_internal_9478 11 15596917 15673043 163 197.494 0.889021 5.46115 5.26766e-10 0.47562 0.00497512 6.38733e-10
ENSG00000254789.1 11 15643937 15643937 - 5 0 11_internal_9478 11 15596917 15673043 163 180.446 0.999988 5.1233 2.2424e-12 0.529847 0.00497512 7.77613e-13
ENSG00000110696.4 11 16634679 16634679 + 4 -610249 11_internal_9323 11 15918226 16024430 163 165.69 0.999951 3.82657 0.000167928 0.287555 0.00497512 0.000567443
ENSG00000110693.11 11 16761138 16761138 - 3 736708 11_internal_9323 11 15918226 16024430 163 188.055 0.999992 3.67007 2.66614e-09 0.444843 0.00497512 5.96161e-10
ENSG00000201784.1 11 17096291 17096291 - 2 258664 11_internal_10529 11 16812847 16837627 163 169.335 0.999961 2.00314 0.374533 0.0685257 0.60199 0.597848
ENSG00000201403.1 11 17097415 17097415 - 2 259788 11_internal_10529 11 16812847 16837627 163 139.617 1 1.6025 0.190875 0.10134 0.348259 0.336962
ENSG00000110700.2 11 17099334 17099334 - 2 261707 11_internal_10529 11 16812847 16837627 163 164.464 0.999961 2.04809 0.300787 0.0818508 0.522388 0.5164
ENSG00000201586.1 11 17137310 17137310 - 2 -805364 11_internal_11148 11 17942674 18128045 163 169.701 0.999972 2.01105 0.160241 -0.112068 0.278607 0.282011
ENSG00000240808.1 11 17159812 17159812 - 2 -782862 11_internal_11148 11 17942674 18128045 163 143.421 0.999987 1.91297 0.00828279 0.191258 0.0199005 0.0252524
ENSG00000213779.4 11 17215036 17215036 + 2 -377409 11_internal_10529 11 16812847 16837627 163 145.57 0.999955 1.70214 0.494639 -0.0540604 0.716418 0.712033
ENSG00000011405.9 11 17229530 17229530 - 2 391903 11_internal_10529 11 16812847 16837627 163 145.538 1.00002 1.70138 0.426483 -0.0634692 0.641791 0.641141
ENSG00000070081.9 11 17229700 17229700 + 2 -392073 11_internal_10529 11 16812847 16837627 163 148.021 0.999984 1.81644 0.304253 0.0811828 0.547264 0.513778
ENSG00000188211.4 11 17373273 17373273 + 2 -535646 11_internal_10529 11 16812847 16837627 163 166.47 0.999961 1.85355 0.188071 -0.105334 0.318408 0.313135
ENSG00000129158.5 11 18034709 18034709 - 4 -652685 11_internal_9418 11 18687394 18695233 163 163.907 0.999954 4.14557 0.00217068 -0.239361 0.0149254 0.00871789
ENSG00000255448.1 11 18044478 18044478 - 4 -642916 11_internal_9418 11 18687394 18695233 163 168.603 0.999969 4.1588 0.0312064 -0.167809 0.104478 0.113054
ENSG00000166788.5 11 18127638 18127638 - 4 -559756 11_internal_9418 11 18687394 18695233 163 170.083 0.999982 4.40578 0.385534 -0.0669979 0.845771 0.87424
ENSG00000110756.13 11 18343745 18343745 - 5 -343649 11_internal_9418 11 18687394 18695233 163 177.087 0.99997 5.38032 0.269203 0.0838213 0.78607 0.786388
ENSG00000110768.5 11 18343842 18343842 + 5 343552 11_internal_9418 11 18687394 18695233 163 187.991 0.931914 6.06105 0.225606 0.0974275 0.741294 0.750301
ENSG00000134333.8 11 18415935 18415935 + 5 0 11_internal_11860 11 18404038 18593552 163 136.194 0.999953 4.12334 4.89596e-08 0.410637 0.00497512 2.55804e-06
ENSG00000256006.1 11 18427156 18427156 + 5 260238 11_internal_9418 11 18687394 18695233 163 148.085 1 4.64515 0.166362 -0.106408 0.631841 0.618148
ENSG00000166800.5 11 18477371 18477371 + 5 210023 11_internal_9418 11 18687394 18695233 163 159.88 1.00003 5.28044 0.267856 0.0909934 0.80597 0.813603
ENSG00000256464.1 11 18512502 18512502 - 5 -174892 11_internal_9418 11 18687394 18695233 163 164.48 0.999986 4.66811 0.0361902 0.164454 0.149254 0.154663
ENSG00000256588.1 11 18530367 18530367 - 5 -157027 11_internal_9418 11 18687394 18695233 163 176.96 0.944681 5.49349 0.0179038 0.179806 0.0895522 0.0853197
ENSG00000256361.1 11 18533022 18533022 - 5 -154372 11_internal_9418 11 18687394 18695233 163 161.965 1.06005 5.97228 0.206144 -0.0995484 0.731343 0.731764
ENSG00000074319.7 11 18548779 18548779 - 5 420734 11_internal_11148 11 17942674 18128045 163 172.312 1.00004 4.5432 0.0669666 -0.148685 0.263682 0.243624
ENSG00000151116.11 11 18610294 18610294 - 5 16742 11_internal_11860 11 18404038 18593552 163 186.909 0.999983 5.25774 0.0015535 0.24539 0.00995025 0.00367894
ENSG00000247595.2 11 18621334 18621334 + 5 96927 11_internal_10395 11 18718261 18729094 163 142.721 0.999981 5.06738 0.123224 0.122584 0.572139 0.559307
ENSG00000179119.10 11 18656338 18656338 - 5 -61923 11_internal_10395 11 18718261 18729094 163 201.904 0.996604 6.0623 0.078976 0.137897 0.293532 0.271073
ENSG00000177054.9 11 19138646 19138646 + 4 0 11_internal_10515 11 19129510 19186796 163 138.152 1.00003 3.34438 9.49645e-14 0.536811 0.00497512 2.38731e-11
ENSG00000166833.15 11 19372271 19372271 + 4 -643177 11_internal_10395 11 18718261 18729094 163 190.761 1.00001 4.44892 0.0383144 0.16463 0.119403 0.106514
ENSG00000109854.9 11 20385231 20385231 + 1 246362 11_internal_10884 11 20631593 21934967 163 154.372 0.99999 0.928751 0.196585 0.0992023 0.21393 0.195584
ENSG00000185238.8 11 20409076 20409076 + 1 222517 11_internal_10884 11 20631593 21934967 163 176.865 1.00002 0.949429 0.343242 0.0722788 0.308458 0.309946
ENSG00000148935.6 11 22647188 22647188 + 2 -712221 11_internal_10884 11 20631593 21934967 163 150.425 0.999959 1.8081 0.351825 -0.0741017 0.572139 0.567759
ENSG00000183161.3 11 22647387 22647387 - 2 712420 11_internal_10884 11 20631593 21934967 163 182.468 1 2.1331 0.192186 -0.100829 0.313433 0.323774
ENSG00000198168.4 11 22851845 22851845 - 1 916878 11_internal_10884 11 20631593 21934967 163 132.804 0.999986 0.876569 0.66104 0.0332177 0.621891 0.644187
ENSG00000148943.7 11 27528320 27528320 - 2 33464 11_internal_8317 11 27444507 27494856 163 172.471 0.999965 1.89989 0.58003 -0.0436631 0.78607 0.798091
ENSG00000224411.2 11 27912580 27912580 - 2 0 11_internal_8549 11 27720344 27916968 163 149.422 0.999997 1.66083 0.0469602 0.15614 0.114428 0.0931777
ENSG00000169519.14 11 28129795 28129795 + 2 -634939 11_internal_8317 11 27444507 27494856 163 193.212 1.00001 2.14891 0.340908 0.0729768 0.502488 0.534875
ENSG00000121621.6 11 28129855 28129855 - 2 634999 11_internal_8317 11 27444507 27494856 163 144.217 1.00004 1.7372 0.0242781 -0.168978 0.0746269 0.0585384
ENSG00000222385.1 11 28283066 28283066 - 2 788210 11_internal_8317 11 27444507 27494856 163 174.397 0.999962 2.06303 0.300691 0.0828188 0.482587 0.498525
ENSG00000152219.4 11 30344598 30344598 + 2 -782626 11_internal_7540 11 29539371 29561972 163 147.225 1.00001 1.79577 7.23205e-15 0.579843 0.00497512 2.57495e-13
ENSG00000170946.10 11 31391387 31391387 + 3 -2403 11_internal_11053 11 31382863 31388984 163 125.991 0.999978 2.57533 0.302843 0.0821211 0.726368 0.689779
ENSG00000148950.5 11 31531192 31531192 - 5 586982 11_internal_11925 11 30343608 30944210 163 172.614 0.996665 6.24286 0.15549 -0.110337 0.641791 0.621958
