ENSG00000229897.1 9 101369275 101369275 + 13 -447518 9_internal_8703 9 100690934 100921757 163 158.893 0.927945 12.4422 0.0884341 0.132837 0.726368 0.72799
ENSG00000106799.7 9 101866320 101866320 + 10 409822 9_internal_8867 9 102276142 102279128 163 162.777 1.01226 9.79882 0.055166 -0.152416 0.452736 0.421715
ENSG00000252942.1 9 101908248 101908248 - 10 224690 9_internal_8733 9 101621262 101683558 163 156.84 0.995858 10.0804 0.0847284 -0.133483 0.621891 0.618927
ENSG00000119523.8 9 101984238 101984238 - 8 966358 9_internal_6900 9 100990214 101017880 163 172.025 1.0097 8.88029 0.0228023 -0.177963 0.174129 0.15583
ENSG00000106803.5 9 101984346 101984346 + 8 -454066 9_internal_7432 9 101511608 101530280 163 136.433 1.05177 6.33292 0.0098274 -0.205517 0.0995025 0.0963004
ENSG00000119508.13 9 102584137 102584137 + 5 -876474 9_internal_7835 9 101623862 101707663 163 171.787 1.00001 4.61645 0.0267445 0.175995 0.119403 0.101619
ENSG00000136874.6 9 102668915 102668915 + 5 -818737 9_internal_8762 9 101762729 101850178 163 153.226 0.999994 4.59669 0.208206 -0.0993357 0.701493 0.685407
ENSG00000254571.1 9 102692178 102692178 - 4 842000 9_internal_8762 9 101762729 101850178 163 157.556 0.999968 3.82471 0.478419 0.054065 0.925373 0.921499
ENSG00000234709.1 9 102761351 102761351 - 3 911173 9_internal_8762 9 101762729 101850178 163 172.36 1.00004 3.25621 0.0955435 -0.132168 0.248756 0.255139
ENSG00000023318.7 9 102861322 102861322 - 2 502454 9_internal_8557 9 102195929 102358868 163 173.617 0.999966 2.14757 0.872457 0.0130044 0.985075 0.98716
ENSG00000119509.7 9 102861538 102861538 + 2 -502670 9_internal_8557 9 102195929 102358868 163 155.423 1.00003 1.75436 0.263377 -0.0892443 0.39801 0.430891
ENSG00000239908.2 9 102864841 102864841 + 2 -585713 9_internal_8867 9 102276142 102279128 163 161.392 1 1.80703 0.149342 0.112322 0.253731 0.256651
ENSG00000231697.1 9 102937460 102937460 + 2 -578592 9_internal_8557 9 102195929 102358868 163 139.776 1.00001 1.88659 0.865721 0.0131677 0.975124 0.980398
ENSG00000136891.9 9 103115221 103115221 - 2 836093 9_internal_8867 9 102276142 102279128 163 168.269 1.00002 1.88996 0.493761 -0.0549096 0.726368 0.716601
ENSG00000066697.10 9 103189438 103189438 + 2 -830570 9_internal_8557 9 102195929 102358868 163 171.452 1.00002 2.28636 0.187 -0.104647 0.358209 0.35751
ENSG00000251349.3 9 103204553 103204553 + 2 -845685 9_internal_8557 9 102195929 102358868 163 207.347 0.999972 2.46001 0.0237477 -0.1743 0.039801 0.0262096
ENSG00000241697.3 9 103204560 103204560 + 2 -845692 9_internal_8557 9 102195929 102358868 163 150.632 1.00003 2.03557 0.0193929 -0.179347 0.0547264 0.0494922
ENSG00000136897.6 9 104160896 104160896 - 3 -226890 9_internal_7962 9 104387786 104500896 163 140.858 0.99999 2.70373 0.799808 0.0201464 0.985075 0.989359
ENSG00000136870.6 9 104161155 104161155 + 3 46156 9_internal_8987 9 104207311 104228151 163 161.567 0.999989 3.39396 0.0068243 0.206161 0.039801 0.0238068
ENSG00000136872.11 9 104198105 104198105 - 3 -12630 9_internal_8521 9 104210735 104249974 163 150.329 1.00004 2.92627 0.011526 0.195422 0.0497512 0.0440329
ENSG00000165152.4 9 104295819 104295819 - 3 -91967 9_internal_7962 9 104387786 104500896 163 150.297 0.999963 2.64902 0.0404831 -0.162179 0.134328 0.125048
ENSG00000155827.6 9 104296133 104296133 + 3 91653 9_internal_7962 9 104387786 104500896 163 143.898 1.00005 2.83326 0.452821 -0.0559407 0.845771 0.843759
ENSG00000265068.1 9 104312053 104312053 - 3 62079 9_internal_8521 9 104210735 104249974 163 168.842 0.999989 2.71081 0.16289 -0.112155 0.402985 0.367609
ENSG00000188386.5 9 104357283 104357283 - 3 129132 9_internal_8987 9 104207311 104228151 163 183.853 1.00002 3.35493 0.0014349 0.238886 0.00995025 0.00237806
ENSG00000198785.4 9 104500862 104500862 - 3 272711 9_internal_8987 9 104207311 104228151 163 159.785 0.999959 2.70949 0.00242668 0.234393 0.00497512 0.00724762
ENSG00000136824.14 9 106856541 106856541 + 5 948472 9_internal_7635 9 107805013 107817471 163 165.34 0.999984 4.38332 0.292299 0.0814739 0.761194 0.775566
ENSG00000136783.9 9 107509969 107509969 + 11 548329 9_internal_7477 9 108058298 108062330 163 145.697 1.05484 8.82625 0.00340232 0.229979 0.039801 0.040362
ENSG00000165028.7 9 107526438 107526438 + 11 16060 9_internal_10122 9 107542498 107920071 163 182.038 0.889304 10.2274 7.1778e-11 0.492764 0.00497512 8.16741e-10
ENSG00000226334.1 9 107689834 107689834 + 11 0 9_internal_10122 9 107542498 107920071 163 170.657 0.970622 9.81825 7.6589e-11 0.470629 0.00497512 5.23755e-10
ENSG00000165029.11 9 107690518 107690518 - 11 0 9_internal_10122 9 107542498 107920071 163 169.67 1.04123 10.8549 4.94224e-19 0.618664 0.00497512 1.83872e-19
ENSG00000230013.1 9 107754062 107754062 - 11 0 9_internal_10122 9 107542498 107920071 163 160.31 1.08702 11.0664 0.0668119 0.145177 0.547264 0.508351
ENSG00000070214.10 9 108006903 108006903 + 11 -86832 9_internal_10122 9 107542498 107920071 163 196.221 0.937919 13.5349 4.88628e-05 -0.313615 0.00497512 0.000202563
ENSG00000242010.1 9 108148969 108148969 + 11 -331498 9_internal_7635 9 107805013 107817471 163 149.024 1.05915 9.42714 0.0201002 -0.179914 0.218905 0.199056
ENSG00000106701.7 9 108210077 108210077 + 11 51436 9_internal_10126 9 108261513 108274901 163 172.01 0.928962 9.15727 0.000340933 0.281098 0.00995025 0.00338585
ENSG00000229419.1 9 108282409 108282409 + 11 -668324 9_internal_10472 9 107542029 107614085 163 144.153 1.15567 10.3012 0.0177909 -0.18847 0.208955 0.178847
ENSG00000106692.8 9 108320411 108320411 + 11 -263472 9_internal_8036 9 107949302 108056939 163 138.821 1.07795 10.1922 0.013166 0.194895 0.20398 0.175732
ENSG00000095209.7 9 108456825 108456825 + 11 -181924 9_internal_10126 9 108261513 108274901 163 150.552 1.10911 10.0947 0.134612 0.113455 0.761194 0.776996
ENSG00000228366.1 9 108473062 108473062 - 11 655591 9_internal_7635 9 107805013 107817471 163 171.389 0.843092 9.30623 0.0043773 0.220716 0.0597015 0.0575527
ENSG00000232486.1 9 108520445 108520445 + 11 -458115 9_internal_7477 9 108058298 108062330 163 184.935 0.858604 11.5941 0.0103164 0.198763 0.124378 0.107334
ENSG00000119318.8 9 110045418 110045418 + 7 466112 9_internal_7463 9 110511530 110517935 163 178.042 1.04376 7.33235 0.0201096 0.180127 0.0845771 0.0943704
ENSG00000136826.9 9 110252763 110252763 - 9 -564687 9_internal_8037 9 110817450 110888274 163 155.439 0.929187 7.70175 0.0377311 0.164377 0.288557 0.316745
ENSG00000232755.1 9 111635485 111635485 - 11 555799 9_internal_8102 9 111058526 111079686 163 178.154 0.995961 11.3469 0.192303 -0.104003 0.895522 0.88458
ENSG00000070061.10 9 111696396 111696396 - 11 205978 9_internal_8119 9 111174722 111490418 163 146.939 1.09373 8.73555 0.208679 -0.100682 0.880597 0.885698
ENSG00000119328.7 9 111696461 111696461 + 11 76188 9_internal_7909 9 111772649 111882601 163 174.843 0.821834 9.80359 3.63086e-05 -0.311701 0.00497512 0.000906642
ENSG00000201227.1 9 111754849 111754849 - 10 78466 9_internal_8224 9 111523556 111676383 163 173.172 1.04168 11.4524 0.00786393 -0.20192 0.0696517 0.0600249
ENSG00000119326.10 9 111775809 111775809 - 10 0 9_internal_7909 9 111772649 111882601 163 159.8 1.03714 10.2722 5.72805e-05 0.306491 0.00497512 0.000523831
ENSG00000106771.8 9 111882225 111882225 - 11 0 9_internal_7909 9 111772649 111882601 163 157.158 1.00001 8.62725 4.95223e-08 0.404925 0.00497512 7.41643e-07
ENSG00000157654.13 9 112542589 112542589 + 10 362049 9_internal_10396 9 112904638 112943106 163 150.17 1.06439 8.14242 0.0167283 0.184556 0.144279 0.142188
ENSG00000241978.5 9 112542769 112542769 + 10 361869 9_internal_10396 9 112904638 112943106 163 163.764 0.950492 9.80898 0.0214097 0.177292 0.189055 0.208273
ENSG00000136810.8 9 113018920 113018920 - 9 -16895 9_internal_7707 9 113035815 113045362 163 157.715 1.07118 9.82442 0.00463782 0.220698 0.039801 0.0405027
ENSG00000165124.13 9 113342160 113342160 - 9 245129 9_internal_7955 9 113019240 113097031 163 184.282 0.955872 10.7 0.0284967 0.16611 0.208955 0.210449
ENSG00000198121.8 9 113800981 113800981 - 12 0 9_internal_10724 9 113637179 114062048 163 163.748 1.03716 11.3687 3.68602e-29 0.729795 0.00497512 2.93415e-29
ENSG00000136813.9 9 114247025 114247025 - 10 184977 9_internal_10724 9 113637179 114062048 163 152.653 0.936039 8.57801 3.95006e-05 0.315623 0.00497512 0.000982277
ENSG00000106853.12 9 114362135 114362135 - 11 -409302 9_internal_9588 9 114771437 114837767 163 153.99 1.02969 9.83895 0.0429801 0.157854 0.393035 0.377269
ENSG00000059769.15 9 114393632 114393632 + 10 854514 9_internal_8319 9 115248146 115384260 163 149.724 0.941928 8.17273 0.314492 0.0786153 0.970149 0.968075
ENSG00000244115.1 9 114393666 114393666 + 10 548937 9_internal_8282 9 114942603 114982610 163 170.37 0.993274 10.2009 0.329191 0.0757901 0.9801 0.980245
ENSG00000242616.2 9 114423615 114423615 + 10 518988 9_internal_8282 9 114942603 114982610 163 146.827 1.07642 8.9398 0.336211 0.0746969 0.970149 0.979031
ENSG00000165181.12 9 114557288 114557288 - 10 -43334 9_internal_8747 9 114600622 114792850 163 178.647 0.945242 9.78736 0.0364413 0.161591 0.258706 0.2705
ENSG00000224067.1 9 114565260 114565260 + 10 35362 9_internal_8747 9 114600622 114792850 163 171.325 0.964837 9.83608 0.0145578 0.187808 0.134328 0.124653
ENSG00000206907.1 9 114602108 114602108 + 10 340495 9_internal_8282 9 114942603 114982610 163 142.482 1.1297 9.64284 0.109283 -0.12287 0.706468 0.708678
ENSG00000148154.5 9 114659046 114659046 + 11 112391 9_internal_9588 9 114771437 114837767 163 154.197 1.05163 10.5679 8.63933e-19 0.631007 0.00497512 1.1307e-17
ENSG00000203564.2 9 114681204 114681204 - 11 -90233 9_internal_9588 9 114771437 114837767 163 152.606 1.1011 10.2277 4.09461e-13 0.520476 0.00497512 1.87787e-12
ENSG00000266315.1 9 114694380 114694380 + 11 77057 9_internal_9588 9 114771437 114837767 163 151.73 1.13266 11.0724 1.09597e-10 0.491791 0.00497512 4.02273e-10
ENSG00000259953.1 9 114800010 114800010 - 11 0 9_internal_9588 9 114771437 114837767 163 176.355 1.04452 12.5638 0.00011221 0.301223 0.00497512 0.000525032
ENSG00000225513.1 9 114936251 114936251 - 12 134781 9_internal_7954 9 114745657 114801470 163 160.533 1.10345 14.878 0.000908689 0.258901 0.00497512 0.00909631
ENSG00000106868.12 9 114937688 114937688 - 12 0 9_internal_7538 9 114923891 114957831 163 177.135 0.93465 11.1811 1.55111e-08 0.411661 0.00497512 1.28954e-07
ENSG00000242256.2 9 115005119 115005119 - 17 22509 9_internal_8282 9 114942603 114982610 163 161.551 0.875623 15.1559 0.0576551 -0.146904 0.651741 0.655594
ENSG00000199525.1 9 115014538 115014538 + 17 81692 9_internal_7878 9 115096230 115118703 163 166.072 1.01506 16.5475 0.048098 0.155293 0.577114 0.534566
ENSG00000243911.2 9 115035111 115035111 - 17 -617205 9_internal_7235 9 115652316 115953508 163 153.752 0.986672 14.0792 0.000874349 0.251578 0.0348259 0.0182147
ENSG00000230081.1 9 115043692 115043692 - 17 -52538 9_internal_7878 9 115096230 115118703 163 187.116 0.915235 20.9767 0.0631375 0.146592 0.656716 0.667259
ENSG00000119314.11 9 115095947 115095947 - 16 138116 9_internal_7538 9 114923891 114957831 163 180.128 0.915344 16.9101 0.0325993 0.167696 0.422886 0.385987
ENSG00000213529.3 9 115124994 115124994 + 16 -507259 9_internal_8024 9 114601188 114617735 163 170.338 0.881351 16.14 0.0381759 0.154955 0.492537 0.488024
ENSG00000119471.10 9 115142217 115142217 + 16 -900591 9_internal_9783 9 114232004 114241626 163 156.728 0.976966 13.4323 0.0298061 -0.169736 0.373134 0.375169
ENSG00000251540.1 9 115246906 115246906 - 15 629171 9_internal_8024 9 114601188 114617735 163 158.32 0.917241 13.1302 0.0904045 -0.134204 0.776119 0.759626
ENSG00000165185.10 9 115249127 115249127 + 15 0 9_internal_8319 9 115248146 115384260 163 167.807 1.09994 16.9676 0.000481045 0.272476 0.00995025 0.00390017
ENSG00000230185.3 9 115249484 115249484 - 15 0 9_internal_8319 9 115248146 115384260 163 177.215 1.00739 18.5211 0.166367 0.108363 0.935323 0.948881
ENSG00000250068.1 9 115344870 115344870 - 16 387039 9_internal_7538 9 114923891 114957831 163 172.885 0.940848 18.2104 0.000960951 0.251665 0.0298507 0.016152
ENSG00000148153.7 9 115480516 115480516 - 16 687666 9_internal_8747 9 114600622 114792850 163 167.393 0.95935 14.9839 0.0184585 -0.185155 0.248756 0.243154
ENSG00000148158.11 9 115513118 115513118 + 16 139198 9_internal_7235 9 115652316 115953508 163 173.761 0.978765 18.2283 0.000787243 0.26581 0.0149254 0.0106435
ENSG00000119457.6 9 115653193 115653193 - 16 0 9_internal_7235 9 115652316 115953508 163 163.446 0.874147 12.9151 0.00513285 0.215958 0.0995025 0.0937718
ENSG00000136867.6 9 115913222 115913222 + 14 53695 9_internal_8868 9 115966917 116019074 163 158.829 1.1007 12.4242 0.000150261 0.286046 0.00497512 0.00117907
ENSG00000119321.4 9 115983641 115983641 - 12 0 9_internal_8868 9 115966917 116019074 163 163.271 1.09253 13.0506 7.89226e-06 0.332533 0.00497512 4.1602e-05
ENSG00000136868.8 9 115983842 115983842 + 12 0 9_internal_8868 9 115966917 116019074 163 163.541 1.06889 12.0067 2.4393e-06 0.361165 0.00497512 1.33197e-05
ENSG00000136875.7 9 116037623 116037623 + 12 -84115 9_internal_7235 9 115652316 115953508 163 156.505 1.03025 10.5319 0.050899 0.15134 0.442786 0.439276
ENSG00000176386.4 9 116037869 116037869 - 12 18795 9_internal_8868 9 115966917 116019074 163 160.74 1.06754 13.1129 0.0122087 0.19907 0.144279 0.133994
ENSG00000119411.10 9 116111821 116111821 + 14 -191448 9_internal_7701 9 115873909 115920373 163 182.245 0.951261 17.6836 0.0414584 -0.15847 0.477612 0.451582
ENSG00000119431.5 9 116139279 116139279 - 13 0 9_internal_8769 9 115980107 116140025 163 170.848 0.94077 11.0891 0.00697125 0.215494 0.0746269 0.0743732
ENSG00000148218.11 9 116163613 116163613 - 13 -913214 9_internal_6988 9 117076827 117094182 163 177.724 0.966995 13.3859 0.010785 0.194164 0.119403 0.108059
ENSG00000157653.7 9 116172334 116172334 + 13 -788074 9_internal_8319 9 115248146 115384260 163 171.437 1.129 14.7144 0.0167803 0.188033 0.134328 0.145649
ENSG00000148229.8 9 116172952 116172952 - 13 -903875 9_internal_6988 9 117076827 117094182 163 188.994 0.808866 13.6436 0.00242448 0.243304 0.0298507 0.0351864
ENSG00000138835.17 9 116207011 116207011 + 13 119334 9_internal_8579 9 116326345 116356811 163 145.315 1.01366 12.0586 4.12361e-13 0.534799 0.00497512 6.66591e-11
ENSG00000237073.1 9 116352299 116352299 - 14 0 9_internal_8579 9 116326345 116356811 163 162.682 1.04248 13.7986 1.1459e-06 0.367012 0.00497512 9.96756e-06
ENSG00000196739.9 9 116917840 116917840 + 19 469058 9_internal_9215 9 117386898 117405120 163 173.681 0.938973 19.3559 0.0380936 0.150175 0.517413 0.499963
ENSG00000229314.4 9 117085336 117085336 + 13 0 9_internal_6988 9 117076827 117094182 163 145.49 1.12115 10.835 1.25713e-18 0.604987 0.00497512 1.35487e-17
ENSG00000228278.2 9 117092149 117092149 + 13 0 9_internal_6988 9 117076827 117094182 163 177.836 0.979969 14.6636 5.50926e-11 0.48295 0.00497512 1.73736e-10
ENSG00000106948.12 9 117156685 117156685 - 12 799874 9_internal_8579 9 116326345 116356811 163 174.541 0.948399 14.5444 0.0140261 -0.185127 0.169154 0.167009
ENSG00000235119.1 9 117160783 117160783 - 12 69277 9_internal_7449 9 117086106 117091506 163 148.483 1.07078 10.4673 0.0343339 0.164439 0.358209 0.339462
ENSG00000095397.9 9 117267730 117267730 - 12 0 9_internal_7855 9 117242317 117382710 163 180.51 0.868828 12.8882 5.36383e-06 0.352367 0.00497512 9.25544e-05
ENSG00000136888.6 9 117350026 117350026 + 12 0 9_internal_7855 9 117242317 117382710 163 177.438 1.03905 12.9651 0.0528468 0.152842 0.437811 0.41858
ENSG00000157693.10 9 117373486 117373486 + 11 0 9_internal_7855 9 117242317 117382710 163 176.785 1.02803 13.3554 0.00433159 0.218203 0.0348259 0.0351015
ENSG00000201749.1 9 117377848 117377848 - 11 810809 9_internal_6721 9 116544134 116567039 163 144.71 1.01334 9.21738 0.0299386 0.168687 0.323383 0.313082
ENSG00000181634.6 9 117568406 117568406 - 10 0 9_internal_9493 9 117507204 117666727 163 144.631 1.03336 8.69114 0.000243431 0.27946 0.00497512 0.00393634
ENSG00000106952.3 9 117692697 117692697 - 10 25970 9_internal_9493 9 117507204 117666727 163 147.48 1.04413 8.68894 0.00815672 0.206856 0.0995025 0.0875833
ENSG00000041982.10 9 117880536 117880536 - 10 213809 9_internal_9493 9 117507204 117666727 163 139.123 1.13435 8.25829 0.00893871 0.203436 0.0746269 0.088224
ENSG00000136869.13 9 120466610 120466610 + 1 -712815 9_internal_6610 9 119674060 119753795 163 156.76 0.999959 0.990249 0.281614 0.0850511 0.288557 0.28868
ENSG00000201444.1 9 120470380 120470380 - 1 716585 9_internal_6610 9 119674060 119753795 163 126.723 1.00004 1.02608 0.991938 0.000815557 0.99005 0.993754
ENSG00000251847.1 9 120493749 120493749 - 1 739954 9_internal_6610 9 119674060 119753795 163 165.053 1 1.14373 0.826449 0.0173369 0.855721 0.864112
ENSG00000228512.1 9 120545726 120545726 + 1 -791931 9_internal_6610 9 119674060 119753795 163 154.166 1 0.85391 0.86597 -0.0132927 0.810945 0.824434
ENSG00000231901.1 9 120659534 120659534 - 1 905739 9_internal_6610 9 119674060 119753795 163 156.649 1.00002 1.02787 0.195606 0.0985216 0.21393 0.209623
ENSG00000234782.2 9 120845660 120845660 - 0 NA NA NA NA NA NA NA NA NA NA NA NA NA
ENSG00000136861.12 9 123342448 123342448 - 11 -308066 9_internal_8022 9 123650514 123706913 163 183.327 0.993396 12.8909 0.0308335 -0.17138 0.258706 0.252193
ENSG00000106780.7 9 123476748 123476748 - 11 -123543 9_internal_6667 9 123600291 123615163 163 159.737 1.05477 11.7862 0.112389 -0.11896 0.79602 0.748984
ENSG00000238181.1 9 123482951 123482951 + 11 167563 9_internal_8022 9 123650514 123706913 163 172.774 0.914129 11.9915 0.0407978 0.161869 0.393035 0.391251
ENSG00000119402.11 9 123555690 123555690 - 11 92543 9_internal_7074 9 123381772 123463147 163 152.367 0.985538 10.2496 0.000611501 0.270871 0.00995025 0.0101506
ENSG00000214654.5 9 123555829 123555829 + 11 422454 9_internal_10418 9 123978283 124063631 163 199.468 0.792814 11.684 0.0794818 -0.134315 0.527363 0.570489
ENSG00000226752.2 9 123587106 123587106 + 11 13185 9_internal_6667 9 123600291 123615163 163 158.447 1.00274 10.4309 2.66329e-31 0.732189 0.00497512 1.5647e-29
ENSG00000095261.8 9 123605229 123605229 - 11 0 9_internal_6667 9 123600291 123615163 163 150.552 0.987568 8.83586 1.42239e-15 0.571731 0.00497512 2.17523e-13
ENSG00000119403.9 9 123639606 123639606 - 11 24443 9_internal_6667 9 123600291 123615163 163 157.604 1.06701 11.0119 3.62414e-19 0.628256 0.00497512 1.11482e-18
ENSG00000056558.6 9 123691451 123691451 - 12 0 9_internal_8340 9 123663349 123699941 163 168.874 0.939863 11.3214 3.90499e-05 0.327393 0.00497512 0.000531223
ENSG00000106804.6 9 123812554 123812554 - 12 197391 9_internal_6667 9 123600291 123615163 163 151.682 1.03121 10.2376 0.00377071 -0.227698 0.0497512 0.0468967
ENSG00000119397.11 9 123837141 123837141 + 12 -137200 9_internal_8340 9 123663349 123699941 163 145.124 0.981725 9.80333 0.000861809 0.259691 0.0199005 0.0176315
ENSG00000224890.1 9 123838730 123838730 + 12 829079 9_internal_8216 9 124667809 124677596 163 165.117 0.929983 11.14 0.123465 0.118375 0.781095 0.784515
ENSG00000243738.2 9 123965437 123965437 + 12 -258524 9_internal_8022 9 123650514 123706913 163 134.809 1.04642 9.52674 0.0467292 0.145109 0.497512 0.480816
ENSG00000244498.1 9 123970072 123970072 + 12 -506925 9_internal_7074 9 123381772 123463147 163 158.193 0.988386 12.2938 0.0509676 0.14587 0.517413 0.503527
ENSG00000148180.10 9 123970075 123970075 + 12 8208 9_internal_10418 9 123978283 124063631 163 185.428 0.894496 12.5336 0.00117793 0.254714 0.0149254 0.011836
ENSG00000119396.6 9 123985292 123985292 - 12 -126414 9_internal_7346 9 124111706 124152523 163 144.503 1.0633 10.7669 0.0226809 0.183568 0.258706 0.267568
ENSG00000239593.1 9 124045008 124045008 - 12 0 9_internal_10418 9 123978283 124063631 163 150.743 1.12824 12.0004 0.00920481 0.200394 0.104478 0.101703
ENSG00000235865.2 9 124047808 124047808 - 12 0 9_internal_10418 9 123978283 124063631 163 151.077 1.09719 10.9525 0.000479463 0.265773 0.00995025 0.00511595
ENSG00000267987.1 9 124103625 124103625 + 12 117323 9_internal_8505 9 124220948 124273945 163 156.681 1.02541 11.6235 0.0273178 0.172874 0.318408 0.290944
ENSG00000148175.8 9 124132531 124132531 - 13 -88417 9_internal_8505 9 124220948 124273945 163 166.375 1.03826 13.652 0.0358138 0.161995 0.393035 0.358007
ENSG00000204136.6 9 124262306 124262306 - 13 0 9_internal_8505 9 124220948 124273945 163 154.197 1.00247 10.2496 4.62816e-24 0.709254 0.00497512 6.9074e-22
ENSG00000175764.10 9 124855885 124855885 - 8 792254 9_internal_10418 9 123978283 124063631 163 129.938 1.06361 6.19373 0.118975 0.124887 0.641791 0.646387
ENSG00000119421.5 9 124922098 124922098 - 9 763814 9_internal_8169 9 124145177 124158284 163 175.989 0.922776 10.0032 0.120308 0.122119 0.681592 0.705435
ENSG00000266351.1 9 125018212 125018212 + 9 -744267 9_internal_8505 9 124220948 124273945 163 170.227 0.987554 9.0232 0.0287338 0.169443 0.243781 0.212126
ENSG00000148187.12 9 125026882 125026882 + 9 -349286 9_internal_8216 9 124667809 124677596 163 144.663 1.12538 8.46635 0.105481 -0.130372 0.661692 0.637104
ENSG00000119446.8 9 125027118 125027118 - 9 349522 9_internal_8216 9 124667809 124677596 163 156.378 0.972538 8.39051 0.175246 0.106647 0.80597 0.826023
ENSG00000095303.10 9 125132824 125132824 + 9 0 9_internal_7648 9 125116678 125140406 163 149.693 0.993263 7.17582 3.41236e-14 0.535993 0.00497512 3.2204e-12
ENSG00000269738.1 9 125148928 125148928 - 10 8522 9_internal_7648 9 125116678 125140406 163 142.88 1.01409 7.9749 7.01081e-06 0.343162 0.00497512 0.000182973
ENSG00000226783.1 9 125448212 125448212 + 7 242465 9_internal_8355 9 125690677 125717840 163 165.499 1.1175 8.29457 0.389216 0.0683629 0.975124 0.978096
ENSG00000148215.3 9 125551150 125551150 + 8 586558 9_internal_7349 9 126137708 126152862 163 172.296 0.95393 8.33293 0.0654435 -0.146028 0.393035 0.415426
ENSG00000165204.2 9 125562370 125562370 + 9 -884774 9_internal_8216 9 124667809 124677596 163 162.634 1.03149 8.39963 0.033345 -0.165003 0.258706 0.236179
ENSG00000136940.9 9 125590910 125590910 - 9 913314 9_internal_8216 9 124667809 124677596 163 188.055 0.92422 9.73036 0.0295468 0.170791 0.233831 0.202879
ENSG00000056586.10 9 125667562 125667562 - 10 -470146 9_internal_7349 9 126137708 126152862 163 177.772 1.03228 11.9372 0.0638483 0.145023 0.462687 0.46224
ENSG00000186130.4 9 125675609 125675609 - 10 -835577 9_internal_10684 9 126511186 126781435 163 168.492 1.04377 10.0963 0.0328973 -0.170655 0.263682 0.246871
ENSG00000171448.8 9 125693779 125693779 - 9 553373 9_internal_7648 9 125116678 125140406 163 166.693 0.899355 8.60866 0.201283 -0.0993441 0.885572 0.869671
ENSG00000261094.1 9 125699902 125699902 + 9 -559496 9_internal_7648 9 125116678 125140406 163 186.065 0.98508 9.89303 0.271949 -0.0884728 0.925373 0.935836
ENSG00000011454.11 9 125703112 125703112 + 9 0 9_internal_8355 9 125690677 125717840 163 181.417 0.923674 9.81215 0.0483174 0.154929 0.348259 0.346974
ENSG00000222351.1 9 125708373 125708373 - 9 -802813 9_internal_10684 9 126511186 126781435 163 171.309 0.93316 7.98434 0.108271 0.124936 0.562189 0.597272
ENSG00000213216.2 9 125792032 125792032 - 9 -647796 9_internal_7001 9 126439828 126451391 163 157.285 1.12105 9.2613 0.449754 -0.0586391 0.99005 0.995557
ENSG00000188394.6 9 125796806 125796806 + 9 92647 9_internal_9496 9 125889453 125929817 163 144.487 1.04756 8.76638 0.121389 0.118596 0.751244 0.730563
ENSG00000225078.1 9 125825591 125825591 - 9 -838701 9_internal_8645 9 126664292 126675466 163 156.442 1.08769 8.5221 0.0609628 -0.148424 0.39801 0.40311
ENSG00000236901.2 9 125877756 125877756 - 9 159916 9_internal_8355 9 125690677 125717840 163 168.38 0.880909 8.05074 0.0286925 0.1759 0.238806 0.242157
ENSG00000165209.14 9 126030855 126030855 - 12 313015 9_internal_8355 9 125690677 125717840 163 157.461 1.09204 11.5427 0.0511084 0.157296 0.447761 0.438594
ENSG00000148204.7 9 126118449 126118449 + 15 439812 9_internal_9165 9 126558261 126632621 163 133.791 1.09765 10.3341 0.00015633 0.288506 0.00497512 0.00372883
ENSG00000207991.1 9 126164882 126164882 - 14 -499410 9_internal_8645 9 126664292 126675466 163 183.662 1.01461 16.3336 0.048901 0.153249 0.457711 0.448539
ENSG00000237336.1 9 126254163 126254163 + 15 257023 9_internal_10684 9 126511186 126781435 163 148.626 0.985142 12.2214 0.00711454 0.212728 0.139303 0.121984
ENSG00000222722.1 9 126347736 126347736 - 15 -585810 9_internal_10350 9 126933546 126965993 163 174.381 0.951728 16.6914 0.00344257 -0.227781 0.0696517 0.0482257
ENSG00000230826.1 9 126498716 126498716 + 17 614657 9_internal_7358 9 127113373 127164030 163 139.537 1.00559 13.0747 0.017222 0.175799 0.338308 0.303677
ENSG00000229115.1 9 126521499 126521499 + 17 36762 9_internal_9165 9 126558261 126632621 163 168.014 0.957118 16.0361 0.165602 0.10677 0.945274 0.942699
ENSG00000234881.1 9 126605315 126605315 + 17 -153924 9_internal_7001 9 126439828 126451391 163 155.964 1.08567 15.975 0.0190667 0.177285 0.253731 0.260435
ENSG00000119522.11 9 126692431 126692431 - 17 59810 9_internal_9165 9 126558261 126632621 163 161.52 0.941018 15.1476 1.52989e-05 0.319594 0.00497512 0.000422104
ENSG00000119408.12 9 127019885 127019885 + 17 -53892 9_internal_10350 9 126933546 126965993 163 167.123 1.09613 20.2104 7.96498e-05 0.284922 0.00497512 0.000661908
ENSG00000235204.1 9 127023435 127023435 - 17 5973 9_internal_8667 9 126958339 127017462 163 156.06 1.04569 14.9542 0.000108542 0.291403 0.00497512 0.00169278
ENSG00000227200.1 9 127025155 127025155 + 17 -7693 9_internal_8667 9 126958339 127017462 163 166.502 0.908295 13.8217 0.00351886 0.213461 0.0547264 0.0593685
ENSG00000234236.1 9 127103208 127103208 + 16 -85746 9_internal_8667 9 126958339 127017462 163 162.857 0.976371 16.6925 6.30646e-05 0.294633 0.00497512 0.0012577
ENSG00000264237.1 9 127112810 127112810 - 16 95348 9_internal_8667 9 126958339 127017462 163 173.856 0.951693 17.8819 0.00689607 0.217039 0.124378 0.102885
ENSG00000136930.8 9 127177723 127177723 - 15 91141 9_internal_7316 9 127019725 127086582 163 149.024 1.02612 11.4609 0.000577313 0.260813 0.00497512 0.0100356
ENSG00000136931.5 9 127269709 127269709 - 15 637088 9_internal_9165 9 126558261 126632621 163 155.264 0.981261 13.3918 0.0203674 0.185457 0.278607 0.282077
ENSG00000231149.1 9 127277217 127277217 + 15 416681 9_internal_8211 9 127693898 127733273 163 149.836 1.04096 13.2327 0.0572428 -0.142044 0.59204 0.590449
ENSG00000231744.1 9 127361859 127361859 - 16 -545770 9_internal_6931 9 127907629 127964912 163 191.127 0.964913 21.6934 0.026317 0.162831 0.343284 0.313523
ENSG00000241246.2 9 127369438 127369438 + 16 538191 9_internal_6931 9 127907629 127964912 163 137.85 1.08874 12.0138 0.0287931 0.174751 0.383085 0.37969
ENSG00000224020.1 9 127420746 127420746 + 17 -745280 9_internal_8645 9 126664292 126675466 163 174.938 0.887894 16.4665 0.0115235 0.190218 0.174129 0.176746
ENSG00000229850.1 9 127432491 127432491 - 17 415029 9_internal_8667 9 126958339 127017462 163 165.881 1.01654 19.3448 0.00181538 0.240236 0.0298507 0.0295499
ENSG00000207595.1 9 127454721 127454721 + 16 -437259 9_internal_8667 9 126958339 127017462 163 175.607 0.898795 13.5411 0.0190032 0.18112 0.218905 0.22541
ENSG00000207737.1 9 127455989 127455989 + 16 -369407 9_internal_7316 9 127019725 127086582 163 180.971 1.01234 18.4539 0.237123 0.0920076 0.99005 0.987594
ENSG00000236643.1 9 127532402 127532402 + 18 857336 9_internal_7078 9 128389738 128416173 163 140.046 1.08394 13.0755 0.128045 0.118578 0.890547 0.880394
ENSG00000148200.11 9 127533589 127533589 - 18 82329 9_internal_9882 9 127419721 127451260 163 182.961 0.943767 18.3105 0.00164264 0.237259 0.0298507 0.0199493
ENSG00000136918.3 9 127615755 127615755 + 18 291874 9_internal_6931 9 127907629 127964912 163 155.805 1.06263 16.7533 0.237313 -0.0926957 0.9801 0.990352
ENSG00000136942.9 9 127624260 127624260 - 18 503631 9_internal_8235 9 127107336 127120629 163 202.063 0.795835 22.0807 0.0246853 -0.176279 0.313433 0.340317
ENSG00000136950.9 9 127624409 127624409 + 18 69489 9_internal_8211 9 127693898 127733273 163 200.073 0.879299 25.7499 0.128678 0.118695 0.955224 0.933769
ENSG00000136935.8 9 127710292 127710292 - 16 -747248 9_internal_9720 9 128457540 128536843 163 161.36 0.980743 15.7966 0.0269063 -0.179693 0.353234 0.367461
ENSG00000230396.1 9 127886583 127886583 - 15 -570957 9_internal_9720 9 128457540 128536843 163 155.025 1.14057 14.8918 0.148284 -0.108147 0.915423 0.903909
ENSG00000173611.11 9 127905785 127905785 - 15 818799 9_internal_7417 9 127066814 127086986 163 169.033 0.92829 14.829 0.0513649 -0.152512 0.562189 0.546198
ENSG00000232630.1 9 127912932 127912932 + 15 0 9_internal_6931 9 127907629 127964912 163 163.637 0.880312 14.1061 0.0589168 0.145171 0.621891 0.626751
ENSG00000119414.7 9 127952218 127952218 - 15 0 9_internal_6931 9 127907629 127964912 163 167.537 0.937387 15.2431 2.12971e-11 0.451308 0.00497512 7.16808e-10
ENSG00000136933.12 9 127962821 127962821 + 15 0 9_internal_6931 9 127907629 127964912 163 170.497 0.98128 16.593 4.34228e-18 0.584681 0.00497512 2.59892e-17
ENSG00000044574.7 9 128003609 128003609 - 14 882980 9_internal_8235 9 127107336 127120629 163 161.44 1.13053 14.7393 0.00804363 -0.205768 0.0995025 0.0833886
ENSG00000239705.1 9 128003942 128003942 + 14 -986480 9_internal_8667 9 126958339 127017462 163 160.835 1.03798 14.7012 0.000473806 -0.261208 0.00497512 0.0061974
ENSG00000165219.15 9 128024073 128024073 + 13 -290800 9_internal_8211 9 127693898 127733273 163 192.48 0.89417 15.1955 0.0162168 -0.185723 0.174129 0.164796
ENSG00000214593.3 9 128026369 128026369 - 13 939383 9_internal_7417 9 127066814 127086986 163 148.324 0.958302 9.24501 0.0323949 0.159592 0.323383 0.342398
ENSG00000236465.1 9 128035814 128035814 + 13 -584554 9_internal_9882 9 127419721 127451260 163 150.059 0.928418 11.3617 0.0432272 -0.158888 0.492537 0.492685
ENSG00000227452.1 9 128047877 128047877 + 13 -314604 9_internal_8211 9 127693898 127733273 163 140.11 1.17426 11.2265 0.136011 -0.116539 0.850746 0.834774
ENSG00000200554.1 9 128066305 128066305 - 13 -444230 9_internal_7891 9 128510535 128667997 163 178.074 1.00447 14.8195 0.204083 -0.0992326 0.945274 0.950748
ENSG00000227845.1 9 128134971 128134971 - 12 401698 9_internal_8211 9 127693898 127733273 163 151.348 0.949838 10.5604 0.138453 -0.112731 0.840796 0.840272
ENSG00000243845.2 9 128275486 128275486 - 13 -816651 9_internal_7442 9 129092137 129146653 163 171.182 1.01852 12.7908 0.0208734 -0.182269 0.20398 0.199073
ENSG00000227068.1 9 128329858 128329858 + 15 180677 9_internal_7891 9 128510535 128667997 163 147.4 1.04492 11.9819 0.0153155 0.17973 0.208955 0.20807
ENSG00000214761.3 9 128357948 128357948 + 15 -624675 9_internal_8211 9 127693898 127733273 163 173.426 1.07156 19.4138 0.0142767 -0.18478 0.20398 0.174456
ENSG00000119487.12 9 128469513 128469513 - 14 -622624 9_internal_7442 9 129092137 129146653 163 155.328 1.03043 10.5803 0.128813 -0.119361 0.771144 0.783903
ENSG00000167081.10 9 128509624 128509624 + 14 695057 9_internal_7347 9 129204681 129217026 163 148.737 1.05804 12.4467 0.0913533 -0.13138 0.731343 0.73593
ENSG00000196814.10 9 129089128 129089128 + 12 73563 9_internal_7342 9 129162691 129239164 163 152.017 0.990484 9.9357 1.25034e-06 0.371494 0.00497512 3.14754e-05
ENSG00000169155.5 9 129567285 129567285 + 10 -899288 9_internal_7891 9 128510535 128667997 163 153.815 1.0334 9.21619 0.115925 -0.12312 0.706468 0.701303
ENSG00000177125.5 9 129622944 129622944 + 12 -405918 9_internal_7347 9 129204681 129217026 163 127.36 1.18318 9.27342 0.0349965 0.167544 0.393035 0.368834
ENSG00000136828.13 9 129677053 129677053 + 12 981749 9_internal_7402 9 130658802 130684765 163 151.014 1.13284 12.358 0.158399 -0.109316 0.880597 0.885059
ENSG00000136859.5 9 129885162 129885162 - 13 -822872 9_internal_6877 9 130708034 130747888 163 146.796 1.01373 10.1269 0.240296 0.0887483 0.935323 0.954767
ENSG00000228487.1 9 129984186 129984186 - 14 -674616 9_internal_7402 9 130658802 130684765 163 163.064 0.980932 12.2299 0.00252612 -0.240285 0.0298507 0.0327252
ENSG00000136895.12 9 129986544 129986544 + 14 721490 9_internal_6877 9 130708034 130747888 163 168.142 0.982356 14.0073 0.021086 0.178598 0.273632 0.24473
ENSG00000136856.12 9 130159421 130159421 + 13 -922781 9_internal_7328 9 129178950 129236640 163 164.974 0.958227 13.1457 0.0276461 -0.177541 0.323383 0.318966
ENSG00000196152.6 9 130186661 130186661 + 13 407630 9_internal_10667 9 130594291 130621831 163 157.429 0.970319 12.8618 0.1368 -0.118395 0.880597 0.870281
ENSG00000201302.1 9 130210909 130210909 - 13 -383382 9_internal_10667 9 130594291 130621831 163 152.574 0.973922 11.9932 0.0693158 -0.140916 0.641791 0.637766
ENSG00000197958.8 9 130213684 130213684 - 13 -380607 9_internal_10667 9 130594291 130621831 163 145.442 1.08818 13.2024 0.00691235 -0.197659 0.129353 0.107596
ENSG00000148356.8 9 130213765 130213765 + 13 -127441 9_internal_8327 9 130038642 130086324 163 150.425 0.971901 11.4045 0.0998348 0.128008 0.78607 0.757625
ENSG00000200788.1 9 130233154 130233154 + 12 -996514 9_internal_7328 9 129178950 129236640 163 156.744 1.02678 12.1667 0.0114584 -0.201137 0.134328 0.140182
ENSG00000160401.9 9 130469268 130469268 + 8 -382944 9_internal_8327 9 130038642 130086324 163 184.33 0.89828 9.07689 0.0146711 0.191201 0.104478 0.109892
ENSG00000167094.11 9 130478345 130478345 + 8 793331 9_internal_7570 9 131271676 131322136 163 172.519 0.933687 7.43818 0.0984585 0.128739 0.532338 0.531661
