ENSG00000181031.11 17 236045 236045 - 14 0 17_internal_11648 17 28429 246041 163 161.918 1.04547 13.1791 5.07866e-14 0.553134 0.00497512 2.24597e-13
ENSG00000187624.7 17 260118 260118 + 14 0 17_internal_13176 17 258468 604360 163 162.427 1.00184 12.7924 1.59588e-05 0.334867 0.00497512 0.000207872
ENSG00000241525.3 17 263814 263814 - 14 0 17_internal_13176 17 258468 604360 163 176.801 0.830865 12.3256 0.000283526 0.283304 0.0149254 0.00586164
ENSG00000183688.4 17 295730 295730 - 14 0 17_internal_12963 17 288185 478519 163 175.289 0.963996 14.3816 0.0022903 0.231209 0.0199005 0.025836
ENSG00000263015.1 17 406411 406411 + 15 39824 17_internal_12113 17 446235 454105 163 170.672 0.940533 15.8578 0.0118097 0.188198 0.199005 0.168161
ENSG00000263300.1 17 426380 426380 + 15 551658 17_internal_9153 17 978038 1016044 163 157.954 1.10599 16.2038 0.0640318 0.146953 0.636816 0.641073
ENSG00000262905.1 17 455806 455806 + 15 -1701 17_internal_12113 17 446235 454105 163 157.317 0.968248 13.8597 9.50452e-05 0.287798 0.00497512 0.0021613
ENSG00000262708.1 17 519242 519242 + 19 567191 17_internal_11564 17 1086433 1135766 163 163.939 0.927691 18.1422 0.0204156 -0.179234 0.353234 0.342214
ENSG00000244097.1 17 560787 560787 - 19 0 17_internal_13176 17 258468 604360 163 152.383 0.997618 17.1539 0.0731515 -0.134722 0.751244 0.775431
ENSG00000141252.15 17 624957 624957 - 19 170852 17_internal_12113 17 446235 454105 163 180.733 1.05526 26.7349 0.000194313 0.275275 0.00497512 0.00162298
ENSG00000167695.9 17 635652 635652 + 19 6930 17_internal_8959 17 642582 656521 163 175.432 0.832604 15.8392 0.00115985 0.250843 0.0497512 0.0262867
ENSG00000179409.6 17 657239 657239 - 20 718 17_internal_8959 17 642582 656521 163 177.167 1.00749 21.6892 0.000130428 0.294303 0.00497512 0.00136571
ENSG00000171861.6 17 685513 685513 + 20 114150 17_internal_8183 17 799663 810485 163 160.74 1.02501 19.3053 0.00652554 0.212643 0.124378 0.117841
ENSG00000167699.9 17 685581 685581 - 20 439540 17_internal_11648 17 28429 246041 163 157.11 0.937618 17.619 0.0362204 0.164024 0.542289 0.540649
ENSG00000167693.12 17 883010 883010 - 20 72525 17_internal_8183 17 799663 810485 163 145.904 1.03386 15.6439 0.000184734 0.28003 0.00497512 0.00524851
ENSG00000177370.3 17 900357 900357 + 20 -243836 17_internal_8959 17 642582 656521 163 169.208 0.98207 20.4473 0.112211 -0.125545 0.915423 0.900912
ENSG00000159842.9 17 1132315 1132315 - 24 0 17_internal_11564 17 1086433 1135766 163 183.948 0.900295 26.4798 0.0122578 0.184145 0.253731 0.228353
ENSG00000108953.12 17 1303672 1303672 - 23 365120 17_internal_11178 17 935252 938552 163 158.527 1.06468 23.2333 0.00775897 -0.199599 0.149254 0.159892
ENSG00000262777.1 17 1327767 1327767 + 24 -849248 17_internal_12963 17 288185 478519 163 162.188 0.972568 20.612 0.0234206 0.174042 0.412935 0.404321
ENSG00000167193.7 17 1366456 1366456 - 25 427904 17_internal_11178 17 935252 938552 163 155.614 1.03662 22.8756 0.00105554 -0.248434 0.039801 0.0268692
ENSG00000197879.9 17 1396106 1396106 - 25 326280 17_internal_9389 17 1025794 1069826 163 178.647 1.01107 30.1771 0.0845918 0.131541 0.890547 0.889479
ENSG00000132376.14 17 1420182 1420182 - 25 609697 17_internal_8183 17 799663 810485 163 193.356 0.815101 28.1297 0.0141256 0.193265 0.218905 0.274354
ENSG00000236618.2 17 1420225 1420225 + 25 36314 17_internal_12502 17 1456539 1470712 163 154.245 1.11481 24.007 0.0131173 0.190472 0.318408 0.26813
ENSG00000174238.10 17 1466110 1466110 - 24 0 17_internal_12502 17 1456539 1470712 163 171.039 0.95978 23.5465 2.08324e-06 0.359921 0.00497512 4.25908e-05
ENSG00000243704.2 17 1507966 1507966 - 23 374297 17_internal_8106 17 1108999 1133669 163 143.835 0.972837 18.6348 0.0458435 -0.156452 0.691542 0.699366
ENSG00000238946.1 17 1519589 1519589 - 23 863068 17_internal_8959 17 642582 656521 163 155.391 0.997092 19.8776 0.0166751 -0.193717 0.313433 0.324385
ENSG00000167703.9 17 1532180 1532180 - 23 593628 17_internal_11178 17 935252 938552 163 170.641 0.889977 21.9122 0.0282316 -0.171414 0.447761 0.478149
ENSG00000074660.11 17 1549041 1549041 - 23 892520 17_internal_8959 17 642582 656521 163 176.148 0.885174 19.9764 0.00672158 -0.204274 0.139303 0.126171
ENSG00000167705.7 17 1553371 1553371 - 23 896850 17_internal_8959 17 642582 656521 163 173.012 0.894024 21.8593 0.0130669 -0.186927 0.273632 0.252911
ENSG00000174231.12 17 1588176 1588176 - 23 572132 17_internal_9153 17 978038 1016044 163 173.331 0.945457 23.9415 0.0164687 0.186563 0.278607 0.30092
ENSG00000185561.8 17 1613732 1613732 - 21 510723 17_internal_8127 17 1091978 1103009 163 158.241 0.918501 16.1985 0.029914 0.167366 0.452736 0.45412
ENSG00000199060.1 17 1617285 1617285 - 21 -408481 17_internal_7890 17 2025766 2042613 163 143.007 1.04436 16.5363 0.00658838 -0.207532 0.124378 0.151247
ENSG00000167716.14 17 1619817 1619817 + 21 -65733 17_internal_9834 17 1475410 1554084 163 145.06 1.1785 19.3336 0.0252205 0.173478 0.457711 0.414702
ENSG00000186594.6 17 1620468 1620468 - 21 66384 17_internal_9834 17 1475410 1554084 163 158.559 1.04135 21.6084 0.0242048 0.1755 0.38806 0.417149
ENSG00000262791.1 17 1641879 1641879 - 22 171167 17_internal_12502 17 1456539 1470712 163 179.109 0.974821 22.9427 0.0370766 -0.155383 0.517413 0.501005
ENSG00000132386.5 17 1665253 1665253 + 21 -531584 17_internal_8106 17 1108999 1133669 163 175.925 0.99265 23.716 0.0262086 0.171039 0.373134 0.397554
ENSG00000132383.7 17 1732996 1732996 + 22 240839 17_internal_8431 17 1973835 1980512 163 184.712 0.976217 27.881 0.0935402 0.130843 0.895522 0.887901
ENSG00000186532.7 17 1733928 1733928 - 22 -239907 17_internal_8431 17 1973835 1980512 163 199.166 0.900617 29.9056 0.00544857 0.213907 0.0995025 0.0840722
ENSG00000108963.11 17 1933404 1933404 + 23 28389 17_internal_7914 17 1961793 1994109 163 163.716 0.951347 23.1031 0.00105575 0.251518 0.0248756 0.0287408
ENSG00000214014.3 17 1945277 1945277 + 22 16516 17_internal_7914 17 1961793 1994109 163 156.41 1.05421 20.6712 0.00144252 0.243751 0.039801 0.0299579
ENSG00000262664.1 17 1945327 1945327 + 22 16466 17_internal_7914 17 1961793 1994109 163 149.74 1.08927 20.5921 0.00146933 0.243319 0.0348259 0.0339669
ENSG00000262533.1 17 1946719 1946719 - 22 -15074 17_internal_7914 17 1961793 1994109 163 184.139 1.10874 33.8958 0.00110746 0.249043 0.0149254 0.0108597
ENSG00000263050.1 17 1948262 1948262 - 22 -13531 17_internal_7914 17 1961793 1994109 163 181.513 0.875759 22.569 0.0328145 0.167764 0.462687 0.488632
ENSG00000177374.7 17 1957448 1957448 + 22 4345 17_internal_7914 17 1961793 1994109 163 190.809 0.996253 31.6657 1.2505e-07 0.398494 0.00497512 3.56445e-07
ENSG00000262810.1 17 1992975 1992975 + 23 839480 17_internal_9310 17 2832455 2853551 163 172.503 0.983018 24.5208 0.0483846 0.154457 0.651741 0.660183
ENSG00000262402.1 17 2031198 2031198 - 21 50686 17_internal_8431 17 1973835 1980512 163 159.785 0.979867 21.0942 0.0993 0.129757 0.895522 0.901738
ENSG00000236838.2 17 2116991 2116991 + 19 -441454 17_internal_9049 17 1655118 1675537 163 143.5 1.02722 13.2534 0.0502042 -0.15588 0.597015 0.584793
ENSG00000236457.1 17 2119309 2119309 - 19 648597 17_internal_12502 17 1456539 1470712 163 152.717 0.924084 14.0906 0.0331469 0.164383 0.41791 0.46843
ENSG00000225084.1 17 2135974 2135974 + 17 490980 17_internal_9137 17 2626954 2660038 163 158.686 1.06687 16.2787 0.202198 -0.0993952 0.960199 0.974543
ENSG00000167720.7 17 2206677 2206677 + 17 762369 17_internal_8601 17 2969046 3186475 163 149.915 1.1057 16.7835 0.00928333 0.208026 0.164179 0.154916
ENSG00000070366.8 17 2207065 2207065 - 17 212956 17_internal_7914 17 1961793 1994109 163 165.977 0.990634 16.455 0.00131548 0.245084 0.0248756 0.0201629
ENSG00000141258.7 17 2240792 2240792 + 17 -260280 17_internal_8431 17 1973835 1980512 163 177.788 0.913778 19.4057 0.0713792 -0.13924 0.726368 0.729461
ENSG00000167721.5 17 2240801 2240801 - 17 -728245 17_internal_8601 17 2969046 3186475 163 159.084 1.00681 16.1227 0.128455 0.123208 0.890547 0.898982
ENSG00000263345.1 17 2282600 2282600 - 17 607063 17_internal_9049 17 1655118 1675537 163 125.067 1.12691 10.8468 0.0232908 -0.175237 0.348259 0.349343
ENSG00000262456.1 17 2288141 2288141 + 17 -323140 17_internal_8793 17 1925874 1965001 163 162.268 0.990307 15.8561 0.0247505 0.181463 0.363184 0.336041
ENSG00000261903.1 17 2295372 2295372 - 17 -57532 17_internal_10711 17 2352904 2391591 163 189.551 0.898188 18.499 0.0579322 0.148561 0.572139 0.585665
ENSG00000070444.8 17 2304412 2304412 - 17 339411 17_internal_8793 17 1925874 1965001 163 161.902 1.03493 14.6092 0.0300586 0.175995 0.348259 0.348804
ENSG00000205821.3 17 2319379 2319379 - 17 848667 17_internal_12502 17 1456539 1470712 163 141.081 0.96484 12.2596 0.000772633 -0.259776 0.0298507 0.0248212
ENSG00000127804.7 17 2415185 2415185 - 16 94917 17_internal_8559 17 2305057 2320268 163 166.056 1.01307 14.6578 0.154596 -0.11055 0.905473 0.906856
ENSG00000007168.6 17 2496504 2496504 + 15 472542 17_internal_8601 17 2969046 3186475 163 141.893 1.00081 12.3068 0.164588 -0.109594 0.935323 0.93044
ENSG00000262480.2 17 2517238 2517238 - 14 474625 17_internal_7890 17 2025766 2042613 163 155.28 1.00691 13.0816 0.0654164 -0.142241 0.631841 0.621682
ENSG00000239024.1 17 2558973 2558973 + 12 -593972 17_internal_8793 17 1925874 1965001 163 157.652 1.04565 11.1889 0.156607 0.109395 0.855721 0.854834
ENSG00000239884.2 17 2584242 2584242 + 13 42712 17_internal_9137 17 2626954 2660038 163 157.461 1.24588 14.3314 0.0051281 0.218027 0.0447761 0.0397974
ENSG00000132361.10 17 2615957 2615957 - 13 -216498 17_internal_9310 17 2832455 2853551 163 151.253 1.06032 12.2822 0.0680444 -0.146343 0.597015 0.610279
ENSG00000132359.9 17 2680350 2680350 + 14 -637737 17_internal_7890 17 2025766 2042613 163 183.662 0.945066 15.9729 0.299107 0.0835222 1 0.994242
ENSG00000262884.1 17 2869189 2869189 - 17 875080 17_internal_7914 17 1961793 1994109 163 173.936 0.956531 18.7813 0.0392332 0.166804 0.472637 0.490467
ENSG00000196689.6 17 3500392 3500392 - 14 840354 17_internal_9137 17 2626954 2660038 163 160.151 1.03975 13.8743 0.0795282 0.132206 0.641791 0.680876
ENSG00000262304.1 17 3539543 3539543 - 14 -127113 17_internal_9465 17 3666656 3675715 163 177.263 1.00917 14.7533 0.0283454 -0.164287 0.283582 0.278047
ENSG00000197417.7 17 3539616 3539616 - 14 -127040 17_internal_9465 17 3666656 3675715 163 177.979 0.95726 14.8242 0.0470254 -0.154198 0.442786 0.45716
ENSG00000040531.10 17 3539762 3539762 + 14 -686211 17_internal_9310 17 2832455 2853551 163 151.475 1.03898 13.5231 0.0109458 -0.192795 0.169154 0.161921
ENSG00000262903.1 17 3561386 3561386 - 15 -174894 17_internal_11199 17 3736280 3752188 163 178.297 0.844426 13.1933 0.0223165 -0.170572 0.283582 0.269844
ENSG00000240898.1 17 3568514 3568514 + 15 408577 17_internal_8444 17 3977091 3988046 163 142.116 1.03286 11.0847 0.0673956 -0.142463 0.621891 0.625134
ENSG00000213977.3 17 3571976 3571976 - 15 385501 17_internal_8601 17 2969046 3186475 163 169.224 0.99632 14.2977 0.041697 0.15917 0.447761 0.426822
ENSG00000127774.6 17 3572109 3572109 + 15 977610 17_internal_8808 17 4549719 4644316 163 164.799 0.970652 14.9857 0.229506 -0.0949761 0.9801 0.980104
ENSG00000257950.3 17 3599488 3599488 - 15 413013 17_internal_8601 17 2969046 3186475 163 170.195 0.889676 14.473 0.0213282 0.177829 0.298507 0.288715
ENSG00000083454.17 17 3599698 3599698 - 15 413223 17_internal_8601 17 2969046 3186475 163 154.166 0.948047 12.9504 0.00120508 0.240696 0.039801 0.0262182
ENSG00000262692.1 17 3624922 3624922 + 15 -815139 17_internal_8970 17 2747532 2809783 163 161.599 0.963295 13.609 0.0512629 0.153162 0.562189 0.5357
ENSG00000177602.4 17 3627211 3627211 + 15 13425 17_internal_11905 17 3640636 3669473 163 150.982 1.04488 12.3459 0.0124997 0.194417 0.179104 0.166904
ENSG00000083457.7 17 3704537 3704537 - 16 35064 17_internal_11905 17 3640636 3669473 163 144.901 1.09102 13.8838 0.0035672 0.22358 0.0845771 0.061616
ENSG00000262194.1 17 3706676 3706676 - 16 -943919 17_internal_8768 17 4650595 4694498 163 158.384 0.966785 13.6767 0.000316454 -0.280573 0.0149254 0.00633715
ENSG00000262758.1 17 3712148 3712148 - 17 42675 17_internal_11905 17 3640636 3669473 163 160.66 0.934948 15.1331 0.00053681 0.2693 0.0199005 0.0123615
ENSG00000074356.11 17 3749545 3749545 - 17 80072 17_internal_11905 17 3640636 3669473 163 164.353 1.07702 17.6873 0.00122637 0.242643 0.0298507 0.0147157
ENSG00000004660.10 17 3798185 3798185 - 19 0 17_internal_10263 17 3787991 3869319 163 168.046 0.933236 17.5006 0.000355948 0.279337 0.0149254 0.00734241
ENSG00000108405.3 17 3819794 3819794 - 19 -6132 17_internal_8705 17 3825926 3855387 163 189.583 0.919199 22.5723 9.83604e-05 0.294119 0.00497512 0.00112536
ENSG00000074370.13 17 3867736 3867736 - 18 115548 17_internal_11199 17 3736280 3752188 163 159.546 1.05484 17.7516 0.000971175 -0.243032 0.0149254 0.015247
ENSG00000252456.1 17 3960170 3960170 - 23 773695 17_internal_8601 17 2969046 3186475 163 151.635 0.97414 17.8461 0.0628114 -0.14663 0.756219 0.74918
ENSG00000238807.1 17 4017902 4017902 + 23 783811 17_internal_10677 17 4801713 4813439 163 165.563 1.13191 30.8338 0.0230484 0.173522 0.437811 0.435217
ENSG00000074755.9 17 4046314 4046314 - 23 370599 17_internal_9465 17 3666656 3675715 163 166.184 1.0401 23.3739 0.0194522 -0.183084 0.348259 0.331884
ENSG00000167740.4 17 4046462 4046462 + 23 -370747 17_internal_9465 17 3666656 3675715 163 153.815 1.04968 19.3495 0.000135159 -0.289858 0.00497512 0.00301289
ENSG00000263165.1 17 4067204 4067204 + 24 685189 17_internal_8424 17 4752393 4762649 163 166.804 1.04265 28.029 0.0289477 -0.170465 0.537313 0.517653
ENSG00000251812.1 17 4089621 4089621 + 24 712092 17_internal_10677 17 4801713 4813439 163 174.413 0.995568 25.7105 0.0290759 0.169982 0.447761 0.466069
ENSG00000207390.1 17 4096063 4096063 + 24 823265 17_internal_7976 17 4919328 4924188 163 156.187 0.969791 20.622 0.0660432 0.141614 0.800995 0.79486
ENSG00000263219.1 17 4125386 4125386 + 24 676327 17_internal_10677 17 4801713 4813439 163 182.691 0.864167 25.2027 0.000894844 0.262869 0.0298507 0.0212018
ENSG00000185722.10 17 4167274 4167274 - 24 -777798 17_internal_9732 17 4945072 4949600 163 163.462 0.935194 22.9171 0.0760446 -0.137467 0.860697 0.851024
ENSG00000261868.1 17 4204667 4204667 + 23 -575339 17_internal_11946 17 3582021 3629328 163 170.975 0.925281 24.9033 0.00376183 0.233955 0.0995025 0.0901618
ENSG00000263882.1 17 4267748 4267748 - 23 -420557 17_internal_9271 17 4688305 4712204 163 158.161 0.962408 18.5687 0.00555861 0.218466 0.134328 0.122111
ENSG00000132388.8 17 4269923 4269923 - 23 640595 17_internal_11946 17 3582021 3629328 163 139.903 1.03199 16.5243 0.0224634 0.180947 0.442786 0.425079
ENSG00000182557.3 17 4336983 4336983 + 23 45983 17_internal_7889 17 4382966 4397166 163 151.491 1.11906 20.4655 0.061443 0.145027 0.736318 0.743184
ENSG00000183018.3 17 4402133 4402133 + 23 -4967 17_internal_7889 17 4382966 4397166 163 178.027 1.03489 25.9206 0.000668515 0.265259 0.0149254 0.00814645
ENSG00000132382.10 17 4458926 4458926 - 24 61760 17_internal_7889 17 4382966 4397166 163 175.002 0.924641 25.0519 0.0018757 0.247482 0.039801 0.0419242
ENSG00000161905.7 17 4545589 4545589 - 24 -4130 17_internal_8808 17 4549719 4644316 163 172.201 1.022 32.1978 0.0587435 -0.145271 0.810945 0.815081
ENSG00000141456.9 17 4607632 4607632 - 24 -194081 17_internal_10677 17 4801713 4813439 163 184.394 0.994099 32.5572 0.0153672 -0.194534 0.293532 0.280095
ENSG00000141480.12 17 4613784 4613784 + 24 0 17_internal_8808 17 4549719 4644316 163 154.086 1.07159 22.6957 6.82966e-05 0.311155 0.00497512 0.00154797
ENSG00000161920.5 17 4634723 4634723 + 23 15872 17_internal_8768 17 4650595 4694498 163 160.771 0.925291 20.43 6.72319e-07 0.361892 0.00497512 3.83622e-05
ENSG00000261898.1 17 4635666 4635666 - 23 -14929 17_internal_8768 17 4650595 4694498 163 153.513 0.953237 18.7098 4.0988e-06 0.330045 0.00497512 0.000225304
ENSG00000161921.10 17 4643217 4643217 - 23 -7378 17_internal_8768 17 4650595 4694498 163 168.921 0.970664 23.1458 9.4189e-06 0.335366 0.00497512 0.000196423
ENSG00000141497.9 17 4643319 4643319 + 23 7276 17_internal_8768 17 4650595 4694498 163 180.51 0.988454 24.8275 4.62129e-07 0.384441 0.00497512 3.23883e-06
ENSG00000182327.7 17 4692254 4692254 + 21 0 17_internal_8768 17 4650595 4694498 163 169.845 0.989013 19.3339 7.03801e-06 0.345624 0.00497512 9.7137e-05
ENSG00000142507.5 17 4699439 4699439 + 21 -4941 17_internal_8768 17 4650595 4694498 163 183.073 0.935421 23.5556 0.00108463 0.247206 0.0199005 0.0169779
ENSG00000129219.8 17 4710391 4710391 + 21 -15893 17_internal_8768 17 4650595 4694498 163 163.7 1.02125 20.8035 1.31787e-05 0.340181 0.00497512 0.000218536
ENSG00000141503.11 17 4736683 4736683 + 21 -42185 17_internal_8768 17 4650595 4694498 163 173.999 0.854313 18.7882 0.000411262 0.277066 0.0248756 0.0112088
ENSG00000230201.4 17 4760669 4760669 - 20 -114579 17_internal_8247 17 4875248 4886748 163 152.383 1.05635 17.76 0.00628079 -0.213299 0.134328 0.119634
ENSG00000205710.3 17 4802713 4802713 + 20 0 17_internal_10677 17 4801713 4813439 163 167.011 0.918686 18.6254 1.39844e-15 0.58874 0.00497512 1.63964e-13
ENSG00000108556.7 17 4806369 4806369 - 20 0 17_internal_10677 17 4801713 4813439 163 165.149 1.05153 22.2089 1.40543e-14 0.570709 0.00497512 4.5595e-14
ENSG00000185245.6 17 4835592 4835592 + 20 39656 17_internal_8247 17 4875248 4886748 163 157.285 1.04197 18.2589 0.1123 -0.124928 0.905473 0.893598
ENSG00000108523.11 17 4843303 4843303 + 20 -59439 17_internal_8584 17 4772431 4783864 163 161.042 1.0825 18.4657 0.0408483 0.167315 0.537313 0.51046
ENSG00000108528.9 17 4843546 4843546 - 20 57692 17_internal_9040 17 4735906 4785854 163 152.797 0.987059 15.1719 0.0325317 0.164099 0.452736 0.454945
ENSG00000108515.12 17 4851387 4851387 + 20 -37948 17_internal_10677 17 4801713 4813439 163 179.682 0.967085 20.1897 0.0134941 0.1957 0.189055 0.187439
ENSG00000108518.7 17 4852356 4852356 - 20 455190 17_internal_7889 17 4382966 4397166 163 143.421 1.03053 15.188 0.138631 0.117404 0.925373 0.931645
ENSG00000091640.3 17 4871167 4871167 - 18 0 17_internal_8288 17 4709843 4892806 163 145.649 0.998456 14.856 0.0146788 0.190862 0.318408 0.272173
ENSG00000262429.1 17 4871290 4871290 + 18 -57851 17_internal_10677 17 4801713 4813439 163 164.544 0.981635 17.9468 0.000564375 0.277039 0.00995025 0.0104113
ENSG00000234203.1 17 4876146 4876146 + 18 -62707 17_internal_10677 17 4801713 4813439 163 188.835 0.839951 19.3918 0.00570272 0.217773 0.129353 0.0925011
ENSG00000262678.1 17 4889761 4889761 + 18 -76322 17_internal_10677 17 4801713 4813439 163 152.988 1.12972 16.2713 0.0132724 0.190505 0.169154 0.187046
ENSG00000203562.2 17 4890302 4890302 + 18 -127653 17_internal_8424 17 4752393 4762649 163 181.417 0.911244 22.1532 0.0231934 -0.176006 0.338308 0.352958
ENSG00000108509.15 17 4890960 4890960 - 18 77521 17_internal_10677 17 4801713 4813439 163 154.611 0.961533 13.595 1.71009e-05 0.332392 0.00497512 0.00052688
ENSG00000262227.1 17 4891001 4891001 + 18 -178797 17_internal_9271 17 4688305 4712204 163 170.434 0.960811 16.0057 0.0369328 0.165316 0.442786 0.433428
ENSG00000196388.4 17 4900905 4900905 - 18 14419 17_internal_8870 17 4875347 4886486 163 162.713 0.925442 14.3917 0.0522156 0.151647 0.527363 0.574134
ENSG00000129250.7 17 4901243 4901243 + 18 -189039 17_internal_9271 17 4688305 4712204 163 172.312 1.03019 21.3852 0.00165076 0.23993 0.0348259 0.0226713
ENSG00000227495.1 17 4923388 4923388 - 18 36902 17_internal_8870 17 4875347 4886486 163 149.39 1.1341 16.1089 0.00243511 0.242144 0.0547264 0.0375653
ENSG00000180787.5 17 4981543 4981543 + 18 -57355 17_internal_7976 17 4919328 4924188 163 150.059 1.01246 15.7861 0.0534331 -0.147353 0.641791 0.642253
ENSG00000129204.12 17 5019733 5019733 + 17 -133247 17_internal_8870 17 4875347 4886486 163 136.958 1.1161 13.1036 0.0150479 0.1938 0.238806 0.242239
ENSG00000029725.12 17 5185558 5185558 + 16 -261370 17_internal_7976 17 4919328 4924188 163 150.106 1.27823 17.6216 0.0385717 -0.156963 0.462687 0.453496
ENSG00000263220.1 17 5274921 5274921 - 16 -183466 17_internal_8466 17 5458387 5516461 163 162.109 0.888609 13.1295 0.0103283 0.196194 0.18408 0.169007
ENSG00000129197.10 17 5322961 5322961 + 16 -436213 17_internal_8247 17 4875248 4886748 163 180.351 0.914371 16.0569 0.010307 0.196429 0.119403 0.132347
ENSG00000108559.7 17 5323480 5323480 - 16 537626 17_internal_9040 17 4735906 4785854 163 143.071 1.04633 12.5581 0.00281651 0.228969 0.0696517 0.0541861
ENSG00000215099.3 17 5328469 5328469 + 16 -684153 17_internal_8808 17 4549719 4644316 163 154.229 0.964062 12.5102 0.0101722 -0.195468 0.18408 0.157202
ENSG00000263272.1 17 5336196 5336196 - 16 691880 17_internal_8808 17 4549719 4644316 163 182.675 0.923462 15.791 0.00957063 -0.197192 0.124378 0.113225
ENSG00000108561.4 17 5352150 5352150 - 16 459344 17_internal_8288 17 4709843 4892806 163 154.261 0.94589 13.642 0.0106956 -0.194967 0.179104 0.183972
ENSG00000005100.8 17 5372380 5372380 - 16 479574 17_internal_8288 17 4709843 4892806 163 172.949 0.818039 14.7164 0.0403015 0.161934 0.487562 0.498388
ENSG00000262099.1 17 5372412 5372412 + 16 -159660 17_internal_12644 17 5065405 5212752 163 128.681 1.05346 10.1974 0.046258 -0.153519 0.547264 0.533016
ENSG00000167842.11 17 5389605 5389605 + 16 -176853 17_internal_12644 17 5065405 5212752 163 159.88 1.07242 17.9746 0.00450813 0.219386 0.0746269 0.0688214
ENSG00000072849.6 17 5390131 5390131 - 16 177379 17_internal_12644 17 5065405 5212752 163 150.361 1.00283 13.8636 0.0745934 -0.139099 0.711443 0.715236
ENSG00000253071.1 17 5417590 5417590 - 15 -40797 17_internal_8466 17 5458387 5516461 163 181.624 0.923395 15.8059 0.00487385 0.218956 0.0746269 0.059526
ENSG00000091592.10 17 5522744 5522744 - 16 6283 17_internal_8466 17 5458387 5516461 163 140.826 1.16991 13.729 1.31074e-07 0.386539 0.00497512 1.76702e-06
ENSG00000091622.11 17 6459814 6459814 - 12 -18136 17_internal_10566 17 6477950 6561894 163 170.768 0.909848 12.7278 0.0106902 -0.19747 0.154229 0.136505
ENSG00000129235.6 17 6544078 6544078 + 11 18710 17_internal_8934 17 6562788 6569982 163 143.246 1.12535 10.7347 2.50827e-05 -0.329371 0.00497512 0.000328342
ENSG00000198920.5 17 6544247 6544247 - 11 0 17_internal_10566 17 6477950 6561894 163 175.161 1.02033 12.8984 0.00212101 0.232742 0.0149254 0.0168972
ENSG00000108590.6 17 6554954 6554954 - 12 -7834 17_internal_8934 17 6562788 6569982 163 167.521 0.987883 12.6487 0.000398443 -0.285894 0.00497512 0.00448118
ENSG00000212734.4 17 6554971 6554971 + 12 7817 17_internal_8934 17 6562788 6569982 163 146.095 1.10854 10.008 3.35993e-05 0.315902 0.00497512 0.000384763
ENSG00000256806.1 17 6555059 6555059 + 12 7729 17_internal_8934 17 6562788 6569982 163 183.407 0.899841 13.1114 0.000220289 0.284324 0.00497512 0.00236942
ENSG00000261996.1 17 6558328 6558328 - 12 -4460 17_internal_8934 17 6562788 6569982 163 171.484 0.98016 12.9147 4.19882e-07 0.380551 0.00497512 3.52651e-06
ENSG00000141485.11 17 6616886 6616886 - 12 46904 17_internal_8934 17 6562788 6569982 163 160.756 1.04131 11.9619 2.33038e-08 0.40163 0.00497512 1.85276e-07
ENSG00000132530.12 17 6658766 6658766 + 12 646929 17_internal_8587 17 7305695 7312028 163 160.23 1.00434 12.9492 0.0488492 -0.155841 0.482587 0.488951
ENSG00000177294.6 17 6679542 6679542 + 12 -109560 17_internal_8934 17 6562788 6569982 163 184.123 0.972109 14.6572 0.0139626 0.192001 0.139303 0.132466
ENSG00000262943.1 17 6757180 6757180 + 12 548515 17_internal_8587 17 7305695 7312028 163 184.696 0.921925 13.3027 0.052658 -0.153812 0.452736 0.45038
ENSG00000262503.1 17 6831510 6831510 - 12 269616 17_internal_10566 17 6477950 6561894 163 137.945 1.08393 9.04921 0.0206682 0.181318 0.243781 0.229862
ENSG00000263316.1 17 6882279 6882279 - 12 -224580 17_internal_8159 17 7106859 7124597 163 167.966 0.997646 14.1766 0.0254676 -0.171252 0.308458 0.285389
ENSG00000262089.1 17 6898508 6898508 - 12 -208351 17_internal_8159 17 7106859 7124597 163 158.909 1.12183 13.7481 0.291445 0.0810999 0.985075 0.989988
ENSG00000108839.7 17 6899384 6899384 + 12 94854 17_internal_9237 17 6994238 7044507 163 182.515 0.996701 14.0249 0.104882 0.129975 0.726368 0.718377
ENSG00000215067.5 17 6915668 6915668 - 12 -78570 17_internal_9237 17 6994238 7044507 163 159.339 0.935483 10.7761 0.0847965 0.137585 0.631841 0.657997
ENSG00000219200.5 17 6915736 6915736 + 12 80627 17_internal_8509 17 6996363 7019765 163 155.407 0.999872 10.5053 0.0451484 -0.154643 0.442786 0.419705
ENSG00000161939.11 17 6915954 6915954 + 12 80409 17_internal_8509 17 6996363 7019765 163 160.31 0.996482 11.128 0.0280485 -0.168591 0.278607 0.283962
ENSG00000269871.1 17 6917755 6917755 - 12 -78608 17_internal_8509 17 6996363 7019765 163 154.627 1.08936 12.8958 0.0224517 -0.1754 0.243781 0.252047
ENSG00000258315.1 17 6917814 6917814 + 12 265681 17_internal_8032 17 7183495 7200422 163 139.028 1.06638 10.94 0.326612 -0.0752531 0.99005 0.992022
ENSG00000267047.1 17 6922733 6922733 - 13 -71505 17_internal_9237 17 6994238 7044507 163 162.395 1.06539 14.4271 0.0421665 0.157077 0.447761 0.435344
ENSG00000267532.1 17 6922978 6922978 - 13 -71260 17_internal_9237 17 6994238 7044507 163 156.187 0.976958 13.0615 0.00828434 0.205482 0.119403 0.127243
ENSG00000174327.6 17 6939394 6939394 + 13 979185 17_internal_9617 17 7918579 7978001 163 165.626 0.939853 12.7909 0.0048496 -0.222762 0.0597015 0.0683483
ENSG00000072778.14 17 7120444 7120444 + 13 0 17_internal_8159 17 7106859 7124597 163 200.519 0.885237 16.6465 8.68899e-05 0.295355 0.00497512 0.000608446
ENSG00000132535.13 17 7123369 7123369 - 13 -60126 17_internal_8032 17 7183495 7200422 163 170.099 1.07237 15.8021 0.00195975 0.247041 0.00995025 0.0180918
ENSG00000199053.1 17 7126698 7126698 - 13 2101 17_internal_8159 17 7106859 7124597 163 176.339 0.979098 14.9702 0.0016332 0.242989 0.0149254 0.0171651
ENSG00000004975.7 17 7137864 7137864 - 14 13267 17_internal_8159 17 7106859 7124597 163 140.19 0.979263 9.761 0.0141847 0.190449 0.19403 0.211165
ENSG00000040633.8 17 7143041 7143041 - 14 -72931 17_internal_8739 17 7215972 7298790 163 148.164 1.14626 13.6402 0.0296787 0.16855 0.328358 0.345949
ENSG00000170296.5 17 7146089 7146089 - 14 584195 17_internal_10566 17 6477950 6561894 163 185.237 0.893932 16.3512 0.055019 0.148857 0.532338 0.545419
ENSG00000262526.2 17 7147954 7147954 - 14 -984751 17_internal_9453 17 8132705 8154123 163 172.567 1.00473 15.6414 0.0452315 -0.153726 0.477612 0.463967
ENSG00000170291.9 17 7154735 7154735 + 14 -110228 17_internal_9237 17 6994238 7044507 163 168.38 0.994187 13.0024 0.0039991 0.219808 0.039801 0.044706
ENSG00000175826.7 17 7155810 7155810 - 14 -149885 17_internal_8587 17 7305695 7312028 163 190.236 1.04013 20.8743 0.0449741 0.156418 0.482587 0.454622
ENSG00000262302.1 17 7165408 7165408 - 14 176836 17_internal_10803 17 6955371 6988572 163 191.748 0.916297 18.8346 0.0211499 -0.180233 0.243781 0.245011
ENSG00000132507.13 17 7210318 7210318 + 14 335265 17_internal_8523 17 7545583 7551163 163 154.898 1.08479 13.3423 0.0762322 0.141692 0.646766 0.657293
