ENSG00000188177.9 2 113033171 113033171 + 19 -788508 2_internal_15322 2 112241685 112244663 163 194.422 0.962968 24.0494 0.0657136 -0.141615 0.676617 0.679361
ENSG00000235258.1 2 113043999 113043999 - 19 251733 2_internal_15430 2 112653584 112792266 163 150.075 1.00251 16.3492 0.00347977 -0.2187 0.0845771 0.0790037
ENSG00000248341.1 2 113089719 113089719 + 19 -191440 2_internal_15696 2 112894912 112898279 163 152.335 0.954869 15.13 0.00778537 -0.209175 0.164179 0.157877
ENSG00000169629.7 2 113192065 113192065 - 17 293786 2_internal_15696 2 112894912 112898279 163 157.747 1.12193 18.7247 0.000546095 0.270403 0.00497512 0.0069592
ENSG00000114999.6 2 113239731 113239731 + 16 -447465 2_internal_15430 2 112653584 112792266 163 149.135 1.05125 13.8093 0.00241597 0.240825 0.0497512 0.0421266
ENSG00000125630.11 2 113299492 113299492 + 15 156304 2_internal_13688 2 113455796 113467804 163 168.142 1.02676 14.6417 0.0402589 -0.154172 0.383085 0.413447
ENSG00000125611.11 2 113341817 113341817 + 16 113979 2_internal_13688 2 113455796 113467804 163 153.529 1.0401 16.4882 0.081766 0.138287 0.751244 0.78157
ENSG00000243389.1 2 113346617 113346617 + 16 109179 2_internal_13688 2 113455796 113467804 163 167.982 0.973505 15.7058 0.0421823 0.163432 0.467662 0.478712
ENSG00000228251.1 2 113348373 113348373 + 16 845867 2_internal_16183 2 114194240 114262170 163 170.816 0.906268 15.4297 0.0671182 0.137597 0.676617 0.660772
ENSG00000237753.1 2 113403267 113403267 - 15 0 2_internal_17372 2 113339810 113488610 163 148.562 1.17012 16.4716 0.000380173 0.271152 0.00497512 0.00492754
ENSG00000144136.6 2 113403434 113403434 + 15 0 2_internal_17372 2 113339810 113488610 163 162.698 1.04635 13.4882 4.07613e-06 0.348587 0.00497512 3.50024e-05
ENSG00000144130.7 2 113479063 113479063 + 14 0 2_internal_17372 2 113339810 113488610 163 184.41 0.907981 17.5692 0.00328907 0.223493 0.0597015 0.0435693
ENSG00000169607.8 2 113522254 113522254 - 14 -671986 2_internal_16183 2 114194240 114262170 163 173.331 0.997038 15.0268 0.00398085 -0.221591 0.0447761 0.0443127
ENSG00000125538.7 2 113594480 113594480 - 14 0 2_internal_13204 2 113541615 113600790 163 153.338 1.06135 12.5123 0.0231674 0.179646 0.273632 0.269259
ENSG00000136689.14 2 113864791 113864791 + 12 -966512 2_internal_15696 2 112894912 112898279 163 192.735 0.997576 14.4438 0.0282744 -0.174406 0.20398 0.220888
ENSG00000125637.10 2 113914902 113914902 + 11 7172 2_internal_20866 2 113922074 114127160 163 150.329 1.02422 8.4692 0.00086065 -0.243937 0.0199005 0.0103033
ENSG00000234174.1 2 113932937 113932937 - 11 0 2_internal_20866 2 113922074 114127160 163 189.885 0.839933 11.3729 0.0291436 -0.16555 0.273632 0.261388
ENSG00000189223.7 2 113969099 113969099 + 11 0 2_internal_20866 2 113922074 114127160 163 152.112 1.1021 9.49761 9.87369e-38 0.794696 0.00497512 8.60764e-38
ENSG00000258395.1 2 113998307 113998307 + 11 0 2_internal_20866 2 113922074 114127160 163 166.12 0.934021 10.0877 3.3904e-33 0.756838 0.00497512 1.13642e-30
ENSG00000125618.12 2 114036527 114036527 - 11 0 2_internal_20866 2 113922074 114127160 163 165.563 0.960555 8.47093 9.48468e-37 0.792811 0.00497512 5.818e-35
ENSG00000234997.1 2 114182072 114182072 + 11 145785 2_internal_15448 2 114327857 114350598 163 165.388 1.03341 9.34891 0.0776895 0.138096 0.512438 0.504893
ENSG00000136682.10 2 114195268 114195268 + 11 0 2_internal_16183 2 114194240 114262170 163 155.678 1.05642 8.97279 0.00137991 0.243584 0.00497512 0.0122319
ENSG00000238091.1 2 114205429 114205429 - 11 -244499 2_internal_14939 2 114449928 114458442 163 164.369 1.05182 10.6472 0.0113544 -0.191727 0.0995025 0.0974157
ENSG00000146556.9 2 114341664 114341664 + 11 -695182 2_internal_15591 2 113550059 113646482 163 171.994 0.943545 11.1439 0.016805 -0.184505 0.159204 0.165579
ENSG00000236397.2 2 114359144 114359144 - 11 -90784 2_internal_14939 2 114449928 114458442 163 172.201 0.952113 10.4769 3.32865e-08 0.426901 0.00497512 3.10053e-07
ENSG00000240356.2 2 114384667 114384667 - 11 -65261 2_internal_14939 2 114449928 114458442 163 156.219 1.00806 10.4319 0.00165426 0.245655 0.0149254 0.0206821
ENSG00000144134.12 2 114384806 114384806 + 11 -896196 2_internal_17372 2 113339810 113488610 163 185.221 0.853652 10.9827 0.124149 -0.118673 0.741294 0.744914
ENSG00000227359.1 2 114461655 114461655 - 9 860865 2_internal_13204 2 113541615 113600790 163 161.424 0.990573 8.78809 0.0772469 -0.137735 0.517413 0.517765
ENSG00000265429.1 2 114478945 114478945 - 7 351785 2_internal_20866 2 113922074 114127160 163 154.197 0.953622 6.07681 0.0505182 -0.154734 0.333333 0.321994
ENSG00000115084.8 2 114514400 114514400 - 6 387240 2_internal_20866 2 113922074 114127160 163 163.35 1.01135 5.59192 0.00669622 -0.208349 0.0298507 0.0350759
ENSG00000244063.1 2 114588696 114588696 - 6 238098 2_internal_15448 2 114327857 114350598 163 193.387 0.881927 6.09297 0.0263208 0.171015 0.139303 0.124857
ENSG00000228857.2 2 114600933 114600933 - 5 954451 2_internal_15591 2 113550059 113646482 163 147.798 1.00004 5.17927 0.234521 0.0951998 0.78607 0.786355
ENSG00000115091.6 2 114647537 114647537 + 4 -385367 2_internal_16183 2 114194240 114262170 163 170.911 1.00001 4.22458 0.177038 0.107534 0.542289 0.537516
ENSG00000234199.2 2 114737146 114737146 + 4 -609986 2_internal_20866 2 113922074 114127160 163 181.497 1.00004 4.81733 0.0705011 0.141252 0.283582 0.243489
ENSG00000243179.1 2 114737486 114737486 + 4 -386888 2_internal_15448 2 114327857 114350598 163 162.634 1.00001 4.16988 0.0473059 -0.161715 0.174129 0.183859
ENSG00000215984.1 2 114747673 114747673 - 4 620513 2_internal_20866 2 113922074 114127160 163 156.299 0.999973 4.23149 0.028008 0.173649 0.149254 0.126465
ENSG00000212182.1 2 114763232 114763232 - 4 412634 2_internal_15448 2 114327857 114350598 163 150.488 0.999968 3.88559 0.220647 -0.0969004 0.646766 0.654531
ENSG00000088205.8 2 118572226 118572226 + 2 231886 2_internal_14034 2 118804112 118819843 163 162.92 0.999987 2.21085 0.0445583 0.154656 0.0995025 0.0959752
ENSG00000236255.1 2 118591513 118591513 + 2 253297 2_internal_21273 2 118844810 119132152 163 141.67 0.999982 1.76764 0.221524 -0.0917368 0.432836 0.405018
ENSG00000125631.7 2 118617003 118617003 + 2 187109 2_internal_14034 2 118804112 118819843 163 148.578 1.00002 1.63366 0.75746 0.0246514 0.915423 0.908172
ENSG00000224967.1 2 118692365 118692365 - 3 -152445 2_internal_21273 2 118844810 119132152 163 169.956 0.999956 2.97044 0.263913 -0.0893109 0.557214 0.581131
ENSG00000235066.2 2 118753186 118753186 + 3 50926 2_internal_14034 2 118804112 118819843 163 175.209 0.999994 2.93791 0.321712 0.0787455 0.636816 0.655447
ENSG00000125633.6 2 118771709 118771709 - 3 -32403 2_internal_14034 2 118804112 118819843 163 180.987 0.999992 3.96985 0.181181 0.107603 0.512438 0.496614
ENSG00000125629.10 2 118846028 118846028 + 3 -26185 2_internal_14034 2 118804112 118819843 163 156.219 0.999945 3.2891 0.021948 0.179809 0.0746269 0.0796014
ENSG00000115107.15 2 119981384 119981384 + 4 39329 2_internal_19163 2 120020713 120160919 163 173.426 1.00004 4.72207 2.81325e-10 0.45971 0.00497512 3.59389e-10
ENSG00000186132.10 2 120124404 120124404 - 4 992252 2_internal_21273 2 118844810 119132152 163 145.681 0.999966 3.37116 0.0614819 -0.144727 0.228856 0.237099
ENSG00000155368.12 2 120124497 120124497 + 4 0 2_internal_19163 2 120020713 120160919 163 170.211 1.00002 4.87334 0.142217 0.110104 0.502488 0.503038
ENSG00000088179.4 2 120517207 120517207 + 5 836269 2_internal_15979 2 121353476 121364404 163 155.646 1.00003 4.43627 0.311502 -0.080518 0.820896 0.822462
ENSG00000238368.1 2 120674894 120674894 + 5 -513975 2_internal_19163 2 120020713 120160919 163 160.756 1.00005 4.4514 0.290939 -0.0816784 0.776119 0.788071
ENSG00000115109.9 2 120770581 120770581 + 4 581834 2_internal_14485 2 121352415 121364960 163 149.995 0.999956 3.55146 0.000550404 0.260755 0.00497512 0.0032655
ENSG00000236878.1 2 120968630 120968630 + 5 384846 2_internal_15979 2 121353476 121364404 163 164.655 1.00005 4.66313 0.0571015 0.147031 0.228856 0.235067
ENSG00000227788.1 2 120969303 120969303 + 5 975817 2_internal_14161 2 121945120 122062110 163 190.013 1.00001 5.37548 0.251408 0.0892998 0.721393 0.728724
ENSG00000233286.1 2 120970511 120970511 + 5 381904 2_internal_14485 2 121352415 121364960 163 162.57 1.00003 4.61427 0.0644977 0.14245 0.263682 0.266093
ENSG00000243104.1 2 120970920 120970920 + 5 -810001 2_internal_19163 2 120020713 120160919 163 144.758 1.00002 4.13862 0.183729 -0.105435 0.661692 0.623758
ENSG00000234065.2 2 120971207 120971207 + 5 -810288 2_internal_19163 2 120020713 120160919 163 187.243 0.99997 5.82696 0.305941 -0.0798389 0.830846 0.843274
ENSG00000223549.1 2 120972757 120972757 + 5 -811838 2_internal_19163 2 120020713 120160919 163 155.662 1.00004 4.2772 0.0896269 -0.13227 0.373134 0.354233
ENSG00000224789.1 2 120974120 120974120 - 5 -378295 2_internal_14485 2 121352415 121364960 163 185.174 0.999974 5.36844 0.0456971 0.149765 0.169154 0.1656
ENSG00000226479.3 2 120980984 120980984 - 5 -371431 2_internal_14485 2 121352415 121364960 163 132.629 1.00003 3.22913 0.14448 0.115325 0.537313 0.489976
ENSG00000144118.8 2 120997640 120997640 + 5 947480 2_internal_14161 2 121945120 122062110 163 169.144 0.999988 4.98157 0.26489 -0.0879226 0.80597 0.770862
ENSG00000235840.1 2 121076583 121076583 + 5 275832 2_internal_14485 2 121352415 121364960 163 166.136 1.00002 4.76529 0.189786 0.0985689 0.621891 0.623984
ENSG00000163083.5 2 121103719 121103719 + 5 248696 2_internal_14485 2 121352415 121364960 163 184.903 0.999993 4.74694 0.014605 0.193596 0.0597015 0.0433132
ENSG00000265451.1 2 122287998 122287998 + 4 413239 2_internal_15339 2 122701237 122733453 163 141.24 1.00004 3.74398 0.000108746 0.276104 0.00497512 0.0011824
ENSG00000264229.1 2 122288457 122288457 + 4 -226347 2_internal_14161 2 121945120 122062110 163 148.244 1.00001 3.29206 0.23295 -0.0916009 0.587065 0.621224
ENSG00000208506.1 2 122288457 122288457 + 4 -226347 2_internal_14161 2 121945120 122062110 163 158.209 0.999972 3.46164 0.23295 -0.0916009 0.58209 0.613206
ENSG00000222467.1 2 122360740 122360740 - 5 995780 2_internal_14485 2 121352415 121364960 163 173.394 1.00004 4.31616 0.0527776 -0.15429 0.174129 0.18298
ENSG00000074054.12 2 122407163 122407163 - 3 -294074 2_internal_15339 2 122701237 122733453 163 177.008 1.00003 2.85728 0.00243085 0.235596 0.00995025 0.00450365
ENSG00000236859.1 2 122407226 122407226 + 3 294011 2_internal_15339 2 122701237 122733453 163 171.85 1.00003 3.4028 0.360193 0.0725747 0.766169 0.765996
ENSG00000230993.1 2 122416549 122416549 - 3 -284688 2_internal_15339 2 122701237 122733453 163 156.299 1.00004 3.49933 0.221022 0.0972422 0.597015 0.600751
ENSG00000155438.6 2 122494499 122494499 - 3 -206738 2_internal_15339 2 122701237 122733453 163 146.175 0.999961 2.63571 0.490415 0.0536316 0.865672 0.850524
ENSG00000211460.7 2 122494679 122494679 + 3 206558 2_internal_15339 2 122701237 122733453 163 179.587 0.999976 2.63785 0.0020897 0.232402 0.00995025 0.00325795
ENSG00000213236.3 2 127315739 127315739 - 8 -946654 2_internal_19171 2 128262393 128338815 163 197.08 0.879542 9.12138 0.0839333 -0.135294 0.472637 0.476038
ENSG00000136732.10 2 127413509 127413509 + 9 0 2_internal_21062 2 127375498 127773247 163 135.287 1.11142 7.57694 0.027574 0.167761 0.233831 0.247086
ENSG00000235128.1 2 127437198 127437198 + 9 663945 2_internal_14498 2 128101143 128125894 163 185.237 0.961247 11.1689 0.125197 -0.123336 0.721393 0.713924
ENSG00000163161.8 2 128051752 128051752 - 11 14681 2_internal_16580 2 128013839 128037071 163 156.458 0.974457 10.4995 0.0790659 -0.138217 0.60199 0.619063
ENSG00000200250.1 2 128074449 128074449 + 11 168110 2_internal_16386 2 128242559 128256704 163 194.74 0.924875 13.8087 0.0192008 -0.179782 0.149254 0.161122
ENSG00000169967.12 2 128146041 128146041 - 11 -202706 2_internal_15227 2 128348747 128407981 163 183.136 0.89568 12.3608 0.0729684 0.141863 0.552239 0.567569
ENSG00000236682.1 2 128146706 128146706 + 11 8453 2_internal_16824 2 128155159 128175316 163 173.379 1.075 13.0938 0.0125216 0.195465 0.104478 0.102534
ENSG00000115718.13 2 128176003 128176003 + 11 -687 2_internal_16824 2 128155159 128175316 163 160.405 0.970503 10.673 0.00110788 0.255216 0.0149254 0.0148105
ENSG00000231731.3 2 128221218 128221218 + 12 21341 2_internal_16386 2 128242559 128256704 163 148.324 0.910411 8.73575 0.00947497 -0.20506 0.164179 0.138745
ENSG00000202429.1 2 128229810 128229810 + 12 32583 2_internal_19171 2 128262393 128338815 163 160.342 1.01229 11.6851 0.00121768 0.249024 0.0248756 0.0146575
ENSG00000163166.9 2 128284462 128284462 - 13 0 2_internal_19171 2 128262393 128338815 163 160.167 1.06138 12.6464 0.00198714 0.238119 0.0199005 0.021259
ENSG00000169994.14 2 128293378 128293378 + 13 55369 2_internal_15227 2 128348747 128407981 163 155.407 0.99535 10.9476 2.29041e-12 0.507218 0.00497512 9.04164e-11
ENSG00000144230.12 2 128403439 128403439 + 15 -64624 2_internal_19171 2 128262393 128338815 163 173.745 1.03219 17.0366 0.000991781 0.251119 0.0149254 0.00976216
ENSG00000072163.13 2 128439360 128439360 - 15 31379 2_internal_15227 2 128348747 128407981 163 185.731 0.893935 17.5729 0.00138457 0.23996 0.0199005 0.0187115
ENSG00000173349.4 2 128458597 128458597 + 15 -50616 2_internal_15227 2 128348747 128407981 163 141.495 1.08926 12.5074 0.0287585 0.176737 0.393035 0.371408
ENSG00000201470.1 2 128556572 128556572 - 15 -711296 2_internal_18068 2 129267868 129279392 163 167.95 0.874179 13.9372 0.0128375 0.19291 0.199005 0.197457
ENSG00000136709.7 2 128568761 128568761 - 15 229946 2_internal_19171 2 128262393 128338815 163 153.401 1.06001 14.2408 0.0753441 0.143079 0.706468 0.69388
ENSG00000202532.1 2 128602810 128602810 + 15 -194829 2_internal_15227 2 128348747 128407981 163 159.116 1.13947 14.7958 0.109211 0.122245 0.810945 0.795836
ENSG00000244563.1 2 128604658 128604658 - 15 -301406 2_internal_15454 2 128906064 128913089 163 156.649 1.17344 16.4363 0.338455 0.0734962 0.995025 0.998678
ENSG00000144231.5 2 128615731 128615731 - 15 636798 2_internal_19900 2 127821453 127978933 163 157.142 1.05363 13.0401 0.0530259 0.145616 0.527363 0.513558
ENSG00000144233.5 2 128643496 128643496 - 15 870249 2_internal_21062 2 127375498 127773247 163 167.664 0.904618 12.2555 0.0363762 0.156731 0.383085 0.390681
ENSG00000136715.13 2 128785694 128785694 - 14 126301 2_internal_15832 2 128648959 128659393 163 169.033 1.00817 13.6935 0.0406951 0.161445 0.383085 0.400506
ENSG00000136731.8 2 128848774 128848774 + 14 -869841 2_internal_19900 2 127821453 127978933 163 156.999 1.0105 13.4143 0.037352 0.161064 0.427861 0.425018
ENSG00000264856.1 2 128879655 128879655 + 14 26409 2_internal_15454 2 128906064 128913089 163 186.017 0.946164 16.4451 0.0400098 -0.156135 0.402985 0.401778
ENSG00000229173.1 2 128898090 128898090 - 14 -369778 2_internal_18068 2 129267868 129279392 163 150.504 1.0504 12.4876 0.103678 -0.128602 0.761194 0.776533
ENSG00000229758.2 2 128957475 128957475 + 14 -978542 2_internal_19900 2 127821453 127978933 163 167.6 1.03809 16.8914 0.0571121 -0.147614 0.61194 0.589905
ENSG00000185631.7 2 128960935 128960935 + 14 -704231 2_internal_16386 2 128242559 128256704 163 164.64 1.05232 15.7307 0.0793692 0.136266 0.736318 0.701807
ENSG00000136720.6 2 129076151 129076151 - 12 163062 2_internal_15454 2 128906064 128913089 163 158.702 0.937943 9.19924 0.0824192 -0.138596 0.597015 0.593187
ENSG00000152082.9 2 130939310 130939310 + 5 169815 2_internal_15423 2 131109125 131149661 163 169.16 0.999967 5.03057 0.0491711 0.154823 0.208955 0.207044
ENSG00000136699.14 2 130940323 130940323 - 5 -780281 2_internal_14396 2 131720604 131746089 163 161.838 1.00002 4.85064 0.0376293 0.163328 0.174129 0.172643
ENSG00000136718.5 2 131099798 131099798 + 5 620806 2_internal_14396 2 131720604 131746089 163 160.151 1.00001 4.34853 0.0553235 0.146925 0.233831 0.227046
ENSG00000136710.5 2 131099922 131099922 - 5 -620682 2_internal_14396 2 131720604 131746089 163 172.025 1.00005 4.88915 0.404312 -0.0653969 0.940299 0.911886
ENSG00000072135.7 2 131113580 131113580 + 5 0 2_internal_15423 2 131109125 131149661 163 171.134 0.99995 5.3527 0.000975141 0.26213 0.00995025 0.0038873
ENSG00000136002.12 2 131594489 131594489 + 6 126115 2_internal_14396 2 131720604 131746089 163 151.3 1.00001 4.78697 0.00263762 0.231915 0.0199005 0.0179165
ENSG00000152102.13 2 131851033 131851033 - 5 104944 2_internal_14396 2 131720604 131746089 163 139.855 0.999972 4.66037 0.000287203 0.267652 0.00995025 0.00364881
ENSG00000115762.12 2 131862420 131862420 + 5 -116331 2_internal_14396 2 131720604 131746089 163 156.569 0.99999 4.07213 0.0033082 0.219474 0.00995025 0.0161551
ENSG00000188219.10 2 131975882 131975882 + 5 449945 2_internal_13686 2 132425827 132560492 163 164.067 1.00004 5.22138 0.0706333 0.140786 0.313433 0.31429
ENSG00000250852.2 2 131975976 131975976 + 5 449851 2_internal_13686 2 132425827 132560492 163 188.564 1.05172 6.28592 0.0636252 0.144178 0.238806 0.235157
ENSG00000214077.4 2 132182440 132182440 - 6 -243387 2_internal_13686 2 132425827 132560492 163 174.811 0.96721 5.72485 0.0117917 -0.204691 0.0597015 0.0568141
ENSG00000232742.2 2 132218533 132218533 + 6 -472444 2_internal_14396 2 131720604 131746089 163 152.303 0.999957 5.34417 0.332645 -0.0777495 0.905473 0.899209
ENSG00000173272.9 2 132250316 132250316 - 6 -175511 2_internal_13686 2 132425827 132560492 163 171.134 0.964223 5.48839 0.0306659 -0.174618 0.154229 0.150114
ENSG00000152117.12 2 132250386 132250386 + 6 175441 2_internal_13686 2 132425827 132560492 163 160.899 0.999961 5.45717 0.090581 -0.128541 0.422886 0.411906
ENSG00000152127.4 2 134877554 134877554 + 6 0 2_internal_18395 2 134876858 135021482 163 180.685 0.966302 6.4254 0.00882783 0.202494 0.0597015 0.0416393
ENSG00000263813.1 2 134884696 134884696 + 6 539831 2_internal_15457 2 135424527 135516916 163 160.374 1.00001 5.39647 0.00425176 0.220916 0.0199005 0.0244309
ENSG00000222921.1 2 134988766 134988766 + 6 54790 2_internal_14625 2 135043556 135073296 163 169.701 0.955207 6.21994 0.173761 -0.106355 0.711443 0.691471
ENSG00000234060.1 2 135077649 135077649 - 6 98663 2_internal_15666 2 134970213 134978986 163 170.991 1.04133 6.51401 0.0318271 0.172109 0.169154 0.154317
ENSG00000255674.1 2 135214178 135214178 - 6 -210349 2_internal_15457 2 135424527 135516916 163 169.224 1.03107 6.15039 0.0126937 0.197365 0.0646766 0.0603502
ENSG00000152128.13 2 135476570 135476570 - 6 455088 2_internal_18395 2 134876858 135021482 163 156.139 0.999948 4.99203 0.0081669 0.211073 0.0447761 0.0471913
ENSG00000153086.9 2 135596117 135596117 + 7 -499198 2_internal_17621 2 135076760 135096919 163 144.551 1.11397 6.20938 0.00878236 0.197986 0.0696517 0.0589204
ENSG00000082258.8 2 135675805 135675805 + 7 -578886 2_internal_17621 2 135076760 135096919 163 153.863 1.03516 6.04008 0.019359 -0.181846 0.129353 0.12119
ENSG00000224043.3 2 135676280 135676280 - 7 159364 2_internal_15457 2 135424527 135516916 163 152.781 1.14356 7.49934 0.0793473 -0.130377 0.447761 0.441046
ENSG00000176601.7 2 135805038 135805038 - 7 826052 2_internal_15666 2 134970213 134978986 163 179.889 0.883271 6.89827 0.0812315 -0.134113 0.437811 0.437358
ENSG00000115839.12 2 135809835 135809835 + 7 -830849 2_internal_15666 2 134970213 134978986 163 206.361 0.854428 7.5484 0.103411 0.129239 0.442786 0.479097
ENSG00000238337.1 2 135823304 135823304 - 7 653132 2_internal_14270 2 135148594 135170172 163 172.726 1.07528 8.29884 0.0293233 -0.17353 0.159204 0.162188
ENSG00000208308.1 2 135894198 135894198 + 7 -724026 2_internal_14270 2 135148594 135170172 163 194.725 0.894189 8.16858 0.123189 0.123815 0.567164 0.593675
ENSG00000121988.13 2 136288806 136288806 - 3 -288306 2_internal_13903 2 136577112 136598943 163 154.388 1.00004 3.09471 0.247754 -0.0904089 0.606965 0.607279
ENSG00000048991.12 2 136289025 136289025 + 3 288087 2_internal_13903 2 136577112 136598943 163 145.809 0.99999 2.55063 0.115805 -0.125664 0.348259 0.31324
ENSG00000144224.12 2 136499189 136499189 + 3 -982273 2_internal_15457 2 135424527 135516916 163 156.378 0.999965 3.12506 0.142961 -0.113741 0.383085 0.401281
ENSG00000115850.5 2 136594750 136594750 - 2 0 2_internal_13903 2 136577112 136598943 163 140.747 0.999978 1.91112 0.135066 0.118387 0.293532 0.291579
ENSG00000076003.4 2 136633996 136633996 - 2 -359970 2_internal_14416 2 136993966 137014836 163 155.917 0.999979 2.16888 0.384496 -0.0684003 0.661692 0.663837
ENSG00000231890.2 2 136742746 136742746 + 2 251220 2_internal_14416 2 136993966 137014836 163 150.043 1.00003 2.08892 0.129011 0.118932 0.253731 0.279652
ENSG00000115866.6 2 136743670 136743670 - 2 -250296 2_internal_14416 2 136993966 137014836 163 157.031 0.99998 1.93066 0.411409 -0.0638624 0.631841 0.650814
ENSG00000121966.6 2 136875735 136875735 - 2 276792 2_internal_13903 2 136577112 136598943 163 170.943 0.999989 2.13108 0.728259 0.0283061 0.920398 0.934638
ENSG00000227347.1 2 136958073 136958073 - 2 359130 2_internal_13903 2 136577112 136598943 163 168.173 0.999992 1.88481 0.427644 -0.0605331 0.631841 0.642263
ENSG00000150540.9 2 138721590 138721590 + 5 0 2_internal_19626 2 138710412 138846012 163 150.154 0.999991 4.25469 0.0171665 0.179799 0.0895522 0.0910861
ENSG00000233045.1 2 139036144 139036144 + 5 223950 2_internal_19432 2 139260094 139294985 163 175.973 1.00005 4.83568 0.0865457 -0.13375 0.328358 0.313742
ENSG00000234645.2 2 139046363 139046363 - 5 306976 2_internal_18383 2 138713991 138739387 163 159.403 0.999984 4.26661 0.099708 0.129499 0.343284 0.372707
ENSG00000237939.1 2 139064889 139064889 + 5 -341696 2_internal_14943 2 138716087 138723193 163 160.628 0.999946 5.24499 0.362397 -0.0723307 0.910448 0.908336
ENSG00000232915.1 2 139170888 139170888 - 5 447695 2_internal_14943 2 138716087 138723193 163 174.636 0.99996 5.24013 0.21041 -0.0980136 0.676617 0.67871
ENSG00000230569.1 2 139228226 139228226 + 5 -505033 2_internal_14943 2 138716087 138723193 163 164.401 0.999968 5.10197 0.0623812 -0.146453 0.263682 0.275712
ENSG00000228043.1 2 139259268 139259268 - 5 -826 2_internal_19432 2 139260094 139294985 163 198.831 1.00091 6.3184 0.267037 0.0867608 0.781095 0.791892
ENSG00000144228.4 2 139259371 139259371 + 5 723 2_internal_19432 2 139260094 139294985 163 175.734 0.999953 5.35339 0.0118339 0.19435 0.0348259 0.0470145
ENSG00000241772.1 2 139326660 139326660 + 5 -31675 2_internal_19432 2 139260094 139294985 163 141.208 1.00001 4.27886 0.0605832 0.147179 0.313433 0.302605
ENSG00000260059.1 2 139359996 139359996 - 5 513984 2_internal_19626 2 138710412 138846012 163 161.313 1.00001 4.31806 0.331952 0.0773173 0.80597 0.827648
ENSG00000237772.1 2 139362080 139362080 + 5 -67095 2_internal_19432 2 139260094 139294985 163 207.761 0.986421 6.22207 0.0107415 0.200459 0.0348259 0.0257918
ENSG00000115919.9 2 143635067 143635067 + 4 0 2_internal_14232 2 143622866 143830444 163 182.993 0.999967 4.34079 0.00202896 0.230155 0.0199005 0.00465615
ENSG00000075884.8 2 143848931 143848931 + 4 150217 2_internal_18445 2 143999148 144022620 163 148.005 1.00003 4.0618 8.08002e-05 0.30893 0.00497512 0.000701664
ENSG00000224288.2 2 143851733 143851733 - 4 -303464 2_internal_14914 2 144155197 144161112 163 190.458 1.00004 5.12991 0.0417956 0.15953 0.149254 0.134412
ENSG00000226839.1 2 143851802 143851802 + 4 147346 2_internal_18445 2 143999148 144022620 163 167.664 0.999977 3.71088 0.0413473 0.162288 0.154229 0.135706
ENSG00000224852.1 2 143854124 143854124 - 4 -145024 2_internal_18445 2 143999148 144022620 163 177.469 1.00002 4.27546 0.0273806 0.172792 0.109453 0.0880387
ENSG00000232772.1 2 143855576 143855576 - 4 -299621 2_internal_14914 2 144155197 144161112 163 179.682 0.999967 4.62046 0.0483287 0.154527 0.159204 0.164472
ENSG00000236300.2 2 143855986 143855986 - 4 -143162 2_internal_18445 2 143999148 144022620 163 179.65 1.00001 4.12559 0.00861563 0.20279 0.00995025 0.0237572
ENSG00000227557.1 2 143856398 143856398 - 4 -298799 2_internal_14914 2 144155197 144161112 163 188.453 1.00003 5.70271 0.0485487 0.153017 0.18408 0.178475
ENSG00000225476.1 2 143857502 143857502 - 4 -141646 2_internal_18445 2 143999148 144022620 163 151.428 1.00006 3.6053 0.0532893 0.150445 0.19403 0.207676
ENSG00000231766.1 2 143858924 143858924 - 4 -296273 2_internal_14914 2 144155197 144161112 163 151.268 1.00006 3.59315 0.105301 0.126168 0.383085 0.364986
ENSG00000257284.1 2 143929741 143929741 - 5 -69407 2_internal_18445 2 143999148 144022620 163 134.507 1.00001 4.15953 0.00453393 0.222692 0.0447761 0.0407381
ENSG00000228655.2 2 144238358 144238358 - 9 215738 2_internal_18445 2 143999148 144022620 163 159.466 1.06889 9.70714 0.00325973 0.234338 0.0149254 0.0266814
ENSG00000257640.1 2 144329674 144329674 - 11 307054 2_internal_18445 2 143999148 144022620 163 177.82 0.937591 11.5541 0.00657922 0.213405 0.0746269 0.0629011
ENSG00000258268.1 2 144355571 144355571 - 12 332951 2_internal_18445 2 143999148 144022620 163 181.513 1.04595 16.5723 0.00429091 0.226791 0.0298507 0.035518
ENSG00000231758.2 2 144413748 144413748 - 13 391128 2_internal_18445 2 143999148 144022620 163 169.319 0.937869 12.8799 0.0034193 0.231486 0.0547264 0.0453379
ENSG00000257277.1 2 144498863 144498863 - 13 476243 2_internal_18445 2 143999148 144022620 163 144.997 1.15584 11.1563 0.000363356 0.277655 0.00497512 0.0038378
ENSG00000257226.1 2 144533642 144533642 - 13 511022 2_internal_18445 2 143999148 144022620 163 190.841 0.993929 15.8496 0.0339834 0.168532 0.338308 0.29703
ENSG00000232377.1 2 144694640 144694640 + 13 -864196 2_internal_14232 2 143622866 143830444 163 151.778 1.06705 12.9549 0.0258772 0.173189 0.333333 0.309788
ENSG00000121964.9 2 145090135 145090135 - 12 -169078 2_internal_14923 2 145259213 146510430 163 173.713 0.905957 11.1221 0.05325 0.152345 0.437811 0.454087
ENSG00000213410.2 2 145208235 145208235 + 11 -41148 2_internal_15341 2 145150571 145167087 163 159.864 1.06597 11.4352 0.120181 0.120127 0.766169 0.759281
ENSG00000176824.2 2 145221645 145221645 - 11 322616 2_internal_15112 2 144894796 144899029 163 155.232 0.969532 9.27775 0.012727 0.191708 0.134328 0.141083
ENSG00000238057.3 2 145275664 145275664 + 11 0 2_internal_14923 2 145259213 146510430 163 160.644 1.03713 10.8738 0.000685897 0.268807 0.00995025 0.00670297
ENSG00000169554.10 2 145282147 145282147 - 11 0 2_internal_14923 2 145259213 146510430 163 159.18 1.07289 10.1384 0.0143442 0.189686 0.144279 0.124361
ENSG00000226674.2 2 145425534 145425534 + 11 0 2_internal_14923 2 145259213 146510430 163 157.667 1.05229 11.0406 0.01195 0.199006 0.139303 0.122778
ENSG00000121989.10 2 148602086 148602086 + 5 369833 2_internal_18422 2 148971919 149267780 163 169.749 1.00002 5.14394 0.0585959 0.143202 0.218905 0.24674
ENSG00000265049.1 2 148698640 148698640 - 6 250057 2_internal_14257 2 148316465 148448583 163 159.721 0.969657 5.36755 0.20559 -0.0970278 0.711443 0.728577
ENSG00000204406.7 2 148778580 148778580 + 6 0 2_internal_15150 2 148774480 148800204 163 166.948 1.00001 5.44592 0.00928508 0.198089 0.0845771 0.0452585
ENSG00000115947.8 2 148779147 148779147 - 6 0 2_internal_15150 2 148774480 148800204 163 162.745 0.999977 5.56305 0.00355722 0.222654 0.0199005 0.019774
