ENSG00000160714.5 1 154531504 154531504 - 16 -110371 1_internal_21199 1 154641875 154733783 163 185.763 0.878243 21.6917 0.0201735 0.186028 0.318408 0.306115
ENSG00000160716.4 1 154540257 154540257 + 16 40590 1_internal_24922 1 154580847 154601662 163 195.95 0.860757 19.9153 0.000439782 0.266883 0.00497512 0.00563694
ENSG00000233875.1 1 154552139 154552139 - 16 -28708 1_internal_24922 1 154580847 154601662 163 178.345 0.941453 17.388 0.000816342 0.257696 0.0149254 0.0108608
ENSG00000160710.11 1 154600475 154600475 - 15 0 1_internal_24922 1 154580847 154601662 163 156.712 0.988417 14.5474 0.00297432 0.228201 0.0547264 0.0529514
ENSG00000163344.5 1 154909467 154909467 - 14 464191 1_internal_17513 1 154410092 154445276 163 139.855 1.24617 13.6769 0.0303175 -0.161622 0.368159 0.357913
ENSG00000163346.11 1 154928599 154928599 - 15 -215205 1_internal_20200 1 155143804 155158834 163 170.911 0.964688 15.2968 0.171917 -0.102955 0.930348 0.93696
ENSG00000163348.3 1 154936329 154936329 - 15 -170675 1_internal_16052 1 155107004 155295290 163 184.839 0.951866 18.5818 0.0961941 0.130533 0.776119 0.786784
ENSG00000160691.13 1 154946871 154946871 - 15 582170 1_internal_17936 1 154345162 154364701 163 165.611 0.989536 13.8926 0.00703913 -0.211562 0.0845771 0.0904555
ENSG00000173207.7 1 154947129 154947129 + 15 -582428 1_internal_17936 1 154345162 154364701 163 164.067 0.942723 15.4991 0.0267878 0.165454 0.402985 0.365995
ENSG00000160688.14 1 154955814 154955814 + 15 559736 1_internal_22881 1 155515550 155521177 163 160.771 1.1219 16.2149 0.125558 0.1175 0.890547 0.869286
ENSG00000163352.5 1 154966062 154966062 + 15 177742 1_internal_20200 1 155143804 155158834 163 165.276 0.988458 14.5133 0.122679 0.118615 0.870647 0.846546
ENSG00000160685.9 1 154975127 154975127 + 15 -653994 1_internal_20147 1 154296600 154321133 163 153.417 1.08934 12.8833 0.0104042 -0.20122 0.139303 0.126481
ENSG00000163354.9 1 155006257 155006257 - 15 685124 1_internal_20147 1 154296600 154321133 163 183.821 0.922668 15.9486 0.000325569 -0.278161 0.00497512 0.0035557
ENSG00000163357.6 1 155006300 155006300 + 15 -685167 1_internal_20147 1 154296600 154321133 163 141.049 1.18639 14.6785 0.0392059 -0.163996 0.497512 0.483553
ENSG00000232093.1 1 155018594 155018594 - 15 551367 1_internal_18891 1 154353582 154467227 163 164.369 0.910876 14.3975 0.0344467 -0.168306 0.412935 0.433779
ENSG00000143537.8 1 155023042 155023042 + 15 -877562 1_internal_18264 1 153962290 154145480 163 150.775 1.08884 13.4249 0.0252816 -0.168483 0.298507 0.308894
ENSG00000243364.3 1 155036207 155036207 + 15 -568980 1_internal_18891 1 154353582 154467227 163 160.835 0.933999 13.5967 0.0011473 -0.240669 0.0248756 0.0224154
ENSG00000143590.9 1 155036224 155036224 + 15 -568997 1_internal_18891 1 154353582 154467227 163 146.398 1.19657 13.0986 0.0331904 -0.168028 0.343284 0.354426
ENSG00000251246.1 1 155036224 155036224 + 15 -568997 1_internal_18891 1 154353582 154467227 163 175.798 0.913072 15.5024 0.0702447 -0.145589 0.631841 0.654702
ENSG00000169242.7 1 155099936 155099936 + 17 959125 1_internal_20327 1 156059061 156100517 163 142.116 1.06859 14.6645 0.00417486 0.222052 0.0945274 0.087086
ENSG00000169241.12 1 155107820 155107820 + 17 0 1_internal_16052 1 155107004 155295290 163 137.913 1.17036 14.2763 0.0271015 0.176735 0.383085 0.381912
ENSG00000250784.1 1 155108373 155108373 + 17 -663097 1_internal_17513 1 154410092 154445276 163 168.38 1.06063 18.4758 0.0343434 -0.166262 0.467662 0.417714
ENSG00000179085.7 1 155113071 155113071 - 17 511409 1_internal_24922 1 154580847 154601662 163 180.128 1.06187 21.8652 0.0442387 0.154277 0.542289 0.50647
ENSG00000163463.6 1 155159747 155159747 - 17 -759905 1_internal_17643 1 155919652 155925553 163 186.001 1.02492 22.4642 0.00618475 -0.201393 0.0746269 0.0691983
ENSG00000185499.11 1 155162707 155162707 - 17 798006 1_internal_17936 1 154345162 154364701 163 157.222 1.01453 15.539 0.049932 -0.154194 0.562189 0.572727
ENSG00000231064.1 1 155166659 155166659 + 17 711512 1_internal_20418 1 155878171 155905413 163 160.867 0.952589 16.3236 0.0631913 -0.140196 0.681592 0.684808
ENSG00000173171.9 1 155178490 155178490 + 17 -938601 1_internal_17288 1 154119658 154239889 163 161.345 0.959265 14.827 0.015247 -0.183006 0.238806 0.226818
ENSG00000169231.8 1 155178842 155178842 - 17 -699329 1_internal_20418 1 155878171 155905413 163 169.049 0.937798 16.1238 0.0600777 -0.141698 0.631841 0.629103
ENSG00000236263.1 1 155183610 155183610 - 17 943721 1_internal_17288 1 154119658 154239889 163 179.571 0.918476 18.5643 0.0381586 -0.15453 0.457711 0.467329
ENSG00000160766.10 1 155197214 155197214 - 17 -948823 1_internal_18586 1 156146037 156231239 163 170.083 1.11961 21.0579 0.133392 -0.119014 0.915423 0.926439
ENSG00000236675.1 1 155200766 155200766 + 17 -836065 1_internal_17936 1 154345162 154364701 163 155.041 1.1163 17.4052 0.0398847 -0.163142 0.537313 0.499627
ENSG00000216109.1 1 155206628 155206628 - 17 966739 1_internal_17288 1 154119658 154239889 163 160.405 0.918551 16.3735 0.00538413 0.211061 0.119403 0.113034
ENSG00000177628.9 1 155214653 155214653 - 18 849952 1_internal_17936 1 154345162 154364701 163 155.598 1.00259 15.2045 0.0274912 -0.171264 0.363184 0.381807
ENSG00000160767.16 1 155225274 155225274 - 18 -694378 1_internal_17643 1 155919652 155925553 163 184.871 0.862498 19.4864 0.0360755 0.163805 0.447761 0.466322
ENSG00000116521.6 1 155232221 155232221 - 18 -826840 1_internal_20327 1 156059061 156100517 163 152.271 1.09509 17.0903 0.0933824 0.123108 0.860697 0.827
ENSG00000143630.5 1 155247374 155247374 + 17 804632 1_internal_23282 1 156052006 156131696 163 166.9 1.05319 18.192 0.0529773 0.148379 0.60199 0.585229
ENSG00000176444.14 1 155248282 155248282 - 17 803006 1_internal_17513 1 154410092 154445276 163 175.941 0.893896 17.5448 0.0034279 -0.222602 0.0895522 0.059215
ENSG00000160752.10 1 155278539 155278539 + 17 932594 1_internal_24921 1 156211133 156354589 163 162.952 0.904568 13.9571 0.0505343 -0.148166 0.547264 0.560896
ENSG00000229691.1 1 155280381 155280381 - 17 -597790 1_internal_20418 1 155878171 155905413 163 155.359 1.11891 17.0029 0.034667 -0.155857 0.462687 0.438702
ENSG00000160753.11 1 155290687 155290687 + 17 -969554 1_internal_20147 1 154296600 154321133 163 160.867 1.148 17.6751 0.0486438 -0.152239 0.562189 0.533261
ENSG00000225855.2 1 155293967 155293967 - 17 -917166 1_internal_24921 1 156211133 156354589 163 182.579 0.951756 22.6686 0.0332761 -0.160225 0.452736 0.450405
ENSG00000207720.1 1 155316236 155316236 - 17 117564 1_internal_17174 1 155175989 155198672 163 174.811 0.963995 18.2246 0.0385092 -0.165068 0.457711 0.465683
ENSG00000207134.1 1 155328609 155328609 - 16 726947 1_internal_24922 1 154580847 154601662 163 151.921 1.00204 13.3192 0.086969 0.129612 0.741294 0.747979
ENSG00000227773.1 1 155366769 155366769 - 15 207935 1_internal_20200 1 155143804 155158834 163 157.445 1.01227 14.245 0.00547748 0.213666 0.0845771 0.0836806
ENSG00000238805.1 1 155385453 155385453 - 15 186781 1_internal_17174 1 155175989 155198672 163 160.947 1.00597 15.0154 0.0249162 -0.175483 0.313433 0.322357
ENSG00000207144.1 1 155389188 155389188 + 15 821945 1_internal_24921 1 156211133 156354589 163 157.97 1.06788 14.8329 0.112222 0.123532 0.830846 0.828229
ENSG00000237872.3 1 155402969 155402969 + 16 475202 1_internal_20418 1 155878171 155905413 163 162.14 0.916207 14.2589 0.152914 -0.112326 0.920398 0.920424
ENSG00000235919.3 1 155531821 155531821 + 16 953654 1_internal_23457 1 156485475 156556992 163 203.272 0.873148 20.5203 0.0621711 -0.134555 0.60199 0.60094
ENSG00000116539.6 1 155532598 155532598 - 16 -519408 1_internal_23282 1 156052006 156131696 163 186.129 0.94037 19.8569 0.0804232 0.140187 0.731343 0.739169
ENSG00000225082.1 1 155556435 155556435 + 16 363217 1_internal_17643 1 155919652 155925553 163 169.224 0.946244 17.0694 0.0228613 -0.185312 0.283582 0.32182
ENSG00000223503.1 1 155561053 155561053 - 16 -924422 1_internal_23457 1 156485475 156556992 163 163.923 1.06054 15.5117 0.00516256 -0.2189 0.039801 0.0629232
ENSG00000125459.9 1 155579979 155579979 + 16 566058 1_internal_18586 1 156146037 156231239 163 166.088 1.02954 15.3895 0.0713391 -0.139151 0.666667 0.653802
ENSG00000232519.1 1 155580171 155580171 - 16 978509 1_internal_24922 1 154580847 154601662 163 174.97 1.01291 18.6824 0.0167644 0.18666 0.189055 0.2146
ENSG00000203761.4 1 155581011 155581011 + 16 -382339 1_internal_17174 1 155175989 155198672 163 160.151 0.954273 14.6448 0.0431196 -0.152659 0.517413 0.512364
ENSG00000246203.2 1 155630036 155630036 - 15 431364 1_internal_17174 1 155175989 155198672 163 173.665 0.979221 16.2017 0.0770417 -0.138439 0.686567 0.68841
ENSG00000132676.10 1 155657751 155657751 + 15 827724 1_internal_23457 1 156485475 156556992 163 159.164 1.03279 16.8167 0.109755 -0.121533 0.875622 0.862617
ENSG00000163374.15 1 155658791 155658791 - 15 -260861 1_internal_17643 1 155919652 155925553 163 190.379 0.857514 16.4847 0.00514123 0.226946 0.0845771 0.0667958
ENSG00000234937.1 1 155815158 155815158 + 14 104494 1_internal_17643 1 155919652 155925553 163 168.46 0.92685 14.2607 0.314768 0.0767666 0.995025 0.995446
ENSG00000116580.13 1 155829191 155829191 - 14 726085 1_internal_21116 1 155033154 155103106 163 158.097 1.04711 13.9368 0.0343722 0.165839 0.402985 0.388258
ENSG00000132718.7 1 155829300 155829300 + 14 -726194 1_internal_21116 1 155033154 155103106 163 158.989 1.01453 13.5024 0.110547 -0.12777 0.791045 0.803975
ENSG00000201614.1 1 155864072 155864072 + 14 55580 1_internal_17643 1 155919652 155925553 163 168.014 1.04142 14.3816 0.0398588 -0.15947 0.422886 0.398229
ENSG00000143622.5 1 155881195 155881195 - 15 -508161 1_internal_20249 1 156389356 156428456 163 157.063 1.03199 16.3413 0.013486 0.194269 0.223881 0.209986
ENSG00000207475.1 1 155889836 155889836 - 15 -169225 1_internal_20327 1 156059061 156100517 163 173.14 0.989051 16.43 0.300166 -0.0841914 1 0.996112
ENSG00000252808.1 1 155895877 155895877 - 16 -250160 1_internal_18586 1 156146037 156231239 163 169.717 0.96708 17.1522 0.14507 -0.116934 0.935323 0.924644
ENSG00000132680.6 1 155904191 155904191 - 16 -972692 1_internal_19053 1 156876883 157087843 163 162.427 1.00731 16.8428 0.0116086 0.197846 0.189055 0.177902
ENSG00000173080.4 1 155911480 155911480 + 16 477876 1_internal_20249 1 156389356 156428456 163 173.188 0.977484 16.356 0.0258908 0.169791 0.323383 0.311223
ENSG00000224276.1 1 155961181 155961181 + 16 -35628 1_internal_17643 1 155919652 155925553 163 168.173 1.03378 18.8613 0.0267524 0.176275 0.373134 0.357041
ENSG00000116584.11 1 155966129 155966129 - 16 -423227 1_internal_20249 1 156389356 156428456 163 173.745 1.00254 19.8258 0.00221506 0.244496 0.039801 0.0305887
ENSG00000227010.1 1 155972355 155972355 - 16 -86706 1_internal_20327 1 156059061 156100517 163 169.431 0.941358 17.4244 0.14421 0.112294 0.930348 0.930218
ENSG00000241471.1 1 155976861 155976861 - 16 -916211 1_internal_22801 1 156893072 157126329 163 144.089 1.1466 15.0055 0.120029 0.121856 0.860697 0.877807
ENSG00000163479.9 1 155990750 155990750 - 16 -61256 1_internal_23282 1 156052006 156131696 163 168.778 0.98337 16.4237 0.0485025 0.154712 0.527363 0.535703
ENSG00000160803.6 1 156023585 156023585 - 16 502408 1_internal_22881 1 155515550 155521177 163 159.753 1.04249 15.4516 0.177613 -0.103014 0.945274 0.951504
ENSG00000116586.7 1 156024543 156024543 + 16 34518 1_internal_20327 1 156059061 156100517 163 168.014 0.946054 16.667 0.0273196 0.167498 0.373134 0.370883
ENSG00000196189.7 1 156117157 156117157 + 15 93976 1_internal_24921 1 156211133 156354589 163 209.321 0.815933 18.9559 0.000251853 0.275108 0.0149254 0.00260969
ENSG00000252236.1 1 156161994 156161994 - 14 236441 1_internal_17643 1 155919652 155925553 163 175.241 0.92353 15.79 0.226326 0.0943375 0.985075 0.979177
ENSG00000160785.8 1 156163880 156163880 + 14 356907 1_internal_17556 1 156520787 156554529 163 167.648 0.969332 15.689 0.119543 -0.120931 0.835821 0.858237
ENSG00000260238.1 1 156182773 156182773 + 14 0 1_internal_18586 1 156146037 156231239 163 154.436 1.10725 16.0332 0.108443 0.123183 0.835821 0.843722
ENSG00000160783.13 1 156182784 156182784 + 14 0 1_internal_18586 1 156146037 156231239 163 167.314 0.940485 12.6359 0.197318 0.0995748 0.940299 0.938735
ENSG00000242252.1 1 156211753 156211753 + 13 177603 1_internal_20249 1 156389356 156428456 163 167.759 0.920989 12.8316 0.0153665 -0.183931 0.21393 0.194965
ENSG00000160781.10 1 156217881 156217881 - 13 0 1_internal_24921 1 156211133 156354589 163 193.96 0.906997 16.0521 4.0917e-28 0.685811 0.00497512 4.99914e-29
ENSG00000198952.5 1 156252616 156252616 - 14 0 1_internal_24921 1 156211133 156354589 163 177.31 1.01 15.9035 5.09926e-32 0.719753 0.00497512 8.12083e-34
ENSG00000163472.13 1 156252726 156252726 + 14 0 1_internal_24921 1 156211133 156354589 163 169.733 0.870718 10.8006 2.16113e-33 0.729889 0.00497512 2.15498e-29
ENSG00000198715.6 1 156265463 156265463 - 14 0 1_internal_24921 1 156211133 156354589 163 156.505 1.14817 14.6924 5.44541e-34 0.738416 0.00497512 3.99225e-36
ENSG00000163467.6 1 156307105 156307105 + 13 0 1_internal_24921 1 156211133 156354589 163 157.254 0.884016 9.5945 0.0406642 0.163276 0.412935 0.410481
ENSG00000163468.8 1 156337664 156337664 - 13 816487 1_internal_22881 1 155515550 155521177 163 175.48 1.00388 13.5712 0.0058151 -0.2149 0.0597015 0.0549482
ENSG00000206651.1 1 156454002 156454002 - 14 -422881 1_internal_19053 1 156876883 157087843 163 148.69 1.0584 13.6951 0.0856722 0.135446 0.766169 0.747754
ENSG00000116604.12 1 156470620 156470620 - 14 42164 1_internal_20249 1 156389356 156428456 163 157.301 1.12463 15.7657 0.0655614 -0.146651 0.656716 0.635861
ENSG00000163382.7 1 156561554 156561554 + 14 -4562 1_internal_23457 1 156485475 156556992 163 156.41 1.12088 13.7086 0.0374111 0.157226 0.40796 0.385039
ENSG00000143320.4 1 156675608 156675608 - 14 543912 1_internal_23282 1 156052006 156131696 163 155.248 1.16174 14.6468 0.103545 0.126365 0.776119 0.781673
ENSG00000223356.1 1 156682966 156682966 - 14 128437 1_internal_17556 1 156520787 156554529 163 172.089 0.973186 15.225 0.0222353 -0.176123 0.278607 0.262724
ENSG00000143303.7 1 156698234 156698234 + 14 672618 1_internal_19827 1 157370852 157410369 163 157.874 0.967734 12.5715 0.020914 -0.178316 0.288557 0.26815
ENSG00000143319.11 1 156698591 156698591 - 14 -823325 1_internal_27406 1 157521916 157927440 163 188.469 0.869484 14.6254 0.00621929 -0.21358 0.0696517 0.0726323
ENSG00000143314.8 1 156711382 156711382 - 14 356793 1_internal_24921 1 156211133 156354589 163 135.287 1.09832 11.1857 0.0184828 -0.181224 0.238806 0.262112
ENSG00000143294.10 1 156720402 156720402 + 14 801514 1_internal_27406 1 157521916 157927440 163 179.316 0.963935 17.4305 0.00438232 -0.215773 0.0597015 0.0539546
ENSG00000143321.14 1 156736717 156736717 - 14 831304 1_internal_20418 1 155878171 155905413 163 148.61 1.08096 12.8474 0.0503738 -0.155651 0.507463 0.522885
ENSG00000027869.7 1 156786654 156786654 - 14 -432182 1_internal_19526 1 157218836 157240233 163 165.213 1.19593 16.6785 0.186594 0.100845 0.955224 0.951773
ENSG00000160838.9 1 156890442 156890442 + 15 328394 1_internal_19526 1 157218836 157240233 163 141.383 1.13292 13.0154 0.0138923 -0.191136 0.208955 0.199481
ENSG00000211581.1 1 156906036 156906036 - 14 674797 1_internal_18586 1 156146037 156231239 163 157.015 1.06306 14.2593 0.103849 0.130122 0.79602 0.794096
ENSG00000132694.14 1 157015162 157015162 - 13 0 1_internal_22801 1 156893072 157126329 163 162.22 1.08368 13.4814 0.00619075 0.213608 0.0646766 0.0642704
ENSG00000235700.1 1 157098154 157098154 + 13 715168 1_internal_17322 1 157813322 158365570 163 152.255 1.03105 11.5495 0.0698389 0.14375 0.626866 0.604033
ENSG00000117036.7 1 157108266 157108266 - 12 -413650 1_internal_27406 1 157521916 157927440 163 184.808 0.976476 14.415 0.0853167 0.132501 0.646766 0.641223
ENSG00000132704.11 1 157746922 157746922 - 11 0 1_internal_27406 1 157521916 157927440 163 163.716 0.904113 10.5649 0.012042 0.197722 0.179104 0.149821
ENSG00000163534.10 1 157789895 157789895 - 12 0 1_internal_27406 1 157521916 157927440 163 162.522 1.06327 11.4867 0.00142705 0.239892 0.00995025 0.0124404
ENSG00000158473.6 1 158149737 158149737 + 12 0 1_internal_16587 1 158117094 158152042 163 155.869 0.911425 9.26412 6.26149e-12 0.50172 0.00497512 1.26563e-09
ENSG00000163554.6 1 158656488 158656488 - 13 521957 1_internal_18060 1 158116699 158134531 163 148.005 1.05614 11.0131 0.0144424 0.189255 0.19403 0.176858
ENSG00000180409.2 1 158779125 158779125 - 13 -19087 1_internal_16329 1 158798212 158988819 163 176.912 1.0473 15.3834 0.0217079 -0.179518 0.268657 0.210205
ENSG00000163563.7 1 158801107 158801107 + 13 0 1_internal_16329 1 158798212 158988819 163 162.14 0.959703 11.4415 0.0138356 0.188978 0.169154 0.163953
ENSG00000163564.10 1 158900586 158900586 + 14 0 1_internal_16329 1 158798212 158988819 163 172.885 1.04799 14.1037 0.0292287 -0.169173 0.308458 0.276311
ENSG00000163565.14 1 158969758 158969758 + 13 0 1_internal_16329 1 158798212 158988819 163 179.316 1.03036 13.7229 0.00476082 0.224176 0.0298507 0.0370138
ENSG00000265589.1 1 159029039 159029039 + 13 586025 1_internal_17887 1 159615064 159635004 163 154.086 1.13456 14.3333 0.207759 -0.096251 0.955224 0.963979
ENSG00000163568.9 1 159116886 159116886 - 15 888115 1_internal_20642 1 158169497 158228771 163 176.244 1.01688 16.446 0.00441431 -0.22319 0.0447761 0.0465587
ENSG00000158716.4 1 159750722 159750722 + 15 314862 1_internal_25430 1 160065584 160470447 163 181.131 0.990112 14.1468 0.020141 -0.183915 0.20398 0.187952
ENSG00000181036.9 1 159770301 159770301 + 16 938170 1_internal_18034 1 160708471 160738644 163 146.238 0.991564 13.3395 0.0512064 0.152055 0.59204 0.594719
ENSG00000158714.6 1 159796540 159796540 + 16 0 1_internal_26062 1 159130732 160054624 163 179.3 1.00225 18.0206 0.0209794 0.176875 0.243781 0.243878
ENSG00000188004.5 1 159825137 159825137 - 19 0 1_internal_26062 1 159130732 160054624 163 160.421 0.945128 16.4065 0.0517033 0.150719 0.577114 0.619243
ENSG00000243284.1 1 159832447 159832447 - 19 -966289 1_internal_21848 1 160798736 160804736 163 155.216 0.975795 16.565 0.0190592 -0.180295 0.328358 0.321447
ENSG00000256029.1 1 159842843 159842843 - 19 -24751 1_internal_16747 1 159867594 159896412 163 160.644 1.04551 17.4207 0.0363974 0.168878 0.482587 0.467333
ENSG00000266458.1 1 159869869 159869869 - 20 -979420 1_internal_16615 1 160849289 160855354 163 142.816 1.03192 13.5559 0.0173539 -0.190855 0.298507 0.285908
ENSG00000213085.5 1 159869953 159869953 - 20 881134 1_internal_16329 1 158798212 158988819 163 178.902 1.05056 24.3645 0.0330848 0.17166 0.472637 0.443784
ENSG00000269620.1 1 159880159 159880159 - 20 -944232 1_internal_17615 1 160824391 160992260 163 153.847 1.11274 19.2862 0.0389292 0.164048 0.567164 0.537903
ENSG00000158710.10 1 159895522 159895522 - 20 0 1_internal_16747 1 159867594 159896412 163 167.298 0.989045 22.6976 4.1625e-05 0.323842 0.00497512 0.000812307
ENSG00000085552.12 1 159915386 159915386 - 20 18974 1_internal_16747 1 159867594 159896412 163 197.319 0.895618 27.1046 0.00189113 0.234518 0.0298507 0.0268669
ENSG00000260766.1 1 159996584 159996584 - 20 -69000 1_internal_25430 1 160065584 160470447 163 150.488 0.945983 15.5382 0.0207436 0.172157 0.358209 0.365107
ENSG00000143315.5 1 160001783 160001783 - 20 0 1_internal_26062 1 159130732 160054624 163 158.256 0.903467 17.8691 0.0082022 0.195017 0.199005 0.188385
ENSG00000162729.9 1 160068733 160068733 - 21 -458147 1_internal_17489 1 160526880 160656851 163 166.215 1.02815 22.6602 0.0178679 0.190555 0.328358 0.30549
ENSG00000143318.8 1 160160285 160160285 + 22 888924 1_internal_18884 1 161049209 161060426 163 163.796 1.0674 24.535 0.0336493 -0.158361 0.527363 0.532926
ENSG00000162734.8 1 160175127 160175127 + 21 -120503 1_internal_26062 1 159130732 160054624 163 155.932 1.08174 21.6045 0.0226153 -0.171286 0.39801 0.392607
ENSG00000227741.1 1 160178659 160178659 - 21 -791218 1_internal_19829 1 160969877 160979951 163 164.417 0.975726 18.4488 0.0258059 0.168539 0.343284 0.386911
ENSG00000228606.1 1 160231534 160231534 + 21 -813740 1_internal_22814 1 159244282 159417794 163 151.332 1.02976 16.8412 0.224995 0.0958479 0.995025 0.990064
ENSG00000132716.12 1 160254920 160254920 - 21 200296 1_internal_26062 1 159130732 160054624 163 172.614 0.914045 18.4441 0.0116846 -0.189374 0.189055 0.193564
ENSG00000258465.1 1 160254920 160254920 - 21 -594369 1_internal_16615 1 160849289 160855354 163 194.374 0.831446 22.8438 0.00192516 0.23197 0.039801 0.0340014
ENSG00000162735.13 1 160256138 160256138 - 21 -503429 1_internal_17131 1 160759567 160771795 163 174.541 0.98075 21.5688 0.0644301 0.144886 0.716418 0.716327
ENSG00000235082.2 1 160287193 160287193 + 21 -390781 1_internal_16747 1 159867594 159896412 163 150.377 1.14968 20.1366 0.103096 -0.130563 0.915423 0.896906
ENSG00000202078.1 1 160296006 160296006 - 21 -507903 1_internal_18636 1 160803909 160847704 163 151.682 1.08194 18.7035 0.0348314 -0.169319 0.492537 0.512884
ENSG00000162736.11 1 160313062 160313062 + 21 395409 1_internal_18034 1 160708471 160738644 163 152.876 1.03268 19.0172 0.0413059 0.155925 0.621891 0.594756
ENSG00000122218.10 1 160313190 160313190 - 21 895396 1_internal_22814 1 159244282 159417794 163 154.659 1.06944 19.315 0.0371179 0.162321 0.532338 0.535078
ENSG00000171786.5 1 160336857 160336857 + 21 92802 1_internal_22813 1 160429659 160532484 163 174.652 1.0194 21.9906 0.0395432 0.161996 0.467662 0.513766
ENSG00000162739.9 1 160493052 160493052 - 23 -29871 1_internal_19780 1 160522923 160551948 163 148.037 1.14528 19.9623 0.000164195 0.29858 0.00497512 0.0029647
ENSG00000264286.1 1 160515535 160515535 - 23 0 1_internal_22813 1 160429659 160532484 163 149.708 1.05584 19.1104 0.00315412 0.234132 0.0696517 0.072971
ENSG00000066294.10 1 160549306 160549306 - 24 0 1_internal_19780 1 160522923 160551948 163 166.979 0.93939 21.4715 4.71672e-09 0.451028 0.00497512 1.83418e-07
ENSG00000117090.9 1 160617085 160617085 - 25 -792108 1_internal_19624 1 161409193 161427521 163 152.956 0.984885 18.685 0.0412882 0.162736 0.636816 0.608484
ENSG00000235101.1 1 160639938 160639938 + 24 7743 1_internal_18824 1 160647681 160663798 163 182.977 0.949462 28.161 0.0317477 0.168078 0.502488 0.503295
ENSG00000228863.3 1 160640568 160640568 + 24 7113 1_internal_18824 1 160647681 160663798 163 148.276 0.958452 18.4259 2.38654e-05 0.318406 0.00497512 0.00139306
ENSG00000227239.2 1 160667760 160667760 + 24 91807 1_internal_17131 1 160759567 160771795 163 159.355 0.997881 21.3423 0.0597426 0.147933 0.766169 0.749515
ENSG00000117091.5 1 160681641 160681641 - 24 17843 1_internal_18824 1 160647681 160663798 163 154.866 1.06893 23.1195 2.27054e-05 0.318259 0.00497512 0.000501853
ENSG00000026751.11 1 160709037 160709037 + 24 700156 1_internal_19624 1 161409193 161427521 163 151.157 1.04831 20.2359 0.0127997 -0.17994 0.258706 0.265252
ENSG00000122223.8 1 160832692 160832692 - 24 0 1_internal_17615 1 160824391 160992260 163 164.974 1.12103 26.477 0.00998089 0.196712 0.169154 0.178655
ENSG00000213080.3 1 160864770 160864770 + 24 105107 1_internal_19829 1 160969877 160979951 163 139.473 1.08646 18.9486 0.0150404 0.191067 0.358209 0.335706
ENSG00000158764.6 1 160924589 160924589 - 24 372641 1_internal_19780 1 160522923 160551948 163 144.662 1.07799 19.0774 0.135153 0.109019 0.960199 0.957801
ENSG00000232879.2 1 161004624 161004624 + 24 -232829 1_internal_17131 1 160759567 160771795 163 169.813 0.965942 23.9764 0.00142206 -0.235402 0.0248756 0.0306203
ENSG00000215845.6 1 161008780 161008780 - 24 538333 1_internal_25430 1 160065584 160470447 163 184.123 0.89236 28.3605 0.0301592 0.166901 0.502488 0.509106
ENSG00000158769.11 1 161008784 161008784 - 24 153430 1_internal_16615 1 160849289 160855354 163 150.727 0.970591 19.1093 0.0306823 -0.166547 0.502488 0.534218
ENSG00000158773.10 1 161015767 161015767 - 24 0 1_internal_16523 1 161007683 161137340 163 158.654 0.940615 20.7113 0.00407359 0.225475 0.114428 0.107279
ENSG00000268154.1 1 161035655 161035655 + 24 -986990 1_internal_16239 1 160032489 160048665 163 187.291 1.00609 31.6055 0.0229931 -0.174497 0.378109 0.372593
ENSG00000186517.9 1 161039760 161039760 - 25 301116 1_internal_18034 1 160708471 160738644 163 155.646 1.0935 24.4368 0.00135836 -0.243791 0.0248756 0.0299071
ENSG00000143217.6 1 161059389 161059389 - 23 -432267 1_internal_18901 1 161491656 161536575 163 122.441 1.30096 17.1477 0.0353417 0.166834 0.636816 0.590087
ENSG00000162755.9 1 161068151 161068151 + 23 -75891 1_internal_17615 1 160824391 160992260 163 162.395 1.00346 23.8086 0.0950209 0.13244 0.915423 0.908137
ENSG00000158793.9 1 161087876 161087876 + 23 -316081 1_internal_17131 1 160759567 160771795 163 160.676 1.02813 21.3547 0.0121358 0.196573 0.238806 0.22831
ENSG00000143256.4 1 161087901 161087901 - 23 -950608 1_internal_21597 1 162038509 162228217 163 155.089 0.933494 17.8663 0.0210279 -0.181981 0.378109 0.38956
ENSG00000158796.10 1 161102478 161102478 - 23 363834 1_internal_18034 1 160708471 160738644 163 159.132 0.920006 21.3073 0.0786976 -0.134706 0.875622 0.858886
ENSG00000143222.7 1 161122566 161122566 + 23 0 1_internal_16523 1 161007683 161137340 163 173.617 0.924248 24.532 0.0110053 0.198741 0.199005 0.223772
ENSG00000224985.1 1 161129139 161129139 - 23 0 1_internal_16523 1 161007683 161137340 163 179.061 0.914124 23.9267 0.074283 0.142177 0.79602 0.80628
ENSG00000143258.11 1 161129240 161129240 + 23 909269 1_internal_21597 1 162038509 162228217 163 157.365 0.994785 19.6646 0.0229042 -0.180058 0.38806 0.399599
ENSG00000143224.12 1 161136200 161136200 + 23 0 1_internal_16523 1 161007683 161137340 163 136.067 1.11806 18.4164 0.00321945 0.230507 0.104478 0.0919987
ENSG00000158850.10 1 161147287 161147287 - 23 9947 1_internal_16523 1 161007683 161137340 163 176.307 1.0411 29.5863 0.0918762 0.134305 0.905473 0.907684
ENSG00000158864.8 1 161166894 161166894 + 23 -186943 1_internal_19829 1 160969877 160979951 163 160.469 1.08288 25.0543 0.0627712 0.144513 0.776119 0.790432
ENSG00000158869.6 1 161185024 161185024 + 23 -633076 1_internal_19780 1 160522923 160551948 163 150.473 0.937718 17.256 0.00855308 0.20389 0.189055 0.206014
ENSG00000268387.1 1 161190160 161190160 + 23 -129734 1_internal_18884 1 161049209 161060426 163 131.642 1.10802 16.2038 0.0194914 0.186667 0.41791 0.396527
ENSG00000158874.6 1 161193421 161193421 - 23 132995 1_internal_18884 1 161049209 161060426 163 149.708 1.2054 23.0341 0.0110534 0.199518 0.223881 0.210142
ENSG00000158882.8 1 161195793 161195793 + 23 -215842 1_internal_19829 1 160969877 160979951 163 143.914 1.09098 19.6166 0.0244611 0.174447 0.477612 0.456048
ENSG00000263548.1 1 161196976 161196976 + 23 -204716 1_internal_17615 1 160824391 160992260 163 200.821 0.827062 38.0462 0.0257903 -0.173703 0.422886 0.489293
ENSG00000143257.7 1 161208092 161208092 - 23 544294 1_internal_18824 1 160647681 160663798 163 138.884 1.07255 16.4018 0.0186379 0.182283 0.39801 0.358644
ENSG00000248485.1 1 161228517 161228517 + 23 -456722 1_internal_17131 1 160759567 160771795 163 176.753 0.956441 29.0915 0.05571 -0.149592 0.736318 0.762966
ENSG00000158887.11 1 161279762 161279762 - 23 747278 1_internal_22813 1 160429659 160532484 163 156.84 1.0574 21.0318 0.0400482 -0.157181 0.59204 0.587178
ENSG00000143252.9 1 161284047 161284047 + 23 -291787 1_internal_17615 1 160824391 160992260 163 163.716 1.06989 23.5994 0.021992 -0.182793 0.412935 0.371277
ENSG00000188931.3 1 161337664 161337664 - 24 200324 1_internal_16523 1 161007683 161137340 163 153.163 0.977516 19.5989 0.0607721 0.147734 0.746269 0.761874
ENSG00000235477.1 1 161337812 161337812 + 24 -490108 1_internal_18636 1 160803909 160847704 163 146.684 1.11653 21.05 0.1755 -0.105719 0.985075 0.987977
ENSG00000206921.1 1 161371079 161371079 + 24 -724525 1_internal_20794 1 160625889 160646554 163 160.485 1.06775 23.1378 0.0585696 -0.137976 0.761194 0.742185
ENSG00000215840.3 1 161375858 161375858 + 24 662651 1_internal_21597 1 162038509 162228217 163 172.981 1.04784 26.1818 0.00132748 -0.251631 0.0199005 0.0200231
ENSG00000143226.8 1 161475220 161475220 + 24 16436 1_internal_18901 1 161491656 161536575 163 159.578 0.929946 17.8832 6.31088e-05 0.311803 0.00497512 0.00219827
ENSG00000173110.6 1 161494036 161494036 + 24 0 1_internal_18901 1 161491656 161536575 163 144.344 1.17224 21.8524 5.05875e-13 0.528162 0.00497512 4.7578e-12
ENSG00000224203.1 1 161507950 161507950 - 24 0 1_internal_25100 1 161456492 161711824 163 182.786 0.87677 23.285 0.000171159 -0.270824 0.0199005 0.0037006
ENSG00000224515.1 1 161526868 161526868 - 24 994384 1_internal_22813 1 160429659 160532484 163 174.286 0.877422 23.7718 0.0269832 0.174328 0.492537 0.475395
ENSG00000072694.14 1 161551101 161551101 + 23 0 1_internal_25100 1 161456492 161711824 163 170.45 0.932187 21.7625 0.0265628 0.171922 0.437811 0.435271
ENSG00000244682.3 1 161551129 161551129 + 23 12964 1_internal_23489 1 161564093 161617964 163 172.726 0.936464 21.0227 2.17228e-11 0.512074 0.00497512 5.09178e-10
ENSG00000225217.1 1 161576081 161576081 + 22 0 1_internal_23489 1 161564093 161617964 163 168.253 1.07123 23.6662 9.44019e-06 0.339341 0.00497512 8.34824e-05
ENSG00000231586.1 1 161589375 161589375 - 22 784639 1_internal_21848 1 160798736 160804736 163 154.261 1.0138 18.2983 0.00185019 -0.235377 0.039801 0.0419575
ENSG00000203747.5 1 161600917 161600917 - 22 0 1_internal_23489 1 161564093 161617964 163 161.424 0.994212 19.3969 3.91552e-10 0.474491 0.00497512 1.02918e-08
ENSG00000162747.5 1 161601753 161601753 - 22 0 1_internal_23489 1 161564093 161617964 163 173.108 0.914073 19.8973 5.42826e-17 0.616221 0.00497512 2.85353e-15
ENSG00000231813.1 1 161608218 161608218 - 22 71643 1_internal_18901 1 161491656 161536575 163 162.57 0.995537 21.7533 0.00230258 0.237244 0.0497512 0.0503103
ENSG00000234211.1 1 161644614 161644614 - 22 789260 1_internal_16615 1 160849289 160855354 163 168.635 1.03211 19.2544 0.019973 0.1799 0.278607 0.279988
ENSG00000213075.7 1 161655042 161655042 - 21 0 1_internal_25100 1 161456492 161711824 163 145.602 0.973623 17.1895 0.0984686 0.129408 0.890547 0.890342
ENSG00000162746.10 1 161691353 161691353 + 19 0 1_internal_25100 1 161456492 161711824 163 149.549 1.09337 18.3138 5.93862e-15 0.551937 0.00497512 1.06154e-13
ENSG00000081721.6 1 161719548 161719548 + 19 -7724 1_internal_25100 1 161456492 161711824 163 147.958 1.09069 17.9257 0.000671629 0.264244 0.00995025 0.0144192
ENSG00000118217.5 1 161736084 161736084 + 19 -880730 1_internal_16615 1 160849289 160855354 163 159.243 1.00005 18.3741 0.0139082 0.188151 0.248756 0.243246
ENSG00000229808.1 1 161860623 161860623 + 14 24063 1_internal_20343 1 161884686 161889970 163 184.314 0.892679 14.1708 0.0321764 0.168532 0.313433 0.328814
ENSG00000162745.5 1 161993644 161993644 - 13 -310836 1_internal_18216 1 162304480 162359922 163 175.384 0.91882 13.2605 0.167515 0.108903 0.890547 0.902286
ENSG00000198929.8 1 162039564 162039564 + 13 0 1_internal_21597 1 162038509 162228217 163 141.383 1.10574 10.0433 1.62478e-05 0.338275 0.00497512 0.000262013
ENSG00000239887.3 1 162336698 162336698 + 10 -108481 1_internal_21597 1 162038509 162228217 163 158.32 0.966036 10.3614 0.000410917 0.28221 0.00497512 0.00623588
ENSG00000198574.4 1 162381928 162381928 - 10 0 1_internal_17375 1 162381153 162395300 163 157.429 1.00104 9.0444 2.32214e-05 0.317373 0.00497512 0.000287434
ENSG00000152332.11 1 162467041 162467041 + 9 -71741 1_internal_17375 1 162381153 162395300 163 150.186 1.04257 7.32925 3.49055e-06 0.333797 0.00497512 4.04643e-05
ENSG00000259788.1 1 162531098 162531098 - 9 994523 1_internal_18901 1 161491656 161536575 163 141.176 1.09647 7.58849 0.0295011 0.175593 0.243781 0.242804
ENSG00000117143.8 1 162531321 162531321 + 9 -906926 1_internal_16088 1 161539967 161624395 163 150.95 1.01383 7.29373 0.0054841 0.208763 0.0547264 0.051304
ENSG00000162733.11 1 162601163 162601163 + 8 -241241 1_internal_18216 1 162304480 162359922 163 161.536 0.972265 7.98126 0.11161 0.126924 0.597015 0.628407
ENSG00000132196.8 1 162760492 162760492 + 5 -400570 1_internal_18216 1 162304480 162359922 163 188.103 1.00002 4.8393 0.0113151 0.194383 0.0298507 0.0310638
ENSG00000143228.8 1 163236366 163236366 + 3 -876444 1_internal_18216 1 162304480 162359922 163 187.896 1.00001 3.32374 0.0286119 -0.174363 0.0895522 0.060968
ENSG00000232995.2 1 163291684 163291684 - 3 388452 1_internal_23260 1 162888073 162903232 163 146.047 1.00003 2.72653 0.0407619 0.160935 0.134328 0.137554
ENSG00000143198.7 1 165600098 165600098 + 6 0 1_internal_19653 1 165567022 165616556 163 160.883 1.07671 6.23172 0.000133629 0.284684 0.00497512 0.000523809
ENSG00000206990.1 1 165631924 165631924 - 6 268477 1_internal_23190 1 165340841 165363447 163 162.809 0.924663 5.64409 0.366328 0.0707329 0.920398 0.932987
ENSG00000230175.1 1 165640493 165640493 + 6 13554 1_internal_23721 1 165654047 165668621 163 176.96 0.974198 6.13653 0.0215258 0.173467 0.0995025 0.104542
ENSG00000225272.2 1 165645547 165645547 + 6 150030 1_internal_19373 1 165795577 165845806 163 169.526 0.92538 5.84554 0.00369972 0.223957 0.039801 0.0246525
ENSG00000215838.3 1 165667987 165667987 + 6 127590 1_internal_19373 1 165795577 165845806 163 154.118 1.08001 6.53512 0.187762 0.0983752 0.751244 0.743469
ENSG00000143149.8 1 165668100 165668100 - 6 0 1_internal_23721 1 165654047 165668621 163 163.175 1.04793 6.08652 0.156539 0.111269 0.651741 0.625737
ENSG00000241270.1 1 165677520 165677520 + 6 -262927 1_internal_19165 1 165344605 165414593 163 192.353 0.844585 7.07727 0.2289 -0.0925708 0.825871 0.822107
ENSG00000224358.1 1 165738166 165738166 + 6 -374719 1_internal_23190 1 165340841 165363447 163 154.961 1.17551 6.49468 0.109717 0.119278 0.537313 0.485986
ENSG00000143179.7 1 165796768 165796768 + 6 0 1_internal_25165 1 165737218 165828853 163 190.793 0.922068 6.83546 0.0897012 0.133801 0.41791 0.411928
ENSG00000143183.11 1 165796992 165796992 - 6 0 1_internal_25165 1 165737218 165828853 163 179.013 0.962488 6.42513 0.00285021 0.233608 0.0149254 0.0135303
ENSG00000215835.2 1 166246834 166246834 - 9 578213 1_internal_23721 1 165654047 165668621 163 164.13 1.02879 8.11754 0.121588 0.119964 0.631841 0.635177
ENSG00000143157.7 1 166808681 166808681 + 8 -979828 1_internal_25165 1 165737218 165828853 163 162.411 1.06382 8.20433 0.136693 -0.118519 0.691542 0.679412
ENSG00000152382.5 1 166845564 166845564 - 7 -875695 1_internal_21733 1 167721259 167738518 163 150.934 1.09245 7.66482 0.00259101 0.231684 0.0248756 0.0197211
ENSG00000143190.14 1 167190066 167190066 + 7 46538 1_internal_21077 1 167236604 167260647 163 208.127 0.900994 8.73396 0.0383237 0.156227 0.238806 0.193095
ENSG00000198821.6 1 167487847 167487847 - 8 412329 1_internal_19418 1 167051450 167075518 163 143.883 0.956244 6.35787 0.0197083 0.181689 0.169154 0.183922
ENSG00000143162.7 1 167523004 167523004 - 9 447486 1_internal_19418 1 167051450 167075518 163 138.789 1.08649 7.60747 0.102866 0.127896 0.626866 0.626872
ENSG00000231029.2 1 167560629 167560629 + 9 -316937 1_internal_21428 1 167191043 167243692 163 150.154 1.10467 7.97714 0.0203041 -0.184214 0.149254 0.153306
ENSG00000241666.1 1 167596622 167596622 + 9 838260 1_internal_24156 1 168434882 168506819 163 167.616 1.05231 8.18259 0.0380014 -0.153048 0.238806 0.233738
ENSG00000198771.6 1 167599330 167599330 + 9 -41104 1_internal_18637 1 167530923 167558226 163 176.976 1.06367 10.8453 0.0587408 0.145416 0.402985 0.38958
ENSG00000197965.7 1 167690429 167690429 + 9 30830 1_internal_21733 1 167721259 167738518 163 168.635 0.948676 8.64813 2.09717e-19 0.611456 0.00497512 3.89517e-18
ENSG00000250762.1 1 167789486 167789486 - 9 50968 1_internal_21733 1 167721259 167738518 163 193.642 0.948365 10.8757 1.72364e-08 0.43458 0.00497512 2.29342e-08
ENSG00000232194.1 1 167789644 167789644 + 9 -51126 1_internal_21733 1 167721259 167738518 163 190.236 0.895385 11.6089 6.05819e-07 0.370171 0.00497512 3.65357e-06
ENSG00000143199.12 1 167883453 167883453 - 9 144935 1_internal_21733 1 167721259 167738518 163 182.913 0.97607 9.68549 7.59023e-11 0.482086 0.00497512 9.22708e-11
ENSG00000143164.11 1 167905021 167905021 + 9 -166503 1_internal_21733 1 167721259 167738518 163 159.132 1.02106 9.49922 0.000158096 0.293962 0.00497512 0.00156117
ENSG00000143158.6 1 167906278 167906278 - 9 167760 1_internal_21733 1 167721259 167738518 163 203.177 0.946684 11.2549 0.000761552 0.261069 0.00497512 0.00272417
ENSG00000235471.1 1 168054469 168054469 - 10 -955401 1_internal_24900 1 169009870 169296799 163 165.802 1.00552 9.91791 0.126549 -0.116754 0.746269 0.727023
ENSG00000143147.10 1 168106821 168106821 - 9 863129 1_internal_21428 1 167191043 167243692 163 165.483 1.0065 10.3186 0.0595028 0.144508 0.447761 0.45468
ENSG00000143155.8 1 168148171 168148171 + 9 286711 1_internal_24156 1 168434882 168506819 163 167.489 1.00099 9.04211 0.00655856 0.212757 0.0447761 0.0515484
ENSG00000213064.4 1 168195176 168195176 + 9 303082 1_internal_18008 1 168498258 168527405 163 161.233 1.10853 8.73295 0.0464474 0.150701 0.348259 0.29941
ENSG00000214262.3 1 168216581 168216581 - 9 -793289 1_internal_24900 1 169009870 169296799 163 156.744 0.930997 7.46284 0.0114008 0.19956 0.129353 0.112824
ENSG00000206880.1 1 168232719 168232719 - 9 -265539 1_internal_18008 1 168498258 168527405 163 196.253 0.830145 9.49428 0.0161806 -0.183067 0.124378 0.124207
ENSG00000143178.8 1 168250278 168250278 + 8 -511760 1_internal_21733 1 167721259 167738518 163 179.873 0.920762 8.26618 0.043393 0.154881 0.253731 0.282846
ENSG00000143153.7 1 169074935 169074935 + 8 -547530 1_internal_18008 1 168498258 168527405 163 181.162 1.09178 10.1328 0.441343 -0.0607981 0.99005 0.994865
ENSG00000143156.9 1 169337205 169337205 - 7 -232656 1_internal_18741 1 169569861 169681890 163 146.843 1.05782 6.16512 0.0407406 0.165651 0.263682 0.257016
ENSG00000117475.9 1 169337208 169337208 + 7 109832 1_internal_17552 1 169447040 169456833 163 156.919 0.914664 6.1546 0.113014 0.127097 0.552239 0.583101
ENSG00000234437.1 1 169429690 169429690 - 7 132891 1_internal_24900 1 169009870 169296799 163 173.363 1.06797 7.78064 0.0999945 0.132649 0.512438 0.488445
ENSG00000117477.8 1 169429907 169429907 - 7 923088 1_internal_24156 1 168434882 168506819 163 176.085 1.00458 7.40689 0.0335789 0.165073 0.149254 0.182906
ENSG00000234604.2 1 169443397 169443397 - 7 -3643 1_internal_17552 1 169447040 169456833 163 178.186 0.959358 8.34389 0.0964154 0.128344 0.532338 0.529785
ENSG00000117479.7 1 169455241 169455241 - 7 0 1_internal_17552 1 169447040 169456833 163 187.354 0.866032 6.73736 1.07443e-06 0.353454 0.00497512 7.44128e-06
ENSG00000213062.3 1 169455380 169455380 + 7 114481 1_internal_18741 1 169569861 169681890 163 140.556 1.14543 7.0265 0.103422 0.129336 0.58209 0.567103
ENSG00000198734.6 1 169555826 169555826 - 6 -14035 1_internal_18741 1 169569861 169681890 163 186.145 0.944769 7.54311 0.0528475 0.148034 0.273632 0.280744
ENSG00000174175.11 1 169599380 169599380 - 6 -25576 1_internal_16324 1 169624956 169638516 163 177.549 0.973788 5.42847 2.56962e-11 0.486019 0.00497512 3.52484e-11
ENSG00000000460.11 1 169631245 169631245 + 6 875187 1_internal_22226 1 170506432 170532912 163 158.607 1.07476 6.13945 0.0986219 0.130768 0.497512 0.454343
ENSG00000188404.4 1 169680839 169680839 - 6 0 1_internal_18741 1 169569861 169681890 163 169.781 0.990816 5.61867 5.92431e-16 0.573297 0.00497512 1.14907e-15
ENSG00000171806.7 1 169764107 169764107 - 6 82217 1_internal_18741 1 169569861 169681890 163 178.552 0.938188 5.65441 0.104976 -0.128536 0.467662 0.44162
ENSG00000239494.2 1 169828897 169828897 + 6 -190381 1_internal_16324 1 169624956 169638516 163 165.037 0.999984 5.39332 0.0860769 0.133649 0.38806 0.377492
ENSG00000000457.8 1 169863408 169863408 - 6 406575 1_internal_17552 1 169447040 169456833 163 160.851 1.14763 6.4422 0.15862 -0.109585 0.656716 0.623161
ENSG00000232959.1 1 169993218 169993218 + 6 -354702 1_internal_16324 1 169624956 169638516 163 169.495 0.919326 5.96196 0.0643937 -0.146174 0.313433 0.343023
ENSG00000075945.8 1 170054349 170054349 - 6 597516 1_internal_17552 1 169447040 169456833 163 156.394 0.971847 5.58869 0.103865 0.12584 0.492537 0.495403
ENSG00000120370.7 1 170501270 170501270 + 5 5162 1_internal_22226 1 170506432 170532912 163 155.391 0.999983 4.67541 0.000320731 0.277824 0.00497512 0.00207235
ENSG00000076258.5 1 171283347 171283347 + 6 -750435 1_internal_22226 1 170506432 170532912 163 169.319 0.938141 5.48685 0.142744 0.115748 0.58209 0.576805
ENSG00000117523.11 1 171454651 171454651 + 7 518244 1_internal_19185 1 171972895 172330578 163 168.269 0.978469 7.56638 0.000565953 0.270686 0.00497512 0.00395804
ENSG00000239373.2 1 171461550 171461550 + 7 -928638 1_internal_22226 1 170506432 170532912 163 143.867 0.999195 6.49399 0.0687761 0.144664 0.447761 0.448133
ENSG00000201126.1 1 171489052 171489052 - 7 83659 1_internal_21056 1 171334697 171405393 163 141.781 1.04784 6.25019 0.409821 0.0665429 0.970149 0.971639
ENSG00000233328.3 1 171640079 171640079 - 7 234686 1_internal_21056 1 171334697 171405393 163 199.5 0.918603 8.52423 0.354573 0.0719838 0.975124 0.96162
ENSG00000117533.10 1 171711387 171711387 - 7 -23824 1_internal_19876 1 171735211 171775860 163 164.783 1.11877 7.46734 0.0142876 0.194362 0.0895522 0.0714863
ENSG00000010165.14 1 171750788 171750788 + 8 665088 1_internal_18654 1 172415876 172488048 163 175.432 1.0056 8.64484 0.047005 -0.156804 0.293532 0.290542
ENSG00000197959.9 1 171810621 171810621 + 9 162274 1_internal_19185 1 171972895 172330578 163 164.464 1.00578 8.17034 0.0945274 0.134515 0.537313 0.54719
ENSG00000180999.6 1 172389828 172389828 + 13 908455 1_internal_17923 1 173298283 173330508 163 179.666 0.956719 13.2819 0.0135718 0.188804 0.179104 0.133093
ENSG00000135845.4 1 172413230 172413230 - 13 -978065 1_internal_16770 1 173391295 173399773 163 183.248 1.0181 14.9957 0.151171 0.111443 0.865672 0.86797
ENSG00000094975.8 1 172501489 172501489 + 13 45718 1_internal_25230 1 172547207 172703752 163 183.232 0.953611 16.6886 0.00857924 0.196069 0.0895522 0.0970308
ENSG00000226375.1 1 173144642 173144642 - 13 -153641 1_internal_17923 1 173298283 173330508 163 156.299 1.10248 15.339 0.029021 0.172746 0.383085 0.350834
ENSG00000117586.6 1 173176452 173176452 - 12 -121831 1_internal_17923 1 173298283 173330508 163 178.568 0.863235 11.7346 0.00912166 0.211686 0.109453 0.107815
ENSG00000251817.1 1 173250216 173250216 + 12 48067 1_internal_17923 1 173298283 173330508 163 167.075 0.990246 12.1351 0.00335904 0.232573 0.0547264 0.0369289
ENSG00000232751.1 1 173320828 173320828 + 12 -450086 1_internal_19770 1 172713850 172870742 163 240.361 0.81638 21.1275 0.0226978 0.17968 0.19403 0.17819
ENSG00000231615.2 1 173332872 173332872 - 11 2364 1_internal_17923 1 173298283 173330508 163 157.031 0.960649 8.80431 0.0110237 0.200791 0.109453 0.11694
ENSG00000203739.3 1 173430501 173430501 - 11 942453 1_internal_18654 1 172415876 172488048 163 152.478 1.01981 10.6744 0.0151494 -0.190991 0.208955 0.176423
ENSG00000117592.8 1 173446405 173446405 + 11 -742653 1_internal_25230 1 172547207 172703752 163 164.846 1.08048 11.5682 0.00818737 0.197795 0.0696517 0.0692717
ENSG00000076321.6 1 173684080 173684080 + 10 -980328 1_internal_25230 1 172547207 172703752 163 176.276 1.0167 12.3296 0.191206 -0.10277 0.920398 0.902694
ENSG00000200674.1 1 173760686 173760686 + 9 213186 1_internal_20215 1 173973872 174712629 163 194.088 0.897492 9.87914 0.0405433 0.160453 0.293532 0.269436
ENSG00000117593.8 1 173793641 173793641 + 10 -463133 1_internal_17923 1 173298283 173330508 163 153.624 1.07818 9.4387 0.0977046 0.12764 0.60199 0.628842
ENSG00000120334.11 1 173793858 173793858 - 10 -180014 1_internal_20215 1 173973872 174712629 163 181.847 0.964119 11.0753 0.100848 -0.130651 0.626866 0.632424
ENSG00000200710.1 1 173833360 173833360 - 9 745432 1_internal_16946 1 173080160 173087928 163 166.709 0.972166 8.65288 0.0413305 -0.155837 0.323383 0.30435
ENSG00000202394.1 1 173833583 173833583 - 9 503075 1_internal_17923 1 173298283 173330508 163 169.94 0.847971 8.37022 0.0181808 0.182974 0.18408 0.179789
ENSG00000201692.2 1 173834046 173834046 - 9 503538 1_internal_17923 1 173298283 173330508 163 136.465 1.16292 8.32396 0.0394948 0.15977 0.353234 0.328854
