ENSG00000183474.10 5 68856035 68856035 + 4 -223585 5_internal_10532 5 68590811 68632450 163 171.452 0.999962 4.02759 3.12483e-06 0.354148 0.00497512 6.9881e-06
ENSG00000248477.2 5 68902926 68902926 + 4 0 5_internal_10135 5 68901681 70313920 163 139.457 0.999939 3.51802 0.0280834 0.172548 0.114428 0.140991
ENSG00000250138.3 5 68927790 68927790 + 4 0 5_internal_12751 5 68855329 70328098 163 196.205 1.00001 4.46926 0.00791292 0.2011 0.0447761 0.0158236
ENSG00000269208.1 5 68931304 68931304 - 4 0 5_internal_12751 5 68855329 70328098 163 168.969 0.999993 4.41855 0.0526729 0.147591 0.233831 0.197263
ENSG00000253203.2 5 69006341 69006341 - 3 0 5_internal_12751 5 68855329 70328098 163 154.15 0.999975 2.60359 0.00121534 0.25143 0.00995025 0.0043055
ENSG00000205571.7 5 69345350 69345350 + 3 0 5_internal_12751 5 68855329 70328098 163 177.597 1.00001 3.25342 0.0383934 -0.160891 0.114428 0.0963072
ENSG00000179978.10 5 69424261 69424261 - 3 0 5_internal_10135 5 68901681 70313920 163 176.403 0.999975 3.28577 6.60214e-11 0.488358 0.00497512 3.60215e-11
ENSG00000254701.2 5 69503572 69503572 - 3 0 5_internal_12751 5 68855329 70328098 163 184.107 0.999991 3.21383 0.127699 -0.118359 0.283582 0.300936
ENSG00000253816.2 5 69580686 69580686 - 3 0 5_internal_12751 5 68855329 70328098 163 173.41 0.999991 2.94231 0.0302763 -0.164994 0.0746269 0.0729979
ENSG00000226259.5 5 69711179 69711179 + 2 0 5_internal_12751 5 68855329 70328098 163 146.413 0.999979 1.87762 2.41969e-07 0.391344 0.00497512 1.8633e-06
ENSG00000250687.2 5 69758071 69758071 + 2 0 5_internal_12751 5 68855329 70328098 163 126.755 0.999964 1.69532 0.000447502 0.269124 0.00497512 0.00334384
ENSG00000237075.4 5 69783429 69783429 + 2 0 5_internal_12751 5 68855329 70328098 163 170.768 0.999994 2.01491 5.40487e-05 0.311716 0.00497512 7.22237e-05
ENSG00000205565.6 5 69803906 69803906 + 2 0 5_internal_12751 5 68855329 70328098 163 166.215 1.00004 1.99008 0.00399793 0.218863 0.00497512 0.00725512
ENSG00000250918.2 5 69825198 69825198 + 2 0 5_internal_12751 5 68855329 70328098 163 188.517 1.00003 2.30848 2.28135e-09 0.447727 0.00497512 2.97307e-10
ENSG00000172062.12 5 70220768 70220768 + 2 0 5_internal_10135 5 68901681 70313920 163 154.977 0.999982 1.78904 3.99349e-05 0.323907 0.00497512 0.000110887
ENSG00000249437.3 5 70320941 70320941 - 2 7021 5_internal_10135 5 68901681 70313920 163 158.766 0.999967 1.91063 8.55745e-15 0.573136 0.00497512 3.63179e-14
ENSG00000254353.1 5 70330227 70330227 - 2 2129 5_internal_12751 5 68855329 70328098 163 169.654 1.00001 2.19211 1.08416e-11 0.488667 0.00497512 9.05613e-12
ENSG00000145736.9 5 70363516 70363516 - 2 49596 5_internal_10135 5 68901681 70313920 163 171.166 1.00002 2.03581 8.16536e-10 0.457323 0.00497512 6.29247e-10
ENSG00000251634.2 5 70424580 70424580 - 2 110660 5_internal_10135 5 68901681 70313920 163 145.936 1.00003 1.7945 3.18669e-07 0.391437 0.00497512 2.37385e-06
ENSG00000215630.5 5 70585611 70585611 - 2 257513 5_internal_12751 5 68855329 70328098 163 164.449 1.00002 2.03988 0.00517315 -0.21654 0.00497512 0.0101264
ENSG00000145734.13 5 70751442 70751442 + 4 -423344 5_internal_12751 5 68855329 70328098 163 142.259 1.00004 3.47955 9.47381e-07 0.383846 0.00497512 1.6269e-05
ENSG00000131844.11 5 70883115 70883115 + 6 -569195 5_internal_10135 5 68901681 70313920 163 190.522 0.85569 6.48302 0.00977473 0.202052 0.0646766 0.0568145
ENSG00000131711.10 5 71403061 71403061 + 7 383862 5_internal_10015 5 71786923 71805061 163 171.198 0.936981 6.79826 0.132388 0.122412 0.577114 0.617475
ENSG00000049883.9 5 71616194 71616194 + 7 42968 5_internal_11651 5 71659162 71696489 163 177.613 0.904379 7.42226 0.0416125 0.161073 0.268657 0.264439
ENSG00000113048.11 5 71616473 71616473 - 7 -42689 5_internal_11651 5 71659162 71696489 163 148.578 1.05295 6.11652 0.0825352 0.134975 0.437811 0.441773
ENSG00000261269.1 5 71738214 71738214 - 7 -24989 5_internal_9440 5 71763203 71769665 163 207.093 0.862689 7.17354 0.00633968 0.213399 0.0447761 0.0276626
ENSG00000178175.7 5 71803554 71803554 - 7 0 5_internal_10015 5 71786923 71805061 163 161.902 1.04925 7.47845 0.019474 0.186095 0.129353 0.124516
ENSG00000083312.11 5 72112139 72112139 + 8 0 5_internal_9541 5 72108137 72150582 163 148.706 1.02045 7.47373 0.0299668 0.164772 0.268657 0.243941
ENSG00000263593.1 5 72174418 72174418 + 8 58525 5_internal_12581 5 72232943 72734078 163 161.042 1.06993 8.21656 0.0534504 0.152905 0.368159 0.339523
ENSG00000242602.1 5 72175012 72175012 - 8 24430 5_internal_9541 5 72108137 72150582 163 174.525 0.979168 7.89797 0.00246802 0.228501 0.0199005 0.0149796
ENSG00000157107.8 5 72251808 72251808 + 8 0 5_internal_12581 5 72232943 72734078 163 172.758 0.984475 8.24998 1.33179e-06 0.372755 0.00497512 6.4363e-06
ENSG00000251467.1 5 72292747 72292747 + 8 0 5_internal_12581 5 72232943 72734078 163 158.32 1.11536 7.12771 0.0297516 0.169083 0.169154 0.167095
ENSG00000248930.1 5 72317106 72317106 - 8 0 5_internal_12581 5 72232943 72734078 163 179.825 0.987487 9.57205 0.00175254 0.237645 0.00995025 0.0102655
ENSG00000145741.10 5 72794233 72794233 + 8 -971265 5_internal_13233 5 71728711 71822968 163 158.734 0.971335 6.69579 0.0748565 0.139545 0.442786 0.4363
ENSG00000164338.5 5 72861268 72861268 + 6 37835 5_internal_10690 5 72899103 73218154 163 165.929 0.929955 5.4929 0.0968089 0.133232 0.472637 0.451388
ENSG00000164331.5 5 72861511 72861511 - 6 710929 5_internal_9541 5 72108137 72150582 163 163.732 0.938345 5.5945 0.243507 -0.0918967 0.771144 0.805582
ENSG00000248673.1 5 73832801 73832801 - 4 101192 5_internal_9313 5 73716481 73731609 163 159.18 0.999956 3.9871 1.42012e-05 0.331775 0.00497512 7.14602e-05
ENSG00000049860.9 5 73935848 73935848 + 5 -5861 5_internal_9549 5 73871529 73929987 163 150.329 0.999971 4.04381 3.08505e-13 0.522777 0.00497512 1.03101e-11
ENSG00000171617.8 5 73937249 73937249 - 5 7262 5_internal_9549 5 73871529 73929987 163 177.851 0.999995 4.78845 3.10426e-18 0.601012 0.00497512 4.45808e-19
ENSG00000207336.1 5 74021029 74021029 - 6 802875 5_internal_10690 5 72899103 73218154 163 184.537 0.930781 5.97762 0.0189788 0.184102 0.109453 0.0890037
ENSG00000164346.5 5 74062817 74062817 + 6 -331208 5_internal_9313 5 73716481 73731609 163 158.193 1.04179 6.14168 0.148979 0.11219 0.61194 0.628409
ENSG00000164347.12 5 74063196 74063196 - 6 133209 5_internal_9549 5 73871529 73929987 163 140.651 1.00003 4.93065 6.38255e-08 0.410098 0.00497512 2.51842e-06
ENSG00000198780.7 5 74162776 74162776 - 6 576761 5_internal_10369 5 73423294 73586015 163 144.583 1.00004 4.90998 0.438573 0.0610702 0.945274 0.953952
ENSG00000113161.11 5 74632154 74632154 + 8 -702167 5_internal_9549 5 73871529 73929987 163 174.859 1.00463 8.02124 0.168638 -0.110458 0.716418 0.736704
ENSG00000247372.2 5 74632739 74632739 - 8 -744997 5_internal_11519 5 75377736 75503915 163 190.267 1.06415 9.42876 0.316685 0.0753053 0.920398 0.948934
ENSG00000242198.1 5 74670288 74670288 + 8 849156 5_internal_9603 5 75519444 75521377 163 157.683 0.965654 6.97241 0.0337939 0.170507 0.243781 0.244634
ENSG00000122008.11 5 74807581 74807581 + 10 943340 5_internal_12699 5 75750921 75905641 163 174.445 0.885403 8.00778 0.118561 -0.123704 0.636816 0.64342
ENSG00000113163.9 5 74807963 74807963 - 10 -917857 5_internal_9582 5 75725820 75845181 163 165.945 1.00593 8.82602 0.12024 -0.123876 0.651741 0.663996
ENSG00000248881.1 5 74895205 74895205 - 12 -11615 5_internal_9861 5 74906820 74974717 163 170.991 0.830032 8.68202 0.15872 0.111901 0.79602 0.806876
ENSG00000189045.8 5 74907301 74907301 + 13 0 5_internal_9861 5 74906820 74974717 163 140.794 1.03969 8.68649 0.181662 -0.101309 0.850746 0.869684
ENSG00000152359.9 5 75013313 75013313 - 13 -882917 5_internal_9681 5 75896230 75937068 163 165.642 0.976084 11.9628 0.0272256 -0.173337 0.308458 0.281013
ENSG00000269850.1 5 75013465 75013465 + 13 712355 5_internal_9582 5 75725820 75845181 163 166.645 0.949064 12.8935 0.0803696 -0.137143 0.651741 0.665307
ENSG00000122012.9 5 75378997 75378997 + 14 190127 5_internal_13358 5 75569124 75798202 163 189.647 0.940586 14.1163 1.80477e-16 0.601909 0.00497512 9.59141e-17
ENSG00000254893.2 5 75470170 75470170 - 15 0 5_internal_11519 5 75377736 75503915 163 171.023 0.93347 13.032 0.0127202 0.191659 0.154229 0.153174
ENSG00000250348.1 5 75607287 75607287 - 18 -143634 5_internal_12699 5 75750921 75905641 163 139.967 1.0343 12.399 2.51073e-11 0.498756 0.00497512 4.08744e-09
ENSG00000266045.1 5 75627662 75627662 + 18 0 5_internal_13358 5 75569124 75798202 163 149.597 1.04223 12.6138 2.71546e-10 0.455865 0.00497512 8.56463e-09
ENSG00000145703.11 5 75699074 75699074 + 18 0 5_internal_13358 5 75569124 75798202 163 159.785 0.948564 14.318 7.29798e-30 0.746856 0.00497512 9.90319e-27
ENSG00000250574.1 5 75806265 75806265 + 18 -8063 5_internal_13358 5 75569124 75798202 163 196.953 0.917442 20.4162 2.23607e-17 0.593088 0.00497512 8.10803e-18
ENSG00000249713.1 5 75904795 75904795 - 18 106593 5_internal_13358 5 75569124 75798202 163 138.598 0.90836 10.3935 9.99404e-24 0.690713 0.00497512 1.15529e-17
ENSG00000164220.5 5 75919259 75919259 - 18 121057 5_internal_13358 5 75569124 75798202 163 210.595 0.812748 23.8595 4.44531e-24 0.694831 0.00497512 6.74956e-24
ENSG00000181104.6 5 76011868 76011868 + 18 -143564 5_internal_9334 5 75859266 75868304 163 148.371 1.01037 13.9552 0.026121 -0.174086 0.40796 0.376586
ENSG00000225407.3 5 76012040 76012040 - 18 166859 5_internal_9582 5 75725820 75845181 163 156.49 1.09481 18.4928 8.01408e-22 0.644695 0.00497512 1.44748e-21
ENSG00000164251.4 5 76114758 76114758 + 20 0 5_internal_8515 5 76114442 76141459 163 168.189 0.988392 21.6597 2.37362e-22 0.659863 0.00497512 1.9676e-21
ENSG00000264391.1 5 76133020 76133020 - 20 0 5_internal_8515 5 76114442 76141459 163 160.851 1.06105 17.1797 1.11851e-12 0.515383 0.00497512 5.96607e-12
ENSG00000171643.9 5 76145826 76145826 + 20 -277522 5_internal_9334 5 75859266 75868304 163 155.757 1.02137 17.4635 0.00945486 -0.200541 0.154229 0.17068
ENSG00000145708.6 5 76248538 76248538 + 20 -107079 5_internal_8515 5 76114442 76141459 163 166.932 0.937534 18.0915 0.0105806 -0.199083 0.199005 0.184728
ENSG00000164252.8 5 76325076 76325076 + 20 -821161 5_internal_11519 5 75377736 75503915 163 160.962 0.98065 16.9667 0.0404163 0.164216 0.547264 0.52363
ENSG00000238961.1 5 76376396 76376396 - 20 -547253 5_internal_10639 5 76923649 77300474 163 130.75 1.12594 13.2922 0.0469275 0.156072 0.621891 0.595313
ENSG00000250802.2 5 76382565 76382565 + 20 -584363 5_internal_13358 5 75569124 75798202 163 167.139 1.01526 20.6636 0.0393467 -0.166151 0.522388 0.53333
ENSG00000132846.5 5 76383148 76383148 - 20 972314 5_internal_9399 5 75394978 75410834 163 185.126 0.971566 21.7672 0.0362292 -0.158923 0.452736 0.445132
ENSG00000113231.9 5 76506274 76506274 + 18 0 5_internal_12925 5 76475738 76789278 163 164.99 1.10575 18.6343 2.0211e-06 0.357944 0.00497512 1.04555e-05
ENSG00000164253.8 5 76916436 76916436 - 16 127158 5_internal_12925 5 76475738 76789278 163 190.092 0.927732 19.1137 7.47701e-12 0.501781 0.00497512 1.87647e-11
ENSG00000213763.4 5 77080705 77080705 + 14 683009 5_internal_8491 5 77763714 77768779 163 149.613 1.04728 12.3632 0.12862 0.113474 0.830846 0.846335
ENSG00000171530.8 5 77164604 77164604 - 13 0 5_internal_10639 5 76923649 77300474 163 172.805 1.02698 14.7151 1.46522e-05 0.319504 0.00497512 9.23338e-05
ENSG00000253558.1 5 77339962 77339962 - 14 -177455 5_internal_11261 5 77517417 77592222 163 142.291 1.04242 11.0956 0.00777254 0.211406 0.119403 0.121391
ENSG00000222085.1 5 77352570 77352570 - 14 -164847 5_internal_11261 5 77517417 77592222 163 154.611 1.09892 12.2111 0.0024191 0.240924 0.0298507 0.0261574
ENSG00000249372.1 5 77518008 77518008 + 16 0 5_internal_11261 5 77517417 77592222 163 163.08 1.03511 15.5908 3.21451e-06 0.356128 0.00497512 3.47051e-05
ENSG00000132842.9 5 77590579 77590579 - 14 0 5_internal_11261 5 77517417 77592222 163 142.832 1.20046 13.3515 1.20822e-08 0.42559 0.00497512 7.77737e-08
ENSG00000245556.2 5 77656331 77656331 - 14 553269 5_internal_10148 5 77092849 77103062 163 177.151 0.997642 15.9365 0.00965507 -0.1994 0.104478 0.106131
ENSG00000085365.12 5 77656339 77656339 + 14 0 5_internal_9999 5 77654000 77707894 163 164.878 1.04255 16.1653 8.24311e-07 0.379104 0.00497512 6.97808e-06
ENSG00000145685.8 5 78065844 78065844 - 13 473622 5_internal_11261 5 77517417 77592222 163 189.249 0.855947 13.5517 0.0424775 0.160272 0.402985 0.398957
ENSG00000113273.11 5 78281910 78281910 - 10 1410 5_internal_8896 5 78268329 78280500 163 178.647 0.981238 11.6323 7.04496e-07 0.370767 0.00497512 3.08303e-06
ENSG00000152409.8 5 78532012 78532012 + 10 0 5_internal_9870 5 78429007 78541354 163 183.455 0.956539 10.8042 0.00222336 0.236771 0.00995025 0.0154766
ENSG00000213757.3 5 78580741 78580741 - 10 872847 5_internal_9999 5 77654000 77707894 163 166.486 0.964937 10.1813 0.0317619 0.169102 0.303483 0.282121
ENSG00000152413.10 5 78810040 78810040 - 10 -75920 5_internal_9699 5 78885960 78916895 163 170.275 0.985659 10.7276 0.0152042 0.194881 0.119403 0.136404
ENSG00000164329.9 5 78907943 78907943 + 9 0 5_internal_9699 5 78885960 78916895 163 187.291 0.9823 11.176 0.00321076 0.221164 0.0199005 0.0189527
ENSG00000164309.10 5 78985700 78985700 + 9 -68805 5_internal_9699 5 78885960 78916895 163 179.937 0.979422 11.0228 0.0900052 0.134341 0.621891 0.584844
ENSG00000177034.10 5 79287082 79287082 - 7 -354077 5_internal_8973 5 79641159 79652673 163 136.21 0.999989 5.15954 0.0170005 0.183799 0.169154 0.141677
ENSG00000113296.10 5 79287134 79287134 + 7 100365 5_internal_12606 5 79387499 79554474 163 189.503 0.853256 7.63676 0.00332061 0.231917 0.0199005 0.0235597
ENSG00000249825.1 5 79379477 79379477 - 8 -8022 5_internal_12606 5 79387499 79554474 163 136.783 1.06336 6.66825 0.00526024 0.214855 0.0348259 0.0566091
ENSG00000251675.1 5 79424184 79424184 + 8 0 5_internal_12606 5 79387499 79554474 163 162.968 0.960325 6.74373 0.016272 0.184853 0.109453 0.116066
ENSG00000239159.1 5 79535408 79535408 - 7 -159188 5_internal_8466 5 79694596 79704940 163 151.682 1.02816 6.12866 0.37813 0.0704872 0.940299 0.951903
ENSG00000164300.11 5 79551898 79551898 - 6 0 5_internal_12606 5 79387499 79554474 163 162.156 1 4.98969 3.2612e-06 0.359775 0.00497512 1.72547e-05
ENSG00000039319.12 5 79703832 79703832 + 6 78119 5_internal_12308 5 79781951 80167324 163 150.568 1.10422 6.19768 0.0356415 0.162004 0.189055 0.200972
ENSG00000152380.5 5 79783788 79783788 + 6 0 5_internal_12308 5 79781951 80167324 163 174.907 0.994699 6.52036 5.52405e-09 0.44445 0.00497512 1.10736e-08
ENSG00000249042.1 5 79783882 79783882 - 6 0 5_internal_12308 5 79781951 80167324 163 157.604 1.03305 5.80554 0.23225 0.0929514 0.781095 0.787943
ENSG00000242706.2 5 79794790 79794790 - 6 0 5_internal_12308 5 79781951 80167324 163 159.259 1.13426 7.14751 0.0735414 0.140357 0.383085 0.375716
ENSG00000240003.2 5 79796151 79796151 + 6 0 5_internal_12308 5 79781951 80167324 163 166.566 1.00823 6.01534 0.00566622 0.222682 0.039801 0.0297085
ENSG00000189127.3 5 79866307 79866307 - 6 0 5_internal_12308 5 79781951 80167324 163 161.217 1.01158 6.2815 2.64315e-21 0.648591 0.00497512 1.61488e-20
ENSG00000251221.1 5 79918343 79918343 - 5 0 5_internal_12308 5 79781951 80167324 163 171.468 1.00005 5.422 9.36382e-05 0.299998 0.00497512 0.000333222
ENSG00000113318.9 5 79950467 79950467 + 5 0 5_internal_12308 5 79781951 80167324 163 145.968 0.999983 4.35328 4.53515e-06 0.351252 0.00497512 6.25231e-05
ENSG00000228716.2 5 79950802 79950802 - 5 0 5_internal_12308 5 79781951 80167324 163 161.01 1.00004 5.29409 5.27806e-18 0.605125 0.00497512 4.43541e-17
ENSG00000248967.1 5 80042638 80042638 - 5 0 5_internal_12308 5 79781951 80167324 163 170.036 0.999966 5.1191 0.12115 0.123034 0.437811 0.459944
ENSG00000244630.2 5 80151662 80151662 - 7 -930844 5_internal_8971 5 81082506 81119977 163 154.93 1.03298 6.90488 0.024385 0.170115 0.144279 0.167617
ENSG00000113319.7 5 80256491 80256491 + 8 -89167 5_internal_12308 5 79781951 80167324 163 176.483 1.03288 9.39818 0.0268865 0.176233 0.164179 0.171119
ENSG00000131730.11 5 80529104 80529104 + 11 -361780 5_internal_12308 5 79781951 80167324 163 160.565 0.911211 10.4515 0.0363863 -0.169263 0.373134 0.374698
ENSG00000247572.2 5 80597379 80597379 - 11 -975643 5_internal_8791 5 81573022 82771154 163 159.116 1.08677 10.1251 0.152094 0.111167 0.800995 0.800129
ENSG00000131732.7 5 80597409 80597409 + 11 -944736 5_internal_8973 5 79641159 79652673 163 169.112 1.01981 12.3167 0.0821684 0.137965 0.621891 0.617055
ENSG00000145687.11 5 81047616 81047616 - 11 -26273 5_internal_9246 5 81073889 81079523 163 145.729 1.16858 11.3214 0.163766 -0.108304 0.890547 0.877468
ENSG00000152348.10 5 81267844 81267844 + 10 0 5_internal_9545 5 81266381 81520315 163 155.216 1.07038 9.32019 0.000265167 0.269293 0.00497512 0.00226504
ENSG00000251495.1 5 81305913 81305913 - 10 0 5_internal_9545 5 81266381 81520315 163 149.581 1.09939 8.43831 0.000314114 0.272211 0.00497512 0.0026518
ENSG00000248192.1 5 81369521 81369521 - 10 0 5_internal_9545 5 81266381 81520315 163 170.911 1.10218 10.8033 0.000332844 0.2757 0.00497512 0.00134101
ENSG00000265684.1 5 81374246 81374246 + 10 198776 5_internal_8791 5 81573022 82771154 163 195.966 0.796218 11.634 0.0175842 -0.186069 0.208955 0.172761
ENSG00000186468.8 5 81574396 81574396 - 11 0 5_internal_8944 5 81189202 82707949 163 157.604 0.913735 9.89946 0.00877682 0.203997 0.119403 0.119112
ENSG00000205464.5 5 81575281 81575281 + 11 893496 5_internal_9316 5 82468777 82590506 163 163.414 0.990244 10.2824 0.00863777 -0.199688 0.0895522 0.0868993
ENSG00000249664.1 5 82308928 82308928 - 13 -291324 5_internal_8477 5 82600252 88693825 163 173.442 1.04641 14.0394 0.000159844 0.286015 0.00497512 0.000997614
ENSG00000238835.1 5 82360156 82360156 - 13 0 5_internal_8944 5 81189202 82707949 163 158.256 0.912893 12.9853 0.0669233 -0.147225 0.636816 0.653294
ENSG00000152422.11 5 82373317 82373317 + 13 226935 5_internal_8477 5 82600252 88693825 163 174.381 0.994656 15.4861 0.00970916 0.202584 0.104478 0.111172
ENSG00000174695.5 5 82373682 82373682 - 13 -226570 5_internal_8477 5 82600252 88693825 163 172.36 0.974428 14.6662 0.0093247 0.204041 0.119403 0.111778
ENSG00000243385.2 5 82497048 82497048 + 12 102499 5_internal_8608 5 82599547 82621212 163 156.076 0.99483 10.736 0.03202 0.160677 0.363184 0.327083
ENSG00000251552.1 5 82576463 82576463 - 11 -82162 5_internal_9831 5 82658625 82725343 163 165.26 0.940547 8.97787 0.036942 -0.161746 0.343284 0.305295
ENSG00000038427.11 5 82767284 82767284 + 10 -41941 5_internal_9831 5 82658625 82725343 163 137.165 1.11296 7.82614 0.00935544 -0.202516 0.104478 0.0963306
ENSG00000127184.6 5 85913721 85913721 + 2 499363 5_internal_9347 5 86413084 86448589 163 173.347 1.00001 2.34524 0.849912 0.0144849 0.985075 0.987429
ENSG00000145715.10 5 86563705 86563705 + 2 -115116 5_internal_9347 5 86413084 86448589 163 178.854 1.00001 2.13954 0.0564734 0.152519 0.109453 0.095213
ENSG00000241243.2 5 86590290 86590290 - 2 141701 5_internal_9347 5 86413084 86448589 163 154.309 1.00004 1.95189 0.776401 0.0222442 0.945274 0.949
ENSG00000207452.1 5 86595614 86595614 - 2 0 5_internal_8477 5 82600252 88693825 163 180.43 0.999967 2.03106 0.353342 -0.0732015 0.572139 0.55498
ENSG00000134480.9 5 86708836 86708836 - 2 260247 5_internal_9347 5 86413084 86448589 163 152.701 1.00002 1.92867 0.00837696 0.209672 0.0248756 0.0205779
ENSG00000197071.1 5 87514708 87514708 + 4 509944 5_internal_11712 5 88024652 88183142 163 149.486 1.00005 3.28966 0.213894 0.0966231 0.59204 0.58392
ENSG00000247828.2 5 87564712 87564712 + 4 0 5_internal_8477 5 82600252 88693825 163 204.864 0.999974 4.93087 0.0107613 0.205284 0.039801 0.0207142
ENSG00000164180.9 5 87565293 87565293 - 4 -554732 5_internal_8263 5 88120025 88180721 163 172.408 1.00004 3.9578 0.355197 0.0735315 0.81592 0.808771
ENSG00000207129.1 5 87570193 87570193 - 4 -454459 5_internal_11712 5 88024652 88183142 163 174.318 0.999984 3.79352 0.0419883 0.15438 0.144279 0.127942
ENSG00000245864.2 5 87972036 87972036 + 4 147989 5_internal_8263 5 88120025 88180721 163 165.197 1.00005 3.94944 8.06345e-05 0.309011 0.00497512 0.000284833
ENSG00000248309.1 5 88179145 88179145 + 4 0 5_internal_11712 5 88024652 88183142 163 160.58 0.999968 3.99989 0.00125237 0.254062 0.00995025 0.00543805
ENSG00000081189.9 5 88199922 88199922 - 4 19201 5_internal_8263 5 88120025 88180721 163 156.967 1 3.614 0.000322649 0.277341 0.00497512 0.00150657
ENSG00000250831.1 5 88765856 88765856 - 5 582714 5_internal_11712 5 88024652 88183142 163 158.67 0.999942 4.7954 0.000737471 0.261184 0.00497512 0.00415934
ENSG00000153140.4 5 89705603 89705603 - 7 -691702 5_internal_9879 5 90397305 90421567 163 152.876 1.00537 5.70601 0.0784029 -0.137259 0.437811 0.407503
ENSG00000113356.6 5 89767565 89767565 + 7 639395 5_internal_8750 5 90406960 90411302 163 166.311 0.935516 6.93411 0.138298 -0.112381 0.646766 0.658559
ENSG00000164199.11 5 89825161 89825161 + 7 581799 5_internal_8750 5 90406960 90411302 163 172.551 0.971587 7.74005 0.0434155 0.155332 0.298507 0.269583
ENSG00000259141.1 5 89825401 89825401 - 7 -571904 5_internal_9879 5 90397305 90421567 163 133.345 0.999952 5.31988 0.135074 0.119484 0.641791 0.644433
ENSG00000176018.8 5 89825401 89825401 - 7 -571904 5_internal_9879 5 90397305 90421567 163 163.255 0.902835 5.58562 0.12767 0.121697 0.567164 0.576924
ENSG00000212930.3 5 90519236 90519236 + 6 -107934 5_internal_8750 5 90406960 90411302 163 182.07 0.985296 7.03784 0.157138 0.110627 0.631841 0.644958
ENSG00000251093.1 5 90522888 90522888 - 6 529524 5_internal_10680 5 89909011 89993364 163 143.644 0.999963 5.40373 0.0583729 0.144774 0.363184 0.346253
ENSG00000199643.1 5 90566544 90566544 + 6 0 5_internal_8593 5 90465389 90612826 163 153.083 1.00001 4.85544 0.092908 0.131447 0.412935 0.41164
ENSG00000234292.3 5 90576959 90576959 - 6 218131 5_internal_9262 5 90347668 90358828 163 163.048 0.95939 5.73486 0.182296 -0.105332 0.701493 0.699465
ENSG00000248323.1 5 90610219 90610219 - 6 188652 5_internal_9879 5 90397305 90421567 163 152.542 0.995822 5.43663 0.0671555 0.137714 0.348259 0.353532
ENSG00000240388.2 5 90650295 90650295 + 6 -656931 5_internal_10680 5 89909011 89993364 163 154.309 0.954254 6.01137 0.00665245 0.209791 0.0845771 0.0568426
ENSG00000241059.2 5 90651197 90651197 + 6 -657833 5_internal_10680 5 89909011 89993364 163 164.687 1.00001 5.34275 0.141449 0.114227 0.567164 0.551598
ENSG00000113369.4 5 90679176 90679176 - 6 257609 5_internal_9879 5 90397305 90421567 163 186.145 0.953778 5.9416 6.10063e-05 0.308054 0.00497512 0.000168196
ENSG00000251725.1 5 92956494 92956494 - 2 12169 5_internal_9945 5 92905657 92944325 163 157.683 0.999963 1.96567 0.212786 0.0947443 0.41791 0.387065
ENSG00000249353.2 5 93019373 93019373 - 2 -828743 5_internal_10744 5 93848116 94039064 163 221.371 0.999983 2.35225 0.0542927 0.150477 0.079602 0.0574856
ENSG00000248483.3 5 93077309 93077309 - 2 -770807 5_internal_10744 5 93848116 94039064 163 198.624 1.00001 2.35266 0.367232 0.0668448 0.597015 0.595612
ENSG00000251023.1 5 93199531 93199531 - 2 -648585 5_internal_10744 5 93848116 94039064 163 175.989 0.999982 1.99164 0.0166198 0.189056 0.0298507 0.025361
ENSG00000113391.12 5 93447404 93447404 - 3 -914550 5_internal_11765 5 94361954 94409145 163 153.338 0.999945 2.79956 0.0238727 0.170558 0.0348259 0.0776448
ENSG00000251544.1 5 93903166 93903166 + 4 0 5_internal_10744 5 93848116 94039064 163 154.595 1.00001 3.42342 0.00491409 0.214203 0.0298507 0.0209453
ENSG00000254132.1 5 93905175 93905175 - 4 0 5_internal_10744 5 93848116 94039064 163 172.821 1.00004 4.13007 0.0216382 0.180916 0.0845771 0.0723739
ENSG00000251340.1 5 93905245 93905245 + 4 0 5_internal_10744 5 93848116 94039064 163 162.331 0.999991 3.61549 0.000309478 0.264605 0.00497512 0.00115096
ENSG00000211498.1 5 93914474 93914474 + 4 0 5_internal_10744 5 93848116 94039064 163 176.562 0.999996 4.45317 0.00175235 0.228338 0.00497512 0.00500019
ENSG00000232578.3 5 93928473 93928473 + 4 0 5_internal_10744 5 93848116 94039064 163 197.112 0.999963 4.3682 1.27146e-16 0.60236 0.00497512 3.82828e-19
ENSG00000133302.8 5 93954052 93954052 + 3 0 5_internal_10744 5 93848116 94039064 163 181.131 0.999973 3.28664 2.32239e-10 0.471143 0.00497512 7.72141e-11
ENSG00000185261.8 5 93954309 93954309 - 3 0 5_internal_10744 5 93848116 94039064 163 165.229 0.999993 2.76847 7.85064e-15 0.557849 0.00497512 1.42763e-14
ENSG00000249175.1 5 94124494 94124494 + 4 -85430 5_internal_10744 5 93848116 94039064 163 175.368 1 4.39564 0.325067 -0.0773567 0.820896 0.800915
ENSG00000243806.1 5 94162399 94162399 - 5 123335 5_internal_10744 5 93848116 94039064 163 141.383 0.999996 3.93915 0.031881 0.169997 0.159204 0.168311
ENSG00000249545.1 5 94314855 94314855 + 7 202341 5_internal_9121 5 94517196 94521268 163 156.665 1.0694 7.10761 0.123943 -0.122155 0.636816 0.604902
ENSG00000175471.14 5 94620279 94620279 - 8 211134 5_internal_11765 5 94361954 94409145 163 169.861 0.935214 8.24184 0.0250578 0.173109 0.208955 0.193202
ENSG00000198677.6 5 94890711 94890711 - 8 -514615 5_internal_10167 5 95405326 95668361 163 172.296 0.975539 8.95626 0.0835656 0.136253 0.522388 0.51499
ENSG00000164291.12 5 94890778 94890778 + 8 368285 5_internal_10033 5 95259063 95634817 163 194.374 0.902449 10.1475 0.281494 -0.0861228 0.955224 0.94795
ENSG00000175449.7 5 94982458 94982458 + 10 254930 5_internal_13997 5 95237388 95676417 163 146.7 1.03828 7.57235 0.13321 -0.115561 0.701493 0.705717
ENSG00000145757.11 5 95034415 95034415 - 10 0 5_internal_11983 5 95007498 95054980 163 157.142 1.06226 9.59122 0.0305365 0.171426 0.253731 0.253754
ENSG00000164292.7 5 95049226 95049226 + 9 188162 5_internal_13997 5 95237388 95676417 163 167.362 0.971926 8.47403 0.020618 -0.180159 0.154229 0.15959
ENSG00000251348.1 5 95104703 95104703 + 9 132685 5_internal_13997 5 95237388 95676417 163 182.691 0.984799 9.85871 0.0100061 -0.199193 0.0597015 0.0642201
ENSG00000173221.9 5 95158709 95158709 - 9 103729 5_internal_11983 5 95007498 95054980 163 169.033 0.979928 9.48023 0.131515 0.118118 0.726368 0.723799
ENSG00000251000.1 5 95170750 95170750 - 9 -758479 5_internal_10835 5 95929229 95933216 163 173.601 1.03288 10.2251 0.00451891 -0.227367 0.0248756 0.0300991
ENSG00000236882.3 5 95187936 95187936 + 9 -30303 5_internal_9308 5 95137091 95157633 163 208.812 0.887883 11.6402 0.00128394 -0.25189 0.0149254 0.00616898
ENSG00000251409.1 5 95188425 95188425 - 9 30792 5_internal_9308 5 95137091 95157633 163 175.002 0.982074 8.81853 0.00728775 -0.198555 0.0348259 0.0497815
ENSG00000118985.10 5 95297775 95297775 - 9 0 5_internal_13997 5 95237388 95676417 163 150.457 1.14162 8.94311 0.0104645 0.200908 0.0746269 0.0825289
ENSG00000250955.1 5 95322015 95322015 - 9 0 5_internal_13997 5 95237388 95676417 163 152.255 0.973649 8.28567 0.0220788 0.1773 0.248756 0.213105
ENSG00000175426.6 5 95769847 95769847 - 9 135030 5_internal_10033 5 95259063 95634817 163 147.018 0.930792 6.5114 0.0939303 -0.127232 0.577114 0.569031
ENSG00000153113.17 5 95865525 95865525 + 9 83673 5_internal_13509 5 95949198 96052206 163 173.49 0.933763 10.3283 3.16342e-15 0.580946 0.00497512 3.90694e-14
ENSG00000249180.1 5 96078402 96078402 - 9 26196 5_internal_13509 5 95949198 96052206 163 154.659 0.994112 8.07806 6.42594e-14 0.545838 0.00497512 2.64577e-12
ENSG00000248734.1 5 96120481 96120481 + 9 408729 5_internal_10019 5 96529210 96538638 163 158.447 1.00648 7.83955 0.0125383 0.188201 0.0945274 0.101762
ENSG00000164307.7 5 96143803 96143803 - 9 91597 5_internal_13509 5 95949198 96052206 163 146.318 1.05589 9.15438 9.39264e-05 0.300951 0.00497512 0.00136343
ENSG00000164308.12 5 96211643 96211643 + 8 -535226 5_internal_13997 5 95237388 95676417 163 160.771 1.03109 7.5457 0.111999 -0.12198 0.587065 0.587303
ENSG00000113441.11 5 96271098 96271098 + 8 -218892 5_internal_13509 5 95949198 96052206 163 153.752 1.0668 6.65179 0.0603519 0.148476 0.348259 0.34457
ENSG00000247121.2 5 96271513 96271513 - 8 603152 5_internal_10167 5 95405326 95668361 163 180.351 1.11518 10.8316 0.452497 0.0593471 0.995025 0.997047
ENSG00000227836.1 5 96278003 96278003 + 8 -225797 5_internal_13509 5 95949198 96052206 163 143.055 1.0419 6.57025 0.0488652 -0.156757 0.343284 0.338229
ENSG00000200884.1 5 96298461 96298461 - 8 -230749 5_internal_10019 5 96529210 96538638 163 165.611 0.998007 7.04052 0.130278 0.119803 0.636816 0.617209
ENSG00000213702.2 5 96371586 96371586 + 8 -319380 5_internal_13509 5 95949198 96052206 163 153.401 1.00838 6.66618 0.0545557 0.150415 0.333333 0.344477
ENSG00000213701.4 5 96393062 96393062 - 8 0 5_internal_11694 5 96384647 96435100 163 160.167 1.04639 7.64322 0.0591859 -0.146985 0.353234 0.362777
ENSG00000251606.1 5 96424779 96424779 + 8 104431 5_internal_10019 5 96529210 96538638 163 147.575 1.07612 7.50749 1.866e-09 0.442096 0.00497512 2.28598e-08
ENSG00000145721.7 5 96478576 96478576 - 8 -50634 5_internal_10019 5 96529210 96538638 163 168.253 0.94478 8.33522 0.0990823 0.126439 0.597015 0.584743
ENSG00000058729.6 5 96518964 96518964 - 8 -10246 5_internal_10019 5 96529210 96538638 163 164.767 0.944801 7.11694 2.67823e-13 0.53517 0.00497512 6.51466e-12
ENSG00000174136.7 5 98104354 98104354 + 3 268374 5_internal_11057 5 98372728 98391436 163 159.084 0.999959 3.06161 0.400242 0.0655518 0.79602 0.797022
ENSG00000222610.1 5 98225435 98225435 + 3 417564 5_internal_10223 5 98642999 98653620 163 165.945 0.999971 2.97185 0.381716 0.0666542 0.776119 0.755471
ENSG00000153922.6 5 98262240 98262240 - 3 -380759 5_internal_10223 5 98642999 98653620 163 152.86 1.00004 3.1827 0.0305443 0.167637 0.124378 0.110789
ENSG00000248489.1 5 98264875 98264875 + 3 107853 5_internal_11057 5 98372728 98391436 163 165.722 1.00003 2.62129 0.144929 0.113948 0.378109 0.329835
ENSG00000200351.1 5 98272451 98272451 - 3 -370548 5_internal_10223 5 98642999 98653620 163 142.896 1.00001 2.47541 0.100742 0.12598 0.283582 0.28033
ENSG00000241597.2 5 98290098 98290098 + 3 82630 5_internal_11057 5 98372728 98391436 163 176.387 1.00004 3.27456 0.15032 -0.113712 0.39801 0.376924
ENSG00000174132.7 5 99871009 99871009 + 4 310549 5_internal_9963 5 100181558 100237590 163 151.714 1.00004 3.85151 0.00817899 0.201617 0.0298507 0.0407239
ENSG00000250806.2 5 99993674 99993674 - 4 -178994 5_internal_9568 5 100172668 100227790 163 197.446 0.980882 5.66686 0.06028 0.143398 0.189055 0.207394
ENSG00000221263.1 5 100152269 100152269 - 4 -29289 5_internal_9963 5 100181558 100237590 163 170.816 1.00001 3.94343 0.0138051 0.183475 0.0547264 0.0453809
ENSG00000113532.7 5 100238970 100238970 - 4 1380 5_internal_9963 5 100181558 100237590 163 150.202 0.999941 3.6043 2.41645e-05 0.312381 0.00497512 0.000182501
ENSG00000268424.1 5 101569696 101569696 + 5 519425 5_internal_12835 5 102089121 102210273 163 168.683 1.00003 4.87831 1.33068e-06 0.366787 0.00497512 4.2436e-06
ENSG00000173930.8 5 101632253 101632253 - 5 -456868 5_internal_12835 5 102089121 102210273 163 158.447 0.999999 5.39004 1.20636e-07 0.403318 0.00497512 9.75562e-07
ENSG00000145730.16 5 102089685 102089685 + 6 0 5_internal_12835 5 102089121 102210273 163 179.029 0.966768 6.48923 8.46857e-27 0.714232 0.00497512 1.53797e-27
ENSG00000145725.13 5 102455853 102455853 + 6 0 5_internal_8169 5 102446545 102567803 163 208.923 0.931532 7.15095 0.00110527 0.247644 0.00497512 0.00250562
ENSG00000145723.12 5 102455855 102455855 - 6 0 5_internal_8169 5 102446545 102567803 163 153.736 1.00004 5.11748 0.0106096 0.195911 0.0895522 0.065185
ENSG00000181751.5 5 102594403 102594403 + 6 -384130 5_internal_12835 5 102089121 102210273 163 214.017 0.872524 8.4031 1.45343e-05 0.33299 0.00497512 2.74179e-05
ENSG00000184349.8 5 107006596 107006596 - 4 182745 5_internal_12725 5 106629269 106823851 163 174.7 0.999963 3.5365 1.30054e-25 0.705218 0.00497512 8.6726e-27
ENSG00000145743.10 5 107717799 107717799 - 5 893948 5_internal_12725 5 106629269 106823851 163 188.294 1.00003 4.74646 0.00520661 0.219627 0.0298507 0.0126014
ENSG00000151422.8 5 108083523 108083523 + 5 942391 5_internal_9921 5 109025914 109099171 163 157.158 1.00001 4.15228 0.142238 -0.113973 0.507463 0.489795
ENSG00000249476.1 5 108662070 108662070 - 6 -291823 5_internal_9675 5 108953893 109028409 163 178.775 0.975464 7.34158 0.00979337 -0.191287 0.0597015 0.0532041
ENSG00000198961.5 5 108745695 108745695 - 6 -208198 5_internal_9675 5 108953893 109028409 163 158.575 1.03739 5.94229 0.000616573 -0.262685 0.0149254 0.00349732
ENSG00000112893.5 5 109025067 109025067 + 6 0 5_internal_9675 5 108953893 109028409 163 153.417 0.999965 5.47404 4.75627e-06 0.328976 0.00497512 4.96477e-05
ENSG00000202512.1 5 109035535 109035535 - 6 7126 5_internal_9675 5 108953893 109028409 163 155.471 1.00004 5.38521 0.00181707 0.23736 0.0149254 0.0124434
ENSG00000249068.1 5 109176393 109176393 - 4 147984 5_internal_9675 5 108953893 109028409 163 164.815 0.999999 3.8178 0.0437559 0.151128 0.139303 0.153113
ENSG00000164209.12 5 110073837 110073837 + 8 504377 5_internal_12421 5 110578214 110621915 163 159.546 0.999959 7.476 0.0525457 0.14981 0.343284 0.345515
ENSG00000186952.10 5 110074657 110074657 - 8 -811458 5_internal_9630 5 110886115 110919359 163 188.644 0.848484 8.87692 0.00245888 0.235059 0.0248756 0.0209158
ENSG00000248966.1 5 110286479 110286479 - 7 -119475 5_internal_11349 5 110405954 110413898 163 174.286 1.00179 7.9957 0.378985 -0.0680655 0.965174 0.972721
ENSG00000134987.7 5 110427414 110427414 + 6 -13516 5_internal_11349 5 110405954 110413898 163 193.865 0.904802 6.07345 0.239307 0.0914966 0.756219 0.771449
ENSG00000214784.4 5 110528740 110528740 - 6 114842 5_internal_11349 5 110405954 110413898 163 168.969 1.00003 5.34114 0.243929 -0.0916544 0.726368 0.761624
ENSG00000152495.6 5 110559351 110559351 + 6 18863 5_internal_12421 5 110578214 110621915 163 185.03 0.898709 5.628 0.0232619 0.180417 0.119403 0.112071
ENSG00000246859.2 5 110847924 110847924 + 6 0 5_internal_11992 5 110845663 110869919 163 151.364 0.999989 5.07201 0.102459 0.124061 0.462687 0.463726
ENSG00000164211.8 5 110848288 110848288 - 6 0 5_internal_11992 5 110845663 110869919 163 160.278 0.900496 6.00474 0.0019364 0.235093 0.0348259 0.0201274
ENSG00000134986.9 5 111333161 111333161 - 9 -960749 5_internal_11908 5 112293910 112297429 163 149.231 1.07033 8.61653 0.0650801 -0.141852 0.482587 0.469349
ENSG00000224032.2 5 111496223 111496223 + 8 359365 5_internal_8538 5 111855588 111870998 163 178.568 1.09325 10.1648 0.256499 0.0902099 0.930348 0.923183
ENSG00000238363.1 5 111497182 111497182 + 8 -379277 5_internal_8486 5 111096634 111117905 163 163.653 0.99791 8.91711 0.102757 0.126653 0.60199 0.617999
ENSG00000129595.7 5 111755013 111755013 - 8 -873736 5_internal_9402 5 112628749 112715519 163 168.619 0.967831 7.85126 0.104125 -0.131324 0.542289 0.570705
ENSG00000134982.11 5 112043195 112043195 + 7 250715 5_internal_11908 5 112293910 112297429 163 155.996 1.08698 7.77452 0.0703978 -0.147027 0.427861 0.422789
ENSG00000250045.2 5 112113858 112113858 - 7 659349 5_internal_9771 5 111038835 111454509 163 169.59 1.05596 7.70812 0.0128478 -0.191248 0.0597015 0.0706183
ENSG00000212370.1 5 112114060 112114060 + 7 819727 5_internal_10834 5 112933787 112942582 163 187.243 0.937484 8.30476 0.184128 0.10032 0.78607 0.771934
ENSG00000258864.1 5 112162910 112162910 + 6 465839 5_internal_9402 5 112628749 112715519 163 160.517 0.877658 5.77671 0.104657 0.122806 0.517413 0.539169
ENSG00000153037.7 5 112196885 112196885 + 6 -226006 5_internal_8669 5 111938696 111970879 163 151.666 1.10854 6.2221 0.0841915 -0.127913 0.452736 0.417004
ENSG00000249947.2 5 112220791 112220791 + 6 -249912 5_internal_8669 5 111938696 111970879 163 163.828 0.972158 5.51671 0.448608 -0.0607771 0.965174 0.9639
ENSG00000212643.1 5 112227313 112227313 + 6 -256434 5_internal_8669 5 111938696 111970879 163 183.311 1.00076 7.10572 0.0980626 -0.127495 0.447761 0.443769
ENSG00000129625.8 5 112258236 112258236 - 6 -35674 5_internal_11908 5 112293910 112297429 163 164.846 0.999976 5.67937 0.0377036 0.158434 0.208955 0.191009
ENSG00000172795.11 5 112312399 112312399 + 6 -341520 5_internal_8669 5 111938696 111970879 163 156.346 0.999941 5.1455 0.2272 -0.093111 0.741294 0.751332
ENSG00000171444.12 5 112824527 112824527 - 5 109008 5_internal_9402 5 112628749 112715519 163 142.752 1.00004 4.48192 0.00934513 0.202763 0.0845771 0.0655805
ENSG00000047188.11 5 112849380 112849380 + 5 84407 5_internal_10834 5 112933787 112942582 163 172.28 0.97455 5.55366 0.000542033 0.270856 0.00995025 0.00246094
ENSG00000152503.5 5 114516243 114516243 - 4 10472 5_internal_10031 5 114468081 114505771 163 160.787 0.999983 3.59357 0.0036656 0.228776 0.0199005 0.0139628
