ENSG00000258590.1 15 20893737 20893737 - 1 0 15_internal_8998 15 20398290 23031087 163 187.052 1.00003 0.997692 0.251335 0.0880214 0.228856 0.218588
ENSG00000237161.3 15 21938111 21938111 - 2 -954048 15_internal_8857 15 22892159 22925090 163 144.869 1.00005 1.87733 0.423915 0.0615955 0.701493 0.675596
ENSG00000153575.6 15 22833395 22833395 + 2 58764 15_internal_8857 15 22892159 22925090 163 150.552 0.999976 1.9872 0.00233934 0.237342 0.0149254 0.00684523
ENSG00000068793.12 15 22892005 22892005 + 2 154 15_internal_8857 15 22892159 22925090 163 175.75 0.999988 2.28627 0.192165 0.100615 0.363184 0.356936
ENSG00000140157.10 15 23034427 23034427 - 2 3340 15_internal_8998 15 20398290 23031087 163 173.124 0.999977 2.25277 0.253089 0.0905558 0.482587 0.459233
ENSG00000187667.6 15 23208737 23208737 - 2 177650 15_internal_8998 15 20398290 23031087 163 154.404 1.00005 2.13465 0.202565 -0.104549 0.427861 0.403406
ENSG00000140181.10 15 23378228 23378228 - 2 453138 15_internal_8857 15 22892159 22925090 163 155.598 0.99998 1.89947 0.0326516 0.168051 0.0597015 0.0688881
ENSG00000128739.16 15 25068794 25068794 + 2 914300 15_internal_7037 15 25983094 26115340 163 141.161 1.00003 1.79443 0.0792971 0.134561 0.174129 0.17646
ENSG00000214265.6 15 25200133 25200133 + 4 877395 15_internal_7700 15 26077528 26084351 163 170.227 0.999955 4.14731 0.00448432 0.219221 0.0149254 0.0151743
ENSG00000224078.4 15 25224704 25224704 + 4 953779 15_internal_6909 15 26178483 26328847 163 162.602 1.00003 4.10845 0.449053 0.0606233 0.900498 0.913983
ENSG00000261529.1 15 25592382 25592382 - 4 -390712 15_internal_7037 15 25983094 26115340 163 157.556 1.00001 3.58325 0.356607 0.0720339 0.81592 0.803297
ENSG00000114062.12 15 25684128 25684128 - 4 26713 15_internal_6156 15 25617179 25657415 163 173.617 0.999975 4.11995 0.257331 0.0894759 0.651741 0.681279
ENSG00000128731.11 15 28567298 28567298 - 4 -562845 15_internal_7157 15 29130143 29231386 163 173.745 1.00002 4.27066 0.156985 0.111136 0.477612 0.485024
ENSG00000206149.6 15 28834638 28834638 + 4 138649 15_internal_7421 15 28973287 29287829 163 171.516 0.999996 4.38828 0.278698 0.0872637 0.736318 0.74328
ENSG00000248334.2 15 28982729 28982729 + 4 0 15_internal_7421 15 28973287 29287829 163 206.774 1.00004 5.29722 0.00210239 0.241526 0.00995025 0.00280566
ENSG00000188626.5 15 28983530 28983530 - 4 0 15_internal_7421 15 28973287 29287829 163 179.841 0.999952 4.15568 0.020927 0.179136 0.0497512 0.0619371
ENSG00000185115.4 15 29562033 29562033 - 5 274204 15_internal_7421 15 28973287 29287829 163 159.944 1.00003 4.49788 0.000539769 0.269413 0.00995025 0.00273643
ENSG00000234664.1 15 30022917 30022917 + 5 -774316 15_internal_7828 15 29211043 29248601 163 169.399 1.00002 4.83658 0.712176 -0.0291032 0.995025 0.997353
ENSG00000186399.7 15 30706463 30706463 - 8 -863302 15_internal_8436 15 31569765 31610151 163 156.872 0.969838 6.66285 0.0350152 0.161601 0.208955 0.243454
ENSG00000215302.4 15 30762982 30762982 + 8 740478 15_internal_5512 15 31503460 31675712 163 164.369 0.953738 7.15515 0.0254951 0.179461 0.174129 0.181879
ENSG00000260128.2 15 30864941 30864941 + 8 250126 15_internal_7206 15 31115067 31262553 163 178.6 0.959681 8.88388 0.279741 -0.0857573 0.935323 0.93402
ENSG00000261794.1 15 30896329 30896329 + 8 218738 15_internal_7206 15 31115067 31262553 163 149.884 1.14028 7.74963 0.190437 0.101957 0.81592 0.804109
ENSG00000187951.5 15 30916697 30916697 + 8 586763 15_internal_5512 15 31503460 31675712 163 163.557 1.00147 7.97717 0.366226 0.072233 0.9801 0.973351
ENSG00000247728.2 15 30917976 30917976 - 8 -197091 15_internal_7206 15 31115067 31262553 163 179.189 0.954119 8.79529 0.117362 -0.126698 0.616915 0.625942
ENSG00000198690.5 15 31196055 31196055 + 8 -730317 15_internal_7780 15 30116515 30465738 163 138.072 1.02306 5.79915 0.0290285 0.167872 0.21393 0.223135
ENSG00000212526.1 15 31248553 31248553 - 8 782815 15_internal_7780 15 30116515 30465738 163 202.158 1.00289 10.8978 0.0441236 -0.162036 0.253731 0.239381
ENSG00000166912.12 15 31283810 31283810 - 8 21257 15_internal_7206 15 31115067 31262553 163 178.233 0.977766 8.71072 0.00190311 0.240928 0.00497512 0.0112822
ENSG00000259448.1 15 31508223 31508223 + 7 0 15_internal_5512 15 31503460 31675712 163 161.01 0.96892 6.59218 0.130824 0.113491 0.606965 0.623295
ENSG00000259772.1 15 31523041 31523041 - 7 0 15_internal_5512 15 31503460 31675712 163 156.84 0.877967 5.86455 0.0275742 0.169989 0.223881 0.214913
ENSG00000169926.5 15 31619058 31619058 + 7 0 15_internal_5512 15 31503460 31675712 163 179.587 0.969564 8.51983 0.0727537 0.142415 0.41791 0.422166
ENSG00000259179.1 15 31712331 31712331 + 7 -239967 15_internal_7871 15 31305718 31472364 163 156.108 0.993832 7.11254 0.188785 0.105193 0.800995 0.794366
ENSG00000254912.2 15 32792547 32792547 - 4 -700781 15_internal_8131 15 33493328 34050967 163 164.592 0.999993 3.60021 0.230299 -0.0970239 0.631841 0.606146
ENSG00000261064.1 15 32828248 32828248 + 4 145956 15_internal_6435 15 32974204 33011750 163 150.807 1.00004 3.65799 0.149596 -0.111152 0.482587 0.48473
ENSG00000223509.3 15 32829127 32829127 - 4 -664201 15_internal_8131 15 33493328 34050967 163 163.35 0.999973 3.95609 0.0853422 0.133256 0.273632 0.296345
ENSG00000244952.2 15 32905934 32905934 + 4 587394 15_internal_8131 15 33493328 34050967 163 163.987 1.00003 4.15752 0.200362 -0.101632 0.616915 0.602476
ENSG00000198826.6 15 32907345 32907345 + 4 390097 15_internal_8396 15 33297442 33494484 163 182.468 0.999988 4.03892 0.0190865 0.181651 0.0447761 0.0519793
ENSG00000262728.1 15 32907361 32907361 - 4 -66843 15_internal_6435 15 32974204 33011750 163 166.677 0.999953 4.15333 0.148515 -0.11532 0.477612 0.47577
ENSG00000198838.7 15 33603163 33603163 + 4 -108679 15_internal_8396 15 33297442 33494484 163 178.6 0.999969 4.35019 0.336261 -0.0758702 0.830846 0.80604
ENSG00000184984.8 15 34260921 34260921 + 3 -209954 15_internal_8131 15 33493328 34050967 163 178.536 0.999953 3.5666 0.186628 -0.102111 0.477612 0.478585
ENSG00000169857.3 15 34331377 34331377 - 4 836893 15_internal_8396 15 33297442 33494484 163 162.188 0.999991 3.5404 0.0330534 -0.169437 0.129353 0.113628
ENSG00000243094.1 15 34378515 34378515 - 4 -896716 15_internal_8590 15 35275231 35911770 163 164.449 0.999993 3.69701 0.390799 -0.0675134 0.835821 0.837897
ENSG00000134153.5 15 34394149 34394149 - 4 899665 15_internal_8396 15 33297442 33494484 163 144.44 1.00005 3.68877 0.0289465 -0.175567 0.119403 0.139156
ENSG00000182405.4 15 34394274 34394274 + 4 880957 15_internal_8590 15 35275231 35911770 163 180.335 1.00004 4.56043 0.0253867 0.170088 0.0945274 0.0824305
ENSG00000134152.6 15 34502297 34502297 - 3 451330 15_internal_8131 15 33493328 34050967 163 202.174 0.999964 3.83241 0.114852 0.12682 0.288557 0.27049
ENSG00000128463.7 15 34517200 34517200 + 3 758031 15_internal_8590 15 35275231 35911770 163 186.192 0.999969 2.99709 0.185399 0.100093 0.38806 0.400369
ENSG00000259468.1 15 34547487 34547487 + 3 727744 15_internal_8590 15 35275231 35911770 163 153.449 0.999978 2.96195 0.307004 -0.0799956 0.711443 0.683228
ENSG00000207091.1 15 34606929 34606929 + 3 668302 15_internal_8590 15 35275231 35911770 163 169.319 1.00001 3.04829 0.220786 0.0957082 0.517413 0.516333
ENSG00000140199.7 15 34630261 34630261 - 3 -644970 15_internal_8590 15 35275231 35911770 163 159.371 1.00001 2.99013 0.16603 -0.109087 0.427861 0.42888
ENSG00000182117.4 15 34635378 34635378 - 3 584411 15_internal_8131 15 33493328 34050967 163 190.586 1.00003 3.39236 0.317631 0.0757948 0.641791 0.671524
ENSG00000184507.11 15 34635516 34635516 + 3 92646 15_internal_5855 15 34728162 34913224 163 142.036 1.00003 2.59605 0.440637 -0.061407 0.835821 0.809223
ENSG00000176454.8 15 34659479 34659479 - 3 -68683 15_internal_5855 15 34728162 34913224 163 218.904 0.999988 4.07945 0.39607 -0.067586 0.78607 0.79901
ENSG00000215252.6 15 34880704 34880704 - 3 829737 15_internal_8131 15 33493328 34050967 163 142.418 0.999982 3.10674 0.0819131 -0.137893 0.288557 0.289052
ENSG00000175265.13 15 34880704 34880704 - 3 0 15_internal_5855 15 34728162 34913224 163 171.118 1.00001 3.12806 1.02989e-12 -0.52487 0.00497512 8.84887e-13
ENSG00000259751.1 15 35142596 35142596 - 2 -132635 15_internal_8590 15 35275231 35911770 163 204.673 1.00002 2.45961 0.0898341 0.131343 0.154229 0.134983
ENSG00000231409.3 15 35235281 35235281 + 2 -322057 15_internal_5855 15 34728162 34913224 163 149.915 1.00004 1.86093 0.56317 0.0426803 0.800995 0.800375
ENSG00000021776.6 15 35262040 35262040 - 2 -13191 15_internal_8590 15 35275231 35911770 163 189.424 0.999978 2.31626 0.0200079 0.180967 0.0248756 0.0278849
ENSG00000212768.2 15 35270552 35270552 + 2 4679 15_internal_8590 15 35275231 35911770 163 178.791 0.999994 1.74865 4.79733e-05 0.321354 0.00497512 3.60347e-05
ENSG00000198146.4 15 35280488 35280488 - 2 0 15_internal_8590 15 35275231 35911770 163 144.599 1 1.91344 2.64034e-06 0.361114 0.00497512 1.86186e-05
ENSG00000186073.7 15 36871812 36871812 + 1 -960042 15_internal_8590 15 35275231 35911770 163 193.276 1.00002 1.1276 0.180861 -0.105749 0.154229 0.16191
ENSG00000259225.2 15 38276967 38276967 + 5 21094 15_internal_7202 15 38298061 38426846 163 157.317 1.00005 5.12706 8.09195e-23 0.673719 0.00497512 2.28375e-21
ENSG00000236914.3 15 38365160 38365160 - 5 0 15_internal_7202 15 38298061 38426846 163 145.427 0.999971 4.38485 1.38689e-14 0.57207 0.00497512 1.58368e-12
ENSG00000166068.8 15 38544527 38544527 + 7 -117681 15_internal_7202 15 38298061 38426846 163 157.827 1.01843 6.35297 1.04947e-22 0.664096 0.00497512 1.30305e-21
ENSG00000171262.7 15 38746328 38746328 + 8 -319482 15_internal_7202 15 38298061 38426846 163 180.701 0.937665 7.82123 1.52123e-10 0.47219 0.00497512 5.14768e-10
ENSG00000259326.1 15 38795054 38795054 + 8 -368208 15_internal_7202 15 38298061 38426846 163 154.293 1.04995 6.70384 5.30007e-08 0.417183 0.00497512 3.92668e-07
ENSG00000172575.7 15 38857776 38857776 - 8 430930 15_internal_7202 15 38298061 38426846 163 171.023 0.991926 6.98489 6.9853e-16 0.576138 0.00497512 1.26603e-15
ENSG00000137801.9 15 39873280 39873280 + 9 0 15_internal_8605 15 39605143 39922472 163 161.599 1.07347 8.9841 7.1202e-07 0.372357 0.00497512 2.90583e-06
ENSG00000261136.1 15 40074772 40074772 + 8 518360 15_internal_6434 15 40593132 40627903 163 177.597 0.915785 7.39963 0.240239 0.0882717 0.830846 0.860295
ENSG00000150667.6 15 40075031 40075031 - 8 -261604 15_internal_6431 15 40336635 40634190 163 174.015 1.04041 9.66579 0.140844 -0.118064 0.751244 0.720295
ENSG00000259580.1 15 40093534 40093534 - 8 171062 15_internal_8605 15 39605143 39922472 163 139.68 1.13017 6.78235 0.0406163 0.163132 0.288557 0.278268
ENSG00000166073.4 15 40213093 40213093 - 9 834343 15_internal_5434 15 39367576 39378750 163 190.395 0.932714 12.1437 0.0363094 0.160809 0.293532 0.282253
ENSG00000128829.6 15 40226347 40226347 + 9 -847597 15_internal_5434 15 39367576 39378750 163 186.845 1.01272 11.867 0.104259 0.128216 0.626866 0.632073
ENSG00000140319.6 15 40331389 40331389 - 10 -430238 15_internal_5769 15 40761627 40858172 163 186.909 0.884708 11.8286 0.0322242 0.170643 0.288557 0.281397
ENSG00000248508.2 15 40331512 40331512 + 10 -725304 15_internal_5496 15 39475372 39606208 163 161.265 1.03549 9.25096 0.0738633 0.145116 0.472637 0.499634
ENSG00000259409.1 15 40381033 40381033 + 9 0 15_internal_6431 15 40336635 40634190 163 133.775 0.971094 6.49729 0.00712156 0.210643 0.114428 0.099865
ENSG00000104081.9 15 40401093 40401093 - 9 0 15_internal_6431 15 40336635 40634190 163 173.108 0.976348 9.32952 0.0324502 0.169171 0.248756 0.238943
ENSG00000156970.8 15 40453224 40453224 + 9 -530752 15_internal_8605 15 39605143 39922472 163 157.636 0.958591 8.19399 0.00966146 0.20011 0.0895522 0.0967163
ENSG00000259307.1 15 40592871 40592871 + 9 261 15_internal_6434 15 40593132 40627903 163 150.727 1.07828 8.34801 0.00422333 0.229058 0.0497512 0.0372136
ENSG00000137841.7 15 40600136 40600136 - 9 0 15_internal_6434 15 40593132 40627903 163 157.652 1.03473 8.53076 0.0187242 0.185276 0.154229 0.152237
ENSG00000259198.1 15 40604816 40604816 + 9 0 15_internal_6434 15 40593132 40627903 163 148.371 1.01274 7.82343 0.042267 0.15185 0.323383 0.339467
ENSG00000259330.1 15 40617417 40617417 + 8 0 15_internal_6434 15 40593132 40627903 163 170.083 1.09646 9.58118 2.25781e-07 0.399698 0.00497512 3.05059e-07
ENSG00000252714.1 15 40623849 40623849 - 8 0 15_internal_6434 15 40593132 40627903 163 157.079 1.00199 7.08267 0.143624 0.114584 0.671642 0.685939
ENSG00000188549.8 15 40633168 40633168 - 8 5265 15_internal_6434 15 40593132 40627903 163 168.762 1.13579 9.02177 9.0933e-05 0.297093 0.00497512 0.000213473
ENSG00000233041.4 15 40643234 40643234 + 8 660156 15_internal_5842 15 41303390 41311193 163 160.389 1.08053 7.22904 0.0385154 0.160941 0.263682 0.223816
ENSG00000140323.4 15 40650436 40650436 + 8 -727964 15_internal_8605 15 39605143 39922472 163 140.556 1.07207 6.56195 0.126851 -0.115413 0.661692 0.645129
ENSG00000128944.8 15 40674922 40674922 + 8 516523 15_internal_7064 15 41191445 41223725 163 166.773 1.07768 9.66994 0.0707977 -0.139459 0.467662 0.456192
ENSG00000128928.4 15 40697686 40697686 + 9 -63496 15_internal_6431 15 40336635 40634190 163 152.606 0.989117 8.26286 0.041726 0.151456 0.348259 0.343849
ENSG00000140320.7 15 40731920 40731920 + 9 29707 15_internal_5769 15 40761627 40858172 163 150.791 1.09915 8.31498 0.00248116 0.234401 0.0199005 0.0201635
ENSG00000259364.1 15 40746838 40746838 - 9 -14789 15_internal_5769 15 40761627 40858172 163 160.469 0.949919 8.78633 0.0159144 0.184777 0.164179 0.154841
ENSG00000259211.1 15 40758925 40758925 - 9 -920435 15_internal_6564 15 41679360 41689636 163 164.321 1.08303 8.95744 0.0414725 -0.158106 0.268657 0.274563
ENSG00000169105.6 15 40763160 40763160 + 9 -840688 15_internal_8605 15 39605143 39922472 163 169.542 0.952659 8.47833 0.269157 -0.0826845 0.940299 0.927956
ENSG00000259536.1 15 40780240 40780240 + 9 33679 15_internal_7038 15 40813919 40843957 163 149.804 1.10907 9.03717 0.032429 0.163252 0.263682 0.264148
ENSG00000128891.11 15 40857256 40857256 - 9 -446134 15_internal_5842 15 41303390 41311193 163 140.588 0.985553 7.93293 0.0447288 0.15379 0.402985 0.40689
ENSG00000137812.14 15 40886218 40886218 + 9 -258315 15_internal_6434 15 40593132 40627903 163 178.759 0.988423 10.8344 0.0154214 0.186251 0.119403 0.118057
ENSG00000051180.12 15 40986972 40986972 + 9 -128800 15_internal_5769 15 40761627 40858172 163 142.625 1.06537 7.69975 0.00251978 -0.236569 0.0298507 0.0281196
ENSG00000245849.2 15 40987305 40987305 - 9 -316085 15_internal_5842 15 41303390 41311193 163 138.025 1.03752 7.11466 0.181491 0.104754 0.800995 0.818439
ENSG00000137824.11 15 41048049 41048049 - 9 204092 15_internal_7038 15 40813919 40843957 163 158.352 1.09026 9.27026 0.205147 -0.0980699 0.875622 0.873581
ENSG00000137880.4 15 41056218 41056218 + 9 -198046 15_internal_5769 15 40761627 40858172 163 188.246 0.850697 9.69325 0.0702406 0.137212 0.472637 0.477161
ENSG00000188277.7 15 41062159 41062159 + 9 -203987 15_internal_5769 15 40761627 40858172 163 153.258 1.02705 7.76523 0.0513804 -0.152526 0.363184 0.363321
ENSG00000166140.12 15 41099284 41099284 + 9 -241112 15_internal_5769 15 40761627 40858172 163 150.091 1.11565 8.58736 0.00016419 0.280348 0.00497512 0.00123101
ENSG00000104129.4 15 41099675 41099675 - 9 241503 15_internal_5769 15 40761627 40858172 163 174.461 1.06666 10.6829 0.0648215 -0.145955 0.432836 0.429148
ENSG00000166145.9 15 41136216 41136216 + 9 -502026 15_internal_6431 15 40336635 40634190 163 168.778 0.980026 9.32705 0.0174535 0.172414 0.149254 0.142614
ENSG00000104142.6 15 41186628 41186628 + 10 -342671 15_internal_7038 15 40813919 40843957 163 180.494 0.875765 10.8412 0.0267592 0.169294 0.228856 0.247274
ENSG00000251161.2 15 41199009 41199009 + 11 -44392 15_internal_5925 15 41135510 41154617 163 158.432 0.979761 11.1014 0.160351 -0.112263 0.870647 0.871464
ENSG00000128917.5 15 41221538 41221538 + 11 457822 15_internal_6564 15 41679360 41689636 163 158.638 1.05401 10.4482 0.350878 -0.0699632 0.985075 0.98901
ENSG00000259617.1 15 41291472 41291472 + 11 11918 15_internal_5842 15 41303390 41311193 163 183.789 0.966974 12.1932 0.114261 -0.127716 0.696517 0.710124
ENSG00000259463.1 15 41303795 41303795 + 11 -459838 15_internal_7038 15 40813919 40843957 163 164.226 0.944623 10.3342 0.0123525 0.19615 0.139303 0.134808
ENSG00000259521.1 15 41309005 41309005 + 11 370355 15_internal_6564 15 41679360 41689636 163 148.101 0.965659 9.11127 0.25984 -0.0900112 0.970149 0.954584
ENSG00000259547.1 15 41401076 41401076 + 12 522161 15_internal_7919 15 41923237 41947232 163 145.538 1.03523 10.687 0.0694346 -0.144334 0.587065 0.603992
ENSG00000128908.11 15 41408552 41408552 - 12 -514685 15_internal_7919 15 41923237 41947232 163 179.252 0.857949 12.5786 0.0531425 -0.15253 0.462687 0.492804
ENSG00000187446.7 15 41523037 41523037 + 13 -211844 15_internal_5842 15 41303390 41311193 163 140.014 1.07744 10.9221 0.0369323 0.16214 0.412935 0.413635
ENSG00000247556.2 15 41576188 41576188 + 13 881017 15_internal_6180 15 42457205 42464491 163 152.033 1.17373 12.8799 0.00252412 0.234105 0.0248756 0.0241594
ENSG00000104147.4 15 41624819 41624819 - 13 -832386 15_internal_6180 15 42457205 42464491 163 159.737 1.03825 13.6634 0.111505 0.126546 0.781095 0.801612
ENSG00000137804.8 15 41624892 41624892 + 13 -780935 15_internal_7038 15 40813919 40843957 163 143.835 1.09881 11.153 0.0901449 0.134857 0.706468 0.698132
ENSG00000137806.4 15 41694717 41694717 - 11 -228520 15_internal_7919 15 41923237 41947232 163 160.947 1.02596 10.8925 0.165454 -0.107973 0.850746 0.859952
ENSG00000137815.10 15 41700606 41700606 + 11 -10970 15_internal_6564 15 41679360 41689636 163 169.144 0.985305 10.7584 0.161369 0.112526 0.850746 0.837443
ENSG00000200407.1 15 41741042 41741042 - 11 882870 15_internal_5769 15 40761627 40858172 163 166.884 0.984728 11.7486 0.0837117 0.132148 0.626866 0.631466
ENSG00000103932.6 15 41836467 41836467 - 11 -360071 15_internal_6322 15 42196538 42199878 163 201.649 0.908705 15.7768 0.0430134 -0.158401 0.368159 0.366852
ENSG00000174197.12 15 41913422 41913422 + 9 -758805 15_internal_5925 15 41135510 41154617 163 143.405 1.0478 7.80212 0.188358 0.102379 0.840796 0.841643
ENSG00000137802.9 15 42066632 42066632 + 9 309584 15_internal_6067 15 42376216 42416057 163 137.834 1.0543 8.70059 0.0961172 0.131254 0.686567 0.670178
ENSG00000250379.1 15 42120134 42120134 - 9 430498 15_internal_6564 15 41679360 41689636 163 164.353 0.933224 8.51457 0.0353547 0.162587 0.268657 0.288995
ENSG00000168970.15 15 42120283 42120283 + 9 -809090 15_internal_5842 15 41303390 41311193 163 164.608 0.846819 8.39377 0.05878 0.145939 0.427861 0.468844
ENSG00000243789.6 15 42120283 42120283 + 9 -809090 15_internal_5842 15 41303390 41311193 163 138.646 1.0793 7.27199 0.00864896 0.199385 0.0696517 0.0873985
ENSG00000243708.2 15 42129973 42129973 + 9 -818780 15_internal_5842 15 41303390 41311193 163 176.865 0.969729 9.78892 0.0368065 0.160712 0.293532 0.268181
ENSG00000174171.3 15 42184991 42184991 + 8 -495355 15_internal_6564 15 41679360 41689636 163 165.451 1.0237 8.27591 0.021203 0.180614 0.134328 0.147868
ENSG00000137877.8 15 42186275 42186275 - 8 -10263 15_internal_6322 15 42196538 42199878 163 179.348 0.977829 8.05156 0.0022016 -0.230843 0.00995025 0.0117811
ENSG00000260556.1 15 42189688 42189688 + 8 0 15_internal_7241 15 42184041 42265626 163 184.871 0.904314 9.07658 0.0295393 0.167678 0.20398 0.208446
ENSG00000259883.1 15 42213615 42213615 + 8 0 15_internal_7241 15 42184041 42265626 163 130.034 1.02901 6.21171 0.00190109 0.240731 0.0447761 0.0305742
ENSG00000103966.5 15 42264776 42264776 - 7 0 15_internal_7241 15 42184041 42265626 163 159.721 0.914186 6.18644 2.04238e-05 0.324293 0.00995025 0.000334575
ENSG00000207712.1 15 42491864 42491864 - 7 802228 15_internal_6564 15 41679360 41689636 163 165.42 1.00515 6.76398 0.0873551 -0.136583 0.487562 0.449393
ENSG00000166887.11 15 42500514 42500514 - 7 -892614 15_internal_7518 15 43393128 43428121 163 161.854 1.09699 7.69203 0.107307 -0.127356 0.567164 0.545511
ENSG00000261002.1 15 42500611 42500611 + 7 -553379 15_internal_7919 15 41923237 41947232 163 177.804 0.964144 7.6884 0.175803 0.105519 0.751244 0.743925
ENSG00000214013.5 15 42565431 42565431 + 7 -100940 15_internal_6180 15 42457205 42464491 163 158.75 1.1121 6.95927 0.0181194 0.18312 0.114428 0.0988389
ENSG00000103978.11 15 42565861 42565861 - 7 365983 15_internal_6322 15 42196538 42199878 163 177.167 0.977092 9.0729 0.0193452 -0.17964 0.119403 0.133213
ENSG00000260571.1 15 42605885 42605885 + 7 -141394 15_internal_6180 15 42457205 42464491 163 153.736 0.994849 6.29236 0.454584 0.0593004 0.985075 0.981272
ENSG00000258461.1 15 42640301 42640301 + 7 -224244 15_internal_6067 15 42376216 42416057 163 156.585 1.0831 6.72944 0.206587 0.100614 0.771144 0.782663
ENSG00000092529.18 15 42640301 42640301 + 7 -440423 15_internal_6322 15 42196538 42199878 163 169.272 0.942695 7.50561 0.21102 0.10001 0.835821 0.831482
ENSG00000201077.1 15 42719895 42719895 - 7 -673233 15_internal_7518 15 43393128 43428121 163 173.172 1.02228 8.49801 0.308641 -0.0815155 0.950249 0.946026
ENSG00000103994.11 15 42783321 42783321 - 7 367264 15_internal_6067 15 42376216 42416057 163 197.51 0.840745 7.56919 0.0533075 -0.154115 0.263682 0.29938
ENSG00000092531.5 15 42783431 42783431 + 7 -318940 15_internal_6180 15 42457205 42464491 163 158.607 0.987753 5.89032 0.204635 -0.100396 0.766169 0.755999
ENSG00000261684.1 15 42825038 42825038 - 7 360547 15_internal_6180 15 42457205 42464491 163 162.172 1.17186 8.30714 0.216303 -0.0990952 0.850746 0.833825
ENSG00000180979.5 15 42841000 42841000 - 7 424943 15_internal_6067 15 42376216 42416057 163 174.525 1.02283 7.24798 0.250565 -0.0909219 0.845771 0.850845
ENSG00000137814.4 15 42841008 42841008 + 7 -893776 15_internal_7919 15 41923237 41947232 163 193.658 0.973944 9.7239 0.00886941 0.201448 0.0547264 0.0452871
ENSG00000261822.1 15 42862192 42862192 - 7 914960 15_internal_7919 15 41923237 41947232 163 155.725 1.00565 6.91305 0.533269 0.0475086 1 0.995463
ENSG00000159433.7 15 42867857 42867857 + 7 778146 15_internal_8138 15 43646003 43665482 163 142.052 1.01525 6.09082 0.0628327 0.147773 0.422886 0.40107
ENSG00000140326.8 15 43029324 43029324 - 6 829446 15_internal_6322 15 42196538 42199878 163 171.15 0.93619 6.88423 0.0459932 0.157371 0.268657 0.277703
ENSG00000246283.2 15 43031316 43031316 + 6 361812 15_internal_7518 15 43393128 43428121 163 144.233 1.00005 4.68774 0.0228138 -0.181611 0.174129 0.142512
ENSG00000260799.1 15 43094603 43094603 - 6 -298525 15_internal_7518 15 43393128 43428121 163 153.449 0.974011 5.7739 0.430339 -0.0624978 0.960199 0.967866
ENSG00000128881.12 15 43213007 43213007 - 5 -180121 15_internal_7518 15 43393128 43428121 163 178.647 0.999975 6.00832 0.0293492 -0.172802 0.159204 0.127983
ENSG00000159459.7 15 43398311 43398311 - 4 0 15_internal_7518 15 43393128 43428121 163 145.57 1.00002 3.83356 0.0171761 0.190929 0.0995025 0.0901848
ENSG00000137842.2 15 43415477 43415477 + 4 -999420 15_internal_6067 15 42376216 42416057 163 146.207 0.999971 3.31092 0.224408 -0.0951656 0.61194 0.614194
ENSG00000166946.8 15 43477316 43477316 + 2 -49195 15_internal_7518 15 43393128 43428121 163 194.438 0.999995 2.18456 0.073268 0.139588 0.129353 0.106776
ENSG00000261687.1 15 43477339 43477339 - 2 49218 15_internal_7518 15 43393128 43428121 163 179.093 0.999965 2.30231 0.524264 0.0499775 0.80597 0.80136
ENSG00000166947.7 15 43513481 43513481 - 2 85360 15_internal_7518 15 43393128 43428121 163 245.153 1.00001 2.61241 0.238756 0.0936992 0.343284 0.342533
ENSG00000168806.6 15 43622803 43622803 - 3 -980289 15_internal_7248 15 44603092 44678259 163 178.027 0.999981 3.13109 0.29564 0.082641 0.641791 0.633624
ENSG00000168803.10 15 43622872 43622872 + 3 980220 15_internal_7248 15 44603092 44678259 163 143.867 1.00002 2.69677 0.733808 0.026726 0.970149 0.976058
ENSG00000137822.8 15 43661419 43661419 + 3 0 15_internal_8138 15 43646003 43665482 163 156.712 1.00003 2.90089 0.350385 0.0740588 0.746269 0.725839
ENSG00000140265.8 15 43663223 43663223 - 3 0 15_internal_8138 15 43646003 43665482 163 134.65 1.00001 2.88486 0.00844824 0.203437 0.0348259 0.0474682
ENSG00000067369.8 15 43802926 43802926 - 3 374805 15_internal_7518 15 43393128 43428121 163 168.539 1 2.7209 0.300815 0.0833725 0.606965 0.610277
ENSG00000166963.8 15 43803156 43803156 + 3 799936 15_internal_7248 15 44603092 44678259 163 158.304 1.00006 3.21353 0.297221 -0.0840947 0.701493 0.688377
ENSG00000168781.16 15 43941127 43941127 - 3 -661965 15_internal_7248 15 44603092 44678259 163 170.927 1.00001 3.399 0.215359 0.0989252 0.502488 0.540514
ENSG00000166762.11 15 43960316 43960316 - 3 -642776 15_internal_7248 15 44603092 44678259 163 156.267 1.00002 2.84023 0.101157 0.126364 0.263682 0.278341
ENSG00000167004.8 15 44038590 44038590 + 3 -373108 15_internal_8138 15 43646003 43665482 163 161.09 0.999995 3.19631 0.0189093 -0.180229 0.0746269 0.0613815
ENSG00000205771.2 15 44039292 44039292 - 3 373810 15_internal_8138 15 43646003 43665482 163 151.475 0.999967 2.35601 0.079908 -0.133308 0.21393 0.202185
ENSG00000140264.15 15 44069285 44069285 + 3 -641164 15_internal_7518 15 43393128 43428121 163 180.653 1.00003 3.32415 0.516101 0.0512472 0.890547 0.896211
ENSG00000128886.7 15 44069741 44069741 - 3 404259 15_internal_8138 15 43646003 43665482 163 182.722 0.999992 3.61814 0.0249496 -0.173038 0.0597015 0.0621582
ENSG00000221792.1 15 44085957 44085957 - 3 420475 15_internal_8138 15 43646003 43665482 163 159.673 1 2.83614 0.0893447 -0.132365 0.263682 0.241087
ENSG00000242028.1 15 44088340 44088340 + 3 -660219 15_internal_7518 15 43393128 43428121 163 189.997 1.00003 3.84009 0.114931 0.126561 0.298507 0.299973
ENSG00000262560.1 15 44091331 44091331 - 3 663210 15_internal_7518 15 43393128 43428121 163 151.539 1.00002 3.12746 0.136928 0.120753 0.393035 0.40198
ENSG00000184716.9 15 44092419 44092419 - 3 -510673 15_internal_7248 15 44603092 44678259 163 193.849 1.00004 3.42258 0.115093 0.127881 0.253731 0.263953
ENSG00000140259.6 15 44117000 44117000 - 4 -486092 15_internal_7248 15 44603092 44678259 163 163.493 0.999984 4.45411 0.312939 -0.080164 0.810945 0.811194
ENSG00000092470.7 15 44119161 44119161 + 4 974186 15_internal_8076 15 45093347 45422621 163 172.917 0.999962 4.42781 0.393279 0.064684 0.890547 0.878893
ENSG00000166734.13 15 44580927 44580927 + 6 -915445 15_internal_8138 15 43646003 43665482 163 173.394 0.974511 6.57891 0.12159 -0.123992 0.532338 0.54793
ENSG00000259653.1 15 44581547 44581547 - 6 916065 15_internal_8138 15 43646003 43665482 163 160.135 0.985296 5.96158 0.0584212 -0.145332 0.308458 0.318133
ENSG00000203575.1 15 44589782 44589782 + 6 503565 15_internal_8076 15 45093347 45422621 163 164.385 1.02815 6.04711 0.104009 0.131382 0.462687 0.467316
ENSG00000196274.4 15 44595293 44595293 - 6 -719687 15_internal_5745 15 45314980 45342970 163 156.537 0.999961 5.30364 0.31623 -0.0805585 0.875622 0.876667
ENSG00000203572.3 15 44614557 44614557 - 6 -840007 15_internal_7513 15 45454564 45460350 163 186.113 0.906952 6.4258 0.0580544 0.144138 0.273632 0.286443
ENSG00000250130.1 15 44646889 44646889 + 7 668091 15_internal_5745 15 45314980 45342970 163 164.544 1.04807 7.69547 0.202944 -0.0986208 0.81592 0.809563
ENSG00000259499.1 15 44682649 44682649 - 6 -410698 15_internal_8076 15 45093347 45422621 163 175.05 0.97611 7.1296 0.0107271 -0.192491 0.0646766 0.0614314
ENSG00000259595.1 15 44719342 44719342 - 7 -905602 15_internal_6987 15 45624944 45643945 163 167.537 0.925446 6.13417 0.173725 0.108658 0.686567 0.704002
ENSG00000137770.9 15 44719432 44719432 + 7 905512 15_internal_6987 15 45624944 45643945 163 164.114 1.01577 7.25716 0.375125 0.0713487 0.965174 0.965436
ENSG00000265191.1 15 44726452 44726452 + 7 898492 15_internal_6987 15 45624944 45643945 163 175.591 0.83095 6.53198 0.0345794 -0.1661 0.248756 0.240988
ENSG00000259335.1 15 44741542 44741542 - 9 -883402 15_internal_6987 15 45624944 45643945 163 133.011 1.09765 7.17896 0.153703 0.115643 0.80597 0.76652
ENSG00000259563.1 15 44809681 44809681 - 9 -815263 15_internal_6987 15 45624944 45643945 163 161.663 1.02269 8.1947 0.0540484 -0.151078 0.348259 0.360702
ENSG00000179523.4 15 44829121 44829121 - 9 -795823 15_internal_6987 15 45624944 45643945 163 155.63 0.995125 7.56766 0.00202715 0.23739 0.0248756 0.0196652
ENSG00000104131.8 15 44829255 44829255 + 9 485725 15_internal_5745 15 45314980 45342970 163 170.306 1.01275 9.19231 0.0213698 0.178027 0.169154 0.154524
ENSG00000259659.1 15 44850027 44850027 + 9 243320 15_internal_8076 15 45093347 45422621 163 180.589 1.05211 13.3952 0.283069 -0.0844653 0.960199 0.979795
ENSG00000104133.10 15 44955876 44955876 - 9 -727725 15_internal_5737 15 45683601 45696194 163 182.213 0.981953 9.48979 0.303665 0.0800741 0.950249 0.955269
ENSG00000206957.2 15 44989628 44989628 - 9 -693973 15_internal_5737 15 45683601 45696194 163 181.99 0.92942 9.45864 0.153038 -0.110955 0.736318 0.75893
ENSG00000229474.2 15 45003514 45003514 - 9 -468353 15_internal_6456 15 45471867 45496069 163 153.497 0.972771 8.14163 0.0841118 0.134979 0.517413 0.563504
ENSG00000166710.12 15 45003675 45003675 + 9 679926 15_internal_5737 15 45683601 45696194 163 167.712 0.984628 10.3325 0.179546 0.1013 0.880597 0.863423
ENSG00000185880.8 15 45021186 45021186 + 9 719099 15_internal_5593 15 45740285 45751227 163 165.897 1.05201 11.6585 0.0612557 -0.147862 0.457711 0.483786
ENSG00000259479.2 15 45176892 45176892 - 9 0 15_internal_8076 15 45093347 45422621 163 179.268 0.918699 9.99365 0.219197 0.100219 0.900498 0.903064
ENSG00000167014.6 15 45248900 45248900 + 9 222967 15_internal_6456 15 45471867 45496069 163 188.31 1.06664 11.4295 0.0955734 0.12933 0.562189 0.551181
ENSG00000259304.1 15 45263376 45263376 - 9 -420225 15_internal_5737 15 45683601 45696194 163 148.324 1.02363 8.29634 0.111346 0.124701 0.661692 0.672705
ENSG00000212550.1 15 45295226 45295226 - 9 616967 15_internal_7248 15 44603092 44678259 163 139.457 1.15468 9.12874 0.193321 0.101428 0.880597 0.882135
ENSG00000140263.9 15 45315302 45315302 + 9 0 15_internal_5745 15 45314980 45342970 163 166.852 0.992142 9.2532 0.0589097 0.148432 0.41791 0.416983
ENSG00000259418.1 15 45350905 45350905 - 9 -332696 15_internal_5737 15 45683601 45696194 163 187.514 0.879488 10.4683 0.0307359 0.16507 0.263682 0.245736
ENSG00000259352.1 15 45366246 45366246 - 9 0 15_internal_8076 15 45093347 45422621 163 191.079 0.90995 10.7011 0.296089 -0.0788923 0.985075 0.965381
