ENSG00000100181.16 22 17082777 17082777 + 11 0 22_internal_4909 22 17082067 17388376 163 136.688 1.05719 9.08156 2.3967e-31 0.749522 0.00497512 5.15673e-27
ENSG00000172967.7 22 17302589 17302589 - 12 0 22_internal_4909 22 17082067 17388376 163 162.522 1.13483 13.1752 1.23379e-29 0.72718 0.00497512 3.4105e-32
ENSG00000177663.9 22 17565844 17565844 + 13 129101 22_internal_4362 22 17694945 17719069 163 169.622 1.01664 14.3421 0.00899515 0.198329 0.109453 0.100463
ENSG00000235328.1 22 17574829 17574829 - 13 -545271 22_internal_3660 22 18120100 18266007 163 159.307 0.969767 11.0966 0.0288406 0.167937 0.293532 0.306481
ENSG00000183307.3 22 17602257 17602257 - 14 -348677 22_internal_3880 22 17950934 17957524 163 147.687 1.02288 10.4864 0.0324623 0.170764 0.363184 0.350356
ENSG00000235478.1 22 17602476 17602476 + 14 27569 22_internal_3933 22 17630045 17641482 163 162.316 1.0768 15.3494 0.0919115 0.129924 0.741294 0.750868
ENSG00000069998.8 22 17646177 17646177 - 14 4695 22_internal_3933 22 17630045 17641482 163 164.003 1.01558 12.7356 0.00128321 0.237223 0.0199005 0.0146015
ENSG00000093072.11 22 17702879 17702879 - 14 0 22_internal_4362 22 17694945 17719069 163 155.694 0.967681 12.1688 1.43439e-07 0.38971 0.00497512 5.05555e-06
ENSG00000182902.8 22 18043139 18043139 + 16 674776 22_internal_3809 22 18717915 18884497 163 141.606 1.08921 12.1097 0.116189 0.120723 0.840796 0.824988
ENSG00000236754.1 22 18071958 18071958 - 17 -390221 22_internal_3584 22 18462179 18507932 163 144.296 1.07707 13.5805 0.0745168 -0.143934 0.736318 0.709312
ENSG00000131100.8 22 18111584 18111584 - 17 -8516 22_internal_3660 22 18120100 18266007 163 165.913 0.928101 14.9937 0.0931004 0.128954 0.771144 0.780956
ENSG00000099968.13 22 18111621 18111621 + 17 -723245 22_internal_4909 22 17082067 17388376 163 166.677 0.903221 16.9519 0.0472408 0.154704 0.507463 0.585814
ENSG00000251737.1 22 18124285 18124285 - 17 735909 22_internal_4909 22 17082067 17388376 163 181.433 0.936097 22.3881 0.0392445 -0.165741 0.542289 0.520737
ENSG00000264757.1 22 18247025 18247025 - 18 530635 22_internal_5222 22 17708649 17716390 163 187.8 0.864778 21.6551 0.0358441 -0.160801 0.462687 0.481097
ENSG00000015475.14 22 18257536 18257536 - 18 -811811 22_internal_3678 22 19069347 19110977 163 153.004 1.03661 16.2769 7.06809e-05 -0.309135 0.00497512 0.0015066
ENSG00000269220.1 22 18260088 18260088 + 18 0 22_internal_3660 22 18120100 18266007 163 160.899 0.987153 16.8709 0.000275139 0.277208 0.0149254 0.00545703
ENSG00000093100.13 22 18294263 18294263 - 18 -167916 22_internal_3584 22 18462179 18507932 163 178.759 0.906421 19.6446 0.0154131 0.187381 0.233831 0.237496
ENSG00000243156.3 22 18507325 18507325 - 17 0 22_internal_3584 22 18462179 18507932 163 174.541 0.879673 15.7752 0.0106765 0.197707 0.154229 0.163836
ENSG00000225335.1 22 18560563 18560563 - 17 -31977 22_internal_4024 22 18592540 18655968 163 176.339 0.925697 18.6425 0.0289979 0.175552 0.427861 0.39004
ENSG00000215193.6 22 18560689 18560689 + 17 332236 22_internal_4380 22 18892925 18924209 163 169.717 1.00078 18.1206 0.0169678 0.177108 0.263682 0.237005
ENSG00000236890.2 22 18564441 18564441 - 16 747179 22_internal_4499 22 17761127 17817262 163 164.258 1.07031 16.5334 0.0531753 -0.150387 0.597015 0.557398
ENSG00000225225.1 22 18586415 18586415 - 16 -559553 22_internal_4927 22 19145968 19183930 163 171.803 0.89931 17.9417 0.00279053 -0.226316 0.0597015 0.0544082
ENSG00000183785.9 22 18593097 18593097 + 16 0 22_internal_4024 22 18592540 18655968 163 150.297 0.970673 13.7699 0.00612408 0.213081 0.129353 0.119446
ENSG00000184979.9 22 18632666 18632666 + 16 436681 22_internal_3678 22 19069347 19110977 163 139.76 1.10184 13.3049 0.0691013 0.142766 0.731343 0.688587
ENSG00000183628.7 22 18893541 18893541 + 13 0 22_internal_4380 22 18892925 18924209 163 150.855 1.06402 11.4349 3.37403e-06 0.336299 0.00497512 4.80977e-05
ENSG00000237517.3 22 18958027 18958027 + 12 -450095 22_internal_3584 22 18462179 18507932 163 167.728 1.07459 12.5414 0.0343308 -0.163025 0.338308 0.29997
ENSG00000241527.1 22 19022077 19022077 - 11 -123891 22_internal_4927 22 19145968 19183930 163 167.839 0.939403 11.2473 0.279576 0.0823299 0.965174 0.975235
ENSG00000206739.1 22 19032769 19032769 + 11 -524837 22_internal_3584 22 18462179 18507932 163 171.612 1.0503 11.8588 0.204765 -0.0969349 0.920398 0.914687
ENSG00000237347.2 22 19043314 19043314 + 11 -535382 22_internal_3584 22 18462179 18507932 163 164.592 1.04337 11.7461 0.0906404 -0.125192 0.651741 0.648607
ENSG00000223461.1 22 19109042 19109042 + 11 0 22_internal_3678 22 19069347 19110977 163 145.395 0.960629 8.7007 0.000128415 0.294836 0.00995025 0.0033319
ENSG00000070413.13 22 19109967 19109967 - 11 0 22_internal_3678 22 19069347 19110977 163 171.755 0.923018 13.3448 0.00252553 0.228589 0.0348259 0.0347309
ENSG00000231086.1 22 19112392 19112392 + 12 588191 22_internal_4341 22 19700583 19749760 163 143.15 1.03928 9.98517 0.0511023 -0.153467 0.522388 0.484773
ENSG00000206203.3 22 19118321 19118321 + 12 391841 22_internal_3875 22 19510162 19587974 163 157.747 1.045 11.6405 0.162751 0.11125 0.905473 0.876861
ENSG00000100056.7 22 19132197 19132197 - 12 21220 22_internal_3678 22 19069347 19110977 163 172.71 0.973217 12.7171 0.0198531 0.180931 0.208955 0.201112
ENSG00000100075.5 22 19166343 19166343 - 12 0 22_internal_4927 22 19145968 19183930 163 151.65 1.06722 11.3222 1.05767e-07 0.403855 0.00497512 1.3861e-06
ENSG00000233471.2 22 19245043 19245043 + 11 265119 22_internal_3875 22 19510162 19587974 163 192.735 0.906884 13.8971 0.0472894 0.15689 0.373134 0.400057
ENSG00000070371.11 22 19279239 19279239 - 10 95309 22_internal_4927 22 19145968 19183930 163 159.18 0.944878 8.05201 4.39409e-10 0.468394 0.00497512 1.64194e-08
ENSG00000244296.2 22 19353289 19353289 + 11 347294 22_internal_4341 22 19700583 19749760 163 165.022 0.95053 9.61504 0.078556 -0.13815 0.542289 0.558637
ENSG00000185608.4 22 19419425 19419425 + 11 -235495 22_internal_4927 22 19145968 19183930 163 167.887 1.00117 10.646 0.303037 0.0799559 0.970149 0.976065
ENSG00000100084.10 22 19435224 19435224 - 11 -265359 22_internal_4341 22 19700583 19749760 163 156.203 1.01276 9.44105 0.0244528 -0.176279 0.19403 0.22728
ENSG00000185065.6 22 19435416 19435416 + 11 74746 22_internal_3875 22 19510162 19587974 163 170.672 1.04749 11.5459 0.0127839 -0.192563 0.119403 0.105004
ENSG00000242259.3 22 19435755 19435755 - 11 -264828 22_internal_4341 22 19700583 19749760 163 138.136 1.13485 9.37414 0.00959852 -0.201081 0.104478 0.110211
ENSG00000070010.13 22 19466738 19466738 - 11 -43424 22_internal_3875 22 19510162 19587974 163 175.814 0.933416 12.38 0.151655 -0.113074 0.840796 0.853225
ENSG00000184702.13 22 19701987 19701987 + 9 -817490 22_internal_3809 22 18717915 18884497 163 177.517 0.969232 9.2339 0.0748009 -0.140343 0.482587 0.46609
ENSG00000203618.5 22 19710468 19710468 + 9 -526538 22_internal_4927 22 19145968 19183930 163 161.758 0.999958 10.1484 0.297748 -0.0809931 0.975124 0.973055
ENSG00000215012.4 22 19842419 19842419 - 10 92659 22_internal_4341 22 19700583 19749760 163 148.96 1.10435 11.1501 0.0295029 0.171024 0.313433 0.3005
ENSG00000185838.9 22 19842462 19842462 - 10 -965598 22_internal_3988 22 20808060 20821985 163 157.238 1.0477 10.099 0.0254526 0.175088 0.243781 0.23128
ENSG00000232926.1 22 19874812 19874812 + 10 0 22_internal_3571 22 19840361 19921458 163 172.296 0.997827 11.0687 0.000887946 0.254155 0.00995025 0.00705286
ENSG00000093010.7 22 19929130 19929130 + 10 -7672 22_internal_3571 22 19840361 19921458 163 151.587 1.17342 10.3176 0.00950581 0.192615 0.0696517 0.0782358
ENSG00000184470.15 22 19929341 19929341 - 10 -946710 22_internal_4682 22 20876051 20932338 163 165.053 0.950869 9.24972 0.0500319 0.149504 0.383085 0.392906
ENSG00000099889.9 22 20004331 20004331 - 10 -803729 22_internal_3988 22 20808060 20821985 163 144.583 0.956314 7.78361 0.0256745 0.173042 0.273632 0.265063
ENSG00000183597.11 22 20004537 20004537 + 10 -83079 22_internal_3571 22 19840361 19921458 163 164.321 0.929933 9.35734 0.0873789 -0.128621 0.59204 0.600773
ENSG00000208023.1 22 20020662 20020662 + 10 -99204 22_internal_3571 22 19840361 19921458 163 145.395 1.09536 9.20659 0.0476163 -0.158371 0.402985 0.398431
ENSG00000268292.1 22 20053228 20053228 - 11 -998276 22_internal_4612 22 21051504 21223182 163 193.021 0.919196 14.1116 0.0315419 -0.165189 0.263682 0.276151
ENSG00000236540.2 22 20058045 20058045 - 11 -818006 22_internal_4682 22 20876051 20932338 163 175.177 0.945093 13.9198 0.0112119 0.196767 0.154229 0.12951
ENSG00000128191.9 22 20067755 20067755 + 11 -883825 22_internal_4927 22 19145968 19183930 163 204.689 0.901818 14.0509 0.394317 0.0679403 1 0.997675
ENSG00000221366.1 22 20073581 20073581 + 11 734479 22_internal_3988 22 20808060 20821985 163 152.001 0.999936 9.67909 0.0164706 0.184122 0.189055 0.18228
ENSG00000243762.1 22 20099398 20099398 - 11 511424 22_internal_3875 22 19510162 19587974 163 160.198 0.979901 9.82213 0.0100904 -0.201335 0.114428 0.106286
ENSG00000099901.12 22 20103461 20103461 + 12 -182003 22_internal_3571 22 19840361 19921458 163 176.228 1.02626 12.7547 0.15434 0.115282 0.840796 0.844758
ENSG00000099899.10 22 20104915 20104915 - 12 -998133 22_internal_3516 22 21103048 21105700 163 153.561 1.0662 10.9013 0.00675383 -0.207662 0.0845771 0.0744367
ENSG00000264346.1 22 20113925 20113925 + 11 -525951 22_internal_3875 22 19510162 19587974 163 148.021 1.13184 11.3449 0.153792 -0.114771 0.870647 0.860884
ENSG00000099904.11 22 20116979 20116979 + 11 691081 22_internal_3988 22 20808060 20821985 163 156.537 1.14922 10.9387 0.0598106 0.147216 0.472637 0.454589
ENSG00000128185.5 22 20307603 20307603 - 10 0 22_internal_4785 22 20286286 20751256 163 157.079 0.956473 8.848 0.0417012 0.161632 0.368159 0.358935
ENSG00000215513.5 22 20427835 20427835 - 11 0 22_internal_4785 22 20286286 20751256 163 135.892 1.2336 9.58788 0.0408247 0.154253 0.41791 0.356009
ENSG00000244486.3 22 20792146 20792146 - 9 -15914 22_internal_3988 22 20808060 20821985 163 179.905 0.991064 8.7528 0.0184408 0.182678 0.124378 0.11296
ENSG00000215493.3 22 20804409 20804409 + 9 3651 22_internal_3988 22 20808060 20821985 163 189.663 0.924769 10.2974 0.00882922 0.204961 0.079602 0.0614109
ENSG00000201916.1 22 20835445 20835445 + 9 -84189 22_internal_4785 22 20286286 20751256 163 157.238 1.04943 8.93474 0.0122161 0.195385 0.0995025 0.103587
ENSG00000242876.2 22 20836497 20836497 - 9 -215007 22_internal_4612 22 21051504 21223182 163 178.472 0.931355 9.97771 0.115983 -0.125406 0.646766 0.678099
ENSG00000265300.1 22 20837603 20837603 - 9 -265445 22_internal_3516 22 21103048 21105700 163 148.69 1.05157 8.3365 0.114187 0.121328 0.666667 0.671891
ENSG00000236670.1 22 20838392 20838392 - 9 -264656 22_internal_3516 22 21103048 21105700 163 141.399 1.15777 8.48283 0.112111 0.122613 0.686567 0.66351
ENSG00000099910.12 22 20850170 20850170 - 9 28185 22_internal_3988 22 20808060 20821985 163 159.625 1.06702 8.66846 0.0220606 0.175643 0.164179 0.162608
ENSG00000099917.13 22 20850200 20850200 + 9 459646 22_internal_5248 22 21309846 21410873 163 165.037 0.955382 8.41723 0.246385 -0.0881036 0.910448 0.911245
ENSG00000236003.1 22 20878157 20878157 - 9 649858 22_internal_4027 22 20111037 20228299 163 163.78 0.848147 8.44806 0.00206248 -0.239523 0.0348259 0.0329143
ENSG00000250261.1 22 20946505 20946505 - 8 124520 22_internal_3988 22 20808060 20821985 163 146.62 1.15185 7.74369 0.0177703 0.190916 0.0995025 0.127569
ENSG00000226287.3 22 21055220 21055220 + 9 -303964 22_internal_4785 22 20286286 20751256 163 140.014 1.14003 8.77855 0.0655453 0.147629 0.527363 0.493192
ENSG00000234252.1 22 21077335 21077335 + 9 -255350 22_internal_3988 22 20808060 20821985 163 151.062 0.980493 7.71739 0.063977 -0.145214 0.442786 0.459435
ENSG00000230344.2 22 21080201 21080201 - 9 258216 22_internal_3988 22 20808060 20821985 163 135.08 1.05996 8.1055 0.0641087 -0.145035 0.522388 0.515959
ENSG00000099937.6 22 21128167 21128167 + 9 -195829 22_internal_4682 22 20876051 20932338 163 176.419 0.858569 9.04969 0.0319117 0.163692 0.278607 0.271604
ENSG00000099940.6 22 21213271 21213271 + 9 -984972 22_internal_4027 22 20111037 20228299 163 166.215 1.01932 7.91724 0.027625 0.162458 0.19403 0.182
ENSG00000241973.6 22 21213705 21213705 - 9 391720 22_internal_3988 22 20808060 20821985 163 157.89 0.976352 9.59282 0.154606 -0.113142 0.810945 0.821099
ENSG00000099942.8 22 21271714 21271714 + 8 -520458 22_internal_4785 22 20286286 20751256 163 189.105 0.889981 8.77606 0.182893 -0.0994214 0.800995 0.797074
ENSG00000183773.11 22 21319396 21319396 + 8 -213696 22_internal_3516 22 21103048 21105700 163 142.577 1.02163 6.78506 0.000513037 0.266599 0.00497512 0.00701687
ENSG00000099949.14 22 21333751 21333751 + 8 0 22_internal_5248 22 21309846 21410873 163 171.596 0.99151 8.32083 1.00264e-09 0.450037 0.00497512 3.59459e-09
ENSG00000230513.1 22 21356175 21356175 + 8 -132993 22_internal_4612 22 21051504 21223182 163 159.084 0.969773 7.49572 0.207187 -0.100349 0.860697 0.840737
ENSG00000184436.7 22 21356485 21356485 - 8 424147 22_internal_4682 22 20876051 20932338 163 168.38 1.00511 8.17539 0.0315969 -0.167192 0.199005 0.2112
ENSG00000169635.5 22 21771693 21771693 + 9 -360820 22_internal_5248 22 21309846 21410873 163 173.156 0.89387 8.66668 0.198047 0.0984027 0.845771 0.854972
ENSG00000206140.5 22 21820712 21820712 + 9 -715012 22_internal_3516 22 21103048 21105700 163 150.457 0.995766 7.56589 0.192622 0.101852 0.860697 0.834126
ENSG00000183506.11 22 21871822 21871822 - 8 648640 22_internal_4612 22 21051504 21223182 163 154.882 1.01272 6.85272 0.110328 -0.125957 0.597015 0.576882
ENSG00000185651.10 22 21903736 21903736 + 9 510916 22_internal_5044 22 22414652 22523382 163 147.751 1.02883 8.96641 0.0242166 0.183438 0.233831 0.240426
ENSG00000161179.9 22 21984353 21984353 - 7 0 22_internal_3438 22 21982354 21997960 163 207.284 0.871639 7.70362 0.203111 0.0972168 0.741294 0.76151
ENSG00000128228.4 22 21996550 21996550 + 7 -773368 22_internal_4612 22 21051504 21223182 163 174.97 0.914095 6.99041 0.121797 -0.12039 0.562189 0.591975
ENSG00000100023.12 22 22006559 22006559 + 7 -595686 22_internal_5248 22 21309846 21410873 163 175.862 0.964001 8.46737 0.32908 0.0793788 0.960199 0.959873
ENSG00000244671.2 22 22077471 22077471 - 8 -574208 22_internal_4385 22 22651679 22699686 163 161.488 1.0827 8.89299 0.0240087 -0.177207 0.174129 0.169502
ENSG00000100027.10 22 22090123 22090123 - 8 92163 22_internal_3438 22 21982354 21997960 163 180.367 0.898747 8.23574 0.198004 -0.0980843 0.860697 0.824153
ENSG00000200985.1 22 22146723 22146723 + 8 741194 22_internal_3310 22 22887917 22897924 163 167.075 0.940524 8.20594 0.0240242 0.181652 0.20398 0.191438
ENSG00000100030.10 22 22221970 22221970 - 9 811097 22_internal_5248 22 21309846 21410873 163 177.947 0.967773 9.96359 0.0790346 0.138316 0.512438 0.511216
ENSG00000225544.1 22 22240012 22240012 - 8 -789172 22_internal_3611 22 23029184 23035978 163 184.442 1.02919 10.3379 0.0940076 0.134339 0.552239 0.539217
ENSG00000224086.3 22 22292609 22292609 + 9 -294649 22_internal_3438 22 21982354 21997960 163 185.11 0.934005 9.64428 0.0680926 -0.142849 0.41791 0.433632
ENSG00000100034.9 22 22307209 22307209 - 9 -962839 22_internal_3417 22 23270048 23278685 163 164.21 1.02229 8.83145 0.403159 0.066688 0.99005 0.988748
ENSG00000100038.15 22 22337213 22337213 - 9 -77439 22_internal_5044 22 22414652 22523382 163 164.751 0.942656 7.98813 0.0102335 0.191134 0.104478 0.0896776
ENSG00000236850.3 22 22657589 22657589 + 12 0 22_internal_4385 22 22651679 22699686 163 150.791 1.01578 10.881 6.43588e-23 0.676841 0.00497512 1.36573e-20
ENSG00000211643.2 22 22673082 22673082 + 12 0 22_internal_4385 22 22651679 22699686 163 152.383 0.930212 9.22558 2.83788e-20 0.637858 0.00497512 7.27256e-17
ENSG00000128266.7 22 23412540 23412540 + 17 65522 22_internal_4519 22 23478062 23594608 163 170.306 0.871046 15.3046 0.0059866 0.216004 0.0995025 0.107181
ENSG00000239800.2 22 23475192 23475192 - 18 -652855 22_internal_4237 22 24128047 24409975 163 142.657 1.07874 14.9361 0.0429217 0.156015 0.572139 0.557862
ENSG00000100218.7 22 23487208 23487208 - 18 0 22_internal_4519 22 23478062 23594608 163 153.195 1.02953 16.7303 0.0015138 0.239481 0.0348259 0.031021
ENSG00000100228.8 22 23487513 23487513 + 18 0 22_internal_4519 22 23478062 23594608 163 164.433 1.12845 18.2925 1.1332e-06 0.351394 0.00497512 4.34188e-06
ENSG00000186716.15 22 23521891 23521891 + 18 0 22_internal_3759 22 23521073 23593601 163 148.228 0.987783 14.6981 0.0496613 0.14367 0.616915 0.610498
ENSG00000236794.4 22 23522465 23522465 - 18 624541 22_internal_3310 22 22887917 22897924 163 158.463 1.00744 19.418 0.0217929 -0.181002 0.343284 0.368973
ENSG00000240160.2 22 23604258 23604258 - 20 0 22_internal_3963 22 23600430 23609910 163 165.499 0.931461 18.3431 0.0273068 -0.168473 0.40796 0.418814
ENSG00000230701.1 22 23605323 23605323 + 20 -487041 22_internal_3604 22 23094659 23118282 163 159.896 0.982067 19.2718 0.114705 -0.12105 0.915423 0.914201
ENSG00000189269.7 22 23974508 23974508 - 21 695823 22_internal_3417 22 23270048 23278685 163 154.93 1.11617 19.2743 0.0169487 0.180558 0.268657 0.270848
ENSG00000211683.2 22 23981128 23981128 - 21 -18952 22_internal_3701 22 24000080 24042407 163 161.997 1.08281 20.5527 0.0464146 -0.155849 0.616915 0.593992
ENSG00000234353.2 22 23982949 23982949 - 21 -17131 22_internal_3701 22 24000080 24042407 163 142.259 1.04869 16.9989 0.0200891 -0.175456 0.373134 0.380241
ENSG00000244723.3 22 23995521 23995521 - 21 -17012 22_internal_3485 22 24012533 24043650 163 146.509 0.992699 16.3739 0.00120306 0.239492 0.0298507 0.0354992
ENSG00000159496.10 22 24030323 24030323 + 22 0 22_internal_3485 22 24012533 24043650 163 172.28 1.00464 24.1372 6.21915e-14 0.518512 0.00497512 2.55691e-13
ENSG00000228315.5 22 24059543 24059543 - 21 15893 22_internal_3485 22 24012533 24043650 163 150.807 1.01454 16.9489 0.000203331 0.274365 0.00497512 0.00550984
ENSG00000187792.3 22 24093279 24093279 - 21 -724104 22_internal_4564 22 24817383 24883407 163 161.902 0.962369 18.8959 0.00600426 0.207295 0.119403 0.121665
ENSG00000169314.10 22 24105208 24105208 + 21 135019 22_internal_3208 22 24240227 24314414 163 189.615 0.993966 28.8626 0.0458606 0.152598 0.60199 0.602592
ENSG00000250479.4 22 24110630 24110630 - 21 516022 22_internal_4519 22 23478062 23594608 163 171.309 0.919939 18.7831 0.104562 0.128646 0.855721 0.868181
ENSG00000099956.13 22 24129150 24129150 + 20 0 22_internal_4064 22 24091833 24201726 163 149.39 0.94174 15.6381 0.026026 0.163458 0.442786 0.43815
ENSG00000099958.10 22 24181315 24181315 - 20 -412299 22_internal_3454 22 24593614 24605388 163 157.254 0.973511 15.9706 0.0555593 -0.146229 0.631841 0.639368
ENSG00000133460.14 22 24198890 24198890 + 20 -900377 22_internal_4243 22 23152470 23298513 163 164.13 1.06512 22.7557 0.0982213 0.130756 0.890547 0.890992
ENSG00000251357.3 22 24204375 24204375 + 20 592127 22_internal_3923 22 24796502 24842468 163 171.023 1.06467 22.3325 0.00266801 0.227663 0.0447761 0.0364501
ENSG00000240972.1 22 24236191 24236191 + 20 0 22_internal_3919 22 24235340 24385690 163 178.838 1.00687 24.186 0.000164299 0.276055 0.00497512 0.0018208
ENSG00000218537.1 22 24241117 24241117 - 20 0 22_internal_3919 22 24235340 24385690 163 147.862 0.972755 15.8714 3.79695e-12 0.483752 0.00497512 1.07591e-09
ENSG00000099974.7 22 24309089 24309089 + 18 0 22_internal_3919 22 24235340 24385690 163 175.002 1.00939 21.3681 5.7075e-10 0.45272 0.00497512 2.36273e-09
ENSG00000099977.9 22 24322660 24322660 - 18 0 22_internal_3919 22 24235340 24385690 163 140.269 0.999524 12.2378 7.84533e-16 0.560949 0.00497512 9.79946e-13
ENSG00000099991.12 22 24407642 24407642 + 18 42546 22_internal_4046 22 24450188 24531869 163 158.814 1.05848 16.8516 0.00215721 0.228024 0.0348259 0.0329659
ENSG00000099994.10 22 24577227 24577227 + 18 -985823 22_internal_4101 22 23577757 23591404 163 143.103 1.13648 16.1534 0.00769394 -0.212022 0.134328 0.138912
ENSG00000099998.13 22 24641110 24641110 - 14 35722 22_internal_3454 22 24593614 24605388 163 176.514 0.990418 16.0464 0.00268641 0.228719 0.039801 0.0293534
ENSG00000100014.14 22 24666786 24666786 + 14 -256811 22_internal_4237 22 24128047 24409975 163 161.297 1.08145 13.3877 0.00402193 0.222398 0.039801 0.0420743
ENSG00000258555.2 22 24666866 24666866 + 14 -256891 22_internal_4237 22 24128047 24409975 163 171.85 0.933952 11.8695 0.0123408 0.192887 0.134328 0.134997
ENSG00000128271.13 22 24813847 24813847 + 17 -770197 22_internal_3485 22 24012533 24043650 163 149.613 1.08698 14.7672 0.0508602 0.14955 0.616915 0.570489
ENSG00000100024.10 22 24863206 24863206 + 18 0 22_internal_4021 22 24858639 24881046 163 157.508 0.979784 15.2857 0.00032072 0.281174 0.0149254 0.00689879
ENSG00000178803.6 22 24891042 24891042 - 18 847392 22_internal_3485 22 24012533 24043650 163 200.423 0.872343 23.5184 0.0243518 0.173058 0.303483 0.316873
ENSG00000228923.1 22 24912476 24912476 + 18 -31430 22_internal_4021 22 24858639 24881046 163 171.086 0.887735 17.9577 0.00568977 0.215705 0.119403 0.109938
ENSG00000100028.7 22 24951471 24951471 + 18 44186 22_internal_3502 22 24995657 25004841 163 143.978 1.06731 15.8409 6.56705e-06 0.325061 0.00497512 0.000206309
ENSG00000138867.12 22 24951903 24951903 - 18 -726774 22_internal_3641 22 25678677 25891167 163 153.624 1.09384 16.5612 0.0277706 -0.1712 0.378109 0.379465
ENSG00000100031.14 22 24979718 24979718 + 18 15939 22_internal_3502 22 24995657 25004841 163 190.252 0.961466 22.91 3.57788e-13 0.515281 0.00497512 2.91991e-13
ENSG00000178026.8 22 24989175 24989175 - 18 -6482 22_internal_3502 22 24995657 25004841 163 149.167 1.21933 18.7985 6.03169e-14 0.531432 0.00497512 4.82835e-14
ENSG00000215481.4 22 25028882 25028882 + 18 -618907 22_internal_4237 22 24128047 24409975 163 171.023 0.90612 16.2888 0.00206567 -0.241192 0.0547264 0.0375605
ENSG00000224124.2 22 25055114 25055114 - 16 645139 22_internal_4237 22 24128047 24409975 163 156.585 0.975685 13.9273 0.0203825 -0.180517 0.283582 0.288029
ENSG00000236650.1 22 25574727 25574727 - 9 732259 22_internal_3923 22 24796502 24842468 163 167.314 0.984595 9.36259 0.190459 -0.104475 0.850746 0.855559
ENSG00000231466.2 22 25746289 25746289 - 8 0 22_internal_3641 22 25678677 25891167 163 159.753 1.01227 7.80408 0.000232586 0.281631 0.00497512 0.00193365
ENSG00000100068.7 22 25801344 25801344 - 8 0 22_internal_3641 22 25678677 25891167 163 139.76 1.01516 6.8112 4.50982e-08 0.416807 0.00497512 2.29792e-06
ENSG00000100058.7 22 25844072 25844072 + 7 0 22_internal_3641 22 25678677 25891167 163 176.769 0.882793 6.88691 2.44482e-08 0.414878 0.00497512 3.28547e-07
ENSG00000100077.8 22 25960816 25960816 + 6 -69649 22_internal_3641 22 25678677 25891167 163 163.43 1.00004 5.54844 0.00729934 0.209995 0.0248756 0.0394144
ENSG00000237387.1 22 25977349 25977349 - 7 972508 22_internal_3502 22 24995657 25004841 163 145.602 0.999974 5.21159 0.0925379 0.130391 0.467662 0.461348
ENSG00000224003.1 22 26043228 26043228 + 7 -152061 22_internal_3641 22 25678677 25891167 163 171.564 1.046 6.92471 0.0002426 0.288198 0.00497512 0.000829023
ENSG00000222585.1 22 26111136 26111136 - 7 219969 22_internal_3641 22 25678677 25891167 163 147.05 0.952724 5.55412 0.0241805 0.174948 0.223881 0.183894
ENSG00000128203.6 22 26825239 26825239 + 10 142693 22_internal_3529 22 26967932 26989642 163 194.518 0.962506 12.8423 0.276632 0.0859719 0.975124 0.969966
ENSG00000100099.16 22 26879803 26879803 - 9 -88129 22_internal_3529 22 26967932 26989642 163 171.819 0.941483 9.72273 0.113531 0.122796 0.681592 0.680226
ENSG00000100104.7 22 26879843 26879843 + 9 763550 22_internal_5302 22 27643393 28199138 163 165.993 1.01898 8.93438 0.102415 -0.123059 0.60199 0.599141
ENSG00000100109.12 22 26908471 26908471 - 8 -59461 22_internal_3529 22 26967932 26989642 163 159.196 0.925692 7.51397 0.0544248 0.142966 0.38806 0.394076
ENSG00000260065.1 22 26921002 26921002 - 8 -3693 22_internal_5010 22 26924695 26941359 163 149.931 1.07322 8.07601 0.0959022 0.130144 0.567164 0.58039
ENSG00000221760.1 22 26951289 26951289 - 8 9930 22_internal_5010 22 26924695 26941359 163 156.442 0.995113 6.7747 0.0148161 0.190891 0.129353 0.110904
ENSG00000213707.2 22 26956492 26956492 + 8 691930 22_internal_3618 22 27648422 27715143 163 169.59 0.958401 7.60581 0.0247847 -0.175717 0.189055 0.170607
ENSG00000128294.11 22 26992681 26992681 - 8 51322 22_internal_5010 22 26924695 26941359 163 177.963 1.00002 9.97814 0.0299979 0.169784 0.218905 0.209932
ENSG00000225783.2 22 27042392 27042392 + 8 601001 22_internal_5302 22 27643393 28199138 163 172.344 0.997325 8.74643 0.033082 0.163743 0.228856 0.223945
ENSG00000206028.1 22 27068617 27068617 - 8 -574776 22_internal_5302 22 27643393 28199138 163 153.019 1.04712 7.39256 0.0054173 0.21455 0.0447761 0.0435651
ENSG00000244625.1 22 27068730 27068730 + 8 574663 22_internal_5302 22 27643393 28199138 163 149.979 0.940205 7.36092 0.0669109 0.137865 0.492537 0.482316
ENSG00000223704.1 22 27254597 27254597 + 8 253954 22_internal_3429 22 27508551 27547510 163 163.621 0.997281 8.18151 0.118384 -0.122552 0.626866 0.642074
ENSG00000169184.5 22 28197486 28197486 - 5 649976 22_internal_3429 22 27508551 27547510 163 201.315 0.912722 5.54678 0.0114896 -0.200263 0.0497512 0.0382748
ENSG00000235954.2 22 28315364 28315364 + 7 -116226 22_internal_5302 22 27643393 28199138 163 180.414 0.987868 7.41914 0.0658142 0.145098 0.323383 0.337429
ENSG00000180957.13 22 28316122 28316122 - 7 -886807 22_internal_5150 22 29202929 29238018 163 129.127 0.999957 5.45735 0.123822 0.124073 0.656716 0.640533
ENSG00000100154.10 22 29075853 29075853 - 11 -213990 22_internal_5167 22 29289843 29353217 163 155.964 1.07275 9.6323 0.158278 0.109677 0.80597 0.810759
ENSG00000100209.5 22 29138019 29138019 + 11 -340416 22_internal_3530 22 28765741 28797603 163 176.976 0.978012 12.1258 0.00931145 0.199905 0.0995025 0.0837973
ENSG00000183765.16 22 29138410 29138410 - 11 340807 22_internal_3530 22 28765741 28797603 163 152.192 1.06226 10.0042 0.0508725 0.150207 0.427861 0.428147
ENSG00000159873.5 22 29168662 29168662 + 12 564497 22_internal_3889 22 29733159 29739008 163 205.326 0.951713 17.6072 0.0517478 0.153815 0.427861 0.427758
ENSG00000100219.12 22 29196585 29196585 - 12 -6344 22_internal_5150 22 29202929 29238018 163 159.816 0.932361 10.8065 0.0398166 0.158922 0.38806 0.402643
ENSG00000226471.2 22 29196671 29196671 + 12 947271 22_internal_3955 22 30143942 30151063 163 191.987 1.02708 16.5671 0.0630428 0.147559 0.497512 0.50962
ENSG00000183762.8 22 29469066 29469066 + 11 10190 22_internal_3511 22 29479256 29551162 163 186.797 0.964344 13.9202 3.61551e-08 0.403212 0.00497512 9.43218e-08
ENSG00000226772.1 22 29507671 29507671 - 11 0 22_internal_3511 22 29479256 29551162 163 163.048 0.997694 9.61364 2.48955e-07 0.377462 0.00497512 2.45804e-06
ENSG00000200871.1 22 29530002 29530002 + 11 0 22_internal_3511 22 29479256 29551162 163 172.79 1.05626 11.8594 0.00173994 0.240854 0.00497512 0.0114814
ENSG00000237015.1 22 29656878 29656878 + 13 102472 22_internal_3395 22 29759350 29767308 163 151.38 0.999117 10.2369 0.00224028 -0.225918 0.0447761 0.0326732
ENSG00000182944.13 22 29663998 29663998 + 13 34780 22_internal_4033 22 29698778 29712293 163 165.547 0.973353 13.0115 0.00816157 -0.208254 0.104478 0.102539
ENSG00000100263.9 22 29664198 29664198 - 13 -210318 22_internal_3675 22 29874516 29886275 163 168.746 1.06896 13.2871 0.012664 0.186244 0.129353 0.118123
ENSG00000239127.1 22 29729247 29729247 - 13 491229 22_internal_5150 22 29202929 29238018 163 162.252 0.903579 12.4169 0.257383 -0.0899318 0.985075 0.979967
ENSG00000100280.12 22 29819168 29819168 - 12 581150 22_internal_5150 22 29202929 29238018 163 140.396 1.13953 10.3469 0.231368 -0.0924491 0.950249 0.948572
ENSG00000225465.5 22 29874115 29874115 - 12 324773 22_internal_3357 22 29479420 29549342 163 146.175 1.12949 12.1194 0.185255 -0.104386 0.930348 0.928186
ENSG00000100285.9 22 29876219 29876219 + 12 -638201 22_internal_5150 22 29202929 29238018 163 174.047 0.93479 12.2972 0.0536375 0.14635 0.492537 0.472362
ENSG00000234208.1 22 29931379 29931379 - 12 380217 22_internal_3511 22 29479256 29551162 163 178.87 0.991839 13.6789 0.111 -0.125431 0.766169 0.747376
ENSG00000100296.9 22 29951205 29951205 - 12 -192737 22_internal_3955 22 30143942 30151063 163 169.654 1.04143 12.8066 0.0638449 0.14683 0.552239 0.519937
ENSG00000184117.7 22 29977326 29977326 - 12 -166616 22_internal_3955 22 30143942 30151063 163 156.521 0.972703 9.64839 0.0134389 0.194686 0.149254 0.148356
ENSG00000186575.13 22 29999545 29999545 + 12 -232237 22_internal_3395 22 29759350 29767308 163 177.485 0.972421 13.8043 0.0224513 0.181505 0.20398 0.224376
ENSG00000233010.1 22 30004889 30004889 + 12 566650 22_internal_3882 22 30571539 30611644 163 166.247 0.899944 11.2394 0.153463 -0.115199 0.860697 0.861295
ENSG00000100314.3 22 30116073 30116073 + 13 -59478 22_internal_3727 22 30036321 30056595 163 159.116 0.939703 12.1407 0.0621533 -0.145112 0.572139 0.587351
ENSG00000200976.1 22 30154747 30154747 + 13 875473 22_internal_4913 22 31030220 31129944 163 165.913 0.970495 13.9214 0.00881518 0.202197 0.134328 0.117238
ENSG00000100319.11 22 30163000 30163000 - 13 395692 22_internal_3395 22 29759350 29767308 163 149.183 1.10433 11.3447 0.105694 0.121031 0.751244 0.737827
ENSG00000184076.10 22 30163358 30163358 + 13 -106763 22_internal_3727 22 30036321 30056595 163 152.001 1.16182 13.512 0.0424825 0.155099 0.462687 0.427806
ENSG00000100325.10 22 30234271 30234271 - 13 466963 22_internal_3395 22 29759350 29767308 163 159.052 1.02287 12.3933 0.011416 0.194848 0.129353 0.136589
ENSG00000100330.11 22 30279144 30279144 + 12 -540136 22_internal_3889 22 29733159 29739008 163 150.568 1.01139 9.94899 0.0105731 -0.194067 0.129353 0.127543
ENSG00000207455.1 22 30295682 30295682 - 12 409407 22_internal_3675 22 29874516 29886275 163 172.965 0.936092 13.9275 0.0715758 0.139562 0.626866 0.626578
ENSG00000221736.1 22 30340198 30340198 + 12 -189135 22_internal_3955 22 30143942 30151063 163 188.341 0.940208 14.4854 0.476918 0.0560377 1 0.999828
ENSG00000227201.2 22 30443182 30443182 - 11 -144699 22_internal_4474 22 30587881 30676139 163 161.949 0.94364 10.3431 0.181265 -0.10439 0.890547 0.886635
ENSG00000227117.2 22 30476469 30476469 - 11 709161 22_internal_3395 22 29759350 29767308 163 158.129 1.03558 10.7237 0.062243 0.142867 0.527363 0.504454
ENSG00000099985.3 22 30662829 30662829 - 10 -892528 22_internal_4740 22 31555357 31648045 163 194.136 1.00135 15.0435 0.102191 0.127419 0.701493 0.687043
ENSG00000239282.3 22 30685616 30685616 - 10 -344604 22_internal_4913 22 31030220 31129944 163 153.959 1.11243 10.8648 0.154328 -0.110321 0.81592 0.836737
ENSG00000248751.2 22 30695471 30695471 - 10 -334749 22_internal_4913 22 31030220 31129944 163 164.194 0.848271 8.63604 0.339472 -0.0709525 0.995025 0.978986
ENSG00000099992.11 22 30723035 30723035 - 9 111391 22_internal_3882 22 30571539 30611644 163 154.468 1.01529 8.54847 0.19329 -0.100123 0.875622 0.856671
ENSG00000187860.6 22 30752624 30752624 + 8 802733 22_internal_4740 22 31555357 31648045 163 140.985 1.04387 6.65375 0.00681761 0.208423 0.0746269 0.0672644
ENSG00000099995.13 22 30752936 30752936 - 8 601873 22_internal_3955 22 30143942 30151063 163 169.144 0.95252 8.08123 0.0019729 0.235635 0.0149254 0.0162644
ENSG00000241528.1 22 30773862 30773862 - 7 -781495 22_internal_4740 22 31555357 31648045 163 152.367 1.08279 6.93036 0.260111 -0.0869041 0.865672 0.879572
ENSG00000100003.12 22 30792846 30792846 + 7 237374 22_internal_4913 22 31030220 31129944 163 159.403 0.942193 6.18066 0.13979 0.114364 0.631841 0.642067
ENSG00000099999.10 22 30817760 30817760 - 7 931485 22_internal_3675 22 29874516 29886275 163 172.36 1.06119 8.04782 0.147143 -0.114917 0.696517 0.668931
ENSG00000225774.1 22 30938523 30938523 + 6 616834 22_internal_4740 22 31555357 31648045 163 165.579 1.01066 5.6907 0.110316 -0.118725 0.432836 0.471707
ENSG00000100029.12 22 31003070 31003070 - 6 -552287 22_internal_4740 22 31555357 31648045 163 168.364 1.05142 6.44791 0.0140483 -0.193674 0.0696517 0.0674138
ENSG00000100036.11 22 31031639 31031639 + 7 -419995 22_internal_3882 22 30571539 30611644 163 154.261 0.984343 6.61057 0.0380216 -0.162882 0.253731 0.261849
ENSG00000250318.1 22 31050801 31050801 - 8 439157 22_internal_3882 22 30571539 30611644 163 140.285 0.958931 6.73341 0.0254095 -0.17482 0.233831 0.247762
ENSG00000167065.9 22 31063877 31063877 - 7 452233 22_internal_3882 22 30571539 30611644 163 167.839 0.923777 7.14957 0.00795236 -0.209356 0.0746269 0.0637943
ENSG00000235989.2 22 31318295 31318295 + 9 -706651 22_internal_3882 22 30571539 30611644 163 143.707 0.97326 7.08029 0.050912 -0.158397 0.38806 0.399967
ENSG00000133422.7 22 31364284 31364284 - 9 -646035 22_internal_3517 22 32010319 32033417 163 207.666 0.817977 9.95571 0.124088 -0.119044 0.646766 0.657869
ENSG00000253352.3 22 31366663 31366663 + 9 -755019 22_internal_3882 22 30571539 30611644 163 190.076 0.884375 8.68242 0.0223615 0.174198 0.134328 0.149828
ENSG00000183963.13 22 31460091 31460091 + 10 986425 22_internal_3203 22 32446516 32449141 163 145.108 1.07901 9.53744 0.132371 -0.118805 0.800995 0.77875
ENSG00000198832.6 22 31516055 31516055 - 10 -39302 22_internal_4740 22 31555357 31648045 163 171.452 1.0567 12.3106 0.020407 0.178384 0.174129 0.173541
ENSG00000138942.10 22 31556168 31556168 + 11 0 22_internal_4740 22 31555357 31648045 163 164.719 0.933985 11.1072 2.26859e-10 0.451186 0.00497512 7.77995e-09
ENSG00000254835.1 22 31601602 31601602 - 12 0 22_internal_4740 22 31555357 31648045 163 172.217 0.910922 12.1792 1.60953e-08 0.408091 0.00497512 3.4296e-07
ENSG00000182541.13 22 31608225 31608225 + 12 402094 22_internal_3517 22 32010319 32033417 163 198.115 0.787671 13.1196 0.207383 0.0982591 0.940299 0.936012
ENSG00000199695.1 22 31618839 31618839 - 11 -827677 22_internal_3203 22 32446516 32449141 163 211.422 0.936804 14.6235 0.0112997 0.199685 0.0746269 0.0681947
ENSG00000202019.1 22 31626158 31626158 - 11 -820358 22_internal_3203 22 32446516 32449141 163 140.715 1.07135 8.50895 0.0586623 0.149227 0.462687 0.471253
ENSG00000228839.1 22 31688485 31688485 + 10 -558541 22_internal_4913 22 31030220 31129944 163 161.727 1.03161 9.46463 0.0944586 0.127851 0.60199 0.600984
ENSG00000100100.8 22 31688520 31688520 - 10 -844644 22_internal_5024 22 32533164 32562544 163 172.28 1.03335 11.3532 0.103085 -0.127994 0.656716 0.659903
ENSG00000212542.1 22 31701390 31701390 + 10 745126 22_internal_3203 22 32446516 32449141 163 190.936 1.01221 13.9906 0.12146 -0.12121 0.741294 0.743194
ENSG00000100105.13 22 31742218 31742218 - 10 -324347 22_internal_3636 22 32066565 32139037 163 170.832 0.85227 9.16508 0.0726004 0.141654 0.497512 0.538122
ENSG00000213888.2 22 31742875 31742875 + 10 520226 22_internal_5309 22 32263101 32353114 163 140.683 1.02743 9.31205 0.341522 0.0749366 0.985075 0.987112
ENSG00000185721.7 22 31795509 31795509 + 10 238734 22_internal_4300 22 32034243 32050886 163 148.292 1.02038 8.71237 0.0145029 0.189665 0.189055 0.152533
ENSG00000240529.1 22 31835893 31835893 - 10 -427208 22_internal_5309 22 32263101 32353114 163 159.514 1.04766 8.50877 0.00797496 0.211044 0.0547264 0.0619498
ENSG00000240591.1 22 31850237 31850237 + 10 160082 22_internal_3517 22 32010319 32033417 163 158.845 1.0371 9.49127 0.0953382 0.127306 0.631841 0.61556
ENSG00000224623.1 22 31857650 31857650 + 10 675514 22_internal_5024 22 32533164 32562544 163 155.232 0.972443 8.81308 0.02179 0.180529 0.208955 0.212261
ENSG00000199248.1 22 31875475 31875475 - 10 -191090 22_internal_3636 22 32066565 32139037 163 199.325 0.76457 10.7826 0.0846645 -0.136257 0.557214 0.584834
ENSG00000198089.10 22 31884674 31884674 + 10 149569 22_internal_4300 22 32034243 32050886 163 162.316 1.02517 10.5277 0.000228218 0.282967 0.00497512 0.00210688
ENSG00000184708.12 22 31892094 31892094 - 10 -641070 22_internal_5024 22 32533164 32562544 163 151.3 0.965976 9.45838 0.0660401 0.147095 0.572139 0.545126
ENSG00000233733.1 22 31917578 31917578 - 10 -267872 22_internal_3427 22 32185450 32188450 163 152.924 0.974501 8.59137 0.00120572 -0.249569 0.0248756 0.0164551
ENSG00000229169.1 22 31934575 31934575 - 10 -250875 22_internal_3427 22 32185450 32188450 163 173.792 0.961518 10.3051 0.0343531 -0.169728 0.288557 0.277759
ENSG00000214093.3 22 31955469 31955469 + 10 78774 22_internal_4300 22 32034243 32050886 163 148.849 1.0265 8.29069 0.027148 0.169875 0.228856 0.24323
ENSG00000241878.5 22 32058418 32058418 - 11 7532 22_internal_4300 22 32034243 32050886 163 150.727 1.08898 11.0121 4.96965e-09 0.417165 0.00497512 5.06794e-08
ENSG00000183530.9 22 32146126 32146126 - 10 7089 22_internal_3636 22 32066565 32139037 163 176.514 1.13006 12.352 0.00704037 0.208927 0.0447761 0.0398223
ENSG00000100150.11 22 32149944 32149944 + 10 -10907 22_internal_3636 22 32066565 32139037 163 191.764 0.881297 10.9204 0.000489653 0.264293 0.00995025 0.0037657
ENSG00000242251.2 22 32153188 32153188 + 10 -14151 22_internal_3636 22 32066565 32139037 163 187.959 0.95826 11.1511 0.239371 0.0927701 0.940299 0.929329
ENSG00000227813.1 22 32287420 32287420 - 10 -735496 22_internal_3797 22 33022916 33198490 163 210.547 0.899621 13.7118 0.0324652 -0.163056 0.248756 0.229017
ENSG00000128245.10 22 32340447 32340447 + 10 0 22_internal_5309 22 32263101 32353114 163 163.605 0.958101 9.01032 0.00235687 0.239957 0.039801 0.0246552
ENSG00000128254.9 22 32341504 32341504 - 10 -191660 22_internal_5024 22 32533164 32562544 163 167.346 1.13978 10.9718 0.00537254 -0.210773 0.0248756 0.0320321
ENSG00000100220.7 22 32808242 32808242 - 9 774825 22_internal_3517 22 32010319 32033417 163 165.642 0.902916 7.18377 0.360729 0.0718522 0.970149 0.964932
ENSG00000100225.13 22 32870663 32870663 + 9 -241253 22_internal_5114 22 32595776 32629410 163 172.408 0.966674 8.55512 0.135769 -0.11894 0.691542 0.693453
ENSG00000100281.9 22 35653445 35653445 + 10 937602 22_internal_4901 22 36591047 36598499 163 167.107 0.979822 10.1771 0.0022703 0.229596 0.0199005 0.0219476
ENSG00000100284.15 22 35695268 35695268 + 11 1211 22_internal_3886 22 35696479 35730530 163 149.947 1.06991 9.3422 1.43704e-15 0.566858 0.00497512 2.26001e-14
ENSG00000266320.1 22 35731633 35731633 + 11 -1103 22_internal_3886 22 35696479 35730530 163 153.672 1.08983 11.0753 0.025766 0.174924 0.258706 0.2516
ENSG00000100292.12 22 35776354 35776354 + 11 0 22_internal_3503 22 35746088 35810003 163 183.343 0.864562 13.4179 6.9424e-14 0.545725 0.00497512 1.90332e-12
ENSG00000100297.9 22 35796056 35796056 + 11 0 22_internal_3503 22 35746088 35810003 163 173.601 0.962342 12.1168 2.49528e-14 0.540855 0.00497512 1.42328e-13
ENSG00000240293.1 22 35796135 35796135 + 11 0 22_internal_3503 22 35746088 35810003 163 155.025 1.06765 9.97519 1.04299e-09 0.462591 0.00497512 7.95233e-09
ENSG00000221963.4 22 36044442 36044442 + 13 0 22_internal_3734 22 36042269 36053972 163 170.943 0.914302 13.8444 0.000157855 0.286114 0.00995025 0.00271448
ENSG00000128284.15 22 36562225 36562225 - 16 -85721 22_internal_3897 22 36647946 36656252 163 185.412 0.972493 19.6861 0.0352932 0.158935 0.38806 0.402691
