ENSG00000224195.1 10 75573276 75573276 + 8 381282 10_internal_9031 10 75954558 76060810 163 192.942 0.978072 10.9505 0.102511 0.129392 0.587065 0.586879
ENSG00000229990.1 10 75601591 75601591 + 8 906508 10_internal_10080 10 76508099 76556143 163 169.399 1.01429 7.5535 0.0779295 0.140346 0.40796 0.426022
ENSG00000148660.14 10 75634343 75634343 - 8 -612124 10_internal_10188 10 76246467 76500366 163 164.878 0.954577 7.10362 0.121589 0.123605 0.61194 0.614403
ENSG00000122861.9 10 75668935 75668935 + 8 0 10_internal_8893 10 75658630 75683905 163 183.948 1.00833 10.3564 0.0418908 0.154379 0.273632 0.271833
ENSG00000222047.4 10 75682535 75682535 - 8 0 10_internal_8893 10 75658630 75683905 163 156.999 1.0977 7.58993 0.0519993 0.149694 0.318408 0.313764
ENSG00000035403.11 10 75757872 75757872 + 9 31293 10_internal_12994 10 75789165 76350634 163 200.009 0.85121 11.6756 0.111706 0.125361 0.641791 0.676734
ENSG00000225761.1 10 75764895 75764895 + 9 24270 10_internal_12994 10 75789165 76350634 163 151.937 1.00001 7.56481 0.305302 -0.0805279 0.945274 0.947331
ENSG00000228726.2 10 75862305 75862305 - 8 228460 10_internal_11922 10 75565665 75633845 163 166.916 1.00229 8.28345 0.250694 -0.0897177 0.905473 0.902214
ENSG00000267957.1 10 75880621 75880621 - 8 0 10_internal_12994 10 75789165 76350634 163 153.545 1.00471 7.02537 0.0170805 0.183782 0.154229 0.134799
ENSG00000269772.1 10 75880800 75880800 + 8 0 10_internal_12994 10 75789165 76350634 163 156.696 1.0722 8.1499 0.000933736 0.249337 0.00995025 0.00662975
ENSG00000185009.8 10 75910821 75910821 - 8 0 10_internal_12994 10 75789165 76350634 163 169.192 1.03271 8.08249 1.46893e-10 0.463307 0.00497512 2.62033e-10
ENSG00000156110.8 10 75910960 75910960 + 8 0 10_internal_12994 10 75789165 76350634 163 166.215 0.919851 7.24107 4.31609e-15 0.554506 0.00497512 2.19741e-13
ENSG00000236900.1 10 76104563 76104563 - 8 0 10_internal_12994 10 75789165 76350634 163 157.158 1.08005 7.20535 7.58069e-06 0.326537 0.00497512 3.63003e-05
ENSG00000214629.3 10 76131293 76131293 + 9 0 10_internal_12994 10 75789165 76350634 163 158.209 1.00133 8.04839 5.49521e-11 0.476268 0.00497512 8.21935e-10
ENSG00000213731.2 10 76183772 76183772 - 11 0 10_internal_12994 10 75789165 76350634 163 140.142 1.0059 8.11039 1.18265e-08 0.410356 0.00497512 9.32689e-07
ENSG00000227539.1 10 76185995 76185995 + 11 0 10_internal_12994 10 75789165 76350634 163 131.673 1.14367 9.57977 1.43097e-11 0.480583 0.00497512 8.50172e-10
ENSG00000226253.1 10 76287342 76287342 + 12 0 10_internal_12994 10 75789165 76350634 163 145.618 1.05975 10.0177 0.000124822 0.290535 0.00497512 0.00198797
ENSG00000232342.2 10 76289096 76289096 - 12 0 10_internal_12994 10 75789165 76350634 163 154.357 1.03164 10.8253 1.84384e-07 0.391017 0.00497512 2.81805e-06
ENSG00000206756.1 10 76311150 76311150 + 12 0 10_internal_12994 10 75789165 76350634 163 177.883 0.883331 10.9741 0.000376583 0.27247 0.0149254 0.00472431
ENSG00000214626.2 10 76414714 76414714 + 12 -64080 10_internal_12994 10 75789165 76350634 163 169.717 0.964628 12.7538 1.59678e-12 0.497754 0.00497512 1.78795e-11
ENSG00000156650.7 10 76585340 76585340 + 12 156535 10_internal_8890 10 76741875 76782242 163 180.144 1.08352 16.3396 0.238737 -0.0920878 0.965174 0.977607
ENSG00000227186.1 10 76784009 76784009 - 10 1767 10_internal_8890 10 76741875 76782242 163 151.332 1.07288 9.83512 0.0792281 -0.134706 0.572139 0.577194
ENSG00000234149.1 10 76784932 76784932 - 10 -333290 10_internal_8618 10 77118222 77787139 163 168.11 1.01587 11.3568 0.037666 0.163207 0.313433 0.323743
ENSG00000156671.7 10 76859344 76859344 + 10 -358978 10_internal_10188 10 76246467 76500366 163 158.623 1.00376 9.12955 0.0804608 0.134336 0.547264 0.552343
ENSG00000079393.15 10 76868976 76868976 - 10 -249246 10_internal_8618 10 77118222 77787139 163 164.321 1.0031 9.32745 0.221238 -0.0920386 0.890547 0.900239
ENSG00000232437.1 10 76884975 76884975 + 10 -328832 10_internal_10080 10 76508099 76556143 163 168.348 1.01093 10.9519 0.0121851 -0.195244 0.119403 0.109487
ENSG00000165637.9 10 76969912 76969912 + 10 -453766 10_internal_9461 10 76141175 76516146 163 169.574 1.02805 10.5616 0.116731 0.120141 0.691542 0.696255
ENSG00000165644.6 10 76995788 76995788 - 10 439645 10_internal_10080 10 76508099 76556143 163 157.636 1.14704 9.38185 0.00229723 -0.237019 0.0199005 0.0138226
ENSG00000148655.9 10 77191211 77191211 + 11 0 10_internal_11963 10 77186301 77409785 163 157.381 1.00586 11.1451 0.0131293 0.187749 0.149254 0.151224
ENSG00000268659.1 10 77402234 77402234 + 10 0 10_internal_11963 10 77186301 77409785 163 160.867 1.06499 11.2019 0.000742307 0.251817 0.00995025 0.00643984
ENSG00000213513.3 10 79541634 79541634 - 8 -52856 10_internal_12125 10 79594490 79606940 163 178.042 0.92952 6.26975 0.000613213 0.261741 0.00995025 0.00338637
ENSG00000228748.2 10 79542624 79542624 + 8 51866 10_internal_12125 10 79594490 79606940 163 142.004 1.07943 7.56577 5.31296e-15 0.554235 0.00497512 2.57023e-13
ENSG00000151208.11 10 79686378 79686378 - 8 79438 10_internal_12125 10 79594490 79606940 163 159.45 1.08343 7.7681 3.36424e-13 0.524469 0.00497512 5.17952e-13
ENSG00000148606.7 10 79789303 79789303 - 9 -185799 10_internal_10743 10 79975102 79997124 163 164.91 0.976686 8.08889 0.205716 0.096306 0.870647 0.845965
ENSG00000138326.13 10 79793518 79793518 + 9 181584 10_internal_10743 10 79975102 79997124 163 171.516 1.01092 9.51345 0.0369005 -0.161775 0.253731 0.263464
ENSG00000230417.4 10 80008497 80008497 + 13 992432 10_internal_7733 10 81000929 81060409 163 162.602 0.934789 11.6819 0.000680437 0.265438 0.0199005 0.0112745
ENSG00000227136.2 10 80027085 80027085 + 13 912198 10_internal_9255 10 80939283 80947780 163 172.455 0.997383 12.2533 0.015079 0.191255 0.154229 0.14277
ENSG00000229569.1 10 80763560 80763560 - 13 -175723 10_internal_9255 10 80939283 80947780 163 181.64 1.0404 14.5234 0.0708635 -0.136276 0.562189 0.552252
ENSG00000108175.12 10 80828792 80828792 + 13 172137 10_internal_7733 10 81000929 81060409 163 150.759 1.06233 11.2654 6.54279e-05 0.302929 0.00497512 0.000900447
ENSG00000224596.1 10 80828817 80828817 - 13 0 10_internal_10884 10 80806308 80912279 163 173.267 0.983456 12.8651 0.062867 0.141276 0.542289 0.525502
ENSG00000108179.8 10 81107225 81107225 + 14 -46816 10_internal_7733 10 81000929 81060409 163 163.414 1.02306 13.4974 0.000230636 0.286717 0.00995025 0.00264622
ENSG00000235426.1 10 81142084 81142084 + 14 0 10_internal_12820 10 81134313 81233842 163 172.057 1.00319 15.2767 1.47887e-08 0.412027 0.00497512 8.5411e-08
ENSG00000165424.6 10 81205383 81205383 - 15 0 10_internal_12820 10 81134313 81233842 163 160.246 1.07386 15.365 4.20921e-15 0.535899 0.00497512 1.17673e-14
ENSG00000244733.1 10 81420645 81420645 + 18 281210 10_internal_9526 10 81701855 81710054 163 161.376 1.00834 19.8382 0.00976854 0.199319 0.144279 0.179969
ENSG00000224886.1 10 81444739 81444739 - 18 384330 10_internal_7733 10 81000929 81060409 163 168.921 0.999568 17.382 0.00431305 -0.213979 0.0696517 0.0618733
ENSG00000188199.5 10 81462983 81462983 + 18 428981 10_internal_12835 10 81891964 81966785 163 158.352 1.0178 16.4484 0.00464021 0.214864 0.0696517 0.0790653
ENSG00000226381.2 10 81546305 81546305 - 16 -155550 10_internal_9526 10 81701855 81710054 163 168.269 1.04377 16.185 0.00416341 0.226184 0.0348259 0.0491021
ENSG00000225484.2 10 81586350 81586350 - 16 -115505 10_internal_9526 10 81701855 81710054 163 162.793 0.953976 14.1184 0.00030461 0.275011 0.00995025 0.00565906
ENSG00000224428.2 10 81586459 81586459 + 16 -674180 10_internal_10884 10 80806308 80912279 163 163.446 1.15087 17.2403 0.0419203 -0.15873 0.467662 0.451333
ENSG00000133678.9 10 81838402 81838402 + 15 376314 10_internal_7832 10 82214716 82272063 163 165.658 0.926421 14.3327 0.0135688 -0.196669 0.21393 0.197204
ENSG00000189129.8 10 81891477 81891477 + 15 255819 10_internal_10248 10 82147296 82189795 163 155.105 1.14524 15.1265 0.00185803 0.232692 0.0199005 0.0207039
ENSG00000122359.12 10 81965433 81965433 - 12 -316714 10_internal_7786 10 82282147 82297131 163 148.546 1.02542 9.37555 0.00159462 -0.24936 0.0348259 0.0215995
ENSG00000108219.8 10 82213922 82213922 + 9 -24127 10_internal_10248 10 82147296 82189795 163 159.243 0.993294 8.65752 0.00087967 -0.255535 0.0149254 0.00901286
ENSG00000226659.1 10 82295698 82295698 - 8 0 10_internal_7786 10 82282147 82297131 163 189.137 0.824392 8.24361 0.0178875 0.179089 0.154229 0.138224
ENSG00000178217.8 10 82297658 82297658 + 8 -527 10_internal_7786 10 82282147 82297131 163 165.34 0.981425 7.22253 0.0310064 0.168641 0.21393 0.203585
ENSG00000165678.14 10 85899196 85899196 + 1 168799 10_internal_8386 10 86067995 86185223 163 166.088 1.00002 1.08516 0.749946 -0.0242178 0.781095 0.775579
ENSG00000107771.11 10 86088342 86088342 + 1 0 10_internal_8386 10 86067995 86185223 163 175.384 1.00001 1.06296 0.0027123 0.235808 0.00497512 0.00198338
ENSG00000233189.1 10 86149382 86149382 - 1 0 10_internal_8386 10 86067995 86185223 163 177.676 1.00001 1.14021 0.13009 0.119753 0.149254 0.128867
ENSG00000225423.1 10 86150664 86150664 + 1 0 10_internal_8386 10 86067995 86185223 163 143.453 0.999992 0.96241 0.11554 0.124596 0.154229 0.135036
ENSG00000225928.2 10 86215812 86215812 - 1 30589 10_internal_8386 10 86067995 86185223 163 149.47 1 0.880894 0.423427 0.0613719 0.383085 0.403182
ENSG00000212332.1 10 88248203 88248203 + 7 -36940 10_internal_9852 10 88198201 88211263 163 163.096 0.897145 6.32927 0.00648984 0.203758 0.0646766 0.0578679
ENSG00000062650.12 10 88281572 88281572 - 7 153751 10_internal_8773 10 87984144 88127821 163 173.315 0.983187 7.49832 0.0411754 0.158315 0.268657 0.242894
ENSG00000240475.1 10 88854266 88854266 + 11 0 10_internal_11777 10 88715082 88892684 163 145.124 1.05309 9.54121 0.0687662 -0.141581 0.562189 0.552703
ENSG00000148672.7 10 88854623 88854623 - 11 536043 10_internal_10865 10 88295859 88318580 163 178.791 0.889751 10.4523 0.0131701 -0.190607 0.134328 0.126541
ENSG00000122376.6 10 88854953 88854953 + 11 966297 10_internal_8803 10 89821250 89869110 163 182.611 0.912793 10.1497 0.0173929 0.186661 0.159204 0.141283
ENSG00000184923.7 10 88985205 88985205 + 12 0 10_internal_10508 10 88963343 89104672 163 164.417 1.0378 11.4776 0.000240197 0.275397 0.00995025 0.00203474
ENSG00000223482.1 10 89102369 89102369 - 13 0 10_internal_10508 10 88963343 89104672 163 166.391 1.13534 13.253 7.16324e-20 0.624756 0.00497512 1.20267e-21
ENSG00000224914.1 10 89102681 89102681 + 13 0 10_internal_10508 10 88963343 89104672 163 175.671 0.926599 14.4015 6.54517e-05 0.29599 0.00497512 0.000879636
ENSG00000214562.6 10 89117425 89117425 + 13 -12753 10_internal_10508 10 88963343 89104672 163 154.197 1.05351 14.1685 2.13937e-07 0.373331 0.00497512 3.32857e-06
ENSG00000198682.8 10 89419370 89419370 + 14 0 10_internal_12062 10 89416391 89522359 163 180.621 0.874368 15.0743 0.0208306 0.178366 0.218905 0.258138
ENSG00000223820.5 10 89577685 89577685 + 15 937654 10_internal_8952 10 90515339 90527238 163 156.553 0.950411 12.6382 0.0642864 0.146581 0.597015 0.621012
ENSG00000138138.8 10 89601100 89601100 - 17 78741 10_internal_12062 10 89416391 89522359 163 169.829 0.9034 16.1142 0.101143 0.122823 0.81592 0.824477
ENSG00000171862.5 10 89622870 89622870 + 17 593331 10_internal_9652 10 90216201 90220667 163 142.8 1.04587 14.3866 0.0985779 0.129039 0.835821 0.835756
ENSG00000227268.3 10 89623194 89623194 - 17 -198056 10_internal_8803 10 89821250 89869110 163 177.66 0.897848 19.6557 0.0359361 0.168361 0.477612 0.484719
ENSG00000224745.1 10 89638449 89638449 + 17 182801 10_internal_8803 10 89821250 89869110 163 143.739 1.00209 14.0674 0.0193383 0.180708 0.333333 0.329292
ENSG00000213613.2 10 89705259 89705259 + 16 115991 10_internal_8803 10 89821250 89869110 163 161.536 1.08153 18.4846 0.177373 0.102757 0.950249 0.969662
ENSG00000227905.1 10 89809580 89809580 - 17 916896 10_internal_11777 10 88715082 88892684 163 124.654 1.10625 10.3394 0.0284911 -0.173973 0.40796 0.397392
ENSG00000184719.7 10 90344287 90344287 - 16 87427 10_internal_8570 10 90248391 90256860 163 163.08 0.909577 13.1441 0.0186938 0.182703 0.238806 0.258713
ENSG00000204022.5 10 90346510 90346510 + 16 168829 10_internal_8952 10 90515339 90527238 163 164.815 0.990365 17.0779 0.00615932 0.206111 0.0895522 0.0983384
ENSG00000182333.9 10 90424198 90424198 + 16 91141 10_internal_8952 10 90515339 90527238 163 138.518 1.0132 12.4172 0.0535331 0.152348 0.631841 0.615625
ENSG00000204021.3 10 90484301 90484301 + 16 -263634 10_internal_9652 10 90216201 90220667 163 155.312 0.969028 14.6101 0.0226615 -0.169557 0.353234 0.335212
ENSG00000226358.1 10 90487242 90487242 + 16 -317305 10_internal_8778 10 90163707 90169937 163 159.641 1.01643 17.2581 0.0415827 -0.152369 0.547264 0.530319
ENSG00000204020.4 10 90519952 90519952 + 16 0 10_internal_8952 10 90515339 90527238 163 157.747 1.01594 13.0896 9.13366e-24 0.688874 0.00497512 2.83644e-22
ENSG00000235150.1 10 90546818 90546818 - 15 19580 10_internal_8952 10 90515339 90527238 163 171.246 1.0666 20.3332 0.000614418 0.267599 0.00995025 0.00642617
ENSG00000173239.8 10 90562654 90562654 + 15 -341987 10_internal_9652 10 90216201 90220667 163 161.01 0.890105 12.3656 0.0292061 -0.169625 0.353234 0.369371
ENSG00000152766.5 10 90611575 90611575 - 16 723779 10_internal_10287 10 89872486 89887796 163 177.979 0.950311 17.7799 0.0573724 0.147833 0.562189 0.597775
ENSG00000138134.7 10 90639491 90639491 + 16 -751695 10_internal_10287 10 89872486 89887796 163 167.616 0.841867 14.106 0.0103023 0.204669 0.174129 0.18026
ENSG00000180139.9 10 90692428 90692428 + 16 0 10_internal_12496 10 90584049 90763040 163 173.967 0.869684 15.8212 6.12974e-07 0.36914 0.00497512 2.145e-05
ENSG00000026103.15 10 90750414 90750414 + 16 0 10_internal_12496 10 90584049 90763040 163 150.425 1.03039 12.3286 3.27765e-08 0.405107 0.00497512 8.96741e-07
ENSG00000107796.8 10 90751147 90751147 - 16 0 10_internal_12496 10 90584049 90763040 163 169.67 0.922637 15.3453 3.95468e-11 0.493262 0.00497512 1.38663e-09
ENSG00000261438.1 10 90775593 90775593 + 16 -12553 10_internal_12496 10 90584049 90763040 163 130.336 1.12018 11.7214 2.32208e-06 0.349225 0.00497512 0.000101246
ENSG00000238991.1 10 90820888 90820888 - 15 57848 10_internal_12496 10 90584049 90763040 163 180.78 0.911601 15.8316 0.0467383 0.151121 0.512438 0.485992
ENSG00000232110.2 10 91043394 91043394 + 11 0 10_internal_11618 10 90915468 91499603 163 170.418 0.969528 10.357 0.00402321 0.221709 0.0497512 0.0373908
ENSG00000119922.7 10 91061712 91061712 + 11 -841045 10_internal_9652 10 90216201 90220667 163 183.136 1.0522 13.6137 0.0447856 0.160085 0.348259 0.345967
ENSG00000119917.9 10 91087651 91087651 + 11 -866984 10_internal_9652 10 90216201 90220667 163 144.01 1.01896 8.42532 0.0222321 0.181661 0.248756 0.229698
ENSG00000224289.1 10 91122051 91122051 + 11 0 10_internal_12036 10 90976735 91309559 163 159.8 0.990175 11.1425 0.0259945 0.181755 0.273632 0.271435
ENSG00000204010.3 10 91137813 91137813 + 11 0 10_internal_11618 10 90915468 91499603 163 159.005 1.04325 11.0284 6.69801e-05 0.312803 0.00497512 0.000659347
ENSG00000185745.8 10 91152303 91152303 + 11 -931636 10_internal_9652 10 90216201 90220667 163 152.303 1.08017 9.48182 0.00942601 0.206698 0.0895522 0.0886075
ENSG00000152778.7 10 91174343 91174343 + 10 -953676 10_internal_9652 10 90216201 90220667 163 146.095 0.978572 8.47855 0.0375624 0.163448 0.363184 0.357013
ENSG00000107798.12 10 91174382 91174382 - 10 953715 10_internal_9652 10 90216201 90220667 163 170.259 1.0227 10.4204 0.08151 0.138953 0.542289 0.546005
ENSG00000152779.12 10 91316398 91316398 - 8 6839 10_internal_12036 10 90976735 91309559 163 166.04 1.02892 8.18235 0.007852 0.205968 0.0547264 0.0529989
ENSG00000138182.9 10 91461367 91461367 + 7 -834958 10_internal_9058 10 90590454 90626409 163 166.948 0.934123 6.62347 0.0184089 0.182613 0.134328 0.127214
ENSG00000148688.7 10 92631473 92631473 + 3 -81563 10_internal_9644 10 92534751 92549910 163 165.817 0.999968 2.90078 0.00847939 0.198658 0.0497512 0.0228301
ENSG00000180628.10 10 92979908 92979908 + 3 0 10_internal_10056 10 92948570 92986510 163 194.279 0.999964 3.82476 0.000112977 0.299539 0.00497512 9.50935e-05
ENSG00000165338.11 10 93170096 93170096 + 3 -620186 10_internal_9644 10 92534751 92549910 163 175.305 0.999957 3.12752 0.0215485 0.175969 0.0597015 0.0526469
ENSG00000228701.1 10 93558048 93558048 - 4 -260435 10_internal_7921 10 93818483 93843498 163 178.759 0.999957 4.38953 0.184689 -0.104938 0.522388 0.546265
ENSG00000107854.5 10 93558069 93558069 + 4 -571559 10_internal_10056 10 92948570 92986510 163 151.205 0.999963 3.62859 0.0081651 0.208159 0.0298507 0.038832
ENSG00000180581.6 10 93567253 93567253 - 4 -251230 10_internal_7921 10 93818483 93843498 163 138.725 0.999951 3.27533 0.322174 -0.0795108 0.736318 0.76961
ENSG00000095564.9 10 93683526 93683526 + 4 823068 10_internal_12239 10 94506594 94527116 163 165.404 0.999994 3.76964 0.0930609 -0.134481 0.313433 0.301152
ENSG00000214549.2 10 93878421 93878421 + 6 628173 10_internal_12239 10 94506594 94527116 163 168.03 0.999971 5.49577 0.143166 0.11858 0.537313 0.555393
ENSG00000213484.2 10 93896632 93896632 + 6 609962 10_internal_12239 10 94506594 94527116 163 161.599 1.11513 7.36078 0.147493 0.114766 0.656716 0.653601
ENSG00000221042.1 10 93964063 93964063 - 6 977553 10_internal_10056 10 92948570 92986510 163 203.83 0.973961 7.56848 0.00510729 0.218437 0.0199005 0.0147481
ENSG00000105988.6 10 93976089 93976089 + 6 530505 10_internal_12239 10 94506594 94527116 163 156.171 0.981056 5.8368 0.168654 -0.107484 0.696517 0.688238
ENSG00000107864.8 10 94050844 94050844 - 5 207346 10_internal_7921 10 93818483 93843498 163 170.497 1.00002 5.25902 0.111475 0.128025 0.427861 0.437206
ENSG00000198060.4 10 94050920 94050920 + 5 -207422 10_internal_7921 10 93818483 93843498 163 190.347 0.956753 5.69725 0.262718 0.0876627 0.800995 0.780672
ENSG00000202297.1 10 94094220 94094220 + 5 -250722 10_internal_7921 10 93818483 93843498 163 187.546 0.96543 5.55551 0.220332 -0.0970272 0.691542 0.699307
ENSG00000119912.10 10 94333833 94333833 - 10 -123196 10_internal_9221 10 94457029 94552173 163 164.91 1.07395 10.7506 0.023181 0.176588 0.189055 0.188069
ENSG00000138160.4 10 94353043 94353043 + 10 920314 10_internal_11543 10 95273357 95378197 163 157.874 1.01369 9.7953 0.0236656 -0.176428 0.238806 0.221725
ENSG00000236493.1 10 94429500 94429500 - 10 -793118 10_internal_9914 10 95222618 95232128 163 186.415 0.937788 10.0958 0.280126 -0.08499 0.950249 0.949737
ENSG00000152804.6 10 94447945 94447945 + 10 9084 10_internal_9221 10 94457029 94552173 163 172.853 0.921867 10.3551 0.00267273 0.236335 0.039801 0.0283431
ENSG00000138190.12 10 94590935 94590935 + 11 284156 10_internal_9857 10 94875091 94969937 163 182.388 0.997902 14.0177 0.0186686 -0.181387 0.179104 0.166325
ENSG00000225118.1 10 94638046 94638046 - 11 85873 10_internal_9221 10 94457029 94552173 163 154.134 1.0764 10.6455 0.0997042 0.127544 0.701493 0.681004
ENSG00000226425.1 10 94820183 94820183 - 11 -641003 10_internal_9392 10 95461186 95507932 163 158.288 1.10337 11.7614 0.140583 0.114093 0.81592 0.820017
ENSG00000187553.5 10 94821021 94821021 + 11 452336 10_internal_11543 10 95273357 95378197 163 140.89 1.07491 9.1427 0.0029612 0.231552 0.039801 0.0399094
ENSG00000138180.11 10 95256389 95256389 + 11 -105043 10_internal_11016 10 95138536 95151346 163 167.568 1.0156 9.95663 0.00190926 -0.247553 0.0348259 0.0151834
ENSG00000095464.8 10 95372345 95372345 + 11 -129057 10_internal_8340 10 95230241 95243288 163 157.54 1.11833 12.316 0.340984 -0.0743999 0.985075 0.993531
ENSG00000148690.10 10 95462329 95462329 - 11 84132 10_internal_11543 10 95273357 95378197 163 197.399 0.894135 12.8351 0.0705242 0.142319 0.497512 0.509527
ENSG00000180764.11 10 95721297 95721297 - 9 569951 10_internal_11016 10 95138536 95151346 163 168.348 0.925205 8.68492 0.147495 0.116584 0.731343 0.75814
ENSG00000173145.7 10 96122716 96122716 - 7 890588 10_internal_9914 10 95222618 95232128 163 165.133 1.00003 5.98407 0.154939 0.111593 0.61194 0.62783
ENSG00000119969.10 10 96305547 96305547 + 3 -118288 10_internal_11973 10 96120467 96187259 163 160.994 0.999965 3.13669 0.299807 -0.0808412 0.661692 0.677427
ENSG00000107438.4 10 97050781 97050781 - 9 -519738 10_internal_10059 10 97570519 97625535 163 157.858 1.02037 8.7156 0.159427 0.107377 0.78607 0.789065
ENSG00000095637.13 10 97321171 97321171 - 9 -218885 10_internal_12471 10 97540056 97737293 163 159.832 1.01443 7.98132 0.227514 -0.0925089 0.875622 0.875781
ENSG00000119977.14 10 97454712 97454712 - 10 -20142 10_internal_11586 10 97474854 97602703 163 140.062 1.02185 7.60666 0.000281855 0.292293 0.00497512 0.00514136
ENSG00000138185.11 10 97454774 97454774 + 10 20080 10_internal_11586 10 97474854 97602703 163 153.226 0.941141 8.51474 3.16217e-07 0.387244 0.00497512 1.25932e-05
ENSG00000240527.1 10 97593265 97593265 + 10 0 10_internal_11586 10 97474854 97602703 163 174.397 0.926697 9.18456 2.17622e-08 0.429844 0.00497512 2.22783e-07
ENSG00000173088.7 10 97620305 97620305 + 10 -17602 10_internal_11586 10 97474854 97602703 163 166.597 1.01468 8.65932 3.45538e-06 0.355356 0.00497512 1.98453e-05
ENSG00000188649.6 10 97709744 97709744 + 10 -107041 10_internal_11586 10 97474854 97602703 163 148.228 1.15912 10.0461 1.06193e-08 0.428804 0.00497512 4.58517e-08
ENSG00000227805.1 10 97760000 97760000 - 10 -235182 10_internal_10430 10 97995182 98019692 163 210.945 0.796053 10.1906 0.0289143 0.174256 0.20398 0.201441
ENSG00000107443.10 10 97803151 97803151 + 10 45997 10_internal_8303 10 97849148 97891001 163 144.105 1.00561 7.92779 7.63048e-06 0.349987 0.00497512 0.000195128
ENSG00000226688.1 10 97849995 97849995 - 10 247292 10_internal_11586 10 97474854 97602703 163 148.642 0.954308 7.95136 2.32363e-06 0.36252 0.00497512 8.23963e-05
ENSG00000177853.10 10 97889472 97889472 + 10 0 10_internal_8303 10 97849148 97891001 163 172.041 0.998541 10.3891 3.50732e-05 0.324921 0.00497512 0.000223635
ENSG00000235677.1 10 98319942 98319942 + 13 -251600 10_internal_9407 10 98050258 98068342 163 182.786 0.976957 15.0787 0.145823 0.111243 0.875622 0.867772
ENSG00000077147.10 10 98347209 98347209 - 13 456208 10_internal_8303 10 97849148 97891001 163 135.828 1.1386 10.655 0.0331353 -0.167515 0.363184 0.370309
ENSG00000202047.1 10 98379133 98379133 + 13 -488132 10_internal_8303 10 97849148 97891001 163 138.12 1.07491 10.6272 0.0252417 0.171699 0.348259 0.314405
ENSG00000227032.1 10 98381464 98381464 - 13 -59269 10_internal_9272 10 98440733 98481695 163 177.278 0.961363 13.6113 0.0148488 0.191356 0.164179 0.153556
ENSG00000155629.9 10 98480271 98480271 - 16 0 10_internal_9272 10 98440733 98481695 163 157.365 0.939981 13.8296 0.000275146 0.27746 0.00995025 0.00682832
ENSG00000196233.6 10 98592017 98592017 + 16 -110322 10_internal_9272 10 98440733 98481695 163 187.02 0.952227 21.7785 0.00305662 0.228344 0.0497512 0.0387595
ENSG00000232875.1 10 98675659 98675659 - 13 655967 10_internal_10430 10 97995182 98019692 163 163.223 0.960544 12.6044 0.158504 -0.108296 0.910448 0.893069
ENSG00000155640.5 10 98741041 98741041 + 12 -259346 10_internal_9272 10 98440733 98481695 163 155.009 1.03749 10.5316 0.0181328 0.184826 0.19403 0.188032
ENSG00000231025.1 10 98752207 98752207 + 12 -270512 10_internal_9272 10 98440733 98481695 163 163.509 1.20181 13.9606 0.00258533 0.231421 0.00995025 0.016276
ENSG00000234855.1 10 98862513 98862513 + 12 -971512 10_internal_8303 10 97849148 97891001 163 158.654 0.985161 11.6736 0.034489 -0.161323 0.348259 0.363018
ENSG00000187122.10 10 98945677 98945677 - 10 -490887 10_internal_12322 10 99436564 99479630 163 182.42 0.867864 10.384 0.0251427 0.177217 0.238806 0.223958
ENSG00000231398.1 10 99034769 99034769 + 10 2713 10_internal_11472 10 99037482 99175161 163 158.177 1.10559 10.6249 0.00246224 0.237349 0.0298507 0.0198249
ENSG00000213390.5 10 99052413 99052413 - 10 0 10_internal_11472 10 99037482 99175161 163 137.34 1.14496 9.24316 4.75938e-09 0.442466 0.00497512 8.66207e-08
ENSG00000237169.1 10 99069715 99069715 - 9 -338196 10_internal_8749 10 99407911 99450326 163 164.655 1.05296 9.08159 0.0646291 0.1448 0.41791 0.42309
ENSG00000165879.7 10 99079022 99079022 + 10 0 10_internal_11472 10 99037482 99175161 163 163.446 1.01927 10.6316 3.13112e-06 0.331378 0.00497512 2.62454e-05
ENSG00000225850.1 10 99094321 99094321 + 10 0 10_internal_11472 10 99037482 99175161 163 160.612 1.08609 10.5459 0.0652737 0.139553 0.472637 0.481219
ENSG00000181274.5 10 99094458 99094458 - 10 0 10_internal_11472 10 99037482 99175161 163 154.611 1.04179 10.5523 0.000378414 0.269202 0.00995025 0.00447741
ENSG00000231508.1 10 99153304 99153304 - 11 0 10_internal_11472 10 99037482 99175161 163 181.115 0.958648 12.6928 0.00456334 0.219969 0.0646766 0.0406016
ENSG00000231970.1 10 99160872 99160872 + 11 0 10_internal_11472 10 99037482 99175161 163 166.932 1.03611 10.1762 1.1083e-07 0.396593 0.00497512 4.70973e-07
ENSG00000052749.9 10 99161127 99161127 - 11 0 10_internal_11472 10 99037482 99175161 163 158.288 1.07701 12.044 5.06223e-09 0.419036 0.00497512 2.84582e-08
ENSG00000200737.1 10 99181064 99181064 - 11 -119953 10_internal_9270 10 99301017 99332509 163 173.41 1.06059 13.4403 0.0919808 0.128637 0.661692 0.660853
ENSG00000224474.2 10 99185831 99185831 - 11 -250733 10_internal_12322 10 99436564 99479630 163 179.682 1.0337 13.5841 0.0775516 0.139866 0.587065 0.576959
ENSG00000171314.7 10 99185917 99185917 + 11 -34663 10_internal_8515 10 99043423 99151254 163 169.972 1.01454 13.1828 0.0947917 0.124838 0.696517 0.697651
ENSG00000171311.7 10 99205774 99205774 - 10 -202137 10_internal_8749 10 99407911 99450326 163 168.285 0.990132 10.5781 0.413974 0.0635676 0.995025 0.996074
ENSG00000171307.13 10 99205927 99205927 + 10 201064 10_internal_8349 10 99406991 99413766 163 161.122 1.01704 9.8699 0.0686031 0.143239 0.497512 0.504711
ENSG00000155229.14 10 99258551 99258551 - 10 83390 10_internal_11472 10 99037482 99175161 163 174.7 0.989083 10.6521 0.0783694 0.136015 0.522388 0.534788
ENSG00000165886.4 10 99258625 99258625 + 10 149286 10_internal_8749 10 99407911 99450326 163 150.25 1.09525 9.06716 0.188509 -0.0989775 0.855721 0.85902
ENSG00000165887.7 10 99332198 99332198 + 10 776686 10_internal_8969 10 100108884 100114096 163 146.541 0.999946 8.77915 0.0118648 0.194678 0.144279 0.14026
ENSG00000155252.12 10 99344131 99344131 + 10 63780 10_internal_8749 10 99407911 99450326 163 167.521 1.02523 10.323 0.251985 -0.0925753 0.940299 0.942932
ENSG00000249967.1 10 99344131 99344131 + 10 -11622 10_internal_9270 10 99301017 99332509 163 164.687 1.00746 10.4133 0.191393 0.104884 0.880597 0.88593
ENSG00000119986.6 10 99447080 99447080 - 10 0 10_internal_8749 10 99407911 99450326 163 165.404 1.05464 8.79756 0.147271 -0.115865 0.731343 0.728118
ENSG00000155256.12 10 99496878 99496878 + 9 -83112 10_internal_8349 10 99406991 99413766 163 167.171 1.06311 8.36661 0.118203 -0.116403 0.626866 0.609666
ENSG00000120057.4 10 99531709 99531709 - 9 52079 10_internal_12322 10 99436564 99479630 163 175.782 0.939071 9.72521 0.0417234 -0.163871 0.313433 0.317054
ENSG00000166024.8 10 99894387 99894387 + 9 -719226 10_internal_11472 10 99037482 99175161 163 176.817 0.877279 9.13202 0.178082 -0.10442 0.825871 0.831711
ENSG00000230928.1 10 100011780 100011780 + 9 -598014 10_internal_8349 10 99406991 99413766 163 166.295 1.04001 10.3726 0.304582 -0.0797248 0.970149 0.973202
ENSG00000138131.3 10 100028007 100028007 - 9 852846 10_internal_11472 10 99037482 99175161 163 166.948 0.919146 7.40039 0.14052 -0.114616 0.696517 0.692033
ENSG00000119943.6 10 100174941 100174941 - 8 724615 10_internal_8749 10 99407911 99450326 163 164.64 0.920271 7.80091 0.0619076 0.147676 0.402985 0.424733
ENSG00000264610.1 10 100191117 100191117 - 7 711487 10_internal_12322 10 99436564 99479630 163 135.733 0.986456 5.42067 0.0908401 0.129215 0.517413 0.514981
ENSG00000107521.14 10 100206684 100206684 - 7 181884 10_internal_8771 10 100018666 100024800 163 145.729 1.13112 6.62676 0.147844 -0.113781 0.671642 0.665938
ENSG00000120053.9 10 101190381 101190381 - 7 -89324 10_internal_9769 10 101279705 101301110 163 153.943 1.00225 6.91002 0.0321006 0.164825 0.238806 0.230037
ENSG00000155287.5 10 101380535 101380535 - 7 -300121 10_internal_10646 10 101680656 101770946 163 160.628 1.07879 6.99613 0.0433436 0.152319 0.273632 0.242352
ENSG00000260475.1 10 101380812 101380812 + 7 0 10_internal_11184 10 101380807 101442818 163 171.85 0.937606 7.64383 0.0462329 0.159364 0.313433 0.300196
ENSG00000198018.6 10 101419263 101419263 + 7 0 10_internal_11184 10 101380807 101442818 163 181.401 1.06772 8.5922 0.0443057 0.158033 0.233831 0.228465
ENSG00000233690.1 10 101457706 101457706 - 7 -627542 10_internal_12272 10 102085248 102273195 163 154.611 1.02753 6.03043 0.00609735 0.214248 0.0348259 0.0407248
ENSG00000119929.8 10 101462315 101462315 + 7 60743 10_internal_10269 10 101523058 101540129 163 168.555 0.993409 7.4666 0.0281507 0.170155 0.189055 0.178372
ENSG00000014919.7 10 101491866 101491866 - 7 -434871 10_internal_10299 10 101926737 101936327 163 153.831 0.974485 6.47213 0.136062 -0.116069 0.641791 0.654503
ENSG00000023839.6 10 101542489 101542489 + 7 -2360 10_internal_10269 10 101523058 101540129 163 150.441 1.01057 6.37112 0.00718978 0.208026 0.0746269 0.0589764
ENSG00000227695.1 10 101686767 101686767 + 7 0 10_internal_10646 10 101680656 101770946 163 146.509 1.08096 6.83021 3.82129e-06 0.356563 0.00497512 3.66617e-05
ENSG00000107554.11 10 101769676 101769676 - 7 0 10_internal_10646 10 101680656 101770946 163 162.268 0.92847 6.12699 2.33481e-08 0.416115 0.00497512 4.83494e-07
ENSG00000107566.9 10 101948091 101948091 - 8 177145 10_internal_10646 10 101680656 101770946 163 169.924 0.990318 8.77989 0.0484998 0.154679 0.323383 0.330532
ENSG00000236308.1 10 101949793 101949793 + 8 -409664 10_internal_10269 10 101523058 101540129 163 178.456 0.957907 9.0181 0.0873391 0.13463 0.512438 0.517971
ENSG00000213341.6 10 101989376 101989376 - 8 449247 10_internal_10269 10 101523058 101540129 163 207.3 0.831543 10.4178 0.0352815 0.166067 0.273632 0.2389
ENSG00000227492.1 10 101989424 101989424 + 8 -546606 10_internal_11184 10 101380807 101442818 163 142.243 0.987171 6.62387 0.0819032 -0.133436 0.527363 0.523382
ENSG00000212464.1 10 101997059 101997059 - 8 60732 10_internal_10299 10 101926737 101936327 163 155.232 0.922451 6.42068 0.227572 0.0996819 0.850746 0.845495
ENSG00000230224.1 10 102008028 102008028 + 8 -706918 10_internal_9769 10 101279705 101301110 163 152.494 1.04914 7.88379 0.0897817 0.13067 0.547264 0.545931
ENSG00000207362.1 10 102018328 102018328 + 8 872383 10_internal_11848 10 102890711 103053070 163 177.406 0.823531 8.21524 0.0124645 -0.195986 0.139303 0.121574
ENSG00000095485.11 10 102027437 102027437 - 8 584619 10_internal_11184 10 101380807 101442818 163 166.948 0.932789 7.91655 0.0955194 -0.126972 0.557214 0.563441
ENSG00000196072.7 10 102046469 102046469 - 8 672067 10_internal_8677 10 101359203 101374402 163 170.083 0.864081 7.10351 0.480711 0.0558722 0.995025 0.991862
ENSG00000099194.4 10 102106877 102106877 + 8 0 10_internal_12272 10 102085248 102273195 163 157.19 1.01126 8.12656 0.0358972 0.162799 0.283582 0.273624
ENSG00000256545.1 10 102121397 102121397 + 8 -678579 10_internal_11184 10 101380807 101442818 163 156.649 1.04036 6.8592 0.165137 -0.10797 0.731343 0.716043
ENSG00000075290.7 10 102222798 102222798 + 8 -779980 10_internal_11184 10 101380807 101442818 163 158.845 1.09394 8.95282 0.0361909 -0.163896 0.243781 0.257581
ENSG00000166135.7 10 102288829 102288829 + 8 -15634 10_internal_12272 10 102085248 102273195 163 183.2 0.997843 8.84674 0.0445738 0.156527 0.283582 0.259038
ENSG00000075826.11 10 102289628 102289628 - 8 16433 10_internal_12272 10 102085248 102273195 163 148.101 1.13788 7.91617 0.154754 0.10818 0.776119 0.74082
ENSG00000255339.2 10 102289638 102289638 - 8 915236 10_internal_8677 10 101359203 101374402 163 157.779 1.08136 7.91895 0.0108955 0.194598 0.0845771 0.074452
