ENSG00000185009.8 10 75910821 75910821 - 8 0 10_internal_12994 10 75789165 76350634 1.46893e-10 0.463307 1
ENSG00000185009.8 10 75910821 75910821 - 8 -43737 10_internal_9031 10 75954558 76060810 9.0775e-05 0.294067 0
ENSG00000156110.8 10 75910960 75910960 + 8 0 10_internal_12994 10 75789165 76350634 4.31609e-15 0.554506 1
ENSG00000236900.1 10 76104563 76104563 - 8 0 10_internal_12994 10 75789165 76350634 7.58069e-06 0.326537 1
ENSG00000214629.3 10 76131293 76131293 + 9 0 10_internal_12994 10 75789165 76350634 5.49521e-11 0.476268 1
ENSG00000213731.2 10 76183772 76183772 - 11 0 10_internal_12994 10 75789165 76350634 1.18265e-08 0.410356 1
ENSG00000227539.1 10 76185995 76185995 + 11 0 10_internal_12994 10 75789165 76350634 1.43097e-11 0.480583 1
ENSG00000226253.1 10 76287342 76287342 + 12 0 10_internal_12994 10 75789165 76350634 0.000124822 0.290535 1
ENSG00000232342.2 10 76289096 76289096 - 12 0 10_internal_12994 10 75789165 76350634 1.84384e-07 0.391017 1
ENSG00000214626.2 10 76414714 76414714 + 12 -64080 10_internal_12994 10 75789165 76350634 1.59678e-12 0.497754 1
ENSG00000228748.2 10 79542624 79542624 + 8 51866 10_internal_12125 10 79594490 79606940 5.31296e-15 0.554235 1
ENSG00000151208.11 10 79686378 79686378 - 8 79438 10_internal_12125 10 79594490 79606940 3.36424e-13 0.524469 1
ENSG00000108175.12 10 80828792 80828792 + 13 172137 10_internal_7733 10 81000929 81060409 6.54279e-05 0.302929 1
ENSG00000108179.8 10 81107225 81107225 + 14 -46816 10_internal_7733 10 81000929 81060409 0.000230636 0.286717 1
ENSG00000235426.1 10 81142084 81142084 + 14 0 10_internal_12820 10 81134313 81233842 1.47887e-08 0.412027 1
ENSG00000165424.6 10 81205383 81205383 - 15 88255 10_internal_9816 10 81103065 81117128 3.50723e-05 0.301711 0
ENSG00000165424.6 10 81205383 81205383 - 15 0 10_internal_12820 10 81134313 81233842 4.20921e-15 0.535899 1
ENSG00000107771.11 10 86088342 86088342 + 1 0 10_internal_8386 10 86067995 86185223 0.0027123 0.235808 1
ENSG00000184923.7 10 88985205 88985205 + 12 0 10_internal_10508 10 88963343 89104672 0.000240197 0.275397 1
ENSG00000223482.1 10 89102369 89102369 - 13 0 10_internal_10508 10 88963343 89104672 7.16324e-20 0.624756 1
ENSG00000224914.1 10 89102681 89102681 + 13 0 10_internal_10508 10 88963343 89104672 6.54517e-05 0.29599 1
ENSG00000214562.6 10 89117425 89117425 + 13 -12753 10_internal_10508 10 88963343 89104672 2.13937e-07 0.373331 1
ENSG00000204020.4 10 90519952 90519952 + 16 0 10_internal_8952 10 90515339 90527238 9.13366e-24 0.688874 1
ENSG00000180139.9 10 90692428 90692428 + 16 0 10_internal_12496 10 90584049 90763040 6.12974e-07 0.36914 1
ENSG00000026103.15 10 90750414 90750414 + 16 0 10_internal_12496 10 90584049 90763040 3.27765e-08 0.405107 1
ENSG00000107796.8 10 90751147 90751147 - 16 0 10_internal_12496 10 90584049 90763040 3.95468e-11 0.493262 1
ENSG00000261438.1 10 90775593 90775593 + 16 -12553 10_internal_12496 10 90584049 90763040 2.32208e-06 0.349225 1
ENSG00000204010.3 10 91137813 91137813 + 11 0 10_internal_11618 10 90915468 91499603 6.69801e-05 0.312803 1
ENSG00000180628.10 10 92979908 92979908 + 3 -429998 10_internal_9644 10 92534751 92549910 0.00200328 0.241587 0
ENSG00000180628.10 10 92979908 92979908 + 3 0 10_internal_10056 10 92948570 92986510 0.000112977 0.299539 1
ENSG00000138185.11 10 97454774 97454774 + 10 20080 10_internal_11586 10 97474854 97602703 3.16217e-07 0.387244 1
ENSG00000240527.1 10 97593265 97593265 + 10 0 10_internal_11586 10 97474854 97602703 2.17622e-08 0.429844 1
ENSG00000240527.1 10 97593265 97593265 + 10 0 10_internal_10059 10 97570519 97625535 0.000168966 0.296411 0
ENSG00000173088.7 10 97620305 97620305 + 10 -17602 10_internal_11586 10 97474854 97602703 3.45538e-06 0.355356 1
ENSG00000173088.7 10 97620305 97620305 + 10 -21627 10_internal_9142 10 97576713 97598678 0.000272878 0.282168 0
ENSG00000188649.6 10 97709744 97709744 + 10 -107041 10_internal_11586 10 97474854 97602703 1.06193e-08 0.428804 1
ENSG00000107443.10 10 97803151 97803151 + 10 45997 10_internal_8303 10 97849148 97891001 7.63048e-06 0.349987 1
ENSG00000226688.1 10 97849995 97849995 - 10 247292 10_internal_11586 10 97474854 97602703 2.32363e-06 0.36252 1
ENSG00000226688.1 10 97849995 97849995 - 10 224460 10_internal_10059 10 97570519 97625535 2.37662e-06 0.362191 0
ENSG00000177853.10 10 97889472 97889472 + 10 0 10_internal_8303 10 97849148 97891001 3.50732e-05 0.324921 1
ENSG00000177853.10 10 97889472 97889472 + 10 0 10_internal_11757 10 97881266 97892260 3.53127e-05 0.324805 0
ENSG00000213390.5 10 99052413 99052413 - 10 0 10_internal_11472 10 99037482 99175161 4.75938e-09 0.442466 1
ENSG00000165879.7 10 99079022 99079022 + 10 0 10_internal_11472 10 99037482 99175161 3.13112e-06 0.331378 1
ENSG00000231970.1 10 99160872 99160872 + 11 0 10_internal_11472 10 99037482 99175161 1.1083e-07 0.396593 1
ENSG00000052749.9 10 99161127 99161127 - 11 0 10_internal_11472 10 99037482 99175161 5.06223e-09 0.419036 1
ENSG00000227695.1 10 101686767 101686767 + 7 0 10_internal_10646 10 101680656 101770946 3.82129e-06 0.356563 1
ENSG00000107554.11 10 101769676 101769676 - 7 0 10_internal_10646 10 101680656 101770946 2.33481e-08 0.416115 1
