ENSG00000204054.5 9 132245730 132245730 + 17 0 9_internal_9636 9 132227169 132260523 4.93748e-10 0.439643 1
ENSG00000204054.5 9 132245730 132245730 + 17 58580 9_internal_9545 9 132304310 132347528 5.40703e-05 0.295038 0
ENSG00000255824.1 9 132501902 132501902 - 16 0 9_internal_9221 9 132499712 132540994 1.67986e-12 0.506009 0
ENSG00000255824.1 9 132501902 132501902 - 16 -12141 9_internal_7581 9 132514043 132546611 1.08871e-08 0.420265 0
ENSG00000255824.1 9 132501902 132501902 - 16 -17278 9_internal_7799 9 132519180 132526852 3.8206e-19 0.613849 1
ENSG00000148344.10 9 132515326 132515326 - 16 0 9_internal_9221 9 132499712 132540994 3.50618e-13 0.52027 0
ENSG00000148344.10 9 132515326 132515326 - 16 0 9_internal_7581 9 132514043 132546611 4.34308e-09 0.431465 0
ENSG00000148344.10 9 132515326 132515326 - 16 -3854 9_internal_7799 9 132519180 132526852 3.25094e-19 0.616228 1
ENSG00000240853.2 9 134600854 134600854 - 12 0 9_internal_6837 9 134457929 134616271 2.77661e-05 0.314014 0
ENSG00000240853.2 9 134600854 134600854 - 12 0 9_internal_11368 9 134464678 134757223 8.24472e-11 0.469152 0
ENSG00000240853.2 9 134600854 134600854 - 12 52137 9_internal_7385 9 134465492 134548717 7.01412e-12 0.491748 0
ENSG00000240853.2 9 134600854 134600854 - 12 14353 9_internal_7733 9 134471765 134586501 1.47693e-19 0.61706 1
ENSG00000107263.13 9 134615461 134615461 - 12 0 9_internal_6837 9 134457929 134616271 1.57705e-06 0.358534 0
ENSG00000107263.13 9 134615461 134615461 - 12 0 9_internal_11368 9 134464678 134757223 8.47239e-12 0.492502 0
ENSG00000107263.13 9 134615461 134615461 - 12 66744 9_internal_7385 9 134465492 134548717 2.09793e-13 0.523846 0
ENSG00000107263.13 9 134615461 134615461 - 12 28960 9_internal_7733 9 134471765 134586501 9.74303e-24 0.67045 1
ENSG00000230940.1 9 134907273 134907273 + 12 -23555 9_internal_8583 9 134849951 134883718 9.78337e-12 0.491895 1
ENSG00000160563.8 9 134955295 134955295 - 12 71577 9_internal_8583 9 134849951 134883718 3.83916e-18 0.595849 1
ENSG00000107290.9 9 135230372 135230372 - 15 -302 9_internal_9687 9 135230674 135259808 1.57247e-13 0.530657 1
ENSG00000107290.9 9 135230372 135230372 - 15 -15472 9_internal_7774 9 135245844 135259482 3.83705e-08 0.409666 0
ENSG00000125482.8 9 135282209 135282209 - 14 22401 9_internal_9687 9 135230674 135259808 9.04457e-06 0.333658 0
ENSG00000125482.8 9 135282209 135282209 - 14 22727 9_internal_7774 9 135245844 135259482 2.9161e-07 0.381715 1
ENSG00000085265.6 9 137809809 137809809 - 11 -43319 9_internal_7721 9 137853128 137875803 1.25574e-16 0.588942 1
ENSG00000148411.3 9 138987131 138987131 - 17 0 9_internal_6626 9 137218793 139439665 4.60008e-06 0.341115 0
ENSG00000148411.3 9 138987131 138987131 - 17 0 9_internal_10938 9 138818398 139013172 1.20894e-10 0.464894 1
ENSG00000238227.3 9 139010731 139010731 - 17 0 9_internal_10938 9 138818398 139013172 3.22868e-09 0.443108 1
ENSG00000165661.11 9 139137687 139137687 - 19 0 9_internal_7485 9 139129401 139138509 6.20225e-07 0.376823 1
ENSG00000054179.6 9 139948497 139948497 - 27 0 9_internal_7967 9 139885471 140010357 5.62801e-13 0.529007 1
ENSG00000186193.7 9 139965040 139965040 - 27 0 9_internal_7967 9 139885471 140010357 7.65143e-24 0.670127 1
ENSG00000177239.9 9 139981379 139981379 + 27 0 9_internal_7967 9 139885471 140010357 1.81158e-13 0.519031 1
ENSG00000176978.8 9 140009629 140009629 - 27 0 9_internal_7967 9 139885471 140010357 3.78199e-05 0.304741 1
ENSG00000197070.9 9 140500106 140500106 + 23 37973 9_internal_7705 9 140538079 140574872 3.64526e-09 0.448079 1
ENSG00000181090.13 9 140513444 140513444 + 23 24635 9_internal_7705 9 140538079 140574872 3.12898e-12 0.497061 1
ENSG00000233998.1 9 140535999 140535999 - 21 -2080 9_internal_7705 9 140538079 140574872 1.70133e-06 0.353039 1
ENSG00000233998.1 9 140535999 140535999 - 21 -69909 9_internal_7580 9 140605908 140640897 4.7585e-05 0.302908 0
ENSG00000255585.1 9 140683139 140683139 - 17 108267 9_internal_7705 9 140538079 140574872 4.70593e-07 0.374042 1
ENSG00000159247.7 9 141044565 141044565 + 13 0 9_internal_8844 9 141043961 141111324 7.49299e-08 0.404478 1
ENSG00000233013.3 9 141106637 141106637 + 12 0 9_internal_8844 9 141043961 141111324 7.22969e-20 0.637542 1
