ENSG00000188467.6 15 48413169 48413169 + 4 -447023 15_internal_6214 15 47953355 47966146 0.000555719 0.267607 0
ENSG00000188467.6 15 48413169 48413169 + 4 190696 15_internal_6593 15 48603865 48628165 1.31e-24 0.693865 1
ENSG00000104177.13 15 48470714 48470714 - 5 504568 15_internal_6214 15 47953355 47966146 0.000345602 0.275773 0
ENSG00000104177.13 15 48470714 48470714 - 5 -133151 15_internal_6593 15 48603865 48628165 2.37691e-24 0.687985 1
ENSG00000233932.3 15 48483736 48483736 + 5 -517590 15_internal_6214 15 47953355 47966146 0.000294912 0.276849 0
ENSG00000233932.3 15 48483736 48483736 + 5 120129 15_internal_6593 15 48603865 48628165 5.27038e-25 0.690033 1
ENSG00000074803.12 15 48483861 48483861 + 5 -517715 15_internal_6214 15 47953355 47966146 0.000240055 0.280444 0
ENSG00000074803.12 15 48483861 48483861 + 5 120004 15_internal_6593 15 48603865 48628165 5.10852e-26 0.699671 1
ENSG00000259235.1 15 48483888 48483888 - 5 517742 15_internal_6214 15 47953355 47966146 0.000279686 0.279411 0
ENSG00000259235.1 15 48483888 48483888 - 5 -119977 15_internal_6593 15 48603865 48628165 3.03292e-25 0.696404 1
ENSG00000259385.1 15 48493881 48493881 - 5 527735 15_internal_6214 15 47953355 47966146 0.00021665 0.280892 0
ENSG00000259385.1 15 48493881 48493881 - 5 -109984 15_internal_6593 15 48603865 48628165 3.20527e-25 0.687982 1
ENSG00000128951.8 15 48623208 48623208 + 6 0 15_internal_6593 15 48603865 48628165 2.6825e-28 0.707764 1
ENSG00000259488.1 15 48624053 48624053 - 6 0 15_internal_6593 15 48603865 48628165 2.06786e-25 0.687017 1
ENSG00000166147.9 15 48938046 48938046 - 7 971900 15_internal_6214 15 47953355 47966146 9.67399e-05 0.311598 0
ENSG00000166147.9 15 48938046 48938046 - 7 26809 15_internal_6541 15 48884499 48911237 4.88336e-18 0.633756 1
ENSG00000252376.1 15 50755578 50755578 + 15 -9893 15_internal_6271 15 50739570 50745685 0.000208189 0.292792 1
ENSG00000081014.6 15 51200869 51200869 + 17 0 15_internal_6588 15 51146758 51201908 2.11661e-14 0.543876 1
ENSG00000259378.1 15 51236860 51236860 + 17 -34952 15_internal_6588 15 51146758 51201908 2.57725e-07 0.393765 1
ENSG00000128872.5 15 52043758 52043758 + 14 0 15_internal_6063 15 52042739 52159534 4.53404e-07 0.376845 1
ENSG00000260553.1 15 52602996 52602996 + 11 125195 15_internal_8220 15 52728191 52822892 1.50548e-11 0.505933 1
ENSG00000197535.10 15 52821247 52821247 - 10 0 15_internal_8220 15 52728191 52822892 1.28358e-16 0.603036 1
ENSG00000069869.11 15 56285944 56285944 - 6 15591 15_internal_6693 15 56228831 56270353 1.42883e-16 0.607499 1
ENSG00000166035.6 15 58702768 58702768 + 15 94344 15_internal_6125 15 58797112 58820362 7.053e-05 0.294843 0
ENSG00000166035.6 15 58702768 58702768 + 15 94857 15_internal_6074 15 58797625 58820103 2.77961e-07 0.379626 1
ENSG00000259293.1 15 58790934 58790934 - 15 -6178 15_internal_6125 15 58797112 58820362 5.95609e-06 0.333498 0
ENSG00000259293.1 15 58790934 58790934 - 15 -6691 15_internal_6074 15 58797625 58820103 9.34169e-09 0.420116 1
ENSG00000157450.11 15 59157374 59157374 + 16 650582 15_internal_8106 15 59807956 59825587 2.99439e-10 0.460042 1
ENSG00000140299.6 15 59981733 59981733 - 11 156146 15_internal_8106 15 59807956 59825587 1.73804e-05 0.334834 1
ENSG00000129003.11 15 62352672 62352672 - 6 0 15_internal_5594 15 62318421 62354676 2.68527e-11 0.492035 1
ENSG00000129003.11 15 62352672 62352672 - 6 -58200 15_internal_6189 15 62410872 62516783 4.98119e-05 0.312306 0
ENSG00000140416.14 15 63334831 63334831 + 12 0 15_internal_8814 15 62933523 63397792 6.81139e-09 0.434957 1
ENSG00000259498.1 15 63341586 63341586 - 12 0 15_internal_8814 15 62933523 63397792 1.19612e-18 0.645506 1
ENSG00000259627.1 15 63364110 63364110 - 11 0 15_internal_8814 15 62933523 63397792 3.32328e-06 0.342753 1
ENSG00000140455.12 15 63796793 63796793 + 12 87222 15_internal_6711 15 63884015 64006676 1.91532e-05 -0.326885 1
ENSG00000259248.1 15 63893788 63893788 - 12 0 15_internal_6711 15 63884015 64006676 7.28746e-05 -0.304105 1
ENSG00000035664.7 15 64364232 64364232 - 15 17733 15_internal_5849 15 64273408 64346499 2.32788e-06 0.371905 1
ENSG00000028528.10 15 64386322 64386322 + 15 141301 15_internal_8613 15 64527623 64771667 7.56372e-05 0.299608 1
ENSG00000252774.1 15 64634738 64634738 + 15 0 15_internal_8613 15 64527623 64771667 1.18093e-05 0.345798 1
ENSG00000169118.10 15 64648442 64648442 - 15 0 15_internal_8613 15 64527623 64771667 5.52364e-11 0.502249 1
ENSG00000259316.1 15 64665980 64665980 - 15 0 15_internal_8613 15 64527623 64771667 3.48112e-10 0.482129 1
