ENSG00000101255.6 20 361261 361261 + 8 0 20_internal_6659 20 342146 367025 1.58334e-21 0.637855 1
ENSG00000234516.1 20 629157 629157 - 13 0 20_internal_7381 20 625756 660862 2.76565e-24 0.644403 1
ENSG00000172070.5 20 656444 656444 - 13 0 20_internal_7381 20 625756 660862 5.72759e-25 0.656769 1
ENSG00000215397.2 20 656825 656825 - 13 0 20_internal_7381 20 625756 660862 5.27114e-09 0.414445 1
ENSG00000125898.7 20 814358 814358 + 14 0 20_internal_7003 20 809552 840948 2.48676e-14 0.538831 1
ENSG00000125898.7 20 814358 814358 + 14 10680 20_internal_5338 20 825038 837749 5.30032e-05 0.303941 0
ENSG00000101278.6 20 820620 820620 - 14 0 20_internal_7003 20 809552 840948 5.00936e-13 0.52808 1
ENSG00000101278.6 20 820620 820620 - 14 -4418 20_internal_5338 20 825038 837749 1.27648e-05 0.335041 0
ENSG00000251390.2 20 825767 825767 + 14 0 20_internal_7003 20 809552 840948 2.09126e-14 0.53522 1
ENSG00000251390.2 20 825767 825767 + 14 0 20_internal_5338 20 825038 837749 6.00194e-05 0.299099 0
ENSG00000101280.6 20 896977 896977 - 18 56029 20_internal_7003 20 809552 840948 4.80585e-06 0.340256 1
ENSG00000088833.11 20 1448417 1448417 - 20 0 20_internal_5934 20 1412866 1485150 1.04385e-16 0.566085 1
ENSG00000258950.1 20 1454487 1454487 - 20 0 20_internal_5934 20 1412866 1485150 5.77329e-19 0.604502 1
ENSG00000266085.1 20 1469195 1469195 + 20 0 20_internal_5934 20 1412866 1485150 1.75374e-11 0.488407 1
ENSG00000196209.7 20 1472233 1472233 - 20 0 20_internal_5934 20 1412866 1485150 1.28361e-19 0.626306 1
ENSG00000260861.2 20 1600655 1600655 - 20 0 20_internal_5343 20 1542343 1715843 3.30971e-15 0.557328 1
ENSG00000101307.11 20 1600707 1600707 - 20 0 20_internal_5343 20 1542343 1715843 4.52494e-17 0.574806 1
ENSG00000223750.1 20 1688846 1688846 - 19 -47837 20_internal_6737 20 1736683 1769341 1.13416e-06 0.365136 1
ENSG00000234282.1 20 1703183 1703183 - 19 -33500 20_internal_6737 20 1736683 1769341 3.02742e-06 0.355122 1
ENSG00000125780.11 20 2276647 2276647 + 18 -76512 20_internal_4736 20 2190650 2200135 9.68975e-06 0.331048 1
ENSG00000132670.16 20 2844830 2844830 + 17 880263 20_internal_5526 20 3725093 3734527 9.61304e-05 -0.30521 1
ENSG00000089057.10 20 4990939 4990939 - 19 -44595 20_internal_5928 20 5035534 5050583 6.28728e-06 0.323308 1
ENSG00000089063.10 20 5093749 5093749 - 17 43166 20_internal_5928 20 5035534 5050583 1.55136e-06 0.382276 1
ENSG00000101290.9 20 5107432 5107432 + 17 12112 20_internal_5040 20 5119544 5161274 1.7277e-33 0.741517 1
ENSG00000205181.4 20 5485259 5485259 - 15 -173983 20_internal_7249 20 5659242 5756232 9.05934e-05 0.289502 1
ENSG00000235820.1 20 5514274 5514274 + 15 144968 20_internal_7249 20 5659242 5756232 0.000231946 0.27776 1
ENSG00000233578.1 20 5529486 5529486 + 15 92267 20_internal_4835 20 5621753 5657579 4.58442e-07 0.381802 1
ENSG00000125772.8 20 5591672 5591672 - 15 -30081 20_internal_4835 20 5621753 5657579 1.04275e-10 0.47412 1
ENSG00000125772.8 20 5591672 5591672 - 15 -67570 20_internal_7249 20 5659242 5756232 1.47148e-05 0.329057 0
ENSG00000089195.10 20 5931182 5931182 - 14 30876 20_internal_6156 20 5813638 5900306 7.55345e-05 0.311667 1
ENSG00000125845.5 20 6748311 6748311 + 4 86936 20_internal_5286 20 6835247 6938829 2.92819e-11 0.471111 1
ENSG00000125827.4 20 8000476 8000476 - 9 89034 20_internal_5298 20 7837216 7911442 0.000375611 0.279569 0
ENSG00000125827.4 20 8000476 8000476 - 9 -300248 20_internal_7419 20 8300724 8475936 0.000271406 0.285923 1
ENSG00000182621.12 20 8112824 8112824 + 9 11977 20_internal_7068 20 8124801 8501044 1.29328e-13 0.532387 1
ENSG00000182621.12 20 8112824 8112824 + 9 139184 20_internal_5328 20 8252008 8303821 0.000105976 0.295601 0
ENSG00000182621.12 20 8112824 8112824 + 9 187900 20_internal_7419 20 8300724 8475936 2.03907e-08 0.417258 0
ENSG00000225479.1 20 8229351 8229351 + 9 0 20_internal_7068 20 8124801 8501044 1.15102e-11 0.496758 0
ENSG00000225479.1 20 8229351 8229351 + 9 71373 20_internal_7419 20 8300724 8475936 1.93127e-12 0.512655 1
ENSG00000132640.10 20 11871371 11871371 + 2 161198 20_internal_7242 20 12032569 12154160 0.00036785 0.27 1
ENSG00000089177.13 20 16554078 16554078 - 3 0 20_internal_6886 20 16021326 16693567 2.38896e-09 0.456245 0
ENSG00000089177.13 20 16554078 16554078 - 3 0 20_internal_6923 20 16298388 16557053 3.05534e-13 0.5432 1
ENSG00000125870.6 20 16710606 16710606 + 3 -17039 20_internal_6886 20 16021326 16693567 7.40295e-08 0.410725 0
ENSG00000125870.6 20 16710606 16710606 + 3 -153553 20_internal_6923 20 16298388 16557053 3.03545e-09 0.448439 1
ENSG00000228809.1 20 16711593 16711593 - 3 18026 20_internal_6886 20 16021326 16693567 0.000165752 0.295204 1
ENSG00000125868.10 20 17550508 17550508 + 7 0 20_internal_6083 20 17498647 17877437 1.01267e-27 0.722164 1
ENSG00000202260.1 20 17557155 17557155 - 6 0 20_internal_6083 20 17498647 17877437 1.76627e-05 0.319004 1
ENSG00000125871.9 20 17949556 17949556 + 7 0 20_internal_7220 20 17919279 17977432 1.66781e-05 0.334595 1
ENSG00000232388.1 20 18548064 18548064 + 11 -8540 20_internal_5134 20 18487099 18539524 1.70313e-06 -0.355838 1
ENSG00000125821.7 20 18568537 18568537 + 11 -29013 20_internal_5134 20 18487099 18539524 3.20699e-06 -0.343693 1
ENSG00000233993.1 20 18679353 18679353 - 13 139829 20_internal_5134 20 18487099 18539524 4.84472e-05 -0.29766 1
ENSG00000088970.10 20 21106624 21106624 + 11 -19601 20_internal_4907 20 21069789 21087023 4.45846e-10 0.470187 1
ENSG00000228604.3 20 21143531 21143531 - 11 56508 20_internal_4907 20 21069789 21087023 1.7533e-06 0.370892 1
ENSG00000232712.2 20 21198927 21198927 - 11 111904 20_internal_4907 20 21069789 21087023 3.17195e-07 0.386488 1
ENSG00000230492.1 20 23011422 23011422 - 13 0 20_internal_5542 20 23004439 23014229 1.37527e-05 0.324856 0
ENSG00000230492.1 20 23011422 23011422 - 13 -17310 20_internal_6153 20 23028732 23207005 1.37313e-06 0.358355 1
ENSG00000230492.1 20 23011422 23011422 - 13 -70112 20_internal_4749 20 23081534 23144620 4.04149e-06 0.343178 0
ENSG00000230492.1 20 23011422 23011422 - 13 -162661 20_internal_7527 20 23174083 23229576 2.71358e-06 0.34884 0
ENSG00000234646.1 20 23012179 23012179 + 13 16553 20_internal_6153 20 23028732 23207005 1.7013e-05 0.328537 0
ENSG00000234646.1 20 23012179 23012179 + 13 69355 20_internal_4749 20 23081534 23144620 3.92221e-06 0.351135 0
ENSG00000234646.1 20 23012179 23012179 + 13 219839 20_internal_5570 20 23232018 23235887 2.35827e-06 0.358506 1
ENSG00000178726.6 20 23030378 23030378 - 13 16149 20_internal_5542 20 23004439 23014229 1.23647e-05 0.318821 0
ENSG00000178726.6 20 23030378 23030378 - 13 0 20_internal_6153 20 23028732 23207005 1.28339e-10 0.453572 1
ENSG00000178726.6 20 23030378 23030378 - 13 -51156 20_internal_4749 20 23081534 23144620 1.57812e-08 0.404448 0
ENSG00000178726.6 20 23030378 23030378 - 13 -143705 20_internal_7527 20 23174083 23229576 1.01934e-08 0.409209 0
ENSG00000178726.6 20 23030378 23030378 - 13 -201640 20_internal_5570 20 23232018 23235887 4.45735e-05 0.298819 0
ENSG00000256492.1 20 23061278 23061278 - 13 47049 20_internal_5542 20 23004439 23014229 4.06993e-06 0.347515 0
ENSG00000256492.1 20 23061278 23061278 - 13 0 20_internal_6153 20 23028732 23207005 1.07883e-12 0.513959 1
ENSG00000256492.1 20 23061278 23061278 - 13 -20256 20_internal_4749 20 23081534 23144620 7.85118e-11 0.475338 0
ENSG00000256492.1 20 23061278 23061278 - 13 -112805 20_internal_7527 20 23174083 23229576 1.07605e-08 0.423866 0
ENSG00000125810.9 20 23066977 23066977 - 13 52748 20_internal_5542 20 23004439 23014229 1.09971e-06 0.363227 0
ENSG00000125810.9 20 23066977 23066977 - 13 0 20_internal_6153 20 23028732 23207005 2.88893e-13 0.520774 1
ENSG00000125810.9 20 23066977 23066977 - 13 -14557 20_internal_4749 20 23081534 23144620 1.07428e-11 0.489993 0
ENSG00000125810.9 20 23066977 23066977 - 13 -107106 20_internal_7527 20 23174083 23229576 1.93224e-09 0.439293 0
ENSG00000233746.1 20 23113258 23113258 - 13 99029 20_internal_5542 20 23004439 23014229 8.68275e-05 0.295727 0
ENSG00000233746.1 20 23113258 23113258 - 13 0 20_internal_6153 20 23028732 23207005 8.59005e-13 0.510892 1
ENSG00000233746.1 20 23113258 23113258 - 13 0 20_internal_4749 20 23081534 23144620 2.08874e-09 0.437752 0
ENSG00000233746.1 20 23113258 23113258 - 13 -60825 20_internal_7527 20 23174083 23229576 6.24393e-08 0.399281 0
ENSG00000233746.1 20 23113258 23113258 - 13 -118760 20_internal_5570 20 23232018 23235887 0.000137067 0.287668 0
ENSG00000125812.11 20 23342787 23342787 + 14 -113211 20_internal_7527 20 23174083 23229576 3.21593e-05 0.315689 1
ENSG00000101439.4 20 23619110 23619110 - 13 0 20_internal_4806 20 23577260 23631331 4.55365e-07 0.36652 0
ENSG00000101439.4 20 23619110 23619110 - 13 0 20_internal_4896 20 23617682 23637662 5.1937e-11 0.464694 1
ENSG00000101439.4 20 23619110 23619110 - 13 -369954 20_internal_5078 20 23989064 24009119 4.61863e-05 0.300028 0
ENSG00000077984.4 20 24929866 24929866 + 10 -158957 20_internal_4756 20 24765066 24770909 9.57414e-06 -0.333185 1
ENSG00000101474.7 20 24973615 24973615 - 10 964496 20_internal_5078 20 23989064 24009119 0.000227718 0.267665 0
ENSG00000101474.7 20 24973615 24973615 - 10 -42372 20_internal_4802 20 25015987 25038199 3.72643e-05 0.297882 1
ENSG00000154930.10 20 25039616 25039616 - 9 63254 20_internal_5715 20 24910241 24976362 8.05708e-05 0.279214 0
ENSG00000154930.10 20 25039616 25039616 - 9 1417 20_internal_4802 20 25015987 25038199 1.36795e-15 0.52681 1
ENSG00000100994.7 20 25228705 25228705 + 10 0 20_internal_6640 20 25207229 25523189 3.5326e-08 0.408624 1
ENSG00000149531.10 20 29611857 29611857 + 9 0 20_internal_5619 20 29518306 29638974 3.56349e-12 0.505875 1
ENSG00000221319.1 20 29637162 29637162 + 11 0 20_internal_5619 20 29518306 29638974 5.23581e-08 0.417315 1
ENSG00000238151.1 20 29638060 29638060 - 11 0 20_internal_5619 20 29518306 29638974 2.3235e-11 0.501161 1
ENSG00000101294.12 20 30102231 30102231 + 17 0 20_internal_6643 20 30061273 30131361 7.01879e-09 0.417137 1
ENSG00000101294.12 20 30102231 30102231 + 17 4143 20_internal_5771 20 30106374 30155237 1.90662e-05 0.315123 0
ENSG00000101898.5 20 30135307 30135307 + 18 -3946 20_internal_6643 20 30061273 30131361 6.96018e-06 0.333319 1
ENSG00000101898.5 20 30135307 30135307 + 18 0 20_internal_5771 20 30106374 30155237 0.000157782 0.282716 0
ENSG00000235313.1 20 30150969 30150969 + 18 -19608 20_internal_6643 20 30061273 30131361 2.7138e-06 0.350407 1
ENSG00000126003.6 20 30795594 30795594 - 15 0 20_internal_4919 20 30618851 30798861 5.56622e-06 0.345987 1
ENSG00000101421.3 20 32399110 32399110 + 10 0 20_internal_6914 20 32276717 32599575 1.2186e-07 0.390077 1
ENSG00000101460.8 20 33134658 33134658 + 9 30704 20_internal_6504 20 33165362 33232687 3.38999e-09 0.444211 1
