ENSG00000268173.1 19 18263968 18263968 + 12 14890 19_internal_6660 19 18278858 18531301 0.000180317 0.285396 1
ENSG00000216490.2 19 18283972 18283972 + 12 0 19_internal_6660 19 18278858 18531301 0.000159342 0.289868 1
ENSG00000130517.6 19 18451397 18451397 + 11 0 19_internal_6660 19 18278858 18531301 9.44309e-05 0.310336 1
ENSG00000175489.7 19 18508427 18508427 - 12 0 19_internal_6660 19 18278858 18531301 4.75729e-05 0.312742 0
ENSG00000175489.7 19 18508427 18508427 - 12 0 19_internal_6520 19 18496283 18519545 9.95875e-16 0.575138 1
ENSG00000130511.9 19 18529674 18529674 + 12 0 19_internal_6660 19 18278858 18531301 1.01284e-07 0.411698 1
ENSG00000268199.1 19 18551920 18551920 + 12 -32375 19_internal_6520 19 18496283 18519545 1.094e-08 -0.431729 1
ENSG00000256989.1 19 18554469 18554469 - 12 34924 19_internal_6520 19 18496283 18519545 1.58364e-08 -0.433582 1
ENSG00000105656.6 19 18632937 18632937 - 11 113392 19_internal_6520 19 18496283 18519545 1.38516e-08 -0.424315 1
ENSG00000006015.13 19 18699495 18699495 + 11 0 19_internal_7867 19 18574839 18702017 6.91029e-08 0.415267 1
ENSG00000051128.14 19 19052070 19052070 - 14 0 19_internal_7116 19 19042406 19053322 9.62586e-05 0.289881 1
ENSG00000105708.8 19 19843906 19843906 - 9 0 19_internal_7815 19 19842044 19933403 1.18365e-07 0.381838 0
ENSG00000105708.8 19 19843906 19843906 - 9 0 19_internal_9567 19 19842944 20960054 7.35222e-15 0.534694 1
ENSG00000105708.8 19 19843906 19843906 - 9 -166513 19_internal_6838 19 20010419 22035720 1.84143e-05 0.313357 0
ENSG00000105708.8 19 19843906 19843906 - 9 -305329 19_internal_7172 19 20149235 20164078 7.09239e-07 0.359384 0
ENSG00000267419.1 19 19887411 19887411 + 9 0 19_internal_7815 19 19842044 19933403 2.21917e-08 0.41708 0
ENSG00000267419.1 19 19887411 19887411 + 9 0 19_internal_9567 19 19842944 20960054 6.16236e-09 0.431754 1
ENSG00000267419.1 19 19887411 19887411 + 9 123008 19_internal_6838 19 20010419 22035720 0.000410252 0.271007 0
ENSG00000267419.1 19 19887411 19887411 + 9 261824 19_internal_7172 19 20149235 20164078 0.000223674 0.282581 0
ENSG00000267481.1 19 19901340 19901340 - 9 0 19_internal_7815 19 19842044 19933403 2.91417e-09 0.423558 0
ENSG00000267481.1 19 19901340 19901340 - 9 0 19_internal_9567 19 19842944 20960054 6.93767e-11 0.460352 1
ENSG00000267581.1 19 19932525 19932525 - 9 0 19_internal_7815 19 19842044 19933403 2.81605e-07 0.379561 0
ENSG00000267581.1 19 19932525 19932525 - 9 0 19_internal_9567 19 19842944 20960054 7.13147e-08 0.396642 1
ENSG00000081665.9 19 19932560 19932560 - 9 0 19_internal_7815 19 19842044 19933403 1.98509e-15 0.551728 0
ENSG00000081665.9 19 19932560 19932560 - 9 0 19_internal_9567 19 19842944 20960054 2.18624e-17 0.581864 1
ENSG00000081665.9 19 19932560 19932560 - 9 -77859 19_internal_6838 19 20010419 22035720 1.32313e-05 0.322948 0
ENSG00000081665.9 19 19932560 19932560 - 9 -216675 19_internal_7172 19 20149235 20164078 9.97079e-05 0.290158 0
ENSG00000081665.9 19 19932560 19932560 - 9 -815055 19_internal_9329 19 20747615 22024562 1.92352e-05 0.317162 0
ENSG00000256771.2 19 19976695 19976695 + 9 -43292 19_internal_7815 19 19842044 19933403 2.57561e-09 0.429799 0
ENSG00000256771.2 19 19976695 19976695 + 9 0 19_internal_9567 19 19842944 20960054 4.35536e-14 0.527845 1
ENSG00000256771.2 19 19976695 19976695 + 9 33724 19_internal_6838 19 20010419 22035720 0.000103377 0.288848 0
ENSG00000256771.2 19 19976695 19976695 + 9 172540 19_internal_7172 19 20149235 20164078 2.5668e-05 0.311877 0
ENSG00000184635.9 19 20011722 20011722 + 9 -78319 19_internal_7815 19 19842044 19933403 1.75015e-08 0.411898 0
ENSG00000184635.9 19 20011722 20011722 + 9 0 19_internal_9567 19 19842944 20960054 1.94909e-15 0.554648 1
ENSG00000184635.9 19 20011722 20011722 + 9 0 19_internal_6838 19 20010419 22035720 5.18923e-06 0.338624 0
ENSG00000184635.9 19 20011722 20011722 + 9 137513 19_internal_7172 19 20149235 20164078 2.6717e-07 0.379074 0
ENSG00000184635.9 19 20011722 20011722 + 9 735893 19_internal_9329 19 20747615 22024562 0.000361263 0.268294 0
ENSG00000197124.7 19 20150315 20150315 - 8 216912 19_internal_7815 19 19842044 19933403 3.95962e-05 0.303616 0
ENSG00000197124.7 19 20150315 20150315 - 8 0 19_internal_9567 19 19842944 20960054 1.18857e-12 0.499432 1
ENSG00000197124.7 19 20150315 20150315 - 8 0 19_internal_7172 19 20149235 20164078 6.26017e-08 0.392383 0
ENSG00000213988.5 19 20188803 20188803 + 8 -255400 19_internal_7815 19 19842044 19933403 1.09395e-05 0.335054 0
ENSG00000213988.5 19 20188803 20188803 + 8 0 19_internal_9567 19 19842944 20960054 3.13298e-16 0.580411 1
ENSG00000213988.5 19 20188803 20188803 + 8 0 19_internal_6838 19 20010419 22035720 0.000659012 0.262563 0
ENSG00000213988.5 19 20188803 20188803 + 8 -24725 19_internal_7172 19 20149235 20164078 1.39379e-05 0.331257 0
ENSG00000224864.3 19 20235248 20235248 + 8 -301845 19_internal_7815 19 19842044 19933403 0.000307762 0.282879 0
ENSG00000224864.3 19 20235248 20235248 + 8 0 19_internal_9567 19 19842944 20960054 5.40263e-08 0.415754 1
ENSG00000256229.3 19 20278037 20278037 + 8 -344634 19_internal_7815 19 19842044 19933403 0.000313729 0.272134 0
ENSG00000256229.3 19 20278037 20278037 + 8 0 19_internal_9567 19 19842944 20960054 6.82388e-21 0.634707 1
ENSG00000256229.3 19 20278037 20278037 + 8 0 19_internal_6838 19 20010419 22035720 1.2242e-05 0.327191 0
ENSG00000256229.3 19 20278037 20278037 + 8 -113959 19_internal_7172 19 20149235 20164078 4.31634e-08 0.403168 0
ENSG00000256229.3 19 20278037 20278037 + 8 469578 19_internal_9329 19 20747615 22024562 3.31917e-05 0.31141 0
ENSG00000267641.1 19 20287872 20287872 - 8 0 19_internal_9567 19 19842944 20960054 5.25446e-10 0.462761 1
ENSG00000267641.1 19 20287872 20287872 - 8 123794 19_internal_7172 19 20149235 20164078 0.00010348 0.299601 0
ENSG00000267383.2 19 20432114 20432114 - 8 498711 19_internal_7815 19 19842044 19933403 1.60683e-07 0.397839 0
ENSG00000267383.2 19 20432114 20432114 - 8 0 19_internal_9567 19 19842944 20960054 5.3566e-15 0.564952 1
ENSG00000267383.2 19 20432114 20432114 - 8 0 19_internal_6838 19 20010419 22035720 0.000129759 0.296219 0
ENSG00000267383.2 19 20432114 20432114 - 8 268036 19_internal_7172 19 20149235 20164078 8.99505e-05 0.302814 0
ENSG00000237440.4 19 20748615 20748615 - 6 0 19_internal_9567 19 19842944 20960054 3.99136e-14 0.554516 1
ENSG00000237440.4 19 20748615 20748615 - 6 0 19_internal_6838 19 20010419 22035720 2.06302e-05 0.330834 0
ENSG00000237440.4 19 20748615 20748615 - 6 584537 19_internal_7172 19 20149235 20164078 0.000377113 0.27857 0
ENSG00000237440.4 19 20748615 20748615 - 6 0 19_internal_9587 19 20746894 24271809 1.24199e-06 0.373702 0
ENSG00000237440.4 19 20748615 20748615 - 6 0 19_internal_9329 19 20747615 22024562 1.75028e-08 0.428975 0
ENSG00000269110.1 19 20844389 20844389 - 6 0 19_internal_9567 19 19842944 20960054 5.71215e-16 0.589427 1
ENSG00000269110.1 19 20844389 20844389 - 6 0 19_internal_6838 19 20010419 22035720 3.57072e-07 0.392828 0
ENSG00000269110.1 19 20844389 20844389 - 6 680311 19_internal_7172 19 20149235 20164078 0.000755205 0.265739 0
ENSG00000269110.1 19 20844389 20844389 - 6 0 19_internal_9587 19 20746894 24271809 1.53754e-06 0.372463 0
ENSG00000269110.1 19 20844389 20844389 - 6 0 19_internal_9329 19 20747615 22024562 4.38475e-14 0.556471 0
ENSG00000188171.10 19 20844402 20844402 - 6 0 19_internal_9567 19 19842944 20960054 3.58897e-17 0.604564 1
ENSG00000188171.10 19 20844402 20844402 - 6 0 19_internal_6838 19 20010419 22035720 2.39828e-08 0.424382 0
ENSG00000188171.10 19 20844402 20844402 - 6 680324 19_internal_7172 19 20149235 20164078 0.000278646 0.283942 0
ENSG00000188171.10 19 20844402 20844402 - 6 0 19_internal_9587 19 20746894 24271809 4.62964e-06 0.353707 0
ENSG00000188171.10 19 20844402 20844402 - 6 0 19_internal_9329 19 20747615 22024562 2.27971e-14 0.557851 0
ENSG00000160229.7 19 20959110 20959110 + 5 0 19_internal_9567 19 19842944 20960054 1.86849e-12 0.52393 1
ENSG00000160229.7 19 20959110 20959110 + 5 0 19_internal_6838 19 20010419 22035720 8.77919e-07 0.379782 0
ENSG00000160229.7 19 20959110 20959110 + 5 -795032 19_internal_7172 19 20149235 20164078 0.000678025 0.267528 0
ENSG00000160229.7 19 20959110 20959110 + 5 0 19_internal_9587 19 20746894 24271809 0.000114153 0.302208 0
ENSG00000160229.7 19 20959110 20959110 + 5 0 19_internal_9329 19 20747615 22024562 4.22332e-11 0.495026 0
ENSG00000269040.1 19 20967958 20967958 - 5 7904 19_internal_9567 19 19842944 20960054 4.03516e-09 0.454089 0
ENSG00000269040.1 19 20967958 20967958 - 5 0 19_internal_6838 19 20010419 22035720 5.7642e-06 0.357475 0
ENSG00000269040.1 19 20967958 20967958 - 5 0 19_internal_9587 19 20746894 24271809 0.000478536 0.278815 0
ENSG00000269040.1 19 20967958 20967958 - 5 0 19_internal_9329 19 20747615 22024562 5.34932e-11 0.500157 1
ENSG00000266156.1 19 20988317 20988317 + 5 -28263 19_internal_9567 19 19842944 20960054 6.00736e-08 0.409521 1
ENSG00000266156.1 19 20988317 20988317 + 5 0 19_internal_9329 19 20747615 22024562 0.000267673 0.282207 0
ENSG00000262934.1 19 20997935 20997935 + 5 -37881 19_internal_9567 19 19842944 20960054 4.33169e-10 0.469085 1
ENSG00000262934.1 19 20997935 20997935 + 5 0 19_internal_6838 19 20010419 22035720 1.37014e-05 0.33675 0
ENSG00000262934.1 19 20997935 20997935 + 5 0 19_internal_9587 19 20746894 24271809 0.000335634 0.280261 0
ENSG00000262934.1 19 20997935 20997935 + 5 0 19_internal_9329 19 20747615 22024562 5.63786e-09 0.441196 0
ENSG00000105750.10 19 21106028 21106028 + 5 -145974 19_internal_9567 19 19842944 20960054 6.5895e-12 0.510556 1
ENSG00000105750.10 19 21106028 21106028 + 5 0 19_internal_6838 19 20010419 22035720 7.14833e-06 0.347467 0
ENSG00000105750.10 19 21106028 21106028 + 5 -941950 19_internal_7172 19 20149235 20164078 0.000840503 0.261996 0
ENSG00000105750.10 19 21106028 21106028 + 5 0 19_internal_9587 19 20746894 24271809 5.93539e-05 0.312688 0
ENSG00000105750.10 19 21106028 21106028 + 5 0 19_internal_9329 19 20747615 22024562 4.73998e-10 0.468791 0
ENSG00000118620.8 19 21203426 21203426 + 4 -243372 19_internal_9567 19 19842944 20960054 1.2492e-12 0.530594 0
ENSG00000118620.8 19 21203426 21203426 + 4 0 19_internal_6838 19 20010419 22035720 1.86185e-11 0.505851 0
ENSG00000118620.8 19 21203426 21203426 + 4 0 19_internal_9587 19 20746894 24271809 5.24135e-05 0.317959 0
ENSG00000118620.8 19 21203426 21203426 + 4 0 19_internal_9329 19 20747615 22024562 2.16686e-27 0.737237 1
ENSG00000265650.1 19 21238809 21238809 + 4 -278755 19_internal_9567 19 19842944 20960054 0.000229603 0.282037 1
ENSG00000160352.11 19 21264965 21264965 + 4 -304911 19_internal_9567 19 19842944 20960054 1.96576e-05 0.334259 0
ENSG00000160352.11 19 21264965 21264965 + 4 0 19_internal_6838 19 20010419 22035720 7.35327e-08 0.414708 0
ENSG00000160352.11 19 21264965 21264965 + 4 0 19_internal_9587 19 20746894 24271809 0.000364454 0.281462 0
ENSG00000160352.11 19 21264965 21264965 + 4 0 19_internal_9329 19 20747615 22024562 4.74527e-17 0.608659 1
ENSG00000256240.1 19 21301321 21301321 + 4 0 19_internal_6838 19 20010419 22035720 2.29997e-08 0.431616 0
ENSG00000256240.1 19 21301321 21301321 + 4 0 19_internal_9329 19 20747615 22024562 1.20677e-10 0.489845 1
ENSG00000268357.1 19 21306620 21306620 + 4 0 19_internal_6838 19 20010419 22035720 0.00101588 0.257972 0
ENSG00000268357.1 19 21306620 21306620 + 4 0 19_internal_9329 19 20747615 22024562 3.46721e-06 0.358464 1
ENSG00000196705.4 19 21324827 21324827 + 4 -364773 19_internal_9567 19 19842944 20960054 2.93207e-11 0.502523 0
ENSG00000196705.4 19 21324827 21324827 + 4 0 19_internal_6838 19 20010419 22035720 3.72778e-11 0.500191 0
ENSG00000196705.4 19 21324827 21324827 + 4 0 19_internal_9587 19 20746894 24271809 2.81351e-06 0.365883 0
ENSG00000196705.4 19 21324827 21324827 + 4 0 19_internal_9329 19 20747615 22024562 5.38168e-30 0.762923 1
ENSG00000240522.1 19 21333241 21333241 - 4 373187 19_internal_9567 19 19842944 20960054 2.35359e-08 0.435351 0
ENSG00000240522.1 19 21333241 21333241 - 4 0 19_internal_6838 19 20010419 22035720 5.97153e-06 0.358683 0
ENSG00000240522.1 19 21333241 21333241 - 4 0 19_internal_9587 19 20746894 24271809 0.000288448 0.29044 0
ENSG00000240522.1 19 21333241 21333241 - 4 0 19_internal_9329 19 20747615 22024562 2.62935e-16 0.605864 1
ENSG00000268995.1 19 21371401 21371401 + 4 -411347 19_internal_9567 19 19842944 20960054 0.000672572 0.259455 0
ENSG00000268995.1 19 21371401 21371401 + 4 0 19_internal_6838 19 20010419 22035720 0.0010208 0.250916 0
ENSG00000268995.1 19 21371401 21371401 + 4 0 19_internal_9329 19 20747615 22024562 1.22844e-08 0.421139 1
ENSG00000268521.1 19 21472800 21472800 - 4 512746 19_internal_9567 19 19842944 20960054 3.8044e-05 0.307164 0
ENSG00000268521.1 19 21472800 21472800 - 4 0 19_internal_6838 19 20010419 22035720 7.60306e-07 0.364641 0
ENSG00000268521.1 19 21472800 21472800 - 4 0 19_internal_9329 19 20747615 22024562 1.49235e-23 0.66139 1
ENSG00000268322.1 19 21500963 21500963 + 4 0 19_internal_6838 19 20010419 22035720 7.07377e-05 0.302905 0
ENSG00000268322.1 19 21500963 21500963 + 4 0 19_internal_9329 19 20747615 22024562 3.73701e-20 0.633971 1
ENSG00000182141.5 19 21512227 21512227 - 4 552173 19_internal_9567 19 19842944 20960054 0.000313953 0.272177 0
ENSG00000182141.5 19 21512227 21512227 - 4 0 19_internal_6838 19 20010419 22035720 5.64619e-08 0.400049 0
ENSG00000182141.5 19 21512227 21512227 - 4 0 19_internal_9329 19 20747615 22024562 6.40856e-29 0.71855 1
ENSG00000172687.9 19 21541732 21541732 + 4 -581678 19_internal_9567 19 19842944 20960054 8.45566e-08 0.418013 0
ENSG00000172687.9 19 21541732 21541732 + 4 0 19_internal_6838 19 20010419 22035720 7.1202e-09 0.448419 0
ENSG00000172687.9 19 21541732 21541732 + 4 0 19_internal_9329 19 20747615 22024562 6.23884e-21 0.672056 1
ENSG00000268731.1 19 21564723 21564723 - 4 0 19_internal_6838 19 20010419 22035720 0.000507222 0.265237 0
ENSG00000268731.1 19 21564723 21564723 - 4 0 19_internal_9329 19 20747615 22024562 4.02838e-07 0.378734 1
ENSG00000213976.3 19 21565667 21565667 + 4 -605613 19_internal_9567 19 19842944 20960054 1.6345e-06 0.375582 0
ENSG00000213976.3 19 21565667 21565667 + 4 0 19_internal_6838 19 20010419 22035720 1.94427e-06 0.373034 0
ENSG00000213976.3 19 21565667 21565667 + 4 0 19_internal_9329 19 20747615 22024562 4.62631e-13 0.542769 1
ENSG00000196268.7 19 21579921 21579921 + 4 0 19_internal_6838 19 20010419 22035720 6.80465e-11 0.487491 0
ENSG00000196268.7 19 21579921 21579921 + 4 0 19_internal_9329 19 20747615 22024562 1.10911e-31 0.766631 1
ENSG00000269237.1 19 21587961 21587961 + 4 -627907 19_internal_9567 19 19842944 20960054 1.22137e-05 0.340647 0
ENSG00000269237.1 19 21587961 21587961 + 4 0 19_internal_6838 19 20010419 22035720 1.59113e-08 0.431789 0
ENSG00000269237.1 19 21587961 21587961 + 4 0 19_internal_9329 19 20747615 22024562 2.26655e-29 0.751943 1
ENSG00000268119.1 19 21646710 21646710 - 4 0 19_internal_6838 19 20010419 22035720 9.82715e-07 0.375297 0
ENSG00000268119.1 19 21646710 21646710 - 4 0 19_internal_9329 19 20747615 22024562 1.58332e-15 0.576539 1
ENSG00000268658.1 19 21666176 21666176 + 4 0 19_internal_6838 19 20010419 22035720 8.37251e-08 0.415761 0
ENSG00000268658.1 19 21666176 21666176 + 4 0 19_internal_9329 19 20747615 22024562 4.57845e-18 0.628247 1
ENSG00000197013.5 19 21679484 21679484 + 4 -719430 19_internal_9567 19 19842944 20960054 1.86968e-05 0.339407 0
ENSG00000197013.5 19 21679484 21679484 + 4 0 19_internal_6838 19 20010419 22035720 5.52963e-13 0.544015 0
ENSG00000197013.5 19 21679484 21679484 + 4 0 19_internal_9329 19 20747615 22024562 2.39588e-39 0.840315 1
ENSG00000268705.1 19 21704698 21704698 - 4 744644 19_internal_9567 19 19842944 20960054 5.165e-05 0.3173 0
ENSG00000268705.1 19 21704698 21704698 - 4 0 19_internal_6838 19 20010419 22035720 3.0118e-09 0.451984 0
ENSG00000268705.1 19 21704698 21704698 - 4 0 19_internal_9329 19 20747615 22024562 4.72862e-25 0.711214 1
ENSG00000268081.1 19 21752039 21752039 - 4 0 19_internal_6838 19 20010419 22035720 4.29968e-08 0.415547 0
ENSG00000268081.1 19 21752039 21752039 - 4 0 19_internal_9329 19 20747615 22024562 7.85899e-30 0.74846 1
ENSG00000268555.1 19 21770124 21770124 - 4 0 19_internal_6838 19 20010419 22035720 1.94176e-09 0.459436 0
ENSG00000268555.1 19 21770124 21770124 - 4 0 19_internal_9329 19 20747615 22024562 7.93473e-34 0.794824 1
ENSG00000268240.1 19 21777430 21777430 - 4 0 19_internal_6838 19 20010419 22035720 1.16767e-06 0.377862 0
ENSG00000268240.1 19 21777430 21777430 - 4 0 19_internal_9329 19 20747615 22024562 7.55794e-17 0.605972 1
ENSG00000268278.1 19 21820776 21820776 + 4 -860722 19_internal_9567 19 19842944 20960054 0.000248993 0.290408 0
ENSG00000268278.1 19 21820776 21820776 + 4 0 19_internal_6838 19 20010419 22035720 1.46468e-09 0.463103 0
ENSG00000268278.1 19 21820776 21820776 + 4 0 19_internal_9329 19 20747615 22024562 1.70773e-28 0.750709 1
ENSG00000268433.1 19 21861023 21861023 - 4 900969 19_internal_9567 19 19842944 20960054 0.00115197 0.258806 0
ENSG00000268433.1 19 21861023 21861023 - 4 0 19_internal_6838 19 20010419 22035720 3.40745e-07 0.396656 0
ENSG00000268433.1 19 21861023 21861023 - 4 0 19_internal_9329 19 20747615 22024562 1.98217e-24 0.709259 1
ENSG00000269845.1 19 21933549 21933549 + 4 0 19_internal_6838 19 20010419 22035720 1.82482e-05 0.322184 0
ENSG00000269845.1 19 21933549 21933549 + 4 0 19_internal_9329 19 20747615 22024562 1.48699e-08 0.417107 1
ENSG00000197020.6 19 21950430 21950430 - 4 0 19_internal_6838 19 20010419 22035720 8.60806e-07 0.368257 0
ENSG00000197020.6 19 21950430 21950430 - 4 0 19_internal_9329 19 20747615 22024562 1.98645e-08 0.415497 1
ENSG00000268438.1 19 22009315 22009315 + 3 0 19_internal_6838 19 20010419 22035720 6.19034e-06 0.336475 0
ENSG00000268438.1 19 22009315 22009315 + 3 0 19_internal_9329 19 20747615 22024562 1.53097e-13 0.522678 1
ENSG00000198521.7 19 22034927 22034927 - 3 0 19_internal_6838 19 20010419 22035720 1.5032e-14 0.562953 0
ENSG00000198521.7 19 22034927 22034927 - 3 10365 19_internal_9329 19 20747615 22024562 8.78035e-29 0.744708 1
ENSG00000160321.10 19 22193751 22193751 - 3 169189 19_internal_9329 19 20747615 22024562 5.7133e-06 -0.359104 1
ENSG00000197134.7 19 22235254 22235254 + 3 -210692 19_internal_9329 19 20747615 22024562 3.49658e-09 -0.443841 1
ENSG00000229676.2 19 22817126 22817126 + 3 0 19_internal_9587 19 20746894 24271809 4.80525e-06 0.352525 1
ENSG00000269837.1 19 23440741 23440741 - 1 0 19_internal_9587 19 20746894 24271809 7.90161e-09 0.423203 1
ENSG00000269107.1 19 23457034 23457034 - 1 0 19_internal_9587 19 20746894 24271809 9.15031e-07 0.37138 1
ENSG00000213971.2 19 23457053 23457053 - 1 0 19_internal_9587 19 20746894 24271809 5.23135e-09 0.442831 1
ENSG00000268992.1 19 23567332 23567332 + 1 0 19_internal_9587 19 20746894 24271809 6.80692e-06 0.340773 1
ENSG00000167232.9 19 23578362 23578362 - 1 0 19_internal_9587 19 20746894 24271809 2.34853e-12 0.516675 1
ENSG00000197372.5 19 23870022 23870022 - 1 0 19_internal_9587 19 20746894 24271809 7.99743e-17 0.609096 1
ENSG00000233836.3 19 23945746 23945746 + 1 0 19_internal_9587 19 20746894 24271809 0.000150411 0.292439 1
ENSG00000205246.4 19 23945807 23945807 + 1 0 19_internal_9587 19 20746894 24271809 0.00300669 0.232168 1
ENSG00000213967.6 19 24097678 24097678 + 1 0 19_internal_9587 19 20746894 24271809 5.00744e-05 0.322471 1
ENSG00000268362.1 19 24216247 24216247 + 1 0 19_internal_9587 19 20746894 24271809 4.16991e-07 0.394098 1
ENSG00000213096.5 19 24216276 24216276 + 1 0 19_internal_9587 19 20746894 24271809 1.06947e-10 0.494597 1
ENSG00000268058.1 19 24281782 24281782 - 1 9973 19_internal_9587 19 20746894 24271809 5.09847e-08 0.422399 1
ENSG00000261770.1 19 28251757 28251757 - 3 -15370 19_internal_6031 19 28267127 28287153 3.7271e-20 0.650533 1
ENSG00000267575.1 19 28284371 28284371 + 3 0 19_internal_6031 19 28267127 28287153 1.97016e-36 0.807336 1
ENSG00000261824.2 19 28284848 28284848 - 3 0 19_internal_6031 19 28267127 28287153 7.82583e-37 0.800367 1
ENSG00000267323.1 19 28297113 28297113 - 3 9960 19_internal_6031 19 28267127 28287153 1.80315e-12 0.531676 1
ENSG00000169021.4 19 29704448 29704448 - 3 710645 19_internal_6417 19 28962851 28993803 0.000442628 0.27907 1
ENSG00000267753.1 19 31829830 31829830 - 2 228779 19_internal_9446 19 31275732 31601051 4.57562e-08 0.399037 0
ENSG00000267753.1 19 31829830 31829830 - 2 0 19_internal_9891 19 31794453 31845485 2.61632e-26 0.688323 1
ENSG00000121297.6 19 31840453 31840453 - 3 239402 19_internal_9446 19 31275732 31601051 3.61182e-09 0.424839 0
ENSG00000121297.6 19 31840453 31840453 - 3 0 19_internal_9891 19 31794453 31845485 2.7487e-29 0.710874 1
ENSG00000105186.8 19 33167028 33167028 - 7 0 19_internal_6180 19 33152269 33168645 4.66926e-05 0.31204 1
ENSG00000089335.15 19 35168544 35168544 + 9 0 19_internal_7390 19 35157976 35226078 3.76963e-18 0.601293 1
ENSG00000197841.9 19 35225060 35225060 + 9 0 19_internal_7390 19 35157976 35226078 1.82205e-12 0.517746 1
ENSG00000089351.9 19 35485688 35485688 + 10 0 19_internal_7570 19 35475494 35533198 1.04296e-09 0.460024 1
ENSG00000253950.2 19 35500023 35500023 + 10 0 19_internal_7570 19 35475494 35533198 7.60927e-08 0.41448 1
