ENSG00000151692.10 2 7057523 7057523 + 9 0 2_internal_16629 2 7045204 7086328 0.000425514 0.27072 0
ENSG00000151692.10 2 7057523 7057523 + 9 138101 2_internal_15122 2 7195624 7216423 9.02975e-05 0.299476 1
ENSG00000223884.1 2 7218011 7218011 - 9 1588 2_internal_15122 2 7195624 7216423 9.5689e-05 0.297941 1
ENSG00000172059.6 2 10182976 10182976 + 16 0 2_internal_21101 2 9766358 10189756 1.43617e-09 0.435106 1
ENSG00000115756.8 2 10443015 10443015 + 17 0 2_internal_15033 2 10410235 10450492 4.02786e-10 0.442289 0
ENSG00000115756.8 2 10443015 10443015 + 17 20050 2_internal_14430 2 10463065 10552644 1.62351e-23 0.648055 1
ENSG00000115756.8 2 10443015 10443015 + 17 103139 2_internal_15059 2 10546154 10573762 9.11782e-12 0.477151 0
ENSG00000162976.8 2 11295324 11295324 + 19 37452 2_internal_15277 2 11332776 11346589 4.02719e-05 0.315306 1
ENSG00000230154.1 2 11448151 11448151 + 19 0 2_internal_13844 2 11300272 11451882 3.50925e-05 0.305748 1
ENSG00000134318.9 2 11488456 11488456 - 16 36574 2_internal_13844 2 11300272 11451882 1.73301e-05 0.334609 0
ENSG00000134318.9 2 11488456 11488456 - 16 20201 2_internal_18340 2 11427804 11468255 1.88295e-06 0.36875 1
ENSG00000134324.7 2 11817721 11817721 + 16 9819 2_internal_16965 2 11827540 11853012 5.67685e-06 0.345797 1
ENSG00000228784.1 2 20068621 20068621 + 5 18157 2_internal_16508 2 20086778 20101210 3.43173e-05 0.327022 1
ENSG00000183891.5 2 20101747 20101747 - 5 537 2_internal_16508 2 20086778 20101210 9.4466e-08 0.406356 1
ENSG00000138031.9 2 25142708 25142708 - 10 31998 2_internal_13455 2 25094830 25110710 2.04674e-13 0.536173 1
ENSG00000119772.12 2 25565459 25565459 - 11 24164 2_internal_15852 2 25512244 25541295 1.45809e-05 0.335501 1
ENSG00000224220.1 2 25643986 25643986 + 11 228160 2_internal_15169 2 25872146 25897188 0.000413499 0.27589 1
ENSG00000138101.14 2 25896503 25896503 - 12 0 2_internal_15169 2 25872146 25897188 8.77132e-12 0.483828 1
ENSG00000243147.3 2 27994584 27994584 + 12 23242 2_internal_17371 2 28017826 28292750 7.66868e-07 0.36826 1
ENSG00000158019.15 2 28112808 28112808 + 12 0 2_internal_17371 2 28017826 28292750 2.16748e-05 0.322896 1
