ENSG00000015133.14 14 91884188 91884188 - 13 0 14_internal_5443 14 91775472 91885897 2.21422e-05 0.320924 1
ENSG00000165934.8 14 92588281 92588281 + 20 0 14_internal_6288 14 92504239 92589659 5.47306e-06 0.347304 1
ENSG00000140090.13 14 92788925 92788925 + 21 34793 14_internal_7951 14 92823718 92917824 2.01444e-05 0.324335 1
ENSG00000100599.11 14 92980118 92980118 + 19 0 14_internal_9036 14 92879987 93083365 7.98404e-05 0.303554 1
ENSG00000100605.11 14 93582665 93582665 - 19 1075 14_internal_6389 14 93496214 93581590 3.06818e-06 0.36293 1
ENSG00000011114.10 14 93799438 93799438 - 16 0 14_internal_6647 14 93753909 93800565 3.2775e-06 0.358827 1
ENSG00000100628.7 14 94443137 94443137 - 15 0 14_internal_6535 14 94419055 94445996 4.50521e-11 0.495695 1
ENSG00000119698.7 14 94612465 94612465 + 8 0 14_internal_6669 14 94610690 94630890 8.65363e-07 0.368345 1
ENSG00000186910.3 14 94919127 94919127 - 8 0 14_internal_5763 14 94889333 94940715 1.18005e-05 0.338283 1
ENSG00000246084.2 14 97925153 97925153 + 8 0 14_internal_7859 14 97924423 98194062 1.33629e-16 0.574779 1
ENSG00000197176.3 14 98152995 98152995 - 8 0 14_internal_7859 14 97924423 98194062 3.36601e-08 0.427288 1
ENSG00000258869.1 14 98230326 98230326 - 8 36264 14_internal_7859 14 97924423 98194062 4.51839e-16 0.542784 1
ENSG00000258379.1 14 98255593 98255593 - 8 61531 14_internal_7859 14 97924423 98194062 4.02124e-13 0.512124 1
ENSG00000237342.1 14 99311233 99311233 + 5 71377 14_internal_8031 14 99382610 99741670 1.16922e-09 0.451873 1
ENSG00000259119.1 14 99394142 99394142 - 5 0 14_internal_8031 14 99382610 99741670 1.76838e-13 0.528126 1
ENSG00000232573.1 14 99439638 99439638 - 5 0 14_internal_8031 14 99382610 99741670 2.6918e-08 0.425923 1
ENSG00000234648.1 14 99439651 99439651 + 5 0 14_internal_8031 14 99382610 99741670 1.68373e-10 0.463047 1
ENSG00000258504.1 14 100757453 100757453 + 13 0 14_internal_8392 14 100736797 100843905 3.14262e-33 0.789657 1
ENSG00000259052.1 14 100757793 100757793 - 13 0 14_internal_8392 14 100736797 100843905 3.19581e-26 0.725269 1
ENSG00000197119.7 14 100772884 100772884 - 13 0 14_internal_8392 14 100736797 100843905 5.85198e-35 0.798347 1
ENSG00000140107.10 14 100789674 100789674 + 13 0 14_internal_8392 14 100736797 100843905 8.0199e-13 0.527878 1
ENSG00000258666.1 14 100800127 100800127 + 13 0 14_internal_8392 14 100736797 100843905 3.86147e-29 0.718259 1
ENSG00000258521.1 14 100806169 100806169 + 13 0 14_internal_8392 14 100736797 100843905 2.17396e-17 0.592114 1
ENSG00000258581.2 14 100832965 100832965 + 13 0 14_internal_8392 14 100736797 100843905 2.80422e-24 0.695719 1
ENSG00000140105.11 14 100843142 100843142 - 13 0 14_internal_8392 14 100736797 100843905 1.04099e-31 0.754539 1
ENSG00000183092.11 14 101053750 101053750 - 13 0 14_internal_6598 14 100849619 101112696 1.75482e-17 0.613434 1
ENSG00000259004.1 14 101587193 101587193 + 13 0 14_internal_5919 14 101577955 101589077 5.22838e-08 0.407038 1
ENSG00000258512.1 14 102196774 102196774 + 7 0 14_internal_8058 14 102171621 102210681 2.72028e-10 0.475572 1
ENSG00000258404.1 14 102197445 102197445 - 7 0 14_internal_8058 14 102171621 102210681 7.13706e-11 0.501084 1
ENSG00000078304.13 14 102228135 102228135 + 8 -17454 14_internal_8058 14 102171621 102210681 8.06972e-09 0.429442 1
ENSG00000078304.13 14 102228135 102228135 + 8 87364 14_internal_5521 14 102315499 102351252 1.28008e-05 0.331924 0
ENSG00000075413.13 14 103851729 103851729 + 13 0 14_internal_8593 14 103821803 103947577 1.66086e-25 0.68535 1
ENSG00000126214.15 14 104028233 104028233 + 12 61897 14_internal_6552 14 104090130 104106354 8.11575e-11 0.480511 1
ENSG00000256500.3 14 104029299 104029299 + 12 -81722 14_internal_8593 14 103821803 103947577 0.000240419 -0.282559 0
ENSG00000256500.3 14 104029299 104029299 + 12 60831 14_internal_6552 14 104090130 104106354 4.44911e-11 0.484767 1
ENSG00000246451.2 14 104150352 104150352 - 14 43998 14_internal_6552 14 104090130 104106354 3.63905e-07 0.380289 1
ENSG00000126215.9 14 104181841 104181841 - 14 75487 14_internal_6552 14 104090130 104106354 8.63905e-08 0.408927 1
ENSG00000156411.5 14 104394606 104394606 - 12 -450 14_internal_6396 14 104395056 104417986 1.35593e-11 0.491629 0
ENSG00000156411.5 14 104394606 104394606 - 12 -1480 14_internal_6720 14 104396086 104417363 1.03853e-11 0.494118 1
ENSG00000156414.14 14 104394799 104394799 + 12 257 14_internal_6396 14 104395056 104417986 2.90696e-05 0.309581 0
ENSG00000156414.14 14 104394799 104394799 + 12 1287 14_internal_6720 14 104396086 104417363 1.87187e-07 0.3804 1
