ENSG00000144136.6 2 113403434 113403434 + 15 0 2_internal_17372 2 113339810 113488610 4.07613e-06 0.348587 1
ENSG00000144136.6 2 113403434 113403434 + 15 51364 2_internal_14342 2 113454798 113469364 1.80021e-05 0.325834 0
ENSG00000189223.7 2 113969099 113969099 + 11 0 2_internal_20866 2 113922074 114127160 9.87369e-38 0.794696 1
ENSG00000258395.1 2 113998307 113998307 + 11 0 2_internal_20866 2 113922074 114127160 3.3904e-33 0.756838 1
ENSG00000125618.12 2 114036527 114036527 - 11 0 2_internal_20866 2 113922074 114127160 9.48468e-37 0.792811 1
ENSG00000236397.2 2 114359144 114359144 - 11 -90784 2_internal_14939 2 114449928 114458442 3.32865e-08 0.426901 1
ENSG00000115107.15 2 119981384 119981384 + 4 39329 2_internal_19163 2 120020713 120160919 2.81325e-10 0.45971 1
ENSG00000265451.1 2 122287998 122287998 + 4 413239 2_internal_15339 2 122701237 122733453 0.000108746 0.276104 1
ENSG00000169994.14 2 128293378 128293378 + 13 55369 2_internal_15227 2 128348747 128407981 2.29041e-12 0.507218 1
ENSG00000075884.8 2 143848931 143848931 + 4 150217 2_internal_18445 2 143999148 144022620 8.08002e-05 0.30893 1
