ENSG00000226210.2 12 73725 73725 + 8 0 12_internal_9873 12 73684 92830 1.25811e-17 0.570857 1
ENSG00000256263.1 12 93430 93430 - 8 600 12_internal_9873 12 73684 92830 1.66736e-06 0.353883 1
ENSG00000256577.1 12 312808 312808 + 9 -17861 12_internal_10468 12 213171 294947 5.75671e-05 0.302215 1
ENSG00000111181.8 12 323736 323736 - 9 28789 12_internal_10468 12 213171 294947 5.26975e-07 0.364514 1
ENSG00000139044.6 12 569530 569530 + 12 77682 12_internal_9177 12 647212 680518 1.10239e-26 0.727332 1
ENSG00000177406.4 12 740057 740057 + 12 0 12_internal_14284 12 684274 757317 9.93461e-08 0.381625 1
ENSG00000171840.7 12 772945 772945 - 13 15628 12_internal_14284 12 684274 757317 2.13444e-05 0.319881 1
ENSG00000011105.7 12 3186521 3186521 + 12 121951 12_internal_11597 12 3308472 3475514 3.46842e-05 0.309892 1
ENSG00000139180.5 12 4714110 4714110 + 12 0 12_internal_13763 12 4664255 4774178 7.32239e-05 0.305911 1
ENSG00000255639.2 12 4766800 4766800 + 12 0 12_internal_13763 12 4664255 4774178 6.47411e-05 0.309218 1
ENSG00000110799.9 12 6233936 6233936 - 8 0 12_internal_14731 12 4699138 6388262 8.92485e-18 0.57599 1
ENSG00000110799.9 12 6233936 6233936 - 8 -12736 12_internal_9110 12 6246672 6280038 1.38437e-16 0.558759 0
ENSG00000010278.7 12 6308881 6308881 + 8 0 12_internal_14731 12 4699138 6388262 2.86742e-22 0.64687 1
ENSG00000010278.7 12 6308881 6308881 + 8 -28843 12_internal_9110 12 6246672 6280038 3.28027e-18 0.595223 0
ENSG00000111321.6 12 6484211 6484211 + 8 7289 12_internal_9905 12 6491500 6504256 1.3314e-05 0.343995 1
ENSG00000159335.10 12 6874682 6874682 + 12 0 12_internal_9650 12 6859404 6904011 0.000339529 0.279992 0
ENSG00000159335.10 12 6874682 6874682 + 12 0 12_internal_9874 12 6872797 6933029 0.000228931 0.287611 1
ENSG00000010610.5 12 6896024 6896024 + 12 0 12_internal_9650 12 6859404 6904011 9.8252e-08 0.403716 1
ENSG00000010610.5 12 6896024 6896024 + 12 0 12_internal_9874 12 6872797 6933029 1.01103e-05 0.338906 0
ENSG00000250510.2 12 6930711 6930711 + 12 -26700 12_internal_9650 12 6859404 6904011 2.22184e-11 0.500093 1
ENSG00000250510.2 12 6930711 6930711 + 12 0 12_internal_9874 12 6872797 6933029 2.2038e-08 0.426622 0
ENSG00000256010.1 12 6933660 6933660 + 12 -29649 12_internal_9650 12 6859404 6904011 1.00956e-11 0.508263 1
ENSG00000256010.1 12 6933660 6933660 + 12 -631 12_internal_9874 12 6872797 6933029 4.35967e-09 0.446149 0
ENSG00000110811.13 12 6937204 6937204 + 12 -33193 12_internal_9650 12 6859404 6904011 1.08077e-11 0.508753 1
ENSG00000110811.13 12 6937204 6937204 + 12 -4175 12_internal_9874 12 6872797 6933029 4.36597e-10 0.472205 0
ENSG00000111664.6 12 6949118 6949118 + 12 -45107 12_internal_9650 12 6859404 6904011 1.90995e-09 0.442151 1
ENSG00000111664.6 12 6949118 6949118 + 12 -16089 12_internal_9874 12 6872797 6933029 7.31828e-06 0.338128 0
ENSG00000237240.2 12 6960433 6960433 - 12 56422 12_internal_9650 12 6859404 6904011 9.57734e-07 0.370532 1
ENSG00000177675.4 12 7632493 7632493 - 16 27562 12_internal_10305 12 7596086 7604931 3.76331e-05 0.31683 1
ENSG00000089818.11 12 7926148 7926148 + 19 257742 12_internal_12879 12 8183890 8282466 2.80717e-16 0.558591 1
ENSG00000171860.4 12 8219067 8219067 - 20 0 12_internal_12879 12 8183890 8282466 2.90104e-17 0.588227 1
ENSG00000171847.6 12 8380214 8380214 - 20 0 12_internal_10413 12 8379254 8384868 4.25836e-08 0.409147 1
ENSG00000250937.2 12 8404007 8404007 + 20 0 12_internal_10451 12 8306049 8721521 7.82125e-09 0.415808 1
ENSG00000250937.2 12 8404007 8404007 + 20 144846 12_internal_11067 12 8548853 8762478 5.94071e-05 0.296793 0
ENSG00000256589.1 12 8461445 8461445 - 21 0 12_internal_10451 12 8306049 8721521 6.57376e-08 0.386799 1
ENSG00000256552.2 12 8472977 8472977 + 21 0 12_internal_10451 12 8306049 8721521 9.71114e-10 0.434032 1
ENSG00000256552.2 12 8472977 8472977 + 21 75876 12_internal_11067 12 8548853 8762478 1.61973e-05 0.314807 0
ENSG00000242661.1 12 8512430 8512430 - 22 0 12_internal_10451 12 8306049 8721521 2.34755e-09 0.409775 1
ENSG00000242661.1 12 8512430 8512430 - 22 -36423 12_internal_11067 12 8548853 8762478 4.79133e-07 0.350817 0
ENSG00000226091.2 12 8549399 8549399 - 22 0 12_internal_10451 12 8306049 8721521 1.73078e-11 0.457518 1
ENSG00000226091.2 12 8549399 8549399 - 22 0 12_internal_11067 12 8548853 8762478 6.06131e-08 0.377195 0
ENSG00000238152.2 12 8568401 8568401 - 22 0 12_internal_10451 12 8306049 8721521 0.000114679 0.302305 0
ENSG00000238152.2 12 8568401 8568401 - 22 0 12_internal_11067 12 8548853 8762478 7.12158e-05 0.310891 1
ENSG00000205846.3 12 8608522 8608522 + 21 0 12_internal_10451 12 8306049 8721521 8.18256e-08 0.391438 1
ENSG00000205846.3 12 8608522 8608522 + 21 0 12_internal_11067 12 8548853 8762478 2.59899e-05 0.312139 0
ENSG00000110848.4 12 9913497 9913497 - 17 0 12_internal_9612 12 9888869 9918736 3.82337e-05 0.320651 1
ENSG00000225231.1 12 10096094 10096094 - 14 0 12_internal_12494 12 10077892 10120724 2.55029e-11 0.476227 1
ENSG00000172322.9 12 10103915 10103915 + 14 0 12_internal_12494 12 10077892 10120724 2.9592e-19 0.609162 1
ENSG00000256660.1 12 10163226 10163226 + 13 -42502 12_internal_12494 12 10077892 10120724 4.06638e-21 0.6319 1
ENSG00000165682.10 12 10166023 10166023 - 13 45299 12_internal_12494 12 10077892 10120724 1.20843e-18 0.594462 1
ENSG00000256803.1 12 10183205 10183205 - 13 62481 12_internal_12494 12 10077892 10120724 3.70615e-22 0.649119 1
ENSG00000197992.2 12 10183276 10183276 + 13 2681 12_internal_11725 12 10185957 10288922 3.35738e-05 0.315236 1
ENSG00000212125.2 12 11117951 11117951 - 13 -205245 12_internal_8857 12 11323196 11709968 3.26545e-08 0.420067 1
ENSG00000255837.1 12 11150474 11150474 - 13 -172722 12_internal_8857 12 11323196 11709968 8.63372e-08 0.403091 1
ENSG00000212124.2 12 11175219 11175219 - 13 -147977 12_internal_8857 12 11323196 11709968 1.67032e-08 0.41356 1
ENSG00000256436.1 12 11184006 11184006 - 12 -139190 12_internal_8857 12 11323196 11709968 1.24479e-07 0.399861 1
ENSG00000226761.3 12 11214893 11214893 - 11 -108303 12_internal_8857 12 11323196 11709968 2.12145e-08 0.413377 1
ENSG00000256188.1 12 11287243 11287243 - 10 -35953 12_internal_8857 12 11323196 11709968 4.66671e-10 0.469303 1
ENSG00000256981.1 12 11312293 11312293 - 9 -10903 12_internal_8857 12 11323196 11709968 1.74893e-06 0.369733 1
ENSG00000256712.1 12 11323952 11323952 - 9 0 12_internal_8857 12 11323196 11709968 0.000340848 0.278675 1
ENSG00000256537.1 12 11323963 11323963 + 9 0 12_internal_8857 12 11323196 11709968 1.31283e-06 0.364808 1
ENSG00000212127.5 12 11324172 11324172 - 9 0 12_internal_8857 12 11323196 11709968 2.25208e-08 0.417196 1
ENSG00000111215.6 12 11324212 11324212 - 9 0 12_internal_8857 12 11323196 11709968 6.96454e-08 0.413726 1
ENSG00000111276.6 12 12867992 12867992 + 17 10967 12_internal_11440 12 12878959 12891032 0.000302388 0.284063 1
ENSG00000255661.2 12 12878851 12878851 + 17 108 12_internal_11440 12 12878959 12891032 1.67391e-11 0.481689 1
ENSG00000255661.2 12 12878851 12878851 + 17 60578 12_internal_13130 12 12939429 13001832 1.16895e-09 0.440716 0
ENSG00000178878.7 12 12878865 12878865 + 17 94 12_internal_11440 12 12878959 12891032 1.44251e-11 0.479791 1
ENSG00000178878.7 12 12878865 12878865 + 17 60564 12_internal_13130 12 12939429 13001832 6.48806e-09 0.419634 0
ENSG00000207983.1 12 12917583 12917583 + 17 -26551 12_internal_11440 12 12878959 12891032 2.59305e-07 0.385239 1
ENSG00000213782.3 12 12966250 12966250 + 17 -75218 12_internal_11440 12 12878959 12891032 1.58985e-09 0.431723 1
ENSG00000213782.3 12 12966250 12966250 + 17 0 12_internal_13130 12 12939429 13001832 5.21966e-09 0.419213 0
ENSG00000247498.3 12 13080660 13080660 + 14 0 12_internal_12862 12 13080467 13146981 1.34832e-05 0.322512 1
ENSG00000013583.4 12 13153207 13153207 - 14 6226 12_internal_12862 12 13080467 13146981 4.69615e-06 0.346204 1
ENSG00000121316.5 12 14721283 14721283 - 8 20552 12_internal_9752 12 14682289 14700731 0.000223435 0.270316 1
ENSG00000214772.2 12 14818589 14818589 + 9 -117858 12_internal_9752 12 14682289 14700731 0.000100359 0.310981 1
ENSG00000070019.3 12 14849519 14849519 - 10 148788 12_internal_9752 12 14682289 14700731 5.68251e-05 0.307865 1
ENSG00000060982.10 12 25102393 25102393 - 8 21262 12_internal_13188 12 25050130 25081131 1.30503e-19 0.633862 1
ENSG00000123096.7 12 26274924 26274924 + 6 397962 12_internal_9520 12 26672886 26677541 6.03228e-05 0.314066 1
ENSG00000255968.1 12 26471886 26471886 + 6 177032 12_internal_13977 12 26648918 26985527 0.000280738 0.280369 1
ENSG00000255750.1 12 26472653 26472653 - 6 -200233 12_internal_9520 12 26672886 26677541 9.34718e-05 0.302748 1
ENSG00000256185.1 12 26489883 26489883 - 6 -159035 12_internal_13977 12 26648918 26985527 3.07227e-06 0.359559 1
ENSG00000123104.7 12 26986131 26986131 - 8 604 12_internal_13977 12 26648918 26985527 2.85818e-06 0.350269 1
