ENSG00000090432.5 1 20834654 20834654 - 8 -768653 1_internal_19730 1 21603307 21667411 156 180.817 0.932672 7.69963 0.0158804 0.19444 0.0845771 0.0857829
ENSG00000158825.5 1 20915441 20915441 + 8 -399733 1_internal_19013 1 20497263 20515708 156 185.341 0.932441 8.5276 0.0915411 -0.134844 0.487562 0.473127
ENSG00000158828.5 1 20959948 20959948 + 8 673245 1_internal_18185 1 21633193 21641328 156 145.504 0.970545 6.95169 0.0565902 -0.156433 0.383085 0.39007
ENSG00000257033.1 1 20977207 20977207 - 8 461499 1_internal_19013 1 20497263 20515708 156 160.555 1.20755 9.85313 0.0933092 0.136854 0.552239 0.51234
ENSG00000117242.7 1 20978686 20978686 - 8 -26178 1_internal_18259 1 21004864 21011691 156 187.474 0.838569 7.65413 0.0388343 0.168693 0.248756 0.232498
ENSG00000244038.3 1 20988000 20988000 - 8 472292 1_internal_19013 1 20497263 20515708 156 163.922 1.00543 7.77404 0.0174774 0.187094 0.109453 0.108217
ENSG00000117245.8 1 21044510 21044510 - 7 32819 1_internal_18259 1 21004864 21011691 156 160.57 0.960487 5.6405 3.37687e-06 0.354964 0.00497512 2.15787e-05
ENSG00000189410.7 1 21059330 21059330 - 8 -543977 1_internal_19730 1 21603307 21667411 156 173.58 0.847174 6.90417 0.124856 -0.123013 0.58209 0.60725
ENSG00000233069.1 1 21059373 21059373 + 8 524314 1_internal_24955 1 21583687 21653866 156 185.6 0.977989 7.93058 0.441343 -0.0630862 0.9801 0.983529
ENSG00000203394.2 1 21069480 21069480 + 8 533827 1_internal_19730 1 21603307 21667411 156 157.28 0.986518 7.62341 0.0813244 -0.142255 0.492537 0.477098
ENSG00000127483.12 1 21113816 21113816 - 8 598108 1_internal_19013 1 20497263 20515708 156 153.684 0.935329 6.56676 0.0827371 0.145832 0.452736 0.473095
ENSG00000251914.1 1 21167734 21167734 + 8 -156043 1_internal_18259 1 21004864 21011691 156 179.339 1.01275 7.90571 0.0720925 -0.14754 0.343284 0.348036
ENSG00000221808.1 1 21314925 21314925 - 10 -318268 1_internal_18185 1 21633193 21641328 156 153.882 0.989368 9.08287 0.124632 0.123157 0.701493 0.713278
ENSG00000233072.1 1 21330427 21330427 - 10 -302766 1_internal_18185 1 21633193 21641328 156 121.464 1.04758 7.13969 0.0695633 -0.141815 0.567164 0.542177
ENSG00000236073.2 1 21400246 21400246 - 11 388555 1_internal_18259 1 21004864 21011691 156 149.464 0.994929 9.0268 0.162607 -0.108882 0.78607 0.81876
ENSG00000235112.1 1 21487968 21487968 + 11 793792 1_internal_20778 1 22281760 22290857 156 145.656 1.04577 9.51396 0.00708657 0.207595 0.0945274 0.0745512
ENSG00000075151.14 1 21503377 21503377 - 11 -191336 1_internal_20675 1 21694713 21764005 156 154.004 1.05685 11.0732 0.222352 -0.0985003 0.930348 0.934729
ENSG00000236936.1 1 21592575 21592575 + 10 11002 1_internal_15990 1 21603577 21673680 156 177.48 0.864771 9.89611 2.36472e-12 0.529708 0.00497512 3.37343e-11
ENSG00000231105.1 1 21619783 21619783 + 10 0 1_internal_15990 1 21603577 21673680 156 148.413 0.940375 7.62733 1.00744e-06 0.366879 0.00497512 2.79984e-05
ENSG00000117298.10 1 21671997 21671997 - 10 0 1_internal_15990 1 21603577 21673680 156 169.939 0.971917 11.1144 6.77865e-18 0.601007 0.00497512 8.1573e-18
ENSG00000227001.2 1 21754460 21754460 - 10 -527300 1_internal_20778 1 22281760 22290857 156 187.017 0.94511 12.1365 0.0868252 -0.139581 0.537313 0.558142
ENSG00000142794.12 1 21766621 21766621 + 10 -2616 1_internal_20675 1 21694713 21764005 156 161.911 0.959778 9.97602 1.95341e-09 0.445406 0.00497512 2.05808e-08
ENSG00000076864.14 1 21995801 21995801 - 10 322121 1_internal_15990 1 21603577 21673680 156 158.072 0.982419 9.02255 0.133284 -0.122228 0.751244 0.723693
ENSG00000231978.2 1 22094762 22094762 + 9 186998 1_internal_20778 1 22281760 22290857 156 160.372 1.0236 8.09463 0.213669 0.0977145 0.845771 0.842211
ENSG00000090686.11 1 22110099 22110099 - 9 37087 1_internal_22940 1 22052851 22073012 156 162.368 0.957542 8.58512 0.00354636 0.233645 0.0298507 0.029531
ENSG00000187942.7 1 22138758 22138758 + 9 -497430 1_internal_18185 1 21633193 21641328 156 146.981 0.950341 6.91056 0.000526526 0.262199 0.00995025 0.00696724
ENSG00000142798.11 1 22263790 22263790 - 9 190778 1_internal_22940 1 22052851 22073012 156 156.716 0.985394 8.73348 0.188011 -0.0978446 0.845771 0.839506
ENSG00000228397.1 1 22351461 22351461 - 9 697595 1_internal_24955 1 21583687 21653866 156 178.638 0.930302 9.65288 0.0604577 0.152673 0.368159 0.389254
ENSG00000218510.3 1 22351681 22351681 + 9 0 1_internal_19557 1 22344669 22354811 156 151.232 1.03792 9.48215 0.000194104 0.282049 0.00497512 0.001806
ENSG00000070831.11 1 22379120 22379120 + 9 -711709 1_internal_19730 1 21603307 21667411 156 138.739 0.938455 6.37734 0.0473266 -0.159214 0.378109 0.361739
ENSG00000230068.1 1 22385690 22385690 + 9 -621685 1_internal_20675 1 21694713 21764005 156 162.566 1.01549 8.6873 0.0542709 0.152982 0.353234 0.349023
ENSG00000162552.9 1 22470462 22470462 - 10 803051 1_internal_19730 1 21603307 21667411 156 147.301 1.07544 9.17699 0.0558645 -0.150316 0.452736 0.415845
ENSG00000184677.12 1 22778344 22778344 + 6 -493288 1_internal_17927 1 22235791 22285056 156 141.238 1.00002 5.26819 0.0570646 -0.159975 0.328358 0.318709
ENSG00000237200.1 1 22843967 22843967 + 6 -558911 1_internal_17927 1 22235791 22285056 156 169.452 1.00589 6.9101 0.283356 0.0847945 0.855721 0.878043
ENSG00000173372.12 1 22962999 22962999 + 8 474514 1_internal_17112 1 23437513 23442552 156 155.01 0.964272 7.01068 0.129638 0.113885 0.656716 0.640613
ENSG00000159189.7 1 22970123 22970123 + 8 467390 1_internal_17112 1 23437513 23442552 156 163.419 0.926704 8.19359 0.149466 0.115466 0.731343 0.735799
ENSG00000173369.11 1 22979255 22979255 + 8 941681 1_internal_19793 1 23920936 23950666 156 151.628 1.04036 7.96769 0.105428 0.122712 0.58209 0.589444
ENSG00000133216.12 1 23037332 23037332 + 8 -746475 1_internal_20778 1 22281760 22290857 156 153.41 0.894001 6.17211 0.0529599 0.156016 0.358209 0.344491
ENSG00000225952.1 1 23163342 23163342 - 7 872485 1_internal_20778 1 22281760 22290857 156 149.297 1.153 8.04356 0.124731 0.119584 0.631841 0.625704
ENSG00000264014.1 1 23189719 23189719 - 7 -690504 1_internal_19990 1 23880223 23956761 156 149.556 0.955781 6.39815 0.109509 0.129455 0.577114 0.569135
ENSG00000004487.10 1 23345941 23345941 + 6 91572 1_internal_17112 1 23437513 23442552 156 151.034 0.999974 5.41662 0.00491822 0.231025 0.0199005 0.0302608
ENSG00000263793.1 1 23370798 23370798 + 5 66715 1_internal_17112 1 23437513 23442552 156 174.434 1.03865 5.97282 0.0263603 0.187325 0.0845771 0.0972423
ENSG00000266802.1 1 23384427 23384427 - 5 -835981 1_internal_18563 1 24220408 24244063 156 182.828 0.999965 5.91165 0.0718408 -0.141206 0.288557 0.267391
ENSG00000240553.1 1 23414551 23414551 - 5 -465672 1_internal_19990 1 23880223 23956761 156 152.557 0.99998 4.45091 0.0761658 0.135223 0.338308 0.308356
ENSG00000229010.1 1 23466818 23466818 + 5 753590 1_internal_18563 1 24220408 24244063 156 167.487 1.00002 4.94638 0.436082 0.0594999 0.950249 0.932197
ENSG00000206935.1 1 23489197 23489197 + 5 731211 1_internal_18563 1 24220408 24244063 156 137.902 0.999967 4.71356 0.00120032 -0.244644 0.0199005 0.01094
ENSG00000252578.1 1 23490446 23490446 + 5 287743 1_internal_24147 1 23778189 23864841 156 147.636 1.00005 4.67356 0.155962 -0.115733 0.572139 0.575576
ENSG00000169641.9 1 23504301 23504301 - 5 61749 1_internal_17112 1 23437513 23442552 156 145.427 1.00002 4.65467 0.0498526 0.158931 0.243781 0.243931
ENSG00000261326.1 1 23613245 23613245 - 5 -307691 1_internal_19793 1 23920936 23950666 156 147.728 1.00001 4.6788 0.0760771 -0.144737 0.363184 0.337808
ENSG00000125944.12 1 23670829 23670829 - 5 228277 1_internal_17112 1 23437513 23442552 156 157.767 1.00005 4.62703 0.331281 0.0772763 0.835821 0.841649
ENSG00000249087.3 1 23695490 23695490 + 5 184733 1_internal_19990 1 23880223 23956761 156 160.966 0.999961 4.79588 0.111875 -0.126392 0.402985 0.416705
ENSG00000125945.9 1 23695935 23695935 - 5 -82254 1_internal_24147 1 23778189 23864841 156 156.807 0.999979 5.10492 0.200611 -0.106424 0.656716 0.678778
ENSG00000204219.5 1 23751233 23751233 - 6 -169703 1_internal_19793 1 23920936 23950666 156 204.125 0.842566 7.16508 0.00301508 0.226685 0.0199005 0.0119286
ENSG00000088280.13 1 23810685 23810685 - 6 -69538 1_internal_19990 1 23880223 23956761 156 150.927 1.01254 6.04816 0.000408793 0.268062 0.00995025 0.00284454
ENSG00000007968.6 1 23857712 23857712 - 7 -63224 1_internal_19793 1 23920936 23950666 156 152.146 1.06351 7.02983 0.0427362 0.161615 0.253731 0.251996
ENSG00000117318.8 1 23886285 23886285 - 7 0 1_internal_19990 1 23880223 23956761 156 158.559 1.03389 8.39643 0.00032498 0.279192 0.00497512 0.00195928
ENSG00000142676.8 1 24018269 24018269 + 7 202139 1_internal_18563 1 24220408 24244063 156 175.47 0.945708 8.73755 0.00569146 0.207112 0.0447761 0.035754
ENSG00000244609.2 1 24063380 24063380 - 8 -956834 1_internal_16552 1 25020214 25038319 156 147.789 1.15791 9.06021 0.0490551 0.157205 0.353234 0.333485
ENSG00000011007.7 1 24069645 24069645 + 8 150763 1_internal_18563 1 24220408 24244063 156 144.346 1.01333 7.01234 0.0599357 0.151992 0.368159 0.394385
ENSG00000236810.1 1 24104777 24104777 - 8 -115631 1_internal_18563 1 24220408 24244063 156 145.275 1.02891 7.86118 0.0462815 0.155665 0.308458 0.343039
ENSG00000057757.5 1 24104895 24104895 + 8 115513 1_internal_18563 1 24220408 24244063 156 154.202 1.00996 7.91162 0.00015695 0.294484 0.00497512 0.00126397
ENSG00000011009.6 1 24117460 24117460 + 8 102948 1_internal_18563 1 24220408 24244063 156 159.093 0.942709 7.88026 0.000417678 0.26539 0.00497512 0.00410611
ENSG00000117308.10 1 24127271 24127271 - 8 -93137 1_internal_18563 1 24220408 24244063 156 170 0.993954 8.77014 5.16475e-11 0.49136 0.00497512 7.20948e-11
ENSG00000117305.9 1 24165110 24165110 - 8 -55298 1_internal_18563 1 24220408 24244063 156 176.368 0.898628 8.28398 0.000887443 0.252272 0.00497512 0.0062146
ENSG00000179163.11 1 24194784 24194784 - 8 -25624 1_internal_18563 1 24220408 24244063 156 159.489 1.11062 9.86944 5.21769e-15 0.563466 0.00497512 7.69652e-16
ENSG00000229106.1 1 24229227 24229227 - 9 0 1_internal_18563 1 24220408 24244063 156 174.19 0.893483 10.4917 7.42263e-10 0.455364 0.00497512 7.76883e-09
ENSG00000232557.1 1 24234375 24234375 - 9 0 1_internal_18563 1 24220408 24244063 156 174.982 0.871403 10.2793 3.88834e-10 0.448381 0.00497512 5.9581e-09
ENSG00000188822.6 1 24285549 24285549 - 13 41486 1_internal_18563 1 24220408 24244063 156 145.382 1.17175 12.9256 1.14279e-10 0.476354 0.00497512 2.28958e-10
ENSG00000189266.7 1 24285599 24285599 + 13 -41536 1_internal_18563 1 24220408 24244063 156 157.127 1.14385 15.2408 2.34697e-11 0.514939 0.00497512 1.21772e-11
ENSG00000188529.9 1 24307417 24307417 - 14 63354 1_internal_18563 1 24220408 24244063 156 139.014 0.994024 10.8809 0.000460573 0.267479 0.0149254 0.0105626
ENSG00000185436.7 1 24514449 24514449 - 16 -764097 1_internal_17886 1 25278546 25364849 156 167.715 0.891092 16.6762 0.0155763 -0.189901 0.233831 0.229292
ENSG00000158055.11 1 24645812 24645812 + 18 199175 1_internal_20115 1 24844987 24872516 156 147.606 1.03804 16.7393 0.0565734 0.150645 0.626866 0.652431
ENSG00000001461.11 1 24742284 24742284 + 18 0 1_internal_23780 1 24739439 24868688 156 172.027 0.991888 21.2281 5.58419e-06 0.350995 0.00497512 4.26336e-05
ENSG00000001460.13 1 24743424 24743424 - 18 786663 1_internal_19990 1 23880223 23956761 156 157.082 0.967559 15.7648 0.0113137 0.20621 0.179104 0.172178
ENSG00000117602.6 1 24829387 24829387 + 18 0 1_internal_23780 1 24739439 24868688 156 165.019 0.813328 16.9093 6.81092e-11 0.482868 0.00497512 2.04926e-08
ENSG00000264443.1 1 24882515 24882515 - 19 13827 1_internal_23780 1 24739439 24868688 156 174.175 0.879889 17.4559 1.0401e-06 0.359503 0.00497512 1.97154e-05
ENSG00000133226.11 1 24958207 24958207 + 19 277300 1_internal_16971 1 25235507 25259593 156 161.561 1.13061 21.9126 0.193989 0.106882 0.9801 0.985653
ENSG00000238986.1 1 24993578 24993578 - 20 -361490 1_internal_17014 1 25355068 25683974 156 157.996 0.941127 17.324 0.0113628 -0.202653 0.208955 0.194787
ENSG00000169504.10 1 25071848 25071848 + 21 -33529 1_internal_16552 1 25020214 25038319 156 165.491 0.993392 20.3438 1.90734e-16 0.614461 0.00497512 6.04798e-16
ENSG00000238482.1 1 25104470 25104470 - 23 860407 1_internal_18563 1 24220408 24244063 156 175.652 0.975468 26.4826 0.0522471 0.153585 0.661692 0.665086
ENSG00000229162.1 1 25287836 25287836 + 22 0 1_internal_17886 1 25278546 25364849 156 161.774 0.994522 24.0505 0.00187688 0.249647 0.0348259 0.037233
ENSG00000020633.14 1 25291612 25291612 - 22 33827 1_internal_16198 1 25235877 25257785 156 179.75 0.924349 26.7589 5.13186e-10 0.480757 0.00497512 3.41719e-09
ENSG00000264371.1 1 25349994 25349994 + 23 0 1_internal_17886 1 25278546 25364849 156 163.709 0.927159 25.0646 0.00594556 0.210829 0.139303 0.137344
ENSG00000231953.1 1 25534630 25534630 + 23 -172092 1_internal_17376 1 25289466 25362538 156 156.289 0.95353 19.9412 0.0651611 0.144328 0.736318 0.753754
ENSG00000117614.5 1 25558993 25558993 - 23 -418449 1_internal_19405 1 25977442 26054877 156 137.749 1.16924 21.0169 0.00603404 -0.220824 0.134328 0.132865
ENSG00000187010.14 1 25598884 25598884 + 23 0 1_internal_15766 1 25592584 25661503 156 146.082 1.03481 19.4995 2.02199e-43 0.87669 0.00497512 7.90524e-41
ENSG00000259984.1 1 25663956 25663956 - 25 2453 1_internal_15766 1 25592584 25661503 156 165.613 0.902391 23.6293 1.13325e-36 0.817417 0.00497512 7.39424e-34
ENSG00000183726.6 1 25664408 25664408 + 25 -2905 1_internal_15766 1 25592584 25661503 156 178.029 0.92282 32.305 2.64681e-33 0.816296 0.00497512 1.63326e-33
ENSG00000117616.13 1 25664704 25664704 - 25 3201 1_internal_15766 1 25592584 25661503 156 150.714 1.02758 23.9953 0.00801707 0.202867 0.189055 0.187676
ENSG00000252515.1 1 25667462 25667462 + 25 -5959 1_internal_15766 1 25592584 25661503 156 153.486 1.02925 22.8776 3.42608e-07 0.384776 0.00497512 6.86979e-06
ENSG00000238889.1 1 25672868 25672868 - 25 11365 1_internal_15766 1 25592584 25661503 156 154.705 0.954035 22.2913 0.000402883 0.29045 0.0149254 0.0119209
ENSG00000188672.11 1 25756683 25756683 - 26 95180 1_internal_15766 1 25592584 25661503 156 159.321 1.01417 25.0503 6.30637e-14 0.538342 0.00497512 5.75131e-13
ENSG00000204178.5 1 25757388 25757388 + 26 -95885 1_internal_15766 1 25592584 25661503 156 167.73 0.858121 29.5296 4.3582e-10 0.495947 0.00497512 4.90844e-08
ENSG00000157978.6 1 25870071 25870071 + 25 0 1_internal_15892 1 25869428 26103534 156 147.53 1.01371 21.6899 2.56779e-05 0.308494 0.00497512 0.000835955
ENSG00000225643.1 1 25907969 25907969 + 24 0 1_internal_15892 1 25869428 26103534 156 149.434 1.04255 24.4504 8.03208e-05 0.297864 0.00497512 0.00212374
ENSG00000117643.10 1 25943959 25943959 + 24 9667 1_internal_16518 1 25953626 25971093 156 176.262 1.02666 33.3253 1.04816e-09 0.460695 0.00497512 1.70605e-09
ENSG00000233478.1 1 25985602 25985602 - 24 14509 1_internal_16518 1 25953626 25971093 156 140.263 1.04075 17.8132 3.70047e-05 0.319466 0.00497512 0.00123834
ENSG00000162430.12 1 26126667 26126667 + 24 -155574 1_internal_16518 1 25953626 25971093 156 170.808 0.928664 22.6035 0.130856 0.118132 0.945274 0.943047
ENSG00000255054.3 1 26137961 26137961 + 24 -44362 1_internal_16678 1 26080337 26093599 156 142.563 1.01899 19.9582 0.0839429 0.138566 0.875622 0.870045
ENSG00000117640.13 1 26145131 26145131 + 24 -17608 1_internal_24187 1 25869678 26127523 156 146.936 1.03556 20.5896 0.00394554 0.227763 0.079602 0.0917722
ENSG00000228172.1 1 26146263 26146263 - 24 91386 1_internal_19405 1 25977442 26054877 156 135.601 1.07843 19.6296 0.032088 0.170706 0.58209 0.566938
ENSG00000223474.2 1 26147288 26147288 - 24 819054 1_internal_18258 1 25281233 25328234 156 142.624 1.03876 17.7983 0.00835005 -0.204975 0.189055 0.174478
ENSG00000127423.6 1 26185903 26185903 - 24 58380 1_internal_24187 1 25869678 26127523 156 167.045 0.977067 27.0985 0.0308496 0.170411 0.512438 0.513834
ENSG00000236528.1 1 26186104 26186104 + 24 -821255 1_internal_17886 1 25278546 25364849 156 136.637 1.06736 17.7286 0.00674833 0.215796 0.144279 0.158094
ENSG00000182749.5 1 26197744 26197744 - 24 749830 1_internal_17427 1 25432743 25447914 156 165.049 0.93616 24.0524 0.00753595 0.214628 0.174129 0.156179
ENSG00000117632.16 1 26233482 26233482 - 24 -63069 1_internal_16036 1 26296551 26319062 156 158.636 1.03555 24.4091 0.0148733 0.194063 0.263682 0.27622
ENSG00000158006.8 1 26324648 26324648 - 21 749232 1_internal_17060 1 25555601 25575416 156 165.156 0.990126 23.4462 0.0233806 0.182357 0.39801 0.376831
ENSG00000175087.5 1 26437664 26437664 + 18 598113 1_internal_18807 1 27035777 27082500 156 172.24 0.959349 19.9286 0.047037 0.164814 0.527363 0.54629
ENSG00000142684.7 1 26496362 26496362 + 18 104148 1_internal_15855 1 26600510 26649414 156 145.549 1.10139 16.6484 0.0140333 -0.198945 0.243781 0.215885
ENSG00000236782.1 1 26498312 26498312 - 18 -102198 1_internal_15855 1 26600510 26649414 156 172.103 0.878105 19.2451 0.0224454 -0.182843 0.343284 0.332292
ENSG00000142675.12 1 26503894 26503894 + 18 -184832 1_internal_16036 1 26296551 26319062 156 166.588 1.02644 22.5365 0.0122215 -0.200906 0.18408 0.185534
ENSG00000130695.8 1 26560691 26560691 + 17 61459 1_internal_17400 1 26622150 26691087 156 142.396 1.01306 14.6732 2.57963e-05 0.333601 0.00497512 0.000776233
ENSG00000225375.1 1 26575392 26575392 + 17 -602794 1_internal_16684 1 25955083 25972598 156 182.706 0.932402 19.8029 0.00642028 -0.210942 0.079602 0.0755616
ENSG00000142669.9 1 26605667 26605667 + 16 0 1_internal_15855 1 26600510 26649414 156 179.507 0.895668 17.2686 0.00275762 -0.234067 0.0447761 0.0347432
ENSG00000169442.4 1 26644448 26644448 + 16 0 1_internal_15855 1 26600510 26649414 156 168.523 0.920722 16.3884 1.25278e-05 0.333888 0.00497512 0.000197703
ENSG00000158062.15 1 26644854 26644854 - 16 0 1_internal_17400 1 26622150 26691087 156 172.27 1.05632 20.5365 0.0305668 -0.163335 0.38806 0.353845
ENSG00000225854.2 1 26653179 26653179 + 16 -3765 1_internal_15855 1 26600510 26649414 156 151.369 1.05886 17.8555 5.17491e-05 0.318682 0.00497512 0.000784765
ENSG00000176092.8 1 26680621 26680621 - 17 31207 1_internal_15855 1 26600510 26649414 156 149.373 0.956615 16.5503 3.14701e-06 0.35965 0.00497512 0.000128925
ENSG00000131914.6 1 26737269 26737269 + 16 942574 1_internal_24409 1 27679843 27684378 156 175.073 0.879461 18.7249 0.126044 -0.123423 0.905473 0.898009
ENSG00000117682.11 1 26758773 26758773 + 16 -67686 1_internal_17400 1 26622150 26691087 156 141.802 0.996086 12.7339 0.0896336 0.130619 0.766169 0.760047
ENSG00000223583.1 1 26781678 26781678 - 16 726801 1_internal_19405 1 25977442 26054877 156 161.119 1.05981 15.4575 0.00788522 0.216222 0.0945274 0.086859
ENSG00000225891.1 1 26793773 26793773 - 17 -996388 1_internal_16982 1 27790161 27933921 156 134.52 1.01022 12.112 0.326098 0.0781098 1 0.995572
ENSG00000198830.6 1 26798941 26798941 + 17 236836 1_internal_18807 1 27035777 27082500 156 141.664 1.1354 16.1979 0.00736302 -0.215748 0.114428 0.117975
ENSG00000117676.8 1 26856252 26856252 + 17 933909 1_internal_16982 1 27790161 27933921 156 181.594 0.937515 19.2654 0.141553 -0.120165 0.905473 0.910215
ENSG00000238705.1 1 26881033 26881033 + 17 -561971 1_internal_16036 1 26296551 26319062 156 147.423 0.950334 15.1193 0.0602313 -0.153642 0.661692 0.674098
ENSG00000260063.1 1 27020622 27020622 - 15 329535 1_internal_17400 1 26622150 26691087 156 179.476 0.872814 15.7537 0.100165 0.137441 0.726368 0.765788
ENSG00000117713.13 1 27022524 27022524 + 15 767637 1_internal_16982 1 27790161 27933921 156 150.028 1.02719 14.4218 0.124457 0.121754 0.885572 0.864405
ENSG00000266138.1 1 27090115 27090115 + 13 575007 1_internal_16082 1 27665122 27968304 156 193.614 0.915586 17.83 0.00814223 0.211612 0.079602 0.0728571
ENSG00000060642.6 1 27113963 27113963 + 11 -400803 1_internal_19069 1 26695981 26713160 156 142.548 1.05377 10.1096 0.0830091 0.136883 0.641791 0.623989
ENSG00000204160.5 1 27153201 27153201 + 9 302524 1_internal_16435 1 27455725 27489246 156 168.949 1.01564 11.663 0.0277107 0.177552 0.223881 0.221735
ENSG00000175793.10 1 27189633 27189633 + 10 -540219 1_internal_15855 1 26600510 26649414 156 145.61 1.12351 9.31959 0.0409436 0.163626 0.338308 0.314828
ENSG00000226698.1 1 27202624 27202624 + 10 -511537 1_internal_17400 1 26622150 26691087 156 142.426 1.05584 10.2891 0.120318 -0.127506 0.771144 0.76568
ENSG00000142751.8 1 27216788 27216788 - 10 -448334 1_internal_16082 1 27665122 27968304 156 145.839 1.0706 8.98477 0.0447986 -0.164586 0.363184 0.351114
ENSG00000251020.1 1 27219052 27219052 - 10 527965 1_internal_17400 1 26622150 26691087 156 202.328 0.84092 11.2719 0.036824 0.168987 0.199005 0.247035
ENSG00000090273.9 1 27226729 27226729 + 10 453114 1_internal_24409 1 27679843 27684378 156 152.161 1.05371 11.08 0.116785 -0.122427 0.731343 0.744418
ENSG00000198746.8 1 27226957 27226957 - 10 535870 1_internal_17400 1 26622150 26691087 156 163.922 1.03106 10.2943 0.0147136 0.192208 0.104478 0.111585
ENSG00000175707.7 1 27286897 27286897 - 10 -378225 1_internal_16082 1 27665122 27968304 156 168.401 1.0259 11.2581 0.0758436 -0.144992 0.527363 0.519302
ENSG00000253368.3 1 27320198 27320198 + 9 359645 1_internal_24409 1 27679843 27684378 156 146.783 0.987467 8.20182 0.192314 0.102686 0.845771 0.852067
ENSG00000158246.7 1 27339327 27339327 - 9 -340516 1_internal_24409 1 27679843 27684378 156 149.327 1.02206 9.64773 0.0724226 0.14161 0.557214 0.537221
ENSG00000090020.6 1 27493472 27493472 - 11 -690865 1_internal_19957 1 28184337 28297205 156 147.728 0.998828 9.9064 0.0592803 0.157698 0.497512 0.494621
ENSG00000142784.10 1 27561007 27561007 + 11 104115 1_internal_16082 1 27665122 27968304 156 186.773 0.870125 12.4554 0.0829759 -0.140474 0.557214 0.585279
ENSG00000252098.1 1 27582058 27582058 - 12 868898 1_internal_19069 1 26695981 26713160 156 154.08 1.10456 11.6807 0.111481 0.135606 0.741294 0.72154
ENSG00000240397.1 1 27634278 27634278 - 12 -155883 1_internal_16982 1 27790161 27933921 156 189.104 0.942899 18.4007 0.133852 -0.118385 0.860697 0.865218
ENSG00000243659.1 1 27637731 27637731 + 12 -924571 1_internal_19069 1 26695981 26713160 156 150.485 0.990735 11.3188 0.0976876 -0.135261 0.726368 0.714231
ENSG00000186501.9 1 27648651 27648651 + 12 -566151 1_internal_18807 1 27035777 27082500 156 162.277 1.02942 13.8758 0.0253251 -0.173556 0.268657 0.258511
ENSG00000206888.1 1 27651710 27651710 + 11 909891 1_internal_16173 1 28561601 28578086 156 145.184 0.97285 9.66964 0.347407 -0.0758557 0.9801 0.988241
ENSG00000241547.1 1 27651820 27651820 + 11 909781 1_internal_16173 1 28561601 28578086 156 146.753 0.996356 10.6172 0.0213542 -0.177869 0.248756 0.242245
ENSG00000142765.12 1 27668513 27668513 + 11 0 1_internal_16082 1 27665122 27968304 156 165.476 0.893678 11.6214 0.000322481 -0.28341 0.00995025 0.00483356
ENSG00000142733.9 1 27693383 27693383 - 10 9005 1_internal_24409 1 27679843 27684378 156 185.768 0.850418 10.5959 0.0303114 0.173374 0.248756 0.238144
ENSG00000181773.6 1 27719148 27719148 + 11 976372 1_internal_16949 1 28695520 28909407 156 168.264 1.04352 10.8553 0.245811 -0.0945289 0.915423 0.935042
ENSG00000241169.1 1 27783709 27783709 + 12 400628 1_internal_19957 1 28184337 28297205 156 149.998 0.916531 9.56689 0.0484088 -0.15507 0.442786 0.446732
ENSG00000158195.6 1 27816669 27816669 - 12 0 1_internal_16082 1 27665122 27968304 156 163.77 0.988342 13.5259 0.0324111 -0.168935 0.318408 0.327909
ENSG00000237429.1 1 27852316 27852316 + 12 709285 1_internal_16173 1 28561601 28578086 156 159.214 0.917166 9.86739 0.105402 -0.129406 0.661692 0.68684
ENSG00000126705.7 1 27930942 27930942 - 12 246564 1_internal_24409 1 27679843 27684378 156 162.612 0.921905 11.3128 0.0398674 0.165867 0.41791 0.37641
ENSG00000000938.7 1 27961788 27961788 - 12 -733560 1_internal_16906 1 28695348 28701007 156 151.628 0.95434 11.1024 0.0100161 -0.208566 0.149254 0.130821
ENSG00000235912.1 1 27975930 27975930 + 12 -7626 1_internal_16082 1 27665122 27968304 156 167.913 0.93636 12.9819 0.0984205 0.12966 0.711443 0.714701
ENSG00000233975.1 1 27989233 27989233 - 12 -706287 1_internal_16949 1 28695520 28909407 156 161.637 1.04767 13.6853 0.0174586 -0.17853 0.179104 0.175379
ENSG00000225886.1 1 27995979 27995979 + 12 699541 1_internal_16949 1 28695520 28909407 156 184.412 0.943755 14.684 0.104144 -0.13421 0.691542 0.713833
ENSG00000126709.10 1 27998729 27998729 - 12 -696791 1_internal_16949 1 28695520 28909407 156 152.831 1.03966 13.4787 0.0419325 -0.167152 0.452736 0.436607
ENSG00000009780.10 1 28052490 28052490 + 12 -118569 1_internal_16982 1 27790161 27933921 156 174.891 0.997848 13.4771 0.073763 0.147531 0.537313 0.5558
ENSG00000231344.1 1 28065602 28065602 + 12 316796 1_internal_21459 1 28382398 28391661 156 159.275 1.08259 11.538 0.138545 -0.115547 0.79602 0.788313
ENSG00000230833.1 1 28066465 28066465 + 12 -98161 1_internal_16082 1 27665122 27968304 156 151.673 1.17914 14.2231 0.224222 -0.0967641 0.965174 0.966591
ENSG00000117758.8 1 28099694 28099694 + 11 84643 1_internal_19957 1 28184337 28297205 156 144.818 1.07383 9.97662 0.0938287 -0.136168 0.641791 0.646288
ENSG00000223062.1 1 28151049 28151049 + 12 -466671 1_internal_24409 1 27679843 27684378 156 152.329 0.965315 10.8494 0.248258 -0.0931572 0.950249 0.960949
ENSG00000117751.13 1 28157289 28157289 + 12 538059 1_internal_16906 1 28695348 28701007 156 153.852 1.04862 12.1629 0.0305255 -0.179006 0.318408 0.302249
ENSG00000252947.1 1 28160912 28160912 + 12 221486 1_internal_21459 1 28382398 28391661 156 146.265 1.01442 10.5455 0.171947 -0.10804 0.905473 0.883202
ENSG00000268552.1 1 28177255 28177255 - 12 243334 1_internal_16982 1 27790161 27933921 156 176.033 0.939527 12.9734 0.318098 -0.0786903 0.99005 0.989442
ENSG00000130775.11 1 28199055 28199055 + 12 0 1_internal_19957 1 28184337 28297205 156 144.711 1.05904 11.1813 4.13785e-06 0.361013 0.00497512 5.87565e-05
ENSG00000117748.5 1 28241257 28241257 - 13 -998305 1_internal_17791 1 29239562 29293611 156 166.664 0.903134 14.1458 0.00234231 0.242237 0.0497512 0.0345598
ENSG00000130768.9 1 28261504 28261504 + 13 -577126 1_internal_24409 1 27679843 27684378 156 173.382 1.03286 15.8629 0.0221574 -0.189875 0.199005 0.210849
ENSG00000158156.7 1 28285973 28285973 + 13 0 1_internal_19957 1 28184337 28297205 156 149.586 1.06723 14.1244 0.00307376 0.241191 0.0348259 0.0412262
ENSG00000227050.1 1 28286704 28286704 - 13 797458 1_internal_16435 1 27455725 27489246 156 151.658 1.11721 14.0456 0.0495898 -0.156875 0.492537 0.48088
ENSG00000238231.2 1 28317035 28317035 - 14 19830 1_internal_19957 1 28184337 28297205 156 163.693 0.979753 15.7138 0.025013 -0.183347 0.313433 0.300598
ENSG00000237895.1 1 28357423 28357423 - 14 -24975 1_internal_21459 1 28382398 28391661 156 174.327 0.837653 12.7308 1.58926e-05 0.329202 0.00497512 0.00032473
ENSG00000240750.2 1 28358691 28358691 - 14 -880871 1_internal_17791 1 29239562 29293611 156 188.815 0.897483 16.1963 0.0516974 -0.152104 0.427861 0.463381
ENSG00000158161.11 1 28415207 28415207 - 14 23546 1_internal_21459 1 28382398 28391661 156 155.634 1.01769 13.7426 1.67786e-06 0.38033 0.00497512 1.95062e-05
ENSG00000228589.2 1 28422933 28422933 - 14 489012 1_internal_16982 1 27790161 27933921 156 151.948 1.11272 16.3054 0.064264 0.149968 0.656716 0.638118
ENSG00000228943.1 1 28436250 28436250 + 14 -467946 1_internal_16082 1 27665122 27968304 156 153.684 0.96339 13.258 0.000447647 0.274884 0.00995025 0.00795696
ENSG00000214812.2 1 28447832 28447832 - 14 763454 1_internal_24409 1 27679843 27684378 156 169.985 0.910873 14.3629 0.00096999 -0.259986 0.0199005 0.0129832
ENSG00000252429.1 1 28470728 28470728 - 14 173523 1_internal_19957 1 28184337 28297205 156 149.541 0.928452 12.2039 0.0124496 0.202207 0.19403 0.189313
ENSG00000169403.7 1 28520447 28520447 - 13 223242 1_internal_19957 1 28184337 28297205 156 184.58 0.860233 14.7365 0.0660537 0.147155 0.547264 0.564987
ENSG00000269804.1 1 28527070 28527070 + 13 34531 1_internal_16173 1 28561601 28578086 156 168.325 1.01439 13.8308 5.16351e-08 0.420754 0.00497512 1.69587e-07
ENSG00000215902.1 1 28527152 28527152 - 13 -34449 1_internal_16173 1 28561601 28578086 156 178.075 0.896156 13.7902 1.3744e-05 0.318641 0.00497512 0.000136249
ENSG00000126698.5 1 28559536 28559536 - 13 -2065 1_internal_16173 1 28561601 28578086 156 159.748 1.05582 14.054 1.9323e-10 0.475896 0.00497512 5.20865e-10
ENSG00000130770.12 1 28562620 28562620 + 13 0 1_internal_16173 1 28561601 28578086 156 168.111 1.02803 15.022 1.83518e-07 0.414191 0.00497512 6.18185e-07
ENSG00000130766.4 1 28586038 28586038 + 13 -7952 1_internal_16173 1 28561601 28578086 156 160.448 1.00074 12.1581 3.44778e-05 0.306853 0.00497512 0.000321758
ENSG00000130772.9 1 28655513 28655513 + 13 -358308 1_internal_19957 1 28184337 28297205 156 144.605 1.15745 14.0191 0.136835 -0.116323 0.895522 0.873757
ENSG00000204138.8 1 28696114 28696114 + 12 0 1_internal_16906 1 28695348 28701007 156 155.36 0.935429 12.0584 7.70597e-07 0.384998 0.00497512 2.11065e-05
ENSG00000206779.1 1 28749166 28749166 - 12 171080 1_internal_16173 1 28561601 28578086 156 188.632 0.84082 15.281 0.034105 -0.169522 0.318408 0.34028
ENSG00000229820.2 1 28780052 28780052 + 12 -482847 1_internal_19957 1 28184337 28297205 156 154.614 1.01524 13.0099 0.0450901 -0.156061 0.457711 0.451275
ENSG00000221216.1 1 28807874 28807874 + 12 -229788 1_internal_16173 1 28561601 28578086 156 171.143 0.911137 11.3317 0.0472862 0.157435 0.402985 0.396635
ENSG00000180198.10 1 28832455 28832455 + 12 -254369 1_internal_16173 1 28561601 28578086 156 182.036 0.921069 15.6865 0.000965743 -0.270387 0.0149254 0.00878305
ENSG00000242125.1 1 28832492 28832492 + 12 -440831 1_internal_21459 1 28382398 28391661 156 177.648 0.966765 14.1799 0.00341043 -0.242955 0.0348259 0.0284983
ENSG00000201808.1 1 28833878 28833878 + 12 -442217 1_internal_21459 1 28382398 28391661 156 145.488 1.05755 10.1642 0.00513492 -0.232689 0.0547264 0.0568729
ENSG00000200087.1 1 28835071 28835071 + 12 -256985 1_internal_16173 1 28561601 28578086 156 146.859 1.02828 10.2391 0.185171 0.109964 0.880597 0.89162
ENSG00000238821.1 1 28843988 28843988 + 12 -265902 1_internal_16173 1 28561601 28578086 156 170.732 0.934821 13.6893 0.0196555 -0.181965 0.223881 0.208745
ENSG00000231468.1 1 28853741 28853741 - 12 -251515 1_internal_17447 1 29105256 29112714 156 158.605 0.947578 11.5442 0.00339451 0.220905 0.0597015 0.0432274
ENSG00000180098.5 1 28879597 28879597 + 12 -582392 1_internal_19957 1 28184337 28297205 156 143.447 1.03593 10.0446 0.202395 0.0999625 0.910448 0.914324
ENSG00000221539.1 1 28905334 28905334 - 12 204327 1_internal_16906 1 28695348 28701007 156 188.83 0.849748 16.0204 0.000861876 0.264903 0.0199005 0.00950213
ENSG00000207311.1 1 28906405 28906405 - 12 514744 1_internal_21459 1 28382398 28391661 156 161.271 1.05898 12.8125 0.152919 -0.118068 0.850746 0.855501
ENSG00000207314.1 1 28907024 28907024 - 12 206017 1_internal_16906 1 28695348 28701007 156 190.064 0.879758 13.2044 0.0318656 0.177104 0.253731 0.264076
ENSG00000207070.1 1 28907566 28907566 - 12 515905 1_internal_21459 1 28382398 28391661 156 145.854 1.02776 11.6367 0.0340475 -0.170228 0.393035 0.368432
ENSG00000197989.8 1 28909495 28909495 - 12 208488 1_internal_16906 1 28695348 28701007 156 170.122 0.985331 13.2652 0.0112499 0.207383 0.129353 0.106431
ENSG00000188060.6 1 28918712 28918712 + 12 -621507 1_internal_19957 1 28184337 28297205 156 143.34 1.01265 9.9848 0.0108276 -0.203673 0.109453 0.132556
ENSG00000120656.7 1 28969597 28969597 - 10 391511 1_internal_16173 1 28561601 28578086 156 144.94 1.0522 9.35283 0.140069 -0.121859 0.771144 0.777974
ENSG00000229388.1 1 28969740 28969740 + 10 135516 1_internal_17447 1 29105256 29112714 156 145.062 0.986469 8.54899 0.142845 0.115405 0.761194 0.773607
ENSG00000209804.1 1 28975112 28975112 + 10 -397026 1_internal_16173 1 28561601 28578086 156 137.536 1.12114 7.69909 0.0835845 -0.135246 0.547264 0.519732
ENSG00000162419.7 1 28995244 28995244 + 10 -527778 1_internal_17894 1 28448387 28467466 156 174.525 1.07642 11.906 0.094631 0.134114 0.587065 0.582582
ENSG00000252777.1 1 29016177 29016177 + 10 -438091 1_internal_16173 1 28561601 28578086 156 154.888 1.05365 10.2786 0.0291061 -0.176679 0.228856 0.243875
ENSG00000198492.10 1 29063133 29063133 + 10 -671472 1_internal_21459 1 28382398 28391661 156 158.3 0.967859 9.63171 0.159952 -0.111581 0.820896 0.815464
ENSG00000159023.14 1 29213603 29213603 + 10 25959 1_internal_17791 1 29239562 29293611 156 191.938 0.85126 11.2635 3.47426e-05 0.329917 0.00995025 0.000225799
ENSG00000225616.2 1 29309120 29309120 - 9 15509 1_internal_17791 1 29239562 29293611 156 172.986 0.789935 8.12265 0.0587046 -0.147961 0.412935 0.42789
ENSG00000206704.1 1 29312222 29312222 + 9 -844756 1_internal_17894 1 28448387 28467466 156 169.863 0.923848 10.2069 0.161158 -0.114364 0.791045 0.816102
ENSG00000253304.1 1 29450447 29450447 - 8 156836 1_internal_17791 1 29239562 29293611 156 164.364 0.962903 8.13872 0.00343308 0.235398 0.0348259 0.025116
ENSG00000225750.1 1 29473506 29473506 - 7 698747 1_internal_17235 1 28763331 28774759 156 166.024 1.0446 7.00507 0.0101803 0.207357 0.0597015 0.0474414
ENSG00000227637.1 1 29479001 29479001 + 7 -900915 1_internal_16173 1 28561601 28578086 156 150.485 1.03183 6.84073 0.122241 -0.126166 0.631841 0.598218
ENSG00000116350.10 1 29508499 29508499 - 7 733740 1_internal_17235 1 28763331 28774759 156 143.066 0.978025 6.32543 0.379691 -0.0731712 0.965174 0.96211
ENSG00000237934.1 1 29550445 29550445 + 7 -972359 1_internal_16173 1 28561601 28578086 156 150.333 0.956255 5.87363 0.0798564 -0.138542 0.39801 0.429363
ENSG00000116353.10 1 29557454 29557454 - 7 648047 1_internal_16949 1 28695520 28909407 156 136.409 1.05166 6.16722 0.00785201 -0.208577 0.0746269 0.0664679
ENSG00000060656.14 1 29563028 29563028 + 7 -653621 1_internal_16949 1 28695520 28909407 156 163.328 0.944815 7.3266 0.123954 -0.124745 0.61194 0.616683
ENSG00000186056.4 1 31190940 31190940 + 1 327783 1_internal_17016 1 31518723 31538076 156 175.805 0.999975 1.04606 0.728146 -0.0264376 0.726368 0.728133
ENSG00000162510.5 1 31196434 31196434 - 1 -322289 1_internal_17016 1 31518723 31538076 156 200.164 0.999982 1.21055 0.546129 -0.0491827 0.577114 0.561637
ENSG00000264773.1 1 31212079 31212079 - 1 -306644 1_internal_17016 1 31518723 31538076 156 174.967 1.00001 0.993667 0.89531 -0.0102246 0.885572 0.887592
ENSG00000162511.7 1 31230667 31230667 - 1 -288056 1_internal_17016 1 31518723 31538076 156 139.516 1.00002 1.0061 0.306398 0.0786261 0.358209 0.335145
ENSG00000162512.11 1 31381608 31381608 - 4 -137115 1_internal_17016 1 31518723 31538076 156 162.901 0.999954 3.57261 0.00987982 0.209793 0.0348259 0.0295988
ENSG00000200154.1 1 31408620 31408620 - 4 -879675 1_internal_20981 1 32288295 32430545 156 175.881 1.00003 4.1686 0.206312 -0.100661 0.567164 0.561749
ENSG00000202107.1 1 31422049 31422049 - 4 -885961 1_internal_16332 1 32308010 32323962 156 158.361 0.999988 3.89202 0.242987 -0.0927219 0.631841 0.655364
ENSG00000200181.1 1 31441083 31441083 - 4 -847212 1_internal_20981 1 32288295 32430545 156 177.679 0.99998 4.91106 0.0162345 -0.194075 0.0298507 0.0495664
ENSG00000237329.2 1 31509581 31509581 + 4 779722 1_internal_16179 1 32289303 32315397 156 144.361 1.00004 3.39876 0.473165 -0.0578561 0.880597 0.898723
ENSG00000232768.1 1 31523719 31523719 + 4 784291 1_internal_16332 1 32308010 32323962 156 179.095 1.00002 5.75426 0.12347 -0.124438 0.442786 0.450341
ENSG00000134644.11 1 31538838 31538838 - 4 762 1_internal_17016 1 31518723 31538076 156 152.374 0.999956 3.8126 0.390376 0.0699629 0.855721 0.853691
ENSG00000229447.2 1 31736528 31736528 - 4 -552775 1_internal_16179 1 32289303 32315397 156 147.652 1.00003 3.47525 0.403253 0.067499 0.845771 0.845902
ENSG00000060688.8 1 31769662 31769662 - 4 -518633 1_internal_20981 1 32288295 32430545 156 186.484 0.999967 4.46967 0.0124247 -0.193097 0.039801 0.0276751
ENSG00000121766.10 1 31769842 31769842 + 4 519461 1_internal_16179 1 32289303 32315397 156 148.718 0.999968 3.32014 0.100345 -0.130455 0.303483 0.317457
ENSG00000229044.1 1 31819646 31819646 - 4 -488364 1_internal_16332 1 32308010 32323962 156 154.949 1.00004 3.7357 0.152783 -0.112237 0.467662 0.465001
ENSG00000121769.3 1 31849697 31849697 - 4 -438598 1_internal_20981 1 32288295 32430545 156 134.382 1.00006 3.48904 0.221836 -0.0955914 0.646766 0.645227
ENSG00000168528.7 1 31882412 31882412 + 4 406891 1_internal_16179 1 32289303 32315397 156 165.263 0.999958 4.20628 0.151511 0.112855 0.487562 0.469403
ENSG00000268950.1 1 31902614 31902614 - 4 -386689 1_internal_16179 1 32289303 32315397 156 145.519 0.999946 3.62478 0.303881 0.0808433 0.716418 0.753915
ENSG00000223907.1 1 31984036 31984036 + 4 305267 1_internal_16179 1 32289303 32315397 156 161.759 1.00004 3.90654 0.200281 -0.0971751 0.577114 0.565485
ENSG00000121764.7 1 32083287 32083287 + 4 224723 1_internal_16332 1 32308010 32323962 156 172.148 0.999991 4.07936 0.0516603 -0.15093 0.159204 0.156652
ENSG00000264078.1 1 32110295 32110295 + 4 178000 1_internal_20981 1 32288295 32430545 156 135.677 0.999997 3.47016 0.0340225 -0.165621 0.189055 0.157248
ENSG00000162517.8 1 32110497 32110497 - 4 -197513 1_internal_16332 1 32308010 32323962 156 160.692 1.00002 4.04362 0.0552787 -0.158446 0.18408 0.193272
ENSG00000235790.2 1 32110590 32110590 + 4 177705 1_internal_20981 1 32288295 32430545 156 162.977 0.999973 4.083 0.224789 -0.100943 0.626866 0.627191
ENSG00000212673.1 1 32379174 32379174 + 4 -63777 1_internal_16179 1 32289303 32315397 156 184.976 1.00004 4.36876 0.280423 0.0860958 0.676617 0.698023
ENSG00000228634.1 1 32398621 32398621 + 4 0 1_internal_20981 1 32288295 32430545 156 129.614 0.99994 3.30668 0.521576 0.0508534 0.945274 0.933388
ENSG00000184007.11 1 32410457 32410457 - 4 95060 1_internal_16179 1 32289303 32315397 156 149.906 0.999972 4.06014 0.124515 0.128288 0.427861 0.437558
ENSG00000121774.12 1 32479430 32479430 + 4 -155468 1_internal_16332 1 32308010 32323962 156 176.947 0.999984 4.62229 0.014662 0.201279 0.0746269 0.042394
ENSG00000121775.13 1 32537632 32537632 + 4 -222235 1_internal_16179 1 32289303 32315397 156 188.784 1.00003 4.27622 0.385479 -0.0682401 0.825871 0.830383
ENSG00000203325.3 1 32539075 32539075 - 3 215113 1_internal_16332 1 32308010 32323962 156 168.645 0.999982 3.13533 0.569579 -0.0469186 0.920398 0.920632
ENSG00000025800.9 1 32573639 32573639 + 4 979410 1_internal_20531 1 33553049 33566450 156 167.456 0.999966 4.23975 0.47106 -0.0565842 0.925373 0.923825
ENSG00000250135.1 1 32636334 32636334 + 4 916715 1_internal_20531 1 33553049 33566450 156 159.763 1.00003 4.01107 0.260181 0.0939411 0.681592 0.692101
ENSG00000084652.11 1 32645287 32645287 + 4 -214742 1_internal_20981 1 32288295 32430545 156 149.19 0.999958 3.42718 0.0183372 -0.182679 0.0646766 0.0704303
ENSG00000160050.10 1 32665987 32665987 + 4 -342025 1_internal_16332 1 32308010 32323962 156 165.796 1 4.01651 0.121323 -0.125375 0.363184 0.374346
ENSG00000160051.7 1 32671236 32671236 + 4 -347274 1_internal_16332 1 32308010 32323962 156 162.018 0.999991 4.56088 0.451272 -0.0576297 0.930348 0.930477
ENSG00000224066.1 1 32672415 32672415 - 4 -880634 1_internal_20531 1 33553049 33566450 156 169.848 0.999997 4.54733 0.0114054 -0.184472 0.039801 0.0371202
ENSG00000222046.2 1 32674695 32674695 + 4 -359298 1_internal_16179 1 32289303 32315397 156 171.113 1.00004 4.37697 0.0855059 0.136766 0.273632 0.277814
ENSG00000084623.7 1 32687529 32687529 + 4 -256984 1_internal_20981 1 32288295 32430545 156 148.489 0.999985 4.19504 0.00442716 -0.209206 0.0298507 0.0228558
ENSG00000160055.15 1 32687972 32687972 - 4 372575 1_internal_16179 1 32289303 32315397 156 201.079 0.999998 5.60933 0.104297 0.130301 0.308458 0.314326
ENSG00000220785.3 1 32707221 32707221 - 4 -845828 1_internal_20531 1 33553049 33566450 156 177.663 0.999964 4.71548 0.0190994 -0.189616 0.0845771 0.0569961
ENSG00000182866.12 1 32716840 32716840 + 4 836209 1_internal_20531 1 33553049 33566450 156 164.409 0.999961 4.00677 0.0542043 0.154507 0.218905 0.179212
ENSG00000116478.7 1 32757687 32757687 + 4 -327142 1_internal_20981 1 32288295 32430545 156 181.67 1.00004 4.23142 0.0476177 -0.146282 0.159204 0.130522
ENSG00000175130.6 1 32801980 32801980 - 4 486583 1_internal_16179 1 32289303 32315397 156 131.046 0.999992 3.06314 0.713289 0.0283037 0.9801 0.983156
ENSG00000162526.6 1 32817122 32817122 + 4 -501725 1_internal_16179 1 32289303 32315397 156 153.014 0.999981 3.91697 0.65853 -0.0348214 0.995025 0.985655
ENSG00000225828.1 1 32829879 32829879 - 4 -723170 1_internal_20531 1 33553049 33566450 156 157.143 1.00005 3.96755 0.419639 -0.0649932 0.875622 0.883173
ENSG00000160058.14 1 32860332 32860332 - 5 429787 1_internal_20981 1 32288295 32430545 156 125.668 0.999949 3.86791 0.0701136 -0.143699 0.348259 0.346573
ENSG00000254553.1 1 32930658 32930658 + 5 911722 1_internal_16484 1 33842380 33862974 156 152.009 0.999951 4.5579 0.0580096 -0.149197 0.243781 0.2506
ENSG00000160062.9 1 33005028 33005028 + 5 837352 1_internal_16484 1 33842380 33862974 156 142.35 0.999935 4.63467 0.0720884 -0.14138 0.308458 0.340294
ENSG00000200591.1 1 33105552 33105552 + 5 -790155 1_internal_16179 1 32289303 32315397 156 167.822 1.00004 5.38769 0.0347619 0.171953 0.154229 0.144389
ENSG00000176261.10 1 33116504 33116504 - 5 801107 1_internal_16179 1 32289303 32315397 156 160.448 1.00003 4.48146 0.0215845 -0.180537 0.0845771 0.0856926
ENSG00000162521.12 1 33116743 33116743 + 5 436306 1_internal_20531 1 33553049 33566450 156 176.551 0.923251 5.3868 0.131718 -0.120503 0.492537 0.498297
ENSG00000162520.10 1 33169197 33169197 - 5 -383852 1_internal_20531 1 33553049 33566450 156 170.945 1.03605 6.03126 0.425336 -0.0652319 0.960199 0.953072
ENSG00000162522.6 1 33207486 33207486 + 5 -776941 1_internal_20981 1 32288295 32430545 156 158.955 1.00002 4.99406 0.0794828 0.136321 0.283582 0.328613
ENSG00000116497.13 1 33282368 33282368 + 5 270681 1_internal_20531 1 33553049 33566450 156 187.352 0.964643 5.69543 0.287784 0.0848238 0.78607 0.806167
ENSG00000134684.6 1 33283754 33283754 - 5 853209 1_internal_20981 1 32288295 32430545 156 150.302 1.00001 4.39399 0.116943 -0.12421 0.422886 0.440681
ENSG00000160097.10 1 33338083 33338083 - 3 -214966 1_internal_20531 1 33553049 33566450 156 169.284 1.00002 3.07622 0.172553 -0.108717 0.402985 0.404948
ENSG00000116514.12 1 33430286 33430286 - 3 -412094 1_internal_16484 1 33842380 33862974 156 142.518 1.00002 2.7176 0.136027 0.115842 0.38806 0.365735
ENSG00000267885.1 1 33439268 33439268 + 2 403112 1_internal_16484 1 33842380 33862974 156 133.819 1.00004 1.80375 0.381824 0.0683149 0.646766 0.623384
ENSG00000217644.4 1 33445543 33445543 + 2 396837 1_internal_16484 1 33842380 33862974 156 164.866 0.99998 2.18297 0.368424 0.0700242 0.616915 0.616206
ENSG00000239670.1 1 33452553 33452553 + 2 389827 1_internal_16484 1 33842380 33862974 156 160.189 0.999982 1.94687 0.730434 0.0279237 0.920398 0.920134
ENSG00000236065.2 1 33452676 33452676 + 2 389704 1_internal_16484 1 33842380 33862974 156 170.305 1.00003 2.08177 0.587188 -0.0410341 0.825871 0.827829
ENSG00000004455.12 1 33546597 33546597 - 2 -295783 1_internal_16484 1 33842380 33862974 156 146.174 0.99999 1.90394 0.490903 -0.0563372 0.746269 0.737784
ENSG00000142920.12 1 33546705 33546705 + 2 6344 1_internal_20531 1 33553049 33566450 156 164.288 1.00001 2.03561 0.038743 0.165575 0.0696517 0.0677936
ENSG00000116525.9 1 33647660 33647660 - 2 -194720 1_internal_16484 1 33842380 33862974 156 135.616 1.00004 1.70519 0.757961 0.0248096 0.910448 0.920764
ENSG00000160094.9 1 33722146 33722146 + 2 120234 1_internal_16484 1 33842380 33862974 156 155.375 1.00004 1.93224 0.0733973 -0.138293 0.164179 0.137994
ENSG00000256142.1 1 33764975 33764975 + 2 77405 1_internal_16484 1 33842380 33862974 156 170.031 0.999982 1.92636 0.392676 -0.0691285 0.587065 0.592031
ENSG00000225313.2 1 33772967 33772967 + 2 69413 1_internal_16484 1 33842380 33862974 156 155.985 1.00003 1.89378 0.0125956 0.1992 0.0348259 0.0237238
ENSG00000184389.7 1 33778491 33778491 - 2 -63889 1_internal_16484 1 33842380 33862974 156 155.513 1.00001 1.9296 3.0366e-08 0.433512 0.00497512 6.15664e-08
ENSG00000266239.1 1 33798093 33798093 - 2 231643 1_internal_20531 1 33553049 33566450 156 137.932 0.999967 1.77818 0.0491003 0.155585 0.129353 0.111524
ENSG00000222112.1 1 33802465 33802465 - 2 -39915 1_internal_16484 1 33842380 33862974 156 160.22 0.99997 2.17624 0.0542615 -0.150256 0.0945274 0.107871
ENSG00000233246.1 1 33815953 33815953 + 2 -249503 1_internal_20531 1 33553049 33566450 156 153.898 1.00001 2.19186 0.4168 -0.0657808 0.721393 0.696942
ENSG00000134686.12 1 33896653 33896653 - 2 330203 1_internal_20531 1 33553049 33566450 156 148.352 0.999986 2.13727 0.0225395 0.183906 0.0497512 0.0550098
ENSG00000121903.9 1 33938246 33938246 + 2 -371796 1_internal_20531 1 33553049 33566450 156 128.883 0.999967 1.68788 0.471753 0.0562092 0.701493 0.703321
ENSG00000230163.1 1 35316295 35316295 + 1 581886 1_internal_18135 1 35898181 36012025 156 165.887 0.999983 0.983946 0.0252474 0.171659 0.0149254 0.0206869
ENSG00000163866.8 1 35325417 35325417 - 1 -572764 1_internal_18135 1 35898181 36012025 156 153.867 1 1.06922 0.235622 -0.0943246 0.243781 0.253106
ENSG00000116544.7 1 35395186 35395186 - 1 -502995 1_internal_18135 1 35898181 36012025 156 155.878 1.00002 1.01827 0.490905 0.0570212 0.517413 0.497312
ENSG00000241014.1 1 35450914 35450914 - 1 -447267 1_internal_18135 1 35898181 36012025 156 156.244 0.999974 1.06138 0.363055 0.0697894 0.363184 0.380069
ENSG00000243749.1 1 35450954 35450954 - 1 -447227 1_internal_18135 1 35898181 36012025 156 143.051 1.00002 0.964908 0.00343125 -0.227091 0.00995025 0.00490474
ENSG00000163867.11 1 35497569 35497569 - 1 -400612 1_internal_18135 1 35898181 36012025 156 156.137 1.00002 0.96159 0.0237359 0.181568 0.0248756 0.0227733
ENSG00000197056.5 1 35525387 35525387 + 1 372794 1_internal_18135 1 35898181 36012025 156 154.355 1.00001 1.10492 0.0551551 0.147591 0.0646766 0.0621929
ENSG00000116560.6 1 35658749 35658749 - 1 -239432 1_internal_18135 1 35898181 36012025 156 162.414 0.999986 0.886583 0.0853805 0.134576 0.079602 0.0705364
ENSG00000146463.7 1 35734568 35734568 + 1 163613 1_internal_18135 1 35898181 36012025 156 149.937 0.999982 1.02896 0.185783 0.105545 0.20398 0.199633
ENSG00000240374.2 1 35758099 35758099 - 2 -140082 1_internal_18135 1 35898181 36012025 156 151.369 1.00003 1.8813 0.110855 -0.130115 0.218905 0.207538
ENSG00000201542.1 1 35775875 35775875 + 2 961650 1_internal_25186 1 36737525 36746421 156 151.978 1.00001 1.827 0.0873741 0.139699 0.144279 0.16093
ENSG00000229994.1 1 35816323 35816323 + 3 991329 1_internal_17469 1 36807652 36847853 156 137.597 0.999973 2.84758 0.0756385 -0.137568 0.208955 0.248112
ENSG00000227409.1 1 35831678 35831678 - 3 -66503 1_internal_18135 1 35898181 36012025 156 161.667 1.00001 3.06684 0.0121253 0.198258 0.0298507 0.0323212
ENSG00000202129.1 1 35893494 35893494 - 4 -4687 1_internal_18135 1 35898181 36012025 156 155.863 0.999982 3.93364 0.273445 -0.0870846 0.716418 0.715702
ENSG00000236274.1 1 35975343 35975343 + 4 0 1_internal_18135 1 35898181 36012025 156 161.652 0.999966 3.95995 0.098839 0.13197 0.293532 0.32035
ENSG00000020129.11 1 36023074 36023074 + 4 714451 1_internal_25186 1 36737525 36746421 156 181.761 0.999987 4.65468 0.0147754 0.190531 0.0746269 0.0389004
ENSG00000142687.11 1 36023551 36023551 - 4 11526 1_internal_18135 1 35898181 36012025 156 166.268 1.00004 3.9381 0.0228355 0.181781 0.0895522 0.0718867
ENSG00000116819.6 1 36038971 36038971 + 4 -26946 1_internal_18135 1 35898181 36012025 156 140.964 0.999973 4.02642 0.126496 -0.114022 0.477612 0.471361
ENSG00000239636.1 1 36043330 36043330 - 4 -694195 1_internal_25186 1 36737525 36746421 156 153.654 1.00001 4.16937 0.0306933 -0.174314 0.144279 0.12673
ENSG00000225306.1 1 36057977 36057977 + 4 -45952 1_internal_18135 1 35898181 36012025 156 145.153 0.999985 3.9927 0.0845014 -0.137466 0.328358 0.33207
ENSG00000126067.7 1 36107445 36107445 - 4 95420 1_internal_18135 1 35898181 36012025 156 166.42 1.00004 4.65748 0.0159038 -0.191481 0.079602 0.0580197
ENSG00000142686.7 1 36185073 36185073 - 4 173048 1_internal_18135 1 35898181 36012025 156 128.837 0.999981 3.01375 0.300763 0.0800157 0.726368 0.72341
ENSG00000232335.1 1 36204990 36204990 + 4 678195 1_internal_19335 1 36883185 36957138 156 155.802 0.999955 3.56786 0.0553053 -0.155695 0.18408 0.184207
ENSG00000092853.9 1 36235568 36235568 - 4 -647617 1_internal_19335 1 36883185 36957138 156 180.756 1.00004 4.30075 0.270874 -0.0910322 0.696517 0.685489
ENSG00000134698.10 1 36273773 36273773 + 4 463752 1_internal_25186 1 36737525 36746421 156 156.076 0.999981 3.85871 0.0323984 -0.176351 0.119403 0.119199
ENSG00000092847.6 1 36335409 36335409 + 4 -323384 1_internal_18135 1 35898181 36012025 156 175.988 1.00001 4.26455 0.00566197 0.21932 0.00995025 0.0139582
ENSG00000126070.12 1 36396319 36396319 + 4 341206 1_internal_25186 1 36737525 36746421 156 140.872 1.00002 3.34334 0.148072 -0.114084 0.462687 0.462283
ENSG00000232862.3 1 36547923 36547923 - 4 -259729 1_internal_17469 1 36807652 36847853 156 132.691 1.00005 3.11395 0.33907 0.0748027 0.78607 0.772105
ENSG00000092850.7 1 36549676 36549676 + 4 187849 1_internal_25186 1 36737525 36746421 156 155.071 0.999989 3.9843 0.111446 -0.12456 0.373134 0.378497
ENSG00000116863.9 1 36554476 36554476 + 4 183049 1_internal_25186 1 36737525 36746421 156 168.904 0.999964 3.97362 0.0535465 -0.157151 0.144279 0.165612
ENSG00000171812.6 1 36590821 36590821 - 4 578796 1_internal_18135 1 35898181 36012025 156 154.568 1 3.80752 0.349201 0.0765635 0.78607 0.807681
ENSG00000054116.7 1 36615098 36615098 - 4 603073 1_internal_18135 1 35898181 36012025 156 161.256 1.00003 3.84634 0.0989902 -0.129301 0.323383 0.314351
ENSG00000116871.11 1 36621180 36621180 + 4 -609155 1_internal_18135 1 35898181 36012025 156 202.785 1.00004 5.78291 0.453675 -0.0599747 0.940299 0.944125
ENSG00000054118.9 1 36690017 36690017 + 4 117635 1_internal_17469 1 36807652 36847853 156 152.786 1.00002 4.24688 0.168247 0.110069 0.562189 0.553001
ENSG00000231849.1 1 36707757 36707757 - 4 -99895 1_internal_17469 1 36807652 36847853 156 146.966 1.00004 3.86907 0.246404 -0.0952795 0.691542 0.689053
ENSG00000214193.5 1 36771988 36771988 + 4 111197 1_internal_19335 1 36883185 36957138 156 157.508 1.00002 3.68776 0.329258 -0.0798517 0.791045 0.767752
ENSG00000116883.7 1 36789335 36789335 + 4 -42914 1_internal_25186 1 36737525 36746421 156 163.968 1.00003 4.25608 0.193845 0.102541 0.577114 0.576496
ENSG00000142694.6 1 36789755 36789755 - 4 -17897 1_internal_17469 1 36807652 36847853 156 168.766 1.00003 3.78286 0.268707 0.0863232 0.656716 0.663046
ENSG00000196182.6 1 36851497 36851497 - 4 3644 1_internal_17469 1 36807652 36847853 156 185.098 1 4.77298 0.0781521 0.140473 0.233831 0.236442
ENSG00000181817.5 1 36863493 36863493 - 4 117072 1_internal_25186 1 36737525 36746421 156 147.834 1.00004 3.86639 0.183389 -0.102462 0.567164 0.56837
ENSG00000201448.1 1 36884179 36884179 - 4 872154 1_internal_18135 1 35898181 36012025 156 141.436 1.00001 3.91293 0.54918 -0.0488075 0.960199 0.962702
