ENSG00000213744.3 7 37415125 37415125 + 16 0 7_internal_8362 7 37370347 37477006 156 178.76 0.890682 19.2867 3.85514e-05 0.312797 0.00497512 0.000533201
ENSG00000200113.1 7 37459231 37459231 + 15 -616469 7_internal_8891 7 36770910 36842762 156 154.431 1.05554 14.266 0.0136458 -0.189604 0.174129 0.163928
ENSG00000201566.1 7 37474718 37474718 + 15 246363 7_internal_9395 7 37721081 37827345 156 162.368 0.949171 15.4523 0.0203676 -0.191866 0.303483 0.266594
ENSG00000155849.11 7 37488852 37488852 - 15 11846 7_internal_8362 7 37370347 37477006 156 149.541 0.963117 12.8125 7.02472e-14 0.549867 0.00497512 7.94485e-12
ENSG00000187037.4 7 37723399 37723399 + 13 0 7_internal_9980 7 37695777 37775372 156 160.464 0.944655 13.9581 3.38243e-05 0.328264 0.00497512 0.000576087
ENSG00000086289.7 7 37723446 37723446 + 13 -970976 7_internal_8109 7 36660654 36752470 156 157.478 0.929992 10.5154 0.0478146 -0.155046 0.422886 0.429939
ENSG00000225314.1 7 37860812 37860812 + 9 -85440 7_internal_9980 7 37695777 37775372 156 165.354 0.867663 6.98716 0.0026329 0.23921 0.0248756 0.0250251
ENSG00000086288.7 7 37888199 37888199 + 9 495622 7_internal_9520 7 38383821 38410796 156 152.786 1.03097 8.1614 0.0424072 0.159214 0.303483 0.297121
ENSG00000106483.7 7 38065297 38065297 - 8 -318524 7_internal_9520 7 38383821 38410796 156 149.327 1.00595 7.16812 0.0015268 0.245093 0.0199005 0.0133784
ENSG00000010270.9 7 38217824 38217824 + 8 58100 7_internal_11344 7 38275924 38283711 156 159.032 0.967556 8.59853 0.000202473 0.289147 0.00497512 0.00188315
ENSG00000227191.2 7 38289173 38289173 - 8 -4132 7_internal_12772 7 38293305 38382217 156 177.633 0.988921 9.88153 0.00320289 0.23779 0.0248756 0.0170686
ENSG00000211688.1 7 38295997 38295997 - 8 0 7_internal_12772 7 38293305 38382217 156 139.136 1.01471 5.95245 0.0734557 0.147607 0.442786 0.426491
ENSG00000211689.2 7 38305279 38305279 - 8 0 7_internal_12772 7 38293305 38382217 156 182.752 0.872161 8.97723 0.110859 0.126365 0.60199 0.605597
ENSG00000211694.2 7 38339923 38339923 - 8 564551 7_internal_9980 7 37695777 37775372 156 163.16 0.945288 6.95507 0.165733 0.111373 0.701493 0.713398
ENSG00000231916.1 7 38350984 38350984 + 8 0 7_internal_12772 7 38293305 38382217 156 160.951 1.04694 7.82425 0.108244 0.122928 0.567164 0.551535
ENSG00000211695.2 7 38358462 38358462 - 8 0 7_internal_8721 7 38288962 38361476 156 126.994 1.00002 5.68435 0.000735548 0.258588 0.0348259 0.0131585
ENSG00000225992.1 7 38362331 38362331 - 8 78620 7_internal_11344 7 38275924 38283711 156 143.904 1.07014 6.85381 0.352897 0.072563 0.945274 0.953651
ENSG00000211696.2 7 38370536 38370536 - 8 -13285 7_internal_9520 7 38383821 38410796 156 164.546 1.06631 10.1182 0.00724873 0.216755 0.039801 0.0462346
ENSG00000249978.1 7 38375115 38375115 - 8 -8706 7_internal_9520 7 38383821 38410796 156 164.577 1.05994 8.98172 0.000103055 0.305385 0.00497512 0.000373172
ENSG00000228668.1 7 38385100 38385100 - 8 0 7_internal_9520 7 38383821 38410796 156 161.789 0.979161 8.84538 4.04851e-15 0.580993 0.00497512 2.19683e-14
ENSG00000211697.2 7 38389623 38389623 - 8 0 7_internal_9520 7 38383821 38410796 156 167.06 1.02362 8.27304 1.99552e-26 0.726861 0.00497512 6.68323e-28
ENSG00000211698.2 7 38394118 38394118 - 8 0 7_internal_9520 7 38383821 38410796 156 163.937 1.07676 9.13393 1.24583e-28 0.755243 0.00497512 3.11306e-31
ENSG00000211699.2 7 38398763 38398763 - 8 0 7_internal_9520 7 38383821 38410796 156 145.763 1.03465 8.02173 6.58006e-19 0.653863 0.00497512 1.99456e-17
ENSG00000233306.2 7 38403119 38403119 - 8 0 7_internal_9520 7 38383821 38410796 156 151.704 1.06798 8.37535 4.83328e-06 0.373021 0.00497512 2.7368e-05
ENSG00000211701.2 7 38407770 38407770 - 8 0 7_internal_9520 7 38383821 38410796 156 173.504 0.999978 8.15936 4.86133e-15 0.592569 0.00497512 1.1957e-15
ENSG00000078053.12 7 38671167 38671167 - 7 260371 7_internal_9520 7 38383821 38410796 156 163.8 0.944737 6.49607 0.00254154 0.241588 0.0298507 0.0165822
ENSG00000227404.1 7 38694805 38694805 + 8 954171 7_internal_8864 7 39648976 39675737 156 143.691 1.09116 7.61061 0.0852262 -0.134209 0.517413 0.506087
ENSG00000164556.7 7 38726637 38726637 - 8 -952303 7_internal_9390 7 39678940 39719925 156 162.002 0.984426 7.48692 0.0277057 -0.174617 0.208955 0.17745
ENSG00000006715.11 7 38971994 38971994 - 6 589777 7_internal_12772 7 38293305 38382217 156 155.893 1.00713 6.03407 0.44146 -0.0630229 0.970149 0.969903
ENSG00000241127.3 7 39605975 39605975 + 2 72965 7_internal_9390 7 39678940 39719925 156 162.383 0.99998 2.06434 0.770442 0.0225087 0.955224 0.950092
ENSG00000236015.1 7 39609797 39609797 - 2 -69143 7_internal_9390 7 39678940 39719925 156 137.292 1.00002 1.97536 0.132228 0.112954 0.298507 0.287974
ENSG00000006451.3 7 39663082 39663082 + 2 0 7_internal_8864 7 39648976 39675737 156 169.117 0.999969 2.29667 0.754662 0.0253006 0.950249 0.956598
ENSG00000228554.1 7 39742895 39742895 - 2 22970 7_internal_9390 7 39678940 39719925 156 138.42 0.999964 1.71648 0.364515 0.0754481 0.567164 0.57567
ENSG00000188185.6 7 39773231 39773231 + 2 -53306 7_internal_9390 7 39678940 39719925 156 178.364 1.00001 2.31887 0.44428 0.0606181 0.721393 0.709571
ENSG00000226220.1 7 39837510 39837510 - 2 161773 7_internal_8864 7 39648976 39675737 156 144.224 0.999968 2.0022 0.044605 -0.157059 0.0945274 0.104265
ENSG00000233225.2 7 39872813 39872813 + 2 -197076 7_internal_8864 7 39648976 39675737 156 147.271 0.999981 1.9602 0.703401 0.0297486 0.905473 0.912526
ENSG00000175741.4 7 39894655 39894655 - 2 174730 7_internal_9390 7 39678940 39719925 156 170 0.999978 1.98101 0.119894 -0.126033 0.19403 0.196291
ENSG00000259826.1 7 39989354 39989354 - 2 313617 7_internal_8864 7 39648976 39675737 156 137.216 1.00005 1.86267 0.181594 -0.103588 0.358209 0.355888
ENSG00000065883.10 7 39989636 39989636 + 2 -313899 7_internal_8864 7 39648976 39675737 156 135.586 1.00001 1.73788 0.371626 -0.0755381 0.58209 0.594358
ENSG00000199273.1 7 40167831 40167831 - 2 447906 7_internal_9390 7 39678940 39719925 156 169.833 1.00001 2.08065 0.0081389 -0.20757 0.0149254 0.0119358
ENSG00000168303.5 7 40174258 40174258 - 2 454333 7_internal_9390 7 39678940 39719925 156 174.159 0.999974 2.02027 0.311114 0.08001 0.502488 0.491448
ENSG00000175600.10 7 40174575 40174575 + 2 -454650 7_internal_9390 7 39678940 39719925 156 154.233 0.999962 1.87481 0.109464 -0.126855 0.228856 0.19881
ENSG00000224116.2 7 41733514 41733514 + 0 NA NA NA NA NA NA NA NA NA NA NA NA NA
ENSG00000122641.9 7 41742706 41742706 - 0 NA NA NA NA NA NA NA NA NA NA NA NA NA
ENSG00000261019.1 7 42942238 42942238 - 2 -755569 7_internal_8991 7 43697807 43705947 156 171.63 1.00003 2.01497 0.0584512 0.152068 0.109453 0.0926883
ENSG00000136197.7 7 42951904 42951904 - 2 -745903 7_internal_8991 7 43697807 43705947 156 142.198 1.00003 2.08613 0.479927 -0.0562025 0.756219 0.764572
ENSG00000234983.1 7 42958340 42958340 + 2 680866 7_internal_11130 7 43639206 43740082 156 145.808 1.00001 2.07693 0.265596 0.0892963 0.512438 0.497233
ENSG00000256646.3 7 42971773 42971773 - 2 -667433 7_internal_11130 7 43639206 43740082 156 147.362 0.999969 2.03928 0.623947 0.0388742 0.880597 0.871057
ENSG00000106591.3 7 42971799 42971799 + 2 726008 7_internal_8991 7 43697807 43705947 156 145.031 0.999988 1.95614 0.249239 0.0893815 0.477612 0.454833
ENSG00000106588.6 7 42971822 42971822 - 2 -667384 7_internal_11130 7 43639206 43740082 156 160.646 0.999985 2.01184 0.479411 0.0561516 0.751244 0.724288
ENSG00000164543.5 7 43622357 43622357 + 4 75450 7_internal_8991 7 43697807 43705947 156 133.682 0.999943 3.18388 0.0791956 0.137332 0.308458 0.29574
ENSG00000106603.12 7 43769316 43769316 - 5 63369 7_internal_8991 7 43697807 43705947 156 154.903 1.00002 5.17861 0.0411704 0.166599 0.233831 0.198768
ENSG00000106605.6 7 43798279 43798279 + 5 -92332 7_internal_8991 7 43697807 43705947 156 138.465 0.999967 4.71662 0.000976873 0.266566 0.0149254 0.00892486
ENSG00000229497.1 7 43806889 43806889 + 5 271632 7_internal_9028 7 44078521 44093214 156 145.732 0.999974 4.51872 0.195989 -0.109699 0.666667 0.658148
ENSG00000062582.9 7 43909492 43909492 - 7 -115870 7_internal_8951 7 44025362 44081576 156 156.183 1.08868 8.11263 0.275332 -0.0884383 0.895522 0.915111
ENSG00000237972.1 7 43958296 43958296 + 7 688378 7_internal_9910 7 44646674 44682323 156 152.953 0.925341 5.80034 0.0425895 -0.165978 0.278607 0.264916
ENSG00000106608.12 7 43966010 43966010 - 7 225928 7_internal_11130 7 43639206 43740082 156 145.519 1.11044 7.01391 0.00195738 -0.239862 0.00995025 0.0120244
ENSG00000078967.6 7 43966037 43966037 + 7 680637 7_internal_9910 7 44646674 44682323 156 178.136 1.07037 9.54512 0.123993 0.125103 0.631841 0.606027
ENSG00000241057.1 7 44012924 44012924 - 8 306977 7_internal_8991 7 43697807 43705947 156 161.713 0.97993 8.75911 0.0101751 0.205899 0.0945274 0.0797193
ENSG00000239556.1 7 44029806 44029806 - 8 0 7_internal_8951 7 44025362 44081576 156 144.864 0.99076 8.26257 1.29666e-09 -0.457399 0.00497512 4.86925e-08
ENSG00000136206.3 7 44040488 44040488 + 8 969401 7_internal_8898 7 45009889 45084619 156 167.213 1.0832 9.85121 0.011333 0.210257 0.079602 0.0652866
ENSG00000228434.1 7 44047465 44047465 - 8 0 7_internal_8951 7 44025362 44081576 156 165.384 1.04006 9.37908 0.011107 -0.197952 0.0696517 0.0718793
ENSG00000214783.4 7 44058774 44058774 - 8 0 7_internal_8951 7 44025362 44081576 156 158.514 0.928443 6.89671 0.0218089 -0.181139 0.164179 0.158973
ENSG00000235314.1 7 44078770 44078770 + 8 0 7_internal_8951 7 44025362 44081576 156 166.314 0.987755 9.07712 4.56659e-06 0.348948 0.00497512 2.29894e-05
ENSG00000228903.2 7 44081491 44081491 - 8 0 7_internal_8951 7 44025362 44081576 156 161.225 1.03055 8.29057 2.75542e-08 0.417843 0.00497512 8.16211e-08
ENSG00000136279.13 7 44084232 44084232 + 8 -2656 7_internal_8951 7 44025362 44081576 156 154.736 1.03461 9.2848 0.0191753 0.182476 0.149254 0.156531
ENSG00000239775.1 7 44104507 44104507 + 8 779085 7_internal_8014 7 44883592 44927758 156 159.885 0.956513 7.27801 0.0492051 -0.153175 0.333333 0.312443
ENSG00000164708.5 7 44105186 44105186 - 8 -541488 7_internal_9910 7 44646674 44682323 156 150.257 0.945821 6.74487 0.0607697 -0.145264 0.393035 0.393661
ENSG00000122678.10 7 44122139 44122139 - 8 40563 7_internal_8951 7 44025362 44081576 156 133.179 1.17396 7.36537 0.000968322 -0.255175 0.00995025 0.00773148
ENSG00000106624.4 7 44143960 44143960 + 8 752524 7_internal_8143 7 44896484 44955504 156 135.098 0.973361 6.30624 0.014128 -0.18797 0.134328 0.141778
ENSG00000106628.6 7 44163957 44163957 - 9 -981449 7_internal_8598 7 45145406 45299952 156 155.619 1.07009 9.52386 0.0635967 0.147001 0.437811 0.43455
ENSG00000106636.3 7 44240567 44240567 + 9 -534620 7_internal_8991 7 43697807 43705947 156 163.77 0.997304 8.75049 0.0152398 -0.184756 0.119403 0.108148
ENSG00000058404.15 7 44374176 44374176 - 9 -272498 7_internal_9910 7 44646674 44682323 156 129.279 1.09948 7.41929 0.0207562 0.17402 0.20398 0.196373
ENSG00000146677.6 7 44507441 44507441 + 9 -425865 7_internal_8951 7 44025362 44081576 156 148.688 1.03866 8.50372 0.369993 0.0705643 0.985075 0.981882
ENSG00000015676.12 7 44530479 44530479 - 9 -353113 7_internal_8014 7 44883592 44927758 156 156.914 1.10266 9.72423 0.0109383 0.204452 0.0597015 0.0754439
ENSG00000136271.6 7 44614650 44614650 - 9 -395239 7_internal_8898 7 45009889 45084619 156 146.189 1.04927 9.41031 0.200976 -0.105609 0.885572 0.89028
ENSG00000158604.10 7 44621886 44621886 - 9 -274598 7_internal_8143 7 44896484 44955504 156 167.67 1.00539 10.3193 0.0447271 0.15869 0.338308 0.322862
ENSG00000105953.10 7 44646171 44646171 + 9 503 7_internal_9910 7 44646674 44682323 156 160.327 0.991511 10.0248 0.0145513 0.196833 0.109453 0.127715
ENSG00000122515.10 7 44788180 44788180 + 7 -105857 7_internal_9910 7 44646674 44682323 156 177.343 0.888854 6.91513 0.014085 0.186861 0.0995025 0.0843549
ENSG00000196262.9 7 44836279 44836279 + 7 -153956 7_internal_9910 7 44646674 44682323 156 143.508 1.1186 6.69616 0.416409 -0.0613668 0.965174 0.97323
ENSG00000105968.14 7 44887682 44887682 - 7 0 7_internal_8014 7 44883592 44927758 156 145.641 0.994093 6.82381 0.0460076 0.152155 0.333333 0.317457
ENSG00000234183.1 7 44888015 44888015 + 7 8469 7_internal_8143 7 44896484 44955504 156 150.104 1.0529 6.85421 0.00274961 0.213937 0.0199005 0.0180507
ENSG00000264326.1 7 44921399 44921399 - 7 0 7_internal_8143 7 44896484 44955504 156 156.122 1.02871 6.59812 0.00119197 0.245362 0.00497512 0.00672017
ENSG00000146676.5 7 44924960 44924960 - 7 0 7_internal_8014 7 44883592 44927758 156 161.652 1.00584 6.55376 0.000793876 0.257414 0.00497512 0.00402787
ENSG00000260997.1 7 45000508 45000508 - 7 -9381 7_internal_8898 7 45009889 45084619 156 145.458 1.10391 7.35825 0.0438963 0.15772 0.318408 0.278721
ENSG00000136286.10 7 45018697 45018697 - 7 0 7_internal_8898 7 45009889 45084619 156 163.145 1.05827 9.0465 0.0324147 0.166961 0.238806 0.208515
ENSG00000206942.1 7 45025109 45025109 - 7 0 7_internal_8898 7 45009889 45084619 156 199.266 0.816037 7.88143 0.00141618 0.24546 0.00995025 0.00778187
ENSG00000232956.3 7 45026560 45026560 - 7 0 7_internal_8898 7 45009889 45084619 156 148.748 1.00002 5.39516 0.000222557 0.277414 0.00497512 0.00168383
ENSG00000136280.11 7 45039074 45039074 + 7 -111316 7_internal_8014 7 44883592 44927758 156 172.255 1.08519 8.52326 0.0876094 0.137796 0.472637 0.43512
ENSG00000136274.8 7 45128513 45128513 - 5 200755 7_internal_8014 7 44883592 44927758 156 145.001 0.999969 4.8418 0.0462593 -0.154491 0.228856 0.238442
ENSG00000206838.1 7 45144081 45144081 - 5 461758 7_internal_9910 7 44646674 44682323 156 172.087 0.999979 4.9813 0.0212015 -0.180861 0.104478 0.0748364
ENSG00000201772.1 7 45144641 45144641 - 5 462318 7_internal_9910 7 44646674 44682323 156 157.066 1.033 5.79964 0.309924 -0.078419 0.855721 0.876136
ENSG00000200656.1 7 45145698 45145698 - 5 61079 7_internal_8898 7 45009889 45084619 156 169.406 1.00137 5.63396 0.0577453 0.144355 0.208955 0.241297
ENSG00000136270.9 7 45151646 45151646 - 5 469323 7_internal_9910 7 44646674 44682323 156 171.813 0.926141 5.53874 0.00933917 0.194772 0.0547264 0.0455688
ENSG00000122679.4 7 45197390 45197390 + 5 -112771 7_internal_8898 7 45009889 45084619 156 181.243 0.980283 6.11355 0.0229436 -0.181628 0.0895522 0.088504
ENSG00000164742.10 7 45613739 45613739 + 5 -313787 7_internal_8598 7 45145406 45299952 156 154.598 1.00003 4.53544 0.147699 0.114804 0.522388 0.520299
ENSG00000214765.4 7 45808617 45808617 - 4 880859 7_internal_8014 7 44883592 44927758 156 166.161 0.999953 3.98442 0.403703 -0.0663365 0.860697 0.859342
ENSG00000234536.1 7 45813194 45813194 + 4 -885436 7_internal_8014 7 44883592 44927758 156 172.057 1.00001 3.80131 0.00918775 0.205341 0.0447761 0.0234216
ENSG00000146674.9 7 45961473 45961473 - 2 661521 7_internal_8598 7 45145406 45299952 156 142.289 0.999957 1.77493 0.109636 -0.12745 0.223881 0.21358
ENSG00000136205.12 7 47622156 47622156 - 0 NA NA NA NA NA NA NA NA NA NA NA NA NA
ENSG00000158683.3 7 47988088 47988088 - 0 NA NA NA NA NA NA NA NA NA NA NA NA NA
ENSG00000225507.1 7 47996390 47996390 + 0 NA NA NA NA NA NA NA NA NA NA NA NA NA
ENSG00000136273.7 7 48019178 48019178 - 0 NA NA NA NA NA NA NA NA NA NA NA NA NA
ENSG00000164746.9 7 48075108 48075108 + 0 NA NA NA NA NA NA NA NA NA NA NA NA NA
ENSG00000183696.9 7 48128225 48128225 + 0 NA NA NA NA NA NA NA NA NA NA NA NA NA
ENSG00000179869.10 7 48211055 48211055 + 0 NA NA NA NA NA NA NA NA NA NA NA NA NA
ENSG00000185811.12 7 50343720 50343720 + 6 -210517 7_internal_10254 7 50106954 50133203 156 158.3 0.931264 6.20434 0.0398216 -0.163012 0.278607 0.244243
ENSG00000132436.7 7 50518088 50518088 - 6 73262 7_internal_8262 7 50299038 50444826 156 193.065 0.923299 6.95127 0.492149 0.0541803 0.99005 0.985589
ENSG00000106070.13 7 50861159 50861159 - 6 0 7_internal_11570 7 50764522 51190307 156 157.386 1.04383 7.14225 1.33046e-07 0.398475 0.00497512 4.45473e-07
ENSG00000234707.2 7 54827118 54827118 + 5 702291 7_internal_9585 7 55529409 55665691 156 145.778 1.00002 5.29392 0.0263472 0.177396 0.159204 0.157277
ENSG00000132432.9 7 54827667 54827667 - 5 -703672 7_internal_9271 7 55531339 55606179 156 161.088 0.999989 4.95722 0.359092 0.0737103 0.890547 0.883024
ENSG00000132434.5 7 55433141 55433141 + 5 98198 7_internal_9271 7 55531339 55606179 156 179.903 0.999977 5.2138 0.0389509 0.160076 0.144279 0.131018
ENSG00000154978.8 7 55640681 55640681 - 5 1009 7_internal_8739 7 55576369 55639672 156 162.718 1.00002 5.12222 9.33151e-14 0.545872 0.00497512 1.41145e-13
ENSG00000223475.1 7 55640864 55640864 + 5 0 7_internal_12018 7 55594042 55651076 156 190.536 0.999998 5.20298 0.213302 0.0996601 0.626866 0.618042
ENSG00000249773.3 7 55954970 55954970 + 5 -303894 7_internal_12018 7 55594042 55651076 156 139.12 1 4.12726 0.281425 0.0826471 0.766169 0.782696
ENSG00000178665.10 7 55955169 55955169 + 5 -315497 7_internal_8739 7 55576369 55639672 156 159.169 0.999994 4.53523 0.338058 -0.076806 0.830846 0.840843
ENSG00000265676.1 7 55960419 55960419 + 5 -309343 7_internal_12018 7 55594042 55651076 156 171.859 1.00003 4.74023 0.125037 -0.121611 0.447761 0.416198
ENSG00000146729.5 7 56019486 56019486 + 5 -413307 7_internal_9271 7 55531339 55606179 156 158.757 0.999951 5.05059 0.030644 0.172775 0.159204 0.139036
ENSG00000239789.1 7 56019512 56019512 + 5 -472736 7_internal_8955 7 55506033 55546776 156 157.6 0.999984 4.77648 0.173202 -0.107667 0.572139 0.591726
ENSG00000146733.9 7 56119297 56119297 - 5 572521 7_internal_8955 7 55506033 55546776 156 151.917 1.00003 4.46648 0.562089 0.0476548 0.9801 0.976275
ENSG00000146731.6 7 56119323 56119323 + 5 -513144 7_internal_9271 7 55531339 55606179 156 187.931 0.976818 5.96655 0.0295025 -0.175825 0.109453 0.102594
ENSG00000206603.1 7 56123058 56123058 + 5 -457367 7_internal_9585 7 55529409 55665691 156 186.911 0.900652 5.64189 0.0168077 -0.194692 0.0746269 0.0680381
ENSG00000207168.1 7 56128163 56128163 + 5 -581387 7_internal_8955 7 55506033 55546776 156 159.946 1.00005 5.29471 0.163267 0.111122 0.587065 0.597744
ENSG00000129103.13 7 56131695 56131695 + 5 -466004 7_internal_9585 7 55529409 55665691 156 153.654 1.00002 4.41509 0.388509 0.0713522 0.890547 0.888936
ENSG00000164776.5 7 56160689 56160689 - 5 494998 7_internal_9585 7 55529409 55665691 156 117.366 1.00002 3.65137 0.79613 -0.0214419 1 0.998197
ENSG00000238673.1 7 56168352 56168352 + 5 -517276 7_internal_12018 7 55594042 55651076 156 140.933 0.999954 4.33639 0.349303 -0.0732997 0.845771 0.868614
ENSG00000106153.12 7 56174269 56174269 - 5 534597 7_internal_8739 7 55576369 55639672 156 141.863 0.999984 4.60464 0.276288 0.0811231 0.771144 0.805533
ENSG00000235095.1 7 57218054 57218054 - 1 -747168 7_internal_8099 7 57965222 57993126 156 162.566 1.00001 1.09741 0.964221 -0.00356583 0.970149 0.973541
ENSG00000226342.1 7 63370831 63370831 - 1 0 7_internal_8161 7 63360324 63387964 156 142.32 0.999967 0.982929 1.23516e-08 0.426701 0.00497512 5.28296e-08
ENSG00000214652.3 7 63505821 63505821 + 1 -117857 7_internal_8161 7 63360324 63387964 156 134.855 0.999959 0.873802 3.45686e-13 0.515962 0.00497512 1.18541e-11
ENSG00000257482.3 7 63505821 63505821 + 1 -117857 7_internal_8161 7 63360324 63387964 156 148.779 0.999989 0.968579 1.07302e-10 0.463305 0.00497512 2.79906e-10
ENSG00000234444.3 7 63767837 63767837 + 1 -379873 7_internal_8161 7 63360324 63387964 156 128.609 1.00001 0.944505 0.193219 -0.100982 0.238806 0.226044
ENSG00000227986.1 7 63815456 63815456 + 1 -427492 7_internal_8161 7 63360324 63387964 156 158.255 0.999991 1.06941 0.0946259 -0.131526 0.0845771 0.0983477
ENSG00000228653.2 7 63961203 63961203 + 1 -573239 7_internal_8161 7 63360324 63387964 156 191.542 1.00001 1.06625 0.379875 -0.0708254 0.328358 0.347949
ENSG00000223974.1 7 64011876 64011876 + 1 -623912 7_internal_8161 7 63360324 63387964 156 149.145 1.00003 0.996669 0.704891 0.0303344 0.716418 0.709966
ENSG00000173041.7 7 64023484 64023484 - 1 635520 7_internal_8161 7 63360324 63387964 156 142.639 0.999974 0.914329 0.423032 -0.0650787 0.39801 0.415033
ENSG00000196247.7 7 64126511 64126511 + 1 -738547 7_internal_8161 7 63360324 63387964 156 146.296 0.999985 0.858848 0.912601 -0.00864109 0.890547 0.880067
ENSG00000197008.5 7 64254766 64254766 + 1 -866802 7_internal_8161 7 63360324 63387964 156 178.044 1.00001 0.901142 0.974631 0.00256316 0.965174 0.961275
ENSG00000234338.1 7 64297260 64297260 - 1 909296 7_internal_8161 7 63360324 63387964 156 147.012 1.00004 1.03176 0.651973 -0.0374391 0.676617 0.672972
ENSG00000198039.7 7 64330550 64330550 + 1 -942586 7_internal_8161 7 63360324 63387964 156 157.204 1.00001 0.99875 0.825155 0.0175471 0.830846 0.824108
ENSG00000189316.3 7 64350478 64350478 - 1 962514 7_internal_8161 7 63360324 63387964 156 135.601 1.00003 1.03877 0.0788364 0.144236 0.104478 0.1051
ENSG00000223476.1 7 64393651 64393651 + 0 NA NA NA NA NA NA NA NA NA NA NA NA NA
ENSG00000152926.9 7 64467062 64467062 - 0 NA NA NA NA NA NA NA NA NA NA NA NA NA
ENSG00000213462.4 7 64467121 64467121 - 0 NA NA NA NA NA NA NA NA NA NA NA NA NA
ENSG00000234585.2 7 64498732 64498732 + 0 NA NA NA NA NA NA NA NA NA NA NA NA NA
ENSG00000239985.2 7 64498750 64498750 + 0 NA NA NA NA NA NA NA NA NA NA NA NA NA
ENSG00000207344.1 7 64526377 64526377 + 0 NA NA NA NA NA NA NA NA NA NA NA NA NA
ENSG00000227113.2 7 64535401 64535401 + 0 NA NA NA NA NA NA NA NA NA NA NA NA NA
ENSG00000226002.1 7 64544481 64544481 + 0 NA NA NA NA NA NA NA NA NA NA NA NA NA
ENSG00000164669.7 7 64601603 64601603 + 0 NA NA NA NA NA NA NA NA NA NA NA NA NA
ENSG00000146757.9 7 64838712 64838712 + 1 773486 7_internal_11935 7 65612198 65617412 156 190.75 0.999978 1.04009 0.553167 0.0490567 0.497512 0.525703
ENSG00000232270.2 7 65112777 65112777 + 2 943325 7_internal_8492 7 66056102 66207116 156 157.493 0.999969 1.86972 0.236866 0.0981288 0.402985 0.393452
ENSG00000228409.1 7 65216129 65216129 + 2 839973 7_internal_8492 7 66056102 66207116 156 154.736 0.999967 1.97195 0.00893985 -0.211757 0.0199005 0.0181073
ENSG00000206634.1 7 65220513 65220513 + 2 391685 7_internal_11935 7 65612198 65617412 156 148.688 0.999954 2.02459 0.674615 0.0344133 0.895522 0.901646
ENSG00000224316.1 7 65238607 65238607 + 2 373591 7_internal_11935 7 65612198 65617412 156 141.162 1.00005 1.95454 0.0646838 -0.147306 0.144279 0.14839
ENSG00000196715.4 7 65338254 65338254 + 2 273944 7_internal_11935 7 65612198 65617412 156 163.998 0.999963 2.01411 0.0698125 -0.14988 0.134328 0.122853
ENSG00000169919.11 7 65447301 65447301 - 2 -608801 7_internal_8492 7 66056102 66207116 156 153.898 1.00005 2.18526 0.121439 -0.120211 0.268657 0.251171
ENSG00000126522.11 7 65540785 65540785 + 2 515317 7_internal_8492 7 66056102 66207116 156 131.96 1.00004 1.93131 0.137875 -0.116113 0.318408 0.306247
ENSG00000249319.1 7 65552756 65552756 + 2 59442 7_internal_11935 7 65612198 65617412 156 196.904 1.00001 2.23506 0.383323 0.0674183 0.60199 0.587602
ENSG00000241258.2 7 65579591 65579591 + 3 476511 7_internal_8492 7 66056102 66207116 156 117.168 0.999987 2.0584 0.113645 0.127998 0.343284 0.319551
ENSG00000234185.2 7 65629998 65629998 - 3 -939579 7_internal_8483 7 66569577 66629265 156 154.705 0.999962 3.09403 0.266475 -0.0909671 0.636816 0.619894
ENSG00000169902.9 7 65670186 65670186 + 3 -52774 7_internal_11935 7 65612198 65617412 156 152.161 0.999978 2.85389 0.000187648 0.299989 0.00497512 0.000643257
ENSG00000179406.6 7 65866325 65866325 - 3 -189777 7_internal_8492 7 66056102 66207116 156 157.737 0.999955 3.14925 0.232103 0.0965263 0.572139 0.560076
ENSG00000251451.1 7 65874226 65874226 - 3 -695351 7_internal_8483 7 66569577 66629265 156 138.602 1.00002 2.7293 0.143006 0.11982 0.39801 0.393644
ENSG00000231234.1 7 65888880 65888880 - 3 271468 7_internal_11935 7 65612198 65617412 156 146.387 1.00003 2.755 0.059785 0.151187 0.169154 0.176983
ENSG00000236928.2 7 65900465 65900465 - 3 -669112 7_internal_8483 7 66569577 66629265 156 147.286 1.00003 2.72455 0.119439 -0.128637 0.318408 0.316403
ENSG00000267941.1 7 65939543 65939543 + 3 630034 7_internal_8483 7 66569577 66629265 156 152.405 0.999996 2.91359 0.0418981 -0.166138 0.104478 0.12378
ENSG00000244657.1 7 65951519 65951519 - 3 334107 7_internal_11935 7 65612198 65617412 156 154.507 1.00001 2.78241 0.501863 -0.0556407 0.855721 0.857799
ENSG00000230189.2 7 65955046 65955046 - 3 -101056 7_internal_8492 7 66056102 66207116 156 146.875 0.999964 2.82775 0.580643 0.0450296 0.935323 0.920726
ENSG00000244510.1 7 65955095 65955095 - 3 -101007 7_internal_8492 7 66056102 66207116 156 152.1 1.00003 3.17085 0.0899531 0.139481 0.278607 0.268959
ENSG00000223473.1 7 65958553 65958553 - 3 -97549 7_internal_8492 7 66056102 66207116 156 145.504 0.999955 2.81733 0.234936 0.0945461 0.532338 0.557716
ENSG00000237310.1 7 65958693 65958693 + 3 97409 7_internal_8492 7 66056102 66207116 156 158.971 1.00002 3.07072 0.013638 0.18999 0.039801 0.0386956
ENSG00000234500.1 7 65976543 65976543 + 3 593034 7_internal_8483 7 66569577 66629265 156 160.738 0.999977 3.24328 0.0419822 -0.163888 0.149254 0.120978
ENSG00000229180.3 7 66007536 66007536 - 3 -562041 7_internal_8483 7 66569577 66629265 156 156.838 1.00004 3.07894 0.176337 -0.108559 0.442786 0.447294
ENSG00000232491.1 7 66021203 66021203 + 3 -403791 7_internal_11935 7 65612198 65617412 156 162.49 1.00002 2.71982 0.0221026 -0.175945 0.0646766 0.0521434
ENSG00000177418.1 7 66022349 66022349 - 3 404937 7_internal_11935 7 65612198 65617412 156 147.971 1.00002 2.66101 0.0330708 -0.168673 0.104478 0.0978054
ENSG00000232559.2 7 66057373 66057373 - 3 -512204 7_internal_8483 7 66569577 66629265 156 159.976 1.00002 2.91012 0.0151398 -0.197003 0.039801 0.0399085
ENSG00000225573.3 7 66072094 66072094 - 3 -497483 7_internal_8483 7 66569577 66629265 156 139.791 1.00005 2.69501 0.149019 0.121454 0.412935 0.398727
ENSG00000243335.4 7 66093868 66093868 + 3 0 7_internal_8492 7 66056102 66207116 156 157.752 0.999962 3.09435 2.72869e-05 0.314569 0.00497512 7.61042e-05
ENSG00000226824.2 7 66119525 66119525 + 3 450052 7_internal_8483 7 66569577 66629265 156 180.786 1.00004 3.39269 0.0287644 0.18323 0.079602 0.0615292
ENSG00000154710.9 7 66205720 66205720 + 3 -588308 7_internal_11935 7 65612198 65617412 156 167.761 1.00002 3.11873 0.0563168 -0.151047 0.129353 0.141563
ENSG00000238841.1 7 66255451 66255451 - 3 48335 7_internal_8492 7 66056102 66207116 156 165.689 1.00001 3.37854 0.168983 0.104985 0.452736 0.436811
ENSG00000230583.2 7 66309813 66309813 - 3 692401 7_internal_11935 7 65612198 65617412 156 160.662 0.999963 2.78893 0.301476 -0.0836969 0.60199 0.621795
ENSG00000232546.1 7 66313483 66313483 + 3 -106367 7_internal_8492 7 66056102 66207116 156 159.854 0.99999 3.56533 0.0192819 0.186194 0.0696517 0.0621757
ENSG00000230295.1 7 66345695 66345695 + 3 -138579 7_internal_8492 7 66056102 66207116 156 183.711 0.999985 3.31969 0.0277194 0.17828 0.0895522 0.0549466
ENSG00000106609.11 7 66386212 66386212 + 3 -768800 7_internal_11935 7 65612198 65617412 156 198.748 0.999967 4.17911 0.278902 -0.0847101 0.651741 0.648778
ENSG00000264761.1 7 66445107 66445107 + 3 -827695 7_internal_11935 7 65612198 65617412 156 137.719 1.00001 2.86839 0.017203 -0.183655 0.0497512 0.0706619
ENSG00000198874.7 7 66460160 66460160 + 3 109417 7_internal_8483 7 66569577 66629265 156 122.576 1.00001 2.3926 0.00018454 -0.294348 0.00497512 0.00220565
ENSG00000126524.4 7 66460635 66460635 - 3 -108942 7_internal_8483 7 66569577 66629265 156 156.945 0.999962 3.17589 0.534317 0.0488884 0.915423 0.910971
ENSG00000230358.2 7 66744765 66744765 + 2 -537649 7_internal_8492 7 66056102 66207116 156 160.418 0.999957 2.22801 0.217671 -0.098781 0.39801 0.410661
ENSG00000106610.10 7 66767608 66767608 + 2 -138343 7_internal_8483 7 66569577 66629265 156 122.591 0.999978 1.75767 0.000145191 0.314524 0.00497512 0.00133839
ENSG00000067601.6 7 66767894 66767894 - 2 138629 7_internal_8483 7 66569577 66629265 156 175.942 1.00002 1.94447 0.00690255 0.226377 0.0149254 0.00797743
ENSG00000228019.1 7 66773343 66773343 - 2 566227 7_internal_8492 7 66056102 66207116 156 172.011 0.999971 2.11008 0.837685 -0.0168767 0.975124 0.976121
ENSG00000235475.1 7 66800963 66800963 + 2 -171698 7_internal_8483 7 66569577 66629265 156 171.113 0.999983 2.17611 9.04867e-05 -0.316013 0.00497512 8.96873e-05
ENSG00000158321.11 7 69063905 69063905 + 0 NA NA NA NA NA NA NA NA NA NA NA NA NA
ENSG00000183166.5 7 71912148 71912148 - 0 NA NA NA NA NA NA NA NA NA NA NA NA NA
ENSG00000266569.1 7 72293750 72293750 - 0 NA NA NA NA NA NA NA NA NA NA NA NA NA
ENSG00000254184.2 7 72298765 72298765 - 0 NA NA NA NA NA NA NA NA NA NA NA NA NA
ENSG00000225648.1 7 72300004 72300004 + 0 NA NA NA NA NA NA NA NA NA NA NA NA NA
ENSG00000196313.7 7 72349936 72349936 + 0 NA NA NA NA NA NA NA NA NA NA NA NA NA
ENSG00000106133.12 7 72425329 72425329 - 0 NA NA NA NA NA NA NA NA NA NA NA NA NA
ENSG00000155428.8 7 72439997 72439997 - 0 NA NA NA NA NA NA NA NA NA NA NA NA NA
ENSG00000205584.6 7 72440345 72440345 + 0 NA NA NA NA NA NA NA NA NA NA NA NA NA
ENSG00000229018.4 7 72476064 72476064 + 0 NA NA NA NA NA NA NA NA NA NA NA NA NA
ENSG00000174353.12 7 72476445 72476445 - 0 NA NA NA NA NA NA NA NA NA NA NA NA NA
ENSG00000233369.2 7 72569033 72569033 + 0 NA NA NA NA NA NA NA NA NA NA NA NA NA
ENSG00000182487.8 7 72634611 72634611 + 0 NA NA NA NA NA NA NA NA NA NA NA NA NA
ENSG00000214544.3 7 72694143 72694143 - 0 NA NA NA NA NA NA NA NA NA NA NA NA NA
ENSG00000205578.4 7 72707497 72707497 + 0 NA NA NA NA NA NA NA NA NA NA NA NA NA
ENSG00000130305.12 7 72722864 72722864 - 0 NA NA NA NA NA NA NA NA NA NA NA NA NA
ENSG00000077800.7 7 72742167 72742167 + 0 NA NA NA NA NA NA NA NA NA NA NA NA NA
ENSG00000252713.1 7 72921538 72921538 + 0 NA NA NA NA NA NA NA NA NA NA NA NA NA
ENSG00000009954.6 7 72936608 72936608 - 0 NA NA NA NA NA NA NA NA NA NA NA NA NA
ENSG00000106635.3 7 72972332 72972332 - 0 NA NA NA NA NA NA NA NA NA NA NA NA NA
ENSG00000106638.10 7 72993121 72993121 - 0 NA NA NA NA NA NA NA NA NA NA NA NA NA
ENSG00000009950.11 7 73038873 73038873 - 0 NA NA NA NA NA NA NA NA NA NA NA NA NA
ENSG00000071462.7 7 73097355 73097355 + 0 NA NA NA NA NA NA NA NA NA NA NA NA NA
ENSG00000176410.6 7 73097783 73097783 - 0 NA NA NA NA NA NA NA NA NA NA NA NA NA
ENSG00000106089.7 7 73134002 73134002 - 0 NA NA NA NA NA NA NA NA NA NA NA NA NA
ENSG00000225969.1 7 73149368 73149368 + 0 NA NA NA NA NA NA NA NA NA NA NA NA NA
ENSG00000214738.2 7 73150728 73150728 + 0 NA NA NA NA NA NA NA NA NA NA NA NA NA
ENSG00000106077.14 7 73153197 73153197 - 0 NA NA NA NA NA NA NA NA NA NA NA NA NA
ENSG00000189143.8 7 73213872 73213872 + 1 964810 7_internal_8857 7 74178682 74187903 156 156.762 1.00002 1.14748 0.973176 0.00271359 0.985075 0.984225
ENSG00000165171.6 7 73256865 73256865 - 1 -921817 7_internal_8857 7 74178682 74187903 156 159.016 1.00002 0.938301 0.418073 -0.0611008 0.402985 0.393956
ENSG00000106683.8 7 73497263 73497263 + 2 807656 7_internal_9714 7 74304919 74307745 156 149.861 1.00001 1.90523 0.351557 -0.0752319 0.552239 0.574283
ENSG00000106682.10 7 73588575 73588575 + 2 716344 7_internal_9714 7 74304919 74307745 156 145.473 0.999974 1.77625 0.507338 -0.0495085 0.746269 0.730565
ENSG00000207741.1 7 73605528 73605528 + 2 699391 7_internal_9714 7 74304919 74307745 156 163.648 0.999959 2.42314 0.11083 0.128813 0.253731 0.230381
ENSG00000086730.12 7 73613982 73613982 + 2 690937 7_internal_9714 7 74304919 74307745 156 182.218 0.999985 1.94252 0.118902 -0.118977 0.189055 0.17068
ENSG00000049541.5 7 73668774 73668774 - 2 -636145 7_internal_9714 7 74304919 74307745 156 148.962 0.99998 1.91578 0.103688 -0.126949 0.21393 0.203259
ENSG00000106665.11 7 73703805 73703805 + 2 601114 7_internal_9714 7 74304919 74307745 156 160.631 1.00002 2.11155 0.168956 -0.108793 0.313433 0.312751
ENSG00000077809.8 7 74071994 74071994 + 2 106688 7_internal_8857 7 74178682 74187903 156 141.466 0.999997 1.94865 4.103e-05 0.322335 0.00497512 0.000183431
ENSG00000232729.3 7 74143339 74143339 - 2 -161580 7_internal_9714 7 74304919 74307745 156 129.279 1.00002 1.71436 0.174448 0.107054 0.348259 0.341822
ENSG00000232210.1 7 74156460 74156460 - 2 -22222 7_internal_8857 7 74178682 74187903 156 125.866 1.00005 1.62089 1.24909e-05 0.34458 0.00497512 0.00014182
ENSG00000158517.9 7 74188309 74188309 + 2 -406 7_internal_8857 7 74178682 74187903 156 158.026 1.00003 1.95635 0.00264592 0.247591 0.0248756 0.004847
ENSG00000196275.9 7 74267847 74267847 - 2 -37072 7_internal_9714 7 74304919 74307745 156 168.69 1.00001 1.98976 0.0212602 -0.182026 0.0348259 0.0327558
ENSG00000160828.13 7 74306731 74306731 - 2 0 7_internal_9714 7 74304919 74307745 156 154.263 0.999966 2.10498 4.55462e-09 0.451417 0.00497512 1.16852e-08
ENSG00000123965.12 7 74306894 74306894 + 2 0 7_internal_9714 7 74304919 74307745 156 168.797 0.999979 2.15105 1.2636e-07 0.40584 0.00497512 8.30482e-08
ENSG00000184616.7 7 74331163 74331163 - 2 23418 7_internal_9714 7 74304919 74307745 156 177.42 1.00001 2.28332 4.13532e-05 0.323247 0.00497512 2.79732e-05
ENSG00000174374.9 7 74490064 74490064 - 2 302161 7_internal_8857 7 74178682 74187903 156 183.498 1.00001 2.23868 0.588515 -0.0410732 0.825871 0.838643
ENSG00000174428.12 7 74508364 74508364 + 2 -320461 7_internal_8857 7 74178682 74187903 156 183.056 0.99999 2.28917 0.332818 0.0788608 0.557214 0.549343
ENSG00000165178.8 7 74587848 74587848 - 3 -946344 7_internal_9435 7 75534192 75539508 156 159.504 1.00001 3.06011 0.271734 -0.0904365 0.587065 0.612477
ENSG00000232561.2 7 74653438 74653438 - 3 465535 7_internal_8857 7 74178682 74187903 156 135.495 1.00005 2.45102 0.000634644 -0.269011 0.00995025 0.00356581
ENSG00000189011.9 7 74714647 74714647 - 3 406902 7_internal_9714 7 74304919 74307745 156 151.323 1.00004 3.01023 0.0175592 -0.191208 0.079602 0.0571026
ENSG00000174368.13 7 74988262 74988262 - 7 -842519 7_internal_8853 7 75830781 75912882 156 156.686 0.955205 5.94971 0.118299 -0.127158 0.542289 0.544947
ENSG00000205583.9 7 74988448 74988448 + 7 -800545 7_internal_8857 7 74178682 74187903 156 165.994 1.08001 7.36957 1.34191e-07 -0.399278 0.00497512 1.17168e-07
ENSG00000268891.1 7 75005425 75005425 - 7 817522 7_internal_8857 7 74178682 74187903 156 163.541 0.942184 6.30689 0.296807 -0.0846639 0.880597 0.89022
ENSG00000178809.7 7 75024337 75024337 + 7 -836434 7_internal_8857 7 74178682 74187903 156 166.039 0.924505 6.59412 0.046912 -0.160751 0.283582 0.270637
ENSG00000146722.7 7 75024708 75024708 - 7 836805 7_internal_8857 7 74178682 74187903 156 181.304 1.01272 8.33269 0.207169 -0.103456 0.79602 0.792631
ENSG00000223705.5 7 75039605 75039605 + 7 791176 7_internal_8853 7 75830781 75912882 156 163.617 1.06991 8.78533 0.135641 -0.115339 0.696517 0.669125
ENSG00000242073.2 7 75115385 75115385 - 8 -636285 7_internal_8531 7 75751670 75786496 156 149.236 1.07336 7.88127 0.00608636 -0.210637 0.0597015 0.0442257
ENSG00000135213.8 7 75115548 75115548 - 8 807803 7_internal_9714 7 74304919 74307745 156 163.328 0.906922 7.18998 0.117251 -0.124595 0.587065 0.605309
ENSG00000170092.9 7 75123401 75123401 + 8 -935498 7_internal_8857 7 74178682 74187903 156 158.483 0.964796 7.66764 2.13885e-06 0.374934 0.00497512 2.04365e-05
ENSG00000127957.12 7 75157478 75157478 - 8 -763014 7_internal_9886 7 75920492 75934068 156 151.582 1.07959 8.00925 0.0790155 0.137903 0.477612 0.466101
ENSG00000127946.12 7 75368280 75368280 - 6 -552212 7_internal_9886 7 75920492 75934068 156 183.879 0.999973 6.94934 0.208903 0.0965411 0.726368 0.731493
ENSG00000106178.2 7 75452674 75452674 - 6 -467818 7_internal_9886 7 75920492 75934068 156 167.502 0.965711 6.79653 0.29261 0.0835241 0.890547 0.893918
ENSG00000005486.11 7 75471920 75471920 + 6 601383 7_internal_8674 7 76073303 76139758 156 143.965 0.999984 4.97402 0.428619 0.0608872 0.955224 0.947516
ENSG00000127948.9 7 75528518 75528518 + 6 223152 7_internal_8531 7 75751670 75786496 156 197.438 0.942655 8.16196 0.164009 0.1119 0.641791 0.662168
ENSG00000235090.1 7 75552073 75552073 + 6 278708 7_internal_8853 7 75830781 75912882 156 142.03 1.00002 5.27807 0.114823 -0.127089 0.517413 0.527682
ENSG00000201643.1 7 75573100 75573100 + 6 407179 7_internal_8444 7 75980279 76003815 156 135.19 1.00002 4.86521 0.0193535 0.182811 0.129353 0.135623
ENSG00000189077.6 7 75623977 75623977 - 6 -296515 7_internal_9886 7 75920492 75934068 156 178.41 1.04229 6.94421 0.0923716 -0.129099 0.383085 0.384564
ENSG00000127952.12 7 75677322 75677322 - 6 -302957 7_internal_8444 7 75980279 76003815 156 181.304 0.953741 7.33522 0.00134046 -0.252859 0.00995025 0.00522258
ENSG00000146701.6 7 75677369 75677369 + 6 74301 7_internal_8531 7 75751670 75786496 156 172.712 0.916276 7.03336 0.020674 -0.191131 0.134328 0.124609
ENSG00000106211.8 7 75931861 75931861 + 7 48418 7_internal_8444 7 75980279 76003815 156 152.237 1.01479 6.64567 0.0465743 -0.153158 0.283582 0.278972
ENSG00000170027.5 7 75988348 75988348 - 7 0 7_internal_8444 7 75980279 76003815 156 133.057 1.07549 6.01579 0.00293899 0.233834 0.0149254 0.0270773
ENSG00000188372.10 7 76026835 76026835 + 7 46468 7_internal_8674 7 76073303 76139758 156 166.192 1.00999 7.25406 1.38884e-10 0.457762 0.00497512 2.02579e-10
ENSG00000146700.8 7 76039012 76039012 - 7 -34291 7_internal_8674 7 76073303 76139758 156 204.034 0.920447 9.6109 3.38621e-09 0.432778 0.00497512 8.15174e-10
ENSG00000091073.14 7 76090993 76090993 + 7 -304497 7_internal_8531 7 75751670 75786496 156 155.254 0.995001 6.56775 0.0136023 -0.187055 0.0895522 0.0886197
ENSG00000233980.1 7 76100375 76100375 - 7 0 7_internal_8674 7 76073303 76139758 156 169.452 1.09776 7.89126 0.0113784 -0.20451 0.0497512 0.0471269
ENSG00000250614.1 7 76108173 76108173 - 7 104358 7_internal_8444 7 75980279 76003815 156 153.258 0.968118 5.85916 0.0788668 -0.141514 0.437811 0.407541
ENSG00000243566.2 7 76139745 76139745 + 7 710625 7_internal_8536 7 76850370 76872634 156 168.949 0.842844 6.73348 0.108409 0.123742 0.547264 0.563948
ENSG00000205485.9 7 76178677 76178677 + 7 -38919 7_internal_8674 7 76073303 76139758 156 131.412 1.12629 6.43613 1.26001e-07 -0.407321 0.00497512 1.73097e-06
ENSG00000146707.9 7 76256578 76256578 - 7 252763 7_internal_8444 7 75980279 76003815 156 157.325 0.99734 7.74853 0.000451379 -0.270015 0.00497512 0.00335544
ENSG00000214243.3 7 76280214 76280214 - 7 140456 7_internal_8674 7 76073303 76139758 156 158.544 1.03437 7.0173 4.47001e-09 -0.448404 0.00497512 1.26849e-08
ENSG00000236280.1 7 76597663 76597663 + 7 -457905 7_internal_8674 7 76073303 76139758 156 158.605 0.998822 6.60316 1.78998e-07 0.408796 0.00497512 9.49257e-07
ENSG00000231087.2 7 76598567 76598567 - 7 458809 7_internal_8674 7 76073303 76139758 156 141.207 1.06373 6.44132 2.04106e-05 0.335835 0.00497512 0.00019106
ENSG00000225703.1 7 76606278 76606278 - 7 466520 7_internal_8674 7 76073303 76139758 156 193.446 0.836704 7.72482 0.0240558 0.177212 0.134328 0.138381
ENSG00000186704.8 7 76607934 76607934 + 7 242436 7_internal_8536 7 76850370 76872634 156 195.366 0.839772 7.83395 0.000814926 0.271631 0.00497512 0.00421633
ENSG00000265479.1 7 76610266 76610266 + 7 240104 7_internal_8536 7 76850370 76872634 156 171.097 0.932148 8.12499 0.000127755 0.305148 0.00497512 0.000838441
ENSG00000242435.1 7 76633979 76633979 + 7 216391 7_internal_8536 7 76850370 76872634 156 172.407 1.00566 7.51173 0.0255882 0.177199 0.114428 0.131863
ENSG00000241350.1 7 76640868 76640868 + 7 209502 7_internal_8536 7 76850370 76872634 156 159.915 1.05533 6.87259 0.159753 -0.113146 0.671642 0.664103
ENSG00000186645.6 7 76661674 76661674 - 7 -188696 7_internal_8536 7 76850370 76872634 156 164.15 0.97694 7.1745 0.0311012 0.168548 0.21393 0.18684
ENSG00000233448.2 7 76669261 76669261 + 7 181109 7_internal_8536 7 76850370 76872634 156 176.719 0.94119 7.45618 0.0239688 0.173226 0.154229 0.133021
ENSG00000259628.1 7 76673038 76673038 + 7 -738970 7_internal_9886 7 75920492 75934068 156 170.777 0.972327 8.60183 0.224 0.100442 0.865672 0.864177
ENSG00000205482.7 7 76688757 76688757 - 7 684942 7_internal_8444 7 75980279 76003815 156 155.741 0.927627 6.16339 0.299076 -0.0806684 0.900498 0.900593
ENSG00000237815.1 7 76689796 76689796 - 7 755728 7_internal_9886 7 75920492 75934068 156 180.162 0.898373 8.81546 0.0303757 0.169778 0.19403 0.201866
ENSG00000225726.1 7 76701554 76701554 - 7 561796 7_internal_8674 7 76073303 76139758 156 166.984 0.978128 8.08989 0.403803 0.0645025 0.99005 0.98188
ENSG00000213542.3 7 76745509 76745509 - 7 959013 7_internal_8531 7 75751670 75786496 156 133.514 1.12138 6.34529 0.0710698 -0.142947 0.452736 0.415188
ENSG00000214439.3 7 76751433 76751433 - 7 747618 7_internal_8444 7 75980279 76003815 156 172.682 0.899768 6.58956 0.010759 -0.197429 0.0597015 0.0659031
ENSG00000135205.9 7 76751751 76751751 + 7 98619 7_internal_8536 7 76850370 76872634 156 180.604 0.925564 6.8588 0.271323 0.0896796 0.860697 0.859493
ENSG00000127951.5 7 76829143 76829143 - 6 -21227 7_internal_8536 7 76850370 76872634 156 135.571 1.00001 5.30919 1.13109e-05 0.338228 0.00995025 0.000227095
ENSG00000250990.1 7 76887440 76887440 - 6 883625 7_internal_8444 7 75980279 76003815 156 152.45 1.02271 6.45147 0.0376241 -0.165178 0.258706 0.221802
ENSG00000186088.10 7 77046115 77046115 - 3 173481 7_internal_8536 7 76850370 76872634 156 168.081 0.999991 3.36069 0.629018 0.0385702 0.950249 0.959908
ENSG00000127947.10 7 77166592 77166592 + 2 -293958 7_internal_8536 7 76850370 76872634 156 179.72 0.999977 2.13911 0.264596 -0.0834933 0.457711 0.429945
ENSG00000214293.4 7 77325582 77325582 - 2 -984 7_internal_8405 7 77326566 77365504 156 154.568 0.99998 1.78157 0.000783557 0.244142 0.00497512 0.00147603
ENSG00000187257.9 7 77325760 77325760 + 2 806 7_internal_8405 7 77326566 77365504 156 120.138 0.999997 1.66025 8.346e-05 0.305676 0.00497512 0.000927438
ENSG00000135211.5 7 77427897 77427897 - 2 62393 7_internal_8405 7 77326566 77365504 156 120.687 1.00003 1.71067 0.0101449 0.200984 0.0248756 0.0403831
ENSG00000006576.12 7 77428122 77428122 + 2 -62618 7_internal_8405 7 77326566 77365504 156 152.024 1.00004 1.92267 0.128183 0.118051 0.228856 0.240235
ENSG00000222432.1 7 77525197 77525197 + 2 -652563 7_internal_8536 7 76850370 76872634 156 156.67 1.00003 1.86583 0.106494 -0.128816 0.189055 0.188212
ENSG00000232756.1 7 77619701 77619701 + 2 -254197 7_internal_8405 7 77326566 77365504 156 164.105 0.999996 2.3341 0.0552203 0.15759 0.109453 0.111189
ENSG00000234456.2 7 79082198 79082198 + 2 0 7_internal_12157 7 79081002 79780758 156 172.423 1.00003 2.19166 0.263106 0.0902866 0.477612 0.450905
ENSG00000187391.13 7 79082890 79082890 - 2 -457536 7_internal_10231 7 79540426 79649800 156 112.704 0.999943 1.90933 0.152227 -0.11296 0.437811 0.383717
ENSG00000127955.11 7 79763271 79763271 + 3 0 7_internal_12157 7 79081002 79780758 156 125.699 1.00004 2.1972 2.15967e-05 0.339816 0.00497512 0.000303396
ENSG00000135218.13 7 79998891 79998891 + 3 337689 7_internal_9291 7 80336580 80353657 156 169.482 0.999963 3.27615 0.33712 0.0786147 0.706468 0.713256
ENSG00000229436.1 7 80291901 80291901 - 3 511143 7_internal_12157 7 79081002 79780758 156 154.431 1.00002 3.18979 0.342368 0.0764635 0.766169 0.740433
ENSG00000075223.9 7 80551675 80551675 - 3 198018 7_internal_9291 7 80336580 80353657 156 180.284 0.999996 3.30151 0.00395347 0.228069 0.00995025 0.00640282
ENSG00000019991.11 7 81399754 81399754 - 1 -844649 7_internal_9574 7 82244403 82308210 156 152.191 1.00003 0.906219 0.946893 0.00516822 0.920398 0.930841
ENSG00000075213.5 7 84122040 84122040 - 0 NA NA NA NA NA NA NA NA NA NA NA NA NA
ENSG00000164659.10 7 86689015 86689015 - 2 0 7_internal_9014 7 86607085 86689785 156 144.711 0.999984 1.90539 0.0040639 0.221035 0.00995025 0.0107559
ENSG00000135164.14 7 86781677 86781677 + 2 -91892 7_internal_9014 7 86607085 86689785 156 151.902 1.00003 2.0334 0.430738 -0.0652037 0.711443 0.688906
ENSG00000224046.1 7 86781736 86781736 - 2 -447541 7_internal_8452 7 87229277 87258388 156 179.278 0.999986 2.61492 0.774323 -0.0225603 0.975124 0.97566
ENSG00000200397.1 7 86848028 86848028 - 2 -381249 7_internal_8452 7 87229277 87258388 156 182.447 1.00004 2.42927 0.581581 0.043668 0.850746 0.857117
ENSG00000135185.7 7 86849903 86849903 - 2 -379374 7_internal_8452 7 87229277 87258388 156 142.38 1.00001 1.76005 0.550978 0.0485476 0.791045 0.772628
