ENSG00000262820.1 16 68595964 68595964 + 8 -79260 16_internal_6805 16 68411847 68516704 156 137.475 1.06989 7.33636 0.0107984 0.202071 0.0895522 0.0977978
ENSG00000039068.13 16 68771128 68771128 + 6 -423389 16_internal_6193 16 68277597 68347739 156 136.744 1.00002 4.94045 0.0467489 0.155908 0.248756 0.273736
ENSG00000103047.3 16 68877507 68877507 + 6 580201 16_internal_5825 16 69457708 69479617 156 178.227 0.96326 7.88385 0.00666969 -0.206109 0.0447761 0.0334671
ENSG00000199979.1 16 68919580 68919580 - 6 -538128 16_internal_5825 16 69457708 69479617 156 157.036 0.975387 6.36048 0.234494 -0.0948272 0.791045 0.821162
ENSG00000266801.1 16 68967723 68967723 + 6 489985 16_internal_5825 16 69457708 69479617 156 159.352 1.00451 6.84796 0.367977 -0.0700146 0.965174 0.953996
ENSG00000260999.1 16 68982164 68982164 - 6 -475544 16_internal_5825 16 69457708 69479617 156 174.936 1.07993 7.16078 0.0287722 -0.176866 0.129353 0.114834
ENSG00000202497.1 16 69041058 69041058 - 6 693319 16_internal_6193 16 68277597 68347739 156 147.789 1.00002 5.3205 0.0107239 0.189834 0.0497512 0.0673369
ENSG00000244378.1 16 69067578 69067578 + 6 -719839 16_internal_6193 16 68277597 68347739 156 151.719 1.03756 5.79129 0.338818 -0.0764501 0.910448 0.908991
ENSG00000103044.6 16 69139467 69139467 + 5 -733600 16_internal_5556 16 68388640 68405867 156 158.041 1.0029 5.60632 0.171029 0.10738 0.631841 0.642849
ENSG00000263203.1 16 69154331 69154331 - 5 748464 16_internal_5556 16 68388640 68405867 156 170.564 0.999974 4.74982 0.31687 0.0754744 0.81592 0.810216
ENSG00000141076.12 16 69165194 69165194 + 5 -648490 16_internal_6805 16 68411847 68516704 156 157.874 1.00002 5.28241 0.0476342 -0.163785 0.238806 0.221579
ENSG00000168802.8 16 69166487 69166487 - 5 760620 16_internal_5556 16 68388640 68405867 156 157.691 1.00003 4.82527 0.142117 0.115933 0.547264 0.516908
ENSG00000260499.2 16 69201007 69201007 + 6 256701 16_internal_5825 16 69457708 69479617 156 171.859 1.03975 6.98256 0.0180511 -0.18736 0.0845771 0.0785202
ENSG00000168807.12 16 69221032 69221032 + 6 236676 16_internal_5825 16 69457708 69479617 156 146.311 1.00005 5.05155 0.0275853 0.172985 0.19403 0.155435
ENSG00000200164.1 16 69225026 69225026 + 6 -877287 16_internal_6193 16 68277597 68347739 156 145.397 1.04789 6.36579 0.041834 -0.152662 0.248756 0.255863
ENSG00000132612.13 16 69333562 69333562 + 6 -816858 16_internal_6805 16 68411847 68516704 156 147.819 1.00558 5.71482 0.0999104 -0.134661 0.457711 0.481299
ENSG00000260914.2 16 69333585 69333585 + 6 841210 16_internal_6062 16 70174795 70199360 156 188.556 0.903356 6.99946 0.289942 -0.0897865 0.895522 0.879166
ENSG00000258429.1 16 69364498 69364498 - 6 958631 16_internal_5556 16 68388640 68405867 156 159.519 1.01908 5.98622 0.0671053 -0.141917 0.308458 0.318773
ENSG00000261576.1 16 69368774 69368774 - 6 -968853 16_internal_6033 16 70337627 70474346 156 153.578 1.00003 5.49749 0.154776 0.112723 0.626866 0.611545
ENSG00000132603.9 16 69373333 69373333 + 6 801462 16_internal_6062 16 70174795 70199360 156 159.778 1.01004 6.15579 0.0142204 -0.196336 0.0746269 0.0756992
ENSG00000213380.7 16 69373570 69373570 - 6 -964057 16_internal_6033 16 70337627 70474346 156 189.348 0.892108 6.73988 0.123394 -0.122591 0.512438 0.520358
ENSG00000259900.1 16 69385633 69385633 - 6 -72075 16_internal_5825 16 69457708 69479617 156 157.143 0.980327 6.93507 0.180257 0.107951 0.741294 0.751007
ENSG00000157315.4 16 69385712 69385712 - 6 -71996 16_internal_5825 16 69457708 69479617 156 166.039 0.906881 6.42167 0.00255708 0.240575 0.0348259 0.0184653
ENSG00000260371.1 16 69390209 69390209 - 6 873505 16_internal_6805 16 68411847 68516704 156 169.361 0.996157 6.00241 0.464089 -0.0570814 0.9801 0.971175
ENSG00000132604.4 16 69442474 69442474 - 6 -732321 16_internal_6062 16 70174795 70199360 156 132.813 1.00003 5.08119 0.0326396 -0.171021 0.223881 0.224252
ENSG00000103018.12 16 69458428 69458428 + 6 975077 16_internal_5871 16 70433505 70468102 156 164.12 0.980365 5.83152 0.103886 0.123348 0.41791 0.451438
ENSG00000261527.1 16 69478193 69478193 - 6 -859434 16_internal_6033 16 70337627 70474346 156 137.292 1.00003 5.21569 0.05146 0.153126 0.293532 0.306389
ENSG00000260108.1 16 69497747 69497747 + 6 -18130 16_internal_5825 16 69457708 69479617 156 182.828 0.949607 6.34562 8.46321e-06 0.356001 0.00497512 1.64717e-05
ENSG00000102908.16 16 69598997 69598997 + 5 738630 16_internal_6033 16 70337627 70474346 156 180.39 1.04154 6.16614 0.0220832 0.188314 0.0646766 0.0730996
ENSG00000260772.1 16 69736968 69736968 + 6 -257351 16_internal_5825 16 69457708 69479617 156 144.589 1.10397 6.52979 0.00477946 0.226164 0.0199005 0.0293608
ENSG00000261602.1 16 69743777 69743777 + 6 -264160 16_internal_5825 16 69457708 69479617 156 159.565 0.987967 5.79863 0.288439 -0.0833055 0.860697 0.857221
ENSG00000181019.8 16 69760854 69760854 - 6 -672651 16_internal_5871 16 70433505 70468102 156 158.91 1.05977 6.81183 0.147005 -0.113418 0.651741 0.62776
ENSG00000262136.1 16 69760916 69760916 + 6 520400 16_internal_6423 16 70281316 70318187 156 160.54 0.975005 6.02675 0.0916206 -0.133116 0.432836 0.434031
ENSG00000141101.8 16 69788843 69788843 - 6 -940509 16_internal_8128 16 70729352 70805256 156 158.438 1.00544 5.59705 0.0987065 -0.132133 0.427861 0.429418
ENSG00000260290.2 16 69791840 69791840 - 6 312223 16_internal_5825 16 69457708 69479617 156 162.916 1.0268 5.71525 0.233656 0.0921504 0.761194 0.756339
ENSG00000198373.8 16 69796209 69796209 + 6 378586 16_internal_6062 16 70174795 70199360 156 180.832 0.962508 7.11486 0.0417264 -0.164587 0.223881 0.199206
ENSG00000252670.1 16 69814940 69814940 + 6 -335323 16_internal_5825 16 69457708 69479617 156 164.775 0.940533 5.84671 0.110088 0.12743 0.507463 0.489801
ENSG00000252443.1 16 69820016 69820016 - 6 -613489 16_internal_5871 16 70433505 70468102 156 164.912 1.08838 6.89603 0.0379758 0.161495 0.154229 0.173903
ENSG00000208017.1 16 69966984 69966984 + 6 762368 16_internal_8128 16 70729352 70805256 156 142.655 0.932202 5.56086 0.27399 -0.0879548 0.870647 0.871283
ENSG00000157322.12 16 69984810 69984810 + 6 296506 16_internal_6423 16 70281316 70318187 156 129.736 0.999964 5.29005 0.000680987 0.264395 0.00995025 0.0103006
ENSG00000239118.1 16 70064249 70064249 + 6 110546 16_internal_6062 16 70174795 70199360 156 184.031 0.985322 8.27353 0.229623 0.0966888 0.830846 0.83197
ENSG00000255185.1 16 70099848 70099848 - 6 -181468 16_internal_6423 16 70281316 70318187 156 163.602 0.99386 6.15492 2.20773e-07 0.391686 0.00497512 7.53811e-07
ENSG00000196696.7 16 70099851 70099851 - 6 -181465 16_internal_6423 16 70281316 70318187 156 175.15 0.983731 6.67651 2.00103e-07 0.392388 0.00497512 3.08618e-07
ENSG00000226232.3 16 70099851 70099851 - 6 -181465 16_internal_6423 16 70281316 70318187 156 135.982 0.999929 5.23407 9.6191e-07 0.369935 0.00497512 2.51741e-05
ENSG00000090857.9 16 70147529 70147529 + 6 27266 16_internal_6062 16 70174795 70199360 156 155.619 0.964409 5.94073 5.30164e-31 0.791367 0.00497512 4.19397e-29
ENSG00000157335.15 16 70207225 70207225 + 6 226280 16_internal_5871 16 70433505 70468102 156 153.075 1.00258 5.62641 0.0124822 0.192279 0.0746269 0.072218
ENSG00000247228.2 16 70207351 70207351 - 6 7991 16_internal_6062 16 70174795 70199360 156 156.518 0.988927 6.31339 3.1562e-32 0.799783 0.00497512 3.47093e-31
ENSG00000261556.3 16 70279519 70279519 - 6 -153986 16_internal_5871 16 70433505 70468102 156 149.266 0.999994 5.39901 0.000348459 -0.284652 0.0149254 0.00252798
ENSG00000223496.1 16 70285833 70285833 - 6 0 16_internal_6423 16 70281316 70318187 156 161.82 0.946177 5.85915 1.5441e-05 0.331871 0.00497512 0.000107451
ENSG00000090861.10 16 70323446 70323446 - 7 -110059 16_internal_5871 16 70433505 70468102 156 143.569 1.00105 7.04578 0.032801 -0.171837 0.258706 0.252905
ENSG00000157349.11 16 70323566 70323566 + 7 -843949 16_internal_5825 16 69457708 69479617 156 163.023 1.03743 8.42643 0.00622697 0.218422 0.0348259 0.0374145
ENSG00000260537.1 16 70333097 70333097 + 7 -853480 16_internal_5825 16 69457708 69479617 156 138.831 0.937796 5.80414 0.0256168 0.172481 0.218905 0.212489
ENSG00000261777.1 16 70380650 70380650 - 7 181290 16_internal_6062 16 70174795 70199360 156 160.159 1.0469 7.48867 0.0229 0.186039 0.134328 0.133126
ENSG00000168872.11 16 70380732 70380732 + 7 -181372 16_internal_6062 16 70174795 70199360 156 156.427 0.955097 6.61238 0.195012 -0.104438 0.781095 0.774408
ENSG00000260111.1 16 70413360 70413360 + 7 20145 16_internal_5871 16 70433505 70468102 156 159.778 1.08258 7.65264 0.000476596 0.277856 0.00497512 0.00186949
ENSG00000157350.8 16 70473140 70473140 - 7 5038 16_internal_5871 16 70433505 70468102 156 148.779 0.962936 6.01044 3.75374e-05 0.323642 0.00497512 0.000465385
ENSG00000157353.12 16 70488324 70488324 + 6 241028 16_internal_8128 16 70729352 70805256 156 179.019 0.999609 7.57908 0.168859 0.11219 0.676617 0.682514
ENSG00000103051.14 16 70557468 70557468 - 6 83122 16_internal_6033 16 70337627 70474346 156 159.306 0.945618 5.94544 0.121804 -0.126875 0.557214 0.550416
ENSG00000189091.8 16 70557691 70557691 + 6 764619 16_internal_6290 16 71322310 71519337 156 132.996 0.999947 4.73824 0.26357 -0.0908211 0.81592 0.818074
ENSG00000221514.1 16 70563412 70563412 + 6 -364052 16_internal_6062 16 70174795 70199360 156 134.9 0.999952 4.94063 0.470734 0.0619605 0.950249 0.968235
ENSG00000221066.1 16 70571908 70571908 + 6 -97562 16_internal_6033 16 70337627 70474346 156 149.845 1.00001 4.98232 0.0296273 -0.177104 0.159204 0.154148
ENSG00000260023.1 16 70610204 70610204 + 6 712106 16_internal_6290 16 71322310 71519337 156 176.627 0.969346 6.71609 0.0954189 0.138594 0.427861 0.42626
ENSG00000157368.6 16 70613798 70613798 + 6 -414438 16_internal_6062 16 70174795 70199360 156 165.598 1.0113 5.9232 0.0390542 -0.169422 0.199005 0.178547
ENSG00000268927.1 16 70695570 70695570 + 6 626740 16_internal_6290 16 71322310 71519337 156 188.404 0.886285 6.36527 0.357792 -0.0736232 0.960199 0.92357
ENSG00000132613.10 16 70719969 70719969 - 6 -602341 16_internal_6290 16 71322310 71519337 156 141.588 0.999953 5.45868 0.380608 -0.070834 0.925373 0.94049
ENSG00000260156.1 16 70780960 70780960 + 6 -306614 16_internal_6033 16 70337627 70474346 156 144.727 1.02639 5.54092 0.254372 -0.0939027 0.840796 0.821882
ENSG00000214353.3 16 70789001 70789001 + 6 -589641 16_internal_6062 16 70174795 70199360 156 144.376 0.999958 5.14855 0.106724 -0.124775 0.512438 0.484482
ENSG00000103043.10 16 70835064 70835064 - 6 635704 16_internal_6062 16 70174795 70199360 156 132.996 1.03173 5.57653 0.10077 -0.133834 0.517413 0.525491
ENSG00000180917.12 16 71323618 71323618 - 4 849272 16_internal_6033 16 70337627 70474346 156 160.845 0.999993 3.82469 0.140323 -0.116275 0.402985 0.42395
ENSG00000262086.1 16 71486552 71486552 - 2 0 16_internal_6290 16 71322310 71519337 156 175.972 0.999968 2.4466 5.77292e-09 0.444599 0.00497512 1.51219e-09
ENSG00000247324.2 16 71496181 71496181 + 2 0 16_internal_6290 16 71322310 71519337 156 164.105 1.00001 1.97977 6.04979e-07 0.380542 0.00497512 6.11236e-07
ENSG00000167377.12 16 71496998 71496998 - 2 0 16_internal_6290 16 71322310 71519337 156 140.309 0.99996 2.01305 4.26766e-09 0.442073 0.00497512 5.15305e-08
ENSG00000261611.3 16 71523214 71523214 - 2 3877 16_internal_6290 16 71322310 71519337 156 193.614 1.00001 2.62032 1.11422e-08 0.435437 0.00497512 5.08958e-10
ENSG00000157429.11 16 71598992 71598992 - 2 79655 16_internal_6290 16 71322310 71519337 156 166.161 0.999985 2.02313 4.90407e-07 0.389186 0.00497512 4.21531e-07
ENSG00000198650.6 16 71611033 71611033 - 2 805777 16_internal_8128 16 70729352 70805256 156 172.941 1 2.0749 0.69083 -0.0310925 0.905473 0.903112
ENSG00000140832.5 16 71660064 71660064 + 2 -854808 16_internal_8128 16 70729352 70805256 156 216.511 1.00001 2.59991 0.360442 -0.0706404 0.572139 0.575997
ENSG00000260185.1 16 71688930 71688930 + 2 -883674 16_internal_8128 16 70729352 70805256 156 159.199 0.999994 1.88646 0.626733 -0.03993 0.850746 0.841391
ENSG00000040199.14 16 71758604 71758604 - 2 239267 16_internal_6290 16 71322310 71519337 156 153.41 1.00002 1.69012 0.319601 0.0802425 0.487562 0.48363
ENSG00000260612.1 16 71760878 71760878 + 2 -241541 16_internal_6290 16 71322310 71519337 156 164.211 0.999967 2.28756 0.701397 -0.032101 0.935323 0.933392
ENSG00000223224.1 16 71792390 71792390 - 2 273053 16_internal_6290 16 71322310 71519337 156 144.559 0.999981 1.86219 0.495439 -0.0557867 0.756219 0.736854
ENSG00000166747.8 16 71843104 71843104 - 1 323767 16_internal_6290 16 71322310 71519337 156 136.729 1.00002 0.915759 0.375403 0.0702116 0.373134 0.38005
ENSG00000262140.1 16 71867690 71867690 + 1 -348353 16_internal_6290 16 71322310 71519337 156 191.938 1 1.09996 0.131546 -0.124911 0.119403 0.1032
ENSG00000224470.2 16 71879894 71879894 + 2 -360557 16_internal_6290 16 71322310 71519337 156 131.869 1.00002 1.78461 0.549031 -0.0468995 0.791045 0.788978
ENSG00000261750.1 16 71879899 71879899 + 2 -360562 16_internal_6290 16 71322310 71519337 156 148.535 0.99996 1.99112 0.216694 0.0987498 0.41791 0.402766
ENSG00000261765.1 16 71916176 71916176 - 3 -962051 16_internal_5739 16 72878227 72889502 156 169.102 1 3.52738 0.627697 -0.0391897 0.960199 0.965049
ENSG00000182149.14 16 71919136 71919136 + 3 -399799 16_internal_6290 16 71322310 71519337 156 149.754 0.999961 2.90394 0.346718 0.0745641 0.711443 0.722131
ENSG00000102984.10 16 71929239 71929239 - 3 -979441 16_internal_7339 16 72908680 73161420 156 165.689 1.00004 2.9029 0.0026195 0.237152 0.0199005 0.00557763
ENSG00000261337.1 16 71959638 71959638 - 3 -949042 16_internal_7339 16 72908680 73161420 156 132.402 1.00001 2.66516 0.0159398 0.192487 0.0945274 0.0688881
ENSG00000263320.1 16 71963914 71963914 + 3 944766 16_internal_7339 16 72908680 73161420 156 160.433 1.00004 3.46559 0.0637842 -0.149259 0.164179 0.193339
ENSG00000187008.2 16 72033877 72033877 - 3 -874803 16_internal_7339 16 72908680 73161420 156 162.018 0.999988 3.31834 0.0542824 -0.150962 0.159204 0.156
ENSG00000263232.2 16 72040442 72040442 - 3 -837785 16_internal_5739 16 72878227 72889502 156 179.507 1.00003 3.29722 0.0228434 -0.186453 0.0447761 0.0473497
ENSG00000102967.7 16 72042487 72042487 + 3 866193 16_internal_7339 16 72908680 73161420 156 159.077 0.999979 3.18931 0.280455 0.0857507 0.631841 0.642614
ENSG00000257017.4 16 72088491 72088491 + 4 789736 16_internal_5739 16 72878227 72889502 156 175.972 1.00004 4.60199 0.0373288 -0.162876 0.124378 0.118252
ENSG00000261701.2 16 72088522 72088522 + 4 789705 16_internal_5739 16 72878227 72889502 156 163.541 1.00004 4.20942 0.103046 -0.136633 0.348259 0.343221
ENSG00000260252.1 16 72118756 72118756 + 4 759471 16_internal_5739 16 72878227 72889502 156 141.223 0.999952 3.46798 0.784316 0.0222996 0.99005 0.995867
ENSG00000140829.7 16 72127461 72127461 + 4 781219 16_internal_7339 16 72908680 73161420 156 138.252 0.999977 3.75589 0.00738612 -0.196502 0.039801 0.0432022
ENSG00000140830.4 16 72128330 72128330 - 4 -780350 16_internal_7339 16 72908680 73161420 156 150.866 1.00005 4.33808 0.122979 -0.122119 0.442786 0.451627
ENSG00000118557.11 16 72210777 72210777 - 4 -667450 16_internal_5739 16 72878227 72889502 156 149.663 1.00003 3.68135 0.178148 0.105198 0.567164 0.533846
ENSG00000261673.1 16 72259043 72259043 - 4 739706 16_internal_6290 16 71322310 71519337 156 145.778 1.00005 3.63204 0.393432 -0.0689988 0.875622 0.852342
ENSG00000260664.1 16 72459847 72459847 + 4 418380 16_internal_5739 16 72878227 72889502 156 167.167 1 4.24695 0.0242398 0.185621 0.114428 0.0808609
ENSG00000261008.2 16 72698908 72698908 - 3 -209772 16_internal_7339 16 72908680 73161420 156 148.413 1.00004 2.74244 0.0684323 0.145751 0.21393 0.193781
ENSG00000259768.3 16 72699069 72699069 + 3 382401 16_internal_5993 16 73081470 73159315 156 161.698 1.00004 2.95401 0.19472 0.104606 0.467662 0.456962
ENSG00000265573.1 16 72821672 72821672 - 3 -56555 16_internal_5739 16 72878227 72889502 156 143.569 1.00004 2.67864 0.12574 0.121868 0.328358 0.336341
ENSG00000259901.1 16 72823142 72823142 + 3 85538 16_internal_7339 16 72908680 73161420 156 199.083 0.999966 3.6844 0.546784 -0.0465365 0.915423 0.919842
ENSG00000259209.1 16 72840887 72840887 + 3 240583 16_internal_5993 16 73081470 73159315 156 187.063 1.00003 3.35908 0.0661635 0.148135 0.149254 0.140786
ENSG00000251868.1 16 72855891 72855891 - 3 -225579 16_internal_5993 16 73081470 73159315 156 130.467 0.999956 2.32537 0.308817 0.0831915 0.631841 0.635602
ENSG00000140836.9 16 73093597 73093597 - 3 0 16_internal_5993 16 73081470 73159315 156 169.665 1 2.99694 2.03791e-05 0.332296 0.00497512 2.64672e-05
ENSG00000261404.1 16 74330660 74330660 - 5 -766890 16_internal_6445 16 75097550 75143794 156 145.077 1.00003 3.93876 0.0270211 -0.174583 0.124378 0.123786
ENSG00000103035.5 16 74330673 74330673 + 5 264833 16_internal_5447 16 74595506 74631230 156 141.101 1.00004 3.9973 0.0699362 -0.144505 0.303483 0.298353
ENSG00000260884.1 16 74347235 74347235 + 5 697995 16_internal_7528 16 75045230 75147438 156 156.99 1.00002 4.50229 0.0999624 -0.129257 0.383085 0.374241
ENSG00000239763.2 16 74347288 74347288 - 5 -697942 16_internal_7528 16 75045230 75147438 156 144.544 0.999966 4.46014 0.229059 -0.0964245 0.726368 0.717879
ENSG00000259972.1 16 74369244 74369244 - 5 -226262 16_internal_5447 16 74595506 74631230 156 170.503 0.99998 5.68908 0.204185 -0.0987699 0.676617 0.686197
ENSG00000261079.1 16 74401360 74401360 + 5 780696 16_internal_5591 16 75182056 75605732 156 131.229 1.00005 3.53259 0.0469321 0.159674 0.19403 0.22166
ENSG00000214331.4 16 74402138 74402138 - 5 -193368 16_internal_5447 16 74595506 74631230 156 159.809 1.00005 4.99819 0.0634078 -0.146343 0.268657 0.266992
ENSG00000196436.6 16 74411156 74411156 + 5 686394 16_internal_6445 16 75097550 75143794 156 149.068 0.999982 4.45043 0.00404705 -0.219955 0.0199005 0.021884
ENSG00000140839.7 16 74455368 74455368 - 5 -642182 16_internal_6445 16 75097550 75143794 156 136.073 0.99995 4.4425 0.101711 -0.126982 0.462687 0.451592
ENSG00000260539.1 16 74483790 74483790 - 6 -111716 16_internal_5447 16 74595506 74631230 156 163.587 1.13179 7.59122 0.00299128 0.236561 0.0199005 0.00995206
ENSG00000251794.1 16 74490439 74490439 + 6 105067 16_internal_5447 16 74595506 74631230 156 147.484 1.00002 4.60118 0.211369 0.0959998 0.691542 0.689254
ENSG00000207525.1 16 74497886 74497886 - 6 -599664 16_internal_6445 16 75097550 75143794 156 152.77 1.10085 6.4086 0.0295109 -0.178726 0.164179 0.15016
ENSG00000240861.1 16 74586149 74586149 + 6 878974 16_internal_6079 16 75465123 75591054 156 139.669 0.999973 4.9478 0.165272 -0.105356 0.646766 0.645951
ENSG00000090863.7 16 74641012 74641012 - 7 9782 16_internal_5447 16 74595506 74631230 156 186.316 0.955173 7.54311 2.10079e-08 0.418846 0.00497512 1.61004e-08
ENSG00000168411.9 16 74700779 74700779 - 7 84402 16_internal_5790 16 74591042 74616377 156 149.48 1.03606 6.24822 0.179328 -0.108452 0.711443 0.717183
ENSG00000262904.1 16 74701404 74701404 + 7 -85027 16_internal_5790 16 74591042 74616377 156 161.012 0.98498 7.32644 0.0385525 0.163902 0.248756 0.239184
ENSG00000168404.8 16 74734858 74734858 - 7 -362692 16_internal_6445 16 75097550 75143794 156 167.578 0.882111 6.52931 0.101429 -0.130792 0.502488 0.514919
ENSG00000186187.7 16 75032928 75032928 + 7 12302 16_internal_7528 16 75045230 75147438 156 155.985 1.02916 7.20957 2.38649e-06 0.358884 0.00497512 1.23787e-05
ENSG00000103091.10 16 75034071 75034071 - 7 -11159 16_internal_7528 16 75045230 75147438 156 179.537 0.857077 7.42743 0.0669591 -0.143459 0.383085 0.383214
ENSG00000247033.1 16 75144610 75144610 - 7 0 16_internal_7528 16 75045230 75147438 156 156.259 1.00462 6.63193 3.91065e-05 0.322941 0.00497512 0.000245529
ENSG00000166816.9 16 75150669 75150669 - 7 -314454 16_internal_6079 16 75465123 75591054 156 148.398 1.00901 6.74848 0.0240045 -0.171184 0.159204 0.169621
ENSG00000184517.7 16 75182390 75182390 + 7 -38596 16_internal_6445 16 75097550 75143794 156 163.206 0.912866 6.37576 0.034897 0.172837 0.21393 0.215981
ENSG00000259999.1 16 75358946 75358946 - 7 742569 16_internal_5790 16 74591042 74616377 156 189.013 0.84264 6.52748 0.0496233 -0.161048 0.248756 0.250442
ENSG00000261783.1 16 75415158 75415158 - 7 267720 16_internal_7528 16 75045230 75147438 156 169.62 0.951078 6.628 0.105745 -0.126799 0.457711 0.494075
ENSG00000153774.4 16 75467383 75467383 - 7 851006 16_internal_5790 16 74591042 74616377 156 168.919 0.993247 7.57561 0.0941862 -0.134777 0.462687 0.478133
ENSG00000261476.1 16 75493915 75493915 - 7 350121 16_internal_6445 16 75097550 75143794 156 162.2 1.03529 7.05573 0.05556 -0.152538 0.353234 0.292794
ENSG00000261717.1 16 75498604 75498604 - 7 0 16_internal_6079 16 75465123 75591054 156 175.805 0.922233 8.0276 0.062608 0.148869 0.328358 0.363607
ENSG00000166822.8 16 75499395 75499395 - 7 0 16_internal_5591 16 75182056 75605732 156 161.5 0.952117 7.48669 0.00394846 0.23769 0.039801 0.0301791
ENSG00000262583.1 16 75550178 75550178 - 7 933801 16_internal_5790 16 74591042 74616377 156 156 0.934015 7.07932 0.0145102 0.19768 0.134328 0.116972
ENSG00000205084.4 16 75590176 75590176 - 7 0 16_internal_6079 16 75465123 75591054 156 156.396 1.03603 6.72314 0.0287543 -0.17739 0.179104 0.164356
ENSG00000034713.3 16 75600249 75600249 + 7 0 16_internal_5591 16 75182056 75605732 156 170.412 0.930358 7.22719 0.0242059 0.176849 0.154229 0.148816
ENSG00000259992.1 16 75642343 75642343 - 5 0 16_internal_5895 16 75598639 77228342 156 210.448 0.99997 5.7728 0.121916 -0.12736 0.363184 0.351561
ENSG00000065457.6 16 75657198 75657198 - 5 51466 16_internal_5591 16 75182056 75605732 156 156.518 1.00001 5.26475 0.078842 -0.147737 0.368159 0.349173
ENSG00000166848.4 16 75681684 75681684 + 5 -75952 16_internal_5591 16 75182056 75605732 156 153.837 0.999998 4.45032 0.0363805 0.171894 0.124378 0.157218
ENSG00000065427.10 16 75682541 75682541 - 5 91487 16_internal_6079 16 75465123 75591054 156 166.116 0.999992 5.12779 0.366731 -0.0720132 0.900498 0.891557
ENSG00000240199.2 16 75732728 75732728 - 5 585290 16_internal_7528 16 75045230 75147438 156 146.829 0.999992 5.25846 0.139756 0.112164 0.577114 0.579794
ENSG00000214325.2 16 75734089 75734089 - 5 128357 16_internal_5591 16 75182056 75605732 156 158.163 0.999954 4.49016 0.0602705 -0.149511 0.218905 0.237199
ENSG00000261424.1 16 75743713 75743713 - 5 599919 16_internal_6445 16 75097550 75143794 156 184.869 1.008 6.50884 0.324909 -0.0832771 0.895522 0.884679
ENSG00000103111.10 16 77224732 77224732 + 2 0 16_internal_5895 16 75598639 77228342 156 159.976 0.999966 2.0862 0.0198576 0.186295 0.0298507 0.0378909
ENSG00000205078.5 16 77233294 77233294 + 2 -4952 16_internal_5895 16 75598639 77228342 156 206.365 0.999998 2.53031 0.055676 0.151546 0.0845771 0.0685706
ENSG00000261063.1 16 77283854 77283854 - 2 55512 16_internal_5895 16 75598639 77228342 156 162.048 1.00003 2.05871 0.0571856 0.157033 0.134328 0.105189
ENSG00000140876.7 16 77756411 77756411 + 2 -528069 16_internal_5895 16 75598639 77228342 156 165.72 0.999965 2.1831 0.27696 0.0817423 0.482587 0.485515
ENSG00000261707.1 16 77776897 77776897 - 4 -998924 16_internal_7414 16 78775821 80685239 156 153.243 1.00005 3.60555 0.025997 0.166397 0.0945274 0.0951499
ENSG00000186153.12 16 78133310 78133310 + 5 0 16_internal_7133 16 78132518 78586707 156 151.003 1.00001 4.77646 0.172113 0.112393 0.646766 0.610551
ENSG00000260969.1 16 78275115 78275115 - 4 -801811 16_internal_5481 16 79076926 79134340 156 152.481 1.00002 3.83258 0.0106656 0.207411 0.0497512 0.0436907
ENSG00000260733.1 16 78540465 78540465 - 6 -536461 16_internal_5481 16 79076926 79134340 156 155.269 0.911119 6.13788 0.0109276 0.206908 0.109453 0.0867381
ENSG00000261837.1 16 78568271 78568271 + 6 207550 16_internal_7414 16 78775821 80685239 156 173.459 0.962536 5.83383 0.129739 0.118361 0.507463 0.510791
ENSG00000243101.1 16 78859178 78859178 + 6 0 16_internal_7414 16 78775821 80685239 156 138.831 0.999975 5.16368 0.0284405 -0.178031 0.179104 0.184679
ENSG00000260816.1 16 78931062 78931062 + 6 -344355 16_internal_7133 16 78132518 78586707 156 142.441 1.0151 6.16645 0.0946551 0.13689 0.512438 0.506781
ENSG00000261537.1 16 79028242 79028242 + 6 48684 16_internal_5481 16 79076926 79134340 156 161.225 1.08871 6.55523 0.146631 0.115451 0.621891 0.592166
ENSG00000260694.1 16 79112131 79112131 - 6 0 16_internal_5481 16 79076926 79134340 156 161.941 0.979104 6.47489 0.23518 0.0960283 0.800995 0.815765
ENSG00000260479.1 16 79123947 79123947 + 6 0 16_internal_5481 16 79076926 79134340 156 157.219 1.09046 7.35786 0.0573635 0.150582 0.348259 0.307688
ENSG00000260511.1 16 79139854 79139854 + 6 165962 16_internal_6949 16 79305816 79313079 156 147.088 0.994415 5.4932 0.195846 0.107047 0.746269 0.726349
ENSG00000178573.6 16 79634611 79634611 - 8 148133 16_internal_7288 16 79406505 79486478 156 152.588 0.990672 7.73538 3.38898e-07 0.402369 0.00497512 3.9749e-06
ENSG00000261128.1 16 80636416 80636416 - 5 0 16_internal_8840 16 80587614 80842555 156 153.562 1.00005 4.50447 3.70283e-05 0.320609 0.00497512 0.000191868
ENSG00000260064.1 16 80662276 80662276 - 6 0 16_internal_8840 16 80587614 80842555 156 162.81 0.977604 5.93421 0.000690696 0.279101 0.00497512 0.0035794
ENSG00000260594.1 16 80770257 80770257 + 6 0 16_internal_6917 16 80613815 80779431 156 176.094 0.996409 6.43983 0.0748847 0.140514 0.303483 0.322841
ENSG00000166446.9 16 80838226 80838226 - 7 0 16_internal_8840 16 80587614 80842555 156 187.063 0.95605 8.23149 3.98508e-05 0.320178 0.00497512 8.73522e-05
ENSG00000166451.9 16 81040103 81040103 + 7 -348380 16_internal_5749 16 80573796 80691723 156 154.949 1.06532 6.89815 0.0715391 0.146819 0.40796 0.375191
ENSG00000103121.4 16 81053875 81053875 - 7 362152 16_internal_5749 16 80573796 80691723 156 153.045 0.959891 6.64514 0.0756254 0.145705 0.41791 0.438055
ENSG00000261061.1 16 81064375 81064375 + 7 -372652 16_internal_5749 16 80573796 80691723 156 147.012 1.00963 6.81473 0.137163 0.121854 0.651741 0.663442
ENSG00000260213.1 16 81069364 81069364 - 7 -579567 16_internal_6478 16 81648931 81668662 156 148.246 0.997601 5.83501 0.0393354 0.165534 0.243781 0.234602
ENSG00000166454.5 16 81069452 81069452 + 7 -377729 16_internal_5749 16 80573796 80691723 156 158.605 0.938766 5.58282 0.167947 0.108394 0.656716 0.657766
ENSG00000261838.1 16 81103459 81103459 + 7 441338 16_internal_6176 16 81544797 81568042 156 170.96 0.929737 7.23676 0.0102957 -0.207455 0.0696517 0.0644556
ENSG00000166455.9 16 81110872 81110872 - 7 419149 16_internal_5749 16 80573796 80691723 156 181 0.871503 7.69071 0.380086 0.0698251 0.9801 0.969526
ENSG00000245059.2 16 81110924 81110924 + 7 -268369 16_internal_8840 16 80587614 80842555 156 144.848 1.02813 6.59371 0.0670484 0.148865 0.402985 0.400136
ENSG00000260643.1 16 81121256 81121256 - 7 -700765 16_internal_6186 16 81822021 81880167 156 172.133 1.05172 7.90206 0.150727 -0.112195 0.656716 0.650785
ENSG00000140905.5 16 81130008 81130008 - 7 438285 16_internal_5749 16 80573796 80691723 156 172.453 0.922298 7.87763 0.287118 0.0855054 0.915423 0.920703
ENSG00000260495.1 16 81347028 81347028 - 9 -855628 16_internal_6426 16 82202656 82231061 156 153.121 1.04632 9.02263 0.0358841 0.162645 0.278607 0.272517
ENSG00000127688.3 16 81348557 81348557 + 9 -663318 16_internal_7414 16 78775821 80685239 156 168.37 0.845619 7.07426 0.0675072 0.149044 0.40796 0.418914
ENSG00000261609.1 16 81416874 81416874 + 9 -731635 16_internal_7414 16 78775821 80685239 156 145.686 1.03652 7.86174 0.0488059 0.158306 0.303483 0.352458
ENSG00000265271.1 16 81418623 81418623 + 9 126174 16_internal_6176 16 81544797 81568042 156 167.883 0.961672 10.5773 0.0874417 0.131494 0.572139 0.584813
ENSG00000153815.10 16 81478775 81478775 + 9 66022 16_internal_6176 16 81544797 81568042 156 160.509 0.997802 8.59345 0.00704437 0.210641 0.0497512 0.0529648
ENSG00000260229.1 16 81510124 81510124 - 9 -138807 16_internal_6478 16 81648931 81668662 156 136.241 1.14234 8.20732 0.000636231 0.2741 0.00497512 0.00579311
ENSG00000261218.1 16 81771853 81771853 + 7 430803 16_internal_6426 16 82202656 82231061 156 153.943 1.01021 6.78053 0.0668689 0.148949 0.373134 0.378071
ENSG00000197943.5 16 81772702 81772702 + 7 49319 16_internal_6186 16 81822021 81880167 156 136.089 0.999955 5.34153 0.000181666 0.30048 0.00497512 0.00252671
ENSG00000260682.1 16 81993524 81993524 + 5 -113357 16_internal_6186 16 81822021 81880167 156 168.203 1.00004 5.24368 0.00476263 0.222706 0.039801 0.017569
ENSG00000200543.1 16 81995531 81995531 + 5 -115364 16_internal_6186 16 81822021 81880167 156 129.111 1.00001 3.80884 0.00374914 0.230088 0.0149254 0.0315718
ENSG00000184860.4 16 82045093 82045093 - 5 477051 16_internal_6176 16 81544797 81568042 156 165.491 0.999969 5.29181 0.0997885 -0.131308 0.40796 0.392944
ENSG00000135698.5 16 82203831 82203831 - 5 0 16_internal_6426 16 82202656 82231061 156 145.686 0.999959 4.48153 4.10966e-06 0.364738 0.00497512 3.84267e-05
ENSG00000251888.1 16 82226395 82226395 - 5 346228 16_internal_6186 16 81822021 81880167 156 141.863 1.00001 3.74873 0.0762971 0.136607 0.303483 0.300721
ENSG00000140945.11 16 82660408 82660408 + 4 -780241 16_internal_6186 16 81822021 81880167 156 158.148 1.00004 4.10219 0.0801903 0.140118 0.293532 0.283737
ENSG00000260523.1 16 83831266 83831266 + 3 713079 16_internal_9154 16 84544345 84652975 156 158.331 1.00002 2.83171 0.234802 0.0942182 0.532338 0.525252
ENSG00000260228.1 16 83841439 83841439 - 3 -736078 16_internal_7420 16 84577517 84589882 156 161.682 1.00001 2.90872 0.173503 0.112126 0.412935 0.409888
ENSG00000230989.2 16 83841448 83841448 + 3 941511 16_internal_7437 16 84782959 84878238 156 159.504 1.00002 3.34742 0.417958 -0.0645266 0.840796 0.831681
ENSG00000103150.4 16 83932731 83932731 + 3 611614 16_internal_9154 16 84544345 84652975 156 177.709 0.999977 3.17064 0.0972867 0.134878 0.223881 0.223578
ENSG00000260300.1 16 83941738 83941738 + 3 841221 16_internal_7437 16 84782959 84878238 156 199.007 0.999976 3.58556 0.217006 0.0984973 0.467662 0.471803
ENSG00000260932.1 16 83964828 83964828 - 3 -818131 16_internal_7437 16 84782959 84878238 156 165.278 0.999988 3.43351 0.436506 0.0643058 0.850746 0.848775
ENSG00000140961.8 16 83981887 83981887 + 3 801072 16_internal_7437 16 84782959 84878238 156 123.536 1.00005 2.44337 0.0239676 0.182798 0.104478 0.105527
ENSG00000103154.5 16 84002237 84002237 + 3 542108 16_internal_9154 16 84544345 84652975 156 156.061 0.999964 3.06344 0.132023 0.11562 0.358209 0.35177
ENSG00000140943.12 16 84150511 84150511 - 7 -971522 16_internal_6179 16 85122033 85128917 156 156.503 0.966041 5.97681 0.171016 0.107206 0.646766 0.685225
ENSG00000260018.1 16 84150656 84150656 + 7 983877 16_internal_5743 16 85134533 85486372 156 160.738 0.949573 6.40914 0.11731 0.122443 0.522388 0.555377
ENSG00000103160.6 16 84178797 84178797 - 7 -836233 16_internal_6795 16 85015030 85053026 156 157.204 1.05634 7.186 0.296202 -0.0847709 0.880597 0.910674
ENSG00000154099.12 16 84178865 84178865 + 7 365480 16_internal_9154 16 84544345 84652975 156 174.555 0.848925 6.51497 0.0296657 0.166374 0.20398 0.186479
ENSG00000103168.12 16 84220669 84220669 - 7 -323676 16_internal_9154 16 84544345 84652975 156 148.215 0.999802 6.39476 0.00420238 0.222907 0.039801 0.0332562
ENSG00000064270.7 16 84402133 84402133 + 7 732400 16_internal_5743 16 85134533 85486372 156 174.357 0.931907 7.31962 0.116359 0.12723 0.517413 0.556928
ENSG00000261286.1 16 84500967 84500967 - 7 -557093 16_internal_6060 16 85058060 85125908 156 174.083 0.927903 6.89822 0.346075 0.0727321 0.940299 0.937898
ENSG00000261243.1 16 84529205 84529205 + 7 15140 16_internal_9154 16 84544345 84652975 156 140.08 1.09183 6.07633 0.0230988 0.183823 0.154229 0.145698
ENSG00000140950.11 16 84587639 84587639 - 7 0 16_internal_7420 16 84577517 84589882 156 180.588 1.01468 8.72475 0.153286 0.117137 0.686567 0.680525
ENSG00000261471.1 16 84627999 84627999 + 8 154960 16_internal_7437 16 84782959 84878238 156 161.408 0.93765 8.31379 0.0189831 0.189512 0.18408 0.153835
ENSG00000103187.5 16 84651683 84651683 - 8 0 16_internal_9154 16 84544345 84652975 156 156.929 0.976313 8.6095 0.359902 0.0737182 0.9801 0.979094
ENSG00000135686.8 16 84682131 84682131 + 9 -29156 16_internal_9154 16 84544345 84652975 156 149.358 1.00549 8.86405 0.0953593 0.130009 0.621891 0.615118
ENSG00000103194.11 16 84733584 84733584 + 9 281446 16_internal_6795 16 85015030 85053026 156 157.996 0.966988 8.97411 0.216409 -0.0963173 0.900498 0.890052
ENSG00000103196.7 16 84853590 84853590 + 9 0 16_internal_7437 16 84782959 84878238 156 183.574 0.895816 11.5579 3.10254e-15 0.574885 0.00497512 6.23818e-15
ENSG00000260859.1 16 84861869 84861869 + 9 0 16_internal_7437 16 84782959 84878238 156 156.929 0.972622 9.31323 5.00342e-08 0.416174 0.00497512 6.41709e-07
ENSG00000265249.1 16 84886574 84886574 + 9 -8336 16_internal_7437 16 84782959 84878238 156 167.837 0.964047 10.1133 2.58086e-08 0.43149 0.00497512 1.41432e-07
ENSG00000153786.8 16 85045141 85045141 - 10 0 16_internal_6795 16 85015030 85053026 156 180.162 0.992153 11.6343 0.000259431 0.286793 0.00497512 0.00106214
ENSG00000135709.8 16 85061375 85061375 + 10 -471493 16_internal_7420 16 84577517 84589882 156 140.735 1.07037 8.79701 0.221086 -0.0957388 0.910448 0.90577
ENSG00000153789.8 16 85146114 85146114 - 10 17197 16_internal_6179 16 85122033 85128917 156 163.373 1.01178 11.0016 0.0263459 -0.18124 0.208955 0.221239
ENSG00000260417.1 16 85625872 85625872 + 9 -496955 16_internal_6179 16 85122033 85128917 156 171.036 1.0574 11.4012 0.23263 0.0949701 0.935323 0.926371
ENSG00000131149.13 16 85645015 85645015 + 9 -3053 16_internal_6144 16 85589421 85641962 156 158.681 1.01247 9.32617 3.81251e-05 0.325635 0.00497512 0.000274236
ENSG00000263968.1 16 85692984 85692984 + 8 237599 16_internal_6329 16 85930583 85984492 156 185.128 0.873919 8.41144 0.0484354 0.155425 0.293532 0.293402
ENSG00000131153.4 16 85723679 85723679 - 8 81717 16_internal_6144 16 85589421 85641962 156 147.804 1.14702 7.54071 0.241049 0.0918859 0.855721 0.863704
ENSG00000154102.5 16 85784689 85784689 - 8 655772 16_internal_6179 16 85122033 85128917 156 156.396 1.04596 7.9738 0.344832 -0.0761242 0.965174 0.96244
ENSG00000252311.1 16 85815505 85815505 - 8 -115078 16_internal_6329 16 85930583 85984492 156 145.686 0.947196 6.8656 0.038858 -0.159971 0.288557 0.29965
ENSG00000131143.4 16 85832239 85832239 + 8 -954001 16_internal_7437 16 84782959 84878238 156 161.5 0.976832 7.415 0.00491248 -0.216135 0.039801 0.0336481
ENSG00000131148.4 16 85833214 85833214 - 8 -97369 16_internal_6329 16 85930583 85984492 156 170.914 1.0111 8.42089 0.046107 0.153685 0.223881 0.266019
ENSG00000140968.5 16 85932409 85932409 + 7 0 16_internal_6329 16 85930583 85984492 156 161.027 0.985522 7.74741 0.190413 0.105268 0.791045 0.79599
ENSG00000268804.1 16 85969829 85969829 - 7 290400 16_internal_6479 16 85655221 85679429 156 172.377 0.983652 8.53578 0.306971 0.0793256 0.940299 0.943068
ENSG00000269667.1 16 86015356 86015356 + 7 -528984 16_internal_5743 16 85134533 85486372 156 164.546 0.907938 6.84938 0.010199 0.195963 0.0945274 0.0747367
ENSG00000243697.1 16 86559063 86559063 + 4 935830 16_internal_6043 16 87494893 87543188 156 156.488 1.00002 4.26714 0.0269087 -0.183233 0.119403 0.108941
ENSG00000103248.12 16 86588841 86588841 - 4 909412 16_internal_6479 16 85655221 85679429 156 162.84 0.999994 3.96905 0.265502 0.0873731 0.686567 0.689532
ENSG00000260456.1 16 87351022 87351022 - 4 -143871 16_internal_6043 16 87494893 87543188 156 159.032 0.999987 3.88743 0.00602093 0.218534 0.0348259 0.0214017
ENSG00000131152.4 16 87367879 87367879 - 4 -127014 16_internal_6043 16 87494893 87543188 156 163.815 1.00005 3.74408 2.50054e-06 0.359663 0.00497512 5.23994e-06
ENSG00000140941.8 16 87417601 87417601 + 4 77292 16_internal_6043 16 87494893 87543188 156 148.84 1.00006 4.14114 0.00240829 0.230372 0.00995025 0.0125144
ENSG00000103264.11 16 87425748 87425748 - 4 -69145 16_internal_6043 16 87494893 87543188 156 147.377 0.999947 3.31824 3.32744e-11 0.465586 0.00497512 3.84449e-10
ENSG00000261592.1 16 87433901 87433901 - 4 -281611 16_internal_6137 16 87715512 87748695 156 156.64 1.00004 4.20128 0.116328 -0.126899 0.422886 0.403086
ENSG00000140948.7 16 87525651 87525651 - 6 0 16_internal_6043 16 87494893 87543188 156 158.224 1.0077 6.60899 1.05362e-05 0.341318 0.00497512 5.57207e-05
ENSG00000154118.8 16 87635441 87635441 + 7 349919 16_internal_5902 16 87985360 88001440 156 143.066 1.0512 5.91998 0.374233 0.0708518 0.930348 0.944349
ENSG00000226180.2 16 87729753 87729753 - 9 0 16_internal_6137 16 87715512 87748695 156 149.038 1.00358 7.99889 0.0501305 -0.152293 0.393035 0.365283
ENSG00000205047.3 16 87739290 87739290 - 9 -246070 16_internal_5902 16 87985360 88001440 156 159.656 0.97962 9.12995 0.153814 -0.110605 0.781095 0.777169
ENSG00000260671.1 16 87781312 87781312 - 9 32617 16_internal_6137 16 87715512 87748695 156 171.219 0.89521 8.99529 0.27499 0.0869602 0.940299 0.93958
ENSG00000104731.9 16 87799598 87799598 - 9 50903 16_internal_6137 16 87715512 87748695 156 173.641 1.00003 11.5526 0.0117336 0.203808 0.0995025 0.0868403
ENSG00000260466.1 16 87870138 87870138 + 10 0 16_internal_9168 16 87810936 87932260 156 169.772 0.922677 10.145 0.0279717 0.169176 0.233831 0.232793
ENSG00000103257.4 16 87903094 87903094 - 10 0 16_internal_9168 16 87810936 87932260 156 157.676 1.02768 9.59013 0.0257411 0.175264 0.228856 0.204415
ENSG00000172530.14 16 87982850 87982850 + 10 -234155 16_internal_6137 16 87715512 87748695 156 152.161 1.08815 8.94968 0.023536 0.180271 0.174129 0.173075
ENSG00000261193.1 16 88120989 88120989 - 12 188729 16_internal_9168 16 87810936 87932260 156 189.455 0.833283 11.3692 0.0829095 0.137919 0.527363 0.562598
ENSG00000260166.1 16 88120993 88120993 + 12 -188733 16_internal_9168 16 87810936 87932260 156 139.669 1.09295 10.2728 0.102627 0.128969 0.716418 0.707327
ENSG00000205037.2 16 88134591 88134591 - 12 202331 16_internal_9168 16 87810936 87932260 156 146.128 0.948432 10.4401 0.0041595 0.223773 0.079602 0.0666353
ENSG00000261327.2 16 88219696 88219696 - 13 287436 16_internal_9168 16 87810936 87932260 156 170.991 1.00909 13.7137 0.00217765 0.233795 0.0348259 0.0173908
ENSG00000225614.2 16 88493879 88493879 + 16 -745184 16_internal_6137 16 87715512 87748695 156 165.933 0.914068 16.1818 0.000220649 0.29392 0.00497512 0.00391105
ENSG00000179588.3 16 88519725 88519725 + 16 868450 16_internal_6320 16 89388175 89450690 156 137.49 1.07776 11.0587 0.0547571 0.155606 0.547264 0.524706
ENSG00000205036.2 16 88636548 88636548 - 15 -522989 16_internal_8375 16 89159537 89480758 156 150.394 1.06905 13.9039 0.0183796 -0.180759 0.228856 0.22325
ENSG00000158545.11 16 88636789 88636789 + 15 0 16_internal_5740 16 88534751 89238797 156 159.138 0.961789 13.7441 0.0434964 -0.160657 0.477612 0.45955
ENSG00000124391.4 16 88704999 88704999 + 16 0 16_internal_5740 16 88534751 89238797 156 147.286 1.046 14.25 0.0741393 0.141202 0.706468 0.690966
ENSG00000051523.6 16 88717560 88717560 - 16 0 16_internal_5927 16 88699672 88852773 156 159.352 0.989126 14.431 0.00113942 0.256344 0.0348259 0.0151811
ENSG00000167508.6 16 88729569 88729569 - 16 980874 16_internal_6137 16 87715512 87748695 156 161.515 1.04846 16.1596 0.198118 -0.0991366 0.955224 0.963846
ENSG00000260630.2 16 88729706 88729706 + 16 429831 16_internal_8375 16 89159537 89480758 156 151.811 0.989619 13.9786 0.0868848 0.13457 0.736318 0.74107
ENSG00000185669.5 16 88752901 88752901 - 15 0 16_internal_5740 16 88534751 89238797 156 193.324 0.900423 17.3829 0.00140071 0.248081 0.0248756 0.0111175
ENSG00000259813.1 16 88762909 88762909 + 16 0 16_internal_5927 16 88699672 88852773 156 145.976 0.949658 11.4531 0.0156082 0.185842 0.189055 0.220924
ENSG00000158717.6 16 88772829 88772829 - 16 0 16_internal_5740 16 88534751 89238797 156 140.888 0.957323 11.386 0.0210527 0.178835 0.303483 0.298878
ENSG00000174177.8 16 88772871 88772871 + 16 249247 16_internal_6085 16 89022118 89061558 156 167.456 0.983431 17.0051 0.0387763 0.167311 0.452736 0.43535
ENSG00000265672.1 16 88782745 88782745 - 16 781305 16_internal_5902 16 87985360 88001440 156 167.67 0.960726 16.3293 0.0205686 0.171586 0.263682 0.252885
ENSG00000260121.1 16 88785023 88785023 + 16 -97678 16_internal_6288 16 88684712 88687345 156 160.388 1.0083 15.2672 0.0387485 -0.158103 0.427861 0.425572
ENSG00000224888.3 16 88797588 88797588 + 16 26327 16_internal_8294 16 88823915 88852563 156 150.394 1.03333 15.1264 0.0699495 0.139378 0.701493 0.680822
ENSG00000260617.1 16 88808039 88808039 + 16 214079 16_internal_6085 16 89022118 89061558 156 164.638 0.964928 15.0307 0.00051488 0.269503 0.00995025 0.0065627
ENSG00000182376.2 16 88809175 88809175 + 16 -237312 16_internal_6537 16 88518434 88571863 156 161.271 0.980244 16.7854 0.04798 0.155911 0.567164 0.542218
ENSG00000103335.14 16 88851619 88851619 - 16 -133051 16_internal_5874 16 88984670 89046178 156 124.358 1.0964 10.6805 0.245079 0.0913592 0.960199 0.973233
ENSG00000167513.4 16 88869621 88869621 + 16 -17058 16_internal_8294 16 88823915 88852563 156 163.632 1.03463 18.5516 0.0187278 -0.188359 0.263682 0.244502
ENSG00000198931.6 16 88878352 88878352 - 16 25789 16_internal_8294 16 88823915 88852563 156 182.005 0.952403 17.319 0.092848 0.129434 0.736318 0.729764
ENSG00000167515.6 16 88922628 88922628 + 16 99490 16_internal_6085 16 89022118 89061558 156 160.281 0.936329 13.4222 0.120537 -0.120623 0.810945 0.824924
ENSG00000141012.8 16 88923378 88923378 - 16 -436733 16_internal_5915 16 89360111 89555837 156 171.021 0.980342 15.8533 0.0850598 -0.135923 0.706468 0.698173
ENSG00000205022.5 16 88933068 88933068 - 15 -455107 16_internal_6320 16 89388175 89450690 156 157.904 0.985179 11.7285 0.05769 0.159541 0.542289 0.499451
ENSG00000259881.1 16 88947446 88947446 + 15 -946006 16_internal_5902 16 87985360 88001440 156 155.573 0.966081 12.9467 0.0248819 0.180472 0.303483 0.295663
ENSG00000261226.1 16 89006059 89006059 - 14 153286 16_internal_5927 16 88699672 88852773 156 195.213 0.917484 19.5481 0.0586788 -0.145723 0.557214 0.535439
ENSG00000205018.2 16 89006197 89006197 + 14 381978 16_internal_6320 16 89388175 89450690 156 151.567 1.00551 11.8014 0.09131 0.126008 0.706468 0.694263
ENSG00000129993.10 16 89043612 89043612 - 14 0 16_internal_5874 16 88984670 89046178 156 160.738 0.972953 13.5666 0.00597638 0.225565 0.0646766 0.0749623
ENSG00000256982.1 16 89119373 89119373 - 14 73195 16_internal_5874 16 88984670 89046178 156 155.193 0.883226 12.0653 0.0418321 -0.161227 0.487562 0.465236
ENSG00000176715.11 16 89154783 89154783 + 16 980986 16_internal_6875 16 90135769 90149819 156 150.47 1.00005 12.8341 0.0667228 0.139483 0.631841 0.615429
ENSG00000261546.1 16 89181687 89181687 - 16 -580838 16_internal_6969 16 89762525 89769468 156 147.713 0.880757 10.9951 0.0573672 0.150317 0.557214 0.575879
ENSG00000180422.3 16 89225554 89225554 + 16 -372781 16_internal_5927 16 88699672 88852773 156 156.03 0.988478 15.3802 0.026114 -0.174441 0.328358 0.339609
ENSG00000259803.1 16 89266726 89266726 - 16 -133230 16_internal_8500 16 89399956 89546097 156 157.737 0.941311 13.7482 0.0496997 0.150218 0.487562 0.522884
ENSG00000259877.1 16 89284061 89284061 - 16 -859403 16_internal_7922 16 90143464 90173760 156 175.485 0.858064 16.4235 0.0214962 0.185039 0.278607 0.280482
ENSG00000170100.9 16 89284118 89284118 + 16 115838 16_internal_8500 16 89399956 89546097 156 151.734 0.890999 12.4133 0.148889 0.109068 0.905473 0.896301
ENSG00000205014.4 16 89284120 89284120 + 16 0 16_internal_8375 16 89159537 89480758 156 171.036 0.918818 13.1385 0.133104 -0.120757 0.835821 0.823881
ENSG00000260659.1 16 89295100 89295100 - 16 607755 16_internal_6288 16 88684712 88687345 156 155.741 1.06754 16.0467 0.0798945 -0.14022 0.706468 0.71491
ENSG00000260637.1 16 89333938 89333938 - 16 481165 16_internal_5927 16 88699672 88852773 156 167.197 1.00384 15.5294 0.0830301 0.138396 0.701493 0.688844
ENSG00000268218.1 16 89334512 89334512 + 16 -288334 16_internal_5874 16 88984670 89046178 156 184.625 0.899673 17.3346 5.32765e-05 -0.318056 0.00497512 0.000466114
ENSG00000260279.1 16 89363916 89363916 + 16 771853 16_internal_6875 16 90135769 90149819 156 162.094 1.03215 15.8494 0.0595596 0.150089 0.567164 0.576397
ENSG00000261253.1 16 89387541 89387541 + 16 634 16_internal_6320 16 89388175 89450690 156 139.41 0.991844 12.024 0.131354 -0.116216 0.865672 0.867553
ENSG00000261574.1 16 89478972 89478972 - 16 -664492 16_internal_7922 16 90143464 90173760 156 163.617 0.881301 15.8867 0.0752765 -0.149904 0.706468 0.722447
ENSG00000261692.1 16 89488634 89488634 - 16 0 16_internal_5915 16 89360111 89555837 156 162.673 0.96439 12.5313 0.0136978 0.196466 0.139303 0.150363
ENSG00000252887.1 16 89509726 89509726 + 16 -975669 16_internal_5880 16 88525352 88534057 156 146.92 0.959393 12.3775 0.0548912 0.158547 0.562189 0.568678
ENSG00000167522.9 16 89556969 89556969 - 15 106279 16_internal_6320 16 89388175 89450690 156 150.211 0.909106 10.3946 0.0478793 -0.155467 0.432836 0.472118
ENSG00000197912.9 16 89557325 89557325 + 15 -1488 16_internal_5915 16 89360111 89555837 156 145.549 0.932222 11.1027 0.00363519 0.221914 0.079602 0.0672028
ENSG00000261118.1 16 89570868 89570868 - 15 509310 16_internal_6085 16 89022118 89061558 156 153.913 0.998977 12.7525 0.00248027 -0.218046 0.039801 0.0334344
ENSG00000167526.9 16 89627065 89627065 + 14 32982 16_internal_6886 16 89660047 89684160 156 138.953 1.01938 10.8588 0.0496464 -0.147484 0.522388 0.50331
ENSG00000200084.1 16 89627842 89627842 + 14 -147084 16_internal_8375 16 89159537 89480758 156 142.929 1.03199 10.951 0.0614466 0.145023 0.517413 0.552133
ENSG00000167523.9 16 89724210 89724210 + 13 -168373 16_internal_5915 16 89360111 89555837 156 157.721 0.994765 14.7838 0.0204539 -0.185065 0.258706 0.257873
ENSG00000131165.10 16 89724253 89724253 - 13 40093 16_internal_6886 16 89660047 89684160 156 146.844 0.977106 9.49804 0.0245245 -0.177504 0.263682 0.254674
ENSG00000185324.17 16 89747145 89747145 + 13 -894372 16_internal_5927 16 88699672 88852773 156 151.704 1.01525 11.0066 0.00047882 -0.284883 0.00995025 0.00579432
ENSG00000158792.11 16 89768113 89768113 - 13 721935 16_internal_5874 16 88984670 89046178 156 134.093 1.03632 8.89813 0.0452581 0.158473 0.452736 0.425089
ENSG00000261373.1 16 89778264 89778264 + 13 357505 16_internal_6875 16 90135769 90149819 156 160.129 0.97603 11.5692 0.0298491 -0.168862 0.283582 0.288705
ENSG00000158805.7 16 89786808 89786808 + 13 -725250 16_internal_6085 16 89022118 89061558 156 145.366 0.950062 9.95219 0.0537781 0.150598 0.467662 0.498775
ENSG00000075399.8 16 89787394 89787394 - 13 934621 16_internal_5927 16 88699672 88852773 156 152.405 1.0572 10.1302 0.00903559 0.204063 0.109453 0.0818494
ENSG00000187741.9 16 89883065 89883065 - 11 -252704 16_internal_6875 16 90135769 90149819 156 152.542 0.932369 9.59121 0.0424631 -0.156676 0.402985 0.388608
ENSG00000204991.6 16 89884587 89884587 + 11 -115119 16_internal_6969 16 89762525 89769468 156 145.001 0.990863 9.09385 0.0239567 -0.177146 0.293532 0.242331
ENSG00000141002.13 16 89940000 89940000 + 11 -255840 16_internal_6886 16 89660047 89684160 156 163.328 0.936433 10.1524 0.00617658 -0.213723 0.0746269 0.0622647
ENSG00000267048.1 16 89972565 89972565 + 11 170899 16_internal_7922 16 90143464 90173760 156 167.456 1.01519 13.1802 0.0664176 -0.145322 0.507463 0.532747
ENSG00000258839.2 16 89978527 89978527 + 11 -932349 16_internal_5874 16 88984670 89046178 156 170.168 0.991878 10.8423 0.338039 -0.0760905 0.985075 0.984226
ENSG00000256390.1 16 89985273 89985273 + 11 -923715 16_internal_6085 16 89022118 89061558 156 163.069 0.965362 10.9808 0.155277 0.109974 0.840796 0.832524
ENSG00000198211.8 16 89985573 89985573 + 11 -746776 16_internal_5740 16 88534751 89238797 156 156.548 0.878 10.2459 0.051395 -0.151895 0.432836 0.475803
ENSG00000259006.1 16 89989070 89989070 - 11 219602 16_internal_6969 16 89762525 89769468 156 169.635 0.846944 11.057 0.157001 -0.108908 0.825871 0.851148
ENSG00000140995.12 16 90014333 90014333 + 11 -244865 16_internal_6969 16 89762525 89769468 156 179.766 1.01343 12.6863 0.0178919 -0.186658 0.129353 0.126906
ENSG00000261317.1 16 90036199 90036199 + 11 -990021 16_internal_5874 16 88984670 89046178 156 148.017 1.0427 9.78818 0.00567215 0.220478 0.0497512 0.0587244
ENSG00000177946.4 16 90038942 90038942 - 11 992764 16_internal_5874 16 88984670 89046178 156 164.44 0.964162 11.442 0.0141376 0.192758 0.124378 0.137932
ENSG00000223959.4 16 90038994 90038994 + 11 104470 16_internal_7922 16 90143464 90173760 156 152.984 0.853466 8.32329 0.0971881 -0.127829 0.651741 0.650526
ENSG00000141013.10 16 90086037 90086037 + 9 57427 16_internal_7922 16 90143464 90173760 156 164.288 1.02701 9.92434 0.026816 0.178787 0.189055 0.196316
ENSG00000221819.2 16 90096309 90096309 - 9 326841 16_internal_6969 16 89762525 89769468 156 181.32 0.893063 8.86621 0.097458 -0.132594 0.492537 0.545016
ENSG00000222019.2 16 90114181 90114181 - 9 -29283 16_internal_7922 16 90143464 90173760 156 141.345 1.06238 6.86796 0.0295168 0.168884 0.243781 0.210912
ENSG00000126856.9 16 90158480 90158480 - 9 919683 16_internal_5740 16 88534751 89238797 156 171.935 0.94546 9.87699 0.0780194 0.142022 0.507463 0.507121
ENSG00000260528.1 16 90167798 90167798 + 9 0 16_internal_7922 16 90143464 90173760 156 156.96 1.1089 8.42872 0.00171875 0.25218 0.00497512 0.00838346
ENSG00000260507.1 16 90172724 90172724 - 9 0 16_internal_7922 16 90143464 90173760 156 162.551 0.975596 9.00898 0.000472074 0.277346 0.00995025 0.003741
ENSG00000261172.1 16 90234633 90234633 - 9 60873 16_internal_7922 16 90143464 90173760 156 188.464 0.88344 9.24645 0.00950949 0.209176 0.0696517 0.0599185
ENSG00000260923.1 16 90252405 90252405 + 8 -801715 16_internal_6320 16 89388175 89450690 156 159.397 0.929024 7.36676 0.0239009 -0.185275 0.174129 0.179497
