ENSG00000251874.1 4 83924565 83924565 + 6 78878 4_internal_7235 4 84003443 84141757 156 139.349 1.00001 5.00845 0.354855 -0.0757514 0.895522 0.910197
ENSG00000189308.6 4 83934079 83934079 - 6 581235 4_internal_7084 4 83291659 83352844 156 152.953 0.973957 5.43767 0.3219 -0.0786111 0.910448 0.888127
ENSG00000138663.4 4 83955600 83955600 + 6 -602756 4_internal_7084 4 83291659 83352844 156 161.774 0.989524 5.77489 0.0399202 0.161078 0.208955 0.19674
ENSG00000145287.6 4 84058228 84058228 - 6 0 4_internal_9619 4 84043990 84076932 156 139.273 1.00005 4.90796 0.00569009 0.219638 0.0547264 0.0433789
ENSG00000250677.1 4 84158456 84158456 + 6 -805612 4_internal_7084 4 83291659 83352844 156 131.823 1.00007 4.65214 0.397866 -0.0667566 0.930348 0.931027
ENSG00000248401.2 4 84168332 84168332 + 6 -970591 4_internal_9517 4 83056634 83197741 156 156.746 1.13708 6.85127 0.111962 -0.120158 0.522388 0.494635
ENSG00000250057.1 4 84168366 84168366 - 6 26609 4_internal_7235 4 84003443 84141757 156 155.375 0.999976 5.51109 0.0440844 0.159946 0.199005 0.221937
ENSG00000173085.9 4 84206067 84206067 - 5 23931 4_internal_8884 4 83995349 84182136 156 176.048 1.00002 5.91176 0.375053 -0.0724039 0.925373 0.918718
ENSG00000173083.10 4 84256306 84256306 - 5 114549 4_internal_7235 4 84003443 84141757 156 143.416 1.00001 3.93176 0.029269 0.177128 0.129353 0.136491
ENSG00000163312.6 4 84377009 84377009 - 4 300077 4_internal_9619 4 84043990 84076932 156 145.808 0.999953 3.60361 0.0652093 0.150644 0.243781 0.24403
ENSG00000163319.6 4 84377085 84377085 + 4 -235328 4_internal_7235 4 84003443 84141757 156 194.893 0.999975 4.2682 0.00702087 0.208726 0.0298507 0.0109528
ENSG00000213608.5 4 84398677 84398677 + 4 -321745 4_internal_9619 4 84043990 84076932 156 140.75 1.00005 3.50766 0.334575 -0.0788312 0.800995 0.790363
ENSG00000163322.9 4 84444501 84444501 - 4 302744 4_internal_7235 4 84003443 84141757 156 139.669 0.999987 3.71604 0.231463 0.0927075 0.671642 0.669461
ENSG00000138678.6 4 84457067 84457067 + 4 0 4_internal_7231 4 84424667 84459553 156 135.083 0.999947 3.4784 0.0095635 0.204792 0.0497512 0.0543137
ENSG00000163624.5 4 85504132 85504132 + 0 NA NA NA NA NA NA NA NA NA NA NA NA NA
ENSG00000239466.2 4 85609171 85609171 - 0 NA NA NA NA NA NA NA NA NA NA NA NA NA
ENSG00000251260.1 4 85724411 85724411 + 0 NA NA NA NA NA NA NA NA NA NA NA NA NA
ENSG00000252062.1 4 85807639 85807639 - 0 NA NA NA NA NA NA NA NA NA NA NA NA NA
ENSG00000180769.4 4 85887538 85887538 + 0 NA NA NA NA NA NA NA NA NA NA NA NA NA
ENSG00000163625.11 4 85887544 85887544 - 0 NA NA NA NA NA NA NA NA NA NA NA NA NA
ENSG00000201901.1 4 86021649 86021649 + 0 NA NA NA NA NA NA NA NA NA NA NA NA NA
ENSG00000138639.13 4 86396267 86396267 + 0 NA NA NA NA NA NA NA NA NA NA NA NA NA
ENSG00000266421.1 4 86643621 86643621 + 0 NA NA NA NA NA NA NA NA NA NA NA NA NA
ENSG00000265774.1 4 86831696 86831696 - 0 NA NA NA NA NA NA NA NA NA NA NA NA NA
ENSG00000261496.1 4 86935027 86935027 - 3 -921656 4_internal_8669 4 87856683 87899148 156 134.611 0.999948 2.41959 0.0918328 0.130397 0.218905 0.2609
ENSG00000109339.14 4 87515284 87515284 - 4 -341399 4_internal_8669 4 87856683 87899148 156 143.889 0.999942 3.73298 0.39155 0.0707752 0.855721 0.861069
ENSG00000163629.8 4 87515468 87515468 + 4 385709 4_internal_7400 4 87901177 87981273 156 197.971 1.00002 5.05353 0.12171 0.123254 0.343284 0.347992
ENSG00000243312.3 4 87791344 87791344 + 4 221519 4_internal_7794 4 88012863 88026811 156 148.52 1.00005 4.18841 0.28225 0.079918 0.771144 0.767504
ENSG00000251411.1 4 87835970 87835970 - 4 -65207 4_internal_7400 4 87901177 87981273 156 144.94 0.999946 3.69952 0.233359 -0.0986884 0.691542 0.656279
ENSG00000172493.16 4 87856154 87856154 + 4 529 4_internal_8669 4 87856683 87899148 156 147.027 0.999941 3.90015 0.0108376 0.204541 0.0298507 0.0512185
ENSG00000163633.6 4 87857354 87857354 - 4 0 4_internal_8669 4 87856683 87899148 156 140.903 1.00003 3.1848 3.8721e-05 0.320895 0.00497512 0.000293674
ENSG00000248196.1 4 88087996 88087996 + 4 -61185 4_internal_7794 4 88012863 88026811 156 161.332 0.999995 4.59676 0.173007 0.111334 0.567164 0.565436
ENSG00000248180.1 4 88128244 88128244 + 4 -191231 4_internal_7100 4 87855004 87937013 156 147.454 1.00003 3.6798 0.123956 -0.127972 0.402985 0.412989
ENSG00000145332.8 4 88141760 88141760 - 5 114949 4_internal_7794 4 88012863 88026811 156 153.623 0.999985 4.82689 0.179132 0.110788 0.631841 0.621901
ENSG00000250163.1 4 88161466 88161466 - 6 -978788 4_internal_7254 4 89140254 89153438 156 173.321 0.951721 6.35001 0.171937 -0.114975 0.631841 0.662529
ENSG00000170509.7 4 88244058 88244058 - 6 217247 4_internal_7794 4 88012863 88026811 156 143.797 0.955259 5.94192 0.0543446 0.157624 0.318408 0.348892
ENSG00000255723.1 4 88266362 88266362 - 6 329349 4_internal_7100 4 87855004 87937013 156 181.563 0.952567 6.87394 0.0829738 -0.137619 0.39801 0.375433
ENSG00000240966.2 4 88308326 88308326 - 8 -831928 4_internal_7254 4 89140254 89153438 156 160.205 0.961601 7.34092 0.295604 -0.0868023 0.920398 0.923429
ENSG00000198189.6 4 88312538 88312538 - 8 413390 4_internal_8669 4 87856683 87899148 156 177.221 0.938034 8.43324 0.109266 -0.123825 0.552239 0.567557
ENSG00000170502.8 4 88343734 88343734 + 8 958579 4_internal_8102 4 89302313 89379226 156 141.619 1.01318 7.46831 0.326687 -0.0785955 0.965174 0.959039
ENSG00000183199.6 4 88812995 88812995 + 10 701171 4_internal_7269 4 89514166 89570813 156 160.022 1.14044 12.3537 0.0261431 -0.174501 0.223881 0.206505
ENSG00000118762.3 4 88928820 88928820 + 10 -991807 4_internal_7100 4 87855004 87937013 156 141.847 1.12625 8.94776 0.0709115 0.148406 0.502488 0.493226
ENSG00000200469.1 4 89196460 89196460 - 9 -459189 4_internal_10804 4 89655649 89945776 156 164.653 1.06718 11.8006 0.0909416 -0.138119 0.631841 0.609932
ENSG00000163644.9 4 89205921 89205921 - 9 0 4_internal_8627 4 89151668 89243210 156 153.959 0.91432 8.14549 0.0110247 0.208031 0.139303 0.114153
ENSG00000138642.10 4 89299891 89299891 + 9 0 4_internal_8882 4 89295731 89300247 156 170.564 0.919224 9.2921 0.000417091 0.280379 0.00995025 0.00351814
ENSG00000138646.4 4 89378268 89378268 + 10 -78021 4_internal_8882 4 89295731 89300247 156 150.135 1.05587 7.68592 0.000241843 0.29568 0.00497512 0.00170396
ENSG00000138641.11 4 89442199 89442199 + 10 916899 4_internal_7823 4 90359098 90392253 156 161.865 1.04893 11.0105 0.00688013 0.215106 0.0646766 0.0541283
ENSG00000255072.1 4 89442940 89442940 - 10 -916158 4_internal_7823 4 90359098 90392253 156 150.455 1.03422 8.71229 0.00585038 0.224944 0.0646766 0.0517042
ENSG00000145337.4 4 89444964 89444964 - 10 65738 4_internal_8102 4 89302313 89379226 156 141.908 0.982745 8.48955 0.0256398 0.178632 0.283582 0.257449
ENSG00000207524.1 4 89606105 89606105 - 10 226879 4_internal_8102 4 89302313 89379226 156 170.747 0.985389 11.8905 0.0336117 -0.170645 0.293532 0.277226
ENSG00000177432.6 4 89619386 89619386 - 10 -265003 4_internal_10785 4 89884389 90259954 156 148.048 1.02355 9.34033 0.0105212 0.203149 0.114428 0.10605
ENSG00000248019.2 4 89630940 89630940 + 10 253449 4_internal_10785 4 89884389 90259954 156 165.765 0.940901 9.69207 0.00879254 0.204777 0.0845771 0.077974
ENSG00000138640.10 4 90032549 90032549 - 11 653323 4_internal_8102 4 89302313 89379226 156 159.611 0.935414 9.44585 0.00127498 0.236117 0.0199005 0.0144424
ENSG00000180346.2 4 90033968 90033968 + 11 -733721 4_internal_8882 4 89295731 89300247 156 162.079 0.866623 9.5624 0.036224 0.166652 0.348259 0.336422
ENSG00000185477.3 4 90229161 90229161 - 10 0 4_internal_10785 4 89884389 90259954 156 129.05 1.07301 8.03548 3.89489e-07 0.403482 0.00497512 1.45313e-05
ENSG00000251095.1 4 90472507 90472507 + 7 277279 4_internal_8688 4 90749786 90821506 156 170.488 0.937998 7.81684 6.8369e-09 0.437498 0.00497512 3.41642e-08
ENSG00000247775.2 4 90757559 90757559 + 6 0 4_internal_8688 4 90749786 90821506 156 177.739 0.999962 7.29502 0.0012772 0.250377 0.0199005 0.00425491
ENSG00000145335.11 4 90759466 90759466 - 6 0 4_internal_8688 4 90749786 90821506 156 153.974 1.00001 5.55296 1.18058e-12 0.526941 0.00497512 9.16606e-12
ENSG00000138722.5 4 90800683 90800683 + 6 -560362 4_internal_8702 4 90188510 90240321 156 151.597 1.11294 6.1047 0.302476 -0.0873174 0.885572 0.876828
ENSG00000184305.10 4 91048686 91048686 + 5 -788732 4_internal_10785 4 89884389 90259954 156 156.64 1.00002 4.77301 0.0501301 0.157485 0.199005 0.215812
ENSG00000187653.10 4 91760263 91760263 - 1 938757 4_internal_8688 4 90749786 90821506 156 123.977 1.00003 0.874219 0.835755 -0.0164795 0.81592 0.813378
ENSG00000163104.13 4 95128762 95128762 + 1 947562 4_internal_8483 4 96076324 96215202 156 147.636 1.00001 1.02971 0.560552 0.0456662 0.597015 0.581939
ENSG00000163106.6 4 95264027 95264027 - 1 -812297 4_internal_8483 4 96076324 96215202 156 187.17 0.99999 1.03089 0.216401 -0.0964908 0.169154 0.180518
ENSG00000163110.10 4 95373037 95373037 + 1 703287 4_internal_8483 4 96076324 96215202 156 157.523 0.999971 1.04549 0.465065 0.0571884 0.507463 0.47787
ENSG00000249951.1 4 95596396 95596396 + 1 479928 4_internal_8483 4 96076324 96215202 156 168.736 0.999994 0.88692 0.361499 0.0760622 0.328358 0.310619
ENSG00000242697.2 4 98946541 98946541 + 2 906714 4_internal_8276 4 99853255 99916622 156 158.498 1.00003 2.08889 0.457852 -0.0575858 0.736318 0.71777
ENSG00000163116.5 4 99064391 99064391 - 2 0 4_internal_9879 4 99063609 99073287 156 137.612 1.00003 1.90806 0.0602543 -0.149977 0.144279 0.142957
ENSG00000138698.9 4 99182535 99182535 + 2 -109248 4_internal_9879 4 99063609 99073287 156 157.721 1.00004 1.917 0.985485 0.00146089 1 0.999697
ENSG00000214559.3 4 99182781 99182781 - 2 109494 4_internal_9879 4 99063609 99073287 156 159.016 1.00001 2.12251 0.334995 0.076897 0.587065 0.573064
ENSG00000242318.1 4 99330441 99330441 + 2 -257154 4_internal_9879 4 99063609 99073287 156 172.514 1.00001 2.29616 0.15049 -0.116083 0.258706 0.274592
ENSG00000168785.3 4 99579780 99579780 - 2 -273475 4_internal_8276 4 99853255 99916622 156 164.044 0.999969 2.12993 0.935651 -0.00644881 1 0.996941
ENSG00000249055.1 4 99830999 99830999 - 2 -22256 4_internal_8276 4 99853255 99916622 156 182.02 1.00001 2.08753 0.916234 -0.00847853 0.99005 0.993366
ENSG00000263923.1 4 99850048 99850048 + 2 3207 4_internal_8276 4 99853255 99916622 156 183.224 0.999974 2.71532 0.272693 0.0822997 0.517413 0.515857
ENSG00000238449.1 4 99851138 99851138 - 2 777851 4_internal_9879 4 99063609 99073287 156 178.608 0.999969 2.29011 0.0188591 0.179831 0.0348259 0.0271898
ENSG00000151247.8 4 99851788 99851788 - 2 -1467 4_internal_8276 4 99853255 99916622 156 121.753 1.00004 1.6357 0.120109 -0.118041 0.258706 0.262551
ENSG00000164024.7 4 99916771 99916771 + 2 -843484 4_internal_9879 4 99063609 99073287 156 178.455 1.00003 2.40883 0.642791 -0.0363626 0.885572 0.902639
ENSG00000250496.2 4 99944282 99944282 - 2 27660 4_internal_8276 4 99853255 99916622 156 161.667 0.999971 1.84933 0.351464 0.0756829 0.522388 0.539945
ENSG00000197894.6 4 100009952 100009952 - 2 93330 4_internal_8276 4 99853255 99916622 156 151.262 1.00003 1.96621 0.0963929 -0.133106 0.189055 0.189967
ENSG00000246090.2 4 100010008 100010008 + 2 -93386 4_internal_8276 4 99853255 99916622 156 173.992 1.00004 2.01665 0.109708 0.128199 0.199005 0.175242
ENSG00000138823.8 4 100484918 100484918 + 1 -568296 4_internal_8276 4 99853255 99916622 156 132.036 1.00001 0.807956 0.99213 -0.000807703 0.99005 0.981351
ENSG00000145331.9 4 100485189 100485189 - 1 568567 4_internal_8276 4 99853255 99916622 156 179.354 0.999999 1.00948 0.429772 0.063993 0.38806 0.399991
ENSG00000070190.8 4 100737990 100737990 + 1 -821368 4_internal_8276 4 99853255 99916622 156 179.461 0.999996 0.962129 0.0120253 -0.193046 0.00995025 0.00678969
ENSG00000109270.8 4 100815647 100815647 - 1 899025 4_internal_8276 4 99853255 99916622 156 159.611 0.999982 0.979868 0.510579 -0.053053 0.472637 0.498655
ENSG00000164031.12 4 100867883 100867883 - 1 951261 4_internal_8276 4 99853255 99916622 156 197.971 1.00001 1.15073 0.770979 -0.022223 0.771144 0.790482
ENSG00000245322.2 4 100871163 100871163 + 1 -954541 4_internal_8276 4 99853255 99916622 156 123.002 0.999995 0.954449 0.482724 -0.0550779 0.522388 0.51679
ENSG00000164032.7 4 100871545 100871545 - 1 954923 4_internal_8276 4 99853255 99916622 156 177.861 0.999979 0.954712 0.967648 0.0032481 0.965174 0.959762
ENSG00000221265.1 4 102251571 102251571 - 2 0 4_internal_10073 4 102119710 102267265 156 160.25 1.00002 2.32823 0.438467 0.0623882 0.731343 0.732338
ENSG00000254531.1 4 102268937 102268937 + 2 -1672 4_internal_10073 4 102119710 102267265 156 142.929 0.999965 1.88511 0.00168607 0.246983 0.00497512 0.00499007
ENSG00000138814.12 4 102269435 102269435 - 2 2170 4_internal_10073 4 102119710 102267265 156 155.269 1.00002 2.20319 0.00342885 0.231547 0.00497512 0.00770626
ENSG00000153064.7 4 102332443 102332443 + 2 -370563 4_internal_7234 4 101956008 101961880 156 161.835 0.999994 2.02457 0.152547 0.108958 0.273632 0.271899
ENSG00000251149.1 4 102893580 102893580 + 6 492369 4_internal_8281 4 103385949 103529181 156 133.407 1.00001 4.90332 0.121425 0.126849 0.542289 0.554887
ENSG00000251309.1 4 102958060 102958060 - 6 690795 4_internal_10073 4 102119710 102267265 156 134.184 1 4.96091 0.011223 0.19551 0.0696517 0.0894798
ENSG00000138821.8 4 103352415 103352415 - 4 -70819 4_internal_11650 4 103423234 103581680 156 183.117 1.00001 4.62949 0.174156 0.105997 0.502488 0.504755
ENSG00000260651.1 4 103422476 103422476 - 4 0 4_internal_8281 4 103385949 103529181 156 169.315 1.00004 5.03617 0.0623888 0.149278 0.238806 0.23651
ENSG00000109320.7 4 103422486 103422486 + 4 748 4_internal_11650 4 103423234 103581680 156 167.121 1.00001 4.53144 0.00344876 0.228195 0.0149254 0.0111286
ENSG00000238553.1 4 103487124 103487124 - 4 -18963 4_internal_6962 4 103506087 103521814 156 171.311 1 4.81961 0.470515 0.05693 0.945274 0.94367
ENSG00000241981.2 4 103583768 103583768 + 4 -61954 4_internal_6962 4 103506087 103521814 156 172.91 1.00002 5.59562 0.290719 -0.0818534 0.825871 0.822675
ENSG00000248971.2 4 103651328 103651328 - 4 -4070 4_internal_7615 4 103655398 103676050 156 141.771 1.00004 3.72168 1.14627e-16 -0.614855 0.00497512 1.03424e-14
ENSG00000230069.3 4 103651878 103651878 - 4 -3520 4_internal_7615 4 103655398 103676050 156 177.039 0.999954 4.6057 2.31373e-17 -0.598368 0.00497512 7.77563e-19
ENSG00000224207.2 4 103655515 103655515 + 4 0 4_internal_7615 4 103655398 103676050 156 172.286 1.00003 4.32154 1.41549e-07 -0.395975 0.00497512 1.36777e-07
ENSG00000251288.2 4 103672558 103672558 + 4 0 4_internal_7615 4 103655398 103676050 156 146.28 1.00005 3.90469 1.38837e-08 -0.417358 0.00497512 1.52779e-07
ENSG00000109323.4 4 103682151 103682151 - 4 6101 4_internal_7615 4 103655398 103676050 156 147.728 1.00004 3.70389 0.0108578 0.209864 0.0348259 0.0479886
ENSG00000246560.2 4 103749212 103749212 + 4 -73162 4_internal_7615 4 103655398 103676050 156 149.845 0.999951 3.95613 0.00590601 -0.21305 0.0447761 0.027325
ENSG00000109332.15 4 103790053 103790053 - 4 114003 4_internal_7615 4 103655398 103676050 156 163.297 1.00001 4.75753 0.100792 0.124384 0.383085 0.371925
ENSG00000145354.5 4 103790135 103790135 + 4 -208455 4_internal_11650 4 103423234 103581680 156 152.557 0.999965 3.95145 0.132768 0.111235 0.467662 0.441701
ENSG00000250651.1 4 103817882 103817882 + 4 -236202 4_internal_11650 4 103423234 103581680 156 207.705 1 5.44532 0.137663 0.118965 0.412935 0.38931
ENSG00000164037.12 4 103940896 103940896 - 4 264846 4_internal_7615 4 103655398 103676050 156 153.745 0.99999 3.74552 0.0269741 0.173392 0.079602 0.10128
ENSG00000164038.10 4 104006986 104006986 - 4 330936 4_internal_7615 4 103655398 103676050 156 183.483 1.00002 5.19396 1.21327e-10 0.501415 0.00497512 1.496e-11
ENSG00000164039.10 4 104021040 104021040 - 4 344990 4_internal_7615 4 103655398 103676050 156 177.877 1.00002 4.39811 2.23229e-11 0.497616 0.00497512 3.95558e-12
ENSG00000138778.7 4 104119566 104119566 - 4 443516 4_internal_7615 4 103655398 103676050 156 155.436 1 3.78753 0.00511448 0.216828 0.0199005 0.0195359
ENSG00000248373.1 4 105828514 105828514 + 1 22964 4_internal_7730 4 105851478 105891556 156 150.683 1.00003 0.984188 0.259638 0.0886791 0.268657 0.264314
ENSG00000251259.1 4 106061776 106061776 - 1 170220 4_internal_7730 4 105851478 105891556 156 159.687 1.00004 1.04974 0.369698 -0.070421 0.39801 0.378229
ENSG00000168769.8 4 106067032 106067032 + 1 -175476 4_internal_7730 4 105851478 105891556 156 192.105 1.00001 1.00693 0.345611 0.0745228 0.298507 0.296841
ENSG00000251586.1 4 106099220 106099220 - 1 207664 4_internal_7730 4 105851478 105891556 156 178.425 0.999981 1.29075 0.689388 0.0318457 0.761194 0.75999
ENSG00000243383.2 4 106214815 106214815 + 1 -323259 4_internal_7730 4 105851478 105891556 156 149.434 1 0.921135 0.370217 -0.0712872 0.328358 0.356672
ENSG00000200917.1 4 106328154 106328154 + 1 -436598 4_internal_7730 4 105851478 105891556 156 156.625 1.00001 1.05161 0.0522669 0.152275 0.0696517 0.0543935
ENSG00000138777.15 4 106395238 106395238 - 1 503682 4_internal_7730 4 105851478 105891556 156 184.884 0.999999 1.24625 0.0900956 0.124228 0.0547264 0.0802851
ENSG00000249264.1 4 106405855 106405855 + 1 -514299 4_internal_7730 4 105851478 105891556 156 162.81 1.00001 0.948527 0.185962 0.103161 0.159204 0.168328
ENSG00000236699.3 4 106473777 106473777 + 1 -582221 4_internal_7730 4 105851478 105891556 156 159.352 0.999982 1.18161 0.895167 -0.0109502 0.930348 0.929523
ENSG00000249823.1 4 106616681 106616681 + 1 -725125 4_internal_7730 4 105851478 105891556 156 131.107 1.00001 0.863032 0.525955 0.0525323 0.482587 0.508687
ENSG00000138780.9 4 106629935 106629935 + 1 -738379 4_internal_7730 4 105851478 105891556 156 194.939 1.00003 1.05813 0.52834 0.049431 0.507463 0.500159
ENSG00000251175.1 4 106748329 106748329 - 1 856773 4_internal_7730 4 105851478 105891556 156 226.398 0.999992 1.31414 0.055806 -0.151746 0.0447761 0.0277115
ENSG00000138785.10 4 106817143 106817143 - 1 925587 4_internal_7730 4 105851478 105891556 156 152.496 0.999993 1.05365 0.947997 0.00529642 0.975124 0.956154
ENSG00000249635.1 4 106943635 106943635 - 0 NA NA NA NA NA NA NA NA NA NA NA NA NA
ENSG00000164022.12 4 107236701 107236701 + 0 NA NA NA NA NA NA NA NA NA NA NA NA NA
ENSG00000145348.11 4 107242652 107242652 - 0 NA NA NA NA NA NA NA NA NA NA NA NA NA
ENSG00000138801.4 4 108641608 108641608 - 6 -312441 4_internal_7194 4 108954049 109076555 156 176.551 0.972531 7.04774 0.226499 -0.0948803 0.781095 0.796876
ENSG00000164023.10 4 108745719 108745719 + 6 517413 4_internal_8160 4 109263132 109292141 156 199.784 0.87377 6.99007 0.0451582 -0.162453 0.21393 0.200188
ENSG00000222691.1 4 108789066 108789066 - 6 -732933 4_internal_9087 4 109521999 109543461 156 155.101 1.06613 6.05355 0.16093 0.113418 0.646766 0.631793
ENSG00000155016.13 4 108852525 108852525 + 6 669474 4_internal_9087 4 109521999 109543461 156 152.466 0.999979 5.67531 0.024611 -0.174961 0.174129 0.140377
ENSG00000249604.1 4 108862411 108862411 - 6 -659588 4_internal_9087 4 109521999 109543461 156 135.373 0.999938 4.82954 0.168136 -0.1117 0.671642 0.658192
ENSG00000245293.2 4 108899955 108899955 - 6 -363177 4_internal_8160 4 109263132 109292141 156 160.86 0.886695 5.65863 0.00680545 -0.218078 0.0746269 0.0508578
ENSG00000138796.10 4 108910870 108910870 + 6 59160 4_internal_8867 4 108970030 109458488 156 197.057 1.01432 7.97575 0.0511305 -0.157326 0.208955 0.199287
ENSG00000232021.2 4 109088681 109088681 + 6 -12126 4_internal_7194 4 108954049 109076555 156 158.955 1.06135 6.99293 9.47026e-07 0.388577 0.00497512 2.42198e-06
ENSG00000138795.5 4 109090112 109090112 - 6 13557 4_internal_7194 4 108954049 109076555 156 158.605 0.935301 5.7241 1.33158e-08 0.433016 0.00497512 1.73225e-07
ENSG00000234492.3 4 109541616 109541616 - 7 465061 4_internal_7194 4 108954049 109076555 156 169.132 0.990085 6.54836 0.00616276 0.214946 0.039801 0.0291932
ENSG00000109475.12 4 109541722 109541722 + 7 0 4_internal_9087 4 109521999 109543461 156 158.148 1.02118 7.21578 0.100499 -0.128852 0.487562 0.516017
ENSG00000198856.8 4 109571740 109571740 + 7 -113252 4_internal_8867 4 108970030 109458488 156 152.466 1.03707 6.52059 0.284187 -0.0877609 0.880597 0.886308
ENSG00000206601.1 4 109573306 109573306 + 7 -496751 4_internal_7194 4 108954049 109076555 156 177.237 0.95189 7.90919 0.0436961 -0.161928 0.238806 0.244016
ENSG00000138802.6 4 110354928 110354928 + 6 113630 4_internal_10690 4 110468558 110590832 156 148.992 1.00001 5.41497 0.0178973 0.18724 0.0895522 0.106986
ENSG00000247950.2 4 110354973 110354973 - 6 -113585 4_internal_10690 4 110468558 110590832 156 142.761 1.00003 5.35549 0.0253408 -0.178821 0.114428 0.161918
ENSG00000243227.2 4 110372224 110372224 - 6 878158 4_internal_7973 4 109077059 109494066 156 140.05 0.999982 5.28943 0.00414039 -0.221021 0.0348259 0.0344369
ENSG00000207988.1 4 110409854 110409854 + 6 -915788 4_internal_7973 4 109077059 109494066 156 173.261 0.92598 6.42545 0.201089 0.104897 0.741294 0.741388
ENSG00000225094.3 4 110475250 110475250 - 5 0 4_internal_10690 4 110468558 110590832 156 183.529 1.00003 5.10547 0.0240903 0.169663 0.0895522 0.0713539
ENSG00000249965.2 4 110476326 110476326 + 5 -932865 4_internal_9087 4 109521999 109543461 156 184.869 0.910043 6.45168 0.096273 0.135641 0.38806 0.417993
ENSG00000005059.11 4 110481361 110481361 + 5 0 4_internal_10690 4 110468558 110590832 156 144.803 1 4.72892 0.0628094 0.145721 0.318408 0.30155
ENSG00000248785.1 4 110594999 110594999 + 3 0 4_internal_7895 4 110591179 110625914 156 152.481 1.00001 2.99823 0.111691 0.127972 0.308458 0.308628
ENSG00000138794.5 4 110624739 110624739 - 3 0 4_internal_7895 4 110591179 110625914 156 160.951 1.00001 3.34674 0.825573 -0.0184646 1 0.99695
ENSG00000123739.6 4 110651233 110651233 - 3 25319 4_internal_7895 4 110591179 110625914 156 138.557 0.999968 2.81546 0.0577309 -0.156121 0.179104 0.194042
ENSG00000109534.12 4 110736666 110736666 + 3 -115512 4_internal_9105 4 110603799 110621154 156 165.735 1.00003 3.17144 0.10812 -0.134604 0.253731 0.278156
ENSG00000180245.4 4 110749150 110749150 + 3 -123236 4_internal_7895 4 110591179 110625914 156 160.829 0.999971 2.89385 0.0908331 0.138498 0.223881 0.229051
ENSG00000183423.7 4 110769358 110769358 + 3 -143444 4_internal_7895 4 110591179 110625914 156 152.085 1.00002 2.69832 0.975596 -0.00251736 1 0.999957
ENSG00000138798.7 4 110834040 110834040 + 3 -212886 4_internal_9105 4 110603799 110621154 156 160.89 1.00001 3.26692 0.298448 -0.0865154 0.666667 0.674813
ENSG00000170522.5 4 111120355 111120355 - 3 494441 4_internal_7895 4 110591179 110625914 156 169.315 1.00003 3.37781 0.0939377 0.135708 0.273632 0.248067
ENSG00000174749.4 4 113066553 113066553 + 2 0 4_internal_8249 4 113066179 113105356 156 178.044 0.999965 2.17564 0.00093387 0.254351 0.00497512 0.000882007
ENSG00000243280.2 4 113092371 113092371 + 2 106857 4_internal_8794 4 113199228 113243897 156 185.661 0.999989 2.12983 0.431527 -0.0609659 0.671642 0.651899
ENSG00000260526.1 4 113152752 113152752 - 2 -46476 4_internal_8794 4 113199228 113243897 156 163.77 1.00002 2.16322 0.0177402 -0.180429 0.0447761 0.0324172
ENSG00000138660.7 4 113152893 113152893 + 2 46335 4_internal_8794 4 113199228 113243897 156 164.364 0.999975 2.19551 0.518304 -0.0527416 0.776119 0.788592
ENSG00000073331.13 4 113206665 113206665 + 2 -101309 4_internal_8249 4 113066179 113105356 156 155.223 0.999963 2.26777 0.773142 0.0237646 0.970149 0.965599
ENSG00000145365.9 4 113207059 113207059 - 2 101703 4_internal_8249 4 113066179 113105356 156 147.286 1.00001 1.96168 0.323935 -0.0800527 0.532338 0.554611
ENSG00000251441.1 4 113277291 113277291 + 2 -171935 4_internal_8249 4 113066179 113105356 156 196.767 0.999979 2.40105 0.668885 0.0337708 0.895522 0.908648
ENSG00000248697.1 4 113377080 113377080 + 2 -133183 4_internal_8794 4 113199228 113243897 156 127.542 1.00004 1.76217 0.113722 0.127857 0.268657 0.253395
ENSG00000178403.3 4 113437328 113437328 - 2 193431 4_internal_8794 4 113199228 113243897 156 163.983 1.00001 2.35208 0.923713 0.00708386 0.995025 0.997506
ENSG00000174720.11 4 113558120 113558120 + 2 -314223 4_internal_8794 4 113199228 113243897 156 147.362 0.999954 2.03868 0.118091 0.125199 0.253731 0.245083
ENSG00000138658.11 4 113558151 113558151 - 2 452795 4_internal_8249 4 113066179 113105356 156 195.305 1.00003 2.08974 0.25078 0.0918312 0.348259 0.370448
ENSG00000199169.1 4 113569097 113569097 - 2 463741 4_internal_8249 4 113066179 113105356 156 171.676 0.999987 1.9626 0.0156954 -0.185669 0.0199005 0.0219647
ENSG00000199145.1 4 113569227 113569227 - 2 325330 4_internal_8794 4 113199228 113243897 156 151.887 0.999968 2.08307 0.0598474 0.147386 0.144279 0.127416
ENSG00000207927.1 4 113569407 113569407 - 2 464051 4_internal_8249 4 113066179 113105356 156 165.704 1.00004 2.04834 0.73304 0.0268464 0.935323 0.929034
ENSG00000199102.1 4 113569586 113569586 - 2 325689 4_internal_8794 4 113199228 113243897 156 153.547 1.00004 1.85513 0.63181 0.0379083 0.845771 0.845441
ENSG00000199058.1 4 113569713 113569713 - 2 464357 4_internal_8249 4 113066179 113105356 156 166.177 0.99998 2.17972 0.234137 0.0957719 0.442786 0.417227
ENSG00000249532.1 4 113571207 113571207 - 2 327310 4_internal_8794 4 113199228 113243897 156 144.559 0.999994 1.89974 0.586464 -0.0444777 0.845771 0.825084
ENSG00000241741.1 4 113710034 113710034 - 4 -950035 4_internal_7642 4 114660069 114677918 156 164.44 1.00003 4.44921 0.0818937 0.132474 0.308458 0.289802
ENSG00000196656.6 4 114138326 114138326 - 4 894429 4_internal_8794 4 113199228 113243897 156 155.665 1.00003 3.70827 0.0656684 0.148306 0.19403 0.223549
ENSG00000145349.12 4 114683083 114683083 - 3 5165 4_internal_7642 4 114660069 114677918 156 163.206 1.00001 3.16846 5.67234e-13 0.516724 0.00497512 5.2743e-13
ENSG00000213492.2 4 118497329 118497329 - 2 -689169 4_internal_10920 4 119186498 120297041 156 151.43 1.00001 2.01351 0.715192 0.02978 0.920398 0.922507
ENSG00000206823.1 4 119200345 119200345 + 6 311146 4_internal_7062 4 119511491 119607743 156 138.359 1.00005 5.1727 0.219052 0.0989381 0.771144 0.769749
ENSG00000164099.3 4 119274158 119274158 - 6 -749633 4_internal_10295 4 120023791 120206841 156 149.891 0.99997 5.81832 0.0607604 0.150061 0.313433 0.328102
ENSG00000154608.8 4 119388744 119388744 + 6 468118 4_internal_7603 4 119856862 119890932 156 174.129 1.00085 6.34187 0.0138655 0.192795 0.0597015 0.0574777
ENSG00000260404.2 4 119512928 119512928 + 6 0 4_internal_7062 4 119511491 119607743 156 128.38 1 4.33876 7.52399e-05 0.310417 0.00497512 0.00143222
ENSG00000225892.3 4 119553429 119553429 + 6 0 4_internal_7062 4 119511491 119607743 156 159.93 1.00244 6.57617 0.00620932 0.207434 0.0497512 0.0358739
ENSG00000217609.2 4 119557462 119557462 - 6 -299400 4_internal_7603 4 119856862 119890932 156 154.202 0.979631 5.56694 0.11235 -0.128922 0.507463 0.50101
ENSG00000248213.1 4 119559179 119559179 - 6 -46587 4_internal_8284 4 119605766 119733527 156 186.332 0.93362 7.46615 0.229804 0.0978229 0.80597 0.809865
ENSG00000145388.8 4 119606523 119606523 + 6 0 4_internal_7062 4 119511491 119607743 156 179.857 0.886364 6.61143 0.00371122 0.236046 0.0348259 0.0206295
ENSG00000150961.10 4 119759838 119759838 - 6 -97024 4_internal_7603 4 119856862 119890932 156 160.159 1.02863 6.37569 0.106634 0.132216 0.492537 0.483569
ENSG00000172403.6 4 119809996 119809996 + 6 0 4_internal_10920 4 119186498 120297041 156 130.833 1 5.06291 0.0224343 -0.18542 0.18408 0.172088
ENSG00000145390.6 4 120133742 120133742 + 6 0 4_internal_10295 4 120023791 120206841 156 151.841 0.999966 5.44532 6.65855e-10 0.475791 0.00497512 6.11876e-09
ENSG00000164096.10 4 120225600 120225600 - 6 0 4_internal_10920 4 119186498 120297041 156 162.109 0.994105 6.10196 0.00169664 0.239669 0.0199005 0.00861808
ENSG00000229450.2 4 120299287 120299287 + 6 -565760 4_internal_8284 4 119605766 119733527 156 172.545 0.96847 6.0605 0.040238 -0.15782 0.199005 0.185084
ENSG00000249244.1 4 120316490 120316490 - 6 19449 4_internal_10920 4 119186498 120297041 156 153.745 0.999997 5.21998 0.0750409 0.139167 0.353234 0.342495
ENSG00000260091.1 4 120330488 120330488 + 6 -33447 4_internal_10920 4 119186498 120297041 156 144.041 0.999996 5.42257 0.00489916 0.220257 0.0547264 0.0366752
ENSG00000248280.1 4 120371312 120371312 - 6 74271 4_internal_10920 4 119186498 120297041 156 132.966 0.999936 4.96391 0.00816367 0.198134 0.0447761 0.0705502
ENSG00000245958.2 4 120375946 120375946 + 6 -241244 4_internal_7166 4 114680532 120134702 156 137.963 0.999961 5.11342 0.0486926 0.152474 0.258706 0.286271
ENSG00000250950.1 4 120377505 120377505 + 6 -80464 4_internal_10920 4 119186498 120297041 156 140.842 0.999945 5.2603 0.0408617 -0.149484 0.268657 0.245138
ENSG00000138735.11 4 120550146 120550146 - 6 253105 4_internal_10920 4 119186498 120297041 156 160.464 1.00734 5.82206 0.0509635 -0.15615 0.248756 0.244834
ENSG00000250938.1 4 120988113 120988113 + 3 -781272 4_internal_10295 4 120023791 120206841 156 166.283 1 3.17054 0.0607556 0.153366 0.114428 0.158101
ENSG00000164109.8 4 120988229 120988229 - 3 853527 4_internal_7166 4 114680532 120134702 156 134.184 1.00005 2.7833 0.0300248 -0.176206 0.109453 0.118318
ENSG00000138738.6 4 121844025 121844025 - 3 -227808 4_internal_7792 4 122071833 123846050 156 170.732 0.999953 3.22843 1.44866e-05 0.344055 0.00497512 1.84218e-05
ENSG00000050730.11 4 122148621 122148621 - 4 0 4_internal_11006 4 122055806 122178703 156 140.811 0.999963 3.65538 0.00429583 0.228358 0.0199005 0.024195
ENSG00000164111.9 4 122618268 122618268 - 4 439565 4_internal_11006 4 122055806 122178703 156 140.903 0.999997 3.63596 0.713801 -0.0286059 0.99005 0.991145
ENSG00000123737.8 4 122722472 122722472 + 4 176066 4_internal_7898 4 122898538 123039511 156 166.512 1.00002 5.06833 0.293557 -0.084767 0.781095 0.807851
ENSG00000145386.5 4 122745087 122745087 - 4 566384 4_internal_11006 4 122055806 122178703 156 166.969 0.999997 4.1961 0.0956071 0.137551 0.323383 0.31006
ENSG00000138686.5 4 122791652 122791652 - 4 0 4_internal_7758 4 122146257 123039796 156 127.344 1.00001 3.26073 0.000921711 0.260076 0.00497512 0.00899194
ENSG00000138688.10 4 123073488 123073488 + 4 -33692 4_internal_7758 4 122146257 123039796 156 177.618 0.999985 4.24443 0.350889 -0.0768316 0.800995 0.80475
ENSG00000181004.5 4 123653857 123653857 + 4 0 4_internal_7792 4 122071833 123846050 156 135.677 1 3.27008 0.0217206 0.176349 0.0995025 0.101972
ENSG00000138685.7 4 123747863 123747863 + 4 -708067 4_internal_7758 4 122146257 123039796 156 184.884 0.999998 4.72386 0.00548603 0.219974 0.0248756 0.0117314
ENSG00000170917.8 4 123844123 123844123 - 4 804327 4_internal_7758 4 122146257 123039796 156 159.702 1 3.85653 0.0310278 0.173688 0.114428 0.107616
ENSG00000145375.6 4 123844229 123844229 + 4 498814 4_internal_9089 4 124343043 124540607 156 176.186 0.999959 4.52129 0.0346315 -0.16963 0.104478 0.107059
ENSG00000164056.6 4 124317950 124317950 + 2 -471900 4_internal_7792 4 122071833 123846050 156 153.136 0.999971 1.72788 0.695713 -0.0315823 0.870647 0.873952
ENSG00000151458.7 4 125633887 125633887 - 0 NA NA NA NA NA NA NA NA NA NA NA NA NA
ENSG00000164066.7 4 128544426 128544426 + 2 894326 4_internal_10866 4 129438752 129779715 156 165.4 1.00001 1.81708 0.0930091 -0.139063 0.18408 0.146815
ENSG00000164070.6 4 128702976 128702976 + 2 731645 4_internal_7831 4 129434621 129475008 156 132.844 1.00001 1.73678 0.945848 -0.00528849 0.995025 0.994507
ENSG00000244021.3 4 128734355 128734355 - 2 -704397 4_internal_10866 4 129438752 129779715 156 174.799 0.999987 2.35155 0.595324 0.0406516 0.880597 0.86548
ENSG00000261668.1 4 128765195 128765195 - 3 -669426 4_internal_7831 4 129434621 129475008 156 163.069 0.99996 2.66687 0.573434 0.0444604 0.885572 0.891287
ENSG00000142731.6 4 128802016 128802016 + 3 949347 4_internal_8891 4 129751363 129763367 156 149.114 0.99997 2.98081 0.146011 -0.119795 0.378109 0.395252
ENSG00000164074.9 4 128886461 128886461 + 3 552291 4_internal_10866 4 129438752 129779715 156 157.447 0.999953 2.99626 0.0172434 0.193231 0.0447761 0.0493099
ENSG00000164073.5 4 128887150 128887150 - 3 -547471 4_internal_7831 4 129434621 129475008 156 152.329 1.00002 3.22327 0.0816663 -0.141289 0.268657 0.249915
ENSG00000138709.13 4 128982423 128982423 + 3 456329 4_internal_10866 4 129438752 129779715 156 165.613 0.999983 2.99754 0.0441256 0.163405 0.144279 0.109816
ENSG00000241651.3 4 128990767 128990767 - 3 -443854 4_internal_7831 4 129434621 129475008 156 153.197 1.00003 2.5861 0.209029 -0.0984301 0.477612 0.462062
ENSG00000164040.11 4 129209984 129209984 - 3 -541379 4_internal_8891 4 129751363 129763367 156 157.859 0.999968 3.10854 0.195105 0.102875 0.512438 0.485472
ENSG00000251432.2 4 129213906 129213906 + 3 220715 4_internal_7831 4 129434621 129475008 156 155.634 1.00005 3.15125 0.166182 -0.117217 0.442786 0.437044
ENSG00000077684.11 4 129730779 129730779 + 4 20584 4_internal_8891 4 129751363 129763367 156 173.276 1.02347 5.71599 0.00842916 0.194042 0.0199005 0.0283201
ENSG00000151470.7 4 130014472 130014472 + 4 -251105 4_internal_8891 4 129751363 129763367 156 176.49 1.00003 4.58132 0.0503596 0.157515 0.199005 0.160051
ENSG00000151466.7 4 130014764 130014764 - 4 235049 4_internal_10866 4 129438752 129779715 156 150.577 1.00003 3.88306 0.0309436 0.170196 0.124378 0.125753
ENSG00000250144.1 4 135966619 135966619 + 0 NA NA NA NA NA NA NA NA NA NA NA NA NA
ENSG00000250033.1 4 138978618 138978618 + 0 NA NA NA NA NA NA NA NA NA NA NA NA NA
ENSG00000151012.9 4 139163503 139163503 - 2 -932926 4_internal_7774 4 140096429 140228953 156 190.399 1.00002 2.315 0.590092 -0.0433451 0.845771 0.84385
ENSG00000250195.1 4 139933800 139933800 - 4 -128365 4_internal_7461 4 140062165 140097563 156 133.758 0.999954 3.81409 0.0852076 0.142674 0.358209 0.361798
ENSG00000151014.4 4 139936943 139936943 + 4 294843 4_internal_8260 4 140231786 140241491 156 161.484 1.00003 3.73954 0.0087003 0.20419 0.0298507 0.0281116
ENSG00000252503.1 4 139976629 139976629 + 5 85536 4_internal_7461 4 140062165 140097563 156 161.972 1.04958 6.47025 0.0127673 0.196549 0.0646766 0.0603657
ENSG00000240723.2 4 140021531 140021531 + 6 353787 4_internal_7836 4 140375318 140393211 156 174.586 0.980448 6.84598 0.195397 0.0997499 0.746269 0.729049
