ENSG00000172728.11 8 33330940 33330940 - 3 -49929 8_internal_6979 8 33380869 33395135 156 161.164 1.00001 3.04979 1.21472e-11 -0.515139 0.00497512 1.69999e-11
ENSG00000198042.5 8 33342268 33342268 + 3 38601 8_internal_6979 8 33380869 33395135 156 154.126 0.999974 2.85621 0.000614099 -0.281052 0.00995025 0.00189165
ENSG00000239039.1 8 33370993 33370993 + 3 9876 8_internal_6979 8 33380869 33395135 156 174.205 1.00003 3.22056 0.0451119 0.162979 0.119403 0.106026
ENSG00000129696.7 8 33371119 33371119 - 3 -9750 8_internal_6979 8 33380869 33395135 156 163.815 0.99997 3.18704 0.0674724 0.149262 0.164179 0.18161
ENSG00000133874.1 8 33424643 33424643 - 3 919645 8_internal_7740 8 32484855 32504998 156 159.793 0.999962 2.74755 0.0656314 -0.147041 0.20398 0.162324
ENSG00000243181.2 8 34731677 34731677 + 0 NA NA NA NA NA NA NA NA NA NA NA NA NA
ENSG00000232024.2 8 35383281 35383281 - 0 NA NA NA NA NA NA NA NA NA NA NA NA NA
ENSG00000253123.1 8 37189502 37189502 - 5 0 8_internal_7873 8 37118143 37414142 156 146.143 0.999989 4.63201 4.8177e-08 0.406071 0.00497512 5.9162e-07
ENSG00000254290.1 8 37457376 37457376 - 5 51758 8_internal_8177 8 37383815 37405618 156 135.144 1.00001 3.76987 0.007258 0.220611 0.0298507 0.046242
ENSG00000183779.5 8 37553269 37553269 + 5 -113327 8_internal_7161 8 37118449 37439942 156 177.938 1.05475 5.90615 0.00316992 0.237092 0.00995025 0.00725233
ENSG00000147475.9 8 37594117 37594117 + 5 122878 8_internal_7852 8 37716995 37722556 156 153.517 0.990634 5.44901 0.197025 -0.101115 0.711443 0.708138
ENSG00000183154.1 8 37594944 37594944 - 5 155002 8_internal_7161 8 37118449 37439942 156 127.1 0.999924 3.9232 0.127404 -0.115287 0.517413 0.516284
ENSG00000233170.3 8 37605522 37605522 - 5 191380 8_internal_7873 8 37118143 37414142 156 173.108 0.999994 5.19256 0.0552024 -0.155927 0.19403 0.205712
ENSG00000147471.6 8 37620111 37620111 + 5 -214493 8_internal_8177 8 37383815 37405618 156 157.889 0.971999 5.42607 0.0448769 0.155844 0.223881 0.226064
ENSG00000020181.12 8 37641709 37641709 + 5 -151568 8_internal_7296 8 37430074 37490141 156 151.186 0.999971 3.98844 0.141498 -0.112098 0.472637 0.471639
ENSG00000104221.8 8 37707422 37707422 - 5 217281 8_internal_7296 8 37430074 37490141 156 149.937 1.00001 4.8251 0.204921 -0.0993505 0.666667 0.687061
ENSG00000156675.11 8 37756985 37756985 - 6 34429 8_internal_7852 8 37716995 37722556 156 155.726 1.0025 5.69595 0.00375405 -0.229287 0.0199005 0.0211453
ENSG00000241032.2 8 37766259 37766259 + 7 -276118 8_internal_7296 8 37430074 37490141 156 168.766 0.916637 7.32078 0.00683189 -0.207673 0.0547264 0.0479303
ENSG00000187840.4 8 37887859 37887859 + 9 -447917 8_internal_7161 8 37118449 37439942 156 145.397 1.10322 8.5031 0.157165 0.105932 0.776119 0.770051
ENSG00000260949.1 8 37920399 37920399 + 9 838875 8_internal_7368 8 38759274 38787401 156 143.767 1.06967 8.32643 0.113968 -0.131581 0.681592 0.657795
ENSG00000129691.10 8 37962760 37962760 + 9 -548618 8_internal_7873 8 37118143 37414142 156 182.691 0.947371 9.82582 0.116623 -0.127323 0.646766 0.624412
ENSG00000207103.1 8 37979892 37979892 + 9 -565750 8_internal_7873 8 37118143 37414142 156 145.504 1.00721 7.68113 0.301258 -0.0833667 0.930348 0.946553
ENSG00000253437.1 8 37979892 37979892 + 9 -565750 8_internal_7873 8 37118143 37414142 156 151.201 1.09742 8.44999 0.301258 -0.0833667 0.930348 0.947834
ENSG00000240015.2 8 37980792 37980792 + 9 818195 8_internal_7116 8 38798987 38824674 156 148.901 1.07038 8.23863 0.0922419 0.132316 0.572139 0.549856
ENSG00000253356.1 8 38006259 38006259 + 9 -592117 8_internal_7873 8 37118143 37414142 156 147.819 1.09351 9.78936 0.0318034 -0.167148 0.298507 0.266042
ENSG00000147465.6 8 38008783 38008783 - 9 603165 8_internal_8177 8 37383815 37405618 156 140.065 1.00999 6.98974 0.000473313 0.266404 0.00995025 0.00612928
ENSG00000206610.1 8 38023636 38023636 - 9 -765991 8_internal_7319 8 38789627 38817588 156 146.479 0.975246 8.15884 0.100816 -0.137259 0.626866 0.630441
ENSG00000253739.1 8 38023636 38023636 - 9 -765991 8_internal_7319 8 38789627 38817588 156 136.271 1.1322 8.15851 0.100816 -0.137259 0.641791 0.612957
ENSG00000156735.6 8 38034051 38034051 + 9 -619909 8_internal_7873 8 37118143 37414142 156 137.612 1.09407 7.34545 0.00775161 0.217178 0.079602 0.067376
ENSG00000175324.5 8 38034248 38034248 - 9 620106 8_internal_7873 8 37118143 37414142 156 153.639 1.0434 9.02024 0.0117926 -0.199082 0.079602 0.0954972
ENSG00000248585.2 8 38061756 38061756 - 9 621814 8_internal_7161 8 37118449 37439942 156 178.318 0.865494 9.34958 0.097926 -0.129396 0.58209 0.589505
ENSG00000085788.9 8 38082736 38082736 + 9 -642794 8_internal_7161 8 37118449 37439942 156 175.698 0.941318 11.9717 0.0544827 -0.153336 0.422886 0.424658
ENSG00000147535.12 8 38126761 38126761 - 9 686819 8_internal_7161 8 37118449 37439942 156 152.892 1.05884 9.66207 0.162222 0.114086 0.810945 0.812966
ENSG00000255487.1 8 38133406 38133406 + 9 665581 8_internal_7116 8 38798987 38824674 156 155.771 0.975421 9.52845 0.0740024 -0.147303 0.522388 0.531779
ENSG00000254898.1 8 38193499 38193499 + 9 -753557 8_internal_7161 8 37118449 37439942 156 167.852 0.990942 10.8175 0.0683272 -0.135974 0.482587 0.484047
ENSG00000147548.11 8 38239790 38239790 - 9 517234 8_internal_7852 8 37716995 37722556 156 145.046 1.04128 7.603 0.0592729 -0.15231 0.38806 0.400118
ENSG00000165046.8 8 38243725 38243725 + 9 -753584 8_internal_7296 8 37430074 37490141 156 155.208 0.997821 7.7815 0.0356265 -0.16988 0.248756 0.249734
ENSG00000255201.1 8 38279407 38279407 + 9 510220 8_internal_7319 8 38789627 38817588 156 193.812 0.85297 10.0289 0.0196097 -0.187477 0.149254 0.133181
ENSG00000077782.15 8 38326352 38326352 - 9 -432922 8_internal_7368 8 38759274 38787401 156 148.413 1.04648 9.76924 0.312564 -0.0791182 0.965174 0.976387
ENSG00000147526.14 8 38585704 38585704 + 5 -863148 8_internal_7852 8 37716995 37722556 156 165.384 0.999978 4.9212 0.0954201 -0.130208 0.378109 0.357501
ENSG00000253586.1 8 38657161 38657161 + 5 141826 8_internal_7116 8 38798987 38824674 156 158.346 0.999991 5.3222 0.106004 0.126001 0.447761 0.440622
ENSG00000253829.1 8 38703957 38703957 - 5 -55317 8_internal_7368 8 38759274 38787401 156 156.076 1.00002 4.98277 0.118277 -0.12222 0.502488 0.465642
ENSG00000169499.9 8 38758753 38758753 + 4 40234 8_internal_7116 8 38798987 38824674 156 149.404 0.999971 4.04666 0.00703396 0.21044 0.0497512 0.0333788
ENSG00000253645.1 8 38830530 38830530 - 4 43129 8_internal_7368 8 38759274 38787401 156 181.639 0.99998 4.75129 0.0825048 0.138859 0.263682 0.258211
ENSG00000169495.4 8 38831683 38831683 + 4 -7545 8_internal_7595 8 38713585 38824138 156 149.845 0.999983 3.82697 0.044926 0.161981 0.164179 0.176198
ENSG00000169490.12 8 38854343 38854343 - 4 29669 8_internal_7116 8 38798987 38824674 156 152.481 1.00001 3.86126 0.314101 -0.0820018 0.761194 0.773969
ENSG00000168615.7 8 38854388 38854388 + 4 -29714 8_internal_7116 8 38798987 38824674 156 146.189 0.999977 3.91675 0.145889 -0.122092 0.497512 0.4931
ENSG00000207199.1 8 38876202 38876202 - 4 58614 8_internal_7319 8 38789627 38817588 156 171.585 1.00002 4.50075 0.113986 -0.130079 0.383085 0.369318
ENSG00000197140.10 8 38964509 38964509 + 4 -177108 8_internal_7368 8 38759274 38787401 156 150.79 0.999983 3.64032 0.0536243 0.153529 0.189055 0.194847
ENSG00000131203.8 8 39759794 39759794 + 4 -942206 8_internal_7319 8 38789627 38817588 156 154.416 1 3.62631 0.182014 -0.105979 0.532338 0.522175
ENSG00000254287.1 8 39778409 39778409 - 4 960821 8_internal_7319 8 38789627 38817588 156 151.216 1.00002 3.71253 0.894205 -0.0109502 1 0.999774
ENSG00000188676.8 8 39792133 39792133 + 3 -967459 8_internal_7116 8 38798987 38824674 156 172.849 1.00002 2.89209 0.317899 0.0781284 0.636816 0.633166
ENSG00000147533.11 8 41347915 41347915 + 6 0 8_internal_6912 8 41346389 41387702 156 158.864 0.991658 7.1925 0.0293981 0.177834 0.20398 0.187518
ENSG00000147536.6 8 41386725 41386725 + 6 0 8_internal_6912 8 41346389 41387702 156 144.742 1.00003 5.19189 0.0149405 0.179743 0.0895522 0.0951472
ENSG00000253174.2 8 41402563 41402563 - 6 14861 8_internal_6912 8 41346389 41387702 156 191.07 0.910902 7.06236 0.000564032 0.246246 0.0149254 0.00182219
ENSG00000158669.7 8 41434706 41434706 + 6 469413 8_internal_7002 8 41904119 42014059 156 131.442 1.00007 4.94117 0.0449038 -0.151199 0.283582 0.285239
ENSG00000253133.1 8 41435887 41435887 - 6 61310 8_internal_7148 8 41323229 41374577 156 160.448 1.05165 6.90907 0.0897373 -0.135266 0.41791 0.436076
ENSG00000264578.1 8 41479021 41479021 - 7 -351928 8_internal_7478 8 41830949 41881185 156 145.214 0.943259 5.86016 0.269857 0.0868476 0.855721 0.873687
ENSG00000260588.1 8 41687452 41687452 - 9 -875646 8_internal_8727 8 42563098 42661046 156 149.602 0.972158 8.64017 0.146926 0.10899 0.771144 0.776437
ENSG00000029534.15 8 41754280 41754280 - 9 -808818 8_internal_8727 8 42563098 42661046 156 163.252 1.02379 9.07948 0.0493333 0.161643 0.338308 0.326555
ENSG00000256905.1 8 41820184 41820184 - 9 64621 8_internal_6914 8 41624149 41755563 156 155.01 0.868933 8.07011 0.101053 0.13188 0.60199 0.638902
ENSG00000238966.1 8 41901093 41901093 - 9 513391 8_internal_6912 8 41346389 41387702 156 138.496 1.04816 7.72625 0.0454568 0.163745 0.358209 0.355406
ENSG00000083168.5 8 41909508 41909508 - 9 521806 8_internal_6912 8 41346389 41387702 156 155.695 0.949524 6.96247 0.289199 -0.08777 0.915423 0.914903
ENSG00000261449.1 8 42010281 42010281 - 9 0 8_internal_7002 8 41904119 42014059 156 147.499 0.981021 7.68802 0.0714135 0.136711 0.452736 0.480524
ENSG00000070718.7 8 42010464 42010464 + 9 0 8_internal_7002 8 41904119 42014059 156 173.657 0.961446 11.0619 0.000129098 0.295519 0.00497512 0.000799626
ENSG00000104368.13 8 42065242 42065242 - 10 -497856 8_internal_8727 8 42563098 42661046 156 171.783 0.915749 10.3389 0.0771963 0.136963 0.527363 0.533655
ENSG00000253408.1 8 42128715 42128715 - 10 -434383 8_internal_8727 8 42563098 42661046 156 148.291 0.922961 8.67996 0.013491 0.192574 0.164179 0.156738
ENSG00000104365.9 8 42128820 42128820 + 10 -114761 8_internal_7002 8 41904119 42014059 156 154.629 1.04509 10.077 0.0120558 -0.195231 0.109453 0.105921
ENSG00000070501.6 8 42195972 42195972 + 10 -821395 8_internal_7148 8 41323229 41374577 156 144.178 1.0205 8.84172 0.0384848 -0.163594 0.338308 0.335127
ENSG00000240395.1 8 42200152 42200152 - 10 318967 8_internal_7478 8 41830949 41881185 156 158.239 1.02698 10.9088 0.0273843 0.182383 0.21393 0.240943
ENSG00000078668.8 8 42249142 42249142 + 10 -235083 8_internal_7002 8 41904119 42014059 156 171.326 0.996328 11.1038 0.00780127 0.193146 0.0646766 0.057918
ENSG00000254131.1 8 42342118 42342118 + 10 223219 8_internal_7121 8 42565337 42600038 156 149.571 1.02749 9.44904 0.118347 0.129119 0.701493 0.710906
ENSG00000254165.1 8 42393447 42393447 - 8 -621888 8_internal_7921 8 43015335 43109852 156 146.113 1.03514 8.00545 0.377548 0.0665426 0.985075 0.980386
ENSG00000176209.6 8 42396298 42396298 + 8 -540403 8_internal_7590 8 41828559 41855895 156 157.447 0.984593 8.97103 0.176897 -0.110382 0.830846 0.825688
ENSG00000168575.5 8 42397069 42397069 - 8 515884 8_internal_7478 8 41830949 41881185 156 165.034 0.973924 7.57756 0.029793 0.174354 0.20398 0.186909
ENSG00000147434.4 8 42651535 42651535 - 8 -363800 8_internal_7921 8 43015335 43109852 156 165.704 0.933624 7.94157 0.115979 0.122241 0.61194 0.615308
ENSG00000131931.4 8 42698468 42698468 - 8 817283 8_internal_7478 8 41830949 41881185 156 152.862 1.03582 9.41442 0.468111 -0.0579918 1 0.997382
ENSG00000242719.2 8 42736379 42736379 + 8 -229775 8_internal_10027 8 42473439 42506604 156 169.391 0.988116 8.93447 0.0149869 -0.195889 0.0945274 0.0991403
ENSG00000168172.3 8 42752075 42752075 + 8 -738016 8_internal_7002 8 41904119 42014059 156 150.379 1.0872 7.63989 0.0221084 0.188816 0.149254 0.144707
ENSG00000120925.9 8 42752433 42752433 - 8 871248 8_internal_7478 8 41830949 41881185 156 194.36 0.845187 10.0557 0.0185516 -0.187796 0.139303 0.127915
ENSG00000202514.1 8 42804638 42804638 - 7 143592 8_internal_8727 8 42563098 42661046 156 153.121 1.0722 7.06449 0.170487 0.110223 0.721393 0.718182
ENSG00000254673.1 8 42873567 42873567 + 8 -992382 8_internal_7478 8 41830949 41881185 156 170.625 1.02204 10.3147 0.0890686 -0.134942 0.552239 0.544229
ENSG00000168522.8 8 42889337 42889337 + 7 937508 8_internal_7751 8 43826845 46856934 156 145.488 1.03935 6.58609 0.0659594 0.147233 0.39801 0.386952
ENSG00000200731.1 8 42928617 42928617 + 7 -914558 8_internal_7002 8 41904119 42014059 156 137.673 0.965078 5.42341 0.112749 -0.126576 0.567164 0.563812
ENSG00000185900.5 8 42948658 42948658 + 7 66677 8_internal_7921 8 43015335 43109852 156 140.476 1.06769 6.85725 0.0136627 -0.196999 0.109453 0.106202
ENSG00000254198.1 8 42981540 42981540 - 7 474936 8_internal_10027 8 42473439 42506604 156 172.971 0.912058 6.98164 0.0675573 0.140837 0.378109 0.364274
ENSG00000165102.10 8 42995556 42995556 + 7 -334510 8_internal_8727 8 42563098 42661046 156 128.791 1.00003 5.39015 0.039439 0.166703 0.273632 0.289246
ENSG00000164808.11 8 48173167 48173167 + 2 -304065 8_internal_7443 8 47828975 47869102 156 162.048 1.00003 2.42749 0.663677 -0.0334742 0.915423 0.925856
ENSG00000253330.1 8 48424703 48424703 - 2 0 8_internal_7932 8 48264659 48517082 156 146.357 0.999988 1.98707 0.356134 0.0730472 0.577114 0.6026
ENSG00000251354.3 8 48460488 48460488 - 2 591386 8_internal_7443 8 47828975 47869102 156 125.196 1.00001 1.69749 0.674597 -0.0332174 0.860697 0.875499
ENSG00000254065.1 8 48505171 48505171 - 2 0 8_internal_7932 8 48264659 48517082 156 182.34 1.00003 2.54518 0.49584 0.0561481 0.771144 0.793007
ENSG00000207369.1 8 48580333 48580333 + 2 -711231 8_internal_7443 8 47828975 47869102 156 150.165 0.999989 1.79765 0.365073 -0.0755356 0.562189 0.569447
ENSG00000221869.4 8 48651648 48651648 - 2 782546 8_internal_7443 8 47828975 47869102 156 153.654 0.999971 1.89618 0.307158 0.080927 0.502488 0.506347
ENSG00000253729.3 8 48872743 48872743 - 1 355661 8_internal_7932 8 48264659 48517082 156 176.841 0.999987 1.13227 0.112836 0.132353 0.129353 0.102759
ENSG00000104738.11 8 48872745 48872745 + 1 -355663 8_internal_7932 8 48264659 48517082 156 162.109 1 1.06692 0.0382925 0.168629 0.0497512 0.0369631
ENSG00000169139.6 8 48920960 48920960 + 1 -403878 8_internal_7932 8 48264659 48517082 156 135.373 1.00004 0.926435 0.208772 0.101096 0.218905 0.226144
ENSG00000147485.8 8 52722005 52722005 - 1 -144472 8_internal_10348 8 52866477 53854870 156 165.872 0.999998 0.872965 0.330519 0.0768308 0.278607 0.28185
ENSG00000232941.1 8 52730143 52730143 + 1 136334 8_internal_10348 8 52866477 53854870 156 173.9 0.999973 1.03787 0.387805 0.071227 0.383085 0.372562
ENSG00000253475.1 8 52808934 52808934 - 1 -57543 8_internal_10348 8 52866477 53854870 156 150.226 0.999965 0.960843 0.784657 -0.0228532 0.78607 0.77534
ENSG00000168300.9 8 52811735 52811735 - 1 -54742 8_internal_10348 8 52866477 53854870 156 199.068 1.00002 1.07258 0.218011 0.0995202 0.199005 0.174709
ENSG00000228801.4 8 52811885 52811885 + 1 54592 8_internal_10348 8 52866477 53854870 156 185.387 1.00002 1.05945 0.309759 0.0804822 0.278607 0.281498
ENSG00000147488.7 8 53373519 53373519 - 1 0 8_internal_10348 8 52866477 53854870 156 150.942 1 0.867952 0.106751 0.122966 0.104478 0.098509
ENSG00000023287.8 8 53658403 53658403 - 2 0 8_internal_10348 8 52866477 53854870 156 143.813 1.00002 2.35982 0.0124179 0.186893 0.039801 0.0382489
ENSG00000183729.3 8 53850991 53850991 + 2 754254 8_internal_7832 8 54605245 54625277 156 164.546 0.999996 2.11658 0.0228147 0.180901 0.0547264 0.040565
ENSG00000047249.11 8 54756118 54756118 - 2 130841 8_internal_7832 8 54605245 54625277 156 168.02 1.00003 1.86246 0.130782 -0.121686 0.233831 0.206509
ENSG00000147509.9 8 54764368 54764368 + 2 -909498 8_internal_10348 8 52866477 53854870 156 176.643 1.00004 2.17097 0.00182335 0.249144 0.0149254 0.00196631
ENSG00000253667.1 8 54883791 54883791 + 1 -258514 8_internal_7832 8 54605245 54625277 156 154.385 0.999964 0.977269 0.59372 -0.0436687 0.60199 0.587246
ENSG00000187735.8 8 54935089 54935089 - 1 309812 8_internal_7832 8 54605245 54625277 156 129.843 1.00001 1.13021 0.10932 -0.125513 0.124378 0.161358
ENSG00000260955.1 8 54958137 54958137 - 1 332860 8_internal_7832 8 54605245 54625277 156 137.566 1.00003 0.87998 0.427763 0.0620858 0.412935 0.415272
ENSG00000254274.1 8 54985674 54985674 + 1 -360397 8_internal_7832 8 54605245 54625277 156 138.221 0.999987 0.865139 0.197891 -0.100539 0.19403 0.198446
ENSG00000120992.12 8 55014577 55014577 - 1 389300 8_internal_7832 8 54605245 54625277 156 154.187 0.999964 0.994647 0.155339 -0.109383 0.154229 0.157004
ENSG00000137547.4 8 55047770 55047770 + 1 -422493 8_internal_7832 8 54605245 54625277 156 136.774 0.99998 0.827131 0.995346 -0.000439702 0.9801 0.98885
ENSG00000137574.6 8 56685701 56685701 + 2 213062 8_internal_8027 8 56898763 56920034 156 143.325 1.00003 1.73666 0.284413 0.0895109 0.477612 0.46831
ENSG00000167904.10 8 56685966 56685966 - 2 -86720 8_internal_7657 8 56772686 56859093 156 144.026 0.999983 1.91501 0.448316 0.0618088 0.711443 0.699598
ENSG00000254087.2 8 56792372 56792372 + 2 0 8_internal_7657 8 56772686 56859093 156 127.1 1.00004 1.76968 0.000450689 0.273856 0.00995025 0.00273534
ENSG00000254325.1 8 56806154 56806154 + 2 0 8_internal_7657 8 56772686 56859093 156 146.844 1.00003 1.93494 0.172285 0.107938 0.313433 0.327612
ENSG00000199405.1 8 56815414 56815414 - 2 0 8_internal_7657 8 56772686 56859093 156 147.987 1.00005 2.02873 0.0115511 0.200851 0.0497512 0.0280086
ENSG00000216204.1 8 56821520 56821520 + 2 0 8_internal_7657 8 56772686 56859093 156 147.636 0.999962 1.8107 0.154437 -0.113497 0.288557 0.280126
ENSG00000240905.2 8 56893096 56893096 - 2 34003 8_internal_7657 8 56772686 56859093 156 153.273 0.999984 1.83006 0.302696 0.0805789 0.487562 0.488841
ENSG00000241997.2 8 56934872 56934872 - 2 14838 8_internal_8027 8 56898763 56920034 156 143.66 0.999986 1.94471 0.366566 0.0715864 0.621891 0.613064
ENSG00000236814.1 8 56963766 56963766 - 2 43732 8_internal_8027 8 56898763 56920034 156 157.63 0.999998 2.19666 0.161016 0.10962 0.313433 0.316112
ENSG00000238650.1 8 56986460 56986460 - 2 127367 8_internal_7657 8 56772686 56859093 156 126.796 0.999996 1.96399 0.00293485 0.229962 0.0199005 0.01438
ENSG00000008988.5 8 56987069 56987069 - 2 67035 8_internal_8027 8 56898763 56920034 156 219.497 1 2.5046 0.117988 0.121253 0.174129 0.151682
ENSG00000181690.3 8 57123883 57123883 - 3 264790 8_internal_7657 8 56772686 56859093 156 165.841 0.999972 2.97129 0.216976 0.094507 0.487562 0.490424
ENSG00000170791.13 8 57124245 57124245 + 3 993876 8_internal_6834 8 58118121 58123425 156 153.288 0.999976 3.15433 0.446796 -0.0586617 0.850746 0.848976
ENSG00000254254.1 8 57358366 57358366 + 3 -499273 8_internal_7657 8 56772686 56859093 156 138.206 0.999965 2.37851 0.430107 0.0646537 0.761194 0.766814
ENSG00000181195.5 8 57359293 57359293 - 3 439259 8_internal_8027 8 56898763 56920034 156 138.343 1.00005 2.79603 0.303624 0.0835735 0.681592 0.677391
ENSG00000253541.1 8 57390546 57390546 - 3 -727575 8_internal_6834 8 58118121 58123425 156 142.761 0.99995 2.83373 0.0847852 -0.13897 0.233831 0.256349
ENSG00000253139.1 8 57453056 57453056 - 3 -665065 8_internal_6834 8 58118121 58123425 156 139.913 1.00002 2.41316 0.501947 -0.0545299 0.840796 0.834058
ENSG00000246430.2 8 57472382 57472382 - 3 552348 8_internal_8027 8 56898763 56920034 156 174.616 0.999988 3.32025 0.0320068 -0.164908 0.0895522 0.0751844
ENSG00000241431.1 8 57500944 57500944 + 3 617177 8_internal_6834 8 58118121 58123425 156 183.97 0.999997 4.1105 0.312659 -0.0807323 0.741294 0.729975
ENSG00000197334.1 8 57868647 57868647 + 3 249474 8_internal_6834 8 58118121 58123425 156 155.391 1.00005 2.88486 0.0821594 0.136519 0.238806 0.220571
ENSG00000104331.4 8 57906403 57906403 - 3 986369 8_internal_8027 8 56898763 56920034 156 132.57 0.999998 2.59887 0.188655 -0.104338 0.492537 0.485627
ENSG00000253821.1 8 58405443 58405443 + 3 382311 8_internal_8890 8 58787754 59292370 156 183.711 0.999975 2.85172 0.152923 0.117144 0.333333 0.3073
ENSG00000169122.7 8 58907068 58907068 + 5 103711 8_internal_7459 8 59010779 59059656 156 186.591 0.967423 5.42376 1.76225e-06 0.375943 0.00497512 1.47756e-06
ENSG00000215114.3 8 59323823 59323823 + 4 -264167 8_internal_7459 8 59010779 59059656 156 166.771 0.999989 4.35679 0.215976 0.0937463 0.616915 0.623283
ENSG00000250031.1 8 59339244 59339244 - 4 46874 8_internal_8890 8 58787754 59292370 156 153.41 1.00001 3.68916 0.00754292 0.217915 0.039801 0.0294142
ENSG00000137575.7 8 59465483 59465483 + 4 168683 8_internal_7800 8 59634166 60021142 156 166.71 0.999999 4.23702 0.576405 -0.0442356 0.970149 0.970191
ENSG00000242970.2 8 59501323 59501323 - 4 441667 8_internal_7459 8 59010779 59059656 156 128.487 1.00002 3.27482 0.21366 -0.0983176 0.676617 0.625684
ENSG00000035681.3 8 59572403 59572403 - 4 -61763 8_internal_7800 8 59634166 60021142 156 147.347 1 3.38156 0.481357 -0.0563982 0.905473 0.899977
ENSG00000167912.5 8 60031599 60031599 + 4 -10457 8_internal_7800 8 59634166 60021142 156 133.971 1.00006 3.34273 0.00355986 0.230276 0.0248756 0.022957
ENSG00000198846.5 8 60031767 60031767 - 4 10625 8_internal_7800 8 59634166 60021142 156 170.214 0.99999 3.61179 0.00987933 0.206089 0.0298507 0.0251643
ENSG00000178538.5 8 61193971 61193971 - 9 -274397 8_internal_7607 8 61468368 61478150 156 140.08 1.02564 7.75391 0.000232409 0.276892 0.00497512 0.00324198
ENSG00000251396.2 8 61429354 61429354 - 8 -449019 8_internal_8096 8 61878373 61889214 156 158.605 0.999595 8.19288 0.411597 -0.064561 0.99005 0.98632
ENSG00000104388.10 8 61429416 61429416 + 8 38952 8_internal_7607 8 61468368 61478150 156 135.967 0.966698 6.41694 0.00161832 0.255529 0.0248756 0.0238252
ENSG00000255321.1 8 61465595 61465595 - 8 -345513 8_internal_10959 8 61811108 61928188 156 173.794 0.953236 8.93597 0.0403259 0.159147 0.253731 0.261472
ENSG00000171316.6 8 61591337 61591337 + 8 621 8_internal_9291 8 61591958 61699748 156 137.277 1.01924 6.07122 8.02758e-13 0.530054 0.00497512 7.25911e-11
ENSG00000254432.1 8 61722165 61722165 - 8 71678 8_internal_9231 8 61519777 61650487 156 164.242 0.929997 7.87992 0.0449928 0.164987 0.293532 0.304994
ENSG00000254777.1 8 61822612 61822612 + 8 55761 8_internal_8096 8 61878373 61889214 156 178.913 0.977658 8.86433 3.29947e-13 0.543896 0.00497512 1.09815e-13
ENSG00000254802.1 8 61880334 61880334 - 8 0 8_internal_8096 8 61878373 61889214 156 158.3 1.01562 7.68264 3.87488e-12 0.499789 0.00497512 1.40151e-11
ENSG00000177182.6 8 61969717 61969717 + 8 -80503 8_internal_8096 8 61878373 61889214 156 172.027 0.978078 7.85117 0.488803 -0.0554021 0.99005 0.993187
ENSG00000213881.3 8 62114909 62114909 + 8 -636759 8_internal_7607 8 61468368 61478150 156 148.703 0.968907 7.15807 0.288305 0.0822619 0.940299 0.926023
ENSG00000254285.2 8 62490779 62490779 + 7 -746722 8_internal_8087 8 61737558 61744057 156 173.657 0.949494 7.98031 0.128996 -0.122213 0.60199 0.624081
ENSG00000222898.1 8 62544571 62544571 - 7 844823 8_internal_9291 8 61591958 61699748 156 154.583 0.991231 5.45372 0.166422 -0.110069 0.651741 0.637619
ENSG00000198363.10 8 62627155 62627155 - 7 698967 8_internal_10959 8 61811108 61928188 156 157.447 0.975623 5.68548 0.181716 -0.105583 0.666667 0.684836
ENSG00000251127.2 8 62678528 62678528 - 6 978780 8_internal_9291 8 61591958 61699748 156 169.345 0.935084 5.78618 0.311298 -0.0798851 0.875622 0.876499
ENSG00000253121.1 8 63936931 63936931 + 0 NA NA NA NA NA NA NA NA NA NA NA NA NA
ENSG00000137563.6 8 63951730 63951730 - 0 NA NA NA NA NA NA NA NA NA NA NA NA NA
ENSG00000185728.11 8 64081112 64081112 + 0 NA NA NA NA NA NA NA NA NA NA NA NA NA
ENSG00000261542.1 8 64128539 64128539 + 0 NA NA NA NA NA NA NA NA NA NA NA NA NA
ENSG00000172817.3 8 65711318 65711318 - 2 -3127 8_internal_7215 8 65714445 65745954 156 185.92 1.00002 1.95919 0.316813 0.0781671 0.457711 0.466488
ENSG00000200714.1 8 66504966 66504966 + 6 919261 8_internal_7255 8 67424227 67461446 156 145.412 0.999983 5.46331 0.12136 0.124789 0.552239 0.546654
ENSG00000104442.5 8 66546442 66546442 - 6 -294232 8_internal_6835 8 66840674 66870625 156 179.75 1.0056 7.348 0.0251469 -0.18223 0.119403 0.111603
ENSG00000066855.10 8 66556124 66556124 + 6 795074 8_internal_10249 8 67351198 67593725 156 155.528 0.999975 5.38803 0.210322 -0.101943 0.716418 0.721139
ENSG00000267813.1 8 66647611 66647611 + 7 -901657 8_internal_7215 8 65714445 65745954 156 159.565 0.975902 6.91386 0.00428514 0.223629 0.0298507 0.0290781
ENSG00000205268.6 8 66754557 66754557 - 6 -86117 8_internal_6835 8 66840674 66870625 156 157.325 1.05766 6.34606 0.0882815 0.138853 0.442786 0.412156
ENSG00000147570.5 8 66933795 66933795 + 6 -211784 8_internal_8236 8 66654200 66722011 156 135.952 0.999969 4.60608 0.00526835 0.206865 0.039801 0.0417365
ENSG00000253190.1 8 67024902 67024902 + 6 399325 8_internal_7255 8 67424227 67461446 156 139.303 0.999975 4.85295 0.00243277 -0.242197 0.0199005 0.0201274
ENSG00000246145.1 8 67341212 67341212 - 7 619201 8_internal_8236 8 66654200 66722011 156 177.45 0.988376 8.61827 0.110489 0.127058 0.537313 0.555947
ENSG00000179041.2 8 67341263 67341263 + 7 -424661 8_internal_9525 8 66790148 66916602 156 172.621 0.926415 7.0012 0.0251793 0.171326 0.169154 0.14637
ENSG00000147576.11 8 67342420 67342420 + 7 8778 8_internal_10249 8 67351198 67593725 156 166.573 1.02514 7.73459 1.72409e-06 0.379642 0.00497512 4.35058e-06
ENSG00000169085.6 8 67372238 67372238 + 7 0 8_internal_10249 8 67351198 67593725 156 146.798 1.11713 7.18739 4.82569e-08 0.425371 0.00497512 1.60463e-07
ENSG00000185697.11 8 67526482 67526482 - 7 0 8_internal_10249 8 67351198 67593725 156 132.889 1.00235 5.79424 0.0120038 0.203254 0.114428 0.112207
ENSG00000201365.1 8 67565704 67565704 + 7 0 8_internal_10249 8 67351198 67593725 156 158.879 0.984609 6.89665 0.0239746 0.181118 0.164179 0.151624
ENSG00000175073.7 8 67579452 67579452 - 7 0 8_internal_10249 8 67351198 67593725 156 167.35 0.922468 7.37848 0.005887 0.219714 0.0547264 0.0423031
ENSG00000104205.7 8 67579831 67579831 + 7 722333 8_internal_6872 8 68302164 68314400 156 135.083 1.01588 6.04275 0.026319 -0.176946 0.20398 0.206367
ENSG00000213865.3 8 67579850 67579850 + 7 0 8_internal_6980 8 67572159 67838670 156 154.507 0.954579 6.4446 0.266792 0.0920142 0.865672 0.876249
ENSG00000213005.2 8 67680240 67680240 - 7 0 8_internal_6980 8 67572159 67838670 156 168.995 1.03402 7.52053 0.0422718 0.162053 0.238806 0.218572
ENSG00000178460.13 8 67782984 67782984 + 6 519180 8_internal_6872 8 68302164 68314400 156 151.201 1.00003 5.31254 0.0228098 -0.182772 0.124378 0.125902
ENSG00000254341.1 8 67834786 67834786 - 6 918184 8_internal_9525 8 66790148 66916602 156 160.54 0.982657 6.23049 0.1691 -0.107404 0.651741 0.676584
ENSG00000201719.1 8 67834790 67834790 - 6 918188 8_internal_9525 8 66790148 66916602 156 152.207 1.00002 5.24604 0.175574 -0.106077 0.646766 0.649021
ENSG00000245910.2 8 67838633 67838633 - 6 244908 8_internal_10249 8 67351198 67593725 156 142.365 1.08689 6.28121 0.175862 -0.107387 0.741294 0.717947
ENSG00000178125.9 8 67968839 67968839 - 4 130169 8_internal_6980 8 67572159 67838670 156 143.264 0.999995 3.68466 0.427547 -0.0621062 0.900498 0.88737
ENSG00000104218.9 8 67974661 67974661 + 4 -380936 8_internal_10249 8 67351198 67593725 156 151.384 1.00006 4.36821 0.434774 -0.0605353 0.905473 0.921587
ENSG00000121022.9 8 67996018 67996018 - 4 534572 8_internal_7255 8 67424227 67461446 156 163.511 1.00002 4.47474 0.568122 -0.0449427 0.965174 0.974337
ENSG00000252637.1 8 68011537 68011537 + 4 -417812 8_internal_10249 8 67351198 67593725 156 139.943 1.00003 3.94381 0.526557 0.0504278 0.965174 0.956625
ENSG00000250869.1 8 68048146 68048146 - 4 209476 8_internal_6980 8 67572159 67838670 156 148.825 0.99996 3.94696 0.2566 -0.0896392 0.711443 0.707911
ENSG00000066777.3 8 68255912 68255912 - 5 -46252 8_internal_6872 8 68302164 68314400 156 189.531 1.00002 5.81237 0.0531476 -0.15806 0.223881 0.177213
ENSG00000165078.7 8 68658620 68658620 - 3 819950 8_internal_6980 8 67572159 67838670 156 180.192 0.999977 3.76894 0.292196 0.0829471 0.671642 0.674444
ENSG00000046889.14 8 68864353 68864353 + 2 -549953 8_internal_6872 8 68302164 68314400 156 171.874 0.999979 2.03883 0.400979 -0.068813 0.621891 0.620114
ENSG00000254332.1 8 70041833 70041833 + 1 0 8_internal_7696 8 69242522 70542144 156 157.463 1 0.975745 0.23523 0.0958406 0.218905 0.228088
ENSG00000253173.2 8 71016414 71016414 - 4 -106482 8_internal_10176 8 71122896 71314449 156 152.466 1.00002 3.78632 0.234097 0.0956015 0.646766 0.645316
ENSG00000213003.2 8 71185604 71185604 + 4 0 8_internal_10176 8 71122896 71314449 156 142.761 1.00007 3.97705 0.26812 0.0847331 0.781095 0.743142
ENSG00000207036.1 8 71269582 71269582 + 4 0 8_internal_10176 8 71122896 71314449 156 135.22 0.999956 3.72401 0.658847 0.0365254 0.975124 0.985825
ENSG00000140396.7 8 71316040 71316040 - 4 1591 8_internal_10176 8 71122896 71314449 156 153.441 0.999993 3.86237 5.22045e-07 0.371968 0.00497512 2.50007e-06
ENSG00000213002.1 8 71485681 71485681 + 4 -47986 8_internal_7060 8 71427333 71437695 156 178.791 0.999957 4.71228 0.421083 0.0636026 0.905473 0.901862
ENSG00000238450.1 8 71516767 71516767 + 4 -974623 8_internal_7696 8 69242522 70542144 156 161.591 0.999961 4.266 0.0940052 -0.130491 0.323383 0.325885
ENSG00000067167.3 8 71520622 71520622 - 4 82927 8_internal_7060 8 71427333 71437695 156 148.764 1.00001 4.32292 0.187242 0.105531 0.631841 0.614401
ENSG00000246366.2 8 71520812 71520812 + 4 -206363 8_internal_10176 8 71122896 71314449 156 145.412 1.00001 3.45986 0.372828 -0.0700779 0.79602 0.818774
ENSG00000147592.4 8 71581409 71581409 - 3 266960 8_internal_10176 8 71122896 71314449 156 148.855 1.00002 2.3411 0.132449 -0.117184 0.313433 0.300698
ENSG00000221947.3 8 71581600 71581600 + 3 -143905 8_internal_7060 8 71427333 71437695 156 182.416 1 3.36856 0.0994568 0.13676 0.268657 0.230287
ENSG00000235531.5 8 72740402 72740402 + 0 NA NA NA NA NA NA NA NA NA NA NA NA NA
ENSG00000178860.8 8 72756703 72756703 - 0 NA NA NA NA NA NA NA NA NA NA NA NA NA
ENSG00000104321.5 8 72987852 72987852 - 0 NA NA NA NA NA NA NA NA NA NA NA NA NA
ENSG00000147601.8 8 73921099 73921099 + 0 NA NA NA NA NA NA NA NA NA NA NA NA NA
ENSG00000222488.1 8 73931279 73931279 - 0 NA NA NA NA NA NA NA NA NA NA NA NA NA
ENSG00000253636.1 8 73964413 73964413 + 0 NA NA NA NA NA NA NA NA NA NA NA NA NA
ENSG00000164764.10 8 74036323 74036323 - 0 NA NA NA NA NA NA NA NA NA NA NA NA NA
ENSG00000121039.5 8 74206847 74206847 + 0 NA NA NA NA NA NA NA NA NA NA NA NA NA
ENSG00000147604.9 8 74208024 74208024 - 0 NA NA NA NA NA NA NA NA NA NA NA NA NA
ENSG00000250295.2 8 74268696 74268696 - 0 NA NA NA NA NA NA NA NA NA NA NA NA NA
ENSG00000253302.1 8 74332239 74332239 + 0 NA NA NA NA NA NA NA NA NA NA NA NA NA
ENSG00000254273.1 8 74423889 74423889 - 0 NA NA NA NA NA NA NA NA NA NA NA NA NA
ENSG00000254105.1 8 74563524 74563524 + 0 NA NA NA NA NA NA NA NA NA NA NA NA NA
ENSG00000254538.1 8 74582676 74582676 + 0 NA NA NA NA NA NA NA NA NA NA NA NA NA
ENSG00000040341.13 8 74659943 74659943 - 0 NA NA NA NA NA NA NA NA NA NA NA NA NA
ENSG00000253273.2 8 74743378 74743378 + 0 NA NA NA NA NA NA NA NA NA NA NA NA NA
ENSG00000243133.2 8 74746277 74746277 - 0 NA NA NA NA NA NA NA NA NA NA NA NA NA
ENSG00000258677.2 8 74791089 74791089 - 0 NA NA NA NA NA NA NA NA NA NA NA NA NA
ENSG00000104343.14 8 74791145 74791145 - 0 NA NA NA NA NA NA NA NA NA NA NA NA NA
