ENSG00000233614.5 16 61553 61553 + 10 547966 16_internal_6270 16 609519 2528658 156 183.056 0.976728 11.9413 0.139106 -0.123568 0.761194 0.75571
ENSG00000234769.4 16 69452 69452 - 10 -615043 16_internal_5947 16 684495 751569 156 144.727 0.986596 8.05294 0.0971019 0.130817 0.60199 0.61474
ENSG00000260803.1 16 85195 85195 - 10 -684741 16_internal_5848 16 769936 778164 156 138.298 1.05121 7.88308 0.139951 -0.112438 0.736318 0.741696
ENSG00000226942.2 16 88321 88321 - 10 -681615 16_internal_5848 16 769936 778164 156 152.085 1.01525 9.09084 0.0974562 -0.131576 0.61194 0.616736
ENSG00000161981.6 16 103010 103010 + 10 473460 16_internal_5545 16 576470 1526236 156 184.976 0.882528 10.4627 0.0803044 -0.136912 0.517413 0.515373
ENSG00000161980.5 16 103628 103628 - 10 -666308 16_internal_5848 16 769936 778164 156 173.52 0.963851 11.0777 0.0781729 -0.143341 0.542289 0.531614
ENSG00000007384.10 16 126354 126354 - 10 -483165 16_internal_6270 16 609519 2528658 156 190.354 0.864578 11.9667 0.115699 0.126663 0.686567 0.697499
ENSG00000103152.7 16 127006 127006 + 10 482513 16_internal_6270 16 609519 2528658 156 167.319 0.944375 9.59085 0.0403173 -0.172256 0.313433 0.305543
ENSG00000269482.1 16 140629 140629 + 10 629307 16_internal_5848 16 769936 778164 156 157.828 1.04297 10.1265 0.0192607 0.182987 0.174129 0.157932
ENSG00000228779.1 16 175736 175736 + 10 54181 16_internal_5672 16 229917 779375 156 138.039 1.0473 8.77255 0.0228999 -0.177353 0.238806 0.231418
ENSG00000103148.9 16 188859 188859 - 10 -420660 16_internal_6270 16 609519 2528658 156 137.886 1.00991 8.37289 0.134256 -0.116838 0.741294 0.762899
ENSG00000007392.12 16 279462 279462 - 10 -330057 16_internal_6270 16 609519 2528658 156 152.527 1.00887 10.4086 0.0629624 0.156596 0.517413 0.504453
ENSG00000206168.1 16 281133 281133 + 10 488803 16_internal_5848 16 769936 778164 156 169.33 1.0434 10.3546 0.00569051 0.210242 0.0547264 0.034462
ENSG00000167930.11 16 284545 284545 + 10 485391 16_internal_5848 16 769936 778164 156 140.293 1.11358 8.90804 0.0555143 -0.147492 0.447761 0.421711
ENSG00000269881.1 16 299546 299546 + 10 470390 16_internal_5848 16 769936 778164 156 169.665 0.920728 9.83038 0.0813477 -0.140264 0.517413 0.542841
ENSG00000242173.4 16 318726 318726 + 10 451210 16_internal_5848 16 769936 778164 156 162.398 1.09328 10.4766 0.0339237 0.17085 0.238806 0.238044
ENSG00000076344.11 16 325980 325980 - 10 -443956 16_internal_5848 16 769936 778164 156 160.129 0.942137 10.6982 0.0351842 0.170956 0.338308 0.327469
ENSG00000185615.11 16 333152 333152 + 10 113382 16_internal_5523 16 446534 1878029 156 166.695 0.900055 10.7906 0.0920155 0.139901 0.621891 0.644171
ENSG00000103126.10 16 402673 402673 - 11 0 16_internal_8353 16 358461 435481 156 175.287 0.861453 11.9442 0.0118844 0.195284 0.139303 0.128448
ENSG00000086504.10 16 420568 420568 - 11 0 16_internal_8353 16 358461 435481 156 154.4 1.02964 10.2296 0.0118823 0.2043 0.114428 0.11071
ENSG00000236829.4 16 432097 432097 + 11 907138 16_internal_5960 16 1339235 1355297 156 159.55 1.01067 10.9608 0.129814 0.123393 0.746269 0.766771
ENSG00000241145.1 16 436763 436763 + 11 172756 16_internal_6270 16 609519 2528658 156 149.876 1.02934 9.97773 0.0206097 -0.189154 0.149254 0.198033
ENSG00000129925.6 16 437113 437113 - 11 1632 16_internal_8353 16 358461 435481 156 158.041 0.953352 11.152 0.00616103 0.212229 0.0845771 0.0730332
ENSG00000103202.7 16 446725 446725 + 11 0 16_internal_5523 16 446534 1878029 156 144.026 1.05995 10.694 0.000568775 0.253953 0.00497512 0.00733778
ENSG00000242612.1 16 451826 451826 + 11 -16345 16_internal_8353 16 358461 435481 156 153.319 0.964983 10.9651 0.064799 0.148017 0.537313 0.549575
ENSG00000090565.11 16 475619 475619 + 11 140517 16_internal_5824 16 616136 2211189 156 168.355 0.908372 12.1733 0.0758621 -0.14478 0.616915 0.601457
ENSG00000103326.6 16 577717 577717 + 14 0 16_internal_5672 16 229917 779375 156 168.934 0.89541 13.1555 0.00861881 0.202872 0.134328 0.10706
ENSG00000266124.1 16 585316 585316 + 14 24203 16_internal_6270 16 609519 2528658 156 130.894 1.06444 9.55598 0.125064 0.117916 0.79602 0.793875
ENSG00000266235.1 16 593277 593277 + 15 16242 16_internal_6270 16 609519 2528658 156 142.502 1.05219 13.8431 0.0224664 -0.175698 0.338308 0.312549
ENSG00000261691.1 16 603847 603847 - 15 0 16_internal_5672 16 229917 779375 156 156.137 1.01216 16.3423 0.0239578 0.175775 0.353234 0.320861
ENSG00000007541.10 16 616995 616995 + 15 0 16_internal_5672 16 229917 779375 156 183.848 0.859095 18.3761 0.0089442 0.199581 0.134328 0.119792
ENSG00000257108.1 16 616996 616996 + 15 93229 16_internal_5788 16 710225 719486 156 178.669 0.944563 16.7902 0.0643838 0.140487 0.542289 0.585568
ENSG00000197562.5 16 639357 639357 + 15 -203876 16_internal_8353 16 358461 435481 156 169.223 0.990247 15.867 0.0173996 0.182822 0.20398 0.194391
ENSG00000196674.1 16 653555 653555 + 15 0 16_internal_6270 16 609519 2528658 156 160.403 0.946915 13.5862 0.123916 0.126661 0.835821 0.834168
ENSG00000127578.6 16 679239 679239 + 16 0 16_internal_5523 16 446534 1878029 156 135.784 1.08146 13.3832 0.123304 0.119838 0.855721 0.872254
ENSG00000130731.11 16 686358 686358 - 16 250877 16_internal_8353 16 358461 435481 156 159.534 1.15269 19.7863 0.0859674 -0.132801 0.800995 0.775591
ENSG00000172366.15 16 691813 691813 + 16 -256332 16_internal_8353 16 358461 435481 156 154.659 1.09513 15.3398 0.00875011 0.203847 0.0995025 0.103311
ENSG00000102854.9 16 693262 693262 + 16 -257781 16_internal_8353 16 358461 435481 156 167.578 0.95662 14.9493 0.138346 0.115988 0.880597 0.872148
ENSG00000228201.1 16 699200 699200 - 16 -782950 16_internal_7079 16 1482150 1504992 156 164.531 0.918692 16.9751 0.0636346 -0.144413 0.661692 0.66383
ENSG00000161996.13 16 699311 699311 + 16 0 16_internal_5523 16 446534 1878029 156 180.329 0.854706 20.7375 0.185052 -0.0989388 0.9801 0.97705
ENSG00000262528.1 16 706194 706194 - 16 270713 16_internal_8353 16 358461 435481 156 170.549 0.878013 15.7492 0.0282123 0.172706 0.328358 0.352093
ENSG00000140983.7 16 718086 718086 + 16 764064 16_internal_7079 16 1482150 1504992 156 140.629 1.07907 13.1661 0.20203 -0.10505 0.950249 0.960221
ENSG00000103269.9 16 725666 725666 + 16 0 16_internal_5997 16 411740 741043 156 165.567 1.05186 20.1322 0.0635959 -0.15286 0.706468 0.666311
ENSG00000260394.2 16 729777 729777 - 16 -752373 16_internal_7079 16 1482150 1504992 156 178.501 0.87084 16.0003 0.0465579 0.162705 0.467662 0.482729
ENSG00000103266.5 16 730224 730224 + 16 -10738 16_internal_5788 16 710225 719486 156 159.565 1.02803 17.2946 0.00345579 -0.234904 0.0447761 0.0476589
ENSG00000261004.1 16 731671 731671 + 16 -12185 16_internal_5788 16 710225 719486 156 149.464 0.96317 14.4541 0.00120052 -0.249495 0.0298507 0.0254588
ENSG00000260964.1 16 732416 732416 + 16 -12930 16_internal_5788 16 710225 719486 156 138.846 1.05792 12.8905 0.0210216 -0.182164 0.318408 0.294423
ENSG00000161999.6 16 734529 734529 - 16 15043 16_internal_5788 16 710225 719486 156 135.449 0.970451 9.97654 0.026193 -0.180092 0.328358 0.336757
ENSG00000261659.2 16 739001 739001 + 16 0 16_internal_5947 16 684495 751569 156 169.528 0.965929 17.2515 0.0274934 0.16821 0.318408 0.329231
ENSG00000127580.11 16 740444 740444 - 16 0 16_internal_5824 16 616136 2211189 156 157.584 1.05871 15.6948 0.0108399 0.202974 0.139303 0.133088
ENSG00000127585.7 16 755829 755829 - 16 4260 16_internal_5947 16 684495 751569 156 182.813 0.89559 17.5233 0.0978027 0.128708 0.751244 0.771108
ENSG00000103260.3 16 765115 765115 + 16 0 16_internal_5824 16 616136 2211189 156 169.376 0.937609 17.6619 0.0296981 -0.167402 0.358209 0.372974
ENSG00000103254.5 16 770581 770581 + 16 821320 16_internal_5673 16 1591901 1612488 156 171.768 0.956204 17.9558 0.0648747 -0.152014 0.651741 0.640418
ENSG00000103253.12 16 776936 776936 + 16 0 16_internal_5848 16 769936 778164 156 145.245 0.97643 13.0766 0.00182696 0.236482 0.039801 0.0370642
ENSG00000162004.11 16 776954 776954 - 16 0 16_internal_5848 16 769936 778164 156 157.935 0.988371 14.6199 0.0423296 0.154736 0.482587 0.463903
ENSG00000103245.8 16 791329 791329 - 16 0 16_internal_6270 16 609519 2528658 156 165.019 0.94932 14.6278 0.0502145 0.157841 0.542289 0.506649
ENSG00000162006.5 16 833370 833370 - 16 55206 16_internal_5848 16 769936 778164 156 183.315 0.814513 18.5694 0.00407548 0.221304 0.0696517 0.0671893
ENSG00000127586.11 16 838046 838046 + 16 -118560 16_internal_5788 16 710225 719486 156 156.472 0.949503 16.2695 0.0670497 0.145717 0.681592 0.694232
ENSG00000007376.3 16 838397 838397 - 16 59022 16_internal_5672 16 229917 779375 156 169.284 0.972059 18.8634 0.0683515 0.144522 0.686567 0.684303
ENSG00000127588.4 16 850733 850733 - 16 -741168 16_internal_5673 16 1591901 1612488 156 181.502 0.934524 20.6098 0.0317914 -0.157084 0.378109 0.380016
ENSG00000167945.1 16 855443 855443 + 16 -419962 16_internal_8353 16 358461 435481 156 164.79 1.01914 18.5745 0.000331122 0.282257 0.00995025 0.00371866
ENSG00000260022.1 16 933780 933780 + 16 -155616 16_internal_5848 16 769936 778164 156 150.957 1.05469 15.3291 0.105323 -0.128345 0.80597 0.822014
ENSG00000260316.1 16 955224 955224 - 16 -620152 16_internal_5536 16 1575376 1588569 156 150.988 1.00854 16.3109 0.00981682 0.196851 0.189055 0.163114
ENSG00000260439.1 16 971033 971033 + 16 -192869 16_internal_5848 16 769936 778164 156 157.188 1.09273 17.7436 0.14716 -0.115333 0.915423 0.928032
ENSG00000103227.13 16 1031318 1031318 - 16 279749 16_internal_5947 16 684495 751569 156 151.216 0.976821 15.6836 0.0206029 -0.176627 0.313433 0.312564
ENSG00000260807.2 16 1031596 1031596 - 16 -560305 16_internal_5673 16 1591901 1612488 156 143.34 1.11415 14.0566 0.00222122 0.233336 0.0298507 0.0311526
ENSG00000103275.14 16 1355548 1355548 + 16 -251 16_internal_5960 16 1339235 1355297 156 142.594 0.95484 12.9119 0.00139044 -0.249781 0.0547264 0.0341429
ENSG00000261505.1 16 1372846 1372846 - 16 17549 16_internal_5960 16 1339235 1355297 156 159.367 0.923303 14.7705 0.00491329 -0.218176 0.109453 0.0812168
ENSG00000219274.1 16 1379079 1379079 + 16 280920 16_internal_6362 16 1659999 1758191 156 146.524 1.05291 15.256 0.028103 -0.173451 0.38806 0.379046
ENSG00000007516.9 16 1383602 1383602 + 16 -604227 16_internal_5672 16 229917 779375 156 168.264 0.992622 18.2837 0.00608884 0.206679 0.0895522 0.0788936
ENSG00000007520.3 16 1401912 1401912 - 16 966431 16_internal_8353 16 358461 435481 156 155.375 1.00526 18.0138 0.0296435 0.171666 0.437811 0.419467
ENSG00000090581.5 16 1401924 1401924 + 16 128425 16_internal_6477 16 1530349 1539693 156 155.756 1.00103 14.5015 0.0169345 -0.183122 0.218905 0.219964
ENSG00000260425.1 16 1411406 1411406 - 16 632031 16_internal_5672 16 229917 779375 156 161.469 1.06092 18.4811 0.0130217 -0.195526 0.169154 0.170567
ENSG00000260132.1 16 1458835 1458835 + 15 -680671 16_internal_5848 16 769936 778164 156 141.832 1.10973 12.7363 0.0199727 0.19045 0.218905 0.24396
ENSG00000059145.13 16 1464752 1464752 - 15 109455 16_internal_5960 16 1339235 1355297 156 145.793 1.12669 12.8899 0.0670465 0.137941 0.626866 0.590698
ENSG00000174109.3 16 1479345 1479345 - 15 0 16_internal_5523 16 446534 1878029 156 210.935 0.875859 28.1184 0.0307225 0.17197 0.343284 0.347561
ENSG00000197599.8 16 1494557 1494557 - 15 0 16_internal_5523 16 446534 1878029 156 141.421 1.12705 13.0112 0.127475 0.117927 0.855721 0.846898
ENSG00000261641.1 16 1495344 1495344 + 15 35005 16_internal_6477 16 1530349 1539693 156 170.077 1.00692 17.3079 7.68174e-06 0.348245 0.00497512 4.80889e-05
ENSG00000260051.1 16 1501761 1501761 + 15 28588 16_internal_6477 16 1530349 1539693 156 145.107 1.07878 13.3423 0.0455937 0.151868 0.537313 0.48632
ENSG00000261430.1 16 1522685 1522685 - 15 743310 16_internal_5672 16 229917 779375 156 153.273 1.06903 15.1576 0.115701 0.127935 0.830846 0.837427
ENSG00000103249.12 16 1525581 1525581 - 15 -4768 16_internal_6477 16 1530349 1539693 156 157.005 0.94221 12.376 2.66985e-07 0.393456 0.00497512 6.43791e-06
ENSG00000219027.2 16 1527831 1527831 + 15 -808345 16_internal_5788 16 710225 719486 156 153.898 0.981154 15.0553 0.0106677 0.200848 0.169154 0.162723
ENSG00000251692.3 16 1538982 1538982 - 15 0 16_internal_6477 16 1530349 1539693 156 156.746 1.14697 17.3357 9.71179e-05 0.306842 0.00497512 0.000590402
ENSG00000100726.10 16 1543345 1543345 + 15 -3652 16_internal_6477 16 1530349 1539693 156 143.645 1.0032 12.2752 0.00309909 0.238541 0.0447761 0.0537868
ENSG00000260646.1 16 1562980 1562980 + 15 0 16_internal_5824 16 616136 2211189 156 153.105 1.1958 16.5706 0.13828 -0.121718 0.900498 0.891967
ENSG00000131634.9 16 1578689 1578689 + 15 -837646 16_internal_5997 16 411740 741043 156 151.491 1.02512 13.5413 0.14123 0.11796 0.875622 0.879386
ENSG00000260954.1 16 1630309 1630309 - 15 850934 16_internal_5672 16 229917 779375 156 155.116 0.995477 14.5153 0.137008 -0.111228 0.870647 0.885251
ENSG00000187535.9 16 1662111 1662111 - 16 942625 16_internal_5788 16 710225 719486 156 171.417 0.980264 19.1691 0.0647791 0.143542 0.641791 0.654989
ENSG00000007545.10 16 1662326 1662326 + 16 0 16_internal_6362 16 1659999 1758191 156 180.786 0.926123 19.5798 0.0100833 0.205229 0.139303 0.126258
ENSG00000226890.1 16 1676161 1676161 - 16 0 16_internal_5824 16 616136 2211189 156 162.627 0.953617 16.7558 0.0491441 0.15797 0.547264 0.555811
ENSG00000261732.1 16 1682260 1682260 + 16 0 16_internal_6362 16 1659999 1758191 156 163.373 0.971128 14.4475 0.00312769 0.233736 0.0597015 0.0394331
ENSG00000206053.8 16 1728257 1728257 + 16 0 16_internal_5523 16 446534 1878029 156 153.273 1.01325 13.5438 0.0962499 -0.133525 0.731343 0.7528
ENSG00000138834.8 16 1756184 1756184 + 14 -251192 16_internal_7079 16 1482150 1504992 156 136.881 1.07782 11.762 0.144755 -0.110112 0.870647 0.877417
ENSG00000261399.1 16 1764209 1764209 - 14 237973 16_internal_5545 16 576470 1526236 156 161.835 1.12982 17.5283 0.00182285 0.24148 0.0199005 0.0152435
ENSG00000265820.1 16 1784986 1784986 + 12 -196417 16_internal_5536 16 1575376 1588569 156 144.94 1.06519 10.5865 0.05513 -0.154252 0.502488 0.476647
ENSG00000261207.1 16 1802263 1802263 - 12 0 16_internal_5824 16 616136 2211189 156 158.331 1.03361 11.0883 0.0641486 -0.143458 0.512438 0.49374
ENSG00000103024.3 16 1821731 1821731 - 12 0 16_internal_5824 16 616136 2211189 156 156.731 0.949224 11.8707 0.0787195 0.142144 0.661692 0.640351
ENSG00000074071.8 16 1823156 1823156 - 12 -834369 16_internal_6346 16 2657525 2736140 156 185.92 1.00073 18.0044 0.163858 -0.113248 0.915423 0.915747
ENSG00000197774.7 16 1823208 1823208 + 12 -210720 16_internal_5673 16 1591901 1612488 156 148.185 0.922731 9.98031 0.146193 0.118583 0.840796 0.837468
ENSG00000162032.10 16 1832821 1832821 - 12 293128 16_internal_6477 16 1530349 1539693 156 134.063 1.05473 10.1253 0.101171 0.136135 0.721393 0.734265
ENSG00000095906.11 16 1832902 1832902 + 12 0 16_internal_5824 16 616136 2211189 156 151.018 1.02265 11.9499 0.041408 0.166935 0.442786 0.411018
ENSG00000259936.1 16 1839187 1839187 - 12 0 16_internal_5824 16 616136 2211189 156 171.173 0.938609 12.2362 0.0163384 0.195173 0.144279 0.156948
ENSG00000261661.1 16 1843701 1843701 - 12 0 16_internal_5824 16 616136 2211189 156 148.931 1.06958 10.8099 0.149575 0.116413 0.845771 0.830177
ENSG00000099769.5 16 1844972 1844972 - 12 0 16_internal_5523 16 446534 1878029 156 155.116 0.979141 10.889 0.0702223 0.144089 0.557214 0.561155
ENSG00000180185.7 16 1876968 1876968 + 12 780557 16_internal_6346 16 2657525 2736140 156 163.632 0.91656 9.88136 0.300519 -0.0815041 0.9801 0.970726
ENSG00000063854.7 16 1877195 1877195 - 12 0 16_internal_5523 16 446534 1878029 156 152.907 1.02952 11.2083 0.0112434 0.187245 0.129353 0.118608
ENSG00000162039.10 16 1934295 1934295 - 13 -997491 16_internal_6120 16 2931786 2963319 156 165.506 1.04132 14.7026 0.101967 0.134914 0.711443 0.744743
ENSG00000198736.7 16 1993327 1993327 - 13 115298 16_internal_5523 16 446534 1878029 156 180.375 0.924499 14.9285 0.0129776 0.193167 0.144279 0.129804
ENSG00000140990.10 16 2009509 2009509 + 13 -654212 16_internal_5960 16 1339235 1355297 156 154.995 0.907114 11.6232 0.00500181 -0.224592 0.0845771 0.0782228
ENSG00000206811.1 16 2012467 2012467 - 13 486231 16_internal_5545 16 576470 1526236 156 184.123 0.830135 13.8402 0.0146147 0.198343 0.179104 0.162159
ENSG00000207405.1 16 2013107 2013107 - 13 -918679 16_internal_6120 16 2931786 2963319 156 143.538 1.12313 13.2284 0.0605385 0.152447 0.577114 0.575738
ENSG00000255513.1 16 2014096 2014096 - 13 -708146 16_internal_5823 16 2722242 2733547 156 161.317 0.999285 12.3615 0.0723038 0.137787 0.577114 0.579358
ENSG00000140988.10 16 2014861 2014861 - 13 0 16_internal_6270 16 609519 2528658 156 161.591 0.934614 13.2368 0.0482898 -0.158926 0.487562 0.484
ENSG00000255198.2 16 2014960 2014960 + 13 -509968 16_internal_7079 16 1482150 1504992 156 137.719 1.11369 11.3147 0.13766 0.119545 0.885572 0.842456
ENSG00000238671.1 16 2015185 2015185 + 13 -475492 16_internal_6477 16 1530349 1539693 156 150.013 1.10724 13.1349 0.0675761 0.14522 0.597015 0.586431
ENSG00000183751.9 16 2022038 2022038 + 13 0 16_internal_5824 16 616136 2211189 156 159.336 0.964561 12.6282 0.0841881 0.142067 0.681592 0.669826
ENSG00000269205.1 16 2031633 2031633 + 13 -419145 16_internal_5673 16 1591901 1612488 156 173.276 0.858847 13.6422 0.171717 0.11204 0.935323 0.914404
ENSG00000196408.7 16 2034193 2034193 - 13 0 16_internal_6270 16 609519 2528658 156 167.822 0.917381 12.8449 0.0326468 0.171887 0.323383 0.332628
ENSG00000127554.12 16 2034208 2034208 + 13 688034 16_internal_5823 16 2722242 2733547 156 155.254 1.02192 13.1094 0.0391324 -0.165836 0.383085 0.400843
ENSG00000127561.9 16 2039661 2039661 + 13 0 16_internal_5824 16 616136 2211189 156 158.971 1.01221 13.5603 0.0239627 -0.176869 0.263682 0.261803
ENSG00000261790.1 16 2040358 2040358 - 13 685061 16_internal_5960 16 1339235 1355297 156 152.709 1.10812 12.3889 0.018029 -0.190612 0.199005 0.174645
ENSG00000260107.1 16 2047655 2047655 + 13 -507962 16_internal_6477 16 1530349 1539693 156 147.819 1.02423 10.3745 0.147432 0.115694 0.835821 0.827179
ENSG00000167962.8 16 2059824 2059824 - 13 554832 16_internal_7079 16 1482150 1504992 156 171.113 0.912017 14.3161 0.09656 -0.131051 0.711443 0.737425
ENSG00000183971.5 16 2059927 2059927 + 13 -301736 16_internal_6362 16 1659999 1758191 156 159.123 1.09167 14.2503 0.0836887 0.135493 0.661692 0.663804
ENSG00000265386.1 16 2063182 2063182 + 13 594343 16_internal_6346 16 2657525 2736140 156 159.062 0.93622 12.1162 0.00995343 0.198836 0.129353 0.125522
ENSG00000065054.8 16 2075357 2075357 + 13 -462869 16_internal_5673 16 1591901 1612488 156 162.124 0.898788 14.1781 0.0638379 0.150622 0.626866 0.622485
ENSG00000103197.12 16 2097466 2097466 + 14 0 16_internal_6270 16 609519 2528658 156 155.878 1.01211 13.4797 0.0365517 0.160799 0.383085 0.3895
ENSG00000065057.2 16 2097867 2097867 - 14 571631 16_internal_5545 16 576470 1526236 156 137.231 1.14047 11.5178 0.0689553 0.14241 0.616915 0.598213
ENSG00000259933.1 16 2141437 2141437 + 14 516088 16_internal_6346 16 2657525 2736140 156 176.841 0.915136 13.9285 0.0773982 -0.13586 0.587065 0.616034
ENSG00000261123.1 16 2147027 2147027 - 15 642035 16_internal_7079 16 1482150 1504992 156 150.531 0.998984 13.0283 0.0362203 -0.163303 0.427861 0.41024
ENSG00000261240.1 16 2162336 2162336 + 15 929595 16_internal_7537 16 3091931 3139029 156 156.411 1.07698 13.2004 0.170273 -0.10655 0.900498 0.902609
ENSG00000260447.1 16 2169208 2169208 + 15 922723 16_internal_7537 16 3091931 3139029 156 171.143 1.00687 16.2399 0.0474015 0.159503 0.452736 0.461886
ENSG00000008710.12 16 2185899 2185899 - 16 -906032 16_internal_7537 16 3091931 3139029 156 120.534 1.05365 10.3877 0.10468 -0.127351 0.78607 0.810111
ENSG00000167964.7 16 2190804 2190804 + 16 -685812 16_internal_7079 16 1482150 1504992 156 150.881 1.07345 14.7198 0.010526 -0.191313 0.139303 0.137342
ENSG00000206630.1 16 2205106 2205106 - 17 849809 16_internal_5960 16 1339235 1355297 156 185.326 0.896768 21.9418 0.0039947 0.221467 0.0597015 0.0534862
ENSG00000260260.1 16 2205359 2205359 - 17 447168 16_internal_6362 16 1659999 1758191 156 171.432 0.997156 19.791 0.0167804 0.179979 0.19403 0.216267
ENSG00000131653.8 16 2205699 2205699 + 17 -593211 16_internal_5673 16 1591901 1612488 156 163.693 0.890004 17.077 0.0202436 -0.17413 0.338308 0.310276
ENSG00000167971.13 16 2246526 2246526 - 18 741534 16_internal_7079 16 1482150 1504992 156 166.055 1.03604 20.9914 0.0284171 -0.167544 0.38806 0.37904
ENSG00000167965.12 16 2254249 2254249 + 18 837682 16_internal_7537 16 3091931 3139029 156 160.083 0.927577 16.5203 0.0391714 0.156298 0.487562 0.496182
ENSG00000182685.3 16 2261951 2261951 - 18 -460291 16_internal_5823 16 2722242 2733547 156 158.681 1.05816 19.1265 0.0292704 0.176098 0.412935 0.390596
ENSG00000261532.1 16 2261998 2261998 + 18 -649510 16_internal_5673 16 1591901 1612488 156 134.032 1.13522 14.3828 0.0701416 0.13777 0.746269 0.710632
ENSG00000184207.7 16 2264808 2264808 - 19 759816 16_internal_7079 16 1482150 1504992 156 151.064 0.962803 17.2605 0.031177 -0.174385 0.437811 0.467485
ENSG00000167967.10 16 2273560 2273560 + 19 -733867 16_internal_6477 16 1530349 1539693 156 161.53 0.975479 20.5111 0.0740948 0.13922 0.771144 0.777733
ENSG00000167968.7 16 2285817 2285817 + 20 913602 16_internal_7650 16 3199419 3233608 156 145.458 1.03711 15.8427 0.0519306 -0.155471 0.626866 0.612703
ENSG00000259780.2 16 2286914 2286914 - 20 -435328 16_internal_5823 16 2722242 2733547 156 151.78 1.13856 21.0069 0.127562 0.124193 0.945274 0.936052
ENSG00000261663.1 16 2290488 2290488 + 20 801443 16_internal_7537 16 3091931 3139029 156 138.13 1.07148 13.6008 0.0186107 0.178587 0.263682 0.277833
ENSG00000167969.7 16 2302301 2302301 - 20 776065 16_internal_5545 16 576470 1526236 156 154.111 1.05631 23.0562 0.000710743 0.274103 0.0149254 0.0136256
ENSG00000167970.6 16 2303738 2303738 + 20 -545547 16_internal_6362 16 1659999 1758191 156 179.796 0.840527 20.7382 0.0366802 -0.164322 0.442786 0.488586
ENSG00000260778.1 16 2318156 2318156 + 20 964191 16_internal_6494 16 3282347 3318741 156 140.491 0.97713 15.0204 0.0540797 -0.141582 0.661692 0.65991
ENSG00000205937.6 16 2318413 2318413 - 20 440384 16_internal_5523 16 446534 1878029 156 159.306 1.07011 22.1404 0.0357414 -0.168214 0.542289 0.500972
ENSG00000167972.8 16 2390747 2390747 - 19 851054 16_internal_6477 16 1530349 1539693 156 142.396 1.09403 16.0974 0.0559856 -0.14617 0.681592 0.640807
ENSG00000162063.8 16 2479395 2479395 + 19 -953159 16_internal_5545 16 576470 1526236 156 189.12 0.897938 22.0897 0.0366025 0.157608 0.39801 0.43023
ENSG00000260874.1 16 2509980 2509980 - 18 298791 16_internal_5824 16 616136 2211189 156 183.422 0.976715 23.2755 0.0583834 -0.147899 0.661692 0.624183
ENSG00000162062.10 16 2510081 2510081 + 18 772266 16_internal_6494 16 3282347 3318741 156 153.959 0.910351 15.8255 0.0912346 -0.133949 0.825871 0.814341
ENSG00000259895.1 16 2518214 2518214 - 19 -681205 16_internal_7650 16 3199419 3233608 156 202.952 0.87569 30.882 0.0375264 -0.169581 0.497512 0.485766
ENSG00000162068.1 16 2521500 2521500 + 19 622774 16_internal_5881 16 3144274 3157380 156 164.958 1.06469 20.7016 0.0101931 -0.194127 0.124378 0.136267
ENSG00000162065.7 16 2525147 2525147 + 19 -985454 16_internal_6477 16 1530349 1539693 156 145.458 1.02405 16.6108 0.0575997 -0.145406 0.681592 0.673328
ENSG00000260293.1 16 2526559 2526559 + 18 -986866 16_internal_6477 16 1530349 1539693 156 151.75 1.02641 17.9979 0.0372415 -0.169331 0.562189 0.50742
ENSG00000260272.1 16 2546033 2546033 + 17 677719 16_internal_5634 16 3223752 3241572 156 160.753 0.977192 17.3332 0.0287364 -0.170904 0.412935 0.382099
ENSG00000185883.5 16 2563727 2563727 + 18 660025 16_internal_5634 16 3223752 3241572 156 156.061 1.08174 19.0302 0.0138596 -0.193129 0.199005 0.200841
ENSG00000259784.1 16 2563966 2563966 + 18 -685937 16_internal_5523 16 446534 1878029 156 167.35 0.882235 18.2393 0.0378417 0.160457 0.482587 0.50096
ENSG00000162066.10 16 2570358 2570358 + 18 -812167 16_internal_6362 16 1659999 1758191 156 162.932 0.895679 16.0773 0.00813663 0.20172 0.139303 0.136916
ENSG00000205923.2 16 2581420 2581420 - 18 823229 16_internal_6362 16 1659999 1758191 156 132.752 1.01734 12.8278 0.00997883 0.198046 0.19403 0.195903
ENSG00000266232.1 16 2582006 2582006 - 18 370817 16_internal_5824 16 616136 2211189 156 162.322 0.84658 16.7193 0.0351817 0.166883 0.447761 0.494181
ENSG00000140992.13 16 2587965 2587965 + 18 611454 16_internal_7650 16 3199419 3233608 156 154.08 0.999942 16.4477 0.198549 0.100384 0.9801 0.975225
ENSG00000261613.1 16 2616295 2616295 - 16 -583124 16_internal_7650 16 3199419 3233608 156 150.318 1.16168 16.0053 0.0617895 -0.155816 0.646766 0.605033
ENSG00000261093.1 16 2649719 2649719 - 17 -72523 16_internal_5823 16 2722242 2733547 156 144.909 0.998579 15.0017 0.121808 -0.11383 0.885572 0.888584
ENSG00000215154.2 16 2653351 2653351 + 17 68891 16_internal_5823 16 2722242 2733547 156 163.8 0.92067 17.1722 0.000644501 0.274456 0.0248756 0.0121632
ENSG00000205918.5 16 2693297 2693297 - 17 -28945 16_internal_5823 16 2722242 2733547 156 148.566 0.878874 14.1152 0.00229853 0.244119 0.0646766 0.0623659
ENSG00000261169.1 16 2723423 2723423 - 17 0 16_internal_5823 16 2722242 2733547 156 165.08 0.999975 17.9459 1.3132e-05 0.345448 0.00497512 0.000131912
ENSG00000260565.1 16 2723445 2723445 - 17 0 16_internal_5823 16 2722242 2733547 156 145.214 1.05973 14.8661 0.000365477 0.28345 0.0149254 0.00637804
ENSG00000167977.4 16 2732476 2732476 + 17 0 16_internal_5823 16 2722242 2733547 156 161.957 0.979825 17.9803 0.132963 0.120345 0.915423 0.913823
ENSG00000172382.5 16 2770552 2770552 - 16 -428867 16_internal_7650 16 3199419 3233608 156 162.795 0.948525 15.1845 0.00268109 0.241891 0.039801 0.0393169
ENSG00000167978.11 16 2802330 2802330 + 16 397089 16_internal_7650 16 3199419 3233608 156 143.554 1.07497 13.6867 0.0219484 -0.191172 0.258706 0.288528
ENSG00000205913.2 16 2802601 2802601 - 16 -479746 16_internal_6494 16 3282347 3318741 156 141.527 1.08425 13.8924 0.0821602 -0.133672 0.771144 0.733338
ENSG00000265864.1 16 2819873 2819873 + 16 812324 16_internal_7053 16 3632197 3642543 156 156.229 0.949348 13.6254 0.058127 0.151634 0.527363 0.57981
ENSG00000103363.10 16 2827298 2827298 - 16 -436441 16_internal_5566 16 3263739 3334713 156 167.959 1.13171 19.6431 0.014251 0.19269 0.144279 0.149439
ENSG00000007038.6 16 2867164 2867164 + 16 277110 16_internal_5881 16 3144274 3157380 156 177.663 0.840803 14.2726 0.000854109 0.253179 0.0348259 0.0128695
ENSG00000162078.7 16 2880170 2880170 + 15 343582 16_internal_5634 16 3223752 3241572 156 144.163 1.07966 14.0063 0.0724513 -0.13484 0.681592 0.679159
ENSG00000172460.10 16 2892745 2892745 - 15 -389602 16_internal_6494 16 3282347 3318741 156 166.557 1.06052 17.6095 0.0186814 0.18001 0.253731 0.210586
ENSG00000162076.8 16 2933187 2933187 + 15 0 16_internal_6120 16 2931786 2963319 156 151.582 1.16941 17.2369 0.000257377 0.279738 0.00497512 0.00207753
ENSG00000059122.12 16 2961938 2961938 + 15 237481 16_internal_7650 16 3199419 3233608 156 166.085 0.964571 15.7051 0.0342241 0.172875 0.373134 0.386111
ENSG00000262959.1 16 2973231 2973231 - 15 9912 16_internal_6120 16 2931786 2963319 156 148.535 1.04933 15.9941 0.0289839 0.177774 0.40796 0.393164
ENSG00000262482.1 16 3004277 3004277 - 15 270730 16_internal_5823 16 2722242 2733547 156 156.457 0.940174 13.1105 0.0670866 -0.145227 0.621891 0.621706
ENSG00000131650.9 16 3013945 3013945 + 15 268402 16_internal_6494 16 3282347 3318741 156 134.276 1.01894 11.5448 0.0220833 -0.178764 0.343284 0.318566
ENSG00000162073.9 16 3019246 3019246 + 15 180173 16_internal_7650 16 3199419 3233608 156 175.256 0.943465 16.2408 0.102114 0.130822 0.771144 0.774096
ENSG00000127564.12 16 3030540 3030540 - 15 -519209 16_internal_6247 16 3549749 3562332 156 143.295 1.0521 13.6713 0.121515 -0.126978 0.865672 0.85745
ENSG00000213937.3 16 3062457 3062457 + 15 121069 16_internal_5939 16 3183526 3415876 156 136.53 1.0631 11.9023 0.0407951 0.165949 0.477612 0.465333
ENSG00000006327.9 16 3068446 3068446 + 15 75828 16_internal_5881 16 3144274 3157380 156 158.026 0.92823 14.9166 0.0643473 0.149533 0.661692 0.64974
ENSG00000131652.9 16 3074028 3074028 + 15 -862839 16_internal_5824 16 616136 2211189 156 144.452 1.07191 13.4764 0.00537679 -0.220483 0.0646766 0.0782686
ENSG00000103145.5 16 3074287 3074287 - 15 -125132 16_internal_7650 16 3199419 3233608 156 143.843 0.962773 12.4516 0.223261 -0.10073 0.965174 0.970604
ENSG00000162069.10 16 3086927 3086927 - 15 -112492 16_internal_7650 16 3199419 3233608 156 154.72 1.02837 15.3902 0.0330126 0.170277 0.422886 0.396875
ENSG00000008516.12 16 3096682 3096682 + 15 0 16_internal_7537 16 3091931 3139029 156 149.145 1.14304 16.6583 0.00360373 0.230874 0.039801 0.0460072
ENSG00000262019.1 16 3104343 3104343 + 15 0 16_internal_7537 16 3091931 3139029 156 144.071 0.961271 11.7611 0.000957111 0.253978 0.0298507 0.0208321
ENSG00000261971.2 16 3109371 3109371 - 15 0 16_internal_7537 16 3091931 3139029 156 157.615 1.13156 16.8236 0.00236589 0.238038 0.0149254 0.0227602
ENSG00000008517.12 16 3115298 3115298 + 15 148441 16_internal_5566 16 3263739 3334713 156 158.163 0.972822 16.3486 0.0396547 0.165528 0.482587 0.485037
ENSG00000252561.1 16 3119524 3119524 + 15 -385977 16_internal_5823 16 2722242 2733547 156 149.007 1.06566 13.7142 0.250342 -0.0929693 0.985075 0.982072
ENSG00000200204.1 16 3136144 3136144 + 16 496053 16_internal_7053 16 3632197 3642543 156 167.761 0.941303 15.7687 0.0344459 0.169401 0.40796 0.392601
ENSG00000262370.1 16 3137101 3137101 - 16 0 16_internal_7537 16 3091931 3139029 156 148.337 0.884713 12.1258 5.81814e-05 0.31365 0.0149254 0.00245931
ENSG00000122386.6 16 3162561 3162561 + 16 -23532 16_internal_7537 16 3091931 3139029 156 150.287 1.03603 16.4087 0.00157012 0.238572 0.039801 0.0269629
ENSG00000263214.1 16 3165599 3165599 - 16 -58153 16_internal_5634 16 3223752 3241572 156 152.618 1.09159 17.1415 0.000660058 -0.248645 0.0149254 0.0083219
ENSG00000085644.9 16 3179778 3179778 + 16 -968589 16_internal_5824 16 616136 2211189 156 138.785 1.05124 13.2159 0.0737099 0.139523 0.686567 0.701086
ENSG00000263072.1 16 3184883 3184883 - 16 -447314 16_internal_7053 16 3632197 3642543 156 145.747 1.018 15.3674 0.0124178 -0.203695 0.21393 0.208498
ENSG00000228146.2 16 3194220 3194220 + 16 5199 16_internal_7650 16 3199419 3233608 156 157.615 1.02725 17.2332 0.00653905 0.216658 0.0895522 0.0954999
ENSG00000261889.1 16 3207484 3207484 - 16 -342265 16_internal_6247 16 3549749 3562332 156 178.669 0.935318 21.4798 0.0596833 0.148658 0.621891 0.646136
ENSG00000262668.1 16 3238212 3238212 + 15 44135 16_internal_6494 16 3282347 3318741 156 146.082 1.08963 13.3227 0.000616254 0.268716 0.00497512 0.00793239
ENSG00000010539.7 16 3286221 3286221 - 15 0 16_internal_6494 16 3282347 3318741 156 155.787 1.06123 17.019 0.000433216 0.272967 0.00995025 0.00535509
ENSG00000103313.7 16 3306627 3306627 - 15 0 16_internal_6494 16 3282347 3318741 156 171.036 0.948555 15.221 0.000270692 -0.275828 0.00497512 0.00291406
ENSG00000006194.6 16 3313743 3313743 + 15 203029 16_internal_6712 16 3516772 3520619 156 168.782 1.05079 18.9814 0.00700127 0.215048 0.0746269 0.0791691
ENSG00000162086.9 16 3355406 3355406 + 15 161366 16_internal_6712 16 3516772 3520619 156 140.141 1.07619 12.081 0.0193994 0.186095 0.263682 0.247031
ENSG00000140993.6 16 3355729 3355729 - 15 36988 16_internal_6494 16 3282347 3318741 156 162.231 0.927542 15.0615 8.70894e-07 0.358237 0.00497512 1.90792e-05
ENSG00000262899.1 16 3358393 3358393 - 15 -158379 16_internal_6712 16 3516772 3520619 156 153.471 0.972503 14.2392 0.000640537 0.256999 0.0149254 0.0115267
ENSG00000262554.1 16 3358609 3358609 + 15 0 16_internal_5939 16 3183526 3415876 156 154.126 1.00758 15.5349 0.0469522 0.160114 0.557214 0.533041
ENSG00000262621.1 16 3415099 3415099 + 15 101673 16_internal_6712 16 3516772 3520619 156 191.13 0.918733 19.529 0.031151 0.172957 0.328358 0.323347
ENSG00000140987.15 16 3451065 3451065 - 15 717518 16_internal_5823 16 2722242 2733547 156 182.264 0.982422 16.6743 0.00890593 0.206982 0.0895522 0.0793356
ENSG00000103343.8 16 3451235 3451235 + 15 98514 16_internal_6247 16 3549749 3562332 156 149.297 1.08138 13.7141 0.00731631 0.214793 0.0845771 0.0916686
ENSG00000167981.4 16 3493542 3493542 - 16 158829 16_internal_5566 16 3263739 3334713 156 145.077 1.01899 13.7859 0.035955 0.170575 0.41791 0.446426
ENSG00000122390.12 16 3493611 3493611 + 16 23161 16_internal_6712 16 3516772 3520619 156 143.736 1.1438 15.2966 0.0341521 0.169091 0.457711 0.415965
ENSG00000263212.1 16 3508071 3508071 + 16 -189330 16_internal_6494 16 3282347 3318741 156 153.578 1.01375 14.16 0.239385 -0.0911514 0.985075 0.980076
ENSG00000215131.6 16 3545480 3545480 - 16 129604 16_internal_5939 16 3183526 3415876 156 157.143 1.08579 14.9552 0.0076553 0.213867 0.0945274 0.0842386
ENSG00000103351.8 16 3550924 3550924 + 16 81273 16_internal_7053 16 3632197 3642543 156 138.557 1.09259 13.9609 0.0254295 0.18125 0.348259 0.351257
ENSG00000262312.1 16 3594431 3594431 + 18 -631112 16_internal_6120 16 2931786 2963319 156 167.837 0.913483 18.4158 0.0016179 -0.230592 0.0447761 0.0284143
ENSG00000167984.10 16 3627401 3627401 - 18 292688 16_internal_5566 16 3263739 3334713 156 155.284 0.921023 15.829 0.0391221 0.161439 0.527363 0.510886
ENSG00000261938.1 16 3631182 3631182 + 18 -215306 16_internal_5939 16 3183526 3415876 156 172.956 0.92415 20.8267 0.00850852 -0.202613 0.139303 0.13375
ENSG00000262861.1 16 3651122 3651122 + 18 -130503 16_internal_6712 16 3516772 3520619 156 174.967 0.937673 18.0926 0.0298369 -0.174879 0.348259 0.353862
ENSG00000188827.6 16 3661599 3661599 - 18 698280 16_internal_6120 16 2931786 2963319 156 151.049 1.09191 16.8895 0.0108653 -0.188836 0.174129 0.155213
ENSG00000213918.6 16 3661729 3661729 + 18 -19186 16_internal_7053 16 3632197 3642543 156 154.918 0.928558 17.135 0.0630182 -0.143474 0.706468 0.70566
ENSG00000263235.1 16 3701704 3701704 - 20 -760850 16_internal_6514 16 4462554 4567898 156 162.581 0.960992 20.877 0.0294345 0.171673 0.432836 0.444662
ENSG00000178430.4 16 3725411 3725411 + 20 -483839 16_internal_5634 16 3223752 3241572 156 195.137 0.898824 30.4961 0.0936314 0.132485 0.885572 0.87463
ENSG00000126602.6 16 3767598 3767598 - 18 804279 16_internal_6120 16 2931786 2963319 156 160.342 0.986814 20.206 0.120884 -0.12364 0.915423 0.918744
ENSG00000262516.1 16 3890529 3890529 + 19 -369910 16_internal_6712 16 3516772 3520619 156 157.005 0.931245 17.198 0.0611337 0.150856 0.686567 0.684818
ENSG00000005339.8 16 3930727 3930727 - 20 -592011 16_internal_5802 16 4522738 4558639 156 147.865 1.03826 20.4921 0.00192809 0.251098 0.039801 0.0445731
ENSG00000262185.1 16 4000445 4000445 - 19 681704 16_internal_6494 16 3282347 3318741 156 152.801 0.972749 15.8111 0.024511 -0.178108 0.343284 0.353976
ENSG00000162104.5 16 4166186 4166186 - 17 0 16_internal_6251 16 4130764 4167588 156 145.321 0.932195 14.4068 1.26725e-05 0.331245 0.00497512 0.000636506
ENSG00000263105.1 16 4233516 4233516 - 17 -289222 16_internal_5802 16 4522738 4558639 156 162.079 0.959643 16.7245 0.0379164 -0.160075 0.452736 0.462362
ENSG00000262468.1 16 4303790 4303790 - 15 887914 16_internal_5939 16 3183526 3415876 156 150.18 1.07053 14.8585 0.0311317 -0.173514 0.383085 0.373156
ENSG00000090447.7 16 4323076 4323076 - 14 760744 16_internal_6247 16 3549749 3562332 156 171.082 0.982008 16.1989 0.00465197 -0.223434 0.0696517 0.0510718
ENSG00000126603.4 16 4364762 4364762 + 13 157976 16_internal_5802 16 4522738 4558639 156 153.532 0.891097 10.5527 0.062296 0.150182 0.517413 0.556825
ENSG00000262712.1 16 4387819 4387819 - 13 -184142 16_internal_6905 16 4571961 4625697 156 200.149 0.835786 19.3832 0.0528028 -0.157655 0.492537 0.509735
ENSG00000217930.3 16 4405608 4405608 - 13 -166353 16_internal_6905 16 4571961 4625697 156 144.94 1.05873 11.5103 0.087591 -0.136294 0.676617 0.679663
ENSG00000168140.4 16 4421849 4421849 + 12 370813 16_internal_6080 16 4792662 4799132 156 131.442 1.01337 9.4699 0.122095 0.122592 0.78607 0.79554
ENSG00000103426.8 16 4470495 4470495 - 12 908163 16_internal_6247 16 3549749 3562332 156 147.652 1.04623 10.5823 0.0524381 -0.158757 0.477612 0.454166
ENSG00000262246.1 16 4475706 4475706 - 12 -47032 16_internal_5802 16 4522738 4558639 156 144.407 1.11701 10.5844 0.0517438 0.158079 0.462687 0.434791
ENSG00000103423.9 16 4475806 4475806 + 12 -913474 16_internal_6247 16 3549749 3562332 156 161.088 0.92287 11.747 0.0105107 -0.197906 0.154229 0.127264
ENSG00000268334.1 16 4497147 4497147 - 12 -74814 16_internal_6905 16 4571961 4625697 156 159.763 0.900234 11.2635 0.0475988 -0.154052 0.457711 0.454061
ENSG00000103415.7 16 4524691 4524691 + 11 373177 16_internal_6227 16 4897868 4921517 156 170.96 0.932288 12.4844 0.0178053 -0.180799 0.20398 0.176348
ENSG00000153406.9 16 4545764 4545764 - 11 0 16_internal_5802 16 4522738 4558639 156 146.387 1.0291 10.8451 0.000667423 0.263065 0.0149254 0.00917732
ENSG00000089486.11 16 4588829 4588829 - 10 0 16_internal_5878 16 4578776 4588835 156 149.373 1.14066 11.2112 4.72061e-05 0.29464 0.00497512 0.000264051
ENSG00000205832.7 16 4606491 4606491 + 10 0 16_internal_6905 16 4571961 4625697 156 174.51 0.926421 10.2943 0.000682795 0.264361 0.0199005 0.00524662
ENSG00000261612.1 16 4613129 4613129 - 10 -82174 16_internal_5639 16 4695303 4734774 156 158.514 1.07773 10.3726 0.0142983 0.191338 0.0995025 0.109453
ENSG00000153443.7 16 4665028 4665028 - 9 76193 16_internal_5878 16 4578776 4588835 156 169.894 0.914404 9.82397 0.0224443 0.17851 0.19403 0.188579
ENSG00000102858.8 16 4666494 4666494 + 9 28809 16_internal_5639 16 4695303 4734774 156 165.491 0.920952 8.62627 5.75081e-09 0.423484 0.00497512 7.23699e-08
ENSG00000261442.1 16 4690624 4690624 - 9 64927 16_internal_6905 16 4571961 4625697 156 137.429 1.07911 8.53328 0.0388315 0.164336 0.363184 0.333313
ENSG00000168101.10 16 4743695 4743695 + 9 -8921 16_internal_5639 16 4695303 4734774 156 151.293 1.01368 9.19629 0.0406555 0.164308 0.338308 0.331437
ENSG00000166246.9 16 4784273 4784273 + 9 -158576 16_internal_6905 16 4571961 4625697 156 167.136 0.930304 10.0613 0.0549862 0.143687 0.402985 0.417767
ENSG00000168096.10 16 4784379 4784379 - 9 195544 16_internal_5878 16 4578776 4588835 156 186.042 0.929986 9.26843 0.0911619 0.132952 0.487562 0.497364
ENSG00000266994.1 16 4802566 4802566 - 9 234668 16_internal_6514 16 4462554 4567898 156 159.291 0.986489 8.8179 0.137917 0.110393 0.706468 0.723023
ENSG00000103199.9 16 4817625 4817625 - 9 -80243 16_internal_6227 16 4897868 4921517 156 146.22 0.982406 8.2163 0.0192077 0.191158 0.19403 0.183371
ENSG00000267795.1 16 4838398 4838398 + 9 -212701 16_internal_6905 16 4571961 4625697 156 169.467 0.883317 9.311 0.00218252 0.244204 0.0447761 0.0224117
ENSG00000140623.9 16 4838522 4838522 - 9 -59346 16_internal_6227 16 4897868 4921517 156 137.231 1.09101 9.22542 0.0172276 0.18716 0.19403 0.178623
ENSG00000267077.1 16 4846533 4846533 - 9 220836 16_internal_6905 16 4571961 4625697 156 172.027 0.875278 9.17495 0.00555584 0.212677 0.0696517 0.0518236
ENSG00000067836.8 16 4852951 4852951 - 9 -44917 16_internal_6227 16 4897868 4921517 156 148.139 1.11399 9.97288 0.00177363 0.239375 0.0248756 0.0142358
ENSG00000256599.1 16 4854787 4854787 - 9 265952 16_internal_5878 16 4578776 4588835 156 143.691 0.945119 7.43702 0.0308695 0.170687 0.293532 0.276206
ENSG00000118900.10 16 4896666 4896666 + 9 1202 16_internal_6227 16 4897868 4921517 156 174.098 0.819778 9.60747 0.105613 0.125833 0.641791 0.66465
ENSG00000140632.12 16 4897343 4897343 - 9 161282 16_internal_6691 16 4695189 4736061 156 168.431 0.986365 9.49451 0.00100595 -0.2574 0.00995025 0.00644237
ENSG00000103184.7 16 5008318 5008318 + 9 -840730 16_internal_6251 16 4130764 4167588 156 142.639 1.00472 7.94224 0.0322573 0.174564 0.313433 0.278675
ENSG00000118898.10 16 5010742 5010742 - 9 274681 16_internal_6691 16 4695189 4736061 156 165.095 0.990175 9.7233 0.0938516 -0.13075 0.58209 0.581669
ENSG00000033011.7 16 5083703 5083703 + 9 -347642 16_internal_6691 16 4695189 4736061 156 140.811 1.0703 7.69394 0.098849 -0.13066 0.61194 0.586716
ENSG00000103174.7 16 5084142 5084142 - 9 349368 16_internal_5639 16 4695303 4734774 156 174.708 1.03049 11.4173 0.0914922 -0.127584 0.587065 0.571251
ENSG00000118894.10 16 5147809 5147809 - 9 348677 16_internal_6080 16 4792662 4799132 156 170.93 0.830792 7.45325 0.157363 -0.111068 0.731343 0.736415
ENSG00000067365.10 16 8715540 8715540 + 1 334101 16_internal_5510 16 9049641 9190558 156 162.216 0.999981 1.02751 0.839335 0.0162912 0.845771 0.844156
ENSG00000183044.7 16 8768422 8768422 + 1 281219 16_internal_5510 16 9049641 9190558 156 155.817 0.999973 1.1147 0.517817 -0.0505329 0.562189 0.556779
ENSG00000243954.2 16 8777111 8777111 + 1 272530 16_internal_5510 16 9049641 9190558 156 201.855 1.00002 0.989326 0.253848 0.089281 0.20398 0.19227
ENSG00000238417.1 16 8799374 8799374 - 1 -250267 16_internal_5510 16 9049641 9190558 156 159.961 0.999978 1.01554 0.872854 0.0126647 0.895522 0.875298
ENSG00000260764.1 16 8825416 8825416 - 1 -224225 16_internal_5510 16 9049641 9190558 156 128.548 1.00004 0.900436 0.215685 0.0987216 0.258706 0.238605
ENSG00000140650.7 16 8882680 8882680 + 1 166961 16_internal_5510 16 9049641 9190558 156 135.205 0.999978 1.04077 0.193018 0.0951255 0.218905 0.233727
ENSG00000184857.7 16 8891505 8891505 - 1 -158136 16_internal_5510 16 9049641 9190558 156 138.359 1.00001 1.04336 0.77802 -0.0224288 0.79602 0.804401
ENSG00000260276.1 16 8941962 8941962 + 1 107679 16_internal_5510 16 9049641 9190558 156 169.879 0.99997 1.07572 0.31695 0.071883 0.308458 0.314764
ENSG00000260350.1 16 8942581 8942581 - 1 -107060 16_internal_5510 16 9049641 9190558 156 107.722 0.999995 0.89812 0.433663 0.055981 0.492537 0.478479
ENSG00000259939.1 16 8947169 8947169 + 1 102472 16_internal_5510 16 9049641 9190558 156 142.411 1.00003 0.911353 0.992717 0.000696566 0.99005 0.989193
ENSG00000153048.6 16 8962866 8962866 - 1 -86775 16_internal_5510 16 9049641 9190558 156 192.608 0.999989 1.15643 0.230605 0.0888659 0.19403 0.208104
ENSG00000260979.1 16 9056563 9056563 + 1 0 16_internal_5510 16 9049641 9190558 156 148.459 1.00001 1.05368 0.439157 -0.0608088 0.487562 0.467848
ENSG00000187555.10 16 9058371 9058371 - 1 0 16_internal_5510 16 9049641 9190558 156 196.889 1 1.26435 0.361296 0.0742911 0.378109 0.368649
ENSG00000182831.7 16 9185505 9185505 + 1 0 16_internal_5510 16 9049641 9190558 156 119.727 0.999997 0.841473 0.796031 -0.0202156 0.751244 0.764807
ENSG00000262944.1 16 9198705 9198705 + 1 -8147 16_internal_5510 16 9049641 9190558 156 127.603 0.999979 0.984554 0.225313 0.0941103 0.278607 0.269395
ENSG00000260349.1 16 9201031 9201031 - 1 10473 16_internal_5510 16 9049641 9190558 156 172.529 0.99997 1.10298 0.670935 0.0338967 0.676617 0.690786
ENSG00000263244.1 16 9201098 9201098 + 1 -10540 16_internal_5510 16 9049641 9190558 156 154.903 0.999986 0.952024 0.248373 0.0893463 0.248756 0.239628
ENSG00000166669.9 16 10420291 10420291 + 6 2413 16_internal_7502 16 10422704 10481139 156 187.87 0.864082 7.17873 6.93869e-05 0.312121 0.00497512 0.000334641
ENSG00000153060.3 16 10788802 10788802 - 10 -536107 16_internal_5856 16 11324909 11346236 156 158.834 1.11235 9.95178 0.252423 0.0871029 0.930348 0.929344
ENSG00000103274.6 16 10837643 10837643 + 11 -352466 16_internal_7645 16 10422158 10485177 156 152.191 0.926282 8.83083 0.0609166 0.144376 0.442786 0.47901
ENSG00000166676.10 16 10912651 10912651 - 12 -879002 16_internal_6572 16 11791653 11825272 156 166.877 0.970608 11.8518 0.0585148 0.149566 0.462687 0.472111
ENSG00000179583.13 16 10971055 10971055 + 12 820598 16_internal_6572 16 11791653 11825272 156 152.801 1.02041 11.0932 0.0555351 -0.155232 0.487562 0.475695
ENSG00000262151.1 16 10982609 10982609 - 12 -809044 16_internal_6572 16 11791653 11825272 156 129.538 1.0563 9.7966 0.126035 -0.121416 0.835821 0.811493
ENSG00000263013.1 16 11033901 11033901 - 12 -757752 16_internal_6572 16 11791653 11825272 156 140.4 1.08533 9.70996 0.0284702 -0.174211 0.263682 0.27454
ENSG00000262222.1 16 11034576 11034576 + 12 757077 16_internal_6572 16 11791653 11825272 156 158.742 0.965795 10.4357 0.0457732 -0.158233 0.38806 0.390496
ENSG00000182108.5 16 11036317 11036317 - 12 -755336 16_internal_6572 16 11791653 11825272 156 159.367 0.993267 11.5551 0.0392754 -0.169224 0.358209 0.357937
ENSG00000038532.10 16 11038345 11038345 + 12 -557206 16_internal_7502 16 10422704 10481139 156 174.616 0.902644 12.6132 0.0779736 -0.137855 0.572139 0.599838
ENSG00000229917.2 16 11120881 11120881 + 13 -139519 16_internal_7040 16 10961932 10981362 156 169.574 0.966293 13.7656 0.00109622 0.254428 0.00995025 0.0107971
ENSG00000262020.1 16 11164959 11164959 - 14 -478605 16_internal_5609 16 11643564 11737115 156 177.343 0.816402 14.4833 0.12242 0.122025 0.820896 0.834793
ENSG00000263033.1 16 11290034 11290034 + 16 -55004 16_internal_6018 16 11186540 11235030 156 150.927 1.02732 15.2447 0.0029691 0.229612 0.039801 0.0471974
ENSG00000175643.7 16 11343476 11343476 + 16 94768 16_internal_7442 16 11438244 11450112 156 161.012 1.02647 17.8288 0.0120021 0.197007 0.179104 0.165114
ENSG00000185338.4 16 11350036 11350036 - 16 -283235 16_internal_8816 16 11633271 11720294 156 139.593 1.03514 12.9221 0.0421122 0.16429 0.502488 0.499531
ENSG00000262999.1 16 11559116 11559116 + 14 84448 16_internal_5609 16 11643564 11737115 156 163.236 0.913016 14.1173 2.76981e-05 0.320915 0.00497512 0.000539449
ENSG00000188897.4 16 11617444 11617444 - 15 -26120 16_internal_5609 16 11643564 11737115 156 153.791 0.976418 13.5978 8.1644e-21 0.645163 0.00497512 5.79341e-19
ENSG00000189067.8 16 11730237 11730237 - 16 0 16_internal_5609 16 11643564 11737115 156 156.792 0.954864 14.6187 2.06798e-34 0.751497 0.00497512 6.25949e-32
ENSG00000184602.5 16 11762270 11762270 + 16 -41976 16_internal_8816 16 11633271 11720294 156 157.584 1.10716 16.0249 0.00482352 0.222647 0.039801 0.0515344
ENSG00000262420.2 16 11835766 11835766 + 16 -854404 16_internal_7040 16 10961932 10981362 156 148.764 1.00822 12.9827 0.00958967 -0.197312 0.124378 0.136003
ENSG00000153066.8 16 11836734 11836734 - 16 11462 16_internal_6572 16 11791653 11825272 156 139.029 1.06268 13.7244 6.45042e-07 0.363256 0.00497512 1.85342e-05
ENSG00000122299.7 16 11891123 11891123 - 16 -699800 16_internal_6834 16 12590923 12627775 156 161.439 1.0461 16.7676 0.00720723 0.210427 0.0696517 0.0883429
ENSG00000262117.1 16 11922702 11922702 - 16 186604 16_internal_6840 16 11626064 11736098 156 168.614 0.967298 16.8831 0.0505442 0.159504 0.552239 0.531244
ENSG00000171490.8 16 11945442 11945442 - 16 599206 16_internal_5856 16 11324909 11346236 156 142.167 0.945636 12.0194 0.0381527 -0.170738 0.477612 0.471628
ENSG00000263307.1 16 11945506 11945506 + 16 -76789 16_internal_7245 16 11861918 11868717 156 162.81 0.877982 14.194 0.166316 -0.106966 0.955224 0.92923
ENSG00000261560.1 16 11976426 11976426 - 16 107709 16_internal_7245 16 11861918 11868717 156 166.954 1.00517 18.4261 0.0117743 -0.194709 0.169154 0.154181
ENSG00000260318.1 16 11997994 11997994 - 15 -668104 16_internal_6034 16 12666098 12772153 156 152.115 0.949261 12.0174 0.183218 -0.105711 0.925373 0.925917
ENSG00000261216.1 16 12002065 12002065 + 15 -281771 16_internal_8816 16 11633271 11720294 156 170.488 1.09892 18.2682 0.251256 -0.0903517 0.99005 0.989668
ENSG00000266163.1 16 12009595 12009595 - 15 184323 16_internal_6572 16 11791653 11825272 156 201.947 0.786726 20.2128 0.139522 -0.116895 0.905473 0.90356
ENSG00000103342.8 16 12009939 12009939 - 15 774909 16_internal_6018 16 11186540 11235030 156 160.829 0.973166 13.8976 0.0253199 -0.177679 0.313433 0.289962
ENSG00000234719.4 16 12070500 12070500 - 14 0 16_internal_5571 16 12069609 12105637 156 172.468 0.961062 15.7191 0.0240774 -0.17727 0.278607 0.261486
ENSG00000048471.8 16 12070594 12070594 + 14 0 16_internal_5571 16 12069609 12105637 156 173.108 0.893787 16.1944 2.73805e-05 0.319641 0.00497512 0.000422114
ENSG00000260488.1 16 12071707 12071707 - 14 0 16_internal_5571 16 12069609 12105637 156 161.515 1.07172 12.4465 0.0743112 0.141784 0.562189 0.560091
