ENSG00000244758.1 7 35479 35479 - 9 -52611 7_internal_9952 7 88090 105235 156 159.87 0.985118 7.95405 0.000209852 0.288893 0.00995025 0.0015419
ENSG00000242474.1 7 149466 149466 - 11 -482665 7_internal_8431 7 632131 653829 156 143.614 1.12018 9.62906 0.122351 -0.118845 0.736318 0.722919
ENSG00000240859.1 7 149597 149597 + 11 249623 7_internal_8709 7 399220 2140375 156 160.464 0.945578 11.0934 0.0227627 -0.180402 0.238806 0.231352
ENSG00000177706.8 7 192969 192969 + 11 -88407 7_internal_8691 7 102140 104562 156 148.901 0.941362 8.44058 0.00024096 0.292371 0.00995025 0.00406243
ENSG00000240093.1 7 194180 194180 - 11 -556865 7_internal_7975 7 751045 857329 156 157.021 0.955859 11.1348 0.00148355 0.255804 0.0348259 0.0193043
ENSG00000249852.1 7 229557 229557 - 11 124995 7_internal_8691 7 102140 104562 156 147.713 0.930315 8.96801 0.000124813 0.299103 0.00995025 0.0027114
ENSG00000269396.1 7 302918 302918 + 12 329213 7_internal_8431 7 632131 653829 156 160.159 0.91565 11.6061 0.0139555 -0.202817 0.169154 0.167874
ENSG00000197461.8 7 559933 559933 - 12 -534050 7_internal_8056 7 1093983 2572342 156 144.757 1.15355 11.9082 0.00720628 -0.216123 0.0696517 0.0730115
ENSG00000223855.1 7 560028 560028 + 12 0 7_internal_8709 7 399220 2140375 156 175.18 0.85375 12.2836 0.000338556 0.288663 0.0149254 0.00473766
ENSG00000237181.1 7 642822 642822 + 12 0 7_internal_8431 7 632131 653829 156 151.079 1.01041 11.1205 0.000543083 0.263604 0.00995025 0.00698103
ENSG00000164818.11 7 766338 766338 + 12 -661103 7_internal_9952 7 88090 105235 156 151.582 1.02159 11.2873 0.0231957 -0.175185 0.243781 0.241577
ENSG00000188191.9 7 767287 767287 - 12 113458 7_internal_8431 7 632131 653829 156 144.071 1.07453 10.9278 0.00330798 0.232784 0.039801 0.0395578
ENSG00000164828.13 7 855528 855528 + 13 0 7_internal_11356 7 850799 876570 156 209.716 0.859453 19.6009 0.000123658 0.290131 0.00497512 0.00059355
ENSG00000239857.1 7 916189 916189 + 13 -39619 7_internal_11356 7 850799 876570 156 177.739 0.863308 12.6685 0.142965 0.12028 0.80597 0.834043
ENSG00000105963.8 7 995043 995043 - 14 890481 7_internal_8691 7 102140 104562 156 140.171 0.981356 10.0185 0.141017 0.1166 0.81592 0.836349
ENSG00000240230.1 7 1015235 1015235 - 15 -65451 7_internal_8295 7 1080686 1102609 156 131.351 1.07294 10.1088 0.0668813 -0.139086 0.61194 0.595992
ENSG00000073067.9 7 1022835 1022835 + 15 757905 7_internal_10714 7 1780740 2128174 156 177.541 1.04634 18.2873 0.069402 0.141707 0.626866 0.60876
ENSG00000164849.7 7 1084212 1084212 + 14 -423644 7_internal_8171 7 623150 660568 156 164.47 1.00453 14.3088 0.252093 0.0908043 0.9801 0.979953
ENSG00000257607.1 7 1098897 1098897 - 14 438329 7_internal_8171 7 623150 660568 156 180.009 1.02399 19.1356 0.28026 0.0841419 1 0.995247
ENSG00000164850.10 7 1121844 1121844 + 12 0 7_internal_8056 7 1093983 2572342 156 184.763 0.919181 14.9141 0.0142251 0.195222 0.124378 0.132624
ENSG00000146540.9 7 1177896 1177896 - 14 75287 7_internal_8295 7 1080686 1102609 156 172.804 0.940787 15.3513 0.0241558 0.180083 0.273632 0.264964
ENSG00000229043.1 7 1199662 1199662 + 14 -323092 7_internal_11356 7 850799 876570 156 170.396 0.988278 14.2678 0.0362789 0.168558 0.318408 0.344808
ENSG00000178381.7 7 1200395 1200395 - 14 -728744 7_internal_8966 7 1929139 2078428 156 140.705 1.02252 11.0082 0.0149836 0.196334 0.20398 0.198617
ENSG00000164877.14 7 1499138 1499138 - 15 625568 7_internal_8237 7 852116 873570 156 156.868 1.02938 16.0751 0.0105383 0.20034 0.149254 0.143886
ENSG00000225981.1 7 1499573 1499573 + 15 788179 7_internal_8317 7 2287752 2302389 156 159.428 1.00913 14.8449 0.102653 -0.133157 0.771144 0.784299
ENSG00000164880.11 7 1545489 1545489 - 15 0 7_internal_8056 7 1093983 2572342 156 166.314 0.871415 13.0969 0.0857927 0.13371 0.706468 0.697999
ENSG00000198517.5 7 1570350 1570350 + 15 -281799 7_internal_8179 7 1268938 1288551 156 165.323 0.876299 14.3708 0.0880141 0.133064 0.716418 0.740221
ENSG00000256005.1 7 1580047 1580047 + 15 434019 7_internal_9770 7 2014066 2124538 156 154.218 1.08225 15.3835 0.059126 0.14462 0.636816 0.582797
ENSG00000241340.1 7 1585415 1585415 - 15 296864 7_internal_8179 7 1268938 1288551 156 172.804 0.891635 17.2109 0.0179814 0.194677 0.268657 0.244417
ENSG00000241181.1 7 1585885 1585885 - 15 297334 7_internal_8179 7 1268938 1288551 156 156.107 1.05268 19.8827 0.00146111 0.257588 0.0199005 0.0231685
ENSG00000164855.10 7 1600457 1600457 - 15 311906 7_internal_8179 7 1268938 1288551 156 153.974 1.08087 15.8425 0.0323566 0.171386 0.422886 0.379443
ENSG00000230487.3 7 1609709 1609709 + 15 0 7_internal_8709 7 399220 2140375 156 161.957 0.982917 13.0998 0.0115518 0.197785 0.149254 0.129431
ENSG00000157778.4 7 1610641 1610641 - 15 -170099 7_internal_10714 7 1780740 2128174 156 164.44 1.06163 16.4656 0.0200726 -0.174663 0.238806 0.220533
ENSG00000176349.7 7 1878222 1878222 + 11 0 7_internal_10714 7 1780740 2128174 156 132.57 1.07293 7.8835 3.52523e-11 0.491501 0.00497512 2.04641e-09
ENSG00000227990.1 7 1881812 1881812 - 11 0 7_internal_10714 7 1780740 2128174 156 180.725 0.816797 8.6541 0.0016754 0.243797 0.0298507 0.0166339
ENSG00000002822.10 7 2272878 2272878 - 13 144704 7_internal_10714 7 1780740 2128174 156 160.068 1.02532 11.2956 6.59926e-22 0.672415 0.00497512 6.51816e-22
ENSG00000122687.13 7 2281840 2281840 - 13 -5912 7_internal_8317 7 2287752 2302389 156 147.728 0.999994 11.2196 0.104009 0.122112 0.736318 0.741767
ENSG00000106268.11 7 2281857 2281857 + 13 5895 7_internal_8317 7 2287752 2302389 156 131.473 1.15009 11.2139 0.00532971 0.210346 0.0646766 0.0761474
ENSG00000106263.13 7 2393721 2393721 + 12 446089 7_internal_9097 7 2839810 2905193 156 172.91 0.832717 11.1824 0.0043224 0.217805 0.0746269 0.0558635
ENSG00000106266.4 7 2393953 2393953 - 12 91564 7_internal_8317 7 2287752 2302389 156 146.143 0.982354 9.22805 0.0109125 0.197639 0.119403 0.125334
ENSG00000136213.7 7 2443223 2443223 + 12 0 7_internal_8056 7 1093983 2572342 156 143.736 0.899836 7.86812 0.0850323 0.1358 0.606965 0.602484
ENSG00000175873.3 7 2477398 2477398 + 12 -175009 7_internal_8317 7 2287752 2302389 156 169.254 1.03677 13.9658 0.00977028 -0.211654 0.0845771 0.0857695
ENSG00000106003.8 7 2552163 2552163 + 12 447077 7_internal_10867 7 2999240 3142299 156 155.863 0.899946 9.61215 0.0320481 0.170825 0.328358 0.315934
ENSG00000264357.1 7 2566708 2566708 + 12 -426333 7_internal_8709 7 399220 2140375 156 155.573 0.954652 11.6114 0.0324601 -0.169831 0.328358 0.341662
ENSG00000238857.1 7 2590599 2590599 - 12 -318236 7_internal_8327 7 2908835 3024013 156 155.589 0.892731 9.9815 0.0250817 -0.173884 0.278607 0.272979
ENSG00000106009.11 7 2595361 2595361 - 12 454986 7_internal_8709 7 399220 2140375 156 172.499 0.940485 12.3383 0.0338419 -0.167158 0.293532 0.301437
ENSG00000106012.12 7 2598632 2598632 + 12 -26290 7_internal_8056 7 1093983 2572342 156 163.937 0.993426 13.0935 0.0277227 -0.163613 0.283582 0.275645
ENSG00000136295.10 7 2671585 2671585 + 13 -531210 7_internal_8709 7 399220 2140375 156 140.385 1.0305 10.8986 0.0565719 -0.147481 0.522388 0.535735
ENSG00000174945.8 7 2719156 2719156 + 13 120654 7_internal_9097 7 2839810 2905193 156 158.849 0.901627 10.3085 0.0381994 0.157051 0.318408 0.365811
ENSG00000228246.1 7 2762622 2762622 - 13 -77188 7_internal_9097 7 2839810 2905193 156 157.021 1.01589 14.0319 0.0272574 0.172768 0.298507 0.30926
ENSG00000233202.1 7 2804242 2804242 + 13 35568 7_internal_9097 7 2839810 2905193 156 168.035 0.95494 13.0023 4.78907e-05 0.313164 0.00497512 0.000464115
ENSG00000231357.1 7 2875255 2875255 + 13 0 7_internal_9097 7 2839810 2905193 156 157.295 0.9531 12.6994 0.000142013 0.297139 0.00497512 0.00232024
ENSG00000146535.8 7 2883958 2883958 - 13 0 7_internal_9097 7 2839810 2905193 156 148.642 1.00558 10.4703 1.10035e-09 0.456762 0.00497512 2.57059e-08
ENSG00000237286.1 7 2983669 2983669 + 13 14876 7_internal_12529 7 2998545 3160773 156 175.789 0.912709 12.4694 0.171274 0.113776 0.860697 0.879229
ENSG00000198286.5 7 3083579 3083579 - 12 0 7_internal_12529 7 2998545 3160773 156 165.902 0.994142 13.3548 0.0496705 0.158917 0.427861 0.446315
ENSG00000164916.8 7 4683388 4683388 + 9 238320 7_internal_8084 7 4921708 4999196 156 134.824 1.14005 8.66856 0.186344 0.102469 0.845771 0.856482
ENSG00000238781.1 7 4729111 4729111 + 8 -63039 7_internal_12732 7 4093985 4666072 156 159.367 0.964071 8.50746 0.0572105 -0.14992 0.358209 0.396859
ENSG00000242802.2 7 4815253 4815253 + 8 -47093 7_internal_8398 7 4750805 4768160 156 170.61 1.01184 8.63895 0.0757125 0.139907 0.427861 0.42556
ENSG00000264474.1 7 4828270 4828270 - 8 -193578 7_internal_9127 7 5021848 5278689 156 152.207 1.01943 7.03338 0.10089 0.12959 0.507463 0.533538
ENSG00000157927.12 7 4923350 4923350 - 9 133384 7_internal_8290 7 4720813 4789966 156 164.577 0.997102 9.21001 0.0604208 0.150625 0.383085 0.400216
ENSG00000196204.7 7 5013619 5013619 + 9 8229 7_internal_9127 7 5021848 5278689 156 170.427 0.917343 8.62912 0.007928 0.210667 0.0746269 0.0616774
ENSG00000146587.12 7 5023349 5023349 + 9 0 7_internal_9127 7 5021848 5278689 156 133.042 0.94214 6.70841 0.0780993 0.140642 0.517413 0.547271
ENSG00000157954.10 7 5229819 5229819 + 9 0 7_internal_9127 7 5021848 5278689 156 166.146 0.970817 8.79566 1.39784e-11 0.502319 0.00497512 5.52727e-11
ENSG00000164638.5 7 5314000 5314000 + 9 -35311 7_internal_9127 7 5021848 5278689 156 155.421 0.943891 7.43703 0.0116056 0.197089 0.124378 0.0985512
ENSG00000241269.1 7 5459458 5459458 + 10 -684903 7_internal_9137 7 4742346 4774555 156 171.143 0.91486 9.43681 0.025838 -0.182734 0.238806 0.203052
ENSG00000188365.3 7 5459477 5459477 + 10 -460281 7_internal_8084 7 4921708 4999196 156 170.671 0.823756 8.78589 0.0114548 0.203989 0.109453 0.117316
ENSG00000182095.10 7 5465045 5465045 - 10 798973 7_internal_12732 7 4093985 4666072 156 195.015 0.902762 13.1119 0.0665081 -0.143309 0.472637 0.463919
ENSG00000234432.2 7 5468558 5468558 - 10 700398 7_internal_8398 7 4750805 4768160 156 143.081 1.02202 8.10811 0.121633 0.127396 0.686567 0.692764
ENSG00000230733.2 7 5515435 5515435 + 10 -849363 7_internal_12732 7 4093985 4666072 156 170.244 0.865665 10.6392 0.0257884 -0.176163 0.223881 0.249419
ENSG00000207973.1 7 5535548 5535548 - 10 869476 7_internal_12732 7 4093985 4666072 156 140.568 1.00773 8.18787 0.103739 0.128744 0.656716 0.654101
ENSG00000155034.14 7 5553429 5553429 - 10 763463 7_internal_8290 7 4720813 4789966 156 154.812 0.999744 9.83022 0.069483 0.136974 0.547264 0.513014
ENSG00000263900.1 7 5567817 5567817 - 11 -846788 7_internal_8463 7 6414605 6442012 156 159.214 1.04959 11.2149 0.032617 0.163121 0.283582 0.274785
ENSG00000075624.9 7 5603415 5603415 - 12 604219 7_internal_8084 7 4921708 4999196 156 180.908 0.984491 15.3107 0.0165257 -0.191999 0.154229 0.145423
ENSG00000075618.12 7 5632439 5632439 + 12 37117 7_internal_11228 7 5669556 5744994 156 140.994 1.02155 9.45912 0.00241115 0.242257 0.039801 0.0337306
ENSG00000237738.1 7 5720092 5720092 - 11 951932 7_internal_8398 7 4750805 4768160 156 149.51 1.03519 10.4941 0.074848 -0.14386 0.537313 0.573452
ENSG00000011275.14 7 5821370 5821370 - 7 822174 7_internal_8084 7 4921708 4999196 156 153.989 1.0006 6.99363 0.11557 -0.122884 0.587065 0.584026
ENSG00000235944.3 7 5862791 5862791 + 7 -863595 7_internal_8084 7 4921708 4999196 156 179.415 0.853248 7.28834 0.0558474 0.158127 0.338308 0.327876
ENSG00000122543.6 7 5919458 5919458 + 7 -51782 7_internal_9765 7 5859457 5867676 156 152.268 0.998808 7.12727 0.00959042 0.21191 0.0895522 0.0727141
ENSG00000122674.8 7 5938356 5938356 + 7 646475 7_internal_8406 7 6584831 6595333 156 151.704 1.04811 7.34817 0.106106 -0.128131 0.552239 0.558205
ENSG00000155026.11 7 6010314 6010314 - 6 265320 7_internal_11228 7 5669556 5744994 156 157.523 1.0419 6.35736 0.383054 -0.0700893 0.945274 0.948979
ENSG00000122512.9 7 6048756 6048756 - 7 -981508 7_internal_8425 7 7030264 7082760 156 155.208 1.20001 8.97562 0.268053 -0.0893722 0.905473 0.917539
ENSG00000106305.5 7 6048876 6048876 + 7 535955 7_internal_8406 7 6584831 6595333 156 152.496 1.03825 6.66712 0.379226 -0.0703576 0.955224 0.958023
ENSG00000207217.1 7 6056508 6056508 + 7 528323 7_internal_8406 7 6584831 6595333 156 163.175 1.0528 6.63324 0.0432535 -0.160457 0.199005 0.209713
ENSG00000157999.5 7 6071007 6071007 + 7 484908 7_internal_9533 7 6555915 6567165 156 147.225 1.03801 7.06323 0.251237 -0.0925032 0.900498 0.879669
ENSG00000240718.2 7 6087651 6087651 - 7 -942613 7_internal_8425 7 7030264 7082760 156 138.968 1.06351 5.89912 0.0728747 -0.144637 0.39801 0.399852
ENSG00000086232.7 7 6098861 6098861 - 7 -315744 7_internal_8463 7 6414605 6442012 156 175.043 0.972879 8.48583 0.0279137 0.176979 0.169154 0.165946
ENSG00000231704.1 7 6120734 6120734 + 7 435181 7_internal_9533 7 6555915 6567165 156 148.124 1.06381 6.54443 0.148584 0.118441 0.666667 0.654821
ENSG00000106346.7 7 6144515 6144515 + 7 -276839 7_internal_9765 7 5859457 5867676 156 157.98 1.06626 7.99334 0.0430374 0.160388 0.308458 0.260572
ENSG00000238534.1 7 6214935 6214935 - 8 -815329 7_internal_8425 7 7030264 7082760 156 154.339 1.02101 7.7668 0.000515337 -0.269334 0.00497512 0.00378834
ENSG00000008256.11 7 6312275 6312275 - 8 -102330 7_internal_8463 7 6414605 6442012 156 144.635 1.07738 6.75297 0.0487186 0.159008 0.283582 0.296925
ENSG00000178397.8 7 6388612 6388612 - 8 -25993 7_internal_8463 7 6414605 6442012 156 132.295 1.07814 6.74433 5.60409e-06 0.353073 0.00497512 9.78404e-05
ENSG00000136238.13 7 6414154 6414154 + 8 451 7_internal_8463 7 6414605 6442012 156 167.913 0.954131 8.60222 2.45234e-08 0.416753 0.00497512 1.34702e-07
ENSG00000269781.1 7 6522922 6522922 + 8 32993 7_internal_9533 7 6555915 6567165 156 165.004 0.932703 8.41293 0.175907 0.105407 0.781095 0.7981
ENSG00000164535.9 7 6523821 6523821 - 8 656145 7_internal_9765 7 5859457 5867676 156 139.791 1.07696 7.06926 0.013844 -0.190269 0.114428 0.110057
ENSG00000136240.5 7 6523873 6523873 - 8 656197 7_internal_9765 7 5859457 5867676 156 134.52 1.03857 6.99485 0.0239552 -0.17783 0.19403 0.211465
ENSG00000215045.4 7 6591067 6591067 - 8 149055 7_internal_8463 7 6414605 6442012 156 163.891 0.990585 7.4124 0.41842 -0.0647687 0.975124 0.979545
ENSG00000136247.10 7 6617065 6617065 + 8 -21732 7_internal_8406 7 6584831 6595333 156 169.985 0.852994 9.00018 0.0118066 -0.190337 0.144279 0.114324
ENSG00000232581.1 7 6628605 6628605 - 8 33272 7_internal_8406 7 6584831 6595333 156 135.952 0.994406 6.00424 0.162401 -0.107833 0.711443 0.724451
ENSG00000146576.8 7 6629648 6629648 + 8 565591 7_internal_9178 7 7195239 7217493 156 153.821 1.08948 8.62024 0.113135 0.127736 0.616915 0.618029
ENSG00000236609.3 7 6655248 6655248 + 8 -787572 7_internal_9765 7 5859457 5867676 156 166.542 0.945665 7.47368 0.00247445 -0.242849 0.0149254 0.0168981
ENSG00000205903.2 7 6676953 6676953 + 8 -931959 7_internal_11228 7 5669556 5744994 156 149.815 1.12264 8.35739 0.218554 -0.097018 0.900498 0.862026
ENSG00000260054.1 7 6694495 6694495 + 8 -99162 7_internal_8406 7 6584831 6595333 156 158.636 0.961374 8.58584 0.0165059 0.189207 0.119403 0.138655
ENSG00000228010.1 7 6703605 6703605 + 8 -835929 7_internal_9765 7 5859457 5867676 156 156.914 0.961802 6.68315 0.132905 -0.120455 0.60199 0.627042
ENSG00000198580.6 7 6713376 6713376 + 8 316888 7_internal_8425 7 7030264 7082760 156 187.002 0.891765 8.19955 0.084587 0.140029 0.442786 0.445566
ENSG00000265245.1 7 6731608 6731608 + 8 -863932 7_internal_9765 7 5859457 5867676 156 151.323 0.980344 7.44775 0.046872 0.157587 0.358209 0.328189
ENSG00000164631.14 7 6746554 6746554 - 7 878878 7_internal_9765 7 5859457 5867676 156 141.512 1.08379 6.61754 0.0118781 0.190484 0.0845771 0.0842681
ENSG00000187953.6 7 6749759 6749759 + 7 472923 7_internal_8591 7 7222682 7245825 156 166.999 1.05143 7.48454 0.158244 0.107747 0.681592 0.669333
ENSG00000169402.11 7 6793740 6793740 + 7 401499 7_internal_9178 7 7195239 7217493 156 133.819 1.01646 5.95189 0.0930178 -0.136815 0.562189 0.525013
ENSG00000226150.2 7 6836573 6836573 - 8 -193691 7_internal_8425 7 7030264 7082760 156 170.275 0.962826 10.55 0.208036 0.101734 0.885572 0.895869
ENSG00000146574.10 7 6866401 6866401 - 8 -328838 7_internal_9178 7 7195239 7217493 156 143.066 1.09355 7.03941 0.0793673 -0.143467 0.502488 0.454921
ENSG00000106392.5 7 7196565 7196565 + 11 0 7_internal_9178 7 7195239 7217493 156 148.23 1.04452 10.1751 0.0146415 0.189988 0.139303 0.148109
ENSG00000230825.1 7 7294785 7294785 + 11 -699452 7_internal_8406 7 6584831 6595333 156 170.625 0.896449 11.5468 0.0647016 -0.145776 0.522388 0.519554
ENSG00000215018.5 7 7575484 7575484 - 9 -433880 7_internal_9600 7 8009364 8184987 156 146.25 1.09095 8.37728 0.0036807 -0.234345 0.0348259 0.0292558
ENSG00000164654.11 7 7606503 7606503 + 8 -389010 7_internal_9178 7 7195239 7217493 156 140.446 1.0077 7.34236 0.0575126 -0.151169 0.41791 0.416648
ENSG00000219545.4 7 7680342 7680342 + 8 482847 7_internal_8500 7 8163189 8220110 156 154.903 0.981315 8.27039 0.337947 0.0770547 0.970149 0.968789
ENSG00000106399.7 7 7758238 7758238 - 8 512413 7_internal_8591 7 7222682 7245825 156 182.934 0.96676 9.26879 0.0828091 0.144156 0.39801 0.45388
ENSG00000269721.1 7 7782166 7782166 - 8 -227198 7_internal_9600 7 8009364 8184987 156 154.842 0.998038 7.82436 0.410752 -0.066373 0.995025 0.984477
ENSG00000234718.5 7 7782204 7782204 - 8 -371190 7_internal_8890 7 8153394 8220417 156 162.033 0.922708 8.33159 0.156761 0.114167 0.766169 0.764766
ENSG00000201747.1 7 7946150 7946150 + 8 217039 7_internal_8500 7 8163189 8220110 156 167.791 0.916565 7.91689 0.00386061 0.238103 0.0447761 0.0303155
ENSG00000214998.2 7 7950080 7950080 - 8 -203314 7_internal_8890 7 8153394 8220417 156 149.586 1.08865 7.59518 0.00387445 0.223892 0.0298507 0.0251785
ENSG00000234141.1 7 7990340 7990340 - 8 -172849 7_internal_8500 7 8163189 8220110 156 181.152 0.969184 8.57102 0.0829738 0.138378 0.452736 0.435263
ENSG00000106415.8 7 8008425 8008425 + 8 -790932 7_internal_9178 7 7195239 7217493 156 153.578 0.989009 8.26241 0.0207018 -0.184012 0.164179 0.169813
ENSG00000233108.1 7 8009534 8009534 - 8 763709 7_internal_8591 7 7222682 7245825 156 163.968 0.983355 8.31235 0.0356343 0.162273 0.208955 0.23869
ENSG00000233264.2 7 8019943 8019943 + 8 -802450 7_internal_9178 7 7195239 7217493 156 164.181 0.937404 9.07882 0.00745665 -0.206617 0.0845771 0.0657346
ENSG00000227719.1 7 8153655 8153655 + 7 27179 7_internal_8578 7 8180834 8189851 156 188.251 0.902915 8.81307 0.0400035 0.161711 0.20398 0.232996
ENSG00000244239.1 7 8301863 8301863 + 5 -112012 7_internal_8578 7 8180834 8189851 156 190.308 1.00919 6.45964 0.228504 0.0988916 0.731343 0.726694
ENSG00000229970.2 7 8301894 8301894 + 5 -112043 7_internal_8578 7 8180834 8189851 156 147.697 0.999943 4.84188 0.194555 0.105475 0.671642 0.67453
ENSG00000003147.13 7 8302317 8302317 - 5 81900 7_internal_8890 7 8153394 8220417 156 204.156 0.857754 6.14503 0.0450279 0.15819 0.174129 0.176892
ENSG00000197320.4 7 9765870 9765870 + 0 NA NA NA NA NA NA NA NA NA NA NA NA NA
ENSG00000189043.5 7 10979883 10979883 - 0 NA NA NA NA NA NA NA NA NA NA NA NA NA
ENSG00000106443.10 7 11013499 11013499 + 0 NA NA NA NA NA NA NA NA NA NA NA NA NA
ENSG00000230370.1 7 11046503 11046503 - 0 NA NA NA NA NA NA NA NA NA NA NA NA NA
ENSG00000106460.13 7 12250867 12250867 + 2 192087 7_internal_12670 7 12442954 13098240 156 135.083 0.999987 1.71904 0.028733 0.162196 0.0746269 0.0709055
ENSG00000006747.10 7 12610203 12610203 + 2 0 7_internal_12670 7 12442954 13098240 156 187.596 1.00001 2.38726 0.326009 0.0780588 0.537313 0.545518
ENSG00000225606.1 7 12611017 12611017 - 2 0 7_internal_12670 7 12442954 13098240 156 160.555 1.00002 1.93619 0.199358 0.0997086 0.348259 0.339613
ENSG00000122644.8 7 12726481 12726481 + 2 0 7_internal_12670 7 12442954 13098240 156 148.596 0.999959 1.91223 0.0549609 0.151335 0.139303 0.113544
ENSG00000199470.1 7 12740514 12740514 - 2 61249 7_internal_8802 7 12675117 12679265 156 136.302 1.00003 1.69763 0.340109 -0.0777596 0.557214 0.546856
ENSG00000006468.9 7 14031050 14031050 - 2 79656 7_internal_9506 7 13889185 13951394 156 145.839 1.00002 2.09775 5.61932e-10 0.478261 0.00497512 4.27335e-09
ENSG00000229688.3 7 16250113 16250113 + 4 816337 7_internal_8888 7 17066450 17083361 156 193.857 1.00002 4.90278 0.0934432 0.137799 0.293532 0.267041
ENSG00000214960.5 7 16460947 16460947 - 4 -605503 7_internal_8888 7 17066450 17083361 156 157.143 0.999965 3.633 0.13551 0.124941 0.427861 0.407292
ENSG00000106524.4 7 16685442 16685442 - 4 -282871 7_internal_8148 7 16968313 16978651 156 172.011 0.999964 4.09659 0.324905 0.0795252 0.771144 0.769664
ENSG00000136261.10 7 16685756 16685756 + 4 380694 7_internal_8888 7 17066450 17083361 156 146.677 0.999947 3.55112 0.519345 -0.0516359 0.930348 0.932625
ENSG00000235837.1 7 16759523 16759523 - 4 -417633 7_internal_10751 7 17177156 17184215 156 151.11 1.00003 4.44533 0.209845 0.0987753 0.631841 0.663211
ENSG00000106537.7 7 16793160 16793160 + 4 273290 7_internal_8888 7 17066450 17083361 156 155.619 0.999957 3.45822 0.01915 0.19185 0.0696517 0.0651764
ENSG00000106546.8 7 17338246 17338246 + 4 -154031 7_internal_10751 7 17177156 17184215 156 156.609 1.00003 3.9569 0.0820224 0.142391 0.283582 0.285411
ENSG00000237773.1 7 17338981 17338981 - 4 154766 7_internal_10751 7 17177156 17184215 156 149.815 1.00003 3.78123 0.0113474 0.203093 0.0348259 0.0486453
ENSG00000071189.16 7 17980124 17980124 - 3 450990 7_internal_12118 7 17047855 17529134 156 180.771 1.00002 2.83 0.138924 -0.114893 0.253731 0.283403
ENSG00000048052.16 7 18126572 18126572 + 2 -942357 7_internal_10751 7 17177156 17184215 156 165.948 0.999977 2.14275 0.466426 -0.0576782 0.721393 0.724958
ENSG00000223030.1 7 18336962 18336962 + 1 -807828 7_internal_12118 7 17047855 17529134 156 181.502 1.00001 1.04591 0.649365 0.036541 0.656716 0.640282
ENSG00000225000.1 7 18470361 18470361 - 1 941227 7_internal_12118 7 17047855 17529134 156 134.626 0.99999 1.09484 0.809539 -0.0195525 0.835821 0.849695
ENSG00000222164.1 7 18847902 18847902 - 0 NA NA NA NA NA NA NA NA NA NA NA NA NA
ENSG00000226522.1 7 18939056 18939056 - 0 NA NA NA NA NA NA NA NA NA NA NA NA NA
ENSG00000232492.1 7 18989385 18989385 - 0 NA NA NA NA NA NA NA NA NA NA NA NA NA
ENSG00000260214.1 7 19037466 19037466 + 0 NA NA NA NA NA NA NA NA NA NA NA NA NA
ENSG00000265932.1 7 19745059 19745059 - 0 NA NA NA NA NA NA NA NA NA NA NA NA NA
ENSG00000105849.5 7 19748710 19748710 - 0 NA NA NA NA NA NA NA NA NA NA NA NA NA
ENSG00000213860.3 7 20042346 20042346 + 0 NA NA NA NA NA NA NA NA NA NA NA NA NA
ENSG00000183742.7 7 20257027 20257027 - 0 NA NA NA NA NA NA NA NA NA NA NA NA NA
ENSG00000233834.2 7 20257200 20257200 + 0 NA NA NA NA NA NA NA NA NA NA NA NA NA
ENSG00000105855.4 7 20370325 20370325 + 0 NA NA NA NA NA NA NA NA NA NA NA NA NA
ENSG00000219451.3 7 20866945 20866945 + 0 NA NA NA NA NA NA NA NA NA NA NA NA NA
ENSG00000105866.8 7 21467652 21467652 + 1 422799 7_internal_8987 7 21890451 21986063 156 109.337 1.00002 0.802816 0.933788 -0.00667424 0.890547 0.90197
ENSG00000105877.12 7 21582833 21582833 + 1 307618 7_internal_8987 7 21890451 21986063 156 161.515 0.999996 0.967747 7.4581e-05 0.314268 0.00497512 5.37952e-05
ENSG00000164649.15 7 21985702 21985702 - 2 0 7_internal_8987 7 21890451 21986063 156 148.657 0.999959 2.04716 1.77872e-05 0.339798 0.00497512 5.75172e-05
ENSG00000233476.2 7 22551618 22551618 - 3 -49722 7_internal_11612 7 22601340 22926223 156 146.509 0.999995 2.78701 0.177218 0.107208 0.457711 0.446131
ENSG00000136244.7 7 22765503 22765503 + 3 379188 7_internal_8305 7 23144691 23223270 156 169.239 1.00003 3.1008 0.0782606 0.139985 0.218905 0.192438
ENSG00000196683.6 7 22862470 22862470 - 3 -282221 7_internal_8305 7 23144691 23223270 156 155.513 1 3.03802 0.0298652 0.167084 0.0845771 0.0887341
ENSG00000228649.3 7 22893875 22893875 + 3 0 7_internal_11612 7 22601340 22926223 156 137.307 0.999962 2.55865 0.0969784 -0.133484 0.278607 0.278011
ENSG00000221740.1 7 22896232 22896232 + 3 -910169 7_internal_8987 7 21890451 21986063 156 146.722 0.999989 2.85166 0.514316 -0.0534103 0.875622 0.881848
ENSG00000226329.2 7 22920969 22920969 - 3 0 7_internal_11612 7 22601340 22926223 156 124.617 0.999929 2.58762 0.0467855 -0.15924 0.149254 0.184269
ENSG00000235664.1 7 22980809 22980809 - 3 994746 7_internal_8987 7 21890451 21986063 156 179.476 1.00005 3.54442 0.547938 0.0497515 0.930348 0.92538
ENSG00000122591.7 7 23053749 23053749 - 2 -90942 7_internal_8305 7 23144691 23223270 156 159.824 0.999992 2.00464 0.378679 0.0693061 0.587065 0.607574
ENSG00000230658.1 7 23145322 23145322 - 2 219099 7_internal_11612 7 22601340 22926223 156 153.136 1 2.0025 0.533758 0.0490035 0.79602 0.786551
ENSG00000122550.12 7 23145353 23145353 + 2 0 7_internal_8305 7 23144691 23223270 156 131.823 0.999949 1.73511 0.326754 -0.0778626 0.542289 0.548319
ENSG00000230042.1 7 23168797 23168797 + 2 0 7_internal_8305 7 23144691 23223270 156 159.047 0.999996 1.8998 0.893673 -0.0106465 0.995025 0.985587
ENSG00000268979.1 7 23177192 23177192 - 2 0 7_internal_8305 7 23144691 23223270 156 178.257 1 2.11776 0.511051 0.0527987 0.751244 0.751944
ENSG00000214871.3 7 23210760 23210760 + 2 -284537 7_internal_11612 7 22601340 22926223 156 149.51 0.999995 1.67474 0.613662 -0.0408724 0.78607 0.803203
ENSG00000136243.12 7 23221446 23221446 + 2 -295223 7_internal_11612 7 22601340 22926223 156 143.645 1.00002 2.00683 0.417498 -0.0642523 0.706468 0.68385
ENSG00000226816.2 7 23245632 23245632 + 3 993586 7_internal_10015 7 24239218 24295680 156 150.333 1.00002 2.91088 0.266783 0.0896829 0.626866 0.608904
ENSG00000136235.11 7 23275586 23275586 + 3 963632 7_internal_10015 7 24239218 24295680 156 146.204 1.00002 2.89984 0.000310241 0.272578 0.00497512 0.00139384
ENSG00000156928.4 7 23338358 23338358 + 3 900860 7_internal_10015 7 24239218 24295680 156 140.065 0.999949 2.37587 0.562804 -0.0440465 0.890547 0.875221
ENSG00000136231.8 7 23510086 23510086 - 3 583863 7_internal_11612 7 22601340 22926223 156 151.536 0.999952 2.83845 0.21193 0.0977837 0.502488 0.503533
ENSG00000232818.2 7 23530092 23530092 + 3 -306822 7_internal_8305 7 23144691 23223270 156 151.079 0.999986 3.04304 0.0197604 0.192226 0.0696517 0.0648988
ENSG00000164548.6 7 23571660 23571660 - 3 645437 7_internal_11612 7 22601340 22926223 156 161.789 1.00002 2.61075 0.0624497 -0.147738 0.139303 0.143877
ENSG00000169193.7 7 23636998 23636998 + 3 -413728 7_internal_8305 7 23144691 23223270 156 157.264 1.00002 2.82047 0.0914723 0.134644 0.233831 0.233944
ENSG00000227436.1 7 23658952 23658952 + 3 -435682 7_internal_8305 7 23144691 23223270 156 141.192 1.00004 2.70579 0.262591 0.0898343 0.597015 0.598976
ENSG00000188732.6 7 23719749 23719749 + 3 519469 7_internal_10015 7 24239218 24295680 156 156.198 1 2.95738 0.0707388 0.1432 0.21393 0.194585
ENSG00000234286.1 7 23720405 23720405 - 3 -518813 7_internal_10015 7 24239218 24295680 156 168.568 1.00003 3.12125 0.10523 0.127042 0.238806 0.260444
ENSG00000196335.8 7 23749786 23749786 + 3 489432 7_internal_10015 7 24239218 24295680 156 150.79 0.999973 2.87498 0.37452 0.0726344 0.731343 0.750092
ENSG00000105926.9 7 24612887 24612887 + 4 251451 7_internal_8355 7 24864338 24876916 156 166.923 1.00003 4.15768 0.323287 -0.079524 0.79602 0.782131
ENSG00000105928.9 7 24809244 24809244 - 5 -726004 7_internal_9113 7 25535248 25562970 156 147.24 0.999962 4.85969 0.0557762 0.143576 0.248756 0.271696
ENSG00000234999.1 7 24946213 24946213 - 5 69297 7_internal_8355 7 24864338 24876916 156 164.516 0.999984 4.62539 0.0668153 0.148469 0.248756 0.248068
ENSG00000070882.8 7 25021253 25021253 - 5 144337 7_internal_8355 7 24864338 24876916 156 153.121 0.999941 5.35854 1.02279e-07 0.409614 0.00497512 7.1931e-07
ENSG00000172115.4 7 25164980 25164980 - 6 869300 7_internal_10015 7 24239218 24295680 156 174.479 0.977538 6.82906 0.144987 0.108526 0.60199 0.602049
ENSG00000153790.7 7 25219975 25219975 - 6 -433472 7_internal_8341 7 25653447 25661113 156 154.294 0.997815 5.61714 0.109521 0.126428 0.472637 0.486203
ENSG00000050344.7 7 26191860 26191860 + 4 0 7_internal_10450 7 26130149 26207435 156 147.469 1.00001 4.10738 4.18681e-19 0.639272 0.00497512 1.57613e-17
ENSG00000122565.13 7 26240782 26240782 + 4 -33347 7_internal_10450 7 26130149 26207435 156 165.049 0.999991 4.2131 1.71827e-07 0.392314 0.00497512 3.18361e-07
ENSG00000122566.16 7 26241149 26241149 - 4 678179 7_internal_9113 7 25535248 25562970 156 145.412 1.00002 3.48705 0.582108 0.0430928 0.945274 0.957317
ENSG00000086300.11 7 26331541 26331541 + 6 -124106 7_internal_10450 7 26130149 26207435 156 150.973 0.999942 5.38589 0.461259 0.0569243 0.970149 0.966801
ENSG00000225792.1 7 26416321 26416321 - 6 -827635 7_internal_10058 7 27243956 27250863 156 178.059 0.943802 6.44024 0.0912965 0.129366 0.383085 0.405209
ENSG00000214870.4 7 26438213 26438213 + 6 -777100 7_internal_8341 7 25653447 25661113 156 152.709 1.00001 5.31797 0.045869 -0.16019 0.208955 0.231149
ENSG00000222004.3 7 26677490 26677490 + 4 566466 7_internal_10058 7 27243956 27250863 156 146.631 1.00001 3.35941 0.519867 -0.0512311 0.925373 0.922377
ENSG00000005020.8 7 27034858 27034858 - 5 -899739 7_internal_11961 7 27934597 28219361 156 126.78 1.00005 3.741 0.0172535 -0.186398 0.114428 0.114136
ENSG00000233429.5 7 27135266 27135266 + 6 799331 7_internal_11961 7 27934597 28219361 156 149.038 0.999975 4.77298 0.0759317 -0.142191 0.328358 0.33807
ENSG00000105991.7 7 27135615 27135615 - 6 928180 7_internal_10450 7 26130149 26207435 156 159.367 1.02063 5.65754 0.100876 0.134324 0.41791 0.429973
ENSG00000105996.5 7 27142430 27142430 - 6 -792167 7_internal_11961 7 27934597 28219361 156 142.259 0.999941 4.30609 0.0856503 -0.13334 0.373134 0.367104
ENSG00000253552.3 7 27147396 27147396 + 6 929286 7_internal_9196 7 28076682 28223928 156 156.701 1.00003 5.37049 0.0459863 -0.162304 0.21393 0.221255
ENSG00000106004.4 7 27183287 27183287 - 6 975852 7_internal_10450 7 26130149 26207435 156 161.5 0.999969 5.71404 0.269871 -0.0865938 0.820896 0.823187
ENSG00000105997.16 7 27192200 27192200 - 6 -884482 7_internal_9196 7 28076682 28223928 156 168.05 0.999983 5.74314 0.174499 -0.109726 0.616915 0.629294
ENSG00000253187.2 7 27208238 27208238 + 5 0 7_internal_8417 7 27186578 27226382 156 148.139 0.999991 4.19801 0.00053041 0.255707 0.00497512 0.00308189
ENSG00000078399.11 7 27210117 27210117 - 5 0 7_internal_8417 7 27186578 27226382 156 136.134 0.999936 4.31403 4.06665e-05 0.321923 0.00497512 0.000547184
ENSG00000257184.2 7 27219632 27219632 - 5 0 7_internal_8417 7 27186578 27226382 156 164.074 0.999955 4.90188 0.000723156 0.267294 0.00995025 0.00257506
ENSG00000253293.3 7 27219880 27219880 - 5 0 7_internal_8417 7 27186578 27226382 156 162.734 0.999959 5.17745 3.6996e-05 0.302991 0.00497512 0.000130023
ENSG00000233830.2 7 27498468 27498468 - 6 247605 7_internal_10058 7 27243956 27250863 156 178.349 0.875661 6.33793 0.0821212 0.135037 0.412935 0.39847
ENSG00000106049.3 7 27702614 27702614 - 6 451751 7_internal_10058 7 27243956 27250863 156 162.886 0.985594 5.81843 0.0208535 -0.179974 0.0945274 0.10531
ENSG00000106052.8 7 27778950 27778950 + 6 297732 7_internal_9196 7 28076682 28223928 156 135.479 0.999964 4.45323 0.00238163 -0.235976 0.0199005 0.0205374
ENSG00000229893.1 7 27780014 27780014 - 6 -296668 7_internal_9196 7 28076682 28223928 156 152.207 0.999987 4.96101 0.00804331 -0.210346 0.0348259 0.043153
ENSG00000265382.1 7 27920106 27920106 + 6 14491 7_internal_11961 7 27934597 28219361 156 146.037 1.00003 4.87482 4.6159e-11 0.497861 0.00497512 9.30249e-10
ENSG00000206623.1 7 28157838 28157838 - 7 0 7_internal_9196 7 28076682 28223928 156 180.086 0.951814 6.92606 3.06858e-11 0.507941 0.00497512 2.2871e-11
ENSG00000234336.2 7 28219941 28219941 + 8 -580 7_internal_11961 7 27934597 28219361 156 140.781 1.00218 6.71342 1.68538e-18 0.628686 0.00497512 4.77029e-16
ENSG00000153814.7 7 28220362 28220362 - 8 1001 7_internal_11961 7 27934597 28219361 156 159.154 1.01247 7.21886 3.5594e-25 0.740046 0.00497512 4.26912e-25
ENSG00000146592.11 7 28338940 28338940 + 5 784761 7_internal_8527 7 29123701 29131858 156 128.304 1.00003 3.68504 0.0498249 0.154671 0.268657 0.250786
ENSG00000176734.3 7 28997934 28997934 - 6 545476 7_internal_9391 7 28366947 28452458 156 160.829 1.08189 6.39488 0.0235005 0.179884 0.0995025 0.106499
ENSG00000255690.1 7 28998029 28998029 - 6 545571 7_internal_9391 7 28366947 28452458 156 146.707 0.999989 5.3718 0.0256523 0.177342 0.164179 0.153217
ENSG00000233517.1 7 29026644 29026644 + 6 -802716 7_internal_9196 7 28076682 28223928 156 155.726 1.00003 5.66129 0.0714852 0.141004 0.358209 0.343869
ENSG00000228093.2 7 29040587 29040587 + 6 -821226 7_internal_11961 7 27934597 28219361 156 166.679 0.979261 5.48342 0.00968428 0.209992 0.0447761 0.0434523
ENSG00000229452.1 7 29119900 29119900 + 6 -900539 7_internal_11961 7 27934597 28219361 156 140.171 0.99998 5.21884 0.0684299 0.143077 0.378109 0.368039
ENSG00000223052.1 7 29127927 29127927 - 6 0 7_internal_8527 7 29123701 29131858 156 146.707 0.999986 5.00304 0.329385 0.0760623 0.870647 0.878924
ENSG00000106069.14 7 29161956 29161956 + 6 34166 7_internal_9617 7 29196122 29383748 156 145.702 0.999974 4.98373 5.17241e-06 0.358806 0.00497512 5.29349e-05
ENSG00000106066.9 7 29235067 29235067 - 4 0 7_internal_9617 7 29196122 29383748 156 147.621 1.00003 3.40364 0.0509946 0.15881 0.134328 0.183027
ENSG00000235669.1 7 29248586 29248586 - 4 0 7_internal_9617 7 29196122 29383748 156 160.281 1.00004 3.85112 4.95131e-05 0.318176 0.00497512 0.000150086
ENSG00000237065.1 7 29251916 29251916 + 4 0 7_internal_9617 7 29196122 29383748 156 183.33 1.00003 4.26598 0.000148981 0.302413 0.00497512 0.000166868
ENSG00000223813.1 7 29603286 29603286 - 5 471428 7_internal_8527 7 29123701 29131858 156 140.08 0.999961 4.40582 0.00571512 0.223855 0.0298507 0.0383456
ENSG00000227855.2 7 29689843 29689843 + 5 0 7_internal_9543 7 29602122 29726314 156 177.861 0.999996 5.69283 0.00162816 0.252453 0.0149254 0.00434962
ENSG00000212024.2 7 29720444 29720444 - 5 0 7_internal_9543 7 29602122 29726314 156 158.27 1 4.88287 0.177735 -0.109325 0.616915 0.608187
ENSG00000225264.2 7 29724871 29724871 - 5 0 7_internal_9543 7 29602122 29726314 156 154.629 1 4.37344 0.0629026 0.147516 0.258706 0.251441
ENSG00000122574.6 7 29846102 29846102 + 5 499593 7_internal_9293 7 30345695 30372248 156 134.23 1.00006 4.27318 0.0134735 0.191154 0.0895522 0.0904023
ENSG00000227014.1 7 30028216 30028216 + 5 -896358 7_internal_8527 7 29123701 29131858 156 206.517 0.869513 5.74154 0.484579 -0.0566691 0.970149 0.96583
ENSG00000136193.11 7 30029905 30029905 - 5 898047 7_internal_8527 7 29123701 29131858 156 152.161 0.999965 5.00071 0.0304458 0.168878 0.159204 0.152608
ENSG00000106080.6 7 30066300 30066300 - 5 682552 7_internal_9617 7 29196122 29383748 156 138.998 0.999981 4.50497 0.134896 -0.113563 0.547264 0.539808
ENSG00000106086.12 7 30067020 30067020 + 5 -935162 7_internal_8527 7 29123701 29131858 156 164.623 0.99997 5.16697 0.0107689 -0.191609 0.0497512 0.0446314
ENSG00000231519.1 7 30114731 30114731 - 5 730983 7_internal_9617 7 29196122 29383748 156 161.667 1.00005 4.91095 0.0787809 -0.137669 0.283582 0.312722
ENSG00000180354.11 7 30174426 30174426 + 4 171269 7_internal_9293 7 30345695 30372248 156 160.845 0.999981 4.15602 0.105141 0.130969 0.358209 0.354225
ENSG00000230751.1 7 30180486 30180486 + 4 165209 7_internal_9293 7 30345695 30372248 156 141.466 0.999953 3.65106 0.006952 0.219899 0.0199005 0.0366487
ENSG00000251660.1 7 30197147 30197147 + 4 148548 7_internal_9293 7 30345695 30372248 156 161.591 0.999949 4.10088 0.0999519 0.133658 0.338308 0.333085
ENSG00000225907.1 7 30207420 30207420 + 4 -481106 7_internal_9543 7 29602122 29726314 156 164.486 0.999965 3.68184 0.0377831 0.166195 0.129353 0.115946
ENSG00000227017.1 7 30218630 30218630 - 4 -127065 7_internal_9293 7 30345695 30372248 156 149.708 1.00004 3.91228 0.131321 0.116166 0.437811 0.444146
ENSG00000180233.9 7 30323923 30323923 + 4 193194 7_internal_10390 7 30517117 30545363 156 162.048 1 3.69613 0.0158511 0.18366 0.0646766 0.0505654
ENSG00000207771.1 7 30329410 30329410 + 4 -945662 7_internal_9617 7 29196122 29383748 156 151.171 0.999996 3.59808 0.0627679 0.155321 0.238806 0.220817
ENSG00000235859.4 7 30410987 30410987 + 3 106130 7_internal_10390 7 30517117 30545363 156 140.674 1 2.55605 0.886078 -0.0117156 1 0.9966
ENSG00000106100.6 7 30518400 30518400 - 3 792086 7_internal_9543 7 29602122 29726314 156 152.024 0.999981 3.25832 0.830068 0.0177192 1 0.997022
ENSG00000244480.1 7 30564151 30564151 - 3 18788 7_internal_10390 7 30517117 30545363 156 169.406 0.999978 3.10581 0.251387 -0.0912424 0.572139 0.559373
ENSG00000264520.1 7 30565347 30565347 + 3 -193099 7_internal_9293 7 30345695 30372248 156 144.513 1.00002 2.61639 0.0790228 -0.140532 0.238806 0.220851
ENSG00000226874.1 7 30583669 30583669 + 3 -857355 7_internal_9543 7 29602122 29726314 156 178.349 0.999999 3.17046 0.18321 0.108145 0.427861 0.412908
ENSG00000263683.1 7 30589833 30589833 + 3 -217585 7_internal_9293 7 30345695 30372248 156 149.678 0.999984 3.29325 0.0902365 0.137149 0.308458 0.285513
ENSG00000234133.2 7 30590397 30590397 - 3 864083 7_internal_9543 7 29602122 29726314 156 194.634 0.999995 3.74439 0.0464229 0.158666 0.139303 0.0941673
ENSG00000006625.13 7 30591095 30591095 - 3 218847 7_internal_9293 7 30345695 30372248 156 164.409 0.999977 3.5023 0.402002 -0.0678604 0.850746 0.822482
ENSG00000236455.2 7 30625588 30625588 - 3 899274 7_internal_9543 7 29602122 29726314 156 146.372 1.00004 2.99313 0.228094 0.0988479 0.577114 0.565459
ENSG00000106105.9 7 30634297 30634297 + 3 -262049 7_internal_9293 7 30345695 30372248 156 147.789 1.00001 2.6156 0.0464732 -0.149479 0.139303 0.131912
ENSG00000196295.5 7 30634425 30634425 - 3 908111 7_internal_9543 7 29602122 29726314 156 155.162 1.00003 2.89019 0.106648 0.131096 0.293532 0.280351
ENSG00000106113.14 7 30739745 30739745 - 2 194382 7_internal_10390 7 30517117 30545363 156 161.302 1.00003 2.05693 0.204899 0.0991677 0.363184 0.363747
ENSG00000254959.2 7 30791753 30791753 + 2 -246390 7_internal_10390 7 30517117 30545363 156 172.087 0.999993 2.56496 0.240244 0.0935948 0.452736 0.466645
ENSG00000106125.14 7 30811033 30811033 + 2 -438785 7_internal_9293 7 30345695 30372248 156 170.305 0.99998 2.24668 0.111029 -0.129943 0.179104 0.202606
ENSG00000250424.3 7 30893010 30893010 + 2 -520762 7_internal_9293 7 30345695 30372248 156 156.716 1.00001 2.20367 0.193357 -0.105407 0.378109 0.375443
ENSG00000240583.6 7 30893010 30893010 + 2 -520762 7_internal_9293 7 30345695 30372248 156 155.055 1.00003 1.93041 0.369563 -0.0742349 0.557214 0.591399
ENSG00000106341.6 7 31726329 31726329 + 0 NA NA NA NA NA NA NA NA NA NA NA NA NA
ENSG00000106355.5 7 32534895 32534895 - 1 -196629 7_internal_9782 7 32731524 32769459 156 123.795 1 0.911699 4.86021e-06 -0.353484 0.00497512 4.28604e-05
ENSG00000105778.13 7 32535038 32535038 + 1 196486 7_internal_9782 7 32731524 32769459 156 151.247 1 0.830585 0.449394 -0.0597566 0.412935 0.397271
ENSG00000237004.2 7 32767742 32767742 + 1 0 7_internal_9782 7 32731524 32769459 156 157.447 1.00001 0.912724 1.11312e-09 0.452318 0.00497512 8.50946e-10
ENSG00000229358.2 7 32801399 32801399 - 1 31940 7_internal_9782 7 32731524 32769459 156 174.357 1.00003 0.941162 7.52783e-11 0.487792 0.00497512 5.50138e-12
ENSG00000231952.3 7 32852369 32852369 + 1 -82910 7_internal_9782 7 32731524 32769459 156 158.285 1.00004 1.07453 5.95625e-07 0.381904 0.00497512 5.28977e-07
ENSG00000170852.6 7 32933743 32933743 - 1 164284 7_internal_9782 7 32731524 32769459 156 159.9 1.00003 0.936824 0.660314 -0.0338657 0.621891 0.632354
ENSG00000205763.9 7 32982788 32982788 - 1 213329 7_internal_9782 7 32731524 32769459 156 117.929 1.00005 0.890113 0.0292773 0.172363 0.0547264 0.0519647
ENSG00000122642.6 7 32997017 32997017 + 1 -227558 7_internal_9782 7 32731524 32769459 156 160.555 0.999996 1.01554 0.0365599 0.170038 0.0547264 0.0344365
ENSG00000237059.1 7 33055671 33055671 + 1 -286212 7_internal_9782 7 32731524 32769459 156 173.184 1.00002 0.962512 0.705472 -0.0304799 0.676617 0.676507
ENSG00000229054.1 7 33075994 33075994 - 1 306535 7_internal_9782 7 32731524 32769459 156 141.253 1.00002 0.916994 0.767755 0.0246982 0.751244 0.749223
ENSG00000241420.2 7 33085702 33085702 - 1 316243 7_internal_9782 7 32731524 32769459 156 149.906 0.999993 1.01376 0.340571 -0.0748016 0.373134 0.354056
ENSG00000122643.13 7 33102409 33102409 - 1 332950 7_internal_9782 7 32731524 32769459 156 125.988 0.999963 0.913001 0.0086034 -0.205426 0.0149254 0.0166872
ENSG00000164610.4 7 33149013 33149013 - 1 379554 7_internal_9782 7 32731524 32769459 156 215.048 1.00001 1.16387 0.959326 0.00425794 0.965174 0.970979
ENSG00000122507.16 7 33168856 33168856 + 1 -399397 7_internal_9782 7 32731524 32769459 156 174.54 1.00003 1.12006 0.717146 0.0294422 0.761194 0.741845
ENSG00000224946.1 7 33316703 33316703 - 1 547244 7_internal_9782 7 32731524 32769459 156 191.831 1.00002 1.25925 0.162863 0.112038 0.179104 0.150669
ENSG00000238090.1 7 33419576 33419576 + 1 -650117 7_internal_9782 7 32731524 32769459 156 160.327 0.999963 0.895984 0.765121 0.0243328 0.721393 0.723654
ENSG00000173862.3 7 33765593 33765593 + 1 -996134 7_internal_9782 7 32731524 32769459 156 151.628 1.00002 0.928329 0.432753 0.0631991 0.41791 0.41555
ENSG00000173852.9 7 35077883 35077883 - 0 NA NA NA NA NA NA NA NA NA NA NA NA NA
ENSG00000189212.8 7 35225934 35225934 - 1 -965408 7_internal_8494 7 36191342 36328979 156 142.182 1.00002 0.937859 0.337859 0.0775207 0.368159 0.342264
ENSG00000122557.4 7 35734745 35734745 - 8 -456597 7_internal_8494 7 36191342 36328979 156 147.423 1.03902 8.20284 0.397727 0.0693379 0.995025 0.985966
ENSG00000227544.2 7 35756055 35756055 + 8 844198 7_internal_8899 7 36600253 36711294 156 173.626 0.938186 9.04198 0.231366 0.0960327 0.890547 0.888304
ENSG00000228878.2 7 35840226 35840226 - 9 -351116 7_internal_8494 7 36191342 36328979 156 154.979 0.908001 7.24916 0.0845892 0.135028 0.522388 0.521278
ENSG00000122545.12 7 35840542 35840542 + 9 577241 7_internal_8896 7 36417783 36432189 156 187.703 0.866988 10.1983 0.0762881 -0.140393 0.477612 0.485018
ENSG00000221156.1 7 35882499 35882499 + 9 308843 7_internal_8494 7 36191342 36328979 156 162.033 0.978333 9.32074 0.11942 0.126233 0.671642 0.679581
ENSG00000226102.2 7 35985904 35985904 + 9 205438 7_internal_8494 7 36191342 36328979 156 151.14 1.02488 8.83746 0.0849684 0.135741 0.547264 0.554427
ENSG00000122547.6 7 36192758 36192758 + 9 0 7_internal_8494 7 36191342 36328979 156 164.775 0.9167 9.09288 0.00700491 0.199535 0.0696517 0.0654851
ENSG00000228770.1 7 36268493 36268493 - 9 -331760 7_internal_8899 7 36600253 36711294 156 131.899 1.05999 7.73674 0.122289 -0.11955 0.731343 0.708975
ENSG00000229679.1 7 36270716 36270716 - 9 -302709 7_internal_12203 7 36573425 36830610 156 180.086 0.862147 9.58298 0.162758 0.112765 0.751244 0.791716
ENSG00000234457.1 7 36345240 36345240 + 9 330871 7_internal_9047 7 36676111 36830566 156 158.194 0.988344 9.35292 0.11599 -0.124445 0.696517 0.680242
ENSG00000260070.1 7 36359384 36359384 + 9 269473 7_internal_8790 7 36628857 36722571 156 192.989 0.926275 11.4902 0.119258 0.122598 0.646766 0.661541
ENSG00000011426.6 7 36429415 36429415 + 11 -100436 7_internal_8494 7 36191342 36328979 156 184.046 0.983955 14.5259 0.000704568 0.270771 0.0199005 0.00371951
ENSG00000164542.8 7 36429734 36429734 - 11 -199123 7_internal_8790 7 36628857 36722571 156 138.465 1.07431 9.13371 0.011188 0.208671 0.104478 0.121401
ENSG00000237400.1 7 36502632 36502632 + 11 158022 7_internal_8109 7 36660654 36752470 156 155.254 1.00266 11.2805 0.0307849 0.17447 0.303483 0.299328
ENSG00000230539.1 7 36639726 36639726 - 11 -20928 7_internal_8109 7 36660654 36752470 156 144.803 1.10903 10.2659 0.00168722 0.247841 0.00995025 0.0161634
ENSG00000221561.1 7 36681849 36681849 - 11 0 7_internal_12203 7 36573425 36830610 156 163.602 0.991901 11.5475 0.091807 0.132814 0.626866 0.641323
ENSG00000136250.7 7 36764154 36764154 - 13 11684 7_internal_8109 7 36660654 36752470 156 134.063 1.09347 10.4991 5.46823e-12 0.534659 0.00497512 2.57954e-10
ENSG00000229424.1 7 36790292 36790292 + 13 0 7_internal_8357 7 36710828 36896496 156 147.271 1.04144 12.3134 0.0105005 -0.20668 0.134328 0.13466
ENSG00000235728.1 7 36820613 36820613 + 13 580518 7_internal_8223 7 37401131 37487502 156 173.763 0.851967 13.2598 0.0481168 0.163819 0.452736 0.46824
ENSG00000225739.1 7 36858564 36858564 + 13 -27954 7_internal_12203 7 36573425 36830610 156 148.489 1.03186 11.8877 0.00958931 -0.205706 0.114428 0.119019
ENSG00000230831.1 7 36878577 36878577 + 13 -48011 7_internal_9047 7 36676111 36830566 156 168.934 0.804216 11.9211 0.0694377 0.147619 0.58209 0.609466
ENSG00000221325.1 7 36959037 36959037 - 13 -736740 7_internal_9980 7 37695777 37775372 156 147.408 1.00891 12.028 0.00522386 0.21734 0.0746269 0.0749637
ENSG00000224101.1 7 37037401 37037401 + 13 332946 7_internal_8362 7 37370347 37477006 156 141.497 1.03757 11.3811 8.09652e-06 0.34528 0.00497512 0.000175831
ENSG00000221157.1 7 37145215 37145215 - 13 713026 7_internal_8896 7 36417783 36432189 156 150.546 1.09838 12.1001 0.00245616 -0.237278 0.0199005 0.0240951
ENSG00000224706.1 7 37156384 37156384 + 13 -724195 7_internal_8896 7 36417783 36432189 156 147.834 1.02935 10.9873 0.00298304 -0.239858 0.0497512 0.0373497
ENSG00000238772.1 7 37209384 37209384 - 13 -160963 7_internal_8362 7 37370347 37477006 156 172.057 1.05336 15.0018 1.17319e-05 0.353281 0.00497512 3.64336e-05
