ENSG00000206756.1 10 76311150 76311150 + 6 -515388 10_internal_8154 10 75712370 75795762 156 177.191 0.893101 6.37006 0.108137 0.122353 0.472637 0.490896
ENSG00000214626.2 10 76414714 76414714 + 6 -618952 10_internal_8154 10 75712370 75795762 156 139.303 0.999994 5.3286 0.170151 0.105262 0.681592 0.685169
ENSG00000156650.7 10 76585340 76585340 + 6 -840185 10_internal_9258 10 75733205 75745155 156 136.165 1.00005 4.81944 0.338452 0.0755612 0.860697 0.893158
ENSG00000227186.1 10 76784009 76784009 - 4 8881 10_internal_9143 10 76767010 76775128 156 174.479 0.999953 4.66857 0.385525 -0.0690489 0.875622 0.874318
ENSG00000234149.1 10 76784932 76784932 - 4 9804 10_internal_9143 10 76767010 76775128 156 148.2 0.999959 3.61212 0.174383 0.105445 0.537313 0.523628
ENSG00000156671.7 10 76859344 76859344 + 3 -89829 10_internal_8877 10 76611360 76769515 156 155.452 1.00002 3.1464 0.0179775 0.183158 0.0547264 0.0560927
ENSG00000232437.1 10 76884975 76884975 + 3 -109847 10_internal_9143 10 76767010 76775128 156 138.496 0.999973 2.54668 0.00890267 -0.212421 0.0199005 0.0346083
ENSG00000165637.9 10 76969912 76969912 + 4 288895 10_internal_8434 10 77258807 77263187 156 138.13 1.00006 3.96094 0.189205 0.0985827 0.61194 0.620026
ENSG00000165644.6 10 76995788 76995788 - 4 226273 10_internal_8877 10 76611360 76769515 156 141.375 1.00003 3.58095 0.277345 0.0876424 0.736318 0.722828
ENSG00000226051.2 10 77029577 77029577 + 4 -260062 10_internal_8877 10 76611360 76769515 156 155.269 1.00003 3.68878 0.264597 -0.0912677 0.686567 0.679962
ENSG00000233745.1 10 77160759 77160759 + 4 724827 10_internal_8436 10 77885586 77956633 156 153.898 1 4.05506 0.219016 0.0958899 0.651741 0.638958
ENSG00000237149.3 10 77161277 77161277 + 4 97530 10_internal_8434 10 77258807 77263187 156 173.839 1.00004 3.88216 0.0593941 0.145761 0.174129 0.168891
ENSG00000165655.13 10 77161664 77161664 - 4 -97143 10_internal_8434 10 77258807 77263187 156 166.588 0.999968 4.97716 0.00509557 0.214099 0.0199005 0.0187491
ENSG00000148655.9 10 77191211 77191211 + 4 67596 10_internal_8434 10 77258807 77263187 156 139.059 0.999949 3.75375 0.00141756 0.251296 0.0149254 0.00970274
ENSG00000236842.1 10 77191346 77191346 - 4 421831 10_internal_8877 10 76611360 76769515 156 159.626 0.999989 3.83246 0.151733 0.114268 0.477612 0.456407
ENSG00000207583.1 10 77312216 77312216 + 4 573370 10_internal_8436 10 77885586 77956633 156 151.323 1 4.38231 0.0239071 0.17583 0.0746269 0.109521
ENSG00000268659.1 10 77402234 77402234 + 4 -139047 10_internal_8434 10 77258807 77263187 156 153.959 1.00001 4.10446 0.0079491 0.213233 0.0348259 0.0339122
ENSG00000228280.1 10 77502498 77502498 + 4 -239311 10_internal_8434 10 77258807 77263187 156 158.041 0.999956 4.53737 0.00790858 0.211218 0.00995025 0.0336329
ENSG00000215921.1 10 77583536 77583536 - 4 320349 10_internal_8434 10 77258807 77263187 156 142.914 0.999967 3.68939 0.00139092 0.258536 0.00497512 0.00816823
ENSG00000221232.1 10 77887069 77887069 - 2 0 10_internal_8436 10 77885586 77956633 156 156.975 1.00004 2.08587 0.0153007 0.196937 0.039801 0.0309954
ENSG00000265486.1 10 78002071 78002071 - 2 738884 10_internal_8434 10 77258807 77263187 156 142.716 0.999986 1.7993 0.0240819 0.174438 0.0646766 0.0550554
ENSG00000201954.1 10 78020661 78020661 - 2 757474 10_internal_8434 10 77258807 77263187 156 157.813 1.00002 2.19946 0.0389001 0.161591 0.0945274 0.0812101
ENSG00000232704.1 10 78044842 78044842 - 2 781655 10_internal_8434 10 77258807 77263187 156 206.426 0.999975 2.76918 0.0175186 0.181997 0.0248756 0.0172424
ENSG00000230575.1 10 78198533 78198533 - 2 935346 10_internal_8434 10 77258807 77263187 156 156.122 0.999958 2.107 0.000162032 0.296152 0.00497512 0.000339473
ENSG00000269256.1 10 78320752 78320752 - 1 364119 10_internal_8436 10 77885586 77956633 156 150.805 1.00003 1.00718 0.0601385 0.145836 0.0746269 0.0650285
ENSG00000236467.2 10 78647802 78647802 + 1 -691169 10_internal_8436 10 77885586 77956633 156 160.997 0.999964 0.986505 0.0748176 0.139381 0.0497512 0.0693907
ENSG00000156113.14 10 79398353 79398353 - 0 NA NA NA NA NA NA NA NA NA NA NA NA NA
ENSG00000213513.3 10 79541634 79541634 - 0 NA NA NA NA NA NA NA NA NA NA NA NA NA
ENSG00000228748.2 10 79542624 79542624 + 0 NA NA NA NA NA NA NA NA NA NA NA NA NA
ENSG00000204049.1 10 79626633 79626633 + 0 NA NA NA NA NA NA NA NA NA NA NA NA NA
ENSG00000151208.11 10 79686378 79686378 - 0 NA NA NA NA NA NA NA NA NA NA NA NA NA
ENSG00000148606.7 10 79789303 79789303 - 0 NA NA NA NA NA NA NA NA NA NA NA NA NA
ENSG00000138326.13 10 79793518 79793518 + 0 NA NA NA NA NA NA NA NA NA NA NA NA NA
ENSG00000229569.1 10 80763560 80763560 - 4 -131434 10_internal_7714 10 80894994 80912279 156 140.629 1.00004 3.52017 0.0270723 0.181312 0.0945274 0.120657
ENSG00000108175.12 10 80828792 80828792 + 4 1556 10_internal_8411 10 80830348 80916653 156 173.855 0.999981 4.41535 7.9683e-07 0.383861 0.00497512 8.25899e-07
ENSG00000224596.1 10 80828817 80828817 - 4 -212119 10_internal_7985 10 81040936 81084790 156 148.124 1.00005 3.41276 0.0399895 0.158092 0.169154 0.146539
ENSG00000108179.8 10 81107225 81107225 + 4 -22435 10_internal_7985 10 81040936 81084790 156 156.975 1.00003 3.71492 0.00224767 0.236769 0.00497512 0.00806249
ENSG00000235426.1 10 81142084 81142084 + 4 -104282 10_internal_8163 10 80995751 81037802 156 173.657 1.00001 3.88884 0.0471111 -0.161567 0.134328 0.133485
ENSG00000165424.6 10 81205383 81205383 - 4 167581 10_internal_8163 10 80995751 81037802 156 149.282 0.999988 3.42516 0.148288 -0.116206 0.462687 0.443686
ENSG00000253626.2 10 81272357 81272357 + 5 942359 10_internal_7815 10 82214716 82272063 156 148.779 0.999972 4.35029 0.138409 -0.119447 0.487562 0.501613
ENSG00000226676.1 10 81391944 81391944 - 6 475291 10_internal_8411 10 80830348 80916653 156 174.83 0.996012 6.44294 0.412678 0.0677306 0.960199 0.957012
ENSG00000244733.1 10 81420645 81420645 + 6 -382843 10_internal_8163 10 80995751 81037802 156 164.638 0.999965 5.29754 0.183909 -0.103495 0.597015 0.632517
ENSG00000224886.1 10 81444739 81444739 - 6 532460 10_internal_7714 10 80894994 80912279 156 158.27 0.99999 5.87227 0.129636 0.117497 0.562189 0.549191
ENSG00000188199.5 10 81462983 81462983 + 6 -550704 10_internal_7714 10 80894994 80912279 156 147.164 0.999954 5.03304 0.152964 0.111842 0.60199 0.596894
ENSG00000226381.2 10 81546305 81546305 - 6 634026 10_internal_7714 10 80894994 80912279 156 153.471 1.03206 5.63085 0.137857 0.119557 0.577114 0.561654
ENSG00000225484.2 10 81586350 81586350 - 6 -628366 10_internal_7815 10 82214716 82272063 156 173.321 1.10119 6.95779 0.18188 -0.108213 0.676617 0.66454
ENSG00000224428.2 10 81586459 81586459 + 6 695688 10_internal_7884 10 82282147 82297131 156 153.212 0.999992 5.01287 0.101198 -0.128383 0.422886 0.424331
ENSG00000242600.2 10 81664654 81664654 + 6 550062 10_internal_7815 10 82214716 82272063 156 140.354 0.999951 5.01256 0.437714 -0.0621496 0.960199 0.955173
ENSG00000133661.9 10 81742370 81742370 - 6 704568 10_internal_8163 10 80995751 81037802 156 165.232 0.959966 5.56494 0.0861411 0.134273 0.348259 0.379806
ENSG00000133678.9 10 81838402 81838402 + 6 -800600 10_internal_8163 10 80995751 81037802 156 143.995 0.999957 4.68015 0.203023 0.102958 0.686567 0.69
ENSG00000230091.1 10 81838668 81838668 - 6 -443479 10_internal_7884 10 82282147 82297131 156 144.361 1.00006 4.43488 0.683977 0.0328723 1 0.994867
ENSG00000189129.8 10 81891477 81891477 + 6 390670 10_internal_7884 10 82282147 82297131 156 147.911 0.999965 5.2661 0.00223104 0.242361 0.0248756 0.0152351
ENSG00000122359.12 10 81965433 81965433 - 4 880643 10_internal_7985 10 81040936 81084790 156 168.843 1.00001 4.26601 0.00894122 0.19913 0.0497512 0.0275444
ENSG00000122378.9 10 82167585 82167585 + 2 47131 10_internal_7815 10 82214716 82272063 156 156.762 0.99999 1.89543 0.123694 0.121953 0.21393 0.219871
ENSG00000108219.8 10 82213922 82213922 + 2 794 10_internal_7815 10 82214716 82272063 156 150.577 1.00005 2.17244 0.0421688 0.161889 0.114428 0.0970744
ENSG00000226659.1 10 82295698 82295698 - 2 0 10_internal_7884 10 82282147 82297131 156 176.505 1 2.29875 2.37353e-05 0.314562 0.00497512 1.58775e-05
ENSG00000178217.8 10 82297658 82297658 + 2 -527 10_internal_7884 10 82282147 82297131 156 154.644 1 1.79779 0.0305768 0.166476 0.0696517 0.0555866
ENSG00000165678.14 10 85899196 85899196 + 2 0 10_internal_8754 10 85898087 85938110 156 166.268 1.00004 2.04505 0.188589 0.0997821 0.328358 0.324611
ENSG00000107771.11 10 86088342 86088342 + 2 0 10_internal_11423 10 86087323 86190436 156 143.127 1.00002 1.86535 9.49996e-06 0.347215 0.00497512 4.14993e-05
ENSG00000233189.1 10 86149382 86149382 - 2 211272 10_internal_8754 10 85898087 85938110 156 142.853 1 1.92951 0.242959 -0.0922485 0.422886 0.446355
ENSG00000225423.1 10 86150664 86150664 + 2 0 10_internal_11423 10 86087323 86190436 156 193.796 0.999961 2.69579 0.0384282 0.165802 0.0845771 0.0555863
ENSG00000225928.2 10 86215812 86215812 - 2 25376 10_internal_11423 10 86087323 86190436 156 156.015 1 2.09649 0.0869833 0.14151 0.18408 0.173658
ENSG00000178429.8 10 86320199 86320199 + 2 -129763 10_internal_11423 10 86087323 86190436 156 170.564 0.999981 2.01311 0.309804 -0.0818477 0.497512 0.495567
ENSG00000212332.1 10 88248203 88248203 + 4 -36940 10_internal_8532 10 88198201 88211263 156 152.176 0.999946 4.27314 0.268449 0.091558 0.761194 0.746095
ENSG00000062650.12 10 88281572 88281572 - 4 -818375 10_internal_7762 10 89099947 89104672 156 140.872 0.999949 3.39981 0.0668585 0.146496 0.253731 0.251441
ENSG00000227896.1 10 88281702 88281702 + 4 818245 10_internal_7762 10 89099947 89104672 156 155.619 1.00002 3.86723 0.281844 0.0822691 0.716418 0.722926
ENSG00000107779.5 10 88516396 88516396 + 4 -305133 10_internal_8532 10 88198201 88211263 156 142.929 0.999998 3.49068 0.865682 -0.0138174 1 0.999223
ENSG00000173267.9 10 88718375 88718375 + 4 0 10_internal_9338 10 88708720 88732311 156 152.679 0.99997 3.62777 0.000120061 0.30717 0.00497512 0.000515058
ENSG00000148671.8 10 88727949 88727949 + 4 0 10_internal_9338 10 88708720 88732311 156 154.02 0.999967 4.10162 8.88032e-08 0.416553 0.00497512 4.39861e-07
ENSG00000151303.10 10 88728247 88728247 + 4 0 10_internal_9338 10 88708720 88732311 156 121.905 0.999953 2.91034 2.21373e-07 0.401423 0.00497512 1.37057e-05
ENSG00000233165.1 10 88729158 88729158 - 4 0 10_internal_9338 10 88708720 88732311 156 175.256 1.00003 5.07391 2.26786e-06 0.365438 0.00497512 2.73013e-06
ENSG00000173269.6 10 88729238 88729238 - 4 0 10_internal_9338 10 88708720 88732311 156 143.142 0.999974 3.79771 7.50478e-07 0.380242 0.00497512 8.16459e-06
ENSG00000240475.1 10 88854266 88854266 + 4 -121955 10_internal_9338 10 88708720 88732311 156 184.93 0.999981 5.11324 0.103983 0.12963 0.318408 0.334768
ENSG00000148672.7 10 88854623 88854623 - 4 -245324 10_internal_7762 10 89099947 89104672 156 164.288 1.00003 4.34254 0.0524506 -0.151301 0.154229 0.18695
ENSG00000122376.6 10 88854953 88854953 + 4 244994 10_internal_7762 10 89099947 89104672 156 152.161 1.00006 4.25443 0.0541399 -0.152856 0.21393 0.221629
ENSG00000237280.1 10 88873711 88873711 + 4 226236 10_internal_7762 10 89099947 89104672 156 162.124 0.999998 4.39622 0.0881574 -0.137912 0.298507 0.313919
ENSG00000266323.1 10 88914126 88914126 - 4 702863 10_internal_8532 10 88198201 88211263 156 171.92 0.999969 4.07188 0.298733 0.0823041 0.731343 0.73042
ENSG00000184923.7 10 88985205 88985205 + 4 114742 10_internal_7762 10 89099947 89104672 156 154.218 1.00004 4.12908 4.76887e-08 0.419279 0.00497512 2.34723e-07
ENSG00000223482.1 10 89102369 89102369 - 4 0 10_internal_7762 10 89099947 89104672 156 135.19 1.00001 3.03131 2.0076e-18 0.637972 0.00497512 1.1032e-15
ENSG00000224914.1 10 89102681 89102681 + 4 0 10_internal_7762 10 89099947 89104672 156 167.913 0.999955 4.40854 7.7109e-13 0.548369 0.00497512 4.59438e-13
ENSG00000214562.6 10 89117425 89117425 + 4 -12753 10_internal_7762 10 89099947 89104672 156 157.691 0.999983 3.9662 9.70459e-10 0.476836 0.00497512 3.12602e-09
ENSG00000107789.11 10 89264632 89264632 + 3 -532321 10_internal_9338 10 88708720 88732311 156 177.359 0.999978 2.97145 0.75509 -0.0249907 0.985075 0.981607
ENSG00000198682.8 10 89419370 89419370 + 2 -687059 10_internal_9338 10 88708720 88732311 156 154.035 0.999969 2.04137 0.420197 0.0666766 0.631841 0.674741
ENSG00000196566.2 10 89419760 89419760 - 2 687449 10_internal_9338 10 88708720 88732311 156 154.781 0.999995 2.08282 0.182831 0.107625 0.323383 0.346194
ENSG00000223820.5 10 89577685 89577685 + 2 -473013 10_internal_7762 10 89099947 89104672 156 157.965 0.999978 1.99368 0.093648 0.135642 0.164179 0.174315
ENSG00000138138.8 10 89601100 89601100 - 2 496428 10_internal_7762 10 89099947 89104672 156 154.141 0.999985 2.17924 0.310523 -0.0804093 0.547264 0.559355
ENSG00000171862.5 10 89622870 89622870 + 2 -890559 10_internal_9338 10 88708720 88732311 156 181.99 0.99996 2.45552 0.0392344 -0.167761 0.0646766 0.0624666
ENSG00000227268.3 10 89623194 89623194 - 2 890883 10_internal_9338 10 88708720 88732311 156 167.197 0.999967 2.2779 0.142349 -0.117584 0.273632 0.269484
ENSG00000224745.1 10 89638449 89638449 + 2 -533777 10_internal_7762 10 89099947 89104672 156 145.763 1.00005 1.96666 0.22517 -0.0972174 0.422886 0.418699
ENSG00000213613.2 10 89705259 89705259 + 2 -600587 10_internal_7762 10 89099947 89104672 156 149.358 0.999984 1.85631 0.240693 -0.0913662 0.393035 0.415218
ENSG00000184719.7 10 90344287 90344287 - 4 -715439 10_internal_7848 10 91059726 91176672 156 141.253 0.999976 3.09459 0.720108 0.0284308 0.970149 0.983236
ENSG00000204022.5 10 90346510 90346510 + 4 707077 10_internal_7862 10 91053587 91111417 156 167.106 0.999957 4.5465 0.0195197 0.185325 0.0945274 0.0691324
ENSG00000237205.1 10 90378691 90378691 - 4 -681035 10_internal_7848 10 91059726 91176672 156 169.391 0.999976 5.10604 0.228989 0.0967276 0.666667 0.699808
ENSG00000182333.9 10 90424198 90424198 + 4 629389 10_internal_7862 10 91053587 91111417 156 155.406 1 3.66423 0.0750619 0.143593 0.243781 0.250335
ENSG00000204021.3 10 90484301 90484301 + 4 575425 10_internal_7848 10 91059726 91176672 156 147.804 1.00002 3.52711 0.0844868 0.136529 0.268657 0.291609
ENSG00000226358.1 10 90487242 90487242 + 4 599175 10_internal_10703 10 91086417 91180059 156 156 0.999947 4.07071 0.0584825 0.149468 0.21393 0.217559
ENSG00000204020.4 10 90519952 90519952 + 4 566465 10_internal_10703 10 91086417 91180059 156 185.524 1.00004 4.64522 0.544061 0.0475273 0.985075 0.96296
ENSG00000235150.1 10 90546818 90546818 - 4 -506769 10_internal_7862 10 91053587 91111417 156 154.995 0.999971 3.74335 0.0273878 0.171198 0.129353 0.100487
ENSG00000173239.8 10 90562654 90562654 + 4 497072 10_internal_7848 10 91059726 91176672 156 133.59 1.00005 3.36951 0.130566 0.122785 0.447761 0.448484
ENSG00000152766.5 10 90611575 90611575 - 5 -448151 10_internal_7848 10 91059726 91176672 156 151.155 1.00005 4.98456 0.0311942 0.173339 0.154229 0.158108
ENSG00000138134.7 10 90639491 90639491 + 5 446926 10_internal_10703 10 91086417 91180059 156 156.335 1.00004 4.37343 0.0643285 0.144308 0.273632 0.251309
ENSG00000180139.9 10 90692428 90692428 + 5 50833 10_internal_8834 10 90743261 90767912 156 163.175 1.00002 4.98681 4.85597e-16 0.567259 0.00497512 5.1811e-16
ENSG00000026103.15 10 90750414 90750414 + 5 0 10_internal_8834 10 90743261 90767912 156 157.661 1.00005 4.78987 1.12292e-24 0.67557 0.00497512 3.04326e-24
ENSG00000107796.8 10 90751147 90751147 - 5 0 10_internal_8834 10 90743261 90767912 156 144.437 0.99996 5.10599 1.31751e-22 0.651987 0.00497512 2.45758e-20
ENSG00000261438.1 10 90775593 90775593 + 5 -7681 10_internal_8834 10 90743261 90767912 156 165.171 0.999957 4.92072 1.98016e-10 0.476865 0.00497512 2.87593e-10
ENSG00000138135.5 10 90967071 90967071 - 5 -119346 10_internal_10703 10 91086417 91180059 156 190.491 0.999965 5.71806 0.00517404 0.212416 0.0447761 0.011372
ENSG00000232110.2 10 91043394 91043394 + 5 43023 10_internal_10703 10 91086417 91180059 156 138.054 0.999993 4.52081 0.00166579 0.249252 0.00995025 0.013961
ENSG00000119922.7 10 91061712 91061712 + 5 24705 10_internal_10703 10 91086417 91180059 156 170.336 0.99999 4.63056 7.04195e-10 0.469345 0.00497512 5.42373e-10
ENSG00000119917.9 10 91087651 91087651 + 5 0 10_internal_10703 10 91086417 91180059 156 164.958 0.967767 5.38243 1.81074e-10 0.483618 0.00497512 6.03092e-10
ENSG00000204010.3 10 91137813 91137813 + 5 0 10_internal_10703 10 91086417 91180059 156 155.314 0.999961 4.9502 7.85719e-06 0.347262 0.00497512 4.07439e-05
ENSG00000185745.8 10 91152303 91152303 + 5 0 10_internal_10703 10 91086417 91180059 156 163.252 0.999986 5.12869 1.27103e-10 0.491633 0.00497512 2.43278e-10
ENSG00000152778.7 10 91174343 91174343 + 5 0 10_internal_10703 10 91086417 91180059 156 163.282 1.00002 5.35538 2.11746e-15 0.601307 0.00497512 2.53836e-15
ENSG00000107798.12 10 91174382 91174382 - 5 62965 10_internal_7862 10 91053587 91111417 156 155.924 0.999982 4.51755 0.00173967 0.24281 0.0248756 0.00785618
ENSG00000152782.12 10 91405215 91405215 - 5 225156 10_internal_10703 10 91086417 91180059 156 159.519 0.999957 4.80023 0.056299 -0.146755 0.248756 0.23232
ENSG00000138182.9 10 91461367 91461367 + 5 -281308 10_internal_10703 10 91086417 91180059 156 149.145 0.999957 4.2445 0.00382044 0.225127 0.0248756 0.0197257
ENSG00000232229.1 10 91589267 91589267 + 5 7534 10_internal_7738 10 91596801 91621829 156 142.259 0.999976 4.57368 0.0201214 0.188294 0.0746269 0.11554
ENSG00000226159.1 10 91717130 91717130 - 5 95301 10_internal_7738 10 91596801 91621829 156 161.896 1.00002 4.82876 0.0174699 0.187141 0.104478 0.072494
ENSG00000148680.10 10 92617455 92617455 - 2 995626 10_internal_7738 10 91596801 91621829 156 142.243 0.999976 1.84136 0.0282296 0.162261 0.0696517 0.0656273
ENSG00000148688.7 10 92631473 92631473 + 1 317097 10_internal_10389 10 92948570 92986510 156 138.054 0.999974 0.914327 0.565086 0.0463219 0.58209 0.55593
ENSG00000180628.10 10 92979908 92979908 + 1 0 10_internal_10389 10 92948570 92986510 156 175.256 1 1.05438 8.23375e-08 0.398389 0.00497512 1.38548e-08
ENSG00000165338.11 10 93170096 93170096 + 1 -183586 10_internal_10389 10 92948570 92986510 156 179.705 0.999997 0.950198 0.449053 0.0589561 0.40796 0.400557
ENSG00000228701.1 10 93558048 93558048 - 1 571538 10_internal_10389 10 92948570 92986510 156 165.339 0.999969 0.910443 0.508524 -0.0515833 0.472637 0.464175
ENSG00000107854.5 10 93558069 93558069 + 1 -571559 10_internal_10389 10 92948570 92986510 156 182.401 1.00002 1.12607 0.622183 0.0375877 0.641791 0.637675
ENSG00000180581.6 10 93567253 93567253 - 1 580743 10_internal_10389 10 92948570 92986510 156 140.75 0.999992 0.976335 0.923817 -0.00737973 0.925373 0.922999
ENSG00000174721.9 10 93669240 93669240 - 1 682730 10_internal_10389 10 92948570 92986510 156 143.295 1.00002 0.964669 0.496158 -0.0523846 0.532338 0.501745
ENSG00000095564.9 10 93683526 93683526 + 1 -697016 10_internal_10389 10 92948570 92986510 156 138.785 0.999969 0.98269 0.90558 -0.00950467 0.910448 0.907132
ENSG00000252993.1 10 93835999 93835999 + 1 -849489 10_internal_10389 10 92948570 92986510 156 180.847 1.00002 1.12081 0.241812 0.0914643 0.223881 0.229432
ENSG00000214549.2 10 93878421 93878421 + 1 -891911 10_internal_10389 10 92948570 92986510 156 153.73 0.999979 0.896676 0.84936 0.0159947 0.830846 0.818012
ENSG00000213484.2 10 93896632 93896632 + 1 -910122 10_internal_10389 10 92948570 92986510 156 161.926 0.999969 1.03898 0.238418 -0.0957444 0.253731 0.237479
ENSG00000221042.1 10 93964063 93964063 - 1 977553 10_internal_10389 10 92948570 92986510 156 168.096 0.999985 0.919352 0.292894 0.0843995 0.233831 0.255825
ENSG00000105988.6 10 93976089 93976089 + 1 -989579 10_internal_10389 10 92948570 92986510 156 166.969 0.999972 1.16392 0.0829318 -0.139795 0.0845771 0.0842319
ENSG00000199881.1 10 94032007 94032007 - 0 NA NA NA NA NA NA NA NA NA NA NA NA NA
ENSG00000107864.8 10 94050844 94050844 - 0 NA NA NA NA NA NA NA NA NA NA NA NA NA
ENSG00000198060.4 10 94050920 94050920 + 0 NA NA NA NA NA NA NA NA NA NA NA NA NA
ENSG00000202297.1 10 94094220 94094220 + 0 NA NA NA NA NA NA NA NA NA NA NA NA NA
ENSG00000232709.1 10 94178424 94178424 + 0 NA NA NA NA NA NA NA NA NA NA NA NA NA
ENSG00000119912.10 10 94333833 94333833 - 0 NA NA NA NA NA NA NA NA NA NA NA NA NA
ENSG00000138160.4 10 94353043 94353043 + 0 NA NA NA NA NA NA NA NA NA NA NA NA NA
ENSG00000236493.1 10 94429500 94429500 - 0 NA NA NA NA NA NA NA NA NA NA NA NA NA
ENSG00000152804.6 10 94447945 94447945 + 0 NA NA NA NA NA NA NA NA NA NA NA NA NA
ENSG00000138190.12 10 94590935 94590935 + 0 NA NA NA NA NA NA NA NA NA NA NA NA NA
ENSG00000225118.1 10 94638046 94638046 - 0 NA NA NA NA NA NA NA NA NA NA NA NA NA
ENSG00000226425.1 10 94820183 94820183 - 0 NA NA NA NA NA NA NA NA NA NA NA NA NA
ENSG00000138119.11 10 95242074 95242074 - 0 NA NA NA NA NA NA NA NA NA NA NA NA NA
ENSG00000138180.11 10 95256389 95256389 + 0 NA NA NA NA NA NA NA NA NA NA NA NA NA
ENSG00000186188.5 10 95326422 95326422 + 0 NA NA NA NA NA NA NA NA NA NA NA NA NA
ENSG00000095464.8 10 95372345 95372345 + 0 NA NA NA NA NA NA NA NA NA NA NA NA NA
ENSG00000148690.10 10 95462329 95462329 - 0 NA NA NA NA NA NA NA NA NA NA NA NA NA
ENSG00000176273.9 10 95653730 95653730 + 0 NA NA NA NA NA NA NA NA NA NA NA NA NA
ENSG00000180764.11 10 95721297 95721297 - 0 NA NA NA NA NA NA NA NA NA NA NA NA NA
ENSG00000138193.8 10 95753746 95753746 + 0 NA NA NA NA NA NA NA NA NA NA NA NA NA
ENSG00000173145.7 10 96122716 96122716 - 1 -820322 10_internal_9438 10 96943038 96990988 156 129.386 1.00001 0.938431 0.564918 0.0472063 0.606965 0.577066
ENSG00000108239.7 10 96162261 96162261 + 1 780777 10_internal_9438 10 96943038 96990988 156 158.483 0.99997 1.1306 0.635009 -0.0372595 0.661692 0.677368
ENSG00000119969.10 10 96305547 96305547 + 1 637491 10_internal_9438 10 96943038 96990988 156 213.373 1 1.10066 0.903487 0.00983812 0.905473 0.909425
ENSG00000244332.1 10 96337196 96337196 + 1 605842 10_internal_9438 10 96943038 96990988 156 147.454 0.999995 0.943133 0.955638 0.00453032 0.950249 0.948431
ENSG00000107438.4 10 97050781 97050781 - 4 -463092 10_internal_11644 10 97513873 97594747 156 148.002 1 3.34421 0.0597673 0.136433 0.21393 0.206237
ENSG00000095637.13 10 97321171 97321171 - 4 -192702 10_internal_11644 10 97513873 97594747 156 165.217 0.999962 4.66326 0.0704795 0.142785 0.248756 0.260469
ENSG00000059573.4 10 97416463 97416463 - 5 -132709 10_internal_8534 10 97549172 97592885 156 170.046 1.00001 5.42357 0.0747077 0.143117 0.298507 0.296321
ENSG00000119977.14 10 97454712 97454712 - 5 -94460 10_internal_8534 10 97549172 97592885 156 131.229 1.00003 4.317 4.76797e-06 0.356177 0.00497512 0.00011797
ENSG00000138185.11 10 97454774 97454774 + 5 94398 10_internal_8534 10 97549172 97592885 156 144.209 0.999955 4.87128 1.46676e-10 0.480046 0.00497512 3.52356e-09
ENSG00000240527.1 10 97593265 97593265 + 5 -380 10_internal_8534 10 97549172 97592885 156 140.415 1.00006 4.10876 0.000945177 0.263256 0.0149254 0.00700884
ENSG00000173088.7 10 97620305 97620305 + 5 -27420 10_internal_8534 10 97549172 97592885 156 162.322 1.00001 5.41939 4.09534e-07 0.375763 0.00497512 1.29325e-06
ENSG00000188649.6 10 97709744 97709744 + 5 -114997 10_internal_11644 10 97513873 97594747 156 173.535 1.0149 5.55054 0.032824 0.170022 0.124378 0.123514
ENSG00000227805.1 10 97760000 97760000 - 5 -286901 10_internal_8321 10 98046901 98095052 156 178.608 1.00004 5.65084 0.0580907 -0.155112 0.238806 0.217838
ENSG00000107443.10 10 97803151 97803151 + 5 -210266 10_internal_8534 10 97549172 97592885 156 174.175 1.0376 6.25611 0.0726989 0.138252 0.303483 0.294788
ENSG00000226688.1 10 97849995 97849995 - 5 255248 10_internal_11644 10 97513873 97594747 156 182.95 0.949595 6.26169 4.32716e-05 0.310637 0.00497512 9.82514e-05
ENSG00000177853.10 10 97889472 97889472 + 5 -294725 10_internal_11644 10 97513873 97594747 156 127.055 0.999946 3.96085 0.00285029 0.230507 0.039801 0.0278857
ENSG00000229417.1 10 97949975 97949975 - 5 -96926 10_internal_8321 10 98046901 98095052 156 131.945 1.00004 3.9219 0.0406607 0.164427 0.223881 0.214917
ENSG00000095585.11 10 98031333 98031333 - 4 -15568 10_internal_8321 10 98046901 98095052 156 146.296 0.999954 3.49131 0.0217107 0.172214 0.0746269 0.0886734
ENSG00000235677.1 10 98319942 98319942 + 4 6115 10_internal_10083 10 98326057 98331300 156 148.048 1.00005 4.18508 0.464908 -0.0566695 0.920398 0.933397
ENSG00000077147.10 10 98347209 98347209 - 4 252157 10_internal_8321 10 98046901 98095052 156 139.791 1.00002 3.74764 0.000412402 0.2813 0.00497512 0.00310342
ENSG00000202047.1 10 98379133 98379133 + 4 -47833 10_internal_10083 10 98326057 98331300 156 149.084 0.999992 3.45725 0.203822 0.105873 0.547264 0.565384
ENSG00000227032.1 10 98381464 98381464 - 4 786717 10_internal_11644 10 97513873 97594747 156 156.381 0.999974 3.67183 0.511742 0.0527098 0.930348 0.927816
ENSG00000155629.9 10 98480271 98480271 - 4 148971 10_internal_10083 10 98326057 98331300 156 147.042 0.999992 3.96673 0.0198712 -0.179119 0.119403 0.0910468
ENSG00000236552.1 10 98510045 98510045 + 4 -917160 10_internal_8534 10 97549172 97592885 156 155.543 0.999985 3.7403 0.332889 -0.0764567 0.78607 0.780868
ENSG00000196233.6 10 98592017 98592017 + 4 -997270 10_internal_11644 10 97513873 97594747 156 166.71 1.00001 4.29953 0.00369404 0.229568 0.00995025 0.0114998
ENSG00000232875.1 10 98675659 98675659 - 2 580607 10_internal_8321 10 98046901 98095052 156 163.008 1.00001 2.05401 0.224081 0.0968049 0.39801 0.390066
ENSG00000155640.5 10 98741041 98741041 + 2 -409741 10_internal_10083 10 98326057 98331300 156 140.263 1.00002 2.03947 0.259429 -0.0929826 0.492537 0.495493
ENSG00000231025.1 10 98752207 98752207 + 2 -420907 10_internal_10083 10 98326057 98331300 156 160.022 1.00003 2.08246 0.111762 -0.129698 0.20398 0.210374
ENSG00000187122.10 10 98945677 98945677 - 2 850625 10_internal_8321 10 98046901 98095052 156 159.016 0.999997 2.04113 0.598755 -0.0391408 0.860697 0.842146
ENSG00000231398.1 10 99034769 99034769 + 2 -703469 10_internal_10083 10 98326057 98331300 156 137.536 0.999955 1.94505 0.282212 0.0847267 0.502488 0.517849
ENSG00000213390.5 10 99052413 99052413 - 2 957361 10_internal_8321 10 98046901 98095052 156 164.348 1.00003 1.97721 0.488069 0.0558743 0.706468 0.72199
ENSG00000237169.1 10 99069715 99069715 - 2 974663 10_internal_8321 10 98046901 98095052 156 137.658 0.999962 2.02448 0.0490202 -0.162263 0.154229 0.126284
ENSG00000165879.7 10 99079022 99079022 + 2 -983970 10_internal_8321 10 98046901 98095052 156 143.965 1 2.13608 0.446865 -0.0607991 0.771144 0.737138
ENSG00000225850.1 10 99094321 99094321 + 2 -763021 10_internal_10083 10 98326057 98331300 156 143.995 0.999988 1.8813 0.139478 -0.118049 0.263682 0.272759
ENSG00000181274.5 10 99094458 99094458 - 2 763158 10_internal_10083 10 98326057 98331300 156 139.852 0.999984 1.97907 0.0288541 -0.167252 0.0845771 0.074869
ENSG00000231508.1 10 99153304 99153304 - 1 822004 10_internal_10083 10 98326057 98331300 156 141.893 1.00004 1.04727 0.566546 -0.0480923 0.587065 0.601588
ENSG00000231970.1 10 99160872 99160872 + 1 -829572 10_internal_10083 10 98326057 98331300 156 164.257 0.999978 0.908312 0.0105366 -0.205743 0.0199005 0.0078806
ENSG00000052749.9 10 99161127 99161127 - 1 829827 10_internal_10083 10 98326057 98331300 156 155.756 1.00001 0.995355 0.0258338 -0.179721 0.039801 0.0258307
ENSG00000200737.1 10 99181064 99181064 - 1 849764 10_internal_10083 10 98326057 98331300 156 215.323 1.00001 1.27104 0.549837 0.0471957 0.61194 0.566726
ENSG00000224474.2 10 99185831 99185831 - 1 854531 10_internal_10083 10 98326057 98331300 156 167.67 0.999972 1.02903 0.971628 -0.0028739 0.975124 0.973446
ENSG00000171314.7 10 99185917 99185917 + 1 -854617 10_internal_10083 10 98326057 98331300 156 152.389 0.999966 1.08113 0.707936 0.0281179 0.746269 0.738883
ENSG00000171311.7 10 99205774 99205774 - 1 874474 10_internal_10083 10 98326057 98331300 156 178.334 0.999997 1.02112 0.205403 -0.098101 0.169154 0.179033
ENSG00000171307.13 10 99205927 99205927 + 1 -874627 10_internal_10083 10 98326057 98331300 156 149.525 1.00004 0.991963 0.880041 -0.0112734 0.880597 0.880503
ENSG00000155229.14 10 99258551 99258551 - 1 927251 10_internal_10083 10 98326057 98331300 156 136.713 1.00002 0.890106 0.129498 -0.11792 0.144279 0.140037
ENSG00000165886.4 10 99258625 99258625 + 1 -927325 10_internal_10083 10 98326057 98331300 156 133.316 1.00001 0.910612 0.437029 0.0616359 0.427861 0.441529
ENSG00000165887.7 10 99332198 99332198 + 0 NA NA NA NA NA NA NA NA NA NA NA NA NA
ENSG00000155252.12 10 99344131 99344131 + 0 NA NA NA NA NA NA NA NA NA NA NA NA NA
ENSG00000249967.1 10 99344131 99344131 + 0 NA NA NA NA NA NA NA NA NA NA NA NA NA
ENSG00000119986.6 10 99447080 99447080 - 0 NA NA NA NA NA NA NA NA NA NA NA NA NA
ENSG00000155254.7 10 99472930 99472930 + 0 NA NA NA NA NA NA NA NA NA NA NA NA NA
ENSG00000155256.12 10 99496878 99496878 + 0 NA NA NA NA NA NA NA NA NA NA NA NA NA
ENSG00000120057.4 10 99531709 99531709 - 0 NA NA NA NA NA NA NA NA NA NA NA NA NA
ENSG00000155265.5 10 99609996 99609996 + 0 NA NA NA NA NA NA NA NA NA NA NA NA NA
ENSG00000166024.8 10 99894387 99894387 + 0 NA NA NA NA NA NA NA NA NA NA NA NA NA
ENSG00000230928.1 10 100011780 100011780 + 1 980382 10_internal_9184 10 100992162 101297880 156 156.548 0.999976 0.977686 0.698247 0.0319977 0.701493 0.689569
ENSG00000138131.3 10 100028007 100028007 - 1 -964155 10_internal_9184 10 100992162 101297880 156 177.008 1.00001 1.00619 0.740402 0.0262615 0.716418 0.726281
ENSG00000221419.1 10 100155064 100155064 - 1 -837098 10_internal_9184 10 100992162 101297880 156 169.818 0.999969 1.03786 0.171745 -0.109466 0.169154 0.1592
ENSG00000119943.6 10 100174941 100174941 - 1 -817221 10_internal_9184 10 100992162 101297880 156 175.759 0.999999 0.990329 0.322049 -0.0822165 0.308458 0.29075
ENSG00000264610.1 10 100191117 100191117 - 1 -801045 10_internal_9184 10 100992162 101297880 156 163.709 0.999965 1.01159 0.468119 -0.0569394 0.487562 0.461138
ENSG00000107521.14 10 100206684 100206684 - 1 -785478 10_internal_9184 10 100992162 101297880 156 179.872 0.999984 1.09455 0.674073 -0.0315255 0.671642 0.684553
ENSG00000120053.9 10 101190381 101190381 - 2 -914983 10_internal_9283 10 102105364 102140895 156 153.014 0.999982 2.14077 0.910306 -0.00867951 0.995025 0.994388
ENSG00000224934.1 10 101190948 101190948 + 2 0 10_internal_9184 10 100992162 101297880 156 114.73 0.999944 1.57747 0.540576 -0.0499386 0.741294 0.76431
ENSG00000155287.5 10 101380535 101380535 - 2 -724829 10_internal_9283 10 102105364 102140895 156 160.342 1.00004 1.8433 0.309927 0.0834045 0.492537 0.486268
ENSG00000260475.1 10 101380812 101380812 + 2 724552 10_internal_9283 10 102105364 102140895 156 146.189 0.999994 1.88477 0.734398 0.027931 0.905473 0.922534
ENSG00000198018.6 10 101419263 101419263 + 2 -121383 10_internal_9184 10 100992162 101297880 156 168.934 1.00001 2.33116 0.173975 0.107839 0.323383 0.328579
ENSG00000233690.1 10 101457706 101457706 - 2 159826 10_internal_9184 10 100992162 101297880 156 156.35 0.999958 2.0044 0.0253291 0.181192 0.0597015 0.0498096
ENSG00000119929.8 10 101462315 101462315 + 2 643049 10_internal_9283 10 102105364 102140895 156 152.283 0.999974 1.86752 0.260026 0.0929625 0.422886 0.438438
ENSG00000014919.7 10 101491866 101491866 - 2 -613498 10_internal_9283 10 102105364 102140895 156 187.017 1.00002 2.36095 0.724299 -0.0274772 0.965174 0.941387
ENSG00000023839.6 10 101542489 101542489 + 2 -244609 10_internal_9184 10 100992162 101297880 156 189.455 1.00003 2.14653 0.487334 -0.0562177 0.721393 0.716218
ENSG00000227695.1 10 101686767 101686767 + 2 418597 10_internal_9283 10 102105364 102140895 156 161.195 0.99997 2.16409 0.957726 0.00428708 1 0.998898
ENSG00000107554.11 10 101769676 101769676 - 2 -335688 10_internal_9283 10 102105364 102140895 156 181.228 1.00001 2.10212 0.471689 -0.0585558 0.676617 0.701973
ENSG00000107566.9 10 101948091 101948091 - 2 650211 10_internal_9184 10 100992162 101297880 156 149.48 0.99997 1.93343 0.332607 0.0781366 0.577114 0.556059
ENSG00000236308.1 10 101949793 101949793 + 2 155571 10_internal_9283 10 102105364 102140895 156 165.171 0.999988 2.11887 0.432268 -0.0627446 0.671642 0.683552
ENSG00000213341.6 10 101989376 101989376 - 2 -115988 10_internal_9283 10 102105364 102140895 156 150.439 1.00004 2.5938 0.130789 0.123275 0.333333 0.319405
ENSG00000227492.1 10 101989424 101989424 + 2 -691544 10_internal_9184 10 100992162 101297880 156 211.956 1.00002 2.17283 0.0488179 0.160226 0.079602 0.0463196
ENSG00000212464.1 10 101997059 101997059 - 2 699179 10_internal_9184 10 100992162 101297880 156 139.273 1 1.99057 0.00349279 -0.226245 0.00995025 0.0115038
ENSG00000230224.1 10 102008028 102008028 + 2 97336 10_internal_9283 10 102105364 102140895 156 169.132 1.00002 2.26975 0.0482789 -0.158294 0.0895522 0.0878928
ENSG00000207362.1 10 102018328 102018328 + 2 -720448 10_internal_9184 10 100992162 101297880 156 173.245 1.00004 2.00966 0.319477 -0.0788206 0.502488 0.503289
ENSG00000095485.11 10 102027437 102027437 - 2 -77927 10_internal_9283 10 102105364 102140895 156 182.493 1 2.05245 0.0911139 -0.139503 0.164179 0.133772
ENSG00000196072.7 10 102046469 102046469 - 2 748589 10_internal_9184 10 100992162 101297880 156 149.205 0.999954 2.00586 0.204258 -0.10283 0.368159 0.383775
ENSG00000107593.14 10 102090243 102090243 - 2 792363 10_internal_9184 10 100992162 101297880 156 176.749 1 2.31295 0.282495 0.0861835 0.447761 0.489954
ENSG00000099194.4 10 102106877 102106877 + 2 0 10_internal_9283 10 102105364 102140895 156 170.686 1.00003 2.11026 0.0497959 0.156805 0.079602 0.0828242
ENSG00000256545.1 10 102121397 102121397 + 2 0 10_internal_9283 10 102105364 102140895 156 195.488 1.00003 2.22082 0.105112 0.127589 0.149254 0.147969
ENSG00000235823.1 10 102133372 102133372 + 2 0 10_internal_9283 10 102105364 102140895 156 160.007 0.999986 1.96404 0.711202 0.0301477 0.915423 0.910683
ENSG00000075290.7 10 102222798 102222798 + 2 -81903 10_internal_9283 10 102105364 102140895 156 141.451 1.00003 1.87291 0.0947528 0.133829 0.174129 0.198884
ENSG00000166135.7 10 102288829 102288829 + 2 -147934 10_internal_9283 10 102105364 102140895 156 175.165 1.00001 2.1233 0.11724 0.127255 0.179104 0.194549
ENSG00000075826.11 10 102289628 102289628 - 2 991748 10_internal_9184 10 100992162 101297880 156 164.15 1.00001 2.0875 0.393702 -0.0637702 0.621891 0.633303
ENSG00000255339.2 10 102289638 102289638 - 2 148743 10_internal_9283 10 102105364 102140895 156 155.33 1.00001 2.16621 0.414972 0.0643161 0.696517 0.688085
ENSG00000166136.10 10 102289757 102289757 - 2 148862 10_internal_9283 10 102105364 102140895 156 214.317 0.999986 2.57895 0.823623 0.0179644 0.9801 0.982959
ENSG00000119906.6 10 102672720 102672720 + 1 -531825 10_internal_9283 10 102105364 102140895 156 162.338 1.00002 0.954301 0.959556 0.00407219 0.950249 0.952269
ENSG00000095539.11 10 102729275 102729275 + 1 -588380 10_internal_9283 10 102105364 102140895 156 183.925 1.00001 1.06169 0.485078 0.0559097 0.457711 0.468169
ENSG00000236662.1 10 102745371 102745371 - 1 604476 10_internal_9283 10 102105364 102140895 156 150.013 0.999971 0.924699 0.575747 -0.0463363 0.557214 0.554809
ENSG00000107815.3 10 102747124 102747124 + 1 -606229 10_internal_9283 10 102105364 102140895 156 150.211 0.999973 0.919656 0.343336 -0.0740656 0.343284 0.329481
ENSG00000055950.12 10 102747272 102747272 - 1 606377 10_internal_9283 10 102105364 102140895 156 237.093 0.999997 1.03006 0.1096 0.12947 0.0547264 0.0498504
ENSG00000107816.12 10 102756375 102756375 + 1 -615480 10_internal_9283 10 102105364 102140895 156 148.078 0.999959 1.01275 0.799748 0.0204426 0.781095 0.80884
ENSG00000224915.1 10 102767512 102767512 - 1 626617 10_internal_9283 10 102105364 102140895 156 211.59 1.00002 1.14979 0.244954 -0.0935787 0.20398 0.199011
ENSG00000186862.12 10 102790890 102790890 - 1 649995 10_internal_9283 10 102105364 102140895 156 169.147 1 1.10076 0.797875 -0.0210181 0.810945 0.820271
ENSG00000107819.8 10 102790991 102790991 + 1 -650096 10_internal_9283 10 102105364 102140895 156 157.661 0.99998 1.02708 0.768288 -0.0238484 0.78607 0.776103
ENSG00000107821.9 10 102821598 102821598 + 1 -680703 10_internal_9283 10 102105364 102140895 156 169.467 0.999983 1.05658 0.393943 0.0680732 0.40796 0.390582
ENSG00000166167.13 10 103113820 103113820 + 1 -972925 10_internal_9283 10 102105364 102140895 156 149.373 0.999987 0.915065 0.624805 -0.0397997 0.60199 0.599674
ENSG00000222414.1 10 103124792 103124792 - 1 983897 10_internal_9283 10 102105364 102140895 156 159.443 1.00001 0.967384 0.294592 -0.0835847 0.288557 0.281343
ENSG00000239091.1 10 103131709 103131709 - 1 990814 10_internal_9283 10 102105364 102140895 156 147.956 1 1.02415 0.189982 -0.102979 0.208955 0.206188
