ENSG00000143727.11 2 264140 264140 + 3 320790 2_internal_20216 2 584930 2061712 156 172.529 0.999958 3.02658 0.209393 0.101005 0.452736 0.465095
ENSG00000035115.15 2 266398 266398 - 3 -318532 2_internal_20216 2 584930 2061712 156 163.069 0.999997 2.8312 0.0602166 0.143477 0.164179 0.147168
ENSG00000228643.1 2 286419 286419 + 3 619020 2_internal_17819 2 905439 2061665 156 149.921 0.999975 2.88062 0.318887 0.082042 0.686567 0.682523
ENSG00000189292.10 2 288851 288851 - 3 -450540 2_internal_14277 2 739391 970423 156 133.484 0.999974 2.75245 0.121915 -0.121733 0.353234 0.366035
ENSG00000233296.1 2 677186 677186 + 3 0 2_internal_20216 2 584930 2061712 156 179.918 0.999996 3.12165 0.0236496 0.178007 0.0447761 0.0463113
ENSG00000151353.10 2 677439 677439 - 3 -61952 2_internal_14277 2 739391 970423 156 150.957 1 2.77855 0.0866355 -0.138975 0.223881 0.235003
ENSG00000224885.1 2 3305236 3305236 - 2 57311 2_internal_16777 2 3184226 3247925 156 154.431 0.999977 2.11592 0.169432 0.108526 0.308458 0.328576
ENSG00000032389.8 2 3381653 3381653 - 2 669273 2_internal_19067 2 2648023 2712380 156 164.379 0.999958 2.01959 0.217707 0.095509 0.383085 0.371976
ENSG00000171853.11 2 3383446 3383446 + 2 -135521 2_internal_16777 2 3184226 3247925 156 146.037 0.999978 1.79087 0.675 0.0324861 0.880597 0.873669
ENSG00000225234.1 2 3486180 3486180 - 2 773800 2_internal_19067 2 2648023 2712380 156 171.615 0.999986 2.20019 0.43985 -0.0600533 0.686567 0.695798
ENSG00000235078.1 2 3523046 3523046 + 2 -810666 2_internal_19067 2 2648023 2712380 156 186.911 0.99996 2.3729 0.265919 -0.0889663 0.487562 0.45083
ENSG00000182551.7 2 3523507 3523507 - 2 811127 2_internal_19067 2 2648023 2712380 156 151.948 1.00001 2.25256 0.589003 0.0427949 0.865672 0.868649
ENSG00000242282.2 2 3584463 3584463 - 2 336538 2_internal_16777 2 3184226 3247925 156 111.47 1.00003 1.47712 0.297227 -0.0825335 0.492537 0.504714
ENSG00000255767.1 2 3595547 3595547 - 2 347622 2_internal_16777 2 3184226 3247925 156 148.992 1.00002 1.9535 0.794165 0.0199523 0.950249 0.956365
ENSG00000234171.1 2 3606082 3606082 + 2 -358157 2_internal_16777 2 3184226 3247925 156 186.134 1.00002 2.02373 0.178426 -0.108506 0.248756 0.265634
ENSG00000171865.5 2 3606206 3606206 - 2 358281 2_internal_16777 2 3184226 3247925 156 124.206 1.00001 1.6734 0.423408 0.0639461 0.666667 0.66005
ENSG00000171863.8 2 3622795 3622795 + 2 -374870 2_internal_16777 2 3184226 3247925 156 153.776 0.999967 1.97265 0.230257 -0.0874149 0.38806 0.408386
ENSG00000252531.1 2 3628160 3628160 + 2 -915780 2_internal_19067 2 2648023 2712380 156 138.282 0.999995 1.76313 0.639614 0.0382716 0.850746 0.85027
ENSG00000205837.3 2 6910442 6910442 - 5 -162335 2_internal_13747 2 7072777 7151552 156 159.946 0.999968 5.2199 0.267103 0.0898036 0.810945 0.793959
ENSG00000225964.1 2 6980595 6980595 - 5 -87313 2_internal_14223 2 7067908 7128151 156 206.228 0.888576 6.74415 0.0790259 0.140502 0.283582 0.309501
ENSG00000134321.7 2 7005937 7005937 + 5 66840 2_internal_13747 2 7072777 7151552 156 165.43 1.00003 4.73479 0.132513 0.123052 0.467662 0.457956
ENSG00000134326.7 2 7006766 7006766 - 5 -66011 2_internal_13747 2 7072777 7151552 156 179.156 0.999986 6.18009 0.164514 0.114552 0.597015 0.595507
ENSG00000151692.10 2 7057523 7057523 + 5 10385 2_internal_14223 2 7067908 7128151 156 127.42 1.00005 3.91652 2.88146e-05 0.326062 0.00497512 0.000616836
ENSG00000228203.1 2 7058813 7058813 - 5 -429118 2_internal_13920 2 7487931 7610029 156 156.35 0.997202 5.90149 0.106532 -0.131249 0.497512 0.485557
ENSG00000223884.1 2 7218011 7218011 - 5 89860 2_internal_14223 2 7067908 7128151 156 180.573 0.986925 6.12159 0.137351 0.118961 0.542289 0.515504
ENSG00000235576.1 2 7865932 7865932 + 9 -714380 2_internal_13747 2 7072777 7151552 156 132.356 1.14983 7.82265 0.0625412 -0.149944 0.437811 0.440174
ENSG00000229740.1 2 8279532 8279532 + 8 98462 2_internal_14668 2 8377994 8478456 156 133.484 0.991592 6.22475 0.000949622 0.258912 0.0248756 0.0144111
ENSG00000235665.1 2 8418214 8418214 - 8 -177826 2_internal_14830 2 8596040 8819880 156 147.301 0.97155 6.95034 0.116902 0.126708 0.631841 0.624836
ENSG00000236790.1 2 8523751 8523751 - 8 -661102 2_internal_14433 2 9184853 9196032 156 186.728 0.856892 8.93955 0.0281361 -0.175487 0.199005 0.189439
ENSG00000231435.1 2 8715631 8715631 - 7 0 2_internal_14830 2 8596040 8819880 156 162.764 0.908879 7.17502 0.0216187 0.181683 0.169154 0.15903
ENSG00000236008.1 2 8723922 8723922 - 7 55800 2_internal_14289 2 7576020 8668122 156 170.732 0.954768 7.55839 0.129862 0.115311 0.621891 0.615492
ENSG00000115738.5 2 8818975 8818975 + 9 0 2_internal_14830 2 8596040 8819880 156 143.416 0.989054 8.14343 8.0935e-05 0.30702 0.00497512 0.00138513
ENSG00000235092.1 2 8821993 8821993 - 9 153871 2_internal_14289 2 7576020 8668122 156 174.403 0.851526 8.58057 0.021447 -0.18775 0.19403 0.173865
ENSG00000260837.1 2 8862816 8862816 - 10 42936 2_internal_14830 2 8596040 8819880 156 145.549 1.10485 10.1775 0.0373688 0.158044 0.373134 0.32285
ENSG00000134313.10 2 8977760 8977760 - 10 474120 2_internal_16381 2 8497620 8503640 156 157.859 0.96922 9.55118 0.0469058 -0.162646 0.373134 0.374383
ENSG00000238888.1 2 9119024 9119024 + 10 -430837 2_internal_16762 2 8474174 8688187 156 153.441 0.969456 9.53018 0.0188758 0.190266 0.223881 0.185555
ENSG00000143797.7 2 9143942 9143942 - 10 -40911 2_internal_14433 2 9184853 9196032 156 159.275 0.946317 8.43692 0.00101662 0.264776 0.0199005 0.0100135
ENSG00000151693.5 2 9346894 9346894 + 11 -520492 2_internal_19939 2 7542791 8826402 156 159.428 0.953689 11.0379 0.0082711 -0.215662 0.114428 0.0921094
ENSG00000119185.8 2 9563676 9563676 - 10 -279780 2_internal_14744 2 9843456 9923558 156 177.998 1.01888 13.0957 0.0493225 0.15623 0.383085 0.369926
ENSG00000119203.9 2 9563697 9563697 + 10 -743817 2_internal_14830 2 8596040 8819880 156 186.697 0.84299 12.2312 0.0925267 0.136585 0.606965 0.636376
ENSG00000134330.14 2 9613787 9613787 + 10 229669 2_internal_14744 2 9843456 9923558 156 153.319 0.999964 8.69522 0.102362 0.13093 0.621891 0.620232
ENSG00000239300.1 2 9645574 9645574 + 10 90349 2_internal_19790 2 9735923 9923392 156 152.222 0.933457 9.3373 0.0517656 0.156534 0.41791 0.440961
ENSG00000238462.1 2 9672474 9672474 - 9 984287 2_internal_16762 2 8474174 8688187 156 148.398 1.12832 7.81228 0.329523 -0.0791697 0.950249 0.952408
ENSG00000151694.8 2 9695921 9695921 - 8 -147535 2_internal_14744 2 9843456 9923558 156 148.139 1.02855 7.64172 0.0918701 0.134767 0.542289 0.542202
ENSG00000207086.1 2 9755396 9755396 + 8 0 2_internal_14049 2 9734207 9942396 156 140.948 1.01648 7.00645 0.0279404 -0.170122 0.208955 0.223861
ENSG00000134308.9 2 9771143 9771143 - 8 -72313 2_internal_14744 2 9843456 9923558 156 161.454 0.985388 8.80287 0.0039751 0.223107 0.0348259 0.0311456
ENSG00000115750.10 2 9983483 9983483 + 6 -60091 2_internal_19790 2 9735923 9923392 156 162.49 1.00003 5.59402 0.371368 0.073577 0.910448 0.91875
ENSG00000134317.13 2 10085341 10085341 + 7 82463 2_internal_15716 2 10167804 10189756 156 155.771 0.993241 6.42506 3.67643e-08 0.427591 0.00497512 2.68541e-07
ENSG00000260077.1 2 10180790 10180790 - 7 0 2_internal_15716 2 10167804 10189756 156 140.75 1.02112 5.72585 1.34846e-06 0.366905 0.00497512 2.02075e-05
ENSG00000172059.6 2 10182976 10182976 + 7 0 2_internal_15716 2 10167804 10189756 156 165.659 1.03761 7.16226 1.12209e-11 0.507644 0.00497512 7.26503e-12
ENSG00000205795.4 2 10221071 10221071 - 6 31315 2_internal_15716 2 10167804 10189756 156 143.584 0.999981 4.96541 5.71414e-05 0.304138 0.00497512 0.000562238
ENSG00000171848.8 2 10262455 10262455 + 6 -72699 2_internal_15716 2 10167804 10189756 156 153.456 1.0096 6.08789 0.194037 0.10444 0.726368 0.735319
ENSG00000115756.8 2 10443015 10443015 + 7 0 2_internal_14759 2 10436967 10552644 156 183.27 1.03905 8.17459 2.19199e-06 0.357856 0.00497512 1.38251e-06
ENSG00000206633.1 2 10586975 10586975 - 7 -682533 2_internal_15183 2 11269508 11298246 156 163.48 1.00008 6.89851 0.11953 -0.127033 0.572139 0.555818
ENSG00000115758.8 2 10588630 10588630 - 7 665238 2_internal_19790 2 9735923 9923392 156 141.39 1.05067 6.38242 0.132674 0.123666 0.626866 0.631981
ENSG00000257135.1 2 10588820 10588820 + 7 -665428 2_internal_19790 2 9735923 9923392 156 167.7 0.920091 7.97514 0.331539 -0.079317 0.965174 0.957201
ENSG00000217258.2 2 10592445 10592445 + 7 -650049 2_internal_14049 2 9734207 9942396 156 141.375 1.12054 6.62375 0.114622 0.127947 0.60199 0.562491
ENSG00000234818.1 2 10729292 10729292 + 7 -176648 2_internal_14759 2 10436967 10552644 156 120.732 1.00005 5.1979 0.00696656 0.204345 0.079602 0.0884159
ENSG00000115761.11 2 10830101 10830101 - 7 277457 2_internal_14759 2 10436967 10552644 156 135.403 0.999945 5.40811 0.114862 0.127341 0.59204 0.563065
ENSG00000143882.5 2 10861775 10861775 + 7 141848 2_internal_13818 2 11003623 11021415 156 165.247 1.03931 8.05581 0.0103356 0.205706 0.0646766 0.0575186
ENSG00000143870.8 2 10978103 10978103 - 6 -25520 2_internal_13818 2 11003623 11021415 156 146.326 0.999984 5.02944 0.0278286 0.176055 0.144279 0.155995
ENSG00000150873.7 2 11273179 11273179 + 6 615871 2_internal_13245 2 11889050 11899178 156 151.43 0.945011 5.57018 0.065259 -0.147252 0.363184 0.355468
ENSG00000162976.8 2 11295324 11295324 + 6 0 2_internal_15183 2 11269508 11298246 156 168.446 0.911549 6.04364 0.000329865 0.275048 0.00497512 0.00215175
ENSG00000230154.1 2 11448151 11448151 + 8 -426736 2_internal_13818 2 11003623 11021415 156 137.323 1.04963 6.81629 0.27221 0.0909659 0.915423 0.907681
ENSG00000134318.9 2 11488456 11488456 - 8 -514144 2_internal_15071 2 12002600 12061693 156 143.508 1.04564 7.79053 0.297532 0.0827602 0.940299 0.945019
ENSG00000169016.12 2 11606297 11606297 - 9 -985019 2_internal_15229 2 12591316 12606648 156 137.018 1.08663 7.99772 0.189626 -0.107031 0.840796 0.843144
ENSG00000239899.2 2 11724899 11724899 + 11 583323 2_internal_21931 2 12308222 12442927 156 167.837 1.00433 11.9374 0.0119108 0.195106 0.0845771 0.102085
ENSG00000134324.7 2 11817721 11817721 + 11 490501 2_internal_21931 2 12308222 12442927 156 155.589 0.994996 11.0786 0.0942443 0.124519 0.676617 0.669749
ENSG00000071575.7 2 12857015 12857015 + 10 0 2_internal_14307 2 12624775 12870115 156 147.88 0.94902 9.09454 4.99464e-08 0.429069 0.00497512 2.08289e-06
ENSG00000229087.1 2 15537906 15537906 - 2 -541396 2_internal_13638 2 16079302 16106922 156 175.363 0.999973 1.91695 0.237196 0.0929872 0.363184 0.363632
ENSG00000151779.8 2 15701454 15701454 - 2 249181 2_internal_13454 2 15440584 15452273 156 155.893 1.00004 1.99063 0.585845 0.0440911 0.845771 0.827153
ENSG00000079785.9 2 15731302 15731302 + 2 -279029 2_internal_13454 2 15440584 15452273 156 152.313 1.00001 1.97753 0.448918 -0.0600604 0.706468 0.698177
ENSG00000237633.1 2 16704444 16704444 + 2 92877 2_internal_14856 2 16797321 16847836 156 153.913 0.999987 2.17843 0.000773539 -0.268281 0.00995025 0.00182789
ENSG00000197872.7 2 16847599 16847599 - 2 740677 2_internal_13638 2 16079302 16106922 156 170.214 1 2.22687 0.691743 0.0316405 0.930348 0.920218
ENSG00000163032.6 2 17720393 17720393 + 1 -872557 2_internal_14856 2 16797321 16847836 156 166.344 0.99999 1.10664 0.149824 -0.115612 0.149254 0.15039
ENSG00000178295.10 2 17935125 17935125 + 0 NA NA NA NA NA NA NA NA NA NA NA NA NA
ENSG00000163029.11 2 17981509 17981509 - 0 NA NA NA NA NA NA NA NA NA NA NA NA NA
ENSG00000260331.1 2 18729470 18729470 - 0 NA NA NA NA NA NA NA NA NA NA NA NA NA
ENSG00000240857.1 2 18741946 18741946 - 0 NA NA NA NA NA NA NA NA NA NA NA NA NA
ENSG00000250741.2 2 18770830 18770830 - 0 NA NA NA NA NA NA NA NA NA NA NA NA NA
ENSG00000185013.12 2 18770838 18770838 - 0 NA NA NA NA NA NA NA NA NA NA NA NA NA
ENSG00000236204.1 2 19546509 19546509 - 0 NA NA NA NA NA NA NA NA NA NA NA NA NA
ENSG00000228784.1 2 20068621 20068621 + 1 796268 2_internal_14153 2 20864889 20872719 156 139.913 0.999985 0.89578 0.146275 -0.118554 0.119403 0.152762
ENSG00000183891.5 2 20101747 20101747 - 1 -763142 2_internal_14153 2 20864889 20872719 156 153.38 1 0.963066 0.120727 0.123557 0.124378 0.11961
ENSG00000118965.10 2 20189892 20189892 - 1 -674997 2_internal_14153 2 20864889 20872719 156 158.834 0.999977 1.08781 0.884967 -0.0113682 0.905473 0.903931
ENSG00000068697.6 2 20251789 20251789 - 1 -613100 2_internal_14153 2 20864889 20872719 156 146.829 1 0.994439 0.429509 0.0638233 0.432836 0.441632
ENSG00000223734.2 2 20251895 20251895 + 1 612994 2_internal_14153 2 20864889 20872719 156 153.014 0.99998 1.04619 0.689609 0.0324057 0.711443 0.708759
ENSG00000235411.1 2 20440807 20440807 - 1 -424082 2_internal_14153 2 20864889 20872719 156 179.689 0.999971 1.11084 0.323927 -0.0835585 0.308458 0.316082
ENSG00000238735.1 2 20446148 20446148 - 1 -418741 2_internal_14153 2 20864889 20872719 156 136.134 0.999973 0.935848 0.593661 0.0428551 0.58209 0.593957
ENSG00000055917.11 2 20551995 20551995 - 1 -312894 2_internal_14153 2 20864889 20872719 156 128.487 1.00005 0.939538 0.255796 -0.0886588 0.303483 0.28718
ENSG00000143878.8 2 20646835 20646835 + 1 218054 2_internal_14153 2 20864889 20872719 156 124.16 0.999978 0.960138 0.254588 -0.0923169 0.308458 0.29938
ENSG00000228950.1 2 20650803 20650803 + 1 214086 2_internal_14153 2 20864889 20872719 156 195.046 0.999973 1.22321 0.0603509 0.151675 0.0298507 0.043443
ENSG00000231948.2 2 20792308 20792308 - 1 -72581 2_internal_14153 2 20864889 20872719 156 154.72 1.00004 1.07444 0.720766 -0.0297567 0.746269 0.747132
ENSG00000233416.1 2 20806414 20806414 - 1 -58475 2_internal_14153 2 20864889 20872719 156 146.707 0.999967 0.930617 0.441929 -0.0638527 0.442786 0.432447
ENSG00000118960.8 2 20850849 20850849 - 1 -14040 2_internal_14153 2 20864889 20872719 156 178.654 1.00002 1.10049 0.828153 0.0164225 0.845771 0.845031
ENSG00000143869.5 2 20866424 20866424 + 1 0 2_internal_14153 2 20864889 20872719 156 152.283 0.99998 0.996031 0.0206389 -0.194053 0.0248756 0.0221282
ENSG00000260396.1 2 20877569 20877569 + 1 -4850 2_internal_14153 2 20864889 20872719 156 176.475 0.999994 1.00007 0.225125 -0.0945711 0.208955 0.196925
ENSG00000118961.9 2 21022882 21022882 - 1 150163 2_internal_14153 2 20864889 20872719 156 210.387 1.00002 1.23451 0.0168456 -0.193504 0.0248756 0.00677337
ENSG00000119771.10 2 23608088 23608088 + 0 NA NA NA NA NA NA NA NA NA NA NA NA NA
ENSG00000224464.2 2 24095884 24095884 - 1 -619011 2_internal_13906 2 24714895 24736853 156 142.716 1.00001 0.959166 0.486558 -0.0577677 0.497512 0.491354
ENSG00000238111.1 2 24123563 24123563 + 1 591332 2_internal_13906 2 24714895 24736853 156 161.865 1.00003 0.927484 0.681201 -0.0316737 0.661692 0.647978
ENSG00000119778.10 2 24149984 24149984 - 1 -564911 2_internal_13906 2 24714895 24736853 156 145.945 1.00001 1.02997 0.362969 -0.0757273 0.393035 0.387758
ENSG00000173960.8 2 24150155 24150155 + 1 564740 2_internal_13906 2 24714895 24736853 156 159.26 1.00004 1.08396 0.167092 -0.109643 0.164179 0.175088
ENSG00000234946.1 2 24166716 24166716 + 1 548179 2_internal_13906 2 24714895 24736853 156 189.668 0.99999 1.0243 0.670246 -0.0336242 0.671642 0.647438
ENSG00000243847.2 2 24219955 24219955 - 1 -494940 2_internal_13906 2 24714895 24736853 156 163.389 1.00002 0.980947 0.0477918 -0.156662 0.0348259 0.0419957
ENSG00000205639.5 2 24232951 24232951 + 1 481944 2_internal_13906 2 24714895 24736853 156 164.013 1.00002 0.942034 0.270222 -0.0877149 0.248756 0.24526
ENSG00000163026.7 2 24272445 24272445 - 1 -442450 2_internal_13906 2 24714895 24736853 156 188.662 1.00002 1.01761 0.507477 0.0529189 0.452736 0.471822
ENSG00000119782.9 2 24272571 24272571 + 1 442324 2_internal_13906 2 24714895 24736853 156 149.343 0.999992 0.954946 0.982896 0.00166292 0.975124 0.97988
ENSG00000115128.6 2 24299313 24299313 - 1 -415582 2_internal_13906 2 24714895 24736853 156 145.138 1.00003 1.07153 0.485138 0.0567693 0.552239 0.524985
ENSG00000219626.4 2 24299396 24299396 + 1 415499 2_internal_13906 2 24714895 24736853 156 189.241 1.00002 0.996946 0.0123388 0.200285 0.00497512 0.00581831
ENSG00000115129.9 2 24308731 24308731 - 1 -406164 2_internal_13906 2 24714895 24736853 156 145.93 1.00001 0.852264 0.0360649 0.160466 0.0447761 0.0364583
ENSG00000176732.6 2 24346347 24346347 - 1 -368548 2_internal_13906 2 24714895 24736853 156 154.934 0.999967 1.01357 0.731975 -0.0282952 0.751244 0.73761
ENSG00000266118.1 2 24347236 24347236 + 1 367659 2_internal_13906 2 24714895 24736853 156 170.381 1.00001 1.17 0.0937701 0.130364 0.0746269 0.0927626
ENSG00000232642.1 2 24397874 24397874 - 1 -317021 2_internal_13906 2 24714895 24736853 156 135.251 1.00004 0.941825 0.449831 -0.0584207 0.487562 0.461543
ENSG00000186453.8 2 24397938 24397938 + 1 316957 2_internal_13906 2 24714895 24736853 156 198.108 0.99999 1.17619 0.0388758 -0.166652 0.0199005 0.023354
ENSG00000223754.1 2 24424567 24424567 - 1 -290328 2_internal_13906 2 24714895 24736853 156 161.667 0.999992 0.925252 0.000308982 -0.288426 0.00497512 0.000221991
ENSG00000242628.1 2 24437250 24437250 + 1 277645 2_internal_13906 2 24714895 24736853 156 150.165 1.00002 0.98012 0.958538 0.00428429 0.945274 0.956648
ENSG00000251805.1 2 24496610 24496610 - 2 -989871 2_internal_17342 2 25486481 25491715 156 155.467 1.00001 1.94956 0.763547 0.0236952 0.945274 0.940066
ENSG00000232963.1 2 24553271 24553271 + 3 161624 2_internal_13906 2 24714895 24736853 156 153.639 0.99999 2.93111 0.0951945 -0.125603 0.298507 0.260284
ENSG00000233747.1 2 24557381 24557381 + 3 929100 2_internal_17342 2 25486481 25491715 156 171.432 0.999994 3.62947 0.0157534 -0.202974 0.0497512 0.0406044
ENSG00000198399.9 2 24583583 24583583 - 3 -902898 2_internal_17342 2 25486481 25491715 156 133.392 1 2.53093 0.175389 0.111293 0.452736 0.44986
ENSG00000084676.11 2 24714783 24714783 + 3 797461 2_internal_14775 2 25512244 25564009 156 152.237 0.999974 2.7614 0.166676 0.110129 0.40796 0.405998
ENSG00000202430.1 2 24787607 24787607 - 3 -724637 2_internal_14775 2 25512244 25564009 156 150.257 0.999981 2.82007 0.0838287 0.141737 0.253731 0.232971
ENSG00000206732.1 2 24899178 24899178 + 3 587303 2_internal_17342 2 25486481 25491715 156 149.754 1 2.9784 0.0223218 -0.185879 0.0696517 0.0731691
ENSG00000138092.6 2 25016005 25016005 + 3 470476 2_internal_17342 2 25486481 25491715 156 129.081 0.999957 2.61055 0.0395928 0.162668 0.129353 0.15222
ENSG00000184924.4 2 25016251 25016251 - 3 -470230 2_internal_17342 2 25486481 25491715 156 138.084 1.00001 2.92544 0.0121544 0.198061 0.0497512 0.0526989
ENSG00000138031.9 2 25142708 25142708 - 3 -343773 2_internal_17342 2 25486481 25491715 156 164.897 1.00005 3.37516 0.313646 0.0805086 0.706468 0.700219
ENSG00000237953.1 2 25192093 25192093 - 3 455240 2_internal_13906 2 24714895 24736853 156 148.642 0.999963 2.83656 0.356212 -0.0751136 0.726368 0.727728
ENSG00000202479.1 2 25192346 25192346 - 3 455493 2_internal_13906 2 24714895 24736853 156 146.905 0.999976 2.97896 0.310375 -0.0819568 0.701493 0.689848
ENSG00000224165.1 2 25194259 25194259 + 3 317985 2_internal_14775 2 25512244 25564009 156 142.685 1.00004 2.35401 0.422009 -0.0655962 0.746269 0.747373
ENSG00000115137.7 2 25194963 25194963 - 3 458110 2_internal_13906 2 24714895 24736853 156 150.653 1.00003 2.73508 0.483759 -0.054816 0.850746 0.842605
ENSG00000084710.9 2 25264999 25264999 + 3 221482 2_internal_17342 2 25486481 25491715 156 169.117 1.00002 3.22348 0.308552 -0.0806403 0.651741 0.666931
ENSG00000261452.1 2 25380063 25380063 + 3 -643210 2_internal_13906 2 24714895 24736853 156 156.594 0.99996 2.80046 0.231804 0.0937792 0.522388 0.52064
ENSG00000115138.6 2 25391772 25391772 - 3 654919 2_internal_13906 2 24714895 24736853 156 175.226 1.00001 3.28032 0.249768 -0.0896293 0.547264 0.561952
ENSG00000119772.12 2 25565459 25565459 - 3 73744 2_internal_17342 2 25486481 25491715 156 158.361 0.999974 3.2449 0.0202841 0.186221 0.0646766 0.0614589
ENSG00000235072.1 2 25598714 25598714 - 3 106999 2_internal_17342 2 25486481 25491715 156 128.456 1.00004 2.52069 0.0490369 0.152837 0.159204 0.176575
ENSG00000224220.1 2 25643986 25643986 + 3 -79977 2_internal_14775 2 25512244 25564009 156 146.357 1.00001 2.93932 0.0612305 0.150408 0.18408 0.191714
ENSG00000138101.14 2 25896503 25896503 - 3 -935623 2_internal_14236 2 26832126 26842794 156 147.149 1.00001 2.78767 0.104594 -0.127805 0.278607 0.288625
ENSG00000187536.4 2 26033525 26033525 - 3 469516 2_internal_14775 2 25512244 25564009 156 160.311 1.00003 2.73235 0.280507 0.0856444 0.626866 0.582992
ENSG00000217643.1 2 26045338 26045338 + 3 -553623 2_internal_17342 2 25486481 25491715 156 162.368 1 3.2541 0.194865 0.102333 0.492537 0.488063
ENSG00000218682.1 2 26079835 26079835 - 3 -752291 2_internal_14236 2 26832126 26842794 156 127.268 0.99997 2.34424 0.515258 0.0514868 0.855721 0.851625
ENSG00000143970.11 2 26101385 26101385 - 3 -730741 2_internal_14236 2 26832126 26842794 156 171.966 1.00002 3.60364 0.0414043 0.16647 0.134328 0.111335
ENSG00000084731.9 2 26205618 26205618 - 3 -626508 2_internal_14236 2 26832126 26842794 156 198.184 1.00001 3.64215 0.230478 0.095993 0.482587 0.506719
ENSG00000084733.6 2 26256976 26256976 + 3 -765261 2_internal_17342 2 25486481 25491715 156 154.035 0.999984 3.13665 0.464266 0.0564148 0.875622 0.861144
ENSG00000199872.1 2 26265544 26265544 + 3 -701535 2_internal_14775 2 25512244 25564009 156 171.874 0.999963 3.44685 0.0922624 0.13174 0.248756 0.241784
ENSG00000235440.1 2 26325005 26325005 - 3 760996 2_internal_14775 2 25512244 25564009 156 178.318 0.999964 3.04787 0.0987184 0.12887 0.21393 0.217885
ENSG00000231655.1 2 26364133 26364133 - 3 -467993 2_internal_14236 2 26832126 26842794 156 140.872 0.999999 2.90199 0.279178 -0.0856452 0.626866 0.650459
ENSG00000214465.3 2 26372073 26372073 + 3 -880358 2_internal_17342 2 25486481 25491715 156 135.144 0.99998 2.38439 0.509446 0.0527503 0.840796 0.842442
ENSG00000227133.1 2 26382892 26382892 + 3 -891177 2_internal_17342 2 25486481 25491715 156 154.202 1.00001 3.30378 0.047453 -0.156398 0.144279 0.152213
ENSG00000237951.1 2 26384925 26384925 + 3 447201 2_internal_14236 2 26832126 26842794 156 144.117 1.00005 3.00025 0.0544737 0.156291 0.174129 0.18151
ENSG00000157833.7 2 26395960 26395960 + 3 -831951 2_internal_14775 2 25512244 25564009 156 142.731 1.00003 2.4643 0.148419 0.115287 0.383085 0.362424
ENSG00000138029.9 2 26466038 26466038 + 3 -974323 2_internal_17342 2 25486481 25491715 156 181.03 1.00001 3.61813 0.164376 0.112774 0.422886 0.405974
ENSG00000084754.6 2 26467594 26467594 - 3 903585 2_internal_14775 2 25512244 25564009 156 152.222 0.999987 3.04763 0.329656 0.0804656 0.716418 0.712378
ENSG00000138018.13 2 26531415 26531415 + 2 300711 2_internal_14236 2 26832126 26842794 156 189.531 1.00002 2.16493 0.00791412 -0.209174 0.0199005 0.00736868
ENSG00000173567.10 2 26569685 26569685 - 1 -262441 2_internal_14236 2 26832126 26842794 156 179.583 1.00002 1.07896 0.242123 -0.0940584 0.21393 0.223906
ENSG00000115155.12 2 26781566 26781566 - 2 -50560 2_internal_14236 2 26832126 26842794 156 151.887 0.999994 2.02196 0.153303 -0.116602 0.328358 0.295151
ENSG00000213699.4 2 26987152 26987152 + 3 604132 2_internal_15850 2 27591284 27654368 156 172.209 1.00003 3.08678 0.16986 0.108557 0.40796 0.392667
ENSG00000115163.10 2 26987157 26987157 + 3 604127 2_internal_15850 2 27591284 27654368 156 191.329 1.00003 3.23219 0.327623 0.0780178 0.666667 0.651313
ENSG00000084764.6 2 27193480 27193480 + 4 635944 2_internal_16852 2 27829424 27891620 156 142.746 0.999964 4.09878 0.00416501 0.241727 0.0298507 0.0249058
ENSG00000205500.4 2 27237480 27237480 - 4 -905051 2_internal_15025 2 28142531 28220014 156 176.338 0.999983 4.4074 0.00721215 -0.21428 0.0248756 0.0187021
ENSG00000119777.14 2 27255778 27255778 + 4 886753 2_internal_15025 2 28142531 28220014 156 194.711 1.00003 5.42392 0.0810402 -0.13895 0.248756 0.24803
ENSG00000084693.11 2 27265232 27265232 + 4 326052 2_internal_15850 2 27591284 27654368 156 148.611 0.999977 3.95746 0.224316 0.0932441 0.676617 0.654772
ENSG00000229122.1 2 27283906 27283906 + 4 545518 2_internal_16852 2 27829424 27891620 156 145.702 0.999988 3.54947 0.0316366 0.179757 0.109453 0.12796
ENSG00000228474.1 2 27294641 27294641 - 4 -296643 2_internal_15850 2 27591284 27654368 156 150.698 1.00003 3.84455 0.344472 0.0765964 0.825871 0.812301
ENSG00000138080.9 2 27301435 27301435 + 4 289849 2_internal_15850 2 27591284 27654368 156 143.721 1.00005 3.95663 0.104952 -0.123754 0.40796 0.396171
ENSG00000138030.8 2 27309615 27309615 + 4 281669 2_internal_15850 2 27591284 27654368 156 155.436 0.999994 3.49329 0.176382 -0.107146 0.497512 0.493994
ENSG00000138028.10 2 27341995 27341995 - 4 -249289 2_internal_15850 2 27591284 27654368 156 133.423 0.999985 3.65849 0.04005 -0.16747 0.19403 0.195271
ENSG00000143994.9 2 27346682 27346682 + 4 795849 2_internal_15025 2 28142531 28220014 156 167.883 0.999969 4.24101 0.126782 0.118016 0.393035 0.399078
ENSG00000138073.8 2 27357543 27357543 - 4 -233741 2_internal_15850 2 27591284 27654368 156 153.441 1.00005 3.68076 0.0801305 -0.132832 0.293532 0.272054
ENSG00000138085.11 2 27434895 27434895 + 4 394529 2_internal_16852 2 27829424 27891620 156 149.8 0.999975 3.91834 0.409446 0.0658701 0.890547 0.880844
ENSG00000138074.9 2 27435826 27435826 - 4 -706705 2_internal_15025 2 28142531 28220014 156 151.567 0.999971 4.1309 0.378651 0.0684671 0.875622 0.866252
ENSG00000084774.8 2 27440258 27440258 + 4 -597464 2_internal_14236 2 26832126 26842794 156 139.379 0.999962 3.3575 0.134381 0.120681 0.432836 0.436721
ENSG00000138100.9 2 27505260 27505260 + 5 -662466 2_internal_14236 2 26832126 26842794 156 156.64 0.999966 4.41483 0.338547 0.0778614 0.845771 0.837675
ENSG00000163794.5 2 27531313 27531313 - 5 -59971 2_internal_15850 2 27591284 27654368 156 154.675 1.00002 5.06051 0.0798957 -0.135427 0.328358 0.348513
ENSG00000115204.9 2 27548547 27548547 - 5 -921207 2_internal_15286 2 28469754 28476249 156 164.821 1.00004 5.61953 0.202491 0.099645 0.706468 0.694298
ENSG00000234945.2 2 27558409 27558409 + 5 911345 2_internal_15286 2 28469754 28476249 156 194.573 0.905483 6.4447 0.0240213 0.184799 0.124378 0.0962677
ENSG00000234072.1 2 27579113 27579113 + 6 890641 2_internal_15286 2 28469754 28476249 156 187.185 0.899084 7.26885 0.114072 0.126959 0.517413 0.517458
ENSG00000115207.8 2 27579868 27579868 - 6 -889886 2_internal_15286 2 28469754 28476249 156 164.455 1.01351 5.74151 0.111942 0.127531 0.452736 0.45682
ENSG00000115211.11 2 27593353 27593353 - 6 0 2_internal_15850 2 27591284 27654368 156 156.32 1.08243 7.74695 0.00146881 -0.24924 0.00995025 0.007494
ENSG00000115234.6 2 27593389 27593389 + 6 0 2_internal_15850 2 27591284 27654368 156 156.244 0.971421 6.16879 0.30574 0.0807841 0.895522 0.898981
ENSG00000163795.9 2 27603657 27603657 - 6 760863 2_internal_14236 2 26832126 26842794 156 171.387 0.97279 7.09325 0.479368 0.0543219 0.985075 0.987766
ENSG00000213453.3 2 27616234 27616234 - 6 -853520 2_internal_15286 2 28469754 28476249 156 149.236 1.00002 5.01079 0.084084 -0.134702 0.373134 0.380456
ENSG00000115241.9 2 27632554 27632554 - 6 0 2_internal_15850 2 27591284 27654368 156 143.843 1.00003 4.83673 0.107992 -0.122035 0.457711 0.469332
ENSG00000115216.9 2 27650657 27650657 + 6 0 2_internal_15850 2 27591284 27654368 156 157.005 1.03857 6.13199 0.000665152 0.271854 0.00497512 0.00311575
ENSG00000157992.8 2 27665233 27665233 + 6 164191 2_internal_16852 2 27829424 27891620 156 174.952 1.01291 7.71902 0.0293167 -0.180494 0.149254 0.146774
ENSG00000138002.10 2 27712656 27712656 - 6 58288 2_internal_15850 2 27591284 27654368 156 144.62 1.03434 5.63677 0.00539539 -0.218773 0.039801 0.0362782
ENSG00000221843.2 2 27799389 27799389 + 6 -956595 2_internal_14236 2 26832126 26842794 156 155.741 1.00002 5.25742 0.0175125 0.189836 0.0895522 0.0891572
ENSG00000243943.4 2 27805897 27805897 + 6 764471 2_internal_13686 2 28570368 28592362 156 150.988 1.04584 6.27143 0.119213 0.117999 0.587065 0.548414
ENSG00000259080.1 2 27805913 27805913 + 6 764455 2_internal_13686 2 28570368 28592362 156 146.189 1.00003 5.47743 0.0142306 0.198646 0.0995025 0.0929465
ENSG00000198522.8 2 27851114 27851114 + 8 -196746 2_internal_15850 2 27591284 27654368 156 156.533 0.83858 7.03623 0.188556 0.100966 0.79602 0.81666
ENSG00000176714.9 2 27851879 27851879 - 8 -969837 2_internal_13802 2 28821716 28849716 156 169.254 1.03137 8.10278 0.0371531 -0.16468 0.20398 0.205972
ENSG00000206731.1 2 27865036 27865036 - 8 -277495 2_internal_15025 2 28142531 28220014 156 154.888 1.08834 8.5606 0.171993 -0.105037 0.78607 0.779912
ENSG00000163798.9 2 27886338 27886338 + 8 0 2_internal_16852 2 27829424 27891620 156 181.487 0.962773 9.11504 0.00277285 0.242735 0.0149254 0.0135485
ENSG00000119760.11 2 27886676 27886676 - 8 0 2_internal_16852 2 27829424 27891620 156 171.981 0.990533 9.58381 0.0180422 0.184906 0.119403 0.120813
ENSG00000243147.3 2 27994584 27994584 + 8 827086 2_internal_13611 2 28821670 28831779 156 133.072 1.10096 7.23778 0.00659074 0.215752 0.079602 0.0634755
ENSG00000268656.1 2 28009186 28009186 - 8 354818 2_internal_15850 2 27591284 27654368 156 136.683 1.15726 7.51999 0.0962027 0.135348 0.60199 0.551607
ENSG00000158019.15 2 28112808 28112808 + 8 356946 2_internal_15286 2 28469754 28476249 156 192.288 0.9285 9.15033 0.082621 0.131139 0.422886 0.432594
ENSG00000171174.9 2 28113965 28113965 - 8 -702679 2_internal_13076 2 28816644 28854957 156 156.807 1.05477 8.37548 0.132198 0.111983 0.696517 0.671744
ENSG00000265321.1 2 28219234 28219234 + 9 -564866 2_internal_15850 2 27591284 27654368 156 154.827 1.04152 8.97435 0.297534 -0.0814677 0.970149 0.955779
ENSG00000225991.1 2 28531028 28531028 + 11 -54779 2_internal_15286 2 28469754 28476249 156 165.369 0.959828 11.0331 0.125136 -0.124167 0.771144 0.751584
ENSG00000223522.1 2 28533326 28533326 - 11 -688478 2_internal_14358 2 29221804 29242180 156 143.325 1.17231 10.0991 0.349248 0.0739294 0.985075 0.986748
ENSG00000075426.7 2 28615315 28615315 + 11 201329 2_internal_13076 2 28816644 28854957 156 140.948 1.06664 9.22076 0.052495 0.159834 0.442786 0.43298
ENSG00000229951.1 2 28617539 28617539 - 11 -204177 2_internal_13802 2 28821716 28849716 156 143.599 1.0704 10.687 0.00217243 -0.241375 0.0199005 0.0264324
ENSG00000227938.1 2 28673051 28673051 - 10 -548753 2_internal_14358 2 29221804 29242180 156 126.384 1.05649 7.59378 0.0427086 0.1638 0.393035 0.389333
ENSG00000163803.8 2 28680012 28680012 + 10 141658 2_internal_13611 2 28821670 28831779 156 166.557 1.04555 11.9343 7.67937e-07 0.366383 0.00497512 2.15906e-06
ENSG00000230730.1 2 28887406 28887406 - 10 411157 2_internal_15286 2 28469754 28476249 156 161.225 1.11681 11.1379 0.0203083 0.190398 0.119403 0.146504
ENSG00000226833.1 2 28959071 28959071 - 9 -214414 2_internal_15707 2 29173485 29180169 156 177.785 0.85717 7.73347 3.39758e-05 -0.333158 0.00497512 0.000302369
ENSG00000213639.5 2 28974506 28974506 + 9 -119549 2_internal_13076 2 28816644 28854957 156 153.105 0.895836 7.61764 0.00494809 0.217462 0.0845771 0.0580616
