ENSG00000222460.1 20 34231065 34231065 + 4 -186294 20_internal_5335 20 34034225 34044771 156 140.339 1.00005 3.39411 0.00131917 -0.246661 0.00497512 0.0078537
ENSG00000252549.1 20 34235352 34235352 - 4 -117007 20_internal_4752 20 34352359 34387109 156 163.937 0.999963 3.7379 0.48082 0.0583973 0.910448 0.906704
ENSG00000214078.7 20 34252878 34252878 - 4 -1608 20_internal_5736 20 34254486 34269561 156 146.448 0.999998 3.70347 0.0376547 -0.154732 0.154229 0.153622
ENSG00000244462.3 20 34252878 34252878 - 4 208107 20_internal_5335 20 34034225 34044771 156 138.907 1.00005 3.6704 0.111502 0.129084 0.432836 0.408315
ENSG00000125995.11 20 34287194 34287194 + 4 -17633 20_internal_5736 20 34254486 34269561 156 141.39 1 3.93032 0.012757 0.195653 0.0895522 0.0680029
ENSG00000244005.7 20 34287281 34287281 - 4 -65078 20_internal_4752 20 34352359 34387109 156 170.366 1.00005 4.66478 0.137096 -0.106175 0.432836 0.449783
ENSG00000238549.1 20 34304393 34304393 + 4 -34832 20_internal_5736 20 34254486 34269561 156 137.048 0.99997 3.4493 0.0744076 -0.136858 0.293532 0.290097
ENSG00000131051.15 20 34330234 34330234 - 4 834037 20_internal_6569 20 33491778 33496197 156 140.004 1.00004 3.94264 0.183846 0.105874 0.606965 0.601432
ENSG00000222152.1 20 34357789 34357789 - 4 88228 20_internal_5736 20 34254486 34269561 156 138.145 1.00005 3.35702 0.205958 0.100642 0.567164 0.591457
ENSG00000025293.11 20 34359896 34359896 + 4 0 20_internal_4752 20 34352359 34387109 156 158.392 1.00004 3.82284 0.218876 0.0960805 0.616915 0.604318
ENSG00000234274.1 20 34438837 34438837 - 4 169276 20_internal_5736 20 34254486 34269561 156 142.716 0.999989 3.64467 0.000298248 0.282114 0.00995025 0.00197569
ENSG00000199676.1 20 34441286 34441286 - 4 171725 20_internal_5736 20 34254486 34269561 156 164.029 1.00003 4.69824 0.337213 0.0775561 0.840796 0.842269
ENSG00000219608.3 20 34466398 34466398 + 4 -196837 20_internal_5736 20 34254486 34269561 156 154.416 1.00003 3.44621 0.000744301 0.255071 0.00497512 0.00272706
ENSG00000201221.1 20 34475581 34475581 + 4 -979384 20_internal_6569 20 33491778 33496197 156 166.496 0.999957 4.30841 0.334626 -0.0788052 0.79602 0.808761
ENSG00000207053.1 20 34516597 34516597 - 3 247036 20_internal_5736 20 34254486 34269561 156 150.775 0.999955 2.72818 0.0230379 -0.184125 0.0696517 0.0679598
ENSG00000171222.6 20 34547394 34547394 - 6 160285 20_internal_4752 20 34352359 34387109 156 158.712 1.00001 5.58785 0.0900972 0.133375 0.402985 0.399912
ENSG00000149646.7 20 34556512 34556512 + 7 -169403 20_internal_4752 20 34352359 34387109 156 177.13 0.920347 8.34549 0.219998 -0.0987691 0.835821 0.848946
ENSG00000260032.1 20 34638882 34638882 - 8 -883139 20_internal_6845 20 35522021 35524398 156 147.591 0.974284 6.82408 0.0552796 0.15042 0.39801 0.367355
ENSG00000088367.15 20 34679426 34679426 + 8 -634655 20_internal_5335 20 34034225 34044771 156 148.886 0.99498 7.37332 0.0368479 -0.156965 0.263682 0.270219
ENSG00000131043.7 20 34824381 34824381 + 8 -554820 20_internal_5736 20 34254486 34269561 156 149.099 1.04958 7.64797 0.113853 -0.127936 0.621891 0.610722
ENSG00000080845.13 20 34894258 34894258 + 8 -507149 20_internal_4752 20 34352359 34387109 156 144.742 1.05424 8.90008 0.0655835 0.141868 0.487562 0.481146
ENSG00000259729.1 20 35154533 35154533 - 7 767424 20_internal_4752 20 34352359 34387109 156 141.39 1.01454 6.45533 0.320624 0.079197 0.945274 0.932936
ENSG00000101335.5 20 35169887 35169887 + 7 352134 20_internal_6845 20 35522021 35524398 156 187.794 0.966723 7.51197 0.0722336 0.141353 0.343284 0.327025
ENSG00000232907.2 20 35201794 35201794 - 7 932233 20_internal_5736 20 34254486 34269561 156 165.765 0.905998 7.38932 0.0687233 -0.147804 0.38806 0.41564
ENSG00000118707.4 20 35201891 35201891 + 7 320130 20_internal_6845 20 35522021 35524398 156 153.882 1.09574 7.68143 0.070364 0.14939 0.39801 0.394577
ENSG00000259399.1 20 35202956 35202956 + 7 -815847 20_internal_4752 20 34352359 34387109 156 202.846 0.901689 10.3749 0.0322036 -0.169116 0.21393 0.176458
ENSG00000259716.1 20 35232932 35232932 - 7 963371 20_internal_5736 20 34254486 34269561 156 151.719 0.968889 6.18011 0.103086 0.128551 0.507463 0.520647
ENSG00000101084.12 20 35234137 35234137 + 7 -847028 20_internal_4752 20 34352359 34387109 156 150.165 1.05955 7.98024 0.0633321 -0.145305 0.437811 0.404876
ENSG00000227688.2 20 35248806 35248806 + 7 296599 20_internal_4627 20 35545405 35649666 156 178.105 0.943534 7.83525 0.035776 -0.166154 0.228856 0.200634
ENSG00000101082.9 20 35274619 35274619 - 6 -349860 20_internal_4530 20 35624479 35640345 156 171.981 1.03584 6.76158 0.510925 0.0536092 0.985075 0.9887
ENSG00000101079.16 20 35374481 35374481 - 6 -249998 20_internal_4530 20 35624479 35640345 156 152.389 0.982737 5.42618 0.223632 0.0960961 0.766169 0.761613
ENSG00000149636.10 20 35402230 35402230 - 5 -143175 20_internal_4627 20 35545405 35649666 156 167.06 1.00003 5.69137 0.149415 0.109207 0.567164 0.563943
ENSG00000149639.9 20 35492089 35492089 - 5 -58508 20_internal_4690 20 35550597 35604358 156 153.821 0.999957 4.94321 0.148597 -0.111687 0.547264 0.55602
ENSG00000101342.4 20 35504534 35504534 + 5 46063 20_internal_4690 20 35550597 35604358 156 168.751 1.09713 6.55167 5.63109e-06 0.353984 0.00497512 5.02007e-06
ENSG00000101347.7 20 35580246 35580246 - 5 0 20_internal_4690 20 35550597 35604358 156 164.425 0.999969 5.66446 1.11995e-05 0.33947 0.00497512 3.67272e-05
ENSG00000231241.1 20 35650387 35650387 - 5 46029 20_internal_4690 20 35550597 35604358 156 168.629 1.00004 5.10839 0.0484583 -0.15253 0.179104 0.188989
ENSG00000226144.2 20 35677657 35677657 + 5 -73299 20_internal_4690 20 35550597 35604358 156 177.511 0.984947 5.74291 0.0587706 0.141643 0.233831 0.232726
ENSG00000269846.1 20 35724188 35724188 + 5 -83843 20_internal_4530 20 35624479 35640345 156 176.734 0.999964 5.15841 0.158453 -0.11222 0.532338 0.521818
ENSG00000080839.7 20 35724398 35724398 - 5 84188 20_internal_4828 20 35547338 35640210 156 164.805 0.999973 5.25802 0.306656 -0.0847476 0.825871 0.838895
ENSG00000118705.12 20 35806813 35806813 + 5 -166603 20_internal_4828 20 35547338 35640210 156 175.698 0.964176 5.79882 0.148009 0.109088 0.542289 0.553992
ENSG00000101353.10 20 35807991 35807991 - 5 283593 20_internal_6845 20 35522021 35524398 156 141.558 1.00006 4.5765 0.246211 0.094084 0.79602 0.76223
ENSG00000101363.8 20 35918041 35918041 + 5 -393643 20_internal_6845 20 35522021 35524398 156 144.056 0.99995 4.22501 0.0609589 -0.150523 0.273632 0.270079
ENSG00000197122.7 20 35973088 35973088 + 5 -448690 20_internal_6845 20 35522021 35524398 156 153.456 1.00004 4.81704 0.251466 -0.0937644 0.736318 0.758385
ENSG00000235167.1 20 36137633 36137633 - 5 487967 20_internal_4627 20 35545405 35649666 156 186.499 0.869095 5.47098 0.227542 -0.0909404 0.686567 0.726227
ENSG00000053438.7 20 36149617 36149617 + 5 -509272 20_internal_4530 20 35624479 35640345 156 131.198 1.00004 4.5328 0.180517 -0.107396 0.646766 0.674875
ENSG00000166619.7 20 36156333 36156333 - 5 506667 20_internal_4627 20 35545405 35649666 156 175.302 0.98616 5.37208 0.140908 -0.114187 0.487562 0.498457
ENSG00000132792.14 20 36322408 36322408 + 5 -672742 20_internal_4627 20 35545405 35649666 156 169.102 1.04315 5.91294 0.0986935 -0.134524 0.412935 0.390933
ENSG00000199683.1 20 36603883 36603883 - 7 963538 20_internal_4530 20 35624479 35640345 156 141.253 1.13494 6.36645 0.0202767 -0.183038 0.114428 0.12027
ENSG00000101407.8 20 36661870 36661870 - 3 -794250 20_internal_6939 20 37456120 37493115 156 158.879 0.999955 2.76997 0.242189 0.0948743 0.547264 0.528809
ENSG00000101413.7 20 36661948 36661948 + 3 793939 20_internal_5498 20 37455887 37505180 156 152.283 1.00002 2.49372 0.426074 0.0661101 0.756219 0.755614
ENSG00000252791.1 20 36681148 36681148 - 3 -774739 20_internal_5498 20 37455887 37505180 156 182.386 0.999975 2.67174 0.174028 -0.108016 0.328358 0.334803
ENSG00000198959.7 20 36794980 36794980 - 3 -660907 20_internal_5498 20 37455887 37505180 156 176.338 0.999969 2.47234 0.103505 -0.127365 0.19403 0.193712
ENSG00000101425.8 20 36888551 36888551 + 3 567336 20_internal_5498 20 37455887 37505180 156 145.945 1.00004 2.23724 0.0172099 0.184146 0.0497512 0.0468653
ENSG00000206249.3 20 36954938 36954938 - 3 -500949 20_internal_5498 20 37455887 37505180 156 184.382 1.00003 2.76731 0.0201683 0.183522 0.0597015 0.0315692
ENSG00000224635.1 20 37045444 37045444 - 3 -410443 20_internal_5498 20 37455887 37505180 156 184.351 1.00002 2.82527 0.323552 0.0783182 0.636816 0.60946
ENSG00000199452.1 20 37050421 37050421 - 3 -405699 20_internal_6939 20 37456120 37493115 156 196.828 1.00001 2.97961 0.495422 0.0557553 0.835821 0.825751
ENSG00000235408.1 20 37053978 37053978 - 3 -401909 20_internal_5498 20 37455887 37505180 156 178.699 0.999987 2.55618 0.620981 -0.0411514 0.920398 0.901774
ENSG00000201416.1 20 37053979 37053979 - 3 -297481 20_internal_4743 20 37351460 37360716 156 143.295 1.00004 2.3218 0.69048 0.0332959 0.955224 0.940205
ENSG00000201599.1 20 37056085 37056085 - 3 -399802 20_internal_5498 20 37455887 37505180 156 194.741 0.999992 2.69785 0.0968014 0.137045 0.18408 0.162133
ENSG00000225091.1 20 37056086 37056086 - 3 -399801 20_internal_5498 20 37455887 37505180 156 189.089 0.999993 2.63896 0.0980769 0.136316 0.169154 0.170749
ENSG00000201512.1 20 37058446 37058446 - 3 -397441 20_internal_5498 20 37455887 37505180 156 223.915 1 3.56696 0.0109135 0.21189 0.0348259 0.0081092
ENSG00000200354.1 20 37062641 37062641 - 3 -393246 20_internal_5498 20 37455887 37505180 156 181.259 1.00001 2.53731 0.0168506 0.192445 0.039801 0.0251105
ENSG00000196756.6 20 37063996 37063996 - 3 -392124 20_internal_6939 20 37456120 37493115 156 187.779 0.99997 3.30056 0.48807 0.0535539 0.850746 0.858215
ENSG00000174365.14 20 37075221 37075221 + 3 380666 20_internal_5498 20 37455887 37505180 156 168.446 1.00001 2.57905 0.243018 0.0947491 0.437811 0.481816
ENSG00000201902.1 20 37076727 37076727 + 3 379160 20_internal_5498 20 37455887 37505180 156 199.784 1.00003 3.05332 0.102426 0.133233 0.233831 0.184113
ENSG00000199266.1 20 37078013 37078013 + 3 377874 20_internal_5498 20 37455887 37505180 156 164.272 0.99999 2.39809 0.0717223 -0.145936 0.159204 0.14794
ENSG00000170471.10 20 37101459 37101459 + 3 250001 20_internal_4743 20 37351460 37360716 156 175.789 0.999972 2.25504 0.038076 -0.173158 0.0995025 0.0613023
ENSG00000263473.1 20 37145206 37145206 + 3 310914 20_internal_6939 20 37456120 37493115 156 168.462 0.999993 2.80587 0.451926 0.0605982 0.781095 0.797849
ENSG00000231307.1 20 37166401 37166401 + 3 185059 20_internal_4743 20 37351460 37360716 156 209.518 0.999993 3.17462 0.525934 0.0479889 0.840796 0.860381
ENSG00000101442.8 20 37377085 37377085 + 3 79035 20_internal_6939 20 37456120 37493115 156 163.069 1 2.49588 2.85743e-11 0.500587 0.00497512 2.55221e-11
ENSG00000199691.1 20 37390171 37390171 + 3 65949 20_internal_6939 20 37456120 37493115 156 212.139 0.999998 3.01016 0.349668 0.0760895 0.58209 0.620549
ENSG00000101445.4 20 37434348 37434348 + 3 21772 20_internal_6939 20 37456120 37493115 156 134.885 1.00002 2.47406 1.05321e-28 0.71183 0.00497512 1.22751e-24
ENSG00000240474.2 20 37501413 37501413 + 3 -8298 20_internal_6939 20 37456120 37493115 156 181.411 1 2.62313 0.0576695 0.153091 0.139303 0.103057
ENSG00000101447.9 20 37554955 37554955 + 3 -61840 20_internal_6939 20 37456120 37493115 156 157.158 1 2.46225 1.98167e-05 0.326425 0.00497512 4.54394e-05
ENSG00000101452.9 20 37590942 37590942 + 3 -97827 20_internal_6939 20 37456120 37493115 156 138.237 0.999968 2.20913 0.10596 -0.129988 0.268657 0.261357
ENSG00000223864.1 20 37607065 37607065 - 3 113950 20_internal_6939 20 37456120 37493115 156 184.504 0.999988 2.72125 0.0708786 0.143097 0.169154 0.128869
ENSG00000204103.2 20 39317880 39317880 - 0 NA NA NA NA NA NA NA NA NA NA NA NA NA
ENSG00000198900.5 20 39657458 39657458 + 0 NA NA NA NA NA NA NA NA NA NA NA NA NA
ENSG00000124181.8 20 39765600 39765600 + 0 NA NA NA NA NA NA NA NA NA NA NA NA NA
ENSG00000226648.1 20 39766643 39766643 - 0 NA NA NA NA NA NA NA NA NA NA NA NA NA
ENSG00000242748.1 20 39825331 39825331 + 0 NA NA NA NA NA NA NA NA NA NA NA NA NA
ENSG00000263989.1 20 39919217 39919217 - 0 NA NA NA NA NA NA NA NA NA NA NA NA NA
ENSG00000174306.16 20 39946312 39946312 - 0 NA NA NA NA NA NA NA NA NA NA NA NA NA
ENSG00000132793.7 20 39969560 39969560 + 0 NA NA NA NA NA NA NA NA NA NA NA NA NA
ENSG00000235088.1 20 40090584 40090584 - 0 NA NA NA NA NA NA NA NA NA NA NA NA NA
ENSG00000232493.2 20 40176061 40176061 + 0 NA NA NA NA NA NA NA NA NA NA NA NA NA
ENSG00000124177.10 20 40247133 40247133 - 0 NA NA NA NA NA NA NA NA NA NA NA NA NA
ENSG00000240639.2 20 41850846 41850846 + 4 496088 20_internal_6598 20 42346934 42382579 156 171.829 1.00003 4.01878 0.0652361 0.1447 0.223881 0.196429
ENSG00000124193.9 20 42086568 42086568 + 4 291765 20_internal_4925 20 42378333 42710254 156 149.023 1.00005 3.97899 0.364824 0.0697649 0.845771 0.846679
ENSG00000201372.1 20 42101653 42101653 + 4 463682 20_internal_6171 20 42565335 42709979 156 160.159 1.00003 3.60837 0.328022 -0.0739254 0.711443 0.753469
ENSG00000185513.9 20 42136320 42136320 + 4 210614 20_internal_6598 20 42346934 42382579 156 162.993 1.00005 4.68238 0.140407 -0.118283 0.472637 0.484027
ENSG00000234271.1 20 42152212 42152212 - 4 -194722 20_internal_6598 20 42346934 42382579 156 142.944 1.00004 4.12697 0.0212393 -0.181459 0.119403 0.108556
ENSG00000226143.1 20 42179589 42179589 - 4 -198744 20_internal_4925 20 42378333 42710254 156 153.273 1.00004 3.11395 0.0284444 0.177933 0.114428 0.0901018
ENSG00000101049.10 20 42187608 42187608 + 4 159326 20_internal_6598 20 42346934 42382579 156 180.649 0.999995 4.18096 0.267292 -0.0920577 0.676617 0.669192
ENSG00000101052.8 20 42219571 42219571 + 4 345764 20_internal_6171 20 42565335 42709979 156 167.837 1.00002 4.37249 0.259449 0.0917099 0.646766 0.70236
ENSG00000101057.11 20 42295754 42295754 + 8 947369 20_internal_4802 20 43243123 43248008 156 182.493 0.946682 9.40541 0.176973 0.107228 0.78607 0.785027
ENSG00000124191.12 20 42543492 42543492 + 8 0 20_internal_4925 20 42378333 42710254 156 163.267 0.947269 8.99885 6.29651e-05 0.305145 0.00497512 0.00058901
ENSG00000132823.6 20 42839431 42839431 - 9 -398322 20_internal_5001 20 43237753 43302005 156 161.393 1.02326 9.21166 0.0573534 0.152625 0.393035 0.384737
ENSG00000223891.1 20 42839600 42839600 + 9 884814 20_internal_5447 20 43724414 43730081 156 153.486 0.978367 7.80857 0.159554 0.10278 0.741294 0.757663
ENSG00000124194.11 20 42875887 42875887 + 9 367236 20_internal_4802 20 43243123 43248008 156 157.508 1.03231 10.1466 0.0235228 0.179831 0.20398 0.1967
ENSG00000197296.5 20 42939809 42939809 - 9 385277 20_internal_4825 20 42543588 42554532 156 125.729 1.15606 7.25827 0.0774494 0.140159 0.567164 0.515511
ENSG00000226243.1 20 43095482 43095482 - 9 385503 20_internal_6171 20 42565335 42709979 156 180.07 1.01724 10.7078 0.0513788 -0.157919 0.348259 0.318972
ENSG00000124120.6 20 43104526 43104526 + 9 619888 20_internal_5447 20 43724414 43730081 156 162.2 0.919196 8.98664 0.0919596 0.134032 0.567164 0.589876
ENSG00000132824.9 20 43150750 43150750 - 9 -92373 20_internal_4802 20 43243123 43248008 156 156.564 1.10484 9.66201 0.00583465 0.22276 0.0199005 0.0383071
ENSG00000168734.9 20 43160426 43160426 + 9 -450447 20_internal_6171 20 42565335 42709979 156 157.478 1.00518 8.20132 0.021287 0.187301 0.144279 0.155736
ENSG00000196839.8 20 43280874 43280874 - 9 570895 20_internal_6171 20 42565335 42709979 156 151.993 1.07502 9.55387 0.009648 -0.201785 0.0646766 0.07926
ENSG00000132832.5 20 43324737 43324737 - 9 76729 20_internal_4802 20 43243123 43248008 156 158.529 0.995766 8.8993 0.0252804 0.172641 0.21393 0.196922
ENSG00000263911.1 20 43509775 43509775 - 8 261767 20_internal_4802 20 43243123 43248008 156 158.438 0.988257 7.17485 0.0302089 -0.174662 0.223881 0.19445
ENSG00000166913.8 20 43514317 43514317 + 8 -212312 20_internal_5001 20 43237753 43302005 156 187.109 0.911225 8.62606 0.132242 0.122037 0.616915 0.632344
ENSG00000101104.8 20 43538703 43538703 + 8 -237283 20_internal_5103 20 43292279 43301420 156 156.807 1.02376 8.6023 0.148019 0.115367 0.736318 0.7374
ENSG00000025772.7 20 43589127 43589127 - 7 -135287 20_internal_5447 20 43724414 43730081 156 129.553 1.02613 5.80948 0.306894 -0.0792008 0.910448 0.916147
ENSG00000227477.1 20 43595043 43595043 - 7 885064 20_internal_6171 20 42565335 42709979 156 168.812 0.983176 7.73647 0.0959326 -0.136679 0.502488 0.4974
ENSG00000101109.7 20 43595115 43595115 + 7 -885136 20_internal_6171 20 42565335 42709979 156 136.515 1.07478 6.91179 0.0508136 0.152809 0.353234 0.350482
ENSG00000252021.1 20 43632989 43632989 + 7 -401778 20_internal_4963 20 43225438 43231211 156 165.933 1.00382 7.47152 0.0562784 0.155528 0.343284 0.311058
ENSG00000124134.4 20 43729753 43729753 - 5 481745 20_internal_4802 20 43243123 43248008 156 163.008 1.00005 4.93569 0.160659 -0.106831 0.557214 0.555601
ENSG00000124107.5 20 43883205 43883205 - 5 581200 20_internal_5001 20 43237753 43302005 156 159.839 0.999986 5.26373 0.193773 0.100664 0.666667 0.666648
ENSG00000124145.5 20 43977064 43977064 - 5 745853 20_internal_4963 20 43225438 43231211 156 155.254 1 4.24969 0.075142 -0.137574 0.278607 0.284802
ENSG00000204070.5 20 43990577 43990577 + 5 -688572 20_internal_5001 20 43237753 43302005 156 151.795 0.999975 4.64871 0.151764 0.113215 0.567164 0.548988
ENSG00000254806.1 20 43991840 43991840 + 5 -743832 20_internal_4802 20 43243123 43248008 156 149.464 0.999967 4.26546 0.0723951 -0.138369 0.313433 0.294968
ENSG00000232880.1 20 44017345 44017345 - 5 287264 20_internal_5447 20 43724414 43730081 156 151.536 0.99998 4.76952 0.0868493 0.132715 0.383085 0.367285
ENSG00000244274.3 20 44034697 44034697 + 6 -786689 20_internal_4802 20 43243123 43248008 156 148.002 1.09291 6.05315 0.0301818 -0.168181 0.164179 0.160552
ENSG00000124251.6 20 44036529 44036529 - 6 805318 20_internal_4963 20 43225438 43231211 156 154.705 1.08414 6.49225 0.0150873 0.192336 0.0945274 0.0770142
ENSG00000124155.11 20 44044707 44044707 + 6 -743287 20_internal_5103 20 43292279 43301420 156 145.778 1.00004 5.47907 0.209648 -0.0995964 0.731343 0.75304
ENSG00000269549.1 20 44074071 44074071 + 6 952481 20_internal_5885 20 45026552 45040378 156 182.218 0.905148 6.6058 0.0750668 -0.140663 0.368159 0.353434
ENSG00000234011.2 20 44076042 44076042 + 6 950510 20_internal_5885 20 45026552 45040378 156 165.293 0.999969 6.01288 0.0770875 -0.139257 0.373134 0.34849
ENSG00000235508.2 20 44270009 44270009 - 4 968004 20_internal_5001 20 43237753 43302005 156 154.857 0.999945 3.80003 0.240055 0.092605 0.671642 0.650722
ENSG00000124116.14 20 44420571 44420571 - 2 690490 20_internal_5447 20 43724414 43730081 156 165.72 1.00002 1.91645 0.273615 0.0891692 0.447761 0.437164
ENSG00000101457.8 20 44420576 44420576 + 2 -690495 20_internal_5447 20 43724414 43730081 156 153.06 0.99998 1.80648 0.0839279 -0.137757 0.134328 0.151476
ENSG00000175063.12 20 44441215 44441215 + 2 -711134 20_internal_5447 20 43724414 43730081 156 151.293 0.999956 1.96779 0.856134 -0.0145414 0.970149 0.978619
ENSG00000101470.5 20 44462384 44462384 - 2 732303 20_internal_5447 20 43724414 43730081 156 136.47 1.00004 1.81805 0.450765 0.0614231 0.666667 0.696157
ENSG00000124104.14 20 44462449 44462449 + 2 -732368 20_internal_5447 20 43724414 43730081 156 131.732 0.999994 1.95872 0.174567 0.104528 0.39801 0.373403
ENSG00000101473.12 20 44486045 44486045 - 2 755964 20_internal_5447 20 43724414 43730081 156 146.814 1 1.88682 0.272635 0.0837143 0.482587 0.472172
ENSG00000132801.5 20 44486256 44486256 + 2 540296 20_internal_5885 20 45026552 45040378 156 174.479 1.00003 2.0516 0.247226 0.0919679 0.412935 0.400877
ENSG00000168612.4 20 44509866 44509866 + 2 -779785 20_internal_5447 20 43724414 43730081 156 138.45 0.999971 1.97059 0.357997 -0.0740509 0.587065 0.618326
ENSG00000149634.4 20 44516274 44516274 - 2 786193 20_internal_5447 20 43724414 43730081 156 146.738 1.00002 1.95263 0.192152 -0.100906 0.373134 0.362542
ENSG00000064601.11 20 44519591 44519591 + 2 506961 20_internal_5885 20 45026552 45040378 156 133.346 1.00003 1.82011 0.753137 -0.0258693 0.930348 0.931788
ENSG00000124257.6 20 44519926 44519926 - 2 789845 20_internal_5447 20 43724414 43730081 156 167.989 0.999984 2.03941 0.189784 0.107238 0.323383 0.322129
ENSG00000100979.10 20 44540794 44540794 - 2 -485758 20_internal_5885 20 45026552 45040378 156 161.621 1.00002 1.93255 0.529342 -0.0508461 0.761194 0.759839
ENSG00000100982.7 20 44563267 44563267 + 2 -833186 20_internal_5447 20 43724414 43730081 156 153.928 0.999988 2.00142 0.645723 0.0344737 0.875622 0.876233
ENSG00000198026.6 20 44600833 44600833 - 2 -425719 20_internal_5885 20 45026552 45040378 156 151.262 1.00003 1.81622 0.260989 0.0849202 0.447761 0.433081
ENSG00000100985.7 20 44637547 44637547 + 2 -907466 20_internal_5447 20 43724414 43730081 156 179.004 1.00002 2.27518 0.130741 0.118351 0.223881 0.223887
ENSG00000124140.7 20 44650329 44650329 + 2 -920248 20_internal_5447 20 43724414 43730081 156 128.289 0.999999 1.73289 0.139579 0.114523 0.293532 0.29172
ENSG00000204044.5 20 44650712 44650712 - 2 920631 20_internal_5447 20 43724414 43730081 156 189.18 0.999985 2.732 0.0951493 0.131463 0.18408 0.170228
ENSG00000124160.7 20 44718591 44718591 - 2 988510 20_internal_5447 20 43724414 43730081 156 147.941 0.99999 2.14471 0.613144 0.0412815 0.865672 0.876231
ENSG00000101017.9 20 44746911 44746911 + 1 279641 20_internal_5885 20 45026552 45040378 156 165.521 0.999984 1.05018 0.776199 -0.0222028 0.78607 0.786001
ENSG00000080189.10 20 44993043 44993043 - 3 -33509 20_internal_5885 20 45026552 45040378 156 145.016 0.99996 2.55666 0.597126 0.0395914 0.920398 0.910179
ENSG00000062598.13 20 45061704 45061704 - 3 21326 20_internal_5885 20 45026552 45040378 156 156.198 1.00004 2.63575 0.0143148 0.194564 0.0497512 0.0371259
ENSG00000198185.7 20 45142198 45142198 - 3 101820 20_internal_5885 20 45026552 45040378 156 150.546 0.999993 2.56119 0.559116 -0.0461995 0.885572 0.882156
ENSG00000158296.9 20 45304714 45304714 - 4 -626900 20_internal_5019 20 45931614 45992314 156 165.049 1.00004 4.13672 0.176207 0.109007 0.532338 0.523645
ENSG00000172315.5 20 45318418 45318418 - 4 -625084 20_internal_4608 20 45943502 45961288 156 133.316 0.999995 3.48217 0.297491 0.0817898 0.751244 0.759225
ENSG00000267882.1 20 45947246 45947246 + 5 404296 20_internal_4854 20 46351542 46381443 156 184.26 1.00002 5.97026 0.251604 -0.0886322 0.781095 0.760072
ENSG00000231119.2 20 45981305 45981305 + 5 0 20_internal_5019 20 45931614 45992314 156 139.608 0.999959 4.45008 0.430097 0.0658685 0.920398 0.933143
ENSG00000101040.15 20 45985567 45985567 - 5 -172601 20_internal_4943 20 46158168 46191315 156 161.439 0.999961 4.9589 0.0282383 -0.172904 0.154229 0.120754
ENSG00000124151.13 20 46130601 46130601 + 5 27567 20_internal_4943 20 46158168 46191315 156 157.904 0.999944 4.93672 0.0399242 0.165221 0.174129 0.177174
ENSG00000229853.1 20 46260182 46260182 - 5 68867 20_internal_4943 20 46158168 46191315 156 148.444 0.999943 4.68553 0.210026 0.100543 0.721393 0.690565
ENSG00000255438.2 20 46306645 46306645 + 5 44897 20_internal_4854 20 46351542 46381443 156 166.07 0.999953 5.0828 5.89041e-18 0.585397 0.00497512 2.60316e-18
ENSG00000196562.10 20 46415360 46415360 - 5 33917 20_internal_4854 20 46351542 46381443 156 163.952 0.999956 4.54675 1.53505e-18 0.605389 0.00497512 9.47822e-19
ENSG00000251876.1 20 47355985 47355985 - 3 0 20_internal_7400 20 47059488 47522179 156 149.632 0.999995 2.89706 0.0489702 0.158676 0.174129 0.148144
ENSG00000124126.9 20 47444420 47444420 - 2 0 20_internal_7400 20 47059488 47522179 156 130.818 1.00002 1.80462 0.00162839 0.25003 0.0149254 0.00706519
ENSG00000124198.8 20 47538427 47538427 + 2 17316 20_internal_4620 20 47555743 47557508 156 162.795 0.999975 2.00152 0.541451 -0.0496477 0.791045 0.781933
ENSG00000230758.1 20 47655139 47655139 - 2 132960 20_internal_7400 20 47059488 47522179 156 158.239 0.999969 1.85538 0.524519 -0.0509206 0.716418 0.745338
ENSG00000227431.1 20 47662581 47662581 - 2 105073 20_internal_4620 20 47555743 47557508 156 135.54 1 1.88132 0.140665 0.116226 0.278607 0.295311
ENSG00000124207.12 20 47662849 47662849 + 2 -140670 20_internal_7400 20 47059488 47522179 156 171.935 0.999965 2.16735 0.443486 -0.061495 0.696517 0.694108
ENSG00000226284.1 20 47751017 47751017 + 2 -228838 20_internal_7400 20 47059488 47522179 156 158.62 1.00001 2.06905 0.642334 0.0374376 0.880597 0.87891
ENSG00000124214.15 20 47804904 47804904 - 2 282725 20_internal_7400 20 47059488 47522179 156 119.346 0.99997 1.57969 0.289484 -0.0848488 0.502488 0.499087
ENSG00000124228.10 20 47835884 47835884 + 2 -278376 20_internal_4620 20 47555743 47557508 156 170.046 1.00002 2.04716 0.56147 0.046476 0.78607 0.79989
ENSG00000177410.8 20 47894715 47894715 + 2 -372536 20_internal_7400 20 47059488 47522179 156 166.496 0.999958 2.20242 0.495989 0.0533119 0.766169 0.764933
ENSG00000124201.10 20 47894963 47894963 - 2 337455 20_internal_4620 20 47555743 47557508 156 160.052 0.999995 2.00831 0.724375 -0.0288295 0.930348 0.922955
ENSG00000209042.1 20 47895477 47895477 + 2 -337969 20_internal_4620 20 47555743 47557508 156 108.514 0.999971 1.83047 0.153309 0.113588 0.383085 0.386135
ENSG00000222365.1 20 47896856 47896856 + 2 -339348 20_internal_4620 20 47555743 47557508 156 182.036 0.999977 2.1001 0.0946317 0.128482 0.154229 0.143156
ENSG00000212304.1 20 47897220 47897220 + 2 -339712 20_internal_4620 20 47555743 47557508 156 157.935 1.00003 2.00767 0.0065782 0.216199 0.0149254 0.012508
ENSG00000158470.5 20 48330415 48330415 - 3 808236 20_internal_7400 20 47059488 47522179 156 156.488 1.00003 3.18382 0.0245396 0.185617 0.0895522 0.0753772
ENSG00000252540.1 20 48411348 48411348 + 3 -889169 20_internal_7400 20 47059488 47522179 156 144.3 1.00002 2.89054 0.364228 -0.0691118 0.746269 0.75226
ENSG00000197818.7 20 48429250 48429250 + 4 991527 20_internal_5326 20 49420777 49435829 156 154.522 1.00005 3.7616 0.501969 -0.0545217 0.940299 0.928463
ENSG00000252123.1 20 48444529 48444529 + 4 976248 20_internal_5326 20 49420777 49435829 156 186.271 1.00003 4.09287 0.0622175 -0.149086 0.19403 0.159372
ENSG00000237788.1 20 48445662 48445662 + 4 -923483 20_internal_7400 20 47059488 47522179 156 149.464 1.00003 3.70672 0.42937 0.0626919 0.880597 0.88283
ENSG00000158480.6 20 48532080 48532080 - 4 -991985 20_internal_5568 20 49524065 49527411 156 142.35 1.00003 3.25756 0.054144 0.149388 0.18408 0.199083
ENSG00000124226.7 20 48552948 48552948 + 4 867829 20_internal_5326 20 49420777 49435829 156 170.351 0.999961 4.71133 0.416923 0.0659409 0.895522 0.90718
ENSG00000239157.1 20 48556937 48556937 - 4 -967128 20_internal_5568 20 49524065 49527411 156 165.902 1.00001 4.63969 0.250861 0.091489 0.716418 0.713731
ENSG00000229222.1 20 48573282 48573282 + 3 950783 20_internal_5568 20 49524065 49527411 156 140.872 1.00003 2.82822 0.550722 0.0476723 0.910448 0.908551
ENSG00000124216.3 20 48599536 48599536 + 3 821241 20_internal_5326 20 49420777 49435829 156 151.78 0.999982 2.8918 0.069346 0.139292 0.199005 0.197444
ENSG00000244687.7 20 48732496 48732496 - 3 -791569 20_internal_5568 20 49524065 49527411 156 158.102 0.999967 2.98239 0.548319 0.0460592 0.920398 0.904885
ENSG00000124208.16 20 48770174 48770174 - 3 -650603 20_internal_5326 20 49420777 49435829 156 142.868 1.00005 2.70371 0.303662 -0.0805376 0.656716 0.654461
ENSG00000240849.6 20 48770335 48770335 - 3 -188971 20_internal_5845 20 48959306 49004839 156 142.807 1.00001 2.79759 0.107843 -0.126655 0.338308 0.309494
ENSG00000234698.1 20 48782899 48782899 + 3 637878 20_internal_5326 20 49420777 49435829 156 184.961 0.999979 3.16891 0.27027 -0.0856623 0.542289 0.56294
ENSG00000172216.4 20 48807376 48807376 + 3 151930 20_internal_5845 20 48959306 49004839 156 188.312 1.00004 3.92748 0.281884 0.0827702 0.651741 0.654274
ENSG00000224397.1 20 48884023 48884023 + 3 536754 20_internal_5326 20 49420777 49435829 156 161.393 0.999995 2.82246 0.271627 -0.0885425 0.587065 0.578161
ENSG00000203999.4 20 48909257 48909257 + 3 50049 20_internal_5845 20 48959306 49004839 156 173.474 1.00003 3.62762 0.0630454 0.145984 0.149254 0.169566
ENSG00000233077.1 20 48937879 48937879 - 3 -21427 20_internal_5845 20 48959306 49004839 156 161.88 1.00004 3.05253 0.0837001 0.134901 0.228856 0.219718
ENSG00000244376.2 20 49046020 49046020 - 3 -478045 20_internal_5568 20 49524065 49527411 156 173.565 1.00002 2.8803 0.0850608 -0.136814 0.223881 0.186762
ENSG00000196396.5 20 49126891 49126891 + 5 980570 20_internal_5340 20 50107461 50154095 156 142.548 0.999996 3.95775 0.367282 0.0714789 0.855721 0.857565
ENSG00000239742.2 20 49174535 49174535 - 6 -967199 20_internal_5468 20 50141734 50149766 156 151.262 1.06075 5.92379 0.0151994 -0.194141 0.0995025 0.0812945
ENSG00000201501.1 20 49179546 49179546 + 6 241231 20_internal_5326 20 49420777 49435829 156 151.673 0.99999 5.31251 0.390417 0.0702928 0.930348 0.931989
ENSG00000232043.1 20 49194578 49194578 - 6 -947156 20_internal_5468 20 50141734 50149766 156 175.866 0.966765 7.87023 0.0736041 -0.141558 0.393035 0.388044
ENSG00000208018.1 20 49202323 49202323 + 6 939411 20_internal_5468 20 50141734 50149766 156 156.061 0.972563 5.42953 0.055866 -0.157887 0.283582 0.279824
ENSG00000042062.7 20 49308065 49308065 - 6 -216000 20_internal_5568 20 49524065 49527411 156 162.916 1.00929 6.24751 0.258355 0.0945582 0.835821 0.829295
ENSG00000124171.4 20 49348081 49348081 + 6 759872 20_internal_4750 20 50107953 50129907 156 175.241 0.958085 6.97995 0.000963239 0.261823 0.0149254 0.0041932
ENSG00000124243.12 20 49411431 49411431 + 6 696522 20_internal_4750 20 50107953 50129907 156 149.678 1.03759 6.17985 0.190675 0.10697 0.726368 0.736016
ENSG00000230043.1 20 49457286 49457286 - 6 -650667 20_internal_4750 20 50107953 50129907 156 188.998 0.929774 7.03455 0.327406 0.081097 0.910448 0.91239
ENSG00000228663.1 20 49530268 49530268 + 6 577193 20_internal_5340 20 50107461 50154095 156 176.536 0.988706 7.38386 0.110704 0.127947 0.457711 0.505537
ENSG00000259456.1 20 49547521 49547521 + 6 -542682 20_internal_5845 20 48959306 49004839 156 154.446 0.977633 6.23905 0.243346 -0.0925239 0.81592 0.83323
ENSG00000101126.9 20 49547958 49547958 - 6 -559503 20_internal_5340 20 50107461 50154095 156 148.002 0.999992 5.02233 0.307384 0.0839568 0.845771 0.856025
ENSG00000000419.8 20 49575092 49575092 - 6 -532861 20_internal_4750 20 50107953 50129907 156 174.038 0.918683 7.25911 0.364571 -0.0716867 0.960199 0.956836
ENSG00000124217.3 20 49575363 49575363 + 6 -47952 20_internal_5568 20 49524065 49527411 156 175.546 0.969411 6.58014 0.17154 -0.107617 0.666667 0.6605
ENSG00000101096.14 20 50179168 50179168 - 7 25073 20_internal_5340 20 50107461 50154095 156 163.358 0.998682 7.81017 7.63887e-06 0.355734 0.00497512 3.68752e-05
ENSG00000054793.9 20 50385173 50385173 - 8 235407 20_internal_5468 20 50141734 50149766 156 139.014 0.972609 6.98956 0.0919462 0.134627 0.562189 0.5752
ENSG00000233347.1 20 50727588 50727588 - 6 577822 20_internal_5468 20 50141734 50149766 156 153.837 0.973729 5.88433 0.137083 0.115969 0.616915 0.599081
ENSG00000020256.15 20 50820847 50820847 - 6 -101080 20_internal_6173 20 50921927 51834098 156 151.902 0.999993 4.97058 0.00203152 0.235865 0.0248756 0.0115258
ENSG00000182463.8 20 51588946 51588946 + 8 0 20_internal_7496 20 50922116 51920258 156 162.109 1.06672 7.65107 1.4547e-05 0.343383 0.00497512 3.91385e-05
ENSG00000197670.5 20 52169309 52169309 + 8 -875160 20_internal_5728 20 51268801 51294149 156 190.095 0.887884 8.64414 0.000888326 0.258979 0.0149254 0.00434251
ENSG00000235415.1 20 52224893 52224893 + 8 282289 20_internal_5350 20 52507182 52561368 156 145.443 1.02468 7.02258 0.337848 0.0770096 0.960199 0.9519
ENSG00000171940.9 20 52226446 52226446 - 8 0 20_internal_4947 20 52188345 52280157 156 151.628 0.972455 6.74474 0.226519 0.0939823 0.850746 0.839657
ENSG00000241721.1 20 52492096 52492096 - 7 -15086 20_internal_5350 20 52507182 52561368 156 160.052 1.04628 7.36023 7.28752e-05 0.287613 0.00497512 0.000296618
ENSG00000236352.1 20 52556699 52556699 + 7 -238240 20_internal_6290 20 52307994 52318459 156 151.232 1.07391 6.43553 0.00379677 -0.227403 0.00995025 0.0207873
ENSG00000064787.8 20 52687304 52687304 - 7 125936 20_internal_5350 20 52507182 52561368 156 150.135 0.986756 6.58416 0.000169939 0.298063 0.00497512 0.00162625
ENSG00000101132.5 20 52824386 52824386 + 7 -801887 20_internal_5211 20 52015512 52022499 156 159.108 0.946345 6.45843 0.0416114 0.170974 0.233831 0.252486
ENSG00000185834.9 20 53691155 53691155 + 0 NA NA NA NA NA NA NA NA NA NA NA NA NA
ENSG00000124098.9 20 54933971 54933971 + 2 122362 20_internal_5025 20 55056333 55081777 156 208.543 0.999985 2.61605 0.221845 0.1008 0.348259 0.361608
ENSG00000087586.13 20 54967393 54967393 - 2 -42606 20_internal_4778 20 55009999 55018542 156 183.864 0.999994 2.40554 0.608513 -0.0414645 0.865672 0.874547
ENSG00000101138.7 20 54967427 54967427 + 2 88906 20_internal_5025 20 55056333 55081777 156 151.719 0.99999 1.8647 0.0971476 0.133463 0.199005 0.181556
ENSG00000087589.12 20 54987168 54987168 + 2 69165 20_internal_5025 20 55056333 55081777 156 159.108 1.00003 2.06706 0.00272083 0.237549 0.00497512 0.00509064
ENSG00000228601.1 20 55034639 55034639 - 2 -21694 20_internal_5025 20 55056333 55081777 156 170.138 0.999968 2.28616 0.0390059 0.169056 0.079602 0.0696672
ENSG00000212084.2 20 55035413 55035413 - 2 -20920 20_internal_5025 20 55056333 55081777 156 156.64 1.00003 2.06406 0.00886576 0.206023 0.0298507 0.0179274
ENSG00000022277.8 20 55043647 55043647 + 2 12686 20_internal_5025 20 55056333 55081777 156 149.571 1.00004 1.64491 0.198606 0.105721 0.323383 0.318776
ENSG00000238294.1 20 55050699 55050699 + 2 5634 20_internal_5025 20 55056333 55081777 156 153.136 0.999975 2.20218 0.0814774 -0.135179 0.19403 0.176373
ENSG00000124103.8 20 55092243 55092243 + 2 -73701 20_internal_4778 20 55009999 55018542 156 168.309 1.00001 1.98142 0.12935 0.120138 0.21393 0.215217
ENSG00000179467.1 20 55097413 55097413 + 2 -78871 20_internal_4778 20 55009999 55018542 156 163.023 0.99997 2.05719 0.00403961 0.230457 0.00995025 0.00675744
ENSG00000124091.5 20 55100981 55100981 - 2 19204 20_internal_5025 20 55056333 55081777 156 152.862 0.999986 2.10318 0.00356247 0.23577 0.00995025 0.00821622
ENSG00000213714.1 20 55108302 55108302 + 2 -26525 20_internal_5025 20 55056333 55081777 156 156.472 0.99996 2.05272 0.032774 0.173455 0.0447761 0.0656006
ENSG00000214541.3 20 55176757 55176757 + 2 -158215 20_internal_4778 20 55009999 55018542 156 185.235 1.00002 2.13912 0.592528 -0.0438781 0.840796 0.827022
ENSG00000101146.8 20 55926066 55926066 + 5 900440 20_internal_5366 20 56826506 56832300 156 162.155 0.98622 5.50228 0.054524 -0.14 0.253731 0.251473
ENSG00000228995.1 20 55933425 55933425 - 5 914883 20_internal_4778 20 55009999 55018542 156 171.554 0.999962 5.08206 0.115082 -0.131006 0.427861 0.409285
ENSG00000256222.1 20 55934878 55934878 - 5 -876787 20_internal_5666 20 56811665 56886187 156 166.314 1.00003 4.73643 0.0642408 0.147186 0.253731 0.238936
ENSG00000132819.12 20 55966463 55966463 + 5 -884686 20_internal_5025 20 55056333 55081777 156 173.9 0.999997 5.20798 0.0256722 -0.175572 0.119403 0.0925283
ENSG00000218018.2 20 55968118 55968118 - 5 886341 20_internal_5025 20 55056333 55081777 156 159.504 0.999991 5.07464 0.0326779 -0.175802 0.174129 0.146694
ENSG00000124256.10 20 56195632 56195632 - 3 -630986 20_internal_5073 20 56826618 56832535 156 156.914 0.999982 3.06695 0.467717 -0.0586123 0.855721 0.854339
ENSG00000124225.11 20 56286592 56286592 - 4 -540026 20_internal_5073 20 56826618 56832535 156 158.742 0.999961 3.96044 0.199592 0.103483 0.552239 0.577863
ENSG00000124224.11 20 56884495 56884495 - 7 51960 20_internal_5073 20 56826618 56832535 156 151.14 0.975986 6.22906 0.0037843 0.229832 0.0199005 0.0296011
ENSG00000124209.3 20 56884752 56884752 + 7 910625 20_internal_5010 20 57795377 57979121 156 162.231 0.987795 5.71543 0.00362065 0.22949 0.0149254 0.0179985
ENSG00000124164.11 20 56964178 56964178 + 7 237615 20_internal_4760 20 57201793 57210568 156 143.005 0.99994 5.95567 0.0487736 0.155011 0.308458 0.30491
ENSG00000198768.6 20 57090187 57090187 - 7 -111606 20_internal_4760 20 57201793 57210568 156 158.559 1.00182 6.85825 0.0989815 -0.134877 0.512438 0.499612
ENSG00000231290.1 20 57090435 57090435 + 7 602049 20_internal_6512 20 57692484 57783278 156 149.525 1.02945 6.35788 0.0691392 -0.146453 0.353234 0.378097
ENSG00000124222.15 20 57226328 57226328 + 7 522515 20_internal_5209 20 57748843 57758590 156 147.255 0.992546 5.71883 0.0668484 0.148425 0.383085 0.363188
ENSG00000254995.4 20 57226490 57226490 + 7 522353 20_internal_5209 20 57748843 57758590 156 164.882 0.991129 6.9537 0.0816973 0.141733 0.402985 0.415908
ENSG00000215440.7 20 57264187 57264187 + 7 428297 20_internal_6512 20 57692484 57783278 156 147.301 1.05748 6.21133 0.00841482 0.211093 0.0547264 0.052895
ENSG00000254419.1 20 57285851 57285851 + 7 406633 20_internal_6512 20 57692484 57783278 156 141.786 0.991986 5.57859 0.0195161 0.182966 0.134328 0.139205
ENSG00000087460.17 20 57414773 57414773 + 7 380604 20_internal_5010 20 57795377 57979121 156 170.854 0.91335 7.13592 0.0156781 0.194931 0.114428 0.100921
ENSG00000225806.2 20 57463864 57463864 - 7 253296 20_internal_4760 20 57201793 57210568 156 134.702 0.997199 6.3141 0.0365496 0.164634 0.328358 0.287919
ENSG00000101158.7 20 57556296 57556296 + 7 -670109 20_internal_5666 20 56811665 56886187 156 157.92 0.984383 7.86878 0.442672 0.059629 0.99005 0.989869
ENSG00000101160.9 20 57582302 57582302 - 7 -166541 20_internal_5209 20 57748843 57758590 156 134.855 1.00001 5.32454 0.0887717 0.134991 0.472637 0.473971
ENSG00000101162.3 20 57594309 57594309 + 7 201068 20_internal_5010 20 57795377 57979121 156 148.23 1.06408 9.06176 0.219894 -0.10127 0.895522 0.89849
ENSG00000124172.5 20 57607437 57607437 - 7 396869 20_internal_4760 20 57201793 57210568 156 168.98 0.950271 7.27681 0.0622621 -0.148115 0.328358 0.346795
ENSG00000101166.11 20 57617964 57617964 - 7 731777 20_internal_5666 20 56811665 56886187 156 146.6 1.00903 6.50008 0.0374463 0.164527 0.228856 0.248278
ENSG00000124203.5 20 57766075 57766075 + 8 0 20_internal_6512 20 57692484 57783278 156 152.222 0.987732 8.75884 4.52126e-05 0.320377 0.00497512 0.000540462
ENSG00000087495.12 20 58152564 58152564 + 5 -941996 20_internal_4760 20 57201793 57210568 156 149.495 0.999966 4.10795 0.0354657 0.162213 0.18408 0.152726
ENSG00000196074.7 20 58508710 58508710 - 4 750120 20_internal_5209 20 57748843 57758590 156 141.146 1.00003 3.69973 0.154495 0.115283 0.512438 0.510721
ENSG00000196227.6 20 58508819 58508819 + 4 -725541 20_internal_6512 20 57692484 57783278 156 159.352 1.00004 3.61408 0.172 0.110969 0.507463 0.484329
ENSG00000132825.5 20 58515352 58515352 - 4 756762 20_internal_5209 20 57748843 57758590 156 160.555 0.999968 4.05738 0.108904 0.126041 0.368159 0.359127
ENSG00000124215.12 20 58533471 58533471 + 4 119372 20_internal_6106 20 58652843 58689982 156 167.213 0.999969 4.24175 0.0472385 0.1577 0.18408 0.158755
ENSG00000176659.5 20 58630980 58630980 + 4 21863 20_internal_6106 20 58652843 58689982 156 143.66 1 3.28197 0.126869 0.123554 0.373134 0.397354
ENSG00000228340.1 20 58662895 58662895 + 4 0 20_internal_6106 20 58652843 58689982 156 129.797 1.00006 2.97815 0.172107 0.107469 0.502488 0.510137
ENSG00000207802.1 20 58883532 58883532 + 2 -193550 20_internal_6106 20 58652843 58689982 156 153.045 0.999977 1.84478 0.110535 0.126604 0.18408 0.200091
ENSG00000229690.1 20 58989930 58989930 - 1 299948 20_internal_6106 20 58652843 58689982 156 132.463 0.99997 0.793131 0.700871 0.0301356 0.61194 0.639197
ENSG00000235018.1 20 60613012 60613012 - 7 -995775 20_internal_5565 20 61608787 61641988 156 137.612 1.00004 5.22316 0.334985 -0.0763331 0.910448 0.906925
ENSG00000130699.11 20 60640866 60640866 - 7 -656689 20_internal_5963 20 61297555 61377554 156 174.875 0.985249 6.78846 0.177447 -0.10592 0.716418 0.682279
ENSG00000149657.15 20 60697517 60697517 + 7 820669 20_internal_6944 20 61518186 61596423 156 137.033 0.974798 5.32512 0.017264 0.187686 0.129353 0.137211
ENSG00000101182.10 20 60718496 60718496 - 7 0 20_internal_4501 20 60640351 60719976 156 142.563 0.997763 6.20504 0.000468888 0.272542 0.0149254 0.00518911
ENSG00000184402.10 20 60718822 60718822 + 7 578733 20_internal_5963 20 61297555 61377554 156 183.559 0.97776 8.05883 0.286908 0.0843084 0.910448 0.90288
ENSG00000101181.13 20 60758085 60758085 + 8 568678 20_internal_5880 20 61326763 61368451 156 161.21 0.894347 7.30995 0.00731943 -0.218214 0.0895522 0.0656794
ENSG00000130703.11 20 60813580 60813580 + 8 704606 20_internal_6944 20 61518186 61596423 156 172.971 0.935527 8.97498 0.170956 -0.101762 0.766169 0.785707
ENSG00000130706.8 20 60877149 60877149 + 9 731638 20_internal_5565 20 61608787 61641988 156 177.907 1.01313 10.3987 0.239218 0.09516 0.915423 0.910412
ENSG00000226332.2 20 60881381 60881381 - 9 -445382 20_internal_5880 20 61326763 61368451 156 155.985 0.868881 7.88436 0.281453 0.0842108 0.935323 0.941528
ENSG00000130702.9 20 60942368 60942368 - 9 -666419 20_internal_5565 20 61608787 61641988 156 156.64 1.00185 8.45028 0.046117 0.157454 0.313433 0.32549
ENSG00000171858.13 20 60962172 60962172 + 9 -242196 20_internal_4501 20 60640351 60719976 156 140.141 1.0383 7.63611 0.0749218 0.14239 0.522388 0.501957
ENSG00000149679.7 20 60982341 60982341 - 9 -750695 20_internal_4639 20 61733036 61848394 156 159.352 0.966802 7.66847 0.00183981 -0.249932 0.0248756 0.0146514
ENSG00000101187.11 20 61273797 61273797 + 10 -553821 20_internal_4501 20 60640351 60719976 156 129.919 1.07079 7.162 0.0223209 -0.185795 0.228856 0.209595
ENSG00000167046.4 20 61274656 61274656 - 10 -909071 20_internal_5045 20 62183727 62206591 156 188.556 0.851114 11.7877 0.0330388 0.161172 0.293532 0.268904
ENSG00000101188.4 20 61340189 61340189 + 10 0 20_internal_5880 20 61326763 61368451 156 174.525 1.02775 13.4904 3.48857e-23 0.664952 0.00497512 2.73407e-25
ENSG00000223669.1 20 61366699 61366699 - 10 0 20_internal_5880 20 61326763 61368451 156 143.325 0.981261 8.10872 1.83696e-12 0.506207 0.00497512 1.81359e-10
ENSG00000101189.5 20 61427805 61427805 + 10 -50251 20_internal_5963 20 61297555 61377554 156 162.383 0.995074 10.0083 0.0302759 0.17896 0.268657 0.242253
ENSG00000060491.11 20 61436187 61436187 + 10 747540 20_internal_5045 20 62183727 62206591 156 139.242 1.06378 8.46082 0.00396361 0.235244 0.039801 0.0435154
ENSG00000229873.1 20 61436939 61436939 - 10 -746788 20_internal_5045 20 62183727 62206591 156 177.785 0.96974 12.0804 0.0549548 0.150829 0.38806 0.407258
ENSG00000092758.11 20 61447596 61447596 + 10 -70027 20_internal_4654 20 61370283 61377569 156 130.62 1.08216 7.99243 0.0360067 0.161137 0.338308 0.327358
ENSG00000233838.4 20 61476490 61476490 + 10 -208147 20_internal_6591 20 61206249 61268343 156 154.37 1.02433 11.0051 0.0282615 -0.170134 0.268657 0.266908
ENSG00000101190.8 20 61493115 61493115 - 10 124664 20_internal_5880 20 61326763 61368451 156 163.221 1.00205 10.3546 0.00773324 0.206607 0.0597015 0.0642729
ENSG00000101191.12 20 61569304 61569304 - 11 -614423 20_internal_5045 20 62183727 62206591 156 141.086 1.0014 8.78526 0.0308996 0.168325 0.293532 0.301667
ENSG00000101193.6 20 61569471 61569471 + 11 -201020 20_internal_5880 20 61326763 61368451 156 188.038 0.913496 14.1853 0.00360598 -0.225784 0.0199005 0.0283425
ENSG00000101194.13 20 61584052 61584052 + 11 0 20_internal_6944 20 61518186 61596423 156 164.044 0.909151 11.6874 0.000293041 -0.280469 0.0149254 0.00425982
ENSG00000149658.13 20 61847586 61847586 - 12 251163 20_internal_6944 20 61518186 61596423 156 164.943 0.904654 11.5493 0.0562364 -0.156828 0.467662 0.491299
ENSG00000101199.8 20 61904137 61904137 + 12 -55743 20_internal_4639 20 61733036 61848394 156 184.29 0.901762 13.5733 0.0817333 0.13382 0.58209 0.603583
ENSG00000101203.12 20 61924538 61924538 + 12 -656195 20_internal_6591 20 61206249 61268343 156 146.235 0.967021 10.1376 0.0726941 0.147198 0.562189 0.595911
ENSG00000125534.5 20 62152077 62152077 + 12 416597 20_internal_4768 20 62568674 62710079 156 169.406 0.822563 11.4825 0.0478196 0.154733 0.447761 0.458706
ENSG00000101213.5 20 62168723 62168723 - 12 -399951 20_internal_4768 20 62568674 62710079 156 162.916 1.00087 11.541 0.0138958 0.189631 0.149254 0.129131
ENSG00000125531.5 20 62184373 62184373 + 12 0 20_internal_5045 20 62183727 62206591 156 151.399 1.04784 13.2411 0.0189848 0.182997 0.223881 0.223808
ENSG00000241624.1 20 62199958 62199958 - 12 0 20_internal_5045 20 62183727 62206591 156 163.571 0.958011 13.1516 7.43367e-06 0.336855 0.00497512 8.97158e-05
ENSG00000130589.11 20 62205592 62205592 - 12 0 20_internal_5045 20 62183727 62206591 156 189.318 0.885191 14.7133 1.39807e-08 0.429509 0.00497512 5.46438e-08
ENSG00000101216.6 20 62258394 62258394 - 12 51803 20_internal_5045 20 62183727 62206591 156 176.368 0.848892 12.9654 0.0543879 0.148342 0.477612 0.49356
ENSG00000232442.1 20 62258580 62258580 + 12 -662157 20_internal_6944 20 61518186 61596423 156 185.905 0.892925 14.9153 0.0106913 -0.193984 0.104478 0.10437
ENSG00000197457.5 20 62284780 62284780 - 11 916329 20_internal_5880 20 61326763 61368451 156 148.398 0.9319 9.41475 0.00217076 0.253679 0.039801 0.034087
ENSG00000258366.3 20 62289163 62289163 + 11 -920712 20_internal_5880 20 61326763 61368451 156 142.426 1.0334 8.95059 0.0422439 0.157132 0.38806 0.366344
ENSG00000026036.16 20 62290653 62290653 + 11 -922202 20_internal_5880 20 61326763 61368451 156 190.338 0.867241 10.8698 0.0320777 0.161246 0.243781 0.232912
ENSG00000243509.4 20 62328021 62328021 + 11 -731598 20_internal_6944 20 61518186 61596423 156 169.178 0.893661 10.1365 0.000376155 0.2811 0.00497512 0.00428541
ENSG00000197114.6 20 62338794 62338794 + 11 -132203 20_internal_5045 20 62183727 62206591 156 150.424 1.01599 10.2382 0.195486 0.101924 0.905473 0.900343
ENSG00000101246.14 20 62339355 62339355 - 11 742932 20_internal_6944 20 61518186 61596423 156 134.687 1.09002 10.1372 0.0285001 0.17544 0.298507 0.311613
ENSG00000203896.5 20 62366815 62366815 + 11 -459912 20_internal_4676 20 61842313 61906903 156 164.12 0.959059 10.8577 0.205748 0.100926 0.900498 0.910576
ENSG00000125520.8 20 62369623 62369623 + 10 -992054 20_internal_4654 20 61370283 61377569 156 150.15 1.08712 9.24152 0.0730116 0.141047 0.537313 0.491728
ENSG00000229299.2 20 62376042 62376042 + 10 192632 20_internal_4768 20 62568674 62710079 156 140.461 1.02754 9.40303 0.0378642 0.156088 0.368159 0.36279
ENSG00000231208.3 20 62439429 62439429 + 8 201578 20_internal_6387 20 62641007 62686384 156 155.528 0.96908 8.21548 0.0917905 0.136446 0.572139 0.562594
ENSG00000130584.6 20 62462597 62462597 - 8 -106077 20_internal_4768 20 62568674 62710079 156 145.534 1.03184 7.35503 0.0813183 0.137278 0.502488 0.494962
ENSG00000183260.5 20 62492566 62492566 + 8 -285975 20_internal_5045 20 62183727 62206591 156 176.186 0.934681 9.08317 0.0152431 0.190396 0.109453 0.103634
ENSG00000268858.1 20 62493217 62493217 - 8 851229 20_internal_5565 20 61608787 61641988 156 150.455 1.07976 8.85199 0.0793845 0.136364 0.502488 0.508732
ENSG00000101150.11 20 62496596 62496596 + 8 -589693 20_internal_4676 20 61842313 61906903 156 171.646 1.04825 10.2147 0.0827447 0.134975 0.487562 0.494729
ENSG00000101152.6 20 62526518 62526518 + 8 -619615 20_internal_4676 20 61842313 61906903 156 142.761 1.22898 10.1357 0.312083 -0.0808942 0.970149 0.975074
ENSG00000199805.1 20 62540308 62540308 + 8 100699 20_internal_6387 20 62641007 62686384 156 162.779 1.02818 9.09319 0.154743 0.113985 0.766169 0.753098
ENSG00000216141.2 20 62550834 62550834 + 8 90173 20_internal_6387 20 62641007 62686384 156 155.01 0.941555 8.15361 0.0268369 0.175231 0.228856 0.225958
ENSG00000216195.2 20 62551085 62551085 + 8 -344494 20_internal_5045 20 62183727 62206591 156 174.495 0.972178 11.2578 0.0459633 0.156799 0.328358 0.341649
ENSG00000215946.2 20 62551365 62551365 + 8 -954942 20_internal_6944 20 61518186 61596423 156 149.053 1.09563 7.95765 0.185933 0.105966 0.781095 0.799445
ENSG00000223010.1 20 62572897 62572897 - 8 724503 20_internal_4639 20 61733036 61848394 156 127.71 1.00006 5.49528 0.0861807 0.131931 0.502488 0.506672
ENSG00000207554.1 20 62574079 62574079 - 8 977656 20_internal_6944 20 61518186 61596423 156 152.268 1.02016 8.38048 0.188949 -0.101797 0.855721 0.83169
ENSG00000267848.1 20 62585007 62585007 + 8 -678104 20_internal_4676 20 61842313 61906903 156 164.135 1.06684 7.68222 0.107878 0.129742 0.522388 0.52189
ENSG00000198276.8 20 62587769 62587769 - 8 0 20_internal_4768 20 62568674 62710079 156 169.025 0.939682 8.5324 0.00681322 0.203943 0.0447761 0.050309
ENSG00000130590.9 20 62611361 62611361 - 7 969373 20_internal_5565 20 61608787 61641988 156 169.97 0.943494 7.91576 0.140522 -0.118696 0.681592 0.67162
ENSG00000101161.6 20 62612488 62612488 + 7 -764094 20_internal_4639 20 61733036 61848394 156 173.23 0.951707 7.56695 0.0380924 -0.170713 0.21393 0.217873
ENSG00000196421.3 20 62665697 62665697 + 6 0 20_internal_4768 20 62568674 62710079 156 161.515 1.09217 7.22151 0.0380179 -0.161037 0.21393 0.190758
ENSG00000196700.3 20 62680113 62680113 - 6 0 20_internal_4768 20 62568674 62710079 156 157.904 0.993284 5.94046 0.000317235 0.265726 0.00497512 0.0018097
ENSG00000171703.12 20 62681189 62681189 + 6 -774286 20_internal_4676 20 61842313 61906903 156 136.759 1.05274 5.96197 0.250816 0.0888429 0.845771 0.850863
ENSG00000171700.9 20 62711323 62711323 - 6 504732 20_internal_5045 20 62183727 62206591 156 196.097 0.949283 8.62212 0.212401 0.0949982 0.781095 0.796889
ENSG00000125510.11 20 62711526 62711526 + 6 -863132 20_internal_4639 20 61733036 61848394 156 176.886 0.849066 6.45235 0.150942 -0.114372 0.59204 0.647188
ENSG00000171695.6 20 62715712 62715712 - 6 867318 20_internal_4639 20 61733036 61848394 156 140.05 1.1142 6.50193 0.0174958 0.182992 0.129353 0.11471
ENSG00000203880.6 20 62887048 62887048 + 5 -680457 20_internal_5045 20 62183727 62206591 156 156.366 0.999993 5.3428 0.152114 -0.110811 0.572139 0.584631
