ENSG00000230364.1 1 171653578 171653578 - 8 -500135 1_internal_16707 1 172153713 172312889 156 164.699 0.960508 8.54757 0.073292 -0.134797 0.452736 0.459548
ENSG00000117533.10 1 171711387 171711387 - 8 -744496 1_internal_19488 1 172455883 172470596 156 169.543 0.986134 8.55049 0.0216949 -0.180257 0.149254 0.138429
ENSG00000010165.14 1 171750788 171750788 + 10 833976 1_internal_19332 1 172584764 172633152 156 148.017 1.01418 9.57364 0.0307073 -0.167936 0.328358 0.284985
ENSG00000197959.9 1 171810621 171810621 + 11 605255 1_internal_17752 1 172415876 172444901 156 143.401 1.04437 9.23477 0.044446 0.164389 0.38806 0.380527
ENSG00000180999.6 1 172389828 172389828 + 11 397485 1_internal_19345 1 172787313 172797198 156 153.73 1.08631 12.3703 0.252495 -0.092022 0.965174 0.969642
ENSG00000135845.4 1 172413230 172413230 - 12 0 1_internal_17539 1 172398737 172414241 156 161.119 0.88986 10.2421 0.0472631 0.157074 0.41791 0.422273
ENSG00000094975.8 1 172501489 172501489 + 12 285824 1_internal_19345 1 172787313 172797198 156 155.421 1.0083 11.375 0.0752865 -0.141533 0.60199 0.588604
ENSG00000226375.1 1 173144642 173144642 - 12 0 1_internal_16460 1 172722942 173687430 156 158.179 1.09075 15.0854 0.0244039 -0.182262 0.273632 0.261494
ENSG00000117586.6 1 173176452 173176452 - 12 731551 1_internal_17752 1 172415876 172444901 156 152.329 1.07787 12.4562 0.0712486 0.149816 0.597015 0.586854
ENSG00000231615.2 1 173332872 173332872 - 11 597777 1_internal_17537 1 172714436 172735095 156 163.678 0.936648 11.6907 0.0959119 -0.136485 0.656716 0.685022
ENSG00000203739.3 1 173430501 173430501 - 8 985600 1_internal_17752 1 172415876 172444901 156 177.557 0.918369 9.66884 0.165843 -0.114408 0.78607 0.790677
ENSG00000117592.8 1 173446405 173446405 + 7 -649207 1_internal_19345 1 172787313 172797198 156 179.842 0.9072 6.69109 0.0162382 0.182986 0.104478 0.0851022
ENSG00000076321.6 1 173684080 173684080 + 4 0 1_internal_16460 1 172722942 173687430 156 162.139 0.999978 3.82873 0.285821 -0.0868997 0.701493 0.710398
ENSG00000225591.2 1 173710813 173710813 + 4 -23383 1_internal_16460 1 172722942 173687430 156 152.542 0.999994 3.80062 0.490553 -0.0551768 0.915423 0.925705
ENSG00000200674.1 1 173760686 173760686 + 3 -238051 1_internal_17785 1 173397912 173522635 156 166.177 0.999961 2.83823 0.409186 -0.0639217 0.741294 0.758984
ENSG00000117593.8 1 173793641 173793641 + 3 -106211 1_internal_16460 1 172722942 173687430 156 165.689 0.999986 3.37697 0.531207 0.0493602 0.900498 0.915361
ENSG00000120334.11 1 173793858 173793858 - 3 106428 1_internal_16460 1 172722942 173687430 156 138.359 0.999958 2.83706 0.200194 0.107312 0.527363 0.51968
ENSG00000200710.1 1 173833360 173833360 - 2 145930 1_internal_16460 1 172722942 173687430 156 171.554 1.00004 2.18963 0.0664242 -0.143848 0.119403 0.114874
ENSG00000202394.1 1 173833583 173833583 - 2 146153 1_internal_16460 1 172722942 173687430 156 131.107 1.00001 1.71332 0.219314 -0.0948041 0.432836 0.403398
ENSG00000201692.2 1 173834046 173834046 - 2 146616 1_internal_16460 1 172722942 173687430 156 193.553 0.999985 2.39534 0.0413159 -0.16207 0.0597015 0.0542189
ENSG00000200729.1 1 173834570 173834570 - 2 311935 1_internal_17785 1 173397912 173522635 156 157.249 1.00004 2.15748 0.29531 -0.081842 0.557214 0.527244
ENSG00000208317.1 1 173834824 173834824 - 2 147394 1_internal_16460 1 172722942 173687430 156 163.907 1.00004 1.8993 0.3873 -0.0698615 0.60199 0.591043
ENSG00000208313.2 1 173835509 173835509 - 2 312874 1_internal_17785 1 173397912 173522635 156 139.44 0.999974 1.83279 0.219739 -0.0997277 0.412935 0.404057
ENSG00000200016.1 1 173835853 173835853 - 2 148423 1_internal_16460 1 172722942 173687430 156 180.969 1.00003 2.62475 0.142476 -0.112174 0.283582 0.272395
ENSG00000200954.1 1 173836888 173836888 - 2 149458 1_internal_16460 1 172722942 173687430 156 156.807 1.00004 2.10164 0.214073 -0.100146 0.39801 0.395329
ENSG00000185278.9 1 173837220 173837220 + 2 -314585 1_internal_17785 1 173397912 173522635 156 167.7 0.999993 2.01342 0.202969 -0.103909 0.363184 0.340508
ENSG00000234741.2 1 173838020 173838020 - 2 150590 1_internal_16460 1 172722942 173687430 156 172.24 0.999965 2.0735 0.355911 -0.0753957 0.572139 0.56676
ENSG00000117601.9 1 173886516 173886516 - 6 -966185 1_internal_18152 1 174852701 174952817 156 146.692 0.999965 5.66287 0.0419213 0.159213 0.268657 0.245637
ENSG00000200755.1 1 173938574 173938574 - 8 -904629 1_internal_16928 1 174843203 174941909 156 153.502 0.918661 8.25813 0.0593315 -0.151807 0.41791 0.447158
ENSG00000236535.1 1 173985344 173985344 - 8 -857859 1_internal_16928 1 174843203 174941909 156 163.556 0.908831 7.60442 0.225886 -0.0984693 0.840796 0.861847
ENSG00000135870.7 1 173991435 173991435 - 8 -851768 1_internal_16928 1 174843203 174941909 156 156.533 0.959322 6.31858 0.0275806 -0.171673 0.18408 0.175072
ENSG00000224977.1 1 173991647 173991647 + 8 940128 1_internal_15886 1 174931775 174954722 156 181.015 0.917996 7.19034 0.154854 0.114318 0.631841 0.652464
ENSG00000152061.17 1 174128548 174128548 + 8 724153 1_internal_18152 1 174852701 174952817 156 178.455 0.828456 7.0823 1.89856e-05 0.346045 0.00497512 0.000208113
ENSG00000227373.1 1 174129142 174129142 - 8 -754084 1_internal_18314 1 174883226 174946845 156 142.365 0.919132 6.75949 0.29365 -0.0785499 0.920398 0.933002
ENSG00000237317.2 1 174337177 174337177 - 10 -515524 1_internal_18152 1 174852701 174952817 156 169.818 0.958263 9.86403 0.0840666 0.134429 0.547264 0.538089
ENSG00000203737.2 1 174417212 174417212 + 10 466014 1_internal_18314 1 174883226 174946845 156 180.466 0.903278 11.4441 0.0025784 0.241888 0.0248756 0.021146
ENSG00000223828.1 1 174726257 174726257 - 8 -126444 1_internal_18152 1 174852701 174952817 156 186.636 0.963303 9.18087 0.0365857 -0.16682 0.21393 0.200377
ENSG00000231378.1 1 174819306 174819306 - 8 -23897 1_internal_16928 1 174843203 174941909 156 166.618 0.914773 6.85716 0.00709591 -0.208928 0.0646766 0.0496021
ENSG00000237249.1 1 174861554 174861554 + 8 274943 1_internal_17589 1 175136497 175161290 156 178.41 0.966715 8.94953 0.408761 -0.0664268 0.99005 0.986445
ENSG00000223525.1 1 174866095 174866095 + 8 17131 1_internal_18314 1 174883226 174946845 156 173.002 0.868792 7.11084 0.020244 0.187809 0.119403 0.13878
ENSG00000235869.1 1 174891577 174891577 - 8 0 1_internal_19778 1 174843287 174913916 156 176.155 0.958418 9.59384 0.00608313 0.219445 0.0447761 0.0391966
ENSG00000229531.1 1 174923398 174923398 - 8 9482 1_internal_19778 1 174843287 174913916 156 135.54 1.00703 6.72678 0.0115529 0.197967 0.124378 0.116595
ENSG00000252552.1 1 174965661 174965661 + 8 -34758 1_internal_16943 1 174906803 174930903 156 150.531 1.028 7.27133 0.0916223 0.134992 0.512438 0.513175
ENSG00000116161.13 1 174968300 174968300 + 8 -21455 1_internal_18314 1 174883226 174946845 156 162.871 1.04598 8.6854 0.0129174 -0.19682 0.0646766 0.0812696
ENSG00000120333.4 1 174992561 174992561 - 8 45716 1_internal_18314 1 174883226 174946845 156 166.893 1.05107 8.40278 0.0574322 0.15297 0.348259 0.323389
ENSG00000265365.1 1 175135877 175135877 - 8 -16472 1_internal_16251 1 175152349 175180552 156 154.598 0.914154 6.73362 0.00139758 0.254717 0.0248756 0.0150619
ENSG00000235750.5 1 175162135 175162135 - 8 0 1_internal_16251 1 175152349 175180552 156 163.815 0.874909 7.80332 0.00122109 0.25697 0.0298507 0.013815
ENSG00000224718.1 1 175846479 175846479 + 8 -685189 1_internal_17589 1 175136497 175161290 156 130.193 1.11166 6.48001 0.0676972 0.141081 0.467662 0.427132
ENSG00000227740.1 1 175889649 175889649 - 8 728359 1_internal_17589 1 175136497 175161290 156 162.383 0.975372 8.48787 0.134851 0.119795 0.686567 0.693854
ENSG00000230777.1 1 175891111 175891111 + 8 -729821 1_internal_17589 1 175136497 175161290 156 175.028 0.993459 8.80271 0.266474 0.0856076 0.900498 0.910729
ENSG00000252906.1 1 175937676 175937676 - 6 984859 1_internal_18152 1 174852701 174952817 156 155.848 1.00005 5.31804 0.248273 0.0900646 0.79602 0.781123
ENSG00000228686.2 1 175986413 175986413 + 2 -825123 1_internal_17589 1 175136497 175161290 156 184.397 1.00003 2.31279 0.347499 0.0762489 0.547264 0.571719
ENSG00000143207.15 1 176176629 176176629 - 1 996077 1_internal_16251 1 175152349 175180552 156 170.61 0.999968 1.1839 0.301469 0.0829454 0.308458 0.322014
ENSG00000236021.1 1 176176784 176176784 + 1 -996232 1_internal_16251 1 175152349 175180552 156 175.805 1 0.99918 0.926372 0.00761437 0.930348 0.921674
ENSG00000120341.11 1 177939348 177939348 - 2 -571096 1_internal_18961 1 178510444 178578788 156 157.143 1.00002 1.93237 0.160311 0.112681 0.283582 0.284021
ENSG00000242193.4 1 178007085 178007085 - 2 -503359 1_internal_18961 1 178510444 178578788 156 153.182 0.999959 1.857 0.486564 0.0550873 0.741294 0.714185
ENSG00000254154.3 1 178007142 178007142 - 2 -503302 1_internal_18961 1 178510444 178578788 156 125.866 1.00002 1.67346 0.353646 0.0770355 0.572139 0.580484
ENSG00000075391.12 1 178062864 178062864 + 2 447580 1_internal_18961 1 178510444 178578788 156 176.277 1.00003 2.05749 0.000816833 0.267415 0.00995025 0.00076692
ENSG00000224687.1 1 178063119 178063119 - 2 37259 1_internal_19965 1 178006652 178025860 156 158.955 1.00003 1.86056 0.524602 0.0503808 0.726368 0.745444
ENSG00000226585.1 1 178333230 178333230 - 3 307370 1_internal_19965 1 178006652 178025860 156 154.309 1.00003 3.03729 0.33061 0.0804997 0.701493 0.708034
ENSG00000213058.3 1 178380751 178380751 + 3 129693 1_internal_18961 1 178510444 178578788 156 171.783 0.999993 3.24069 0.364483 -0.0750027 0.766169 0.741418
ENSG00000213057.4 1 178511887 178511887 + 3 -486027 1_internal_19965 1 178006652 178025860 156 158.118 0.999985 3.13229 0.0621261 -0.143144 0.179104 0.177218
ENSG00000184909.8 1 178511950 178511950 + 3 -486090 1_internal_19965 1 178006652 178025860 156 159.016 0.999984 2.97388 0.0879037 -0.137641 0.21393 0.231873
ENSG00000116191.12 1 178694300 178694300 + 5 402450 1_internal_16700 1 179096750 179113185 156 170.351 0.99995 4.92741 0.139409 0.11274 0.447761 0.474553
ENSG00000228196.1 1 178716889 178716889 - 5 -379861 1_internal_16700 1 179096750 179113185 156 183.437 0.933098 5.66826 0.0161606 0.191467 0.0646766 0.0628613
ENSG00000116194.7 1 178840187 178840187 - 5 261399 1_internal_18961 1 178510444 178578788 156 136.348 0.999947 3.96508 0.0414063 -0.160148 0.218905 0.206375
ENSG00000116199.7 1 178994939 178994939 + 5 560276 1_internal_16084 1 179555215 179713843 156 181 0.99999 5.33817 0.191945 0.103836 0.597015 0.605174
ENSG00000232750.2 1 179004787 179004787 - 5 -550428 1_internal_16084 1 179555215 179713843 156 156.091 1.09017 6.14456 0.0049585 -0.223471 0.0298507 0.0211757
ENSG00000186283.9 1 179050512 179050512 + 4 504703 1_internal_16084 1 179555215 179713843 156 167.532 1.00003 4.40966 0.0935934 0.137386 0.323383 0.315072
ENSG00000234041.1 1 179106899 179106899 + 4 -528111 1_internal_18961 1 178510444 178578788 156 162.871 1.00003 3.92207 0.145656 -0.117342 0.442786 0.439043
ENSG00000231905.2 1 179152869 179152869 + 4 -574081 1_internal_18961 1 178510444 178578788 156 130.879 0.999955 3.38313 0.0703517 -0.1479 0.278607 0.293294
ENSG00000212338.1 1 179165608 179165608 + 4 512834 1_internal_19825 1 179678442 179802549 156 118.752 0.99998 3.07501 0.0979182 -0.129171 0.412935 0.391008
ENSG00000201619.1 1 179170622 179170622 + 4 384593 1_internal_16084 1 179555215 179713843 156 158.118 1.00003 3.49739 0.0381015 -0.170075 0.149254 0.122932
ENSG00000231564.1 1 179170840 179170840 + 4 -57655 1_internal_16700 1 179096750 179113185 156 201.139 0.918521 5.38252 0.0626359 0.150471 0.19403 0.203019
ENSG00000225711.1 1 179190073 179190073 + 4 365142 1_internal_16084 1 179555215 179713843 156 162.627 1.00004 4.50536 0.159447 -0.115594 0.537313 0.521249
ENSG00000143322.15 1 179198819 179198819 - 4 85634 1_internal_16700 1 179096750 179113185 156 147.987 0.999959 3.88845 0.0235802 0.176995 0.124378 0.102655
ENSG00000057252.8 1 179262925 179262925 + 4 415517 1_internal_19825 1 179678442 179802549 156 177.389 1 4.68876 0.264784 0.0880874 0.696517 0.713975
ENSG00000162779.15 1 179334855 179334855 + 4 -756067 1_internal_18961 1 178510444 178578788 156 179.705 1.00001 4.82477 0.246531 0.0886077 0.676617 0.686104
ENSG00000236539.3 1 179426450 179426450 - 4 847662 1_internal_18961 1 178510444 178578788 156 163.693 1 4.30531 0.341209 0.0785033 0.835821 0.821153
ENSG00000258664.1 1 179834311 179834311 - 3 31762 1_internal_19825 1 179678442 179802549 156 164.181 1.00001 3.26942 0.408892 0.063637 0.810945 0.808503
ENSG00000169905.7 1 179846934 179846934 - 3 44385 1_internal_19825 1 179678442 179802549 156 146.128 1.00003 2.95412 0.601378 0.0415392 0.930348 0.939531
ENSG00000143337.12 1 179851177 179851177 + 3 -48628 1_internal_19825 1 179678442 179802549 156 158.102 1.00004 3.41023 0.00297985 0.229441 0.0149254 0.00948545
ENSG00000264916.1 1 179869397 179869397 + 3 -66848 1_internal_19825 1 179678442 179802549 156 163.038 1.00003 3.36447 0.427015 0.0620481 0.810945 0.836972
ENSG00000261831.1 1 179910931 179910931 - 3 108382 1_internal_19825 1 179678442 179802549 156 182.432 1.00002 3.54307 0.166197 0.111799 0.402985 0.399935
ENSG00000260360.1 1 179923575 179923575 - 3 209732 1_internal_16084 1 179555215 179713843 156 151.384 0.999994 2.9763 0.669994 -0.0335606 0.970149 0.96463
ENSG00000135837.11 1 179923873 179923873 + 3 -210030 1_internal_16084 1 179555215 179713843 156 169.3 0.999986 3.32515 0.145759 -0.113242 0.393035 0.369739
ENSG00000235145.2 1 179937821 179937821 + 3 -135272 1_internal_19825 1 179678442 179802549 156 149.693 0.999989 3.04602 0.370795 -0.0710563 0.741294 0.767637
ENSG00000223450.1 1 179969943 179969943 - 3 856758 1_internal_16700 1 179096750 179113185 156 150.653 0.999979 2.72403 0.614176 -0.0404051 0.920398 0.928507
ENSG00000116260.12 1 180123969 180123969 + 2 -321420 1_internal_19825 1 179678442 179802549 156 165.445 0.999964 2.15889 0.179736 0.109748 0.328358 0.326086
ENSG00000121454.4 1 180199421 180199421 + 2 -485578 1_internal_16084 1 179555215 179713843 156 158.087 1.00001 2.00954 0.0420942 0.166388 0.0845771 0.0801792
ENSG00000230124.2 1 180245359 180245359 - 2 531516 1_internal_16084 1 179555215 179713843 156 150.82 0.99997 1.93816 0.0381316 0.166683 0.0746269 0.0788517
ENSG00000235060.1 1 180403935 180403935 + 2 -690092 1_internal_16084 1 179555215 179713843 156 163.922 1.00001 2.37944 0.155517 0.112332 0.298507 0.311887
ENSG00000265435.1 1 180407525 180407525 - 2 604976 1_internal_19825 1 179678442 179802549 156 161.149 0.999992 1.8855 0.550117 -0.0472668 0.766169 0.772114
ENSG00000135847.4 1 180472089 180472089 - 2 669540 1_internal_19825 1 179678442 179802549 156 167.38 0.999983 2.36718 0.338055 -0.0732628 0.59204 0.600024
ENSG00000143324.9 1 180601140 180601140 + 2 -798591 1_internal_19825 1 179678442 179802549 156 159.793 0.999987 2.03195 0.496241 0.055776 0.736318 0.746486
ENSG00000206753.1 1 180727858 180727858 + 1 -925309 1_internal_19825 1 179678442 179802549 156 133.697 0.999979 0.887235 0.899732 -0.0099288 0.895522 0.878631
ENSG00000266825.1 1 180797128 180797128 - 1 994579 1_internal_19825 1 179678442 179802549 156 156.716 1.00002 1.01976 0.319971 -0.0803478 0.318408 0.324002
ENSG00000225857.1 1 180875787 180875787 + 0 NA NA NA NA NA NA NA NA NA NA NA NA NA
ENSG00000135835.6 1 180882290 180882290 + 0 NA NA NA NA NA NA NA NA NA NA NA NA NA
ENSG00000232586.1 1 180924023 180924023 - 0 NA NA NA NA NA NA NA NA NA NA NA NA NA
ENSG00000251520.1 1 180933647 180933647 + 0 NA NA NA NA NA NA NA NA NA NA NA NA NA
ENSG00000234237.2 1 180941695 180941695 + 0 NA NA NA NA NA NA NA NA NA NA NA NA NA
ENSG00000243155.1 1 180945618 180945618 - 0 NA NA NA NA NA NA NA NA NA NA NA NA NA
ENSG00000135823.9 1 180992047 180992047 - 0 NA NA NA NA NA NA NA NA NA NA NA NA NA
ENSG00000153029.10 1 181003067 181003067 + 0 NA NA NA NA NA NA NA NA NA NA NA NA NA
ENSG00000162783.8 1 181057638 181057638 + 0 NA NA NA NA NA NA NA NA NA NA NA NA NA
ENSG00000135821.11 1 182361341 182361341 - 3 -208813 1_internal_17562 1 182570154 182602266 156 168.705 1 3.26896 0.325066 0.0809996 0.701493 0.697115
ENSG00000203730.2 1 182369751 182369751 - 3 -632451 1_internal_18223 1 183002202 183189822 156 179.644 1.00003 3.75358 0.140057 0.117873 0.358209 0.363069
ENSG00000203729.4 1 182376756 182376756 + 3 193398 1_internal_17562 1 182570154 182602266 156 175.302 0.999987 3.77935 0.172759 0.106156 0.462687 0.454859
ENSG00000121446.11 1 182419256 182419256 + 3 150898 1_internal_17562 1 182570154 182602266 156 151.811 0.99997 2.85646 0.354665 0.0734913 0.706468 0.722054
ENSG00000135828.7 1 182558391 182558391 - 5 -688641 1_internal_23258 1 183247032 183593002 156 147.195 0.999989 5.05024 0.132702 -0.11919 0.572139 0.544519
ENSG00000143333.6 1 182573543 182573543 - 5 -428659 1_internal_18223 1 183002202 183189822 156 158.818 0.973981 5.3205 0.58739 0.042353 0.99005 0.991056
ENSG00000135838.9 1 182758428 182758428 + 5 243774 1_internal_18223 1 183002202 183189822 156 162.962 0.999961 5.5652 0.142925 0.119817 0.577114 0.551806
ENSG00000135829.12 1 182808504 182808504 + 5 193698 1_internal_18223 1 183002202 183189822 156 147.21 0.999954 4.93937 0.345448 0.0736257 0.880597 0.889224
ENSG00000135862.4 1 182992597 182992597 + 5 9605 1_internal_18223 1 183002202 183189822 156 137.475 0.999942 4.40323 1.51376e-08 0.417174 0.00497512 4.77352e-07
ENSG00000157064.6 1 183387737 183387737 - 6 0 1_internal_23258 1 183247032 183593002 156 144.27 0.978497 5.62969 0.00119486 0.241919 0.0298507 0.0114393
ENSG00000116698.16 1 183441351 183441351 + 6 -251529 1_internal_18223 1 183002202 183189822 156 174.616 0.918368 6.41777 0.259952 0.0916357 0.830846 0.838488
ENSG00000232860.2 1 183441400 183441400 - 6 0 1_internal_17387 1 183435456 183624777 156 153.547 1.02298 5.74746 0.00178657 0.237222 0.00995025 0.00994388
ENSG00000265042.1 1 183479899 183479899 - 7 0 1_internal_23258 1 183247032 183593002 156 160.113 1.00148 7.28041 0.0187755 0.192283 0.124378 0.118707
ENSG00000116701.10 1 183560011 183560011 - 7 0 1_internal_23258 1 183247032 183593002 156 154.035 1.05561 7.32544 0.0108208 0.20284 0.0696517 0.0682569
ENSG00000162704.10 1 183604892 183604892 - 6 11890 1_internal_23258 1 183247032 183593002 156 160.814 1.02594 7.29198 1.3346e-11 0.502588 0.00497512 2.52487e-11
ENSG00000143344.10 1 183605208 183605208 + 6 -12206 1_internal_23258 1 183247032 183593002 156 155.299 0.999944 5.89567 0.0316382 0.177076 0.169154 0.174627
ENSG00000173627.6 1 183622451 183622451 - 6 29449 1_internal_23258 1 183247032 183593002 156 146.357 0.975985 5.38705 0.00263072 0.246886 0.0149254 0.0211961
ENSG00000198756.6 1 184006863 184006863 - 9 -342536 1_internal_16718 1 184349399 184358570 156 159.717 1.04032 9.81548 0.06728 0.139115 0.492537 0.459266
ENSG00000198860.7 1 184020811 184020811 + 9 -507578 1_internal_21751 1 183511105 183513233 156 155.909 0.993223 9.1983 0.016719 -0.191369 0.164179 0.14615
ENSG00000116667.7 1 184356192 184356192 + 10 -763190 1_internal_23258 1 183247032 183593002 156 151.049 0.89414 9.05064 0.0257545 -0.183036 0.273632 0.275202
ENSG00000116406.13 1 184724047 184724047 - 10 -803758 1_internal_16679 1 185527805 185565901 156 175.805 0.8998 11.498 0.0532874 -0.158795 0.39801 0.425567
ENSG00000252222.1 1 184790623 184790623 - 10 -41242 1_internal_18661 1 184831865 184945090 156 188.16 0.974259 12.1007 0.0124175 0.19988 0.0945274 0.0761961
ENSG00000135842.12 1 184943682 184943682 - 10 0 1_internal_19835 1 184459972 184944570 156 147.667 1.02278 8.83381 3.2875e-06 0.356355 0.00497512 4.21493e-05
ENSG00000121481.6 1 185014496 185014496 + 10 -69926 1_internal_19835 1 184459972 184944570 156 158.849 1.02192 11.1846 0.0881041 0.129439 0.59204 0.621726
ENSG00000232792.2 1 185041167 185041167 - 10 -486638 1_internal_16679 1 185527805 185565901 156 144.696 1.07793 8.95615 0.0900053 0.136166 0.61194 0.588215
ENSG00000121486.7 1 185126204 185126204 - 10 -99661 1_internal_16903 1 185225865 185253753 156 180.527 0.773609 8.93894 0.241195 0.0946169 0.930348 0.91545
ENSG00000116668.8 1 185126212 185126212 + 10 402169 1_internal_17471 1 185528381 185565506 156 160.555 0.999262 9.08337 0.0251812 0.178211 0.228856 0.191826
ENSG00000231084.2 1 185140842 185140842 - 10 -386963 1_internal_16679 1 185527805 185565901 156 147.118 0.994951 8.48647 0.0383328 -0.159572 0.313433 0.321531
ENSG00000213051.3 1 185196832 185196832 - 10 -29033 1_internal_16903 1 185225865 185253753 156 164.333 1.02163 10.8069 0.0444898 0.16102 0.328358 0.340513
ENSG00000233583.1 1 185233488 185233488 - 10 -294317 1_internal_16679 1 185527805 185565901 156 184.077 0.960843 13.4426 0.13792 -0.117799 0.80597 0.793246
ENSG00000252612.1 1 185235667 185235667 + 10 0 1_internal_18327 1 185208529 185267890 156 138.48 1.08669 7.89608 0.0554303 -0.150239 0.402985 0.402158
ENSG00000238061.2 1 185249976 185249976 + 10 -441665 1_internal_20415 1 184790880 184808311 156 136.363 1.00956 8.01876 0.0072666 -0.21756 0.0945274 0.090632
ENSG00000116679.11 1 185286461 185286461 - 11 -241920 1_internal_17471 1 185528381 185565506 156 156.64 0.868797 8.04204 0.00143765 0.250433 0.0248756 0.021144
ENSG00000261024.1 1 185304171 185304171 - 11 -224210 1_internal_17471 1 185528381 185565506 156 148.748 1.08864 9.55128 0.0013781 0.248821 0.00995025 0.0113899
ENSG00000116690.7 1 186265405 186265405 + 5 -699504 1_internal_16679 1 185527805 185565901 156 164.044 1.00001 4.74554 0.226349 -0.095771 0.671642 0.682415
ENSG00000202025.1 1 186281060 186281060 - 4 715554 1_internal_17471 1 185528381 185565506 156 140.278 1.00001 3.35871 0.137445 0.123029 0.472637 0.441101
ENSG00000047410.8 1 186344825 186344825 - 4 778924 1_internal_16679 1 185527805 185565901 156 176.612 0.999978 4.67615 0.19774 -0.107873 0.58209 0.582688
ENSG00000157181.10 1 186344890 186344890 + 4 -50326 1_internal_17157 1 186256701 186294564 156 170.534 0.999987 4.17348 0.142765 -0.116108 0.432836 0.428317
ENSG00000268662.1 1 186365908 186365908 - 4 800007 1_internal_16679 1 185527805 185565901 156 137.475 1.00001 3.60197 0.272789 -0.0886038 0.736318 0.728019
ENSG00000262180.1 1 186369704 186369704 + 4 -75140 1_internal_17157 1 186256701 186294564 156 151.491 0.999981 3.95144 0.181801 0.106225 0.562189 0.561421
ENSG00000229739.1 1 186420213 186420213 + 4 -775908 1_internal_17175 1 185615241 185644305 156 154.568 1.00002 3.75567 0.0891895 0.139853 0.313433 0.300212
ENSG00000116703.12 1 186430254 186430254 - 4 785949 1_internal_17175 1 185615241 185644305 156 143.249 0.999968 3.7398 0.475298 0.0581861 0.915423 0.921725
ENSG00000073756.7 1 186649559 186649559 - 1 354995 1_internal_17157 1 186256701 186294564 156 188.068 1.00002 0.978412 0.163212 0.113019 0.119403 0.123129
ENSG00000116711.8 1 186798085 186798085 + 1 -503521 1_internal_17157 1 186256701 186294564 156 186.499 1.00001 1.02472 0.728242 -0.0280919 0.721393 0.712705
ENSG00000236030.1 1 187061974 187061974 + 1 -767410 1_internal_17157 1 186256701 186294564 156 118.051 1.00002 0.823388 0.832339 0.016967 0.81592 0.794865
ENSG00000230987.2 1 189962227 189962227 - 0 NA NA NA NA NA NA NA NA NA NA NA NA NA
ENSG00000150681.5 1 192127587 192127587 + 3 730028 1_internal_18102 1 192857615 192874929 156 152.923 0.999968 2.97146 0.122795 -0.125153 0.323383 0.331093
ENSG00000226723.2 1 192216617 192216617 - 3 -297354 1_internal_21910 1 192513971 192579571 156 136.165 0.999966 2.38655 0.249392 0.091755 0.557214 0.546439
ENSG00000232498.1 1 192536347 192536347 - 6 0 1_internal_21910 1 192513971 192579571 156 136.85 1.0824 5.99226 0.0275654 0.177744 0.189055 0.182297
ENSG00000090104.7 1 192544857 192544857 + 6 0 1_internal_21910 1 192513971 192579571 156 146.996 1.00004 5.26723 4.38301e-11 0.50091 0.00497512 8.34578e-10
ENSG00000127074.10 1 192605275 192605275 + 6 -25704 1_internal_21910 1 192513971 192579571 156 147.134 1.00002 4.95124 0.000510682 0.278568 0.0149254 0.00365473
ENSG00000231767.2 1 192685313 192685313 + 6 -106145 1_internal_16450 1 192484398 192579168 156 170.762 0.96845 6.73026 0.0993315 0.132371 0.477612 0.463321
ENSG00000116741.6 1 192778169 192778169 + 6 652987 1_internal_16891 1 193431156 198907506 156 193.888 1.03973 7.45289 0.127939 -0.121952 0.492537 0.485012
ENSG00000234871.1 1 192917387 192917387 - 6 338219 1_internal_16450 1 192484398 192579168 156 149.541 0.968906 5.46053 0.268689 -0.0883621 0.835821 0.839481
ENSG00000234473.1 1 192963807 192963807 - 6 -467349 1_internal_16891 1 193431156 198907506 156 154.37 1.04079 6.01987 0.252089 0.0943659 0.820896 0.819609
ENSG00000238754.1 1 193026545 193026545 - 6 151616 1_internal_18102 1 192857615 192874929 156 180.345 1.01519 7.30137 0.0845974 -0.138073 0.368159 0.374211
ENSG00000116747.8 1 193028552 193028552 + 6 402604 1_internal_16891 1 193431156 198907506 156 187.931 0.87223 6.48088 0.0805809 -0.131613 0.363184 0.368766
ENSG00000116750.8 1 193029237 193029237 - 6 154308 1_internal_18102 1 192857615 192874929 156 153.898 0.955589 5.4781 0.225772 0.0920066 0.78607 0.772856
ENSG00000023572.4 1 193075244 193075244 - 6 -305326 1_internal_20846 1 193380570 193510831 156 161.621 0.931334 5.86943 0.223155 0.0944816 0.791045 0.779521
ENSG00000134371.9 1 193091147 193091147 + 6 -511576 1_internal_21910 1 192513971 192579571 156 138.983 0.983284 5.44467 0.0858919 0.135828 0.482587 0.461342
ENSG00000221680.1 1 193105633 193105633 + 6 -526062 1_internal_21910 1 192513971 192579571 156 160.494 1.09223 7.67322 0.265905 0.0852009 0.855721 0.884721
ENSG00000162630.5 1 193155784 193155784 - 6 -224786 1_internal_20846 1 193380570 193510831 156 143.965 0.999962 5.21631 0.190221 0.104995 0.686567 0.704335
ENSG00000232077.1 1 193273875 193273875 + 6 106695 1_internal_20846 1 193380570 193510831 156 153.684 0.991574 5.89683 0.231506 0.101036 0.79602 0.796291
ENSG00000233057.1 1 194158097 194158097 + 3 0 1_internal_18413 1 193380451 198675224 156 152.191 1.00001 2.97381 0.196644 -0.101366 0.482587 0.489228
ENSG00000000971.11 1 196621008 196621008 + 2 0 1_internal_16891 1 193431156 198907506 156 158.788 1.00002 1.92686 0.71362 0.0294625 0.920398 0.908648
ENSG00000066279.12 1 197115824 197115824 - 3 0 1_internal_16891 1 193431156 198907506 156 137.125 1.00005 2.67133 0.154019 -0.118781 0.39801 0.41431
ENSG00000177888.6 1 197169672 197169672 - 3 -901052 1_internal_19161 1 198070724 198168902 156 161.423 0.999966 3.20035 0.0645628 0.145576 0.199005 0.179876
ENSG00000134376.9 1 197170592 197170592 + 3 0 1_internal_18413 1 193380451 198675224 156 147.53 1 2.58064 0.365935 0.0741733 0.686567 0.707947
ENSG00000237861.1 1 197191352 197191352 + 3 0 1_internal_16891 1 193431156 198907506 156 174.053 1.00003 2.98969 0.0794485 0.137817 0.189055 0.179131
ENSG00000207139.1 1 197654870 197654870 - 5 -833433 1_internal_16103 1 198488303 198690390 156 141.741 0.999998 4.24436 0.254109 -0.088716 0.766169 0.747708
ENSG00000213046.3 1 197657890 197657890 + 5 830413 1_internal_16103 1 198488303 198690390 156 158.072 1.00001 5.168 0.166579 0.109942 0.61194 0.603215
ENSG00000235582.2 1 197704766 197704766 + 6 0 1_internal_18413 1 193380451 198675224 156 145.001 1.00001 5.47195 0.295331 -0.0829615 0.855721 0.871882
ENSG00000233040.2 1 197716581 197716581 - 7 0 1_internal_16891 1 193431156 198907506 156 127.771 1.04211 5.92038 0.422296 -0.0663342 0.975124 0.974251
ENSG00000224901.1 1 197726449 197726449 + 7 780393 1_internal_16256 1 198506842 198530078 156 158.133 0.974585 6.67381 0.177755 -0.108993 0.746269 0.731306
ENSG00000213047.7 1 197744826 197744826 - 7 -957635 1_internal_19325 1 198702461 198722074 156 154.995 1.03493 7.19407 0.0489307 -0.152463 0.273632 0.291462
ENSG00000203724.6 1 197871777 197871777 + 8 635065 1_internal_16256 1 198506842 198530078 156 147.316 1.12138 7.85956 0.00610892 -0.213073 0.0447761 0.0400234
ENSG00000151414.10 1 198126093 198126093 + 8 362210 1_internal_16103 1 198488303 198690390 156 154.218 0.925505 7.5631 0.0562288 0.150471 0.363184 0.397761
ENSG00000232824.1 1 198167316 198167316 - 8 -545867 1_internal_16367 1 198713183 199011926 156 144.544 1.09886 6.90411 0.102306 0.129275 0.552239 0.530238
ENSG00000081237.14 1 198607801 198607801 + 8 0 1_internal_18413 1 193380451 198675224 156 148.718 1.01216 6.89871 0.0691806 0.14063 0.393035 0.414798
ENSG00000261573.1 1 198636190 198636190 - 8 106112 1_internal_16256 1 198506842 198530078 156 177.998 0.88087 8.47941 0.226309 0.0962414 0.875622 0.869661
ENSG00000236278.1 1 198649162 198649162 - 8 0 1_internal_16103 1 198488303 198690390 156 165.247 0.973673 7.98303 0.173977 -0.10841 0.781095 0.763753
ENSG00000207975.1 1 198828111 198828111 - 8 659209 1_internal_19161 1 198070724 198168902 156 162.307 1.00798 7.80503 0.0395592 0.165847 0.273632 0.244061
ENSG00000207759.1 1 198828282 198828282 - 8 153058 1_internal_18413 1 193380451 198675224 156 154.355 1.03171 8.36498 0.0471419 0.156151 0.318408 0.324806
ENSG00000229989.2 1 198906558 198906558 - 8 0 1_internal_16620 1 198849108 198938443 156 151.993 1.09679 9.18038 0.00182277 0.248332 0.00995025 0.0124779
ENSG00000233410.1 1 198990166 198990166 - 8 821264 1_internal_19161 1 198070724 198168902 156 156.427 1.02729 8.72821 0.0488572 0.157489 0.363184 0.33978
ENSG00000116833.9 1 199996730 199996730 + 5 409474 1_internal_18894 1 200406204 200501316 156 167.38 1.00001 5.7357 0.0246434 0.179835 0.154229 0.109033
ENSG00000203721.1 1 200343482 200343482 - 4 -62722 1_internal_18894 1 200406204 200501316 156 161.18 0.999978 3.95892 0.0656275 0.149023 0.218905 0.22153
ENSG00000162702.6 1 200379184 200379184 - 4 126454 1_internal_19612 1 200248961 200252730 156 142.304 0.999993 3.4141 0.0708211 0.144621 0.253731 0.260192
ENSG00000118193.7 1 200589862 200589862 - 4 -256770 1_internal_19198 1 200846632 200878089 156 169.62 0.99998 4.1437 0.139747 0.120195 0.462687 0.421006
ENSG00000260088.1 1 200638635 200638635 + 4 -483592 1_internal_17581 1 200120682 200155043 156 162.079 0.999954 3.74645 0.0587195 -0.15105 0.174129 0.187773
ENSG00000118197.9 1 200639097 200639097 - 4 137781 1_internal_18894 1 200406204 200501316 156 144.772 0.999946 3.75232 0.146449 -0.116232 0.502488 0.484531
ENSG00000118200.10 1 200708686 200708686 + 4 -207370 1_internal_18894 1 200406204 200501316 156 144.041 1.00004 3.77287 0.0793757 0.144253 0.313433 0.304858
ENSG00000231333.2 1 200832936 200832936 + 4 -677893 1_internal_17581 1 200120682 200155043 156 162.277 1.00003 4.07047 0.0660466 0.139083 0.208955 0.225376
ENSG00000116852.9 1 200992828 200992828 - 5 740098 1_internal_19612 1 200248961 200252730 156 173.52 0.973198 5.73672 0.17003 0.110049 0.606965 0.611727
ENSG00000116857.11 1 201140702 201140702 - 6 887972 1_internal_19612 1 200248961 200252730 156 144.178 1.03193 5.8963 0.232739 -0.0928011 0.825871 0.810521
ENSG00000174307.5 1 201438365 201438365 - 4 937049 1_internal_18894 1 200406204 200501316 156 136.226 0.99997 3.73104 0.276055 -0.0853153 0.741294 0.748003
ENSG00000224536.1 1 201476369 201476369 + 4 -598280 1_internal_19198 1 200846632 200878089 156 178.623 1.00004 4.85556 0.0473061 0.15672 0.154229 0.153575
ENSG00000159176.9 1 201478584 201478584 - 4 600495 1_internal_19198 1 200846632 200878089 156 151.338 0.999981 3.50883 0.348598 0.0732636 0.80597 0.786412
ENSG00000223396.2 1 201487831 201487831 + 4 -986515 1_internal_18894 1 200406204 200501316 156 138.892 1.00006 3.64324 0.0300626 -0.170436 0.149254 0.140499
ENSG00000242150.2 1 201489184 201489184 + 4 -987868 1_internal_18894 1 200406204 200501316 156 140.979 1.00003 3.58521 0.0112973 -0.194926 0.039801 0.0563347
ENSG00000269690.1 1 201592013 201592013 + 3 -713924 1_internal_19198 1 200846632 200878089 156 138.922 0.999972 2.5129 0.010331 0.206991 0.039801 0.038587
ENSG00000134369.11 1 201592411 201592411 + 3 -714322 1_internal_19198 1 200846632 200878089 156 181.716 1.00003 3.4614 0.0636909 0.14849 0.179104 0.148261
ENSG00000235121.1 1 201706634 201706634 - 3 828545 1_internal_19198 1 200846632 200878089 156 193.781 0.999998 3.49554 0.120702 0.126991 0.238806 0.263031
ENSG00000198700.5 1 201798269 201798269 + 3 -920180 1_internal_19198 1 200846632 200878089 156 161.164 1 3.43582 0.0473057 0.154831 0.144279 0.142555
ENSG00000231871.1 1 201798687 201798687 - 3 920598 1_internal_19198 1 200846632 200878089 156 159.047 1.00005 2.61605 0.181499 0.111794 0.393035 0.399779
ENSG00000198892.6 1 201857808 201857808 + 4 57332 1_internal_17780 1 201915140 201926710 156 144.315 1.00003 3.67266 0.0645756 -0.149606 0.238806 0.250473
ENSG00000134375.6 1 201924619 201924619 + 3 0 1_internal_17780 1 201915140 201926710 156 145.366 0.99998 2.79527 0.660957 0.0345461 0.960199 0.955688
ENSG00000176393.6 1 201951500 201951500 + 3 -24790 1_internal_17780 1 201915140 201926710 156 139.577 0.999983 2.64672 0.0101444 0.200462 0.0248756 0.0393271
ENSG00000163435.11 1 201977073 201977073 + 3 -50363 1_internal_17780 1 201915140 201926710 156 151.917 0.999987 2.88466 0.00173882 0.243227 0.00497512 0.00576001
ENSG00000234678.1 1 201979481 201979481 - 3 52771 1_internal_17780 1 201915140 201926710 156 171.158 0.999999 3.36753 0.00365885 0.228625 0.0199005 0.00782656
ENSG00000249007.1 1 201980498 201980498 + 3 -53788 1_internal_17780 1 201915140 201926710 156 161.286 0.999969 3.41728 0.00269206 0.228675 0.00497512 0.00776218
ENSG00000170075.7 1 202091986 202091986 + 3 738157 1_internal_21293 1 202830143 202897306 156 146.616 0.999949 2.66201 0.638557 0.0363541 0.930348 0.938344
ENSG00000260800.1 1 202099159 202099159 + 3 -172449 1_internal_17780 1 201915140 201926710 156 145.305 1.00005 2.75284 0.202908 -0.103576 0.522388 0.493887
ENSG00000143862.3 1 202113869 202113869 - 3 -5433 1_internal_22486 1 202119302 202132652 156 196.843 0.999992 3.86275 0.11439 0.127945 0.288557 0.2633
ENSG00000143851.11 1 202130716 202130716 - 3 0 1_internal_22486 1 202119302 202132652 156 150.957 0.999971 2.48278 1.01993e-10 0.491877 0.00497512 5.06792e-10
ENSG00000243323.1 1 202137179 202137179 + 3 -4527 1_internal_22486 1 202119302 202132652 156 160.723 1 2.79319 0.0101215 0.202148 0.039801 0.0250556
ENSG00000133067.13 1 202163029 202163029 + 3 667114 1_internal_21293 1 202830143 202897306 156 149.632 0.999957 2.90488 0.112193 -0.131722 0.298507 0.309789
ENSG00000077152.5 1 202311108 202311108 - 4 -942147 1_internal_16181 1 203253255 203298167 156 159.306 0.999972 3.98436 0.144488 -0.118572 0.457711 0.452451
ENSG00000077157.15 1 202317827 202317827 + 4 -185175 1_internal_22486 1 202119302 202132652 156 155.832 1.00004 3.78884 9.3645e-05 0.306914 0.00497512 0.000357745
ENSG00000229120.1 1 202339273 202339273 - 4 206621 1_internal_22486 1 202119302 202132652 156 178.623 1.00002 4.43372 0.0283822 0.178741 0.079602 0.0814326
ENSG00000232626.2 1 202407524 202407524 + 4 -274872 1_internal_22486 1 202119302 202132652 156 156.076 0.999983 3.89144 0.340722 0.0726013 0.810945 0.802208
ENSG00000236439.3 1 202441258 202441258 - 4 308606 1_internal_22486 1 202119302 202132652 156 175.028 1.00005 4.44643 0.258823 0.0888413 0.671642 0.690033
ENSG00000253042.1 1 202496555 202496555 - 4 -333588 1_internal_21293 1 202830143 202897306 156 162.962 1.00001 4.04131 0.0105607 -0.215549 0.0348259 0.0357239
ENSG00000226862.1 1 202573396 202573396 + 4 679859 1_internal_16181 1 203253255 203298167 156 150.439 0.999951 4.11807 0.436461 0.0642338 0.920398 0.911355
ENSG00000143858.7 1 202679545 202679545 - 5 546893 1_internal_22486 1 202119302 202132652 156 140.08 0.999942 4.31686 0.0442189 0.161292 0.233831 0.222474
ENSG00000235449.2 1 202736546 202736546 - 5 809836 1_internal_17780 1 201915140 201926710 156 173.657 0.93536 5.64775 0.0575518 -0.155061 0.243781 0.256675
ENSG00000226148.1 1 202765158 202765158 + 5 64985 1_internal_21293 1 202830143 202897306 156 155.741 0.999955 4.82467 0.174689 -0.113794 0.60199 0.604838
ENSG00000117139.11 1 202778598 202778598 - 5 -474657 1_internal_16181 1 203253255 203298167 156 166.39 0.99998 5.81559 0.0251215 0.1731 0.134328 0.114624
ENSG00000234996.2 1 202830882 202830882 + 5 763671 1_internal_19591 1 203594553 203653475 156 131.61 0.999929 4.08687 0.171769 -0.108514 0.61194 0.617533
ENSG00000243113.1 1 202842422 202842422 + 5 -709770 1_internal_22486 1 202119302 202132652 156 146.082 0.999992 4.63564 0.29587 0.082264 0.800995 0.823114
ENSG00000183155.4 1 202858263 202858263 - 5 931553 1_internal_17780 1 201915140 201926710 156 139.181 1.00003 4.54289 0.0907604 0.137577 0.41791 0.411615
ENSG00000230280.2 1 202880940 202880940 + 5 0 1_internal_21293 1 202830143 202897306 156 151.567 0.999996 4.15065 0.178115 -0.111895 0.547264 0.570946
ENSG00000199471.1 1 202884108 202884108 - 5 -369147 1_internal_16181 1 203253255 203298167 156 124.358 0.999949 3.88928 0.103646 0.126002 0.457711 0.459673
ENSG00000117153.11 1 202897764 202897764 - 5 458 1_internal_21293 1 202830143 202897306 156 161.393 1.00001 5.35682 0.203389 0.104219 0.691542 0.688635
ENSG00000159346.8 1 202927700 202927700 - 4 -325555 1_internal_16181 1 203253255 203298167 156 141.009 0.999961 3.35979 0.0127985 -0.199185 0.039801 0.0591027
ENSG00000159348.8 1 202936408 202936408 - 4 -316847 1_internal_16181 1 203253255 203298167 156 154.964 1.00001 4.29723 0.287322 -0.0835778 0.800995 0.768992
ENSG00000163444.7 1 202976514 202976514 + 4 618039 1_internal_19591 1 203594553 203653475 156 174.022 0.999992 4.97709 0.0147235 0.178943 0.0298507 0.0486889
ENSG00000143847.11 1 202995626 202995626 + 4 598927 1_internal_19591 1 203594553 203653475 156 161.561 0.999963 3.93189 0.296788 0.0787679 0.726368 0.737454
ENSG00000163485.11 1 203059782 203059782 + 4 534771 1_internal_19591 1 203594553 203653475 156 128.471 0.99999 3.13392 0.152352 0.107799 0.482587 0.491589
ENSG00000133048.8 1 203155877 203155877 - 3 -97378 1_internal_16181 1 203253255 203298167 156 166.268 1.00002 2.84507 0.0812665 0.137328 0.199005 0.191155
ENSG00000133063.11 1 203242769 203242769 - 3 -10486 1_internal_16181 1 203253255 203298167 156 168.523 1.00003 3.05971 0.000417271 0.288553 0.00497512 0.000746898
ENSG00000231507.1 1 203256280 203256280 + 3 0 1_internal_16181 1 203253255 203298167 156 166.039 0.999954 2.7917 8.16753e-06 0.349803 0.00497512 1.16609e-05
ENSG00000233791.1 1 203274437 203274437 - 3 0 1_internal_16181 1 203253255 203298167 156 190.186 1.00001 3.10408 0.00379628 0.226322 0.00995025 0.0043041
ENSG00000159388.5 1 203274619 203274619 + 3 0 1_internal_16181 1 203253255 203298167 156 183.498 1.00004 3.3426 0.409087 0.0679494 0.78607 0.787124
ENSG00000122176.9 1 203320617 203320617 - 3 22450 1_internal_16181 1 203253255 203298167 156 172.743 1.00004 3.38614 0.381129 -0.0699989 0.761194 0.775411
ENSG00000058668.10 1 203595689 203595689 + 5 -698383 1_internal_21293 1 202830143 202897306 156 146.28 1.00004 4.25683 0.048633 -0.161054 0.218905 0.21837
ENSG00000236035.2 1 203626888 203626888 - 5 -802960 1_internal_18422 1 204429848 204435765 156 160.189 0.999981 5.05062 0.194796 0.105403 0.671642 0.652634
ENSG00000221643.1 1 203698709 203698709 + 5 -801403 1_internal_21293 1 202830143 202897306 156 151.871 1.00001 4.73419 0.196208 -0.102763 0.686567 0.656904
ENSG00000122188.8 1 203734304 203734304 + 5 -80829 1_internal_19591 1 203594553 203653475 156 170.473 0.999986 5.24525 0.011098 0.198651 0.0547264 0.0408893
ENSG00000058673.11 1 203764782 203764782 + 5 709885 1_internal_16178 1 204474667 204503008 156 141.649 0.999968 4.18765 0.0471588 0.161662 0.199005 0.223505
ENSG00000257315.1 1 203765437 203765437 + 5 709230 1_internal_16178 1 204474667 204503008 156 158.087 0.999961 5.00537 0.227597 0.10034 0.741294 0.719916
ENSG00000227417.3 1 203775391 203775391 - 5 -654457 1_internal_18422 1 204429848 204435765 156 158.834 1.06066 6.00636 0.0213459 0.185923 0.0995025 0.0991615
ENSG00000223505.2 1 203805040 203805040 - 5 151565 1_internal_19591 1 203594553 203653475 156 135.677 1.00002 4.30976 0.254657 0.0919028 0.756219 0.768953
ENSG00000182004.8 1 203830731 203830731 + 5 599117 1_internal_18422 1 204429848 204435765 156 129.462 0.999956 4.16956 0.128524 0.120909 0.562189 0.53159
ENSG00000236430.1 1 203843315 203843315 - 5 189840 1_internal_19591 1 203594553 203653475 156 138.359 0.999963 4.04048 0.0671627 0.148396 0.293532 0.300896
ENSG00000143842.10 1 204042243 204042243 + 5 432424 1_internal_16178 1 204474667 204503008 156 149.038 1.00003 5.00577 0.0212307 0.188564 0.139303 0.116042
ENSG00000143850.7 1 204346793 204346793 - 7 693318 1_internal_19591 1 203594553 203653475 156 159.763 1.06778 8.05836 0.0723622 -0.140448 0.412935 0.406701
ENSG00000237848.1 1 204363669 204363669 + 7 110998 1_internal_16178 1 204474667 204503008 156 155.147 1.02288 6.40398 0.27508 -0.0772369 0.855721 0.86968
ENSG00000158615.8 1 204380919 204380919 - 7 -93748 1_internal_16178 1 204474667 204503008 156 152.923 0.978073 6.84132 0.39565 0.0648301 0.965174 0.970963
ENSG00000133056.9 1 204463852 204463852 - 7 -10815 1_internal_16178 1 204474667 204503008 156 184.107 0.983567 8.72364 0.285883 0.0833991 0.905473 0.917323
ENSG00000198625.8 1 204485511 204485511 + 7 -49746 1_internal_18422 1 204429848 204435765 156 143.95 1.08483 6.95325 0.0178668 0.181048 0.119403 0.123098
ENSG00000236779.1 1 204498820 204498820 - 7 -531485 1_internal_18239 1 205030305 205078297 156 154.309 1.04982 7.87871 0.00469044 0.221114 0.039801 0.031813
ENSG00000240710.1 1 204572163 204572163 + 7 670307 1_internal_16226 1 205242470 205291592 156 174.388 0.977805 9.07126 0.0302285 0.176605 0.20398 0.190552
ENSG00000240219.1 1 204595903 204595903 + 7 -92895 1_internal_16178 1 204474667 204503008 156 147.667 1.06626 7.6112 0.00969402 -0.205359 0.0646766 0.0721063
ENSG00000170382.7 1 204654861 204654861 - 6 -587609 1_internal_16226 1 205242470 205291592 156 166.42 1.01762 7.94285 0.114494 0.129093 0.542289 0.570708
ENSG00000163531.11 1 204797779 204797779 + 6 -362014 1_internal_18422 1 204429848 204435765 156 181.944 0.915573 5.90069 0.00825033 -0.206341 0.0447761 0.0353664
ENSG00000184144.5 1 205012325 205012325 + 6 299957 1_internal_17689 1 205312282 205538701 156 168.858 0.878702 5.62919 0.0939046 -0.130529 0.422886 0.438796
ENSG00000174529.6 1 205053645 205053645 - 6 -188825 1_internal_16226 1 205242470 205291592 156 155.802 1.04182 6.09119 0.215902 0.0981505 0.756219 0.760766
ENSG00000117222.9 1 205091143 205091143 - 6 -73481 1_internal_18927 1 205164624 205170551 156 156.655 1.08167 6.95157 0.182752 0.0998374 0.736318 0.725994
ENSG00000213041.4 1 205171319 205171319 + 6 -768 1_internal_18927 1 205164624 205170551 156 152.146 0.982708 5.86055 0.00539659 0.220949 0.0497512 0.0369519
ENSG00000133059.12 1 205180727 205180727 - 6 -131555 1_internal_17689 1 205312282 205538701 156 195.32 1.0016 7.93052 0.0471812 0.15805 0.233831 0.190047
ENSG00000133069.10 1 205197304 205197304 + 6 -761539 1_internal_18422 1 204429848 204435765 156 131.625 1.00005 5.24249 0.256416 -0.0940686 0.830846 0.842743
ENSG00000163545.7 1 205290883 205290883 - 6 0 1_internal_16226 1 205242470 205291592 156 139.212 1.05272 5.84407 0.00151758 0.263165 0.0199005 0.0125659
ENSG00000235363.1 1 205320375 205320375 + 7 -884610 1_internal_18422 1 204429848 204435765 156 133.941 1.04736 6.1334 0.338414 0.0743393 0.935323 0.939565
ENSG00000117266.11 1 205473723 205473723 + 6 -970715 1_internal_16178 1 204474667 204503008 156 152.389 0.999976 5.42176 0.0939788 -0.133168 0.437811 0.427938
ENSG00000174514.8 1 205538013 205538013 + 5 -246421 1_internal_16226 1 205242470 205291592 156 145.854 0.999949 4.45576 0.170397 0.113642 0.60199 0.598149
ENSG00000206762.1 1 205564169 205564169 + 5 737194 1_internal_17595 1 206301363 206306894 156 164.074 0.999971 4.94203 0.173118 -0.106312 0.60199 0.583389
ENSG00000236942.1 1 205594611 205594611 + 5 -424060 1_internal_18927 1 205164624 205170551 156 173.123 0.988478 5.4336 0.0417287 -0.171357 0.18408 0.165606
ENSG00000158711.9 1 205601090 205601090 - 5 -700273 1_internal_17595 1 206301363 206306894 156 123.383 1.00003 4.12931 0.460465 0.0599295 0.945274 0.948198
ENSG00000158715.5 1 205649587 205649587 - 6 571290 1_internal_18239 1 205030305 205078297 156 149.404 1.02522 5.74931 0.111485 0.12632 0.512438 0.5072
ENSG00000268313.1 1 205682497 205682497 + 6 953993 1_internal_16492 1 206636490 206653386 156 156.183 0.980485 5.5303 0.32772 0.0758078 0.885572 0.891765
ENSG00000201944.1 1 205700480 205700480 - 6 529929 1_internal_18927 1 205164624 205170551 156 168.538 1.03392 6.91397 0.140425 0.118379 0.616915 0.589793
ENSG00000069275.12 1 205719404 205719404 - 6 641107 1_internal_18239 1 205030305 205078297 156 185.6 0.940807 6.47631 0.391122 0.0687128 0.955224 0.944224
ENSG00000117280.8 1 205744588 205744588 - 6 -556775 1_internal_17595 1 206301363 206306894 156 159.793 0.97971 5.43816 0.00447651 -0.218803 0.0199005 0.0235487
ENSG00000133065.6 1 205782876 205782876 - 6 -518487 1_internal_17595 1 206301363 206306894 156 144.696 0.974964 5.63941 0.00774873 -0.208943 0.0696517 0.0616605
ENSG00000196550.5 1 206136916 206136916 + 7 499574 1_internal_16492 1 206636490 206653386 156 142.975 1.0433 6.82551 0.00670762 0.228564 0.0646766 0.0548847
ENSG00000229874.1 1 206137828 206137828 - 7 599127 1_internal_17689 1 205312282 205538701 156 153.441 1.14766 7.00157 0.0266273 0.178656 0.109453 0.132571
ENSG00000196533.6 1 206288647 206288647 - 9 997055 1_internal_16226 1 205242470 205291592 156 176.932 0.937203 10.0778 0.0194556 -0.190892 0.139303 0.141972
ENSG00000240754.1 1 206306131 206306131 - 8 -600981 1_internal_20129 1 206907112 206980885 156 142.015 1.08528 7.49769 0.0130978 -0.205589 0.0945274 0.103295
ENSG00000163486.7 1 206516198 206516198 + 9 390914 1_internal_20129 1 206907112 206980885 156 148.505 1.02753 8.12441 0.0414066 -0.164612 0.308458 0.309165
ENSG00000233501.1 1 206554954 206554954 - 8 -863626 1_internal_16177 1 207418580 207472798 156 156.274 0.905889 7.30754 0.187663 0.0996171 0.79602 0.807563
ENSG00000224900.1 1 206576565 206576565 + 8 330547 1_internal_20129 1 206907112 206980885 156 157.63 0.962756 7.53083 0.0311276 -0.170673 0.243781 0.221534
ENSG00000143466.7 1 206643791 206643791 + 8 578961 1_internal_18276 1 207222752 207672076 156 163.465 1.0176 8.21268 0.0280027 -0.173067 0.154229 0.177809
ENSG00000162888.4 1 206671061 206671061 - 8 -551691 1_internal_18276 1 207222752 207672076 156 184.9 0.794156 8.64421 0.00636142 -0.2139 0.0646766 0.0574824
ENSG00000261000.1 1 206677281 206677281 + 8 545471 1_internal_18276 1 207222752 207672076 156 149.602 1.09805 7.93576 0.0495254 -0.157119 0.313433 0.315216
ENSG00000136653.14 1 206680879 206680879 + 8 559945 1_internal_17734 1 207240824 207635255 156 144.026 1.0759 7.8778 0.0536041 0.150871 0.378109 0.369944
ENSG00000234981.1 1 206702248 206702248 + 8 204864 1_internal_20129 1 206907112 206980885 156 168.355 1.00662 9.6828 0.223556 -0.0937967 0.905473 0.891754
ENSG00000143486.10 1 206785904 206785904 - 8 -436848 1_internal_18276 1 207222752 207672076 156 158.529 1.09665 10.1957 0.106779 0.127104 0.676617 0.636059
ENSG00000143479.11 1 206808881 206808881 + 8 609699 1_internal_16177 1 207418580 207472798 156 163.054 0.941373 8.57136 0.120379 0.122707 0.621891 0.663613
ENSG00000162889.6 1 206858289 206858289 + 8 48823 1_internal_20129 1 206907112 206980885 156 148.55 0.992165 7.49276 0.158093 -0.114664 0.761194 0.751432
ENSG00000224114.1 1 206869614 206869614 - 8 -392327 1_internal_18190 1 207261941 207538585 156 152.725 1.08758 7.93992 0.00249454 -0.246619 0.0248756 0.015082
ENSG00000136634.5 1 206945839 206945839 - 8 638945 1_internal_17595 1 206301363 206306894 156 195.32 0.911437 10.5437 0.00234148 0.232575 0.0248756 0.0110938
ENSG00000142224.11 1 206972215 206972215 + 8 91343 1_internal_16485 1 207063558 207075192 156 145.519 0.945747 6.99881 0.0197405 0.179618 0.189055 0.178143
ENSG00000162892.11 1 207070788 207070788 + 10 0 1_internal_16485 1 207063558 207075192 156 148.063 1.01227 8.99041 0.0089415 0.209935 0.104478 0.090558
ENSG00000226945.1 1 207080964 207080964 + 10 -100079 1_internal_20129 1 206907112 206980885 156 151.155 1.001 9.67328 0.333492 -0.0794371 0.99005 0.982299
ENSG00000162894.7 1 207096592 207096592 - 10 115707 1_internal_20129 1 206907112 206980885 156 126.278 1.09166 8.13602 0.0434567 0.160674 0.422886 0.400916
ENSG00000162896.5 1 207119811 207119811 - 10 138926 1_internal_20129 1 206907112 206980885 156 140.568 1.09026 9.15318 0.19727 0.102719 0.890547 0.883185
ENSG00000182795.12 1 207206101 207206101 - 10 -212479 1_internal_16177 1 207418580 207472798 156 146.555 1.05952 9.08874 0.0357751 -0.174172 0.283582 0.295765
ENSG00000238401.1 1 207212145 207212145 - 10 -10607 1_internal_18276 1 207222752 207672076 156 168.888 0.886386 11.6715 0.0459495 0.16223 0.38806 0.418806
ENSG00000123836.10 1 207222801 207222801 + 10 39140 1_internal_18190 1 207261941 207538585 156 174.495 0.895527 10.4015 0.0109164 0.208898 0.0995025 0.0973252
ENSG00000180667.6 1 207226325 207226325 - 10 0 1_internal_18276 1 207222752 207672076 156 163.434 1.01592 10.8332 0.0222667 0.185819 0.179104 0.184328
ENSG00000123838.6 1 207277607 207277607 + 10 0 1_internal_18276 1 207222752 207672076 156 136.271 1.09522 8.82965 0.0212602 0.190373 0.218905 0.207953
ENSG00000237074.1 1 207422412 207422412 + 9 -441527 1_internal_20129 1 206907112 206980885 156 136.896 1.10972 7.71123 0.213551 -0.102243 0.865672 0.864028
ENSG00000196352.9 1 207494853 207494853 + 9 0 1_internal_18190 1 207261941 207538585 156 155.528 1.08337 9.94994 3.01573e-16 0.602265 0.00497512 1.9979e-16
ENSG00000117322.12 1 207627575 207627575 + 9 -974189 1_internal_16492 1 206636490 206653386 156 159.306 1.11716 10.9491 0.103926 -0.127758 0.686567 0.641145
ENSG00000203710.6 1 207669492 207669492 + 8 -34237 1_internal_17734 1 207240824 207635255 156 133.103 1.16245 7.68589 0.000634941 0.271056 0.00497512 0.0056343
ENSG00000236911.2 1 207779900 207779900 - 8 107824 1_internal_18276 1 207222752 207672076 156 159.199 0.966734 7.80792 0.00379762 0.233463 0.0348259 0.0304193
ENSG00000197721.12 1 207818458 207818458 + 8 -183203 1_internal_17734 1 207240824 207635255 156 177.191 0.967001 8.93003 0.129977 0.120105 0.636816 0.647791
ENSG00000244703.3 1 207818579 207818579 + 8 159562 1_internal_15917 1 207978141 208050210 156 143.919 0.991309 6.76332 0.298195 0.0831497 0.935323 0.925755
ENSG00000117335.13 1 207925402 207925402 + 8 52739 1_internal_15917 1 207978141 208050210 156 144.757 0.974984 6.50631 0.028857 0.168082 0.233831 0.218425
ENSG00000234219.1 1 207935929 207935929 + 8 -463131 1_internal_16177 1 207418580 207472798 156 139.212 1.12585 7.89283 0.137137 0.12037 0.731343 0.706927
ENSG00000207966.1 1 207975284 207975284 - 8 303208 1_internal_18276 1 207222752 207672076 156 165.415 0.933528 9.36176 0.0928646 -0.133893 0.572139 0.588144
ENSG00000207790.1 1 207975868 207975868 - 8 503070 1_internal_16177 1 207418580 207472798 156 143.736 0.988543 6.9329 0.0395366 0.161908 0.293532 0.295024
ENSG00000203709.4 1 208042495 208042495 - 7 569697 1_internal_16177 1 207418580 207472798 156 171.585 0.958043 7.02895 0.00878758 0.208075 0.0447761 0.047924
ENSG00000076356.6 1 208417665 208417665 - 6 367455 1_internal_15917 1 207978141 208050210 156 158.636 1.05291 6.48542 0.193729 0.100911 0.731343 0.727849
ENSG00000008118.5 1 209757062 209757062 + 2 744075 1_internal_19022 1 210501137 210619867 156 155.177 0.999969 1.95803 0.430782 0.0626805 0.651741 0.66964
ENSG00000196878.7 1 209825811 209825811 - 2 -285359 1_internal_15977 1 210111170 210407510 156 152.984 0.999986 1.88519 0.112137 -0.127122 0.223881 0.206865
