ENSG00000223508.4 8 163707 163707 - 3 -100573 8_internal_7923 8 264280 268388 156 164.653 0.999968 2.7124 0.210576 -0.0972997 0.457711 0.450968
ENSG00000172748.7 8 182137 182137 + 3 454442 8_internal_10724 8 636579 656331 156 193.781 1.00004 4.25531 0.637265 -0.0377019 0.965174 0.979544
ENSG00000147364.11 8 356428 356428 + 3 -88040 8_internal_7923 8 264280 268388 156 160.677 0.999968 2.93002 0.391782 0.0683258 0.761194 0.759067
ENSG00000180190.7 8 495781 495781 - 4 -140798 8_internal_10724 8 636579 656331 156 149.693 0.999987 3.88212 0.143707 -0.118721 0.472637 0.472979
ENSG00000254207.1 8 675877 675877 - 4 -738366 8_internal_8320 8 1414243 1621059 156 161.408 0.999962 3.94688 0.0278675 -0.175947 0.0945274 0.0961391
ENSG00000104714.9 8 688106 688106 - 6 31775 8_internal_10724 8 636579 656331 156 141.756 1.02624 5.5842 0.0198597 0.174448 0.114428 0.130863
ENSG00000182372.6 8 1703944 1703944 + 11 0 8_internal_10220 8 1683687 1738800 156 147.728 1.06314 10.3793 0.00023514 0.292504 0.00497512 0.00244546
ENSG00000253982.1 8 1712668 1712668 - 11 0 8_internal_10220 8 1683687 1738800 156 161.576 0.978619 11.6537 0.000123531 0.303092 0.00497512 0.00126838
ENSG00000104728.11 8 1772142 1772142 + 11 147410 8_internal_7286 8 1919552 1960311 156 146.585 0.962625 9.78235 0.0980146 0.130129 0.701493 0.690285
ENSG00000176595.3 8 1922044 1922044 + 10 0 8_internal_6712 8 1920668 1959001 156 172.819 0.863822 10.0922 0.00358708 0.226519 0.0547264 0.038233
ENSG00000036448.5 8 1993155 1993155 + 10 0 8_internal_10999 8 1702740 2263593 156 152.085 1.00205 9.50978 7.91511e-08 0.405727 0.00497512 1.06391e-06
ENSG00000253853.1 8 2584858 2584858 + 10 0 8_internal_6971 8 2584603 2591810 156 154.796 1.14268 10.7327 7.02485e-28 0.735159 0.00497512 2.2721e-30
ENSG00000183117.11 8 4852494 4852494 - 0 NA NA NA NA NA NA NA NA NA NA NA NA NA
ENSG00000147316.8 8 6264113 6264113 + 5 301036 8_internal_7127 8 6565149 6587841 156 167.807 0.999971 5.24226 0.0219195 -0.186704 0.114428 0.0881424
ENSG00000246089.2 8 6264663 6264663 - 5 -568415 8_internal_7109 8 6833078 6872927 156 161.347 0.99997 5.12149 0.00790109 0.207318 0.0447761 0.0348516
ENSG00000253550.1 8 6331809 6331809 - 5 -501269 8_internal_7109 8 6833078 6872927 156 163.45 0.999955 5.0286 0.0286642 -0.179013 0.114428 0.120005
ENSG00000091879.9 8 6420930 6420930 - 5 -144219 8_internal_7127 8 6565149 6587841 156 144.65 0.99997 4.52607 0.263125 -0.0882794 0.776119 0.775749
ENSG00000249898.3 8 6565730 6565730 - 5 0 8_internal_7127 8 6565149 6587841 156 137.566 0.999967 4.60195 0.0459158 -0.166377 0.218905 0.251169
ENSG00000155189.7 8 6565878 6565878 + 5 0 8_internal_7127 8 6565149 6587841 156 134.108 0.999992 4.69221 0.00045796 0.275375 0.00995025 0.00543798
ENSG00000249188.1 8 8011830 8011830 + 7 624953 8_internal_7084 8 8636783 8649810 156 137.094 1.02364 6.9839 0.000139586 0.292565 0.00995025 0.00214429
ENSG00000253893.1 8 8085385 8085385 - 7 -846206 8_internal_7694 8 8931591 9010294 156 139.181 1.10632 7.26452 0.000111483 0.309712 0.00497512 0.000942281
ENSG00000173295.3 8 8086117 8086117 + 7 845474 8_internal_7694 8 8931591 9010294 156 154.736 1.06791 6.52088 0.0320929 0.17429 0.149254 0.171186
ENSG00000253981.1 8 8102189 8102189 - 7 -829402 8_internal_7694 8 8931591 9010294 156 151.171 0.947019 6.78084 0.0726504 0.146098 0.432836 0.445546
ENSG00000182319.5 8 8244008 8244008 - 7 36132 8_internal_7429 8 8174518 8207876 156 151.125 0.993406 6.15169 4.27798e-06 0.334307 0.00497512 3.9872e-05
ENSG00000253958.1 8 8559448 8559448 + 6 -152434 8_internal_8292 8 8242936 8407014 156 150.577 1.00001 5.16457 0.0277224 0.171711 0.149254 0.148202
ENSG00000176305.5 8 8559666 8559666 + 6 -152652 8_internal_8292 8 8242936 8407014 156 178.151 1.01093 7.74226 0.0226971 0.177981 0.109453 0.106551
ENSG00000147324.6 8 8751155 8751155 - 6 0 8_internal_11244 8 8637305 8864774 156 137.262 1.00001 5.51587 2.65425e-06 0.369484 0.00497512 5.86368e-05
ENSG00000104626.10 8 8859657 8859657 + 6 71934 8_internal_7694 8 8931591 9010294 156 133.133 0.999975 4.95179 6.25396e-05 0.314552 0.00497512 0.00108001
ENSG00000254340.1 8 8998934 8998934 + 6 0 8_internal_7694 8 8931591 9010294 156 146.859 1.05117 6.09828 0.000183851 0.290496 0.00497512 0.00123162
ENSG00000173281.4 8 9009084 9009084 - 6 0 8_internal_7694 8 8931591 9010294 156 145.549 1.0571 6.32554 1.59388e-09 0.452661 0.00497512 1.30309e-08
ENSG00000173273.10 8 9413424 9413424 + 6 776376 8_internal_9469 8 10189800 10253884 156 154.507 1.00003 5.54056 0.269907 0.0908603 0.840796 0.828042
ENSG00000207701.1 8 9599182 9599182 + 7 -819144 8_internal_7325 8 8757229 8780038 156 139.166 1.00466 5.79336 0.087622 0.140702 0.507463 0.477904
ENSG00000260093.1 8 9911764 9911764 - 5 -993591 8_internal_7724 8 10905355 10921937 156 139.973 0.999954 4.2667 0.0676824 -0.139695 0.303483 0.310872
ENSG00000175806.10 8 9911778 9911778 + 5 278022 8_internal_9469 8 10189800 10253884 156 135.54 1.00007 3.96349 0.00729367 0.217402 0.0199005 0.048262
ENSG00000221320.1 8 9945431 9945431 + 5 244369 8_internal_9469 8 10189800 10253884 156 156.853 1.00002 4.85225 0.0292541 0.172754 0.139303 0.13226
ENSG00000249848.1 8 10195187 10195187 - 5 0 8_internal_9469 8 10189800 10253884 156 155.147 1.00001 4.54926 0.153184 0.11429 0.547264 0.533497
ENSG00000261451.1 8 10291182 10291182 + 5 -37298 8_internal_9469 8 10189800 10253884 156 148.474 1.07925 6.32418 0.0338851 0.163694 0.223881 0.190217
ENSG00000253641.1 8 10332075 10332075 + 6 -139434 8_internal_8412 8 10044538 10192641 156 182.112 0.864412 6.4615 0.186805 0.106321 0.716418 0.712491
ENSG00000207128.1 8 10333733 10333733 + 6 115409 8_internal_8010 8 10449142 10459178 156 137.993 0.999977 5.24164 0.0533445 0.159201 0.298507 0.313505
ENSG00000253678.1 8 10336885 10336885 - 6 144244 8_internal_8412 8 10044538 10192641 156 134.885 0.999966 5.15964 0.470934 0.0591888 0.965174 0.972799
ENSG00000253649.1 8 10405095 10405095 - 6 -500260 8_internal_7724 8 10905355 10921937 156 140.187 1.00002 4.55237 0.0617348 0.153424 0.263682 0.30432
ENSG00000248896.2 8 10586824 10586824 + 7 -127646 8_internal_8010 8 10449142 10459178 156 151.308 1.06017 7.26527 0.304534 -0.0837068 0.915423 0.927029
ENSG00000252565.1 8 10641565 10641565 + 8 -182387 8_internal_8010 8 10449142 10459178 156 168.325 0.920404 8.72041 0.143641 -0.11484 0.731343 0.728364
ENSG00000258724.1 8 10697357 10697357 - 8 -942342 8_internal_10488 8 11639699 11726735 156 144.468 1.091 8.04699 0.496653 0.052511 0.995025 0.996306
ENSG00000171056.6 8 10697357 10697357 - 8 -207998 8_internal_7724 8 10905355 10921937 156 168.218 0.964182 8.76622 0.381716 -0.0667897 0.9801 0.982279
ENSG00000254093.3 8 10697394 10697394 - 8 -443425 8_internal_8139 8 11140819 11150310 156 157.249 0.980037 8.17697 0.126309 0.119088 0.661692 0.671573
ENSG00000255310.1 8 10967428 10967428 - 8 45491 8_internal_7724 8 10905355 10921937 156 175.317 0.993994 10.8398 0.00798547 0.217294 0.0597015 0.0530439
ENSG00000254936.3 8 10983574 10983574 - 9 61637 8_internal_7724 8 10905355 10921937 156 167.243 1.05786 9.5852 0.0571377 0.152556 0.38806 0.35466
ENSG00000215346.3 8 10987745 10987745 - 9 65808 8_internal_7724 8 10905355 10921937 156 170.595 0.956802 10.2009 0.0114626 0.207461 0.104478 0.0910357
ENSG00000254556.1 8 10996117 10996117 - 9 -144702 8_internal_8139 8 11140819 11150310 156 162.612 1.00663 8.66933 0.019752 0.195575 0.149254 0.138352
ENSG00000231965.4 8 11032560 11032560 + 9 -110623 8_internal_7724 8 10905355 10921937 156 187.977 1.04844 14.5716 0.0142041 0.202521 0.079602 0.0864773
ENSG00000171044.6 8 11058875 11058875 - 10 136938 8_internal_7724 8 10905355 10921937 156 175.698 0.958636 12.197 0.00382209 0.234108 0.0447761 0.0304466
ENSG00000104643.5 8 11141925 11141925 + 10 0 8_internal_8139 8 11140819 11150310 156 164.15 0.953714 10.4605 0.00106375 0.257709 0.0199005 0.0104004
ENSG00000246477.2 8 11182938 11182938 - 10 32628 8_internal_8139 8 11140819 11150310 156 162.642 1.08267 11.7563 0.175921 0.103439 0.870647 0.867438
ENSG00000177710.5 8 11188397 11188397 + 10 -934513 8_internal_9469 8 10189800 10253884 156 149.845 1.0335 10.4354 0.0012857 0.248996 0.00995025 0.0143164
ENSG00000154316.10 8 11197146 11197146 + 9 336627 8_internal_7764 8 11533773 11562953 156 140.598 1.10098 8.43889 0.337019 -0.0777273 0.955224 0.972908
ENSG00000154319.10 8 11332224 11332224 - 9 -719389 8_internal_7302 8 12051613 12220084 156 133.118 1.11265 6.79108 0.0441078 0.153071 0.348259 0.307973
ENSG00000136573.7 8 11351510 11351510 + 9 941673 8_internal_8166 8 12293183 12295586 156 152.679 1.00601 8.58705 0.00973804 -0.201786 0.0845771 0.0856072
ENSG00000154328.10 8 11627144 11627144 + 9 424469 8_internal_7302 8 12051613 12220084 156 159.991 0.993322 7.77839 0.030459 0.178122 0.233831 0.203378
ENSG00000079459.7 8 11653082 11653082 + 9 -502772 8_internal_8139 8 11140819 11150310 156 157.935 0.966037 7.97482 0.0944588 -0.132371 0.532338 0.55404
ENSG00000255046.1 8 11660077 11660077 - 9 0 8_internal_10488 8 11639699 11726735 156 147.286 1.04243 8.35304 0.04289 0.165555 0.318408 0.324405
ENSG00000164733.15 8 11726957 11726957 - 9 -246286 8_internal_6899 8 11973243 12294405 156 163.83 1.03965 8.89721 0.00154736 0.248349 0.00995025 0.00857001
ENSG00000255144.1 8 11754379 11754379 - 9 -538804 8_internal_8166 8 12293183 12295586 156 153.974 1.10749 10.511 0.0254022 0.17172 0.208955 0.202967
ENSG00000255098.1 8 11873043 11873043 - 9 555569 8_internal_7211 8 11311561 11317474 156 147.514 0.959835 7.857 0.0555866 -0.152384 0.38806 0.417999
ENSG00000255495.1 8 12051976 12051976 + 9 0 8_internal_7302 8 12051613 12220084 156 169.589 0.921182 10.1102 0.000118876 0.295247 0.00995025 0.00111683
ENSG00000254527.1 8 12063898 12063898 - 9 -229285 8_internal_8166 8 12293183 12295586 156 163.693 0.976576 8.59597 2.91445e-06 0.351231 0.00497512 1.86783e-05
ENSG00000205873.2 8 12294626 12294626 + 8 -74542 8_internal_7302 8 12051613 12220084 156 157.432 1.03045 8.56175 3.83342e-05 0.323301 0.00497512 0.000233495
ENSG00000242607.1 8 12428639 12428639 - 7 45275 8_internal_6894 8 12378968 12383364 156 177.404 1.01256 7.90727 0.00617591 0.22031 0.0298507 0.0259629
ENSG00000255122.1 8 12437796 12437796 + 7 -54432 8_internal_6894 8 12378968 12383364 156 169.939 0.867884 6.1358 0.0415202 0.161064 0.253731 0.242953
ENSG00000154359.8 8 12613582 12613582 - 6 319177 8_internal_6899 8 11973243 12294405 156 154.218 1.01971 5.72491 0.196991 -0.10489 0.716418 0.713703
ENSG00000254813.1 8 12668987 12668987 - 6 373401 8_internal_8166 8 12293183 12295586 156 216.008 0.891782 7.37568 0.210321 0.0990757 0.701493 0.713477
ENSG00000250305.4 8 12803151 12803151 + 5 119615 8_internal_9507 8 12922766 13134696 156 147.834 0.999996 4.25164 0.00474794 0.224615 0.039801 0.0252062
ENSG00000170941.7 8 12808865 12808865 + 5 113901 8_internal_9507 8 12922766 13134696 156 152.725 0.999995 4.86657 0.0154437 0.1851 0.0447761 0.0780874
ENSG00000251468.2 8 12815896 12815896 + 5 106870 8_internal_9507 8 12922766 13134696 156 169.208 0.999972 4.87073 0.162126 0.111392 0.482587 0.534711
ENSG00000164741.9 8 13373167 13373167 - 2 238471 8_internal_9507 8 12922766 13134696 156 124.663 1.00005 1.73412 6.28856e-06 0.34709 0.00497512 9.43153e-05
ENSG00000038945.9 8 16424999 16424999 - 1 0 8_internal_7277 8 16404676 16462631 156 152.42 0.999966 1.00039 0.0284596 0.17447 0.0298507 0.0303628
ENSG00000155970.7 8 16884747 16884747 + 5 -422116 8_internal_7277 8 16404676 16462631 156 138.48 0.999951 4.32028 0.0186949 0.185976 0.0895522 0.110558
ENSG00000104219.8 8 17013538 17013538 + 5 -550907 8_internal_7277 8 16404676 16462631 156 152.984 0.999988 4.48236 0.0306333 0.170362 0.129353 0.136839
ENSG00000155975.5 8 17104080 17104080 + 5 -641449 8_internal_7277 8 16404676 16462631 156 159.291 1 5.95855 0.0640028 0.145752 0.323383 0.313838
ENSG00000198791.7 8 17104387 17104387 - 5 -674335 8_internal_10080 8 17778722 17799733 156 191.816 0.887621 5.66373 0.0953694 0.132214 0.363184 0.367365
ENSG00000003987.9 8 17271037 17271037 - 5 808406 8_internal_7277 8 16404676 16462631 156 172.529 1.00002 5.05796 0.0986669 0.132609 0.348259 0.352711
ENSG00000129422.9 8 17658426 17658426 - 4 101734 8_internal_7315 8 17471677 17556692 156 132.615 0.999953 3.4617 0.00973866 0.189246 0.0547264 0.058255
ENSG00000254054.1 8 17763265 17763265 + 4 0 8_internal_7380 8 17759778 19383970 156 157.508 1.00005 4.36427 0.0234565 0.185234 0.114428 0.0957192
ENSG00000078674.12 8 17780349 17780349 + 4 0 8_internal_7380 8 17759778 19383970 156 136.683 0.999955 3.51396 0.0886971 0.132247 0.303483 0.339029
ENSG00000245281.2 8 17942377 17942377 + 6 -142644 8_internal_10080 8 17778722 17799733 156 140.568 1.00005 5.39202 0.0474625 0.150473 0.273632 0.28342
ENSG00000104763.12 8 17942494 17942494 - 6 0 8_internal_7380 8 17759778 19383970 156 187.84 1.04223 7.38321 0.199567 0.104002 0.701493 0.707238
ENSG00000171428.9 8 18027986 18027986 + 6 -471294 8_internal_7315 8 17471677 17556692 156 160.723 0.911333 6.09238 0.103253 0.131983 0.502488 0.509259
ENSG00000187229.3 8 18578415 18578415 + 7 819570 8_internal_8005 8 19397985 19469521 156 154.568 1.00004 5.33613 0.00356491 0.23562 0.0199005 0.0196959
ENSG00000156011.12 8 18942240 18942240 - 5 0 8_internal_9033 8 18924927 19477000 156 178.196 0.99997 4.59894 0.00649738 0.204233 0.0348259 0.0165518
ENSG00000104611.7 8 19171128 19171128 + 7 0 8_internal_10876 8 18814770 19616576 156 157.965 0.961522 6.79869 9.90261e-22 0.673428 0.00497512 2.31983e-20
ENSG00000253270.1 8 19536083 19536083 + 9 0 8_internal_10876 8 18814770 19616576 156 155.147 0.999614 7.3741 2.35305e-19 0.637955 0.00497512 2.20685e-18
ENSG00000147408.10 8 19615540 19615540 - 9 0 8_internal_10876 8 18814770 19616576 156 141.908 0.9678 6.69505 1.82311e-31 0.757467 0.00497512 4.64614e-27
ENSG00000104613.6 8 19674651 19674651 + 9 -58075 8_internal_10876 8 18814770 19616576 156 145.641 0.984201 8.15048 6.63686e-06 0.358455 0.00497512 0.000127483
ENSG00000175445.10 8 19759228 19759228 + 9 329906 8_internal_8658 8 20089134 20234186 156 139.76 1.10548 6.96223 0.0228034 0.183213 0.159204 0.16118
ENSG00000036565.10 8 20040717 20040717 - 10 -81265 8_internal_7143 8 20121982 20134836 156 154.873 1.01421 9.62651 0.233236 -0.0907783 0.940299 0.922235
ENSG00000147416.6 8 20054878 20054878 + 10 34256 8_internal_8658 8 20089134 20234186 156 150.348 1.0861 10.1968 0.0772255 -0.140083 0.587065 0.54854
ENSG00000222267.1 8 20087290 20087290 + 10 0 8_internal_7771 8 19203888 20162347 156 137.14 1.01344 7.45699 0.00294954 -0.234754 0.0547264 0.0371736
ENSG00000061337.11 8 20161474 20161474 - 10 26638 8_internal_7143 8 20121982 20134836 156 157.706 0.964657 8.69431 0.0414921 -0.166977 0.328358 0.31748
ENSG00000168546.5 8 21669869 21669869 - 8 0 8_internal_7593 8 20292504 21723399 156 168.858 0.925587 7.95036 0.00107349 0.252387 0.0149254 0.00800805
ENSG00000147443.7 8 21771371 21771371 - 8 47972 8_internal_7593 8 20292504 21723399 156 182.614 0.957933 10.3538 0.000665417 0.26755 0.00497512 0.00311854
ENSG00000130227.11 8 21777180 21777180 + 8 644639 8_internal_7005 8 22421819 22444072 156 179.019 0.864391 8.20588 0.00140289 0.255043 0.039801 0.0108739
ENSG00000158856.12 8 21906506 21906506 + 8 5301 8_internal_6763 8 21911807 21919250 156 143.249 1.02275 7.58914 0.0421883 0.161971 0.318408 0.320684
ENSG00000158863.16 8 21946670 21946670 + 9 -27720 8_internal_6952 8 21903782 21918950 156 192.639 0.871047 11.3122 0.035021 -0.165287 0.233831 0.25143
ENSG00000256586.1 8 21960468 21960468 + 9 -999214 8_internal_8148 8 20894976 20961254 156 157.447 1.0773 9.26185 0.0455528 0.156207 0.358209 0.309832
ENSG00000173566.9 8 21966932 21966932 - 8 624196 8_internal_7379 8 21336402 21342736 156 176.734 0.90136 9.13099 0.0684793 0.143314 0.442786 0.437104
ENSG00000168453.10 8 21990897 21990897 - 8 0 8_internal_7114 8 21946112 22023174 156 145.305 1.05597 9.09721 0.0411586 -0.160846 0.358209 0.339971
ENSG00000168476.7 8 21999464 21999464 - 8 -929885 8_internal_9014 8 22929349 22951475 156 172.118 0.961376 8.62588 0.0137827 -0.192725 0.079602 0.0897969
ENSG00000168487.13 8 22022249 22022249 + 9 0 8_internal_7114 8 21946112 22023174 156 157.371 0.951644 8.41056 0.0665725 0.145467 0.457711 0.457008
ENSG00000177725.4 8 22026851 22026851 + 9 -78640 8_internal_7160 8 21943531 21948211 156 166.496 0.999927 9.22406 0.0566566 0.152064 0.38806 0.370466
ENSG00000168495.7 8 22102617 22102617 + 11 -183667 8_internal_6952 8 21903782 21918950 156 173.017 0.950615 12.7316 0.113803 -0.126548 0.706468 0.739976
ENSG00000254064.1 8 22132675 22132675 - 11 213725 8_internal_6952 8 21903782 21918950 156 158.163 1.00831 11.8467 0.374888 0.0690837 0.995025 0.995852
ENSG00000197181.7 8 22132810 22132810 + 11 796539 8_internal_9014 8 22929349 22951475 156 156.853 1.05656 11.9155 0.327686 -0.0783942 0.9801 0.989847
ENSG00000104635.8 8 22224762 22224762 + 11 833611 8_internal_7024 8 23058373 23064954 156 141.649 1.03729 9.33002 0.0690379 0.143157 0.542289 0.538846
ENSG00000120910.10 8 22298332 22298332 + 11 -379382 8_internal_6952 8 21903782 21918950 156 162.155 0.975672 11.1078 0.0542412 0.149748 0.432836 0.443991
ENSG00000254272.1 8 22350144 22350144 + 10 667158 8_internal_7418 8 23017302 23109099 156 170.229 0.911474 10.1894 0.0571434 0.149537 0.432836 0.430517
ENSG00000120896.9 8 22402499 22402499 + 10 655874 8_internal_7024 8 23058373 23064954 156 167.03 0.990992 11.0142 0.154579 -0.11342 0.791045 0.81422
ENSG00000251034.1 8 22402918 22402918 - 10 -629248 8_internal_7193 8 23032166 23110750 156 152.572 1.10536 10.5037 0.183329 -0.0996033 0.850746 0.868672
ENSG00000254230.1 8 22424684 22424684 - 10 505434 8_internal_6763 8 21911807 21919250 156 154.385 0.890878 9.96238 0.137126 -0.121703 0.78607 0.807998
ENSG00000120913.18 8 22435792 22435792 + 10 622581 8_internal_7024 8 23058373 23064954 156 122.82 1.15366 7.48036 0.226475 0.0989551 0.890547 0.895385
ENSG00000248235.2 8 22446787 22446787 + 10 -2715 8_internal_7005 8 22421819 22444072 156 155.071 0.979271 9.55993 0.0826583 0.140374 0.572139 0.575135
ENSG00000241852.5 8 22457114 22457114 + 10 472235 8_internal_9014 8 22929349 22951475 156 158.255 0.980377 9.05582 0.0285142 -0.169918 0.199005 0.230403
ENSG00000158941.12 8 22462145 22462145 + 10 -738746 8_internal_7593 8 20292504 21723399 156 159.854 1.1102 11.5962 0.0128365 -0.19906 0.0945274 0.0981426
ENSG00000253200.1 8 22474170 22474170 - 10 750771 8_internal_7593 8 20292504 21723399 156 161.408 0.941049 10.3895 0.117721 -0.128885 0.736318 0.728658
ENSG00000147439.7 8 22526661 22526661 - 10 803262 8_internal_7593 8 20292504 21723399 156 190.993 0.862658 12.8229 0.0185824 -0.182467 0.169154 0.157522
ENSG00000261026.1 8 22541522 22541522 - 10 97450 8_internal_7005 8 22421819 22444072 156 157.066 0.821509 9.13056 0.0646704 0.1514 0.517413 0.541199
ENSG00000253125.1 8 22547663 22547663 + 10 -599452 8_internal_7160 8 21943531 21948211 156 179.796 0.89859 12.1649 0.0488383 0.158606 0.38806 0.396775
ENSG00000179388.8 8 22550815 22550815 - 10 106743 8_internal_7005 8 22421819 22444072 156 182.721 0.863376 11.4316 0.0915817 0.139525 0.606965 0.61518
ENSG00000008853.12 8 22844930 22844930 + 10 -925980 8_internal_6952 8 21903782 21918950 156 145.123 1.01086 9.34905 0.0494167 0.158063 0.427861 0.423377
ENSG00000245025.2 8 22876848 22876848 - 10 -181525 8_internal_7024 8 23058373 23064954 156 169.62 1.09221 11.8543 0.000368425 0.288017 0.00497512 0.00133256
ENSG00000246130.1 8 22925742 22925742 + 8 -977531 8_internal_7160 8 21943531 21948211 156 164.013 1.00322 8.3962 0.0662806 0.137368 0.40796 0.401903
ENSG00000120889.8 8 22926692 22926692 - 8 -105474 8_internal_7193 8 23032166 23110750 156 145.534 1.06729 7.32794 0.0692032 0.145542 0.432836 0.423239
ENSG00000253616.1 8 22932001 22932001 - 8 -126372 8_internal_7024 8 23058373 23064954 156 183.437 0.870357 9.69352 0.279955 0.0851755 0.960199 0.945656
ENSG00000173535.9 8 22941868 22941868 + 8 0 8_internal_9014 8 22929349 22951475 156 138.084 1.0951 7.65795 0.0176118 0.185686 0.164179 0.14795
ENSG00000173530.5 8 23021543 23021543 - 7 -36830 8_internal_7024 8 23058373 23064954 156 160.418 0.987473 6.7952 0.00407301 0.22972 0.0447761 0.0253356
ENSG00000253930.1 8 23046792 23046792 + 6 0 8_internal_7418 8 23017302 23109099 156 175.5 0.990844 6.77821 1.18194e-16 0.587242 0.00497512 1.46827e-17
ENSG00000243265.1 8 23064431 23064431 + 6 0 8_internal_7418 8 23017302 23109099 156 147.179 1.08376 6.28433 2.13724e-07 0.383315 0.00497512 9.88489e-07
ENSG00000246582.2 8 23081984 23081984 + 6 0 8_internal_7418 8 23017302 23109099 156 148.809 1.03768 6.22508 1.48877e-22 0.678896 0.00497512 1.49258e-21
ENSG00000104689.5 8 23082639 23082639 - 6 0 8_internal_7418 8 23017302 23109099 156 168.507 1.02285 5.89768 3.77246e-21 0.642548 0.00497512 1.93453e-22
ENSG00000250714.2 8 23088428 23088428 - 6 0 8_internal_7418 8 23017302 23109099 156 209.092 0.969381 10.0172 3.70919e-23 0.688537 0.00497512 1.29166e-28
ENSG00000147457.9 8 23101150 23101150 + 6 0 8_internal_7418 8 23017302 23109099 156 172.316 0.922985 5.91247 4.46641e-06 0.354024 0.00497512 2.10787e-05
ENSG00000104679.6 8 23127633 23127633 + 6 435881 8_internal_6877 8 23563514 24859719 156 148.977 1.00816 5.62995 0.388087 0.0693512 0.940299 0.942338
ENSG00000253837.1 8 23193684 23193684 + 6 -84585 8_internal_7418 8 23017302 23109099 156 142.792 1.00006 5.38719 0.209965 0.101597 0.761194 0.756099
ENSG00000134013.10 8 23282841 23282841 - 6 173742 8_internal_7418 8 23017302 23109099 156 176.033 0.88716 6.77868 0.381705 0.0715107 0.975124 0.957246
ENSG00000197217.8 8 23315208 23315208 - 6 250254 8_internal_7024 8 23058373 23064954 156 155.787 0.920265 5.89866 0.0672586 -0.135036 0.373134 0.375442
ENSG00000147454.8 8 23386318 23386318 + 6 -321364 8_internal_7024 8 23058373 23064954 156 135.236 0.999977 5.28257 0.134721 -0.120378 0.631841 0.611402
ENSG00000268085.1 8 23420651 23420651 - 6 -142863 8_internal_6877 8 23563514 24859719 156 156.198 1.02312 6.01926 0.0133335 0.192578 0.0845771 0.0722925
ENSG00000215298.3 8 23430157 23430157 + 6 -365203 8_internal_7024 8 23058373 23064954 156 163.404 1.05648 6.55093 0.216345 -0.099813 0.751244 0.762187
ENSG00000167034.9 8 23540440 23540440 - 5 -23074 8_internal_6877 8 23563514 24859719 156 152.527 1.00003 4.65004 0.211417 0.0994046 0.671642 0.67859
ENSG00000042980.8 8 24151553 24151553 + 1 0 8_internal_6877 8 23563514 24859719 156 170.305 1 0.96476 0.126744 0.123398 0.119403 0.106861
ENSG00000134028.10 8 24241798 24241798 + 1 0 8_internal_6877 8 23563514 24859719 156 108.347 0.999998 0.799786 0.521061 0.0496118 0.497512 0.512794
ENSG00000253535.1 8 24769586 24769586 - 1 0 8_internal_6877 8 23563514 24859719 156 153.928 1 0.89297 0.191296 0.102587 0.169154 0.175434
ENSG00000104725.9 8 24814624 24814624 - 1 0 8_internal_6877 8 23563514 24859719 156 164.394 0.999989 1.14394 0.941482 0.00608312 0.975124 0.959924
ENSG00000241811.2 8 25039235 25039235 - 1 179516 8_internal_6877 8 23563514 24859719 156 141.466 0.999959 0.956559 0.457663 -0.0583388 0.497512 0.464518
ENSG00000147459.12 8 25042238 25042238 + 1 -182519 8_internal_6877 8 23563514 24859719 156 120.184 0.999984 0.847394 0.295135 0.0836365 0.328358 0.313419
ENSG00000147437.5 8 25282170 25282170 - 2 -949128 8_internal_7261 8 26231298 26240469 156 152.846 0.999958 1.94482 0.105134 0.128021 0.21393 0.200585
ENSG00000253476.1 8 25284096 25284096 - 2 -947202 8_internal_7261 8 26231298 26240469 156 172.148 1.00002 2.16316 0.120175 0.123168 0.20398 0.20862
ENSG00000104756.11 8 25315992 25315992 - 2 456273 8_internal_6877 8 23563514 24859719 156 149.282 1.00004 1.9829 0.53751 0.0495976 0.81592 0.791465
ENSG00000184661.8 8 25316513 25316513 + 2 914785 8_internal_7261 8 26231298 26240469 156 165.263 1.00003 1.91708 0.153812 0.111935 0.273632 0.254562
ENSG00000221914.3 8 26149007 26149007 + 1 82291 8_internal_7261 8 26231298 26240469 156 216.374 1.00001 1.26264 0.964353 0.00360102 0.9801 0.981736
ENSG00000104765.10 8 26240414 26240414 + 2 913371 8_internal_7628 8 27153785 27170340 156 141.192 1.00003 1.91319 0.281307 -0.0884826 0.502488 0.502084
ENSG00000228451.3 8 26240469 26240469 - 2 0 8_internal_7261 8 26231298 26240469 156 142.426 0.999974 1.74343 0.112262 0.125373 0.228856 0.214338
ENSG00000253430.1 8 26280109 26280109 + 2 -39640 8_internal_7261 8 26231298 26240469 156 131.061 0.999954 1.74243 0.319057 0.0769127 0.567164 0.542068
ENSG00000251203.1 8 26291581 26291581 - 2 -862204 8_internal_7628 8 27153785 27170340 156 184.382 0.999973 2.46069 0.62956 -0.0408096 0.910448 0.895045
ENSG00000254362.1 8 26298007 26298007 + 2 -57538 8_internal_7261 8 26231298 26240469 156 165.263 1.00004 2.42916 0.193702 -0.106356 0.393035 0.384203
ENSG00000240694.3 8 26371608 26371608 - 3 -976523 8_internal_6874 8 27348131 28270446 156 145.641 1.00003 2.78911 0.235209 0.0937498 0.547264 0.554146
ENSG00000092964.11 8 26371791 26371791 + 3 781994 8_internal_7628 8 27153785 27170340 156 150.211 1.00001 2.43833 0.235572 -0.090947 0.497512 0.495207
ENSG00000104228.8 8 27168836 27168836 - 4 -179295 8_internal_6874 8 27348131 28270446 156 140.781 1.00005 3.59492 0.275262 -0.0871951 0.726368 0.72268
ENSG00000120899.13 8 27168999 27168999 + 4 179132 8_internal_6874 8 27348131 28270446 156 134.687 1.00006 3.66332 0.0246522 -0.183599 0.114428 0.128562
ENSG00000120903.5 8 27337400 27337400 - 5 -882198 8_internal_7948 8 28219598 28249065 156 144.178 0.999987 4.39461 0.017115 -0.191686 0.0945274 0.0927982
ENSG00000120915.9 8 27348296 27348296 + 5 892313 8_internal_6923 8 28240609 28560634 156 138.084 1.00002 4.35643 0.127594 0.120208 0.497512 0.51189
ENSG00000120885.14 8 27472548 27472548 - 5 -768061 8_internal_6923 8 28240609 28560634 156 143.279 1.00003 4.93362 0.110989 0.126716 0.512438 0.487495
ENSG00000253875.1 8 27590855 27590855 + 6 -420515 8_internal_7628 8 27153785 27170340 156 142.274 0.999993 5.06189 0.0236132 -0.178312 0.164179 0.145934
ENSG00000171320.10 8 27629466 27629466 + 6 320058 8_internal_8255 8 27949524 27975947 156 133.499 0.999963 4.80475 0.132679 0.114292 0.58209 0.577985
ENSG00000147419.12 8 27630170 27630170 - 6 459830 8_internal_7628 8 27153785 27170340 156 150.043 1.04701 6.31714 0.0230969 -0.174013 0.154229 0.137673
ENSG00000189233.7 8 27941388 27941388 - 7 771048 8_internal_7628 8 27153785 27170340 156 138.679 1.02809 5.754 0.0576382 0.148199 0.338308 0.342859
ENSG00000134014.11 8 27947190 27947190 + 7 -776850 8_internal_7628 8 27153785 27170340 156 173.276 0.991648 7.32026 0.0308512 -0.161199 0.139303 0.158593
ENSG00000168081.4 8 28174503 28174503 + 6 45095 8_internal_7948 8 28219598 28249065 156 163.145 0.977399 5.9551 0.179805 0.104152 0.681592 0.679144
ENSG00000253690.1 8 28196772 28196772 - 6 0 8_internal_6874 8 27348131 28270446 156 178.699 1.01039 6.81149 0.259036 0.0913174 0.80597 0.824261
ENSG00000186918.9 8 28260218 28260218 - 6 11153 8_internal_7948 8 28219598 28249065 156 192.989 0.889109 7.71369 1.65724e-16 0.587718 0.00497512 4.09818e-17
ENSG00000214050.3 8 28347835 28347835 - 7 98770 8_internal_7948 8 28219598 28249065 156 189.043 0.967055 9.22565 4.60629e-18 0.598288 0.00497512 6.09764e-20
ENSG00000104290.6 8 28351729 28351729 + 7 -81283 8_internal_6874 8 27348131 28270446 156 178.836 0.890042 7.66142 0.00246252 0.243755 0.0149254 0.0157202
ENSG00000012232.4 8 28457986 28457986 + 8 -208921 8_internal_7948 8 28219598 28249065 156 176.551 0.966981 9.05327 0.0807208 -0.140221 0.482587 0.461628
ENSG00000246339.3 8 28558981 28558981 - 8 309916 8_internal_7948 8 28219598 28249065 156 186.682 0.898998 8.50703 0.134937 -0.115919 0.616915 0.642863
ENSG00000254034.1 8 28655659 28655659 + 8 -95025 8_internal_6923 8 28240609 28560634 156 184.046 0.880132 8.84259 0.314133 -0.0787092 0.9801 0.952793
ENSG00000242958.1 8 28667620 28667620 + 8 241493 8_internal_8143 8 28909113 28947259 156 157.478 0.953968 6.91751 0.235949 -0.0961654 0.855721 0.851885
ENSG00000259412.1 8 28718058 28718058 + 9 -157424 8_internal_6923 8 28240609 28560634 156 181.441 0.849389 8.29741 0.0185072 0.19039 0.129353 0.133068
ENSG00000104299.10 8 28747759 28747759 - 9 477313 8_internal_6874 8 27348131 28270446 156 150.424 1.04463 8.72996 0.00588032 -0.208279 0.0497512 0.0503946
ENSG00000147421.12 8 28747911 28747911 + 9 637697 8_internal_7333 8 29385608 30015923 156 177.541 1.01328 12.2287 0.141908 -0.120132 0.781095 0.777876
ENSG00000259196.1 8 28807193 28807193 + 9 508753 8_internal_9627 8 29315946 29436338 156 149.023 1.06063 9.67662 0.0166199 0.18968 0.139303 0.150865
ENSG00000200719.1 8 28906121 28906121 - 9 413981 8_internal_6824 8 28479180 28492140 156 167.974 0.955916 10.3822 0.0618198 -0.152351 0.437811 0.450716
ENSG00000259599.1 8 28910034 28910034 + 9 475574 8_internal_7333 8 29385608 30015923 156 134.763 0.984656 7.10502 0.310718 -0.0787553 0.945274 0.95247
ENSG00000259366.1 8 28913452 28913452 + 9 -937505 8_internal_8255 8 27949524 27975947 156 163.358 0.945378 9.02868 0.23863 0.0978813 0.905473 0.911539
ENSG00000259607.1 8 28924796 28924796 + 9 -654350 8_internal_6874 8 27348131 28270446 156 144.193 1.07393 8.23645 0.0302279 0.177998 0.233831 0.237904
ENSG00000254129.1 8 28968090 28968090 + 9 -992143 8_internal_8255 8 27949524 27975947 156 191.877 0.895455 11.5455 0.331894 -0.0777295 0.985075 0.982328
ENSG00000264328.1 8 29000210 29000210 + 8 -751145 8_internal_7948 8 28219598 28249065 156 160.372 0.934744 7.29817 0.0438961 0.158259 0.263682 0.292692
ENSG00000253770.1 8 29076422 29076422 + 8 -584282 8_internal_6824 8 28479180 28492140 156 176.993 0.915664 8.49807 0.0368888 0.167505 0.258706 0.236925
ENSG00000197892.8 8 29120641 29120641 - 8 173382 8_internal_8143 8 28909113 28947259 156 169.132 0.960459 8.59084 0.143825 0.117665 0.691542 0.706297
ENSG00000120875.4 8 29208185 29208185 - 8 -107761 8_internal_9627 8 29315946 29436338 156 143.249 1.04676 8.40338 0.0115547 0.194406 0.109453 0.109972
ENSG00000253632.1 8 29384829 29384829 + 6 -824195 8_internal_6923 8 28240609 28560634 156 139.943 0.997011 5.46361 0.0289688 0.166368 0.18408 0.194787
ENSG00000133872.9 8 29940723 29940723 - 5 0 8_internal_7333 8 29385608 30015923 156 156.823 1.00004 4.5319 0.000172222 0.295613 0.00497512 0.000749696
ENSG00000104660.13 8 29952914 29952914 + 4 0 8_internal_7333 8 29385608 30015923 156 183.818 1.00003 5.03303 1.21894e-05 0.341374 0.00497512 1.02684e-05
ENSG00000241511.1 8 29975295 29975295 - 4 0 8_internal_7333 8 29385608 30015923 156 138.1 1.00004 3.22624 0.0198002 0.189294 0.0945274 0.0887126
ENSG00000177669.3 8 30002202 30002202 - 4 0 8_internal_7333 8 29385608 30015923 156 189.409 1.00003 5.0983 0.0573609 0.151282 0.159204 0.171317
ENSG00000104671.3 8 30013813 30013813 + 4 0 8_internal_7333 8 29385608 30015923 156 159.214 1.00001 4.29573 0.292346 0.0828202 0.756219 0.76674
ENSG00000253708.1 8 30038404 30038404 - 4 22481 8_internal_7333 8 29385608 30015923 156 153.669 0.999994 3.85974 0.263879 0.086992 0.706468 0.699244
ENSG00000157110.11 8 30241944 30241944 + 4 -226021 8_internal_7333 8 29385608 30015923 156 193.385 0.999968 4.50276 0.343221 -0.0749278 0.776119 0.78763
ENSG00000253112.1 8 30454431 30454431 + 3 -438508 8_internal_7333 8 29385608 30015923 156 158.666 0.999983 2.73827 0.144323 0.122017 0.328358 0.340296
ENSG00000253457.1 8 30496117 30496117 + 3 0 8_internal_7199 8 30449135 30515326 156 147.499 1.00005 3.03226 0.0635787 -0.151437 0.199005 0.200844
ENSG00000254172.1 8 30501206 30501206 + 3 0 8_internal_7199 8 30449135 30515326 156 146.829 1.00003 2.84882 0.362259 0.0706845 0.731343 0.740023
ENSG00000200319.1 8 30501206 30501206 + 3 0 8_internal_7199 8 30449135 30515326 156 127.679 1.00001 2.49459 0.362259 0.0706845 0.746269 0.731822
ENSG00000197265.4 8 30515768 30515768 - 3 442 8_internal_7199 8 30449135 30515326 156 125.836 1.00006 2.40092 0.191037 0.101324 0.482587 0.483284
ENSG00000104687.8 8 30585443 30585443 - 3 770386 8_internal_7136 8 29704730 29815057 156 154.995 1.00004 3.02098 0.033975 0.163978 0.124378 0.100786
ENSG00000104691.10 8 30589764 30589764 + 3 -74438 8_internal_7199 8 30449135 30515326 156 179.187 1.00004 3.89872 0.462604 0.0602156 0.895522 0.889035
ENSG00000104695.7 8 30671830 30671830 - 3 655907 8_internal_7333 8 29385608 30015923 156 192.304 0.999977 3.53052 0.241558 0.0919061 0.507463 0.531747
ENSG00000165392.5 8 30891317 30891317 + 2 -375991 8_internal_7199 8 30449135 30515326 156 154.111 0.999983 1.93035 0.0801385 0.139737 0.154229 0.152237
ENSG00000253579.1 8 30989318 30989318 - 2 473992 8_internal_7199 8 30449135 30515326 156 139.501 0.999969 1.99304 0.00152076 0.246257 0.00497512 0.00541384
ENSG00000253961.1 8 31034683 31034683 - 1 519357 8_internal_7199 8 30449135 30515326 156 148.261 0.999995 1.01783 0.890517 0.0110517 0.905473 0.897433
ENSG00000157168.13 8 31496902 31496902 + 2 987953 8_internal_7740 8 32484855 32504998 156 161.256 1.00001 2.10537 5.07545e-31 0.78358 0.00497512 1.08929e-31
ENSG00000247134.2 8 32853696 32853696 + 3 -348698 8_internal_7740 8 32484855 32504998 156 145.184 0.999953 2.68409 3.57742e-06 0.372418 0.00497512 2.09614e-05
ENSG00000254061.1 8 33294218 33294218 - 3 -75254 8_internal_7456 8 33369472 33414618 156 199.586 0.999985 3.93491 8.5593e-06 0.353739 0.00497512 1.87147e-06
