ENSG00000091181.15 3 3168297 3168297 - 1 -41619 3_internal_12306 3 3209916 3231781 156 132.356 1.00002 0.951262 0.192586 -0.103215 0.21393 0.22032
ENSG00000072756.12 3 3168600 3168600 + 1 41316 3_internal_12306 3 3209916 3231781 156 136.515 0.999973 0.943188 0.434165 0.0632492 0.432836 0.445175
ENSG00000113851.9 3 3221394 3221394 - 1 0 3_internal_12306 3 3209916 3231781 156 134.443 1.00003 0.817455 0.00102016 0.263706 0.00497512 0.00187865
ENSG00000223727.2 3 3668980 3668980 - 1 437199 3_internal_12306 3 3209916 3231781 156 147.454 1.00004 1.02353 0.039994 0.17094 0.0497512 0.04692
ENSG00000223036.1 3 3688140 3688140 + 1 -456359 3_internal_12306 3 3209916 3231781 156 144.62 1.00004 1.01989 0.657805 0.0359401 0.676617 0.676982
ENSG00000175928.5 3 3841121 3841121 + 3 936866 3_internal_13788 3 4777987 5033044 156 163.069 1.00003 3.21993 0.104812 0.129275 0.298507 0.280611
ENSG00000229241.1 3 4025979 4025979 - 4 794198 3_internal_12306 3 3209916 3231781 156 159.687 0.999958 3.88177 0.325118 0.0806795 0.771144 0.775519
ENSG00000170364.8 3 4344988 4344988 + 5 901628 3_internal_14244 3 5246616 5263834 156 155.756 0.999978 4.92725 0.122333 -0.122525 0.507463 0.475136
ENSG00000234325.1 3 4456644 4456644 - 5 -321343 3_internal_13788 3 4777987 5033044 156 166.527 0.999985 4.86706 0.0701445 -0.144478 0.278607 0.265037
ENSG00000144455.9 3 4508965 4508965 - 5 -269022 3_internal_13788 3 4777987 5033044 156 149.449 1.00001 4.22341 0.179602 0.104467 0.557214 0.587276
ENSG00000231249.1 3 4534847 4534847 - 5 -327519 3_internal_17055 3 4862366 5026457 156 180.177 1.00001 5.27491 0.0341452 -0.164521 0.129353 0.114459
ENSG00000150995.13 3 4535032 4535032 + 5 242955 3_internal_13788 3 4777987 5033044 156 165.202 1.00002 4.89987 0.0382957 -0.164328 0.189055 0.151609
ENSG00000235947.1 3 4793274 4793274 - 5 0 3_internal_13788 3 4777987 5033044 156 142.594 1.00003 4.44913 0.0340622 -0.172189 0.19403 0.176738
ENSG00000235978.2 3 4928977 4928977 - 5 -317639 3_internal_14244 3 5246616 5263834 156 158.925 1.00005 4.93486 0.0298224 0.169021 0.129353 0.132181
ENSG00000134107.4 3 5020801 5020801 + 5 0 3_internal_17055 3 4862366 5026457 156 175.668 1.06074 6.01382 1.70837e-07 0.413285 0.00497512 6.55259e-08
ENSG00000235831.2 3 5021646 5021646 - 5 0 3_internal_17055 3 4862366 5026457 156 149.845 0.999942 4.57053 2.92967e-05 0.324737 0.00497512 0.00019276
ENSG00000134108.8 3 5163905 5163905 + 5 -137448 3_internal_17055 3 4862366 5026457 156 149.906 0.999977 5.29865 0.12428 0.119989 0.517413 0.527412
ENSG00000233912.1 3 5229014 5229014 - 5 166330 3_internal_11801 3 5047880 5062684 156 165.704 1.00005 4.93151 0.102562 -0.121171 0.383085 0.380121
ENSG00000134109.6 3 5229331 5229331 + 5 -427396 3_internal_11447 3 4763674 4801935 156 172.819 0.937404 5.53887 0.151487 -0.114892 0.537313 0.568795
ENSG00000268509.1 3 5229982 5229982 - 5 -16634 3_internal_14244 3 5246616 5263834 156 167.685 1.00003 4.8032 0.132587 -0.119639 0.442786 0.455516
ENSG00000196277.11 3 6811688 6811688 + 2 520098 3_internal_14662 3 7331786 8153268 156 187.992 1.00002 2.19546 0.000192049 0.284262 0.00497512 9.26912e-05
ENSG00000236202.1 3 7602020 7602020 - 2 0 3_internal_14662 3 7331786 8153268 156 177.252 0.999997 2.10106 0.0250026 0.178941 0.0348259 0.0351077
ENSG00000180914.6 3 8811314 8811314 - 2 658046 3_internal_14662 3 7331786 8153268 156 189.82 1.00004 2.34756 0.116108 -0.121667 0.164179 0.183949
ENSG00000199815.1 3 8973179 8973179 + 3 800405 3_internal_12275 3 9773584 9887346 156 151.567 1.00005 3.04042 0.214429 0.0986241 0.532338 0.53215
ENSG00000070950.5 3 9005457 9005457 - 3 -825286 3_internal_11140 3 9830743 9933773 156 167.091 1.00004 3.11332 0.157754 -0.111374 0.373134 0.383027
ENSG00000224808.1 3 9055807 9055807 + 3 -902539 3_internal_14662 3 7331786 8153268 156 155.33 0.999961 2.53385 0.166331 0.109542 0.393035 0.371091
ENSG00000228723.2 3 9234177 9234177 + 2 596566 3_internal_11140 3 9830743 9933773 156 154.751 1.00004 2.03017 0.914377 0.00864525 1 0.993248
ENSG00000227929.2 3 9258579 9258579 + 2 515005 3_internal_12275 3 9773584 9887346 156 164.668 1.00003 2.28066 0.340745 -0.0765336 0.577114 0.595574
ENSG00000134077.10 3 9404526 9404526 + 4 860445 3_internal_13746 3 10264971 10308177 156 142.807 0.999986 3.78425 0.0471306 -0.148218 0.248756 0.200957
ENSG00000196220.10 3 9404737 9404737 - 4 -426006 3_internal_11140 3 9830743 9933773 156 166.954 1.00002 4.39526 0.0396916 -0.166236 0.144279 0.138394
ENSG00000254485.1 3 9404987 9404987 - 4 -368597 3_internal_12275 3 9773584 9887346 156 152.344 0.999983 3.75169 0.0659537 -0.141684 0.223881 0.235948
ENSG00000168137.11 3 9439299 9439299 + 5 825672 3_internal_13746 3 10264971 10308177 156 165.247 1.06742 6.13979 0.200569 0.102806 0.681592 0.697832
ENSG00000206573.4 3 9440263 9440263 - 5 -390480 3_internal_11140 3 9830743 9933773 156 204.323 0.912568 6.45617 0.0168452 0.186879 0.0646766 0.053788
ENSG00000163719.13 3 9691117 9691117 + 5 637295 3_internal_11354 3 10328412 10336542 156 136.409 0.999964 4.33099 0.0255409 0.180187 0.149254 0.14999
ENSG00000144550.8 3 9745491 9745491 + 5 519480 3_internal_13746 3 10264971 10308177 156 171.067 0.999957 5.59826 0.00797212 -0.211878 0.0497512 0.0301671
ENSG00000156983.11 3 9773413 9773413 + 5 171 3_internal_12275 3 9773584 9887346 156 173.184 1.01048 5.73988 0.00285888 0.223883 0.0149254 0.00907381
ENSG00000114026.16 3 9791628 9791628 + 5 0 3_internal_12275 3 9773584 9887346 156 186.057 0.857785 5.62896 0.00371212 0.231585 0.0199005 0.0175783
ENSG00000134072.6 3 9811676 9811676 - 5 0 3_internal_12275 3 9773584 9887346 156 142.38 1.00002 4.20687 0.00535658 0.227104 0.0199005 0.0324584
ENSG00000241553.5 3 9834179 9834179 + 5 0 3_internal_12275 3 9773584 9887346 156 150.165 1.00003 4.72197 0.0845675 0.137464 0.363184 0.361449
ENSG00000171148.9 3 9834695 9834695 - 5 0 3_internal_11140 3 9830743 9933773 156 144.788 1.00001 4.47887 0.0546371 0.160612 0.273632 0.256895
ENSG00000250151.3 3 9834798 9834798 + 5 430173 3_internal_13746 3 10264971 10308177 156 138.45 0.999977 4.14356 0.196834 0.104469 0.631841 0.650602
ENSG00000214021.10 3 9849770 9849770 + 5 0 3_internal_12275 3 9773584 9887346 156 156.701 1 4.67057 0.0347226 0.171986 0.149254 0.150488
ENSG00000268528.1 3 9870693 9870693 - 5 -457719 3_internal_11354 3 10328412 10336542 156 190.018 0.953734 6.58163 0.165975 0.110575 0.60199 0.608358
ENSG00000156990.10 3 9886286 9886286 - 5 -544832 3_internal_13942 3 10431118 10479825 156 169.147 1.00002 5.40122 0.0278931 0.175742 0.0945274 0.113357
ENSG00000171135.10 3 9932238 9932238 + 5 0 3_internal_11140 3 9830743 9933773 156 178.349 0.994937 5.88507 0.258812 -0.0923372 0.791045 0.782031
ENSG00000163701.14 3 9944296 9944296 + 5 320675 3_internal_13746 3 10264971 10308177 156 139.029 1.00003 3.92904 0.151091 0.114032 0.527363 0.531243
ENSG00000163702.14 3 9958758 9958758 + 5 -71412 3_internal_12275 3 9773584 9887346 156 173.093 0.999981 5.37968 0.131478 0.11712 0.457711 0.472365
ENSG00000212327.1 3 9960837 9960837 - 5 -304134 3_internal_13746 3 10264971 10308177 156 169.163 0.943747 6.21891 0.0140884 0.192925 0.079602 0.07595
ENSG00000163703.12 3 9975506 9975506 + 5 455612 3_internal_13942 3 10431118 10479825 156 190.277 0.977241 6.02043 0.177077 -0.102157 0.616915 0.59475
ENSG00000230082.1 3 9989088 9989088 + 5 442030 3_internal_13942 3 10431118 10479825 156 146.92 0.999977 4.33579 0.0152245 0.187033 0.0746269 0.0778549
ENSG00000163704.7 3 9994078 9994078 - 5 -437040 3_internal_13942 3 10431118 10479825 156 166.42 0.999951 5.61617 0.227782 0.0935507 0.741294 0.739201
ENSG00000180385.4 3 10028577 10028577 + 5 -94804 3_internal_11140 3 9830743 9933773 156 174.053 0.99996 4.97442 0.0187041 -0.191209 0.0597015 0.0629659
ENSG00000232901.1 3 10042624 10042624 - 5 108851 3_internal_11140 3 9830743 9933773 156 141.253 0.999991 4.74526 0.534349 -0.0491114 0.9801 0.978415
ENSG00000125037.7 3 10052800 10052800 - 5 -212171 3_internal_13746 3 10264971 10308177 156 157.661 1.00005 5.17614 0.235291 0.0927473 0.761194 0.746326
ENSG00000206567.4 3 10052893 10052893 - 5 -212078 3_internal_13746 3 10264971 10308177 156 137.612 0.999996 3.86163 0.258357 -0.0903786 0.731343 0.731415
ENSG00000186162.6 3 10068049 10068049 - 5 180703 3_internal_12275 3 9773584 9887346 156 187.307 0.99205 6.64038 0.333604 -0.076316 0.910448 0.897695
ENSG00000144554.6 3 10068098 10068098 + 5 260314 3_internal_11354 3 10328412 10336542 156 169.62 0.999999 5.46784 0.0529234 0.156535 0.199005 0.216032
ENSG00000163705.8 3 10149915 10149915 - 5 -178497 3_internal_11354 3 10328412 10336542 156 156.107 0.999986 4.35984 0.0650735 0.150939 0.273632 0.253934
ENSG00000254999.2 3 10157276 10157276 + 5 -269930 3_internal_12275 3 9773584 9887346 156 157.569 0.999945 4.68429 0.497653 0.0543523 0.975124 0.959439
ENSG00000269201.1 3 10171292 10171292 + 5 93679 3_internal_13746 3 10264971 10308177 156 168.096 1.05904 6.43259 0.0124415 0.20271 0.0447761 0.0492081
ENSG00000238642.1 3 10175069 10175069 + 5 -241296 3_internal_11140 3 9830743 9933773 156 135.632 1.00005 4.45302 0.230147 0.0999648 0.701493 0.743505
ENSG00000134086.7 3 10182692 10182692 + 5 82279 3_internal_13746 3 10264971 10308177 156 152.816 0.999943 4.56598 0.270401 -0.0838458 0.771144 0.770235
ENSG00000238345.1 3 10182834 10182834 + 5 145578 3_internal_11354 3 10328412 10336542 156 172.88 0.982021 5.695 0.0963335 0.123083 0.378109 0.386314
ENSG00000134070.4 3 10206549 10206549 + 5 58422 3_internal_13746 3 10264971 10308177 156 148.703 1.00005 5.00493 0.115235 0.123366 0.482587 0.484831
ENSG00000157014.5 3 10289707 10289707 + 5 38705 3_internal_11354 3 10328412 10336542 156 151.628 0.999965 4.48533 0.0752406 -0.143734 0.288557 0.310234
ENSG00000231177.4 3 10326103 10326103 + 5 -17926 3_internal_13746 3 10264971 10308177 156 157.325 1.00004 4.87643 0.183059 0.109746 0.61194 0.622751
ENSG00000240288.1 3 10327472 10327472 + 5 940 3_internal_11354 3 10328412 10336542 156 167.685 1.05263 5.86449 0.242022 -0.0958681 0.781095 0.76035
ENSG00000157017.11 3 10334631 10334631 - 5 0 3_internal_11354 3 10328412 10336542 156 139.059 0.999981 4.6775 0.00643213 0.206845 0.0447761 0.0464016
ENSG00000157020.13 3 10362862 10362862 - 5 475516 3_internal_12275 3 9773584 9887346 156 158.148 0.977777 5.47366 0.41435 0.0642081 0.955224 0.946928
ENSG00000157087.12 3 10749716 10749716 - 8 -898627 3_internal_15992 3 11648343 11668984 156 142.548 1.02554 6.74588 0.235996 -0.0971563 0.870647 0.860487
ENSG00000196639.6 3 11178779 11178779 + 7 -870602 3_internal_13746 3 10264971 10308177 156 187.672 0.850738 8.10554 0.124677 -0.117107 0.59204 0.612007
ENSG00000197548.7 3 11313995 11313995 + 6 334348 3_internal_15992 3 11648343 11668984 156 169.909 0.934832 6.54167 1.9535e-05 -0.327711 0.00497512 0.000105347
ENSG00000226621.1 3 11332349 11332349 - 6 -315994 3_internal_15992 3 11648343 11668984 156 138.13 1.00002 4.7015 0.197361 -0.101947 0.721393 0.698705
ENSG00000144560.9 3 11762220 11762220 - 4 0 3_internal_14333 3 11684937 11762470 156 150.729 0.999997 3.87496 0.0822835 0.140057 0.288557 0.299171
ENSG00000144559.6 3 11888393 11888393 - 4 61256 3_internal_13109 3 11811297 11827137 156 148.23 0.999953 3.89534 0.234157 -0.0996975 0.661692 0.667467
ENSG00000157152.11 3 12045862 12045862 + 4 -283392 3_internal_14333 3 11684937 11762470 156 182.934 0.999996 4.84302 0.0584134 -0.156092 0.20398 0.180916
ENSG00000132170.15 3 12328867 12328867 + 4 -501730 3_internal_13109 3 11811297 11827137 156 139.318 0.99999 3.68177 0.188697 -0.106851 0.567164 0.588434
ENSG00000154743.12 3 12525931 12525931 + 5 -840037 3_internal_11769 3 11610371 11685894 156 167.365 0.999994 4.97453 0.0357349 0.165342 0.179104 0.138866
ENSG00000200114.1 3 12552712 12552712 - 6 866818 3_internal_11769 3 11610371 11685894 156 170.214 1.05236 7.51727 0.261089 -0.0895943 0.850746 0.863147
ENSG00000251774.1 3 12556205 12556205 + 6 969952 3_internal_13173 3 13526157 13922613 156 148.276 1.00005 5.19971 0.00727935 -0.213933 0.0447761 0.0453587
ENSG00000075975.11 3 12598513 12598513 + 6 -836043 3_internal_14333 3 11684937 11762470 156 173.961 0.894151 6.30436 0.0794113 0.140022 0.363184 0.391768
ENSG00000225526.2 3 12602558 12602558 - 6 -923599 3_internal_13173 3 13526157 13922613 156 172.438 0.969202 5.90398 0.17498 0.108367 0.646766 0.6394
ENSG00000239140.1 3 12674233 12674233 + 5 743780 3_internal_13676 3 13418013 13436864 156 143.371 0.999968 4.10998 0.0853056 0.137883 0.353234 0.348735
ENSG00000132155.7 3 12705725 12705725 - 5 -988441 3_internal_11416 3 13694166 13697420 156 151.11 0.999975 4.77778 0.115087 0.124839 0.472637 0.459895
ENSG00000088726.11 3 12810956 12810956 - 4 -607057 3_internal_13676 3 13418013 13436864 156 151.064 0.999981 3.59638 0.521635 -0.052397 0.925373 0.932965
ENSG00000144712.7 3 12837971 12837971 + 3 856195 3_internal_11416 3 13694166 13697420 156 163.313 0.999957 2.80381 0.020285 -0.183769 0.0497512 0.0484382
ENSG00000207496.1 3 12881949 12881949 - 3 -644208 3_internal_13173 3 13526157 13922613 156 146.159 1.00004 2.92997 0.25868 0.0936343 0.626866 0.609142
ENSG00000144713.8 3 12883087 12883087 - 3 -811079 3_internal_11416 3 13694166 13697420 156 152.801 0.999985 3.01624 0.101698 -0.130197 0.298507 0.285068
ENSG00000144711.9 3 13114617 13114617 - 4 -411540 3_internal_13173 3 13526157 13922613 156 157.935 1 4.04516 0.0529768 -0.157595 0.18408 0.19263
ENSG00000132182.7 3 13461809 13461809 - 5 -703239 3_internal_10897 3 14165048 14190535 156 145.336 0.999993 4.79547 0.0371331 0.157123 0.179104 0.195169
ENSG00000163517.10 3 13521224 13521224 + 5 4933 3_internal_13173 3 13526157 13922613 156 171.448 1.00004 5.31661 0.00339453 0.215975 0.0149254 0.011265
ENSG00000244502.2 3 13521553 13521553 - 5 -384191 3_internal_11087 3 13905744 13933485 156 177.557 0.999959 5.35681 0.0390142 0.161762 0.169154 0.139398
ENSG00000163520.9 3 13573824 13573824 + 5 331920 3_internal_11087 3 13905744 13933485 156 136.744 0.99993 5.00049 0.00559602 0.218826 0.0298507 0.0466437
ENSG00000154764.5 3 13921618 13921618 - 6 0 3_internal_13173 3 13526157 13922613 156 150.043 1.05993 7.35176 0.00644431 0.218732 0.0497512 0.0445326
ENSG00000163528.8 3 14166370 14166370 - 6 729506 3_internal_13676 3 13418013 13436864 156 188.556 1 6.9044 0.0213225 -0.179688 0.124378 0.0757784
ENSG00000170876.7 3 14166440 14166440 + 6 -243827 3_internal_13173 3 13526157 13922613 156 158.895 1.04185 7.06671 0.376703 0.0702172 0.950249 0.95993
ENSG00000268279.1 3 14178644 14178644 + 6 -245159 3_internal_11087 3 13905744 13933485 156 138.511 0.999991 4.84777 0.192607 -0.105486 0.691542 0.699509
ENSG00000228242.1 3 14186320 14186320 + 6 -252835 3_internal_11087 3 13905744 13933485 156 142.335 1.03148 5.81796 0.0366761 -0.168504 0.263682 0.226987
ENSG00000170860.3 3 14219858 14219858 + 6 -286373 3_internal_11087 3 13905744 13933485 156 142.929 0.999983 5.11488 0.278952 -0.0853004 0.820896 0.838824
ENSG00000154767.10 3 14220283 14220283 - 6 286798 3_internal_11087 3 13905744 13933485 156 146.25 1.00003 5.11792 0.0546759 -0.153311 0.303483 0.282666
ENSG00000131389.12 3 14444076 14444076 + 7 846336 3_internal_15324 3 15290412 15295678 156 165.994 0.926243 6.44581 0.0656145 0.144818 0.353234 0.352099
ENSG00000144596.7 3 14583588 14583588 - 8 -722925 3_internal_14729 3 15306513 15411208 156 164.272 1.06137 9.32931 0.141702 -0.116899 0.706468 0.710632
ENSG00000235629.1 3 14690939 14690939 - 9 -154670 3_internal_12258 3 14845609 14927659 156 191.831 0.908233 11.8812 0.131556 -0.122426 0.711443 0.726564
ENSG00000154781.11 3 14693271 14693271 + 9 -759786 3_internal_11087 3 13905744 13933485 156 144.513 1.04487 8.55955 0.0516501 -0.154853 0.402985 0.39616
ENSG00000131379.5 3 14716606 14716606 + 8 -783121 3_internal_11087 3 13905744 13933485 156 140.446 1.04926 7.33687 0.0368142 -0.159639 0.283582 0.279578
ENSG00000154783.6 3 14860469 14860469 + 8 0 3_internal_12258 3 14845609 14927659 156 169.33 0.861727 7.72179 0.254855 0.0928865 0.890547 0.899721
ENSG00000177463.11 3 14989091 14989091 + 6 580682 3_internal_11264 3 15569773 15599879 156 174.312 0.906171 6.59776 0.0408826 0.160401 0.20398 0.223262
ENSG00000225733.1 3 14989931 14989931 - 6 -681388 3_internal_12367 3 15671319 15689823 156 155.97 1.00001 5.54492 0.196328 -0.0995565 0.701493 0.702461
ENSG00000131368.3 3 15106842 15106842 - 6 -183570 3_internal_15324 3 15290412 15295678 156 179.37 0.995875 7.66366 0.101822 -0.129915 0.487562 0.471063
ENSG00000131381.8 3 15140670 15140670 - 6 -165843 3_internal_14729 3 15306513 15411208 156 181.365 0.942958 6.65175 0.0436226 0.159836 0.218905 0.202811
ENSG00000230524.4 3 15247466 15247466 - 5 -423853 3_internal_12367 3 15671319 15689823 156 154.096 1.00002 4.62866 0.482176 -0.0571981 0.935323 0.953594
ENSG00000131375.5 3 15247659 15247659 + 5 58854 3_internal_14729 3 15306513 15411208 156 158.712 1.00002 5.21953 0.149179 0.113707 0.572139 0.560358
ENSG00000252085.1 3 15278600 15278600 - 5 -291173 3_internal_11264 3 15569773 15599879 156 132.813 0.999997 4.10058 0.019212 0.182926 0.104478 0.120356
ENSG00000224660.1 3 15295691 15295691 + 5 10822 3_internal_14729 3 15306513 15411208 156 134.063 0.999945 4.03602 7.82422e-15 0.558509 0.00497512 2.40682e-12
ENSG00000238891.1 3 15358127 15358127 + 5 0 3_internal_14729 3 15306513 15411208 156 171.539 0.991943 5.61391 0.000417754 0.276711 0.00497512 0.00127693
ENSG00000131370.11 3 15382875 15382875 - 5 0 3_internal_14729 3 15306513 15411208 156 141.939 0.99994 5.28727 2.01252e-15 0.561067 0.00497512 1.93035e-13
ENSG00000144597.9 3 15468862 15468862 + 5 202457 3_internal_12367 3 15671319 15689823 156 160.631 0.999976 4.80112 0.0441846 -0.156166 0.20398 0.182679
ENSG00000206926.1 3 15474723 15474723 - 5 -95050 3_internal_11264 3 15569773 15599879 156 171.554 0.99997 5.50767 0.0931776 -0.132817 0.38806 0.361665
ENSG00000206562.7 3 15482073 15482073 - 5 186395 3_internal_15324 3 15290412 15295678 156 166.161 1.07927 6.57503 0.0317203 -0.165765 0.104478 0.13713
ENSG00000249786.2 3 15485576 15485576 - 5 -185743 3_internal_12367 3 15671319 15689823 156 149.327 1.00004 4.70412 0.105653 -0.127968 0.427861 0.432399
ENSG00000206561.6 3 15563258 15563258 - 6 -6515 3_internal_11264 3 15569773 15599879 156 143.493 0.999981 5.35345 0.0028064 0.219653 0.0248756 0.0220903
ENSG00000169814.8 3 15642848 15642848 + 6 -231640 3_internal_14729 3 15306513 15411208 156 171.737 0.950574 6.95907 0.0703821 0.141097 0.343284 0.361459
ENSG00000131373.10 3 15643338 15643338 - 6 715679 3_internal_12258 3 14845609 14927659 156 181 0.925785 6.59207 0.0418472 0.163998 0.21393 0.201011
ENSG00000263740.1 3 15780022 15780022 + 6 -852363 3_internal_12258 3 14845609 14927659 156 151.293 1.15669 6.83235 0.476368 -0.0534908 0.9801 0.985272
ENSG00000206560.6 3 15901278 15901278 - 6 301399 3_internal_11264 3 15569773 15599879 156 150.059 0.999972 5.59839 0.175765 0.106241 0.661692 0.680216
ENSG00000154813.5 3 16306479 16306479 - 6 -620861 3_internal_11097 3 16927340 17041785 156 136.988 0.99997 5.08527 0.231823 -0.0975916 0.771144 0.787612
ENSG00000154814.8 3 16306706 16306706 + 6 679821 3_internal_11299 3 16986527 17017386 156 165.567 0.936434 6.91794 0.119429 -0.122668 0.542289 0.57731
ENSG00000131378.8 3 16555533 16555533 - 5 865710 3_internal_12367 3 15671319 15689823 156 140.537 1.00003 4.48841 0.00679552 0.211485 0.079602 0.0450164
ENSG00000154822.11 3 16844159 16844159 + 3 83181 3_internal_11097 3 16927340 17041785 156 141.146 1.00001 2.74505 3.41426e-12 0.535129 0.00497512 9.93709e-11
ENSG00000264818.1 3 16974688 16974688 + 3 -462301 3_internal_11038 3 16503766 16512387 156 190.491 1.00003 3.01096 0.205814 -0.10012 0.40796 0.412603
ENSG00000226441.1 3 17085684 17085684 - 3 43899 3_internal_11097 3 16927340 17041785 156 141.543 0.999972 2.54962 4.09729e-06 0.378575 0.00497512 2.93051e-05
ENSG00000252976.1 3 17177214 17177214 - 3 135429 3_internal_11097 3 16927340 17041785 156 164.821 1.00001 3.04299 0.0767208 0.142917 0.208955 0.195067
ENSG00000231780.1 3 17374618 17374618 + 3 -862231 3_internal_11038 3 16503766 16512387 156 168.203 0.999984 3.05443 0.414293 -0.069415 0.791045 0.786222
ENSG00000227309.1 3 17506642 17506642 + 6 923750 3_internal_12325 3 18430392 18489798 156 159.138 0.920126 5.74136 0.0641571 0.149391 0.343284 0.342714
ENSG00000239088.1 3 17706455 17706455 + 5 -664670 3_internal_11097 3 16927340 17041785 156 157.569 0.999963 4.55532 0.0190991 -0.196309 0.079602 0.0815686
ENSG00000233133.1 3 17747725 17747725 - 5 -682667 3_internal_12325 3 18430392 18489798 156 168.568 1.00002 4.89527 0.378522 0.0677268 0.900498 0.887415
ENSG00000131374.9 3 18486309 18486309 - 8 91197 3_internal_15493 3 18390935 18395112 156 143.873 0.966213 5.82355 0.266027 0.0934342 0.845771 0.865735
ENSG00000228956.3 3 18486516 18486516 + 8 277105 3_internal_10819 3 18763621 18790130 156 156.442 1.01332 8.36069 2.6563e-06 0.365049 0.00497512 1.85374e-05
ENSG00000182568.11 3 18487080 18487080 - 8 -267057 3_internal_12022 3 18754137 18800172 156 155.65 0.987526 8.78267 0.00557529 0.225919 0.0447761 0.0504527
ENSG00000183960.4 3 19189946 19189946 + 8 -366665 3_internal_10802 3 18819436 18823281 156 159.184 0.994516 7.88556 0.00494386 0.225554 0.039801 0.0358226
ENSG00000163576.13 3 19988517 19988517 - 2 799364 3_internal_10752 3 19144359 19189153 156 182.98 1.00001 2.86065 0.433728 0.0629203 0.776119 0.764085
ENSG00000144566.5 3 19988571 19988571 + 2 -799418 3_internal_10752 3 19144359 19189153 156 143.066 0.999973 1.94708 0.630107 0.0390274 0.860697 0.866673
ENSG00000183977.9 3 20053822 20053822 - 1 864669 3_internal_10752 3 19144359 19189153 156 134.459 1.00003 0.879537 0.732695 -0.0279533 0.686567 0.705844
ENSG00000114166.7 3 20081515 20081515 + 1 -892362 3_internal_10752 3 19144359 19189153 156 147.865 1.00004 0.940768 0.262371 0.0917623 0.278607 0.261266
ENSG00000266745.1 3 20179057 20179057 + 1 -989904 3_internal_10752 3 19144359 19189153 156 170.579 1 1.20987 0.402783 -0.0687888 0.402985 0.4409
ENSG00000237485.1 3 20215736 20215736 + 0 NA NA NA NA NA NA NA NA NA NA NA NA NA
ENSG00000129810.10 3 20227784 20227784 - 0 NA NA NA NA NA NA NA NA NA NA NA NA NA
ENSG00000261734.1 3 20429741 20429741 + 0 NA NA NA NA NA NA NA NA NA NA NA NA NA
ENSG00000132967.9 3 22423310 22423310 + 2 856370 3_internal_11984 3 23279680 23454680 156 159.169 1.00003 2.21382 0.311996 0.0822481 0.537313 0.556124
ENSG00000182247.5 3 23244511 23244511 + 3 35169 3_internal_11984 3 23279680 23454680 156 166.527 1 3.15686 4.7144e-05 0.321259 0.00497512 8.24765e-05
ENSG00000206728.1 3 23315298 23315298 + 3 0 3_internal_11984 3 23279680 23454680 156 166.39 0.999966 3.0912 0.168579 0.113483 0.412935 0.405896
ENSG00000228171.1 3 23431400 23431400 - 3 0 3_internal_11984 3 23279680 23454680 156 179.232 1.00005 3.71312 0.0142564 0.186597 0.0298507 0.0315676
ENSG00000221506.1 3 23441060 23441060 - 3 -429402 3_internal_12393 3 23870462 23882635 156 161.408 0.999963 3.08692 0.699985 -0.0294406 0.960199 0.974429
ENSG00000265645.1 3 23522069 23522069 - 3 36869 3_internal_16319 3 23153756 23485200 156 190.734 1.00001 3.05268 0.132743 0.115942 0.273632 0.266016
ENSG00000252562.1 3 23655250 23655250 - 3 200570 3_internal_11984 3 23279680 23454680 156 138.496 1.00003 2.78096 0.055072 0.153022 0.169154 0.184559
ENSG00000170142.7 3 23847394 23847394 + 3 23068 3_internal_12393 3 23870462 23882635 156 159.382 1.00003 3.18362 0.310908 0.0832471 0.666667 0.686995
ENSG00000223791.1 3 23848396 23848396 - 3 -22066 3_internal_12393 3 23870462 23882635 156 164.699 1.00004 3.20229 0.475126 -0.0559571 0.875622 0.863465
ENSG00000231395.1 3 23920989 23920989 - 3 466309 3_internal_11984 3 23279680 23454680 156 210.082 0.999992 3.55902 0.298828 0.0841067 0.58209 0.601421
ENSG00000174748.13 3 23958036 23958036 + 3 -75401 3_internal_12393 3 23870462 23882635 156 132.356 0.999955 2.41173 0.000407034 0.279962 0.00497512 0.00272724
ENSG00000174738.7 3 23986751 23986751 + 3 -104116 3_internal_12393 3 23870462 23882635 156 151.125 0.999979 2.8694 0.353477 0.075125 0.721393 0.72354
ENSG00000197885.6 3 23988082 23988082 - 3 105447 3_internal_12393 3 23870462 23882635 156 131.183 1.00003 2.3811 0.555245 -0.0482865 0.875622 0.879377
ENSG00000224074.2 3 24144738 24144738 - 3 659538 3_internal_16319 3 23153756 23485200 156 150.516 0.999981 2.97871 0.724943 -0.028774 0.99005 0.979682
ENSG00000151090.13 3 24536773 24536773 - 1 654138 3_internal_12393 3 23870462 23882635 156 177.739 0.999996 0.968549 0.122463 -0.124868 0.119403 0.0961951
ENSG00000077092.14 3 25215823 25215823 + 0 NA NA NA NA NA NA NA NA NA NA NA NA NA
ENSG00000077097.9 3 25706398 25706398 - 0 NA NA NA NA NA NA NA NA NA NA NA NA NA
ENSG00000264219.1 3 25706430 25706430 - 0 NA NA NA NA NA NA NA NA NA NA NA NA NA
ENSG00000213872.3 3 25790979 25790979 + 0 NA NA NA NA NA NA NA NA NA NA NA NA NA
ENSG00000213871.3 3 25796416 25796416 + 0 NA NA NA NA NA NA NA NA NA NA NA NA NA
ENSG00000151093.3 3 25824408 25824408 + 0 NA NA NA NA NA NA NA NA NA NA NA NA NA
ENSG00000151092.12 3 25831530 25831530 - 0 NA NA NA NA NA NA NA NA NA NA NA NA NA
ENSG00000163491.12 3 27410951 27410951 - 1 -97676 3_internal_12047 3 27508627 27513488 156 151.125 1 0.940429 0.141569 0.114178 0.129353 0.139801
ENSG00000227523.1 3 27503997 27503997 + 1 4630 3_internal_12047 3 27508627 27513488 156 125.303 0.999996 0.90524 0.0502632 0.1526 0.0597015 0.0722033
ENSG00000033867.12 3 27525911 27525911 - 1 12423 3_internal_12047 3 27508627 27513488 156 154.705 1.00003 0.975125 0.086319 0.135642 0.0845771 0.0855477
ENSG00000213846.3 3 27674467 27674467 + 1 -160979 3_internal_12047 3 27508627 27513488 156 157.737 0.999992 0.956464 0.162169 0.110972 0.149254 0.153452
ENSG00000163508.8 3 27764206 27764206 - 1 250718 3_internal_12047 3 27508627 27513488 156 143.691 1.00003 0.962173 0.498294 0.0546334 0.502488 0.50233
ENSG00000187118.8 3 28283075 28283075 + 2 911704 3_internal_11734 3 29194779 29213608 156 151.811 0.999975 2.29135 0.41052 -0.0646788 0.706468 0.709445
ENSG00000163512.9 3 28390618 28390618 - 2 877130 3_internal_12047 3 27508627 27513488 156 155.787 0.999995 2.47164 0.274386 0.0872652 0.512438 0.54791
ENSG00000206559.3 3 28390637 28390637 + 2 804142 3_internal_11734 3 29194779 29213608 156 166.954 1.00003 2.05656 0.0135676 0.195481 0.0298507 0.0217767
ENSG00000163513.13 3 30647994 30647994 + 8 927245 3_internal_10982 3 31575239 31625098 156 167.426 0.894533 8.47336 0.151279 0.116516 0.731343 0.750501
ENSG00000224618.1 3 30668289 30668289 - 8 190150 3_internal_13588 3 30371632 30478139 156 186.514 0.769301 8.4195 0.0591245 0.15887 0.383085 0.402044
ENSG00000261468.1 3 30739153 30739153 + 8 -2571 3_internal_11677 3 30361053 30736582 156 138.267 1.04218 7.12012 0.0207343 0.180439 0.18408 0.176614
ENSG00000144644.10 3 30936257 30936257 - 9 -317548 3_internal_12212 3 31253805 31265150 156 163.114 1.01247 9.60303 0.05769 -0.147562 0.393035 0.396878
ENSG00000227339.1 3 31494324 31494324 + 12 -229174 3_internal_12212 3 31253805 31265150 156 143.889 1.00001 11.0371 0.164102 0.112141 0.885572 0.89037
ENSG00000163527.5 3 31574130 31574130 + 10 837662 3_internal_14323 3 32411792 32515999 156 147.195 0.973941 8.08001 0.0134777 0.194 0.139303 0.133154
ENSG00000197385.5 3 32023263 32023263 + 9 408060 3_internal_12210 3 32431323 32516190 156 174.891 0.905054 10.046 0.0743319 0.145101 0.522388 0.502226
ENSG00000144645.9 3 32119072 32119072 - 11 114246 3_internal_11370 3 31856665 32004826 156 154.02 0.985596 10.507 0.0859998 0.13172 0.606965 0.626279
ENSG00000152642.6 3 32147181 32147181 + 11 -522083 3_internal_10982 3 31575239 31625098 156 165.263 0.867301 10.9442 0.0446204 0.165678 0.393035 0.417233
ENSG00000236732.1 3 32193387 32193387 - 11 928237 3_internal_12212 3 31253805 31265150 156 155.726 1.03232 11.1465 0.0306282 -0.171287 0.298507 0.279946
ENSG00000170293.4 3 32280171 32280171 + 11 0 3_internal_13282 3 32279353 32409810 156 166.283 1.00694 11.3967 0.0339753 0.165508 0.278607 0.278266
ENSG00000234737.1 3 32300432 32300432 + 10 0 3_internal_13282 3 32279353 32409810 156 139.395 1.07755 8.33285 0.00976533 0.207826 0.0945274 0.0948872
ENSG00000153551.9 3 32433163 32433163 + 10 0 3_internal_12210 3 32431323 32516190 156 146.387 1.02798 9.37748 0.000723734 0.276733 0.00995025 0.00860061
ENSG00000091317.7 3 32544900 32544900 - 10 919802 3_internal_10982 3 31575239 31625098 156 151.216 1.09128 10.4066 0.114867 -0.13002 0.711443 0.706307
ENSG00000213849.3 3 32549447 32549447 + 10 -544621 3_internal_11370 3 31856665 32004826 156 164.029 0.925176 9.70289 0.0594535 0.150636 0.452736 0.448557
ENSG00000144635.4 3 32612366 32612366 - 9 607540 3_internal_11370 3 31856665 32004826 156 145.671 0.962613 8.10844 0.00156935 0.253499 0.0298507 0.0213263
ENSG00000237676.1 3 32677046 32677046 - 8 -380158 3_internal_13844 3 33057204 33105443 156 136.226 1.14401 7.41939 0.0501714 -0.161226 0.393035 0.339829
ENSG00000182973.14 3 32726637 32726637 + 8 -316827 3_internal_13282 3 32279353 32409810 156 153.151 1.04392 7.54298 0.211069 0.100658 0.825871 0.829062
ENSG00000251224.1 3 32778946 32778946 - 8 774120 3_internal_11370 3 31856665 32004826 156 132.234 1.08864 6.92846 0.120059 -0.127574 0.666667 0.649077
ENSG00000213842.2 3 32794402 32794402 + 8 -278403 3_internal_14323 3 32411792 32515999 156 149.343 1.01135 7.90012 0.138262 0.116345 0.731343 0.711226
ENSG00000227337.1 3 32827138 32827138 + 8 230066 3_internal_13844 3 33057204 33105443 156 151.75 0.976503 6.81323 0.0552841 -0.148703 0.333333 0.34879
ENSG00000206557.3 3 32859510 32859510 + 9 -320958 3_internal_12630 3 32481850 32538552 156 160.951 0.916395 8.82773 0.0533449 0.158054 0.402985 0.403031
ENSG00000183813.6 3 32993066 32993066 + 10 845714 3_internal_11951 3 33838780 33876292 156 155.421 0.961265 10.1298 0.080442 0.144575 0.572139 0.59227
ENSG00000223899.1 3 33075355 33075355 + 9 9750 3_internal_11133 3 33085105 33107121 156 150.348 1.06702 9.18662 0.0275831 0.181621 0.233831 0.221073
ENSG00000235424.1 3 33118696 33118696 + 9 -602506 3_internal_12210 3 32431323 32516190 156 196.615 0.875551 12.5317 0.254116 0.0919686 0.955224 0.951914
ENSG00000188167.4 3 33138293 33138293 - 9 728483 3_internal_13282 3 32279353 32409810 156 139.196 1.10262 9.1199 0.128436 -0.121454 0.761194 0.743946
ENSG00000170266.10 3 33138722 33138722 - 9 -121000 3_internal_11288 3 33259722 33319741 156 186.484 0.867204 10.8525 0.0217348 0.18126 0.18408 0.17
ENSG00000170275.9 3 33155471 33155471 + 9 -639281 3_internal_12210 3 32431323 32516190 156 150.592 1.14125 9.1806 0.14496 0.110971 0.771144 0.737357
ENSG00000173705.4 3 33260707 33260707 - 9 744517 3_internal_12210 3 32431323 32516190 156 154.873 1.01669 8.2834 0.17264 -0.0982227 0.800995 0.79044
ENSG00000153558.9 3 33318517 33318517 + 9 -802518 3_internal_14323 3 32411792 32515999 156 154.446 1.013 8.27702 0.0666545 0.140826 0.462687 0.435755
ENSG00000252700.1 3 33455642 33455642 + 8 -135901 3_internal_11288 3 33259722 33319741 156 164.729 0.88572 7.35587 0.110578 0.126495 0.557214 0.595595
ENSG00000153560.7 3 33482863 33482863 - 8 163122 3_internal_11288 3 33259722 33319741 156 151.491 0.891714 6.54499 0.0718278 0.145294 0.39801 0.457083
ENSG00000238008.1 3 33596128 33596128 + 5 292841 3_internal_11432 3 33888969 33898438 156 141.299 1.00001 4.49594 0.188789 0.110291 0.676617 0.655663
ENSG00000163539.11 3 33759848 33759848 - 5 -78932 3_internal_11951 3 33838780 33876292 156 160.433 0.999993 5.39969 0.029639 0.172603 0.114428 0.139344
ENSG00000170248.8 3 33839844 33839844 + 6 0 3_internal_11951 3 33838780 33876292 156 152.923 0.999975 5.49537 1.53941e-10 0.493378 0.00497512 1.28178e-09
ENSG00000144681.6 3 36421836 36421836 + 3 832736 3_internal_11039 3 37254572 37258361 156 143.173 0.999958 2.613 0.186157 0.108567 0.422886 0.451618
ENSG00000201315.1 3 36726531 36726531 + 2 528041 3_internal_11039 3 37254572 37258361 156 153.7 1.00003 1.8632 0.408193 0.06463 0.616915 0.627819
ENSG00000234073.1 3 36922220 36922220 - 2 -332352 3_internal_11039 3 37254572 37258361 156 203.562 0.999976 2.49818 0.215922 0.10008 0.318408 0.347979
ENSG00000168016.9 3 36986548 36986548 - 3 34894 3_internal_11387 3 36932579 36951654 156 188.632 0.999971 3.34841 0.00088696 0.262911 0.00995025 0.000856702
ENSG00000236165.1 3 37017807 37017807 + 3 -66153 3_internal_11387 3 36932579 36951654 156 143.02 1 2.83109 0.00779822 -0.205428 0.0248756 0.0304364
ENSG00000178567.5 3 37034795 37034795 - 3 -219777 3_internal_11039 3 37254572 37258361 156 170.473 0.99997 2.85226 0.00561603 -0.220511 0.00497512 0.0107644
ENSG00000076242.10 3 37034823 37034823 + 3 -83169 3_internal_11387 3 36932579 36951654 156 147.499 1.00003 2.69515 0.274696 0.0848744 0.597015 0.599996
ENSG00000224858.4 3 37058505 37058505 - 3 106851 3_internal_11387 3 36932579 36951654 156 143.386 1.00004 2.62615 0.0618147 -0.148429 0.189055 0.181444
ENSG00000206645.1 3 37134725 37134725 - 3 -119847 3_internal_11039 3 37254572 37258361 156 157.813 1.00005 3.05521 0.0458546 0.164729 0.149254 0.130123
ENSG00000225558.1 3 37176149 37176149 + 3 756015 3_internal_14802 3 37932164 37941370 156 134.855 1.00004 3.07298 0.32781 -0.0771231 0.781095 0.749938
ENSG00000199594.1 3 37181818 37181818 + 3 -230164 3_internal_11387 3 36932579 36951654 156 153.974 1.00003 2.83896 0.332693 -0.0778323 0.671642 0.687096
ENSG00000224080.1 3 37185449 37185449 - 3 -69123 3_internal_11039 3 37254572 37258361 156 157.341 0.999992 2.76109 0.0218811 -0.171812 0.0696517 0.0577662
ENSG00000093167.13 3 37225180 37225180 - 3 -29392 3_internal_11039 3 37254572 37258361 156 149.586 0.999963 2.80618 0.268581 -0.0894824 0.606965 0.600185
ENSG00000144674.12 3 37284668 37284668 + 3 -333014 3_internal_11387 3 36932579 36951654 156 149.998 1.00004 2.64242 0.18315 -0.106336 0.437811 0.430372
ENSG00000176354.2 3 37285686 37285686 - 3 334032 3_internal_11387 3 36932579 36951654 156 132.707 1.00001 2.56792 0.278442 -0.0862145 0.587065 0.625203
ENSG00000230409.2 3 37317087 37317087 + 3 -58726 3_internal_11039 3 37254572 37258361 156 136.85 0.999991 2.52406 0.274688 0.0841438 0.631841 0.602819
ENSG00000222208.1 3 37383140 37383140 + 3 -124779 3_internal_11039 3 37254572 37258361 156 127.344 0.999991 2.60827 0.183169 -0.105576 0.507463 0.493043
ENSG00000198590.7 3 37427760 37427760 + 4 504404 3_internal_14802 3 37932164 37941370 156 146.844 0.999989 4.0932 0.0695893 -0.141878 0.288557 0.283923
ENSG00000144668.7 3 37493606 37493606 + 4 438558 3_internal_14802 3 37932164 37941370 156 143.873 0.999984 3.83869 0.0288838 -0.177766 0.164179 0.13092
ENSG00000235257.3 3 37903271 37903271 - 4 -28893 3_internal_14802 3 37932164 37941370 156 131.138 0.999985 3.46016 0.0922684 -0.139048 0.373134 0.364524
ENSG00000144677.10 3 37903451 37903451 + 4 -951797 3_internal_11387 3 36932579 36951654 156 141.771 1.00004 3.72057 0.175302 -0.108922 0.572139 0.556692
ENSG00000136059.10 3 38029550 38029550 + 3 -88180 3_internal_14802 3 37932164 37941370 156 134.078 1.00001 2.68312 0.0518156 -0.145351 0.169154 0.180451
ENSG00000200579.1 3 38056059 38056059 + 3 -114689 3_internal_14802 3 37932164 37941370 156 152.359 1.00003 3.21924 0.796874 -0.0208746 1 0.994307
ENSG00000187091.9 3 38071253 38071253 - 3 129883 3_internal_14802 3 37932164 37941370 156 133.103 0.999966 2.79203 0.292238 0.0863019 0.691542 0.674153
ENSG00000008226.15 3 38080696 38080696 + 3 306822 3_internal_13534 3 38387518 38498016 156 140.964 1.00003 2.93345 0.0240007 0.179964 0.0845771 0.0908094
ENSG00000239685.1 3 38164574 38164574 - 3 -222944 3_internal_13534 3 38387518 38498016 156 157.127 1.00001 2.87962 0.435423 0.0626799 0.79602 0.805584
ENSG00000201965.1 3 38166885 38166885 - 3 908524 3_internal_11039 3 37254572 37258361 156 158.757 1.00004 2.91538 0.104874 0.12884 0.303483 0.268839
ENSG00000060971.12 3 38178733 38178733 - 3 -208785 3_internal_13534 3 38387518 38498016 156 142.579 1.00003 2.47946 0.0158637 0.192011 0.0447761 0.0515776
ENSG00000172936.8 3 38179969 38179969 + 3 207549 3_internal_13534 3 38387518 38498016 156 153.304 0.999962 3.20505 0.288548 0.0830928 0.676617 0.670525
ENSG00000172939.4 3 38206580 38206580 + 3 -948219 3_internal_11039 3 37254572 37258361 156 162.962 1.00003 2.87224 0.320197 -0.0833375 0.681592 0.654959
ENSG00000172940.7 3 38307303 38307303 + 3 80215 3_internal_13534 3 38387518 38498016 156 145.123 0.999979 2.62847 0.0691433 0.148238 0.18408 0.195999
ENSG00000093217.5 3 38388251 38388251 + 6 900657 3_internal_12792 3 39288908 39324209 156 141.893 1.00004 4.81573 0.0172291 0.19211 0.0945274 0.106595
ENSG00000114739.8 3 38495342 38495342 + 6 793566 3_internal_12792 3 39288908 39324209 156 165.186 1.05171 6.01547 0.221968 0.0947735 0.736318 0.739364
ENSG00000229589.1 3 38496311 38496311 - 6 0 3_internal_13534 3 38387518 38498016 156 152.968 1.01326 6.48538 0.155626 0.109305 0.666667 0.67151
ENSG00000157036.8 3 38537618 38537618 + 6 -39602 3_internal_13534 3 38387518 38498016 156 149.876 1.0297 5.66458 0.0751897 0.143754 0.383085 0.367388
ENSG00000230683.1 3 38557321 38557321 - 6 -776899 3_internal_11799 3 39334220 39336939 156 179.293 0.896245 5.89384 0.290074 0.0850251 0.860697 0.850539
ENSG00000232439.1 3 38568816 38568816 - 6 -759572 3_internal_11379 3 39328388 39333836 156 150.866 0.987577 6.05133 0.0461337 0.163763 0.278607 0.271646
ENSG00000168356.7 3 38992052 38992052 - 5 -296856 3_internal_12792 3 39288908 39324209 156 159.047 0.999994 4.7956 0.182046 0.103214 0.606965 0.608971
ENSG00000114742.9 3 39093489 39093489 + 5 -595473 3_internal_13534 3 38387518 38498016 156 140.903 1.00001 4.20604 0.104963 0.12394 0.422886 0.425396
ENSG00000168026.12 3 39149152 39149152 + 5 139756 3_internal_12792 3 39288908 39324209 156 130.391 1.00005 4.37171 0.167196 -0.108526 0.621891 0.636789
ENSG00000114745.9 3 39149854 39149854 - 5 -139054 3_internal_12792 3 39288908 39324209 156 166.557 1.00003 5.15751 0.28333 0.0836634 0.825871 0.799291
ENSG00000144655.10 3 39196053 39196053 - 5 -92855 3_internal_12792 3 39288908 39324209 156 143.752 1 4.792 0.208053 -0.0992085 0.716418 0.708673
ENSG00000168329.9 3 39323226 39323226 - 5 0 3_internal_12792 3 39288908 39324209 156 156.899 0.999979 5.30292 0.00012781 0.297556 0.00497512 0.000647885
ENSG00000223668.1 3 39400036 39400036 + 6 -63097 3_internal_11799 3 39334220 39336939 156 145.26 1.00412 5.62912 0.233356 -0.0984264 0.80597 0.801178
ENSG00000144659.5 3 39424839 39424839 + 6 -20528 3_internal_10973 3 39388238 39404311 156 186.56 0.962714 7.44538 0.206607 -0.0988326 0.751244 0.755923
ENSG00000168028.8 3 39448180 39448180 + 6 -43869 3_internal_10973 3 39388238 39404311 156 149.495 1.05146 6.29166 0.000166653 -0.279564 0.00497512 0.00100707
ENSG00000206760.1 3 39449880 39449880 + 6 -951864 3_internal_13534 3 38387518 38498016 156 158.605 1.03184 6.30066 0.178809 -0.102675 0.701493 0.691542
ENSG00000202363.1 3 39452545 39452545 + 6 897485 3_internal_10980 3 40350030 40500196 156 172.164 0.905209 5.56782 0.00430045 -0.224029 0.0248756 0.0229181
ENSG00000264724.1 3 39458971 39458971 + 6 -54660 3_internal_10973 3 39388238 39404311 156 165.521 0.955535 6.6668 0.00232715 -0.234871 0.0199005 0.0140386
ENSG00000170011.9 3 39850405 39850405 + 5 -526196 3_internal_12792 3 39288908 39324209 156 167.609 0.910289 5.60503 0.0560097 -0.150126 0.278607 0.278405
ENSG00000265327.1 3 40250496 40250496 + 5 -926287 3_internal_12792 3 39288908 39324209 156 141.436 1.00001 4.22895 0.10656 -0.121741 0.447761 0.429913
ENSG00000114784.3 3 40351175 40351175 + 2 0 3_internal_10980 3 40350030 40500196 156 134.916 0.99996 1.76121 0.166082 -0.111917 0.328358 0.321845
ENSG00000168032.4 3 40428647 40428647 + 1 0 3_internal_10980 3 40350030 40500196 156 126.247 1.00003 0.982144 0.605514 -0.0414557 0.641791 0.635686
ENSG00000223797.1 3 40494820 40494820 - 1 0 3_internal_10980 3 40350030 40500196 156 164.577 0.999986 0.939066 0.84683 0.0148097 0.865672 0.823953
ENSG00000188846.9 3 40498783 40498783 + 1 0 3_internal_10980 3 40350030 40500196 156 149.19 1.00002 0.965452 0.805124 0.0199133 0.800995 0.798117
ENSG00000177873.8 3 40518604 40518604 + 1 -18408 3_internal_10980 3 40350030 40500196 156 165.217 0.999975 1.05567 0.683479 0.0330091 0.706468 0.694475
ENSG00000199906.1 3 40540494 40540494 - 1 40298 3_internal_10980 3 40350030 40500196 156 172.103 0.999995 0.96961 0.887958 -0.0116311 0.885572 0.874435
ENSG00000177842.7 3 40547483 40547483 + 1 -47287 3_internal_10980 3 40350030 40500196 156 194.33 0.999998 0.982355 0.0238366 -0.17881 0.0199005 0.0114341
ENSG00000172888.7 3 40566369 40566369 + 1 -66173 3_internal_10980 3 40350030 40500196 156 194.909 1 1.32756 0.125293 -0.123615 0.134328 0.113207
ENSG00000234287.1 3 40803036 40803036 + 1 -302840 3_internal_10980 3 40350030 40500196 156 172.605 0.999984 1.18324 0.404899 0.0658981 0.442786 0.432975
ENSG00000233096.1 3 41013069 41013069 - 1 512873 3_internal_10980 3 40350030 40500196 156 124.739 1 0.908237 0.145824 0.117716 0.189055 0.177504
ENSG00000168036.12 3 41236328 41236328 + 3 -736132 3_internal_10980 3 40350030 40500196 156 141.223 1.00004 2.6533 0.0980862 0.134986 0.293532 0.278076
ENSG00000222942.1 3 41808411 41808411 - 5 -864314 3_internal_11415 3 42672725 42697667 156 176.582 0.963636 6.02491 0.242824 -0.0939141 0.776119 0.776469
ENSG00000223513.1 3 41901086 41901086 - 5 -629211 3_internal_12401 3 42530297 42584744 156 163.968 1.01222 5.64827 0.427604 -0.0624784 0.935323 0.95107
ENSG00000251986.1 3 41910587 41910587 - 5 -685971 3_internal_10988 3 42596558 42683081 156 161.469 1.00001 5.16459 0.00988959 -0.20317 0.0348259 0.0439954
ENSG00000204772.3 3 41916531 41916531 - 5 -236504 3_internal_14340 3 42153035 42206655 156 151.871 1.00004 4.49503 0.179912 0.109062 0.621891 0.603038
ENSG00000168038.6 3 42003922 42003922 - 5 -149113 3_internal_14340 3 42153035 42206655 156 154.827 0.999956 5.00058 0.00697674 0.219039 0.0298507 0.0354629
ENSG00000182606.10 3 42055294 42055294 + 5 541264 3_internal_10988 3 42596558 42683081 156 154.766 0.999963 5.33269 0.0381111 -0.168901 0.21393 0.19064
ENSG00000229339.1 3 42093186 42093186 - 6 -503372 3_internal_10988 3 42596558 42683081 156 152.588 0.999982 4.74232 0.219534 -0.0980624 0.681592 0.700829
ENSG00000234562.1 3 42187863 42187863 - 6 0 3_internal_14340 3 42153035 42206655 156 149.312 1.04738 6.74097 0.0267111 0.177391 0.179104 0.16985
ENSG00000222872.1 3 42263332 42263332 + 9 993945 3_internal_11515 3 43257277 43289447 156 131.427 1.04769 7.00349 0.0928994 0.137002 0.606965 0.581479
ENSG00000114812.8 3 42530791 42530791 + 10 0 3_internal_12401 3 42530297 42584744 156 137.384 1.12113 8.40442 6.50374e-11 0.469245 0.00497512 7.377e-10
ENSG00000232354.2 3 42574098 42574098 - 10 0 3_internal_17038 3 42189308 42581878 156 150.394 1.04113 9.25649 3.6667e-11 0.473171 0.00497512 3.1565e-10
ENSG00000008324.6 3 42623332 42623332 + 10 49393 3_internal_11415 3 42672725 42697667 156 150.729 0.979833 9.722 0.00687468 0.219068 0.0845771 0.0786867
ENSG00000114857.13 3 42642106 42642106 + 10 -60228 3_internal_17038 3 42189308 42581878 156 154.781 1.03588 11.5975 0.0841973 0.134766 0.641791 0.630341
ENSG00000093183.9 3 42642572 42642572 - 10 60694 3_internal_17038 3 42189308 42581878 156 162.353 0.920512 10.066 0.002277 0.229217 0.0497512 0.0260815
ENSG00000114853.9 3 42695176 42695176 + 10 0 3_internal_11415 3 42672725 42697667 156 140.994 1.03189 8.60369 9.53115e-05 0.302169 0.00497512 0.00144367
ENSG00000230084.1 3 42695880 42695880 - 10 -561397 3_internal_11515 3 43257277 43289447 156 159.047 0.983516 10.1402 0.0821059 0.137454 0.557214 0.574071
ENSG00000173811.6 3 42774067 42774067 + 10 -76400 3_internal_11415 3 42672725 42697667 156 151.414 1.04801 10.1144 0.165854 -0.109613 0.855721 0.841366
ENSG00000225611.1 3 42812104 42812104 + 10 405781 3_internal_11722 3 43217885 43290292 156 157.859 0.917583 9.92738 0.0172648 -0.196085 0.20398 0.183529
ENSG00000244607.1 3 42814745 42814745 - 10 232867 3_internal_17038 3 42189308 42581878 156 166.923 0.90687 9.54325 0.0268611 -0.171944 0.243781 0.229706
ENSG00000181061.9 3 42846023 42846023 - 10 639368 3_internal_14340 3 42153035 42206655 156 151.795 0.980972 8.89884 0.0124837 0.199735 0.129353 0.121411
ENSG00000144648.9 3 42846244 42846244 + 10 357255 3_internal_17218 3 43203499 43545189 156 149.48 1.0311 8.97888 0.0962937 0.13214 0.60199 0.61238
ENSG00000240747.2 3 42850938 42850938 + 10 210370 3_internal_11511 3 43061308 43073374 156 190.567 0.879768 12.752 0.00615891 0.219537 0.0597015 0.0489135
ENSG00000182983.10 3 42947223 42947223 + 10 114085 3_internal_11511 3 43061308 43073374 156 160.616 0.95961 10.7954 0.0187068 0.189407 0.20398 0.184295
ENSG00000144649.4 3 43020759 43020759 + 10 40549 3_internal_11511 3 43061308 43073374 156 169.223 1.02676 11.7967 0.000143735 0.288478 0.00995025 0.000724668
ENSG00000227245.1 3 43128971 43128971 + 10 -922316 3_internal_14340 3 42153035 42206655 156 155.665 0.999962 9.73334 0.0103665 0.20495 0.109453 0.0971984
ENSG00000144647.5 3 43147568 43147568 - 10 464487 3_internal_10988 3 42596558 42683081 156 151.049 1.10308 9.94634 0.0323095 0.170382 0.308458 0.256037
ENSG00000163788.9 3 43328004 43328004 + 9 -743260 3_internal_12401 3 42530297 42584744 156 168.37 0.906668 9.50727 0.151287 -0.113582 0.78607 0.780908
ENSG00000241939.2 3 43356443 43356443 + 9 -774565 3_internal_17038 3 42189308 42581878 156 128.852 1.02753 6.27149 0.349939 0.0760188 0.955224 0.955492
ENSG00000234617.1 3 43393454 43393454 - 9 0 3_internal_11539 3 43326850 43393982 156 178.775 0.955551 9.46025 0.182364 0.103974 0.830846 0.80557
ENSG00000251811.1 3 43513969 43513969 + 9 -816302 3_internal_11415 3 42672725 42697667 156 178.669 1.08159 12.1284 0.0453462 0.162942 0.278607 0.291179
ENSG00000223916.1 3 43527372 43527372 - 9 133390 3_internal_11539 3 43326850 43393982 156 178.806 0.876957 9.92965 0.0254522 0.176854 0.189055 0.201492
ENSG00000011198.3 3 43731605 43731605 + 6 819352 3_internal_15798 3 44550957 44771766 156 170 0.916147 6.39404 0.00284903 -0.233988 0.0348259 0.0174605
ENSG00000160746.8 3 43733086 43733086 - 6 442794 3_internal_11722 3 43217885 43290292 156 170.092 0.987594 6.71085 0.341108 -0.0792361 0.920398 0.926462
ENSG00000179152.14 3 44379611 44379611 + 4 612092 3_internal_16244 3 44991703 45080026 156 152.237 0.999946 4.3896 0.0616226 -0.147131 0.268657 0.255002
ENSG00000225873.1 3 44465499 44465499 - 3 -526204 3_internal_16244 3 44991703 45080026 156 163.297 0.999985 3.05895 0.137061 -0.115439 0.358209 0.342703
ENSG00000185219.11 3 44519162 44519162 - 3 -472541 3_internal_16244 3 44991703 45080026 156 142.274 1.00005 2.55439 0.000640046 -0.270848 0.00497512 0.00284358
ENSG00000178917.9 3 44552128 44552128 - 2 0 3_internal_15798 3 44550957 44771766 156 108.713 1.00001 1.51065 0.209728 0.103902 0.422886 0.410743
ENSG00000196345.7 3 44596685 44596685 + 2 0 3_internal_15798 3 44550957 44771766 156 177.877 0.999963 2.1962 0.000374486 0.285197 0.00995025 0.000318569
ENSG00000144792.5 3 44619715 44619715 + 2 0 3_internal_15798 3 44550957 44771766 156 177.572 1 2.26557 5.43677e-07 0.39357 0.00497512 2.03214e-07
ENSG00000186448.10 3 44626380 44626380 + 2 0 3_internal_15798 3 44550957 44771766 156 134.733 0.999981 1.57537 8.35615e-15 0.583836 0.00497512 8.70189e-13
ENSG00000169981.6 3 44690219 44690219 + 3 0 3_internal_15798 3 44550957 44771766 156 154.233 1.00003 2.8644 1.45103e-12 0.533779 0.00497512 5.55223e-12
ENSG00000236869.1 3 44727145 44727145 - 3 0 3_internal_15798 3 44550957 44771766 156 146.463 0.999975 2.93553 0.000952656 0.264576 0.00497512 0.00401236
ENSG00000196653.7 3 44754135 44754135 + 3 0 3_internal_15798 3 44550957 44771766 156 168.629 0.999957 3.0099 7.75456e-22 0.669163 0.00497512 5.32496e-23
ENSG00000186446.7 3 44771088 44771088 + 3 0 3_internal_15798 3 44550957 44771766 156 138.663 1.00005 2.49057 4.0307e-09 0.448789 0.00497512 7.3017e-08
ENSG00000163807.4 3 44803154 44803154 - 3 -845471 3_internal_15955 3 45648625 45744801 156 158.925 1.00002 2.8011 0.0461329 -0.158127 0.134328 0.118756
ENSG00000163808.12 3 44803209 44803209 + 3 845416 3_internal_15955 3 45648625 45744801 156 150.013 0.999958 2.60049 0.0609491 -0.148348 0.174129 0.163041
ENSG00000169964.5 3 44903361 44903361 + 3 -131595 3_internal_15798 3 44550957 44771766 156 188.084 1 3.77969 0.255618 0.0921 0.552239 0.59329
ENSG00000163810.7 3 44916100 44916100 + 3 -144334 3_internal_15798 3 44550957 44771766 156 146.936 1.00003 2.74712 0.00084765 -0.269256 0.00497512 0.00330234
ENSG00000227123.1 3 44979165 44979165 + 3 669460 3_internal_15955 3 45648625 45744801 156 167.989 0.999977 3.64908 0.0726211 -0.133453 0.208955 0.209667
ENSG00000075914.8 3 45016733 45016733 + 4 0 3_internal_16244 3 44991703 45080026 156 154.598 1.00002 4.05961 1.74763e-07 0.412927 0.00497512 8.05455e-07
ENSG00000163812.9 3 45017677 45017677 - 4 245911 3_internal_15798 3 44550957 44771766 156 136.515 1.00003 3.28159 3.61319e-06 -0.360957 0.00497512 4.83519e-05
ENSG00000163815.5 3 45043040 45043040 + 4 0 3_internal_16244 3 44991703 45080026 156 169.102 1.00004 4.42887 1.35139e-05 0.357671 0.00497512 2.59599e-05
ENSG00000163814.3 3 45187914 45187914 - 5 107888 3_internal_16244 3 44991703 45080026 156 162.993 0.99999 5.11871 0.0402977 0.152297 0.199005 0.171368
ENSG00000224094.1 3 45201667 45201667 - 5 429901 3_internal_15798 3 44550957 44771766 156 134.215 1.00003 4.38262 0.417065 0.0656678 0.935323 0.928199
ENSG00000249992.1 3 45267770 45267770 - 5 -860984 3_internal_16997 3 46128754 46515164 156 175.256 0.999964 5.32088 0.281445 0.0879797 0.78607 0.788992
ENSG00000011376.5 3 45429998 45429998 + 6 698756 3_internal_16997 3 46128754 46515164 156 164.257 1.00151 6.53919 0.0171344 0.181506 0.0845771 0.0903216
ENSG00000232455.2 3 45551037 45551037 - 7 -731504 3_internal_13538 3 46282541 46458360 156 146.814 0.969014 5.87427 0.184013 0.109026 0.731343 0.735875
ENSG00000144791.5 3 45596886 45596886 + 7 -516860 3_internal_16244 3 44991703 45080026 156 159.184 0.937351 7.2479 0.109705 -0.132021 0.577114 0.58465
ENSG00000211456.5 3 45730548 45730548 + 7 0 3_internal_15955 3 45648625 45744801 156 158.346 0.96398 7.64969 0.00323555 0.237843 0.0298507 0.026462
ENSG00000230530.1 3 45730626 45730626 - 7 -261025 3_internal_12241 3 45991651 46038939 156 153.319 1.01648 6.86638 0.178081 -0.113048 0.766169 0.742678
ENSG00000244357.2 3 45784167 45784167 + 7 -39366 3_internal_15955 3 45648625 45744801 156 163.891 1.01101 7.33634 0.152716 0.114198 0.676617 0.672629
ENSG00000163817.11 3 45838027 45838027 - 7 758001 3_internal_16244 3 44991703 45080026 156 162.855 0.911502 8.4454 0.0779488 -0.142348 0.497512 0.509125
ENSG00000236930.1 3 45925605 45925605 - 7 -356936 3_internal_13538 3 46282541 46458360 156 150.409 1.13743 7.7712 0.0165415 -0.197836 0.0746269 0.0982269
ENSG00000173585.11 3 45927996 45927996 + 7 -183195 3_internal_15955 3 45648625 45744801 156 182.462 0.88673 8.23447 0.0164341 -0.191293 0.104478 0.104522
ENSG00000201635.1 3 45944679 45944679 + 7 -864653 3_internal_16244 3 44991703 45080026 156 184.884 0.812291 7.58001 0.129832 -0.119015 0.597015 0.633243
ENSG00000163818.12 3 45957534 45957534 - 7 -34117 3_internal_12241 3 45991651 46038939 156 158.696 1.03458 7.8144 0.0459502 -0.147126 0.288557 0.281948
ENSG00000172215.5 3 45982425 45982425 + 7 9226 3_internal_12241 3 45991651 46038939 156 163.663 1.01955 7.23508 0.144459 0.11816 0.616915 0.641877
ENSG00000163820.10 3 46037316 46037316 - 7 0 3_internal_12241 3 45991651 46038939 156 133.164 1.14026 6.73011 0.0243361 0.180255 0.189055 0.176056
ENSG00000173578.6 3 46069234 46069234 - 8 -460930 3_internal_10852 3 46530164 46600412 156 133.225 1.04215 6.93782 0.00781709 0.208063 0.114428 0.0830794
ENSG00000183625.10 3 46205096 46205096 + 8 77445 3_internal_13538 3 46282541 46458360 156 152.496 0.957491 7.46342 0.0030478 0.244215 0.039801 0.0297599
ENSG00000163823.3 3 46249887 46249887 - 8 210948 3_internal_12241 3 45991651 46038939 156 139.059 1.07449 7.475 0.0333342 0.172734 0.263682 0.257313
ENSG00000121807.5 3 46395225 46395225 + 8 134939 3_internal_10852 3 46530164 46600412 156 163.587 1.0029 8.08349 0.0336282 -0.173466 0.20398 0.214337
ENSG00000160791.12 3 46411633 46411633 + 8 0 3_internal_16997 3 46128754 46515164 156 149.921 1.00295 7.41117 0.0165993 0.192657 0.139303 0.130731
ENSG00000223552.1 3 46448550 46448550 - 8 0 3_internal_13538 3 46282541 46458360 156 164.897 0.971816 8.79803 0.00190491 0.245575 0.0199005 0.0141216
ENSG00000121797.8 3 46448654 46448654 + 8 0 3_internal_13538 3 46282541 46458360 156 163.8 0.899385 8.03619 0.00447325 0.215252 0.0646766 0.0420002
ENSG00000240310.1 3 46451005 46451005 + 8 0 3_internal_13538 3 46282541 46458360 156 123.155 1.01515 5.56208 0.00594726 0.204278 0.0845771 0.0750434
ENSG00000178038.12 3 46735194 46735194 - 8 0 3_internal_11266 3 46734044 46743757 156 159.336 0.944366 8.56097 0.000441358 0.263253 0.00497512 0.00458975
ENSG00000181585.3 3 46742823 46742823 + 8 -998022 3_internal_15955 3 45648625 45744801 156 151.049 1.04762 8.65633 0.208142 0.0992302 0.860697 0.86855
ENSG00000160796.11 3 47021173 47021173 + 7 -982234 3_internal_12241 3 45991651 46038939 156 157.859 0.859774 7.41197 0.0396137 0.15392 0.313433 0.317524
ENSG00000160799.6 3 47023500 47023500 - 7 984561 3_internal_12241 3 45991651 46038939 156 167.182 1.01093 7.71107 0.0809926 0.13807 0.442786 0.427322
ENSG00000236409.1 3 47053032 47053032 + 6 127102 3_internal_11108 3 47180134 47204989 156 168.736 0.987473 6.29765 0.0740545 -0.140522 0.318408 0.342736
ENSG00000251938.1 3 47130098 47130098 + 6 -614934 3_internal_16997 3 46128754 46515164 156 153.151 0.986851 6.06149 0.00946965 -0.21355 0.0895522 0.0624825
