ENSG00000070087.9 3 149768575 149768575 - 0 NA NA NA NA NA NA NA NA NA NA NA NA NA
ENSG00000196428.7 3 150126122 150126122 + 2 931689 3_internal_13248 3 151057811 151071759 156 186.286 0.999979 2.36461 0.266322 0.0896342 0.442786 0.451625
ENSG00000261050.1 3 150181245 150181245 + 2 876566 3_internal_13248 3 151057811 151071759 156 160.509 0.99999 2.06364 0.218097 -0.0944982 0.393035 0.387672
ENSG00000144895.7 3 150264465 150264465 + 2 793346 3_internal_13248 3 151057811 151071759 156 158.879 0.999964 1.95862 0.301377 0.0818637 0.517413 0.498468
ENSG00000198843.8 3 150320662 150320662 + 2 737149 3_internal_13248 3 151057811 151071759 156 148.398 1.00004 1.85406 0.577053 -0.0454871 0.781095 0.805505
ENSG00000120742.6 3 150321015 150321015 - 2 -736796 3_internal_13248 3 151057811 151071759 156 158.986 0.999974 1.86887 0.200117 0.104089 0.348259 0.334606
ENSG00000240137.1 3 150421351 150421351 + 2 464298 3_internal_13386 3 150885649 150998699 156 194.452 0.99997 2.18706 0.722385 0.0288703 0.930348 0.923643
ENSG00000163645.10 3 150421758 150421758 - 2 -463891 3_internal_13386 3 150885649 150998699 156 159.565 0.999997 2.05953 0.765946 -0.0241567 0.970149 0.948604
ENSG00000244668.1 3 150438623 150438623 - 2 -447026 3_internal_13386 3 150885649 150998699 156 166.603 0.999975 2.11555 0.207347 0.101702 0.363184 0.363893
ENSG00000244265.1 3 150479724 150479724 + 2 578087 3_internal_13248 3 151057811 151071759 156 137.566 1.00004 1.8877 0.040544 0.168211 0.114428 0.100353
ENSG00000181788.3 3 150481264 150481264 - 2 -404385 3_internal_13386 3 150885649 150998699 156 147.316 0.999947 1.94199 0.0206349 0.189004 0.0298507 0.0470558
ENSG00000243273.1 3 150608423 150608423 + 2 449388 3_internal_13248 3 151057811 151071759 156 159.382 1.00004 2.31027 0.0276213 0.168888 0.0895522 0.0590043
ENSG00000214237.5 3 150612089 150612089 - 2 -445722 3_internal_13248 3 151057811 151071759 156 147.514 0.999977 1.83026 0.135702 0.116805 0.258706 0.252272
ENSG00000260234.1 3 150659530 150659530 - 2 -398281 3_internal_13248 3 151057811 151071759 156 159.839 1 1.97388 0.162705 0.109485 0.278607 0.28719
ENSG00000144893.8 3 150803484 150803484 + 2 254327 3_internal_13248 3 151057811 151071759 156 154.004 0.999965 1.97671 0.282632 -0.0881363 0.472637 0.485837
ENSG00000174946.5 3 150920988 150920988 - 4 0 3_internal_13386 3 150885649 150998699 156 156.777 1.00001 3.51286 0.017736 0.188806 0.079602 0.0599791
ENSG00000174944.4 3 150996255 150996255 - 5 0 3_internal_13386 3 150885649 150998699 156 133.042 1.00003 3.93064 6.5673e-05 0.310606 0.00497512 0.000898306
ENSG00000138271.4 3 151034740 151034740 - 5 -23071 3_internal_13248 3 151057811 151071759 156 170.183 0.999991 5.38959 0.535842 -0.0514044 0.975124 0.98038
ENSG00000181631.6 3 151047336 151047336 - 5 -10475 3_internal_13248 3 151057811 151071759 156 163.114 0.999955 5.42688 0.334737 0.0786614 0.875622 0.880492
ENSG00000169313.9 3 151102600 151102600 - 5 30841 3_internal_13248 3 151057811 151071759 156 198.138 0.999988 6.83091 0.0379552 -0.169415 0.149254 0.124646
ENSG00000152580.8 3 151176497 151176497 - 5 -792345 3_internal_12703 3 151968842 152174550 156 143.599 0.999986 4.29194 0.03862 -0.165999 0.139303 0.187596
ENSG00000198829.4 3 151591431 151591431 + 5 377411 3_internal_12703 3 151968842 152174550 156 171.935 1 4.61954 0.067538 -0.145444 0.273632 0.229694
ENSG00000239941.1 3 151869513 151869513 - 5 -38744 3_internal_11255 3 151908257 151966455 156 147.575 1.00005 4.82399 0.306102 0.0784512 0.835821 0.843917
ENSG00000152601.13 3 151961617 151961617 + 5 -889858 3_internal_13248 3 151057811 151071759 156 174.007 1.00003 5.06693 0.143187 0.114058 0.477612 0.482721
ENSG00000229619.2 3 151987335 151987335 - 5 915576 3_internal_13248 3 151057811 151071759 156 174.601 0.999984 5.27684 0.20866 0.0990589 0.61194 0.656715
ENSG00000221962.3 3 152058779 152058779 - 4 0 3_internal_12703 3 151968842 152174550 156 139.349 1.00006 3.39372 0.446869 -0.0619019 0.885572 0.885728
ENSG00000201217.1 3 152167061 152167061 + 3 0 3_internal_12703 3 151968842 152174550 156 156.67 1 2.7586 0.536735 -0.0485161 0.890547 0.879656
ENSG00000243305.1 3 152214602 152214602 - 3 40052 3_internal_12703 3 151968842 152174550 156 164.44 1.00004 3.05473 0.224844 0.0960801 0.517413 0.518276
ENSG00000169860.4 3 152552736 152552736 + 4 -586281 3_internal_11255 3 151908257 151966455 156 151.506 1.00004 3.44745 0.0197817 0.189687 0.0597015 0.0726549
ENSG00000241732.1 3 152557179 152557179 + 4 -590724 3_internal_11255 3 151908257 151966455 156 178.288 0.999977 4.42472 0.042026 0.162068 0.139303 0.124888
ENSG00000244268.1 3 152879564 152879564 - 4 705014 3_internal_12703 3 151968842 152174550 156 164.333 1 3.81833 0.0925755 -0.132655 0.303483 0.28547
ENSG00000181467.2 3 152880029 152880029 + 4 -913574 3_internal_11255 3 151908257 151966455 156 163.968 0.999958 4.33285 0.0654528 0.145922 0.258706 0.231384
ENSG00000265813.1 3 152917806 152917806 - 4 743256 3_internal_12703 3 151968842 152174550 156 173.733 0.99999 4.6395 0.183949 0.103971 0.542289 0.556609
ENSG00000241220.1 3 153074896 153074896 + 3 -900346 3_internal_12703 3 151968842 152174550 156 161.606 0.999968 2.94135 0.31167 0.0819174 0.666667 0.654309
ENSG00000238755.2 3 153105157 153105157 - 3 930607 3_internal_12703 3 151968842 152174550 156 166.679 1.00002 3.34558 0.42452 -0.0634733 0.810945 0.827924
ENSG00000114790.8 3 153838792 153838792 + 1 -439970 3_internal_11888 3 153360418 153398822 156 201.596 1.00001 1.10064 0.724913 0.0283628 0.726368 0.72351
ENSG00000174953.9 3 154042286 154042286 - 1 643464 3_internal_11888 3 153360418 153398822 156 168.858 1.00003 1.13801 0.422595 -0.0642029 0.447761 0.445118
ENSG00000196549.6 3 154741913 154741913 + 2 528251 3_internal_10913 3 155270164 155366009 156 147.225 0.999985 1.89174 0.236004 0.0920701 0.437811 0.419252
ENSG00000240666.1 3 154901074 154901074 - 2 -369090 3_internal_10913 3 155270164 155366009 156 168.995 1.00002 2.1465 0.580294 0.0437524 0.855721 0.832402
ENSG00000114805.12 3 155462856 155462856 - 2 96847 3_internal_10913 3 155270164 155366009 156 161.302 0.999986 2.50092 0.402129 0.0658072 0.706468 0.714518
ENSG00000174928.10 3 155524140 155524140 - 2 158131 3_internal_10913 3 155270164 155366009 156 166.024 1.00001 1.88404 0.257677 -0.0926371 0.40796 0.407974
ENSG00000169359.8 3 155572218 155572218 - 3 206209 3_internal_10913 3 155270164 155366009 156 159.108 0.999991 3.02197 0.499927 0.0555012 0.895522 0.873644
ENSG00000163655.9 3 155588325 155588325 + 3 954777 3_internal_13233 3 156543102 156850776 156 160.296 0.999995 3.39187 0.210241 0.0989279 0.547264 0.538882
ENSG00000240489.1 3 155705093 155705093 + 3 838009 3_internal_13233 3 156543102 156850776 156 151.613 0.999969 2.61296 0.068233 -0.144412 0.18408 0.177954
ENSG00000169282.13 3 155755490 155755490 + 3 787612 3_internal_13233 3 156543102 156850776 156 138.663 1.00003 2.96285 0.211051 0.0960239 0.587065 0.553806
ENSG00000114850.2 3 156272973 156272973 - 4 906964 3_internal_10913 3 155270164 155366009 156 144.285 1.00002 3.22013 0.0375987 0.170859 0.149254 0.139453
ENSG00000163659.8 3 156391024 156391024 + 3 152078 3_internal_13233 3 156543102 156850776 156 154.72 0.999968 3.17908 0.00492816 0.216647 0.0248756 0.016153
ENSG00000243926.1 3 156392167 156392167 - 3 811371 3_internal_10838 3 155570842 155580796 156 156.548 0.999978 3.13607 0.00112912 -0.249227 0.00497512 0.00346648
ENSG00000174912.6 3 156432717 156432717 - 3 -110385 3_internal_13233 3 156543102 156850776 156 172.925 0.999981 2.6817 0.00324826 0.227654 0.00995025 0.00519488
ENSG00000230457.3 3 156528521 156528521 - 3 947725 3_internal_10838 3 155570842 155580796 156 170.518 1.00001 3.19061 0.205844 -0.0989903 0.477612 0.481182
ENSG00000240875.1 3 156534851 156534851 - 3 -336192 3_internal_10709 3 156871043 156895187 156 159.489 0.999954 3.09215 0.051265 0.154147 0.129353 0.143133
ENSG00000197980.6 3 156543270 156543270 + 3 327773 3_internal_10709 3 156871043 156895187 156 160.159 1.00001 3.02391 5.60797e-06 0.327866 0.00497512 1.27147e-05
ENSG00000178110.6 3 156544096 156544096 + 3 326947 3_internal_10709 3 156871043 156895187 156 165.186 0.999972 3.35962 0.00165217 0.232209 0.00995025 0.00403691
ENSG00000241544.1 3 156799630 156799630 + 2 0 3_internal_13233 3 156543102 156850776 156 153.258 0.999979 1.79097 0.117102 0.122776 0.223881 0.205253
ENSG00000241135.1 3 156807670 156807670 + 2 0 3_internal_13233 3 156543102 156850776 156 153.608 1 1.95323 0.00406459 0.216842 0.00497512 0.00849692
ENSG00000243629.1 3 156840793 156840793 - 2 0 3_internal_13233 3 156543102 156850776 156 170.914 1.00002 1.94588 0.440825 0.0625175 0.651741 0.653194
ENSG00000201778.1 3 156871337 156871337 + 2 0 3_internal_10709 3 156871043 156895187 156 148.535 1.00003 1.94976 0.0564136 0.152281 0.0945274 0.118556
ENSG00000163660.7 3 156878549 156878549 - 2 0 3_internal_10709 3 156871043 156895187 156 145.077 0.999951 1.98367 0.00692526 0.206259 0.0199005 0.018207
ENSG00000241770.1 3 156881241 156881241 + 2 0 3_internal_10709 3 156871043 156895187 156 166.131 1.00001 1.96702 0.270152 0.0866633 0.427861 0.439694
ENSG00000244515.1 3 156881721 156881721 - 2 0 3_internal_10709 3 156871043 156895187 156 158.742 0.999992 2.11168 0.0674977 0.141408 0.139303 0.132561
ENSG00000222675.1 3 156891829 156891829 - 2 0 3_internal_10709 3 156871043 156895187 156 137.932 1.00001 1.72977 0.000793792 0.249733 0.00995025 0.0027837
ENSG00000243176.1 3 156893012 156893012 + 2 0 3_internal_10709 3 156871043 156895187 156 120.123 1.00005 1.74513 3.34867e-05 0.32542 0.00497512 0.000478355
ENSG00000163661.3 3 157154578 157154578 + 2 -303802 3_internal_13233 3 156543102 156850776 156 135.144 0.999987 1.63457 0.175235 -0.109878 0.318408 0.315769
ENSG00000197415.7 3 157251408 157251408 - 2 356221 3_internal_10709 3 156871043 156895187 156 234.807 1.00002 3.0017 0.0806296 0.141346 0.109453 0.0929798
ENSG00000174891.8 3 157823644 157823644 + 2 -928457 3_internal_10709 3 156871043 156895187 156 149.723 1.00002 2.13357 0.480451 -0.0561824 0.771144 0.761714
ENSG00000168779.13 3 157824292 157824292 - 2 973516 3_internal_13233 3 156543102 156850776 156 131.762 1.00001 1.8499 0.213574 0.0987782 0.39801 0.417211
ENSG00000241723.1 3 157994210 157994210 - 0 NA NA NA NA NA NA NA NA NA NA NA NA NA
ENSG00000243314.1 3 158214350 158214350 + 0 NA NA NA NA NA NA NA NA NA NA NA NA NA
ENSG00000243150.1 3 158288855 158288855 - 0 NA NA NA NA NA NA NA NA NA NA NA NA NA
ENSG00000178053.13 3 158288952 158288952 + 0 NA NA NA NA NA NA NA NA NA NA NA NA NA
ENSG00000168827.9 3 158362067 158362067 + 0 NA NA NA NA NA NA NA NA NA NA NA NA NA
ENSG00000079257.3 3 158390482 158390482 - 0 NA NA NA NA NA NA NA NA NA NA NA NA NA
ENSG00000118855.13 3 158449987 158449987 + 0 NA NA NA NA NA NA NA NA NA NA NA NA NA
ENSG00000240207.1 3 158450116 158450116 + 0 NA NA NA NA NA NA NA NA NA NA NA NA NA
ENSG00000118849.5 3 158450485 158450485 - 0 NA NA NA NA NA NA NA NA NA NA NA NA NA
ENSG00000232374.4 3 158559873 158559873 - 0 NA NA NA NA NA NA NA NA NA NA NA NA NA
ENSG00000250588.2 3 158680024 158680024 + 0 NA NA NA NA NA NA NA NA NA NA NA NA NA
ENSG00000241211.1 3 159486401 159486401 - 0 NA NA NA NA NA NA NA NA NA NA NA NA NA
ENSG00000151967.14 3 159557650 159557650 + 0 NA NA NA NA NA NA NA NA NA NA NA NA NA
ENSG00000168811.2 3 159706537 159706537 + 0 NA NA NA NA NA NA NA NA NA NA NA NA NA
ENSG00000184100.5 3 159818478 159818478 + 0 NA NA NA NA NA NA NA NA NA NA NA NA NA
ENSG00000243687.1 3 160060473 160060473 + 1 966539 3_internal_11404 3 161027012 161114190 156 158.346 1.00002 0.941179 0.997924 0.000208502 0.995025 0.996994
ENSG00000113810.11 3 160117062 160117062 + 2 909950 3_internal_11404 3 161027012 161114190 156 172.27 1.00003 2.06487 0.00501317 -0.22014 0.0199005 0.00656356
ENSG00000068885.10 3 160117668 160117668 - 2 -909344 3_internal_11404 3 161027012 161114190 156 147.713 0.999958 2.03252 0.302422 0.0767788 0.532338 0.537449
ENSG00000207779.1 3 160122376 160122376 + 2 904636 3_internal_11404 3 161027012 161114190 156 147.149 1.00001 1.82936 0.318253 -0.0825123 0.517413 0.522529
ENSG00000248710.1 3 160167617 160167617 - 2 -859395 3_internal_11404 3 161027012 161114190 156 171.646 0.999988 2.0876 0.110968 0.120034 0.20398 0.187176
ENSG00000213186.3 3 160203561 160203561 - 2 -900338 3_internal_11650 3 161103899 161125211 156 135.296 1.00003 1.75329 0.287232 0.0834266 0.512438 0.493742
ENSG00000238741.1 3 160233024 160233024 - 2 -870875 3_internal_11650 3 161103899 161125211 156 138.328 1.00005 1.70797 0.233037 0.0944077 0.393035 0.404171
ENSG00000229320.3 3 160283235 160283235 + 2 820664 3_internal_11650 3 161103899 161125211 156 205.298 1.00001 2.46201 0.940054 0.0057131 1 0.998627
ENSG00000186432.4 3 160283376 160283376 - 2 -743636 3_internal_11404 3 161027012 161114190 156 164.074 1.00001 1.8082 0.0508863 -0.143048 0.114428 0.0802877
ENSG00000242285.1 3 160302733 160302733 + 2 801166 3_internal_11650 3 161103899 161125211 156 180.466 1.00002 2.15372 0.69807 0.0307109 0.930348 0.911976
ENSG00000260572.1 3 160472930 160472930 - 2 -554082 3_internal_11404 3 161027012 161114190 156 165.049 1 1.74859 0.288893 0.085671 0.41791 0.430501
ENSG00000163590.9 3 160473390 160473390 + 2 630509 3_internal_11650 3 161103899 161125211 156 177.496 0.99999 2.17168 0.525382 0.0493911 0.79602 0.776176
ENSG00000169251.8 3 160822484 160822484 + 2 204528 3_internal_11404 3 161027012 161114190 156 149.784 0.999973 1.87072 0.208224 -0.103885 0.343284 0.368062
ENSG00000169255.9 3 160823172 160823172 - 2 -203840 3_internal_11404 3 161027012 161114190 156 169.391 0.99998 1.90593 0.197668 -0.101556 0.318408 0.314012
ENSG00000240567.1 3 161144215 161144215 + 2 -19004 3_internal_11650 3 161103899 161125211 156 174.601 1 2.01587 0.283327 0.082634 0.442786 0.449469
ENSG00000234851.3 3 161147398 161147398 - 2 33208 3_internal_11404 3 161027012 161114190 156 153.974 1.00003 2.06046 0.371095 0.0699131 0.616915 0.619344
ENSG00000114204.10 3 167196792 167196792 - 1 -662406 3_internal_17487 3 167859198 169776577 156 135.495 0.999996 1.04325 0.940225 -0.00613174 0.940299 0.950839
ENSG00000174776.6 3 167371771 167371771 - 1 -487427 3_internal_17487 3 167859198 169776577 156 170.412 1.00003 1.23343 0.738709 0.0277158 0.79602 0.79867
ENSG00000241120.1 3 167412430 167412430 - 1 -446768 3_internal_17487 3 167859198 169776577 156 172.148 0.999996 1.05095 0.903327 -0.00977969 0.915423 0.909627
ENSG00000114209.10 3 167452727 167452727 - 1 -406471 3_internal_17487 3 167859198 169776577 156 181.746 0.999987 1.06676 0.872327 0.0130708 0.885572 0.879337
ENSG00000163536.7 3 167453031 167453031 + 1 406167 3_internal_17487 3 167859198 169776577 156 164.943 0.99998 1.08911 0.716993 0.0301278 0.751244 0.739637
ENSG00000173905.4 3 167813763 167813763 - 1 -45435 3_internal_17487 3 167859198 169776577 156 189.896 1.00001 1.05627 0.458503 -0.059585 0.427861 0.430622
ENSG00000213178.3 3 169201868 169201868 - 5 -500104 3_internal_11953 3 169701972 169722285 156 146.418 0.999944 4.16095 0.0657195 -0.145662 0.258706 0.275856
ENSG00000085276.13 3 169381406 169381406 - 5 0 3_internal_11943 3 169376007 169387623 156 170.214 0.999967 5.18112 0.107589 -0.124848 0.38806 0.396102
ENSG00000200182.1 3 169482835 169482835 - 5 -219137 3_internal_11953 3 169701972 169722285 156 161.957 1.00001 5.00951 0.0460083 0.159217 0.223881 0.193557
ENSG00000085274.10 3 169490853 169490853 + 5 211119 3_internal_11953 3 169701972 169722285 156 205.161 1.00003 5.8169 0.0226283 0.178749 0.104478 0.0507515
ENSG00000171757.10 3 169530774 169530774 - 5 -605255 3_internal_11628 3 170136029 170444969 156 151.14 1.00005 4.29171 0.091227 0.129918 0.333333 0.352866
ENSG00000244193.1 3 169664542 169664542 - 5 0 3_internal_17487 3 167859198 169776577 156 174.784 0.989088 5.70616 0.00666589 0.20614 0.0298507 0.0240859
ENSG00000008952.11 3 169684423 169684423 + 5 0 3_internal_17487 3 167859198 169776577 156 158.651 0.999982 4.97035 0.00137066 0.251956 0.00995025 0.00618287
ENSG00000239219.2 3 169684522 169684522 - 5 0 3_internal_17487 3 167859198 169776577 156 152.618 0.999944 4.41116 0.00386982 0.218082 0.0149254 0.0187325
ENSG00000240373.1 3 169703503 169703503 - 5 0 3_internal_17487 3 167859198 169776577 156 150.683 0.999967 5.2951 0.0108328 0.208193 0.0696517 0.0633187
ENSG00000173890.12 3 169755717 169755717 + 5 0 3_internal_17487 3 167859198 169776577 156 176.627 0.93535 5.91113 3.39617e-13 0.531433 0.00497512 4.13682e-13
ENSG00000201342.1 3 169775089 169775089 + 5 0 3_internal_17487 3 167859198 169776577 156 148.352 0.999973 4.34081 0.0211864 0.17896 0.104478 0.10258
ENSG00000242583.1 3 169780032 169780032 + 5 -3455 3_internal_17487 3 167859198 169776577 156 167.837 0.966966 5.3812 3.41153e-06 0.363195 0.00497512 1.16392e-05
ENSG00000268220.1 3 169805598 169805598 + 5 -29021 3_internal_17487 3 167859198 169776577 156 186.728 0.917502 5.7476 0.00439613 0.215852 0.0199005 0.0156349
ENSG00000199536.1 3 169867633 169867633 + 5 -480010 3_internal_11943 3 169376007 169387623 156 187.84 1.00001 5.32573 0.0914584 0.133048 0.308458 0.296701
ENSG00000173889.10 3 169899537 169899537 - 6 122960 3_internal_17487 3 167859198 169776577 156 152.831 0.999963 4.83761 0.0806222 0.138372 0.348259 0.345105
ENSG00000163558.8 3 169940153 169940153 + 6 -552530 3_internal_11943 3 169376007 169387623 156 143.919 0.999944 5.366 0.380118 -0.0727506 0.940299 0.935093
ENSG00000200118.1 3 169962570 169962570 + 6 173459 3_internal_11628 3 170136029 170444969 156 170.595 0.971357 5.72448 0.362591 0.074475 0.905473 0.912202
ENSG00000136603.9 3 170075466 170075466 + 8 992198 3_internal_11490 3 171067664 171161620 156 170.138 1.01009 8.6858 0.00291178 0.237205 0.0149254 0.0154563
ENSG00000013297.5 3 170136653 170136653 + 8 0 3_internal_11628 3 170136029 170444969 156 164.76 1.01032 8.16495 0.0428353 -0.164063 0.298507 0.262899
ENSG00000163584.13 3 170588272 170588272 - 9 143303 3_internal_11628 3 170136029 170444969 156 149.8 1.02287 7.79935 0.121784 -0.12604 0.646766 0.651964
ENSG00000163577.3 3 170626482 170626482 - 9 181513 3_internal_11628 3 170136029 170444969 156 196.904 0.819877 10.408 0.0212056 0.186439 0.159204 0.154089
ENSG00000154310.12 3 171178197 171178197 - 7 -580359 3_internal_11181 3 171758556 171879500 156 165.765 1.02488 6.92112 0.014798 0.1971 0.0845771 0.0745408
ENSG00000238359.1 3 171411001 171411001 + 9 -344147 3_internal_13359 3 170963449 171066854 156 144.163 0.971833 8.27607 0.0296996 0.172173 0.238806 0.278205
ENSG00000183657.2 3 171527714 171527714 - 8 460860 3_internal_13359 3 170963449 171066854 156 141.345 1.13925 8.07193 0.0742535 0.144488 0.477612 0.468835
ENSG00000075651.11 3 171528740 171528740 - 8 461886 3_internal_13359 3 170963449 171066854 156 186.164 0.949868 11.0726 0.0358184 0.171138 0.258706 0.237668
ENSG00000075420.8 3 171757418 171757418 + 8 -690564 3_internal_13359 3 170963449 171066854 156 153.304 1.03793 8.08391 0.0607469 0.154047 0.412935 0.391553
ENSG00000237483.1 3 171943662 171943662 - 8 64162 3_internal_11181 3 171758556 171879500 156 138.679 1.21664 8.48549 0.0882909 -0.134462 0.572139 0.533069
ENSG00000243398.2 3 171955116 171955116 + 8 -586835 3_internal_14023 3 171282087 171368281 156 142.426 1.05823 7.69678 0.0483662 0.159723 0.353234 0.348742
ENSG00000267979.1 3 172019686 172019686 - 7 -203709 3_internal_11893 3 172223395 172244955 156 153.745 1.05419 8.09333 0.267139 -0.086768 0.915423 0.915086
ENSG00000203443.2 3 172034218 172034218 + 7 189177 3_internal_11893 3 172223395 172244955 156 144.361 0.995848 6.74066 0.472979 -0.0578217 0.995025 0.989405
ENSG00000236686.1 3 172144879 172144879 - 6 -63044 3_internal_15489 3 172207923 172314683 156 153.212 0.999997 5.43722 0.131118 -0.121033 0.522388 0.544418
ENSG00000224611.1 3 172240018 172240018 + 4 0 3_internal_15489 3 172207923 172314683 156 134.459 0.999996 3.38949 0.149607 0.116792 0.532338 0.491949
ENSG00000121858.6 3 172241297 172241297 - 4 0 3_internal_15489 3 172207923 172314683 156 154.157 0.999986 4.14255 4.0461e-05 0.323786 0.00497512 0.000186229
ENSG00000223387.2 3 172313397 172313397 - 4 0 3_internal_15489 3 172207923 172314683 156 186.423 0.999979 4.5927 0.0344045 0.173007 0.124378 0.091702
ENSG00000269496.1 3 172361483 172361483 + 4 -481983 3_internal_11181 3 171758556 171879500 156 150.638 0.999983 3.55299 0.631026 -0.0391454 0.970149 0.972683
ENSG00000231384.1 3 172398504 172398504 + 3 -83821 3_internal_15489 3 172207923 172314683 156 173.017 1.00004 3.29815 0.350768 -0.0740223 0.711443 0.727373
ENSG00000144959.5 3 172429008 172429008 - 3 114325 3_internal_15489 3 172207923 172314683 156 166.664 0.999986 2.87286 0.804035 0.0201854 0.995025 0.989837
ENSG00000114346.9 3 172468472 172468472 + 3 -223517 3_internal_11893 3 172223395 172244955 156 144.788 1.00001 2.73153 0.376576 -0.0714184 0.761194 0.745827
ENSG00000200355.1 3 172489195 172489195 - 3 609695 3_internal_11181 3 171758556 171879500 156 152.633 0.999991 2.67529 0.321874 -0.0797704 0.666667 0.653588
ENSG00000177694.10 3 174156363 174156363 + 0 NA NA NA NA NA NA NA NA NA NA NA NA NA
ENSG00000231888.1 3 176728855 176728855 - 2 -631182 3_internal_11410 3 177360037 177366515 156 166.847 1.00004 2.18664 0.358797 0.0718073 0.616915 0.600297
ENSG00000231310.2 3 176762649 176762649 + 2 950070 3_internal_12458 3 177712719 177729436 156 156.807 1.00001 1.93695 0.840734 0.0155336 0.965174 0.971378
ENSG00000201343.1 3 176838588 176838588 - 2 -521449 3_internal_11410 3 177360037 177366515 156 130.848 1.00002 1.76458 0.205531 0.104028 0.383085 0.393016
ENSG00000200882.1 3 176843908 176843908 - 2 -516129 3_internal_11410 3 177360037 177366515 156 156.838 1.00002 1.99097 0.270007 -0.0892591 0.462687 0.463709
ENSG00000177565.11 3 176915261 176915261 - 2 -797458 3_internal_12458 3 177712719 177729436 156 182.508 1.00003 2.28894 0.185101 -0.103513 0.318408 0.313691
ENSG00000203645.2 3 177012230 177012230 + 2 700489 3_internal_12458 3 177712719 177729436 156 139.242 1.00001 1.91362 0.117954 0.125631 0.243781 0.250254
ENSG00000172667.6 3 178790067 178790067 - 3 42977 3_internal_12723 3 178737750 178747090 156 163.983 1.00003 3.24323 0.360783 -0.0762554 0.761194 0.751126
ENSG00000121879.3 3 178865902 178865902 + 3 -118812 3_internal_12723 3 178737750 178747090 156 186.179 0.999966 3.42664 0.800573 0.0189642 0.995025 0.994636
ENSG00000201957.1 3 178886998 178886998 - 3 139908 3_internal_12723 3 178737750 178747090 156 164.836 0.999989 2.94663 0.160375 0.117088 0.41791 0.378335
ENSG00000240429.1 3 178979061 178979061 - 3 239888 3_internal_11145 3 178732995 178739173 156 129.568 1.00004 2.73622 0.228024 -0.101041 0.60199 0.580607
ENSG00000171121.12 3 178984790 178984790 - 3 245617 3_internal_11145 3 178732995 178739173 156 156.64 1.00001 3.11244 0.228268 -0.101221 0.572139 0.551852
ENSG00000121864.5 3 179040779 179040779 + 3 -288691 3_internal_11917 3 178744151 178752088 156 174.098 0.999993 2.80954 0.0352531 0.170044 0.0597015 0.0716344
ENSG00000260743.1 3 179058110 179058110 + 3 -306022 3_internal_11917 3 178744151 178752088 156 147.545 1.00005 2.72179 0.802325 0.0207108 0.99005 0.988744
ENSG00000171109.14 3 179065480 179065480 + 3 -326307 3_internal_11145 3 178732995 178739173 156 167.106 0.999972 3.8323 0.18532 0.108182 0.497512 0.511187
ENSG00000242539.2 3 179114749 179114749 + 3 -367659 3_internal_12723 3 178737750 178747090 156 190.064 0.99999 3.51657 0.683518 0.0318257 0.9801 0.975726
ENSG00000269728.1 3 179115965 179115965 - 3 368875 3_internal_12723 3 178737750 178747090 156 164.745 1.00004 3.07937 0.721138 0.0275006 0.970149 0.978758
ENSG00000114450.5 3 179169378 179169378 - 3 430205 3_internal_11145 3 178732995 178739173 156 149.145 0.999954 3.08769 0.331681 -0.0781954 0.756219 0.726128
ENSG00000136518.11 3 179280668 179280668 + 3 -541495 3_internal_11145 3 178732995 178739173 156 163.297 1.00003 3.03638 0.1524 -0.115167 0.383085 0.374337
ENSG00000136522.9 3 179322442 179322442 - 3 575352 3_internal_12723 3 178737750 178747090 156 167.776 0.999978 3.21706 0.216011 -0.0979001 0.487562 0.511085
ENSG00000136521.8 3 179322478 179322478 + 3 -575388 3_internal_12723 3 178737750 178747090 156 176.17 0.999997 3.59357 0.534605 -0.0487426 0.930348 0.922527
ENSG00000213165.2 3 179343366 179343366 + 3 -596276 3_internal_12723 3 178737750 178747090 156 147.728 0.999995 2.72005 0.100164 0.136883 0.263682 0.270893
ENSG00000058056.4 3 179370543 179370543 + 3 -623453 3_internal_12723 3 178737750 178747090 156 137.536 1.00001 2.82778 0.415657 0.067309 0.820896 0.810599
ENSG00000114757.14 3 179754841 179754841 - 0 NA NA NA NA NA NA NA NA NA NA NA NA NA
ENSG00000163728.6 3 180319918 180319918 + 0 NA NA NA NA NA NA NA NA NA NA NA NA NA
ENSG00000114416.12 3 180585929 180585929 + 1 833933 3_internal_12926 3 181419862 181422967 156 171.219 1.00002 1.00743 0.178265 0.109145 0.164179 0.159477
ENSG00000145075.7 3 180588793 180588793 - 1 -831069 3_internal_12926 3 181419862 181422967 156 146.22 0.999979 0.883933 0.832306 0.0161401 0.776119 0.799447
ENSG00000260356.1 3 180698226 180698226 + 1 721636 3_internal_12926 3 181419862 181422967 156 129.812 0.999985 0.903416 0.166965 -0.110655 0.199005 0.189562
ENSG00000205981.2 3 180707562 180707562 - 1 -712300 3_internal_12926 3 181419862 181422967 156 157.417 1.00001 0.977097 0.0289677 -0.177926 0.0248756 0.0276068
ENSG00000240063.1 3 182511182 182511182 - 3 0 3_internal_11280 3 182505751 182537661 156 151.445 0.999981 2.56408 0.671625 -0.0346371 0.935323 0.944496
ENSG00000058063.10 3 182511288 182511288 + 3 0 3_internal_11280 3 182505751 182537661 156 135.784 0.999998 2.99068 6.83758e-06 0.361868 0.00497512 8.12145e-05
ENSG00000244346.1 3 182674095 182674095 - 4 -858627 3_internal_12613 3 183532722 183542985 156 141.847 0.999981 3.75499 0.00863835 -0.213862 0.0447761 0.0453778
ENSG00000043093.9 3 182703741 182703741 - 4 -526289 3_internal_11163 3 183230030 183274870 156 159.793 0.999969 4.01615 0.0854591 0.131657 0.268657 0.289989
ENSG00000243368.2 3 182734043 182734043 + 4 495568 3_internal_14750 3 183229611 183274977 156 152.283 1.00004 3.88646 0.0994318 -0.132277 0.363184 0.346154
ENSG00000078070.7 3 182833863 182833863 - 4 296202 3_internal_11280 3 182505751 182537661 156 170.336 1.00002 4.38159 0.601856 -0.0431031 0.99005 0.978923
ENSG00000078081.3 3 182881627 182881627 - 4 -651095 3_internal_12613 3 183532722 183542985 156 203.333 0.886823 5.49039 0.00672195 0.224931 0.0348259 0.0185735
ENSG00000176597.7 3 182971032 182971032 + 4 258579 3_internal_14750 3 183229611 183274977 156 154.309 1.00001 3.90241 0.115451 0.126605 0.39801 0.385872
ENSG00000202502.1 3 182976204 182976204 - 4 -253407 3_internal_14750 3 183229611 183274977 156 152.984 1 3.94943 0.727506 0.0281379 1 0.994327
ENSG00000053524.7 3 183146566 183146566 - 4 -83045 3_internal_14750 3 183229611 183274977 156 146.326 0.999959 3.61889 0.0799774 0.140042 0.278607 0.289126
ENSG00000240024.1 3 183165396 183165396 + 4 64634 3_internal_11163 3 183230030 183274870 156 135.068 0.999949 3.8153 0.261058 0.0883132 0.731343 0.737623
ENSG00000201229.1 3 183169645 183169645 + 4 363077 3_internal_12613 3 183532722 183542985 156 141.832 1.00004 3.62321 0.320754 -0.0783631 0.781095 0.78273
ENSG00000199363.1 3 183171602 183171602 + 4 361120 3_internal_12613 3 183532722 183542985 156 173.824 1.00003 4.30482 0.215416 0.101448 0.61194 0.598255
ENSG00000242522.1 3 183266523 183266523 + 6 0 3_internal_14750 3 183229611 183274977 156 162.536 1.01461 6.28554 0.0390258 0.161239 0.19403 0.195789
ENSG00000172578.7 3 183273477 183273477 - 6 0 3_internal_11163 3 183230030 183274870 156 159.732 1.05144 5.91199 0.00626818 0.216677 0.0149254 0.0272733
ENSG00000114796.10 3 183353356 183353356 + 6 -815695 3_internal_11280 3 182505751 182537661 156 143.188 0.967376 5.31462 0.195 -0.100183 0.711443 0.73372
ENSG00000163872.10 3 183415606 183415606 + 7 -140629 3_internal_14750 3 183229611 183274977 156 145.184 1.10094 6.14733 0.342831 0.0759966 0.920398 0.924595
ENSG00000216166.1 3 183520341 183520341 - 7 -855749 3_internal_12652 3 184376090 184397772 156 168.492 0.925048 6.53755 0.0170374 0.184177 0.134328 0.102222
ENSG00000233885.2 3 183526729 183526729 - 7 -5993 3_internal_12613 3 183532722 183542985 156 181.03 0.961609 8.97858 0.419415 0.0632635 0.99005 0.988121
ENSG00000180834.3 3 183543382 183543382 - 6 -832708 3_internal_12652 3 184376090 184397772 156 150.775 0.999999 5.12269 0.169214 -0.107807 0.651741 0.630323
ENSG00000175193.8 3 183602721 183602721 - 6 327744 3_internal_14750 3 183229611 183274977 156 150.927 0.963356 5.57695 0.0037958 0.225088 0.039801 0.0282463
ENSG00000223882.1 3 183724126 183724126 + 6 538876 3_internal_15654 3 184263002 184358560 156 159.473 1.00284 6.15756 0.0693714 0.150229 0.323383 0.343379
ENSG00000114770.12 3 183735803 183735803 - 6 192818 3_internal_12613 3 183532722 183542985 156 147.56 1.01654 5.93765 0.00207954 -0.25514 0.0149254 0.0150873
ENSG00000223529.1 3 183745544 183745544 - 6 470674 3_internal_11163 3 183230030 183274870 156 125.272 1.00005 4.28402 0.184233 0.106821 0.686567 0.681287
ENSG00000145191.7 3 183852826 183852826 + 6 334267 3_internal_11572 3 184187093 184212692 156 142.929 1.00002 4.90826 0.0141572 -0.186572 0.0995025 0.089309
ENSG00000228205.1 3 183867492 183867492 + 6 -592515 3_internal_14750 3 183229611 183274977 156 162.932 1.05369 6.07395 0.232893 -0.09546 0.78607 0.768109
ENSG00000161202.13 3 183873176 183873176 + 6 -598306 3_internal_11163 3 183230030 183274870 156 148.52 1.05714 5.97531 0.269056 0.090567 0.840796 0.848755
ENSG00000161203.9 3 183892477 183892477 + 6 370525 3_internal_15654 3 184263002 184358560 156 167.746 0.868038 5.44301 0.0929208 0.131394 0.412935 0.434621
ENSG00000161204.7 3 183903811 183903811 + 6 -628834 3_internal_14750 3 183229611 183274977 156 162.018 0.96149 5.9058 0.0384027 0.166573 0.179104 0.20374
ENSG00000145198.10 3 183948217 183948217 + 6 314785 3_internal_15654 3 184263002 184358560 156 143.31 1.00004 5.08675 0.300576 0.0807599 0.875622 0.860607
ENSG00000214160.5 3 183967336 183967336 - 6 692359 3_internal_14750 3 183229611 183274977 156 193.979 0.999979 6.84466 0.61487 -0.0410148 1 0.997123
ENSG00000145194.13 3 183967438 183967438 + 6 -692568 3_internal_11163 3 183230030 183274870 156 166.801 1.07869 6.3565 0.253044 -0.0861022 0.820896 0.801205
ENSG00000163888.3 3 183979251 183979251 - 7 -207842 3_internal_11572 3 184187093 184212692 156 153.182 0.971864 6.97293 0.029733 -0.166586 0.228856 0.209614
ENSG00000175166.12 3 184016497 184016497 + 7 170596 3_internal_11572 3 184187093 184212692 156 184.138 0.825921 7.72188 0.114878 -0.118376 0.527363 0.586938
ENSG00000114867.14 3 184032283 184032283 + 7 939075 3_internal_11939 3 184971358 185001463 156 133.56 1.00003 5.52078 0.0176637 0.19092 0.129353 0.145991
ENSG00000212158.1 3 184043484 184043484 + 7 -768507 3_internal_14750 3 183229611 183274977 156 126.247 0.999994 4.99003 0.045275 -0.155211 0.318408 0.310501
ENSG00000175182.9 3 184053714 184053714 + 7 133379 3_internal_11572 3 184187093 184212692 156 192.014 0.856019 8.55335 0.0444644 0.158606 0.253731 0.262441
ENSG00000114859.10 3 184079439 184079439 - 7 -891919 3_internal_11939 3 184971358 185001463 156 162.886 0.994957 8.28216 0.0520617 -0.148276 0.318408 0.331867
ENSG00000163882.5 3 184079506 184079506 + 7 107587 3_internal_11572 3 184187093 184212692 156 177.648 1.00116 7.87513 0.0741256 0.143151 0.368159 0.367645
ENSG00000090539.11 3 184097861 184097861 + 7 -822991 3_internal_11163 3 183230030 183274870 156 160.083 1.14207 8.1969 0.0435843 -0.153405 0.228856 0.232215
ENSG00000182580.2 3 184279572 184279572 + 5 0 3_internal_15654 3 184263002 184358560 156 169.863 0.999973 5.13504 1.24967e-09 0.462399 0.00497512 1.19065e-09
ENSG00000177383.3 3 184429836 184429836 - 5 71276 3_internal_15654 3 184263002 184358560 156 136.013 0.999969 4.08452 9.2375e-08 0.417957 0.00497512 2.51788e-06
ENSG00000156931.10 3 184529931 184529931 + 5 441427 3_internal_11939 3 184971358 185001463 156 147.057 1.00002 4.51117 0.0052528 -0.212141 0.0348259 0.0300234
ENSG00000187068.2 3 184870802 184870802 - 4 512242 3_internal_15654 3 184263002 184358560 156 152.009 1.00001 3.51767 0.22242 0.0975624 0.58209 0.598407
ENSG00000223358.1 3 184880659 184880659 + 4 90699 3_internal_11939 3 184971358 185001463 156 166.74 1.00002 4.09008 0.0408197 0.165162 0.104478 0.13356
ENSG00000113790.6 3 184999778 184999778 - 4 0 3_internal_11939 3 184971358 185001463 156 122.713 1.00001 2.97611 3.95073e-08 0.423031 0.00497512 3.32449e-06
ENSG00000073803.9 3 185000729 185000729 + 4 0 3_internal_11939 3 184971358 185001463 156 170.716 0.999996 4.67116 3.1654e-08 0.42332 0.00497512 3.32994e-08
ENSG00000229638.1 3 185136566 185136566 - 5 -994491 3_internal_12271 3 186131057 186238391 156 143.279 1.00001 4.61342 0.0607544 0.152429 0.303483 0.2928
ENSG00000163900.6 3 185216845 185216845 - 4 858285 3_internal_15654 3 184263002 184358560 156 162.383 1.00005 3.83026 0.0354467 0.167499 0.0995025 0.116683
ENSG00000163904.8 3 185300284 185300284 + 4 -902512 3_internal_12652 3 184376090 184397772 156 175.028 0.999992 3.81065 0.124982 0.115706 0.358209 0.342195
ENSG00000236489.1 3 185324363 185324363 + 4 -965803 3_internal_15654 3 184263002 184358560 156 184.123 1.00003 5.1099 0.14458 0.114686 0.432836 0.457734
ENSG00000163915.3 3 185430316 185430316 + 2 700741 3_internal_12271 3 186131057 186238391 156 183.635 1.00002 2.18067 0.46713 -0.0569863 0.691542 0.706509
ENSG00000265470.1 3 185485692 185485692 - 2 -645365 3_internal_12271 3 186131057 186238391 156 166.238 1.00001 2.0359 0.412328 -0.0652425 0.651741 0.643357
ENSG00000073792.11 3 185542844 185542844 - 2 541381 3_internal_11939 3 184971358 185001463 156 168.888 1 1.92285 0.382294 0.0714321 0.587065 0.580199
ENSG00000136527.13 3 185655924 185655924 - 6 -941579 3_internal_10994 3 186597503 186720454 156 157.645 1.10437 7.0828 0.154385 -0.10911 0.686567 0.651001
ENSG00000171658.4 3 185677732 185677732 + 6 453325 3_internal_12271 3 186131057 186238391 156 131.336 0.999971 5.01426 0.217482 -0.0978432 0.78607 0.775987
ENSG00000234197.1 3 185796959 185796959 + 7 -795496 3_internal_11939 3 184971358 185001463 156 123.277 0.999946 5.24785 0.0293392 -0.174155 0.238806 0.247984
ENSG00000244405.3 3 185828107 185828107 - 7 -302950 3_internal_12271 3 186131057 186238391 156 143.63 1.00002 5.40955 0.195723 -0.104132 0.731343 0.729095
ENSG00000058866.10 3 186080026 186080026 - 6 -538358 3_internal_12026 3 186618384 186637213 156 167.273 1.02924 6.13097 0.204628 0.0995699 0.726368 0.713138
ENSG00000213139.3 3 186264491 186264491 - 6 26100 3_internal_12271 3 186131057 186238391 156 150.698 1.00002 5.36608 0.160029 -0.113337 0.621891 0.625677
ENSG00000090520.6 3 186285192 186285192 + 6 443689 3_internal_13142 3 186728881 186770279 156 154.126 1.06584 5.9587 0.133782 -0.117804 0.567164 0.55403
ENSG00000113838.8 3 186288332 186288332 - 6 -300199 3_internal_11872 3 186588531 186751382 156 163.876 1.06823 6.74997 0.389412 0.0685624 0.935323 0.954228
ENSG00000156976.10 3 186500994 186500994 + 7 227887 3_internal_13142 3 186728881 186770279 156 173.55 0.920278 7.18328 0.0452645 0.164618 0.253731 0.258075
ENSG00000263826.1 3 186501968 186501968 - 7 -961375 3_internal_11831 3 187463343 187488903 156 151.932 1.05534 6.72016 0.172188 0.110086 0.686567 0.713314
ENSG00000238942.1 3 186502585 186502585 + 7 226296 3_internal_13142 3 186728881 186770279 156 142.624 1.00895 6.08018 0.167543 0.111242 0.716418 0.712935
ENSG00000200418.1 3 186504112 186504112 + 7 121282 3_internal_11433 3 186625394 186652579 156 151.43 1.05536 7.2998 0.0587046 -0.147376 0.338308 0.350691
ENSG00000221420.2 3 186504464 186504464 + 7 958879 3_internal_11831 3 187463343 187488903 156 136.988 1.02781 5.57959 0.0261713 0.174894 0.20398 0.180657
ENSG00000200320.1 3 186505089 186505089 + 7 223792 3_internal_13142 3 186728881 186770279 156 156.411 1.05975 7.2104 0.000283299 0.291826 0.00497512 0.00135188
ENSG00000263776.1 3 186505401 186505401 + 7 112983 3_internal_12026 3 186618384 186637213 156 147.636 0.976304 6.63645 0.114638 0.125768 0.572139 0.597529
ENSG00000163918.6 3 186524847 186524847 - 7 -93537 3_internal_12026 3 186618384 186637213 156 168.873 0.991325 7.12244 0.216693 -0.10336 0.781095 0.795851
ENSG00000223803.1 3 186617987 186617987 + 7 110894 3_internal_13142 3 186728881 186770279 156 142.35 1.01059 6.40617 0.0189476 0.184997 0.164179 0.14632
ENSG00000073849.10 3 186648274 186648274 + 7 80607 3_internal_13142 3 186728881 186770279 156 182.401 0.871433 7.10557 1.36428e-10 0.477936 0.00497512 6.46718e-10
ENSG00000203632.3 3 186650337 186650337 + 7 78544 3_internal_13142 3 186728881 186770279 156 168.218 0.955964 5.73439 1.43081e-05 0.332005 0.00497512 6.00871e-05
ENSG00000163923.5 3 186898696 186898696 - 9 128417 3_internal_13142 3 186728881 186770279 156 151.765 0.966769 7.6334 0.030203 -0.173885 0.268657 0.236916
ENSG00000136514.2 3 187086120 187086120 + 11 816080 3_internal_12436 3 187902200 187935566 156 133.392 1.04054 9.08513 0.0485456 0.157185 0.427861 0.454894
ENSG00000228804.1 3 187420101 187420101 + 10 271308 3_internal_12770 3 187691409 187719468 156 171.204 1.06761 12.2082 0.0758743 -0.146956 0.517413 0.517098
ENSG00000223401.1 3 187461474 187461474 + 10 -710092 3_internal_11872 3 186588531 186751382 156 153.425 1.06224 10.1782 0.255389 0.0947706 0.950249 0.947462
ENSG00000113916.13 3 187463515 187463515 - 10 -438685 3_internal_12436 3 187902200 187935566 156 146.966 0.979478 8.24783 0.091717 -0.136882 0.587065 0.596017
ENSG00000224187.1 3 187694195 187694195 - 8 5740 3_internal_11738 3 187661490 187688455 156 166.634 0.969175 8.26877 0.00049895 0.274297 0.00497512 0.00321048
ENSG00000145012.8 3 187871072 187871072 + 5 31128 3_internal_12436 3 187902200 187935566 156 185.692 0.981078 5.59579 0.0235236 0.185132 0.079602 0.0771447
ENSG00000213132.2 3 187896331 187896331 + 5 5869 3_internal_12436 3 187902200 187935566 156 159.611 0.999976 5.19333 0.0066758 0.220284 0.0199005 0.031134
ENSG00000224563.1 3 188286454 188286454 - 7 -824168 3_internal_12189 3 189110622 189810856 156 153.212 0.929349 6.38652 0.146035 0.118036 0.646766 0.673126
ENSG00000264114.1 3 188348490 188348490 - 7 -762132 3_internal_12189 3 189110622 189810856 156 183.909 0.887529 7.13471 0.167619 0.110173 0.656716 0.687012
ENSG00000207651.1 3 188406569 188406569 + 7 -687101 3_internal_12770 3 187691409 187719468 156 165.659 0.963289 7.22324 0.0784948 0.146076 0.39801 0.424481
ENSG00000188001.5 3 188665003 188665003 + 6 445619 3_internal_12189 3 189110622 189810856 156 157.005 1.05426 6.33916 0.10848 0.130274 0.477612 0.488847
ENSG00000234076.1 3 188665428 188665428 - 6 549584 3_internal_13640 3 188076351 188115844 156 173.885 0.919405 6.45678 0.156073 0.113184 0.621891 0.639635
ENSG00000236182.1 3 188707924 188707924 - 5 772358 3_internal_12436 3 187902200 187935566 156 160.068 1.00005 5.1153 0.0502663 -0.154181 0.228856 0.219735
ENSG00000073282.7 3 189349205 189349205 + 4 0 3_internal_12189 3 189110622 189810856 156 160.723 0.999976 3.8139 0.00907122 0.209043 0.0348259 0.0304725
ENSG00000090530.5 3 189840226 189840226 - 4 -178807 3_internal_11533 3 190019033 190024610 156 162.734 0.999972 3.91458 0.0932412 0.136454 0.288557 0.29806
ENSG00000196083.5 3 190231840 190231840 + 4 -207230 3_internal_11533 3 190019033 190024610 156 163.8 0.999959 4.38555 0.143585 0.118077 0.462687 0.467729
ENSG00000231047.1 3 190342384 190342384 + 4 -317774 3_internal_11533 3 190019033 190024610 156 163.343 1.00003 3.70446 0.410071 0.0677789 0.850746 0.848558
ENSG00000223117.1 3 190359952 190359952 + 4 -335342 3_internal_11533 3 190019033 190024610 156 134.093 1.00005 3.62786 0.471428 0.0578996 0.910448 0.921684
ENSG00000152492.9 3 191046866 191046866 + 1 0 3_internal_18178 3 190962406 192636374 156 153.532 0.999973 1.00633 5.84372e-19 0.655457 0.00497512 1.11161e-18
ENSG00000188958.5 3 191048325 191048325 - 1 0 3_internal_18178 3 190962406 192636374 156 158.163 0.999993 1.08196 1.23561e-07 0.40556 0.00497512 1.09359e-07
ENSG00000180611.6 3 192635950 192635950 - 2 0 3_internal_18178 3 190962406 192636374 156 132.006 1.00001 1.74757 2.71486e-08 0.422802 0.00497512 5.56758e-07
ENSG00000236297.1 3 193310879 193310879 - 5 -805059 3_internal_11301 3 194115938 194125368 156 132.6 0.99994 4.38679 0.142953 0.117876 0.567164 0.574457
ENSG00000127249.10 3 193310900 193310900 - 5 -317077 3_internal_11198 3 193627977 193690163 156 137.384 1.00001 4.69133 0.0124948 0.202682 0.0696517 0.0864966
ENSG00000198836.4 3 193310933 193310933 + 5 805005 3_internal_11301 3 194115938 194125368 156 168.157 1.0433 5.78021 0.116681 0.127779 0.442786 0.44785
ENSG00000207370.1 3 193341978 193341978 + 5 285999 3_internal_11198 3 193627977 193690163 156 152.831 1.00003 5.09047 0.047927 0.159425 0.223881 0.230857
ENSG00000224855.1 3 193345126 193345126 - 5 708752 3_internal_18178 3 190962406 192636374 156 151.887 0.999974 4.89743 0.0689239 0.143459 0.333333 0.30904
ENSG00000243991.2 3 193458510 193458510 - 5 -169467 3_internal_11198 3 193627977 193690163 156 172.758 1.05714 6.32411 0.0939309 -0.135133 0.393035 0.375223
ENSG00000214146.2 3 193721448 193721448 - 4 31285 3_internal_11198 3 193627977 193690163 156 154.492 0.999968 3.73915 0.00480596 0.212892 0.0199005 0.0186269
ENSG00000114315.3 3 193853934 193853934 + 5 45651 3_internal_15321 3 193899585 193912547 156 153.806 1.02375 5.63967 0.0225714 -0.177056 0.134328 0.118804
ENSG00000178732.4 3 194119995 194119995 - 5 0 3_internal_11301 3 194115938 194125368 156 155.573 0.999999 5.08736 0.258848 0.0907041 0.781095 0.783119
ENSG00000233058.1 3 194208183 194208183 + 5 -295636 3_internal_15321 3 193899585 193912547 156 158.179 1.00002 5.08301 0.00104068 0.249474 0.00497512 0.00486647
ENSG00000133657.10 3 194219093 194219093 - 5 396340 3_internal_12188 3 193812853 193822753 156 146.25 1.00005 4.76504 0.223801 -0.0989304 0.741294 0.727681
ENSG00000244675.1 3 194222232 194222232 - 5 309685 3_internal_15321 3 193899585 193912547 156 162.977 0.99996 4.4768 0.0201869 0.185024 0.0845771 0.0763305
ENSG00000231770.1 3 194304740 194304740 + 5 -481987 3_internal_12188 3 193812853 193822753 156 165.994 0.97155 5.72295 0.52694 -0.0497283 0.99005 0.98474
ENSG00000229334.1 3 194353652 194353652 + 6 446184 3_internal_15562 3 194799836 194829341 156 158.133 1.0205 6.01147 0.157539 0.114472 0.641791 0.627753
ENSG00000145014.13 3 194354418 194354418 - 6 -445418 3_internal_15562 3 194799836 194829341 156 170.595 0.98723 6.64021 0.240193 0.0954664 0.810945 0.810161
ENSG00000266447.1 3 194370319 194370319 + 6 981667 3_internal_12416 3 195351986 195716136 156 143.675 1.01248 6.21048 0.00844095 0.222285 0.0696517 0.0667209
ENSG00000041802.6 3 194393206 194393206 - 6 703043 3_internal_11198 3 193627977 193690163 156 141.207 1.00002 5.43746 0.0219027 0.186183 0.139303 0.148982
ENSG00000185112.4 3 194406622 194406622 + 6 -494075 3_internal_15321 3 193899585 193912547 156 134.291 1.00006 4.71969 0.108052 -0.127924 0.522388 0.498534
ENSG00000233303.1 3 194815317 194815317 + 9 691590 3_internal_11262 3 195506907 195517120 156 171.509 0.925537 9.60752 0.0155801 0.181093 0.119403 0.124538
ENSG00000265333.1 3 194855309 194855309 - 8 -496677 3_internal_12416 3 195351986 195716136 156 175.195 0.911228 9.00548 0.100227 0.129124 0.557214 0.575918
ENSG00000244314.2 3 194867732 194867732 - 8 742364 3_internal_11301 3 194115938 194125368 156 133.225 1.05975 7.07173 0.00984928 0.200089 0.0845771 0.0988443
ENSG00000230266.1 3 194868600 194868600 + 8 638307 3_internal_11262 3 195506907 195517120 156 143.523 1.04889 8.41905 0.00122744 0.252676 0.0149254 0.012981
ENSG00000173950.11 3 194991896 194991896 - 8 866528 3_internal_11301 3 194115938 194125368 156 174.205 0.911485 8.40915 0.0692092 -0.144928 0.41791 0.420701
ENSG00000229325.1 3 195003470 195003470 - 9 -348516 3_internal_12416 3 195351986 195716136 156 151.902 1.01104 8.18205 0.25658 -0.0907476 0.905473 0.916101
ENSG00000227433.1 3 195070393 195070393 + 9 458266 3_internal_11246 3 195528659 195531878 156 150.394 1.00142 9.15198 0.00892345 0.204376 0.104478 0.0896005
ENSG00000207368.1 3 195140275 195140275 - 8 -765040 3_internal_14048 3 195905315 195924378 156 148.337 0.93044 8.26583 0.0222258 0.181591 0.19403 0.222267
ENSG00000114331.8 3 195163807 195163807 - 8 -835941 3_internal_15565 3 195999748 196015671 156 127.603 1.12134 6.55459 0.376655 -0.0706107 0.955224 0.966804
ENSG00000252620.1 3 195250019 195250019 - 8 -256888 3_internal_11262 3 195506907 195517120 156 158.91 0.960571 7.73499 0.105021 0.127016 0.606965 0.581768
ENSG00000184203.3 3 195270209 195270209 - 8 -81777 3_internal_12416 3 195351986 195716136 156 154.736 1.00321 7.16089 0.0209108 0.180015 0.149254 0.142701
ENSG00000223711.1 3 195270871 195270871 + 8 634444 3_internal_14048 3 195905315 195924378 156 157.402 0.990855 7.98566 0.0642543 -0.14366 0.427861 0.409928
ENSG00000224769.1 3 195341818 195341818 + 10 10168 3_internal_12416 3 195351986 195716136 156 164.775 1.02375 11.5476 1.95302e-08 0.445904 0.00497512 6.08341e-08
ENSG00000176945.11 3 195343316 195343316 + 10 185343 3_internal_11246 3 195528659 195531878 156 144.94 1.09491 8.7123 0.0351495 0.172683 0.318408 0.273041
ENSG00000229178.1 3 195384798 195384798 - 10 0 3_internal_12416 3 195351986 195716136 156 211.575 0.830145 13.3272 1.3235e-08 0.446614 0.00497512 1.92863e-08
ENSG00000242086.3 3 195384933 195384933 + 10 0 3_internal_12416 3 195351986 195716136 156 159.595 1.09359 11.6529 4.06522e-36 0.807061 0.00497512 3.77377e-39
ENSG00000215837.7 3 195384967 195384967 + 10 0 3_internal_12416 3 195351986 195716136 156 147.804 0.944571 9.58061 1.08843e-20 0.669737 0.00497512 1.07179e-17
ENSG00000207650.1 3 195426272 195426272 + 11 0 3_internal_12416 3 195351986 195716136 156 156.091 1.02934 10.1425 5.49569e-18 0.633287 0.00497512 1.79667e-17
ENSG00000145113.17 3 195539148 195539148 - 13 7270 3_internal_11246 3 195528659 195531878 156 140.217 1.09323 13.7229 0.0256098 0.176269 0.348259 0.338473
ENSG00000224614.1 3 195634947 195634947 + 13 364801 3_internal_15565 3 195999748 196015671 156 164.866 1.02522 12.7143 0.0315969 -0.173352 0.318408 0.283724
ENSG00000061938.12 3 195638816 195638816 - 13 -266499 3_internal_14048 3 195905315 195924378 156 176.871 1.11263 16.6379 0.0266436 -0.175906 0.228856 0.218127
ENSG00000226155.1 3 195638920 195638920 + 13 -809579 3_internal_15562 3 194799836 194829341 156 171.783 0.905235 14.4182 0.0444342 0.1551 0.412935 0.448013
ENSG00000231443.2 3 195664114 195664114 + 13 0 3_internal_12416 3 195351986 195716136 156 119.59 1.10487 9.54195 0.0802689 0.140313 0.721393 0.686
ENSG00000260261.1 3 195679566 195679566 - 13 0 3_internal_12416 3 195351986 195716136 156 165.384 0.973733 13.3271 1.09642e-09 0.440832 0.00497512 7.74571e-09
ENSG00000185485.10 3 195717189 195717189 - 13 1053 3_internal_12416 3 195351986 195716136 156 162.079 0.89381 12.1491 7.08696e-25 0.702188 0.00497512 3.87721e-22
ENSG00000228413.1 3 195771566 195771566 + 13 40668 3_internal_11569 3 195812234 195828111 156 186.408 0.869556 16.3194 0.0123827 0.202114 0.159204 0.137524
ENSG00000252174.1 3 195799690 195799690 + 13 -970349 3_internal_15562 3 194799836 194829341 156 169.391 0.937474 14.9977 0.106276 -0.129217 0.781095 0.78582
ENSG00000072274.8 3 195809060 195809060 - 13 0 3_internal_12463 3 195807442 195850802 156 142.137 1.03158 11.2739 3.11701e-05 0.329086 0.00497512 0.000625991
ENSG00000163959.5 3 195938358 195938358 + 13 453444 3_internal_11479 3 196391802 196405928 156 155.421 1.05592 12.8087 0.00820196 -0.206313 0.0995025 0.0874676
ENSG00000228028.1 3 195977420 195977420 + 13 414382 3_internal_11479 3 196391802 196405928 156 161.164 1.01901 15.2965 0.0132618 -0.205546 0.19403 0.159654
ENSG00000161217.6 3 196014828 196014828 - 13 482950 3_internal_11246 3 195528659 195531878 156 144.026 1.02638 11.552 0.0141383 0.191441 0.208955 0.183281
ENSG00000213123.5 3 196045170 196045170 - 13 329034 3_internal_12416 3 195351986 195716136 156 135.236 1.06299 9.95108 0.0509896 -0.157906 0.492537 0.481719
ENSG00000235897.1 3 196045201 196045201 + 13 -513323 3_internal_11246 3 195528659 195531878 156 148.566 1.04099 11.8721 0.0182266 -0.183128 0.199005 0.208664
ENSG00000145107.10 3 196065374 196065374 - 13 -326428 3_internal_11479 3 196391802 196405928 156 179.034 0.947853 15.3585 0.119086 -0.120745 0.78607 0.799382
ENSG00000206644.1 3 196120683 196120683 - 13 588805 3_internal_11246 3 195528659 195531878 156 135.555 1.04659 10.451 0.133081 0.120604 0.855721 0.830329
ENSG00000241868.2 3 196124649 196124649 - 13 296538 3_internal_11569 3 195812234 195828111 156 160.54 1.07437 12.2448 0.086244 -0.131313 0.631841 0.618043
ENSG00000243339.2 3 196126782 196126782 + 13 310085 3_internal_11260 3 196436867 196471633 156 151.338 0.942226 12.7439 0.00273068 0.244286 0.0696517 0.0487067
ENSG00000226345.1 3 196150193 196150193 + 13 -225815 3_internal_14048 3 195905315 195924378 156 149.998 1.03231 12.6072 0.0825248 0.134254 0.696517 0.677596
ENSG00000225822.3 3 196158235 196158235 + 14 -142564 3_internal_15565 3 195999748 196015671 156 161.591 0.984709 13.0232 0.0138427 -0.201147 0.159204 0.153372
ENSG00000163960.7 3 196159345 196159345 - 14 234967 3_internal_14048 3 195905315 195924378 156 159.839 0.989486 13.3852 0.0104276 -0.210662 0.109453 0.123363
ENSG00000163961.4 3 196230639 196230639 - 14 306261 3_internal_14048 3 195905315 195924378 156 151.186 1.10011 13.9257 0.00399923 -0.229938 0.0497512 0.0453138
ENSG00000174013.7 3 196295482 196295482 + 14 -279811 3_internal_15565 3 195999748 196015671 156 164.227 0.942163 13.7282 0.0463204 -0.15953 0.482587 0.464681
ENSG00000185798.6 3 196295545 196295545 - 14 444743 3_internal_12463 3 195807442 195850802 156 151.993 1.0416 14.2801 0.0810889 0.138948 0.706468 0.704263
ENSG00000232065.1 3 196359458 196359458 - 16 -32344 3_internal_11479 3 196391802 196405928 156 189.546 0.838799 21.5164 0.0227777 -0.174562 0.293532 0.30524
ENSG00000174004.5 3 196366557 196366557 + 16 986437 3_internal_11585 3 197352994 197365135 156 179.248 0.886226 15.889 0.0213339 -0.183408 0.238806 0.243693
ENSG00000163964.9 3 196366646 196366646 + 16 -515844 3_internal_12463 3 195807442 195850802 156 148.566 1.16838 15.2363 0.0970164 -0.131946 0.761194 0.770117
ENSG00000201441.1 3 196435835 196435835 - 16 -883830 3_internal_11247 3 197319665 197326746 156 170.046 1.04819 19.3791 0.0357519 0.165445 0.41791 0.404289
ENSG00000174007.7 3 196439164 196439164 - 16 514786 3_internal_14048 3 195905315 195924378 156 143.279 1.09898 13.4814 0.192116 -0.102749 0.935323 0.951328
ENSG00000180370.5 3 196466728 196466728 + 17 994312 3_internal_10797 3 197461040 197478904 156 146.875 0.991887 15.5174 0.0689368 -0.142995 0.696517 0.717527
ENSG00000202181.1 3 196474195 196474195 - 17 942317 3_internal_11246 3 195528659 195531878 156 155.162 1.04162 19.5593 0.0961951 0.131388 0.855721 0.855325
ENSG00000206892.1 3 196511957 196511957 - 17 179880 3_internal_11611 3 196324597 196332077 156 170.899 1.06804 19.0691 0.0248275 -0.183125 0.313433 0.273924
ENSG00000119231.6 3 196594727 196594727 + 15 332050 3_internal_13273 3 196926777 196998426 156 152.603 1.06307 14.8054 0.0158837 0.187979 0.21393 0.200399
ENSG00000230732.2 3 196639972 196639972 + 15 -217471 3_internal_16018 3 196335779 196422501 156 162.063 0.98497 15.359 0.0163476 0.196305 0.233831 0.205491
ENSG00000225578.1 3 196666748 196666748 + 15 -260820 3_internal_11479 3 196391802 196405928 156 155.893 0.978911 14.0953 0.00277445 -0.240745 0.0497512 0.0415957
ENSG00000114503.6 3 196669468 196669468 - 15 -257309 3_internal_13273 3 196926777 196998426 156 155.802 1.07471 16.0297 0.00620278 0.221961 0.0746269 0.0777505
ENSG00000119227.3 3 196695931 196695931 - 15 290003 3_internal_11479 3 196391802 196405928 156 168.188 0.969026 18.3084 0.00313643 0.227194 0.0547264 0.043386
ENSG00000228109.1 3 196726331 196726331 + 14 -394254 3_internal_11611 3 196324597 196332077 156 152.389 0.896662 11.2633 0.00602055 -0.212314 0.109453 0.0981121
ENSG00000163975.7 3 196756687 196756687 - 14 832309 3_internal_14048 3 195905315 195924378 156 174.555 0.998426 16.5605 0.000815007 -0.248918 0.0199005 0.00661841
ENSG00000227375.1 3 197025123 197025123 + 11 800481 3_internal_10701 3 197825604 197827996 156 176.886 0.875596 13.374 0.378614 -0.069116 1 0.997579
ENSG00000075711.15 3 197026171 197026171 - 11 -128635 3_internal_15234 3 197154806 197185380 156 175.713 1.06171 14.6758 0.031815 0.169645 0.268657 0.259267
ENSG00000161267.7 3 197300194 197300194 - 11 -19471 3_internal_11247 3 197319665 197326746 156 150.333 1.02277 9.97593 0.084837 0.138028 0.621891 0.60314
ENSG00000214135.4 3 197354777 197354777 - 10 0 3_internal_11585 3 197352994 197365135 156 159.93 0.96269 9.65554 0.00098063 -0.260487 0.0149254 0.00986614
ENSG00000216042.1 3 197401447 197401447 - 10 216067 3_internal_15234 3 197154806 197185380 156 163.571 0.961326 8.94022 0.205306 -0.0993065 0.855721 0.863886
ENSG00000122068.6 3 197464050 197464050 + 8 0 3_internal_10797 3 197461040 197478904 156 166.984 1.01901 8.3074 0.114108 0.125928 0.59204 0.583003
ENSG00000145016.9 3 197476598 197476598 - 7 291218 3_internal_15234 3 197154806 197185380 156 181.685 0.883698 8.30208 0.130889 -0.123215 0.641791 0.644975
ENSG00000186001.8 3 197518097 197518097 + 6 307507 3_internal_10701 3 197825604 197827996 156 160.814 0.977588 6.62786 0.120188 0.120235 0.58209 0.563629
ENSG00000234136.1 3 197558167 197558167 - 6 193032 3_internal_11585 3 197352994 197365135 156 156.03 1.05737 6.50243 0.27132 -0.0936034 0.850746 0.861084
ENSG00000234742.1 3 197577825 197577825 - 6 251079 3_internal_11247 3 197319665 197326746 156 143.523 0.999997 5.28943 0.174439 -0.107271 0.691542 0.677824
ENSG00000182899.10 3 197676858 197676858 + 6 148746 3_internal_10701 3 197825604 197827996 156 153.182 0.982221 5.87406 0.00934504 0.209548 0.0746269 0.0607192
ENSG00000114473.9 3 197687013 197687013 - 6 -138591 3_internal_10701 3 197825604 197827996 156 153.989 0.987637 6.15833 0.0544976 0.150509 0.308458 0.30466
ENSG00000185621.7 3 197687071 197687071 + 6 -501691 3_internal_15234 3 197154806 197185380 156 159.199 0.973735 6.14057 0.0116908 0.20195 0.079602 0.0702832
ENSG00000232832.1 3 197766105 197766105 - 6 -59499 3_internal_10701 3 197825604 197827996 156 155.406 1.00895 5.6804 0.0248916 0.180594 0.154229 0.132043
ENSG00000226435.6 3 197807591 197807591 - 6 -18013 3_internal_10701 3 197825604 197827996 156 172.438 0.958019 5.57851 0.018914 0.181661 0.0945274 0.0830274
ENSG00000224450.1 3 197907620 197907620 + 6 -542485 3_internal_11585 3 197352994 197365135 156 148.748 0.999991 5.74989 0.0123032 -0.20149 0.0995025 0.0806357
