ENSG00000230724.3 11 139117 139117 - 10 -62106 11_internal_10945 11 201223 321407 156 134.992 1.0999 8.04577 0.243644 -0.0938671 0.930348 0.914794
ENSG00000177947.9 11 196738 196738 + 10 125951 11_internal_8413 11 322689 338219 156 137.445 1.00387 7.93444 0.00388991 -0.234422 0.0746269 0.0516094
ENSG00000254559.1 11 203623 203623 + 10 758274 11_internal_9106 11 961897 971817 156 140.446 0.998653 8.06604 0.203231 -0.102713 0.860697 0.87545
ENSG00000232495.2 11 204363 204363 - 10 -598178 11_internal_7708 11 802541 846801 156 176.353 0.963304 11.1467 0.039116 -0.165251 0.293532 0.289943
ENSG00000177951.12 11 207428 207428 - 10 -115261 11_internal_8413 11 322689 338219 156 164.775 0.956477 9.03886 0.0315433 -0.173106 0.263682 0.238077
ENSG00000177963.7 11 207511 207511 + 10 0 11_internal_10945 11 201223 321407 156 159.016 0.95672 11.1956 9.75931e-07 0.387675 0.00497512 1.44464e-05
ENSG00000185627.13 11 236546 236546 + 10 0 11_internal_10945 11 201223 321407 156 172.758 0.926268 10.5508 0.000540159 0.269918 0.00995025 0.00451294
ENSG00000142082.10 11 236931 236931 - 10 -85758 11_internal_8413 11 322689 338219 156 145.58 1.04286 9.59426 0.0099695 -0.207259 0.109453 0.104488
ENSG00000174885.8 11 278365 278365 + 10 0 11_internal_10945 11 201223 321407 156 155.391 0.940023 9.29924 0.0313974 0.164787 0.303483 0.28592
ENSG00000255026.1 11 287305 287305 + 10 0 11_internal_10945 11 201223 321407 156 163.556 0.908943 8.72699 0.00182158 0.249458 0.0248756 0.0188394
ENSG00000142102.11 11 289135 289135 + 10 33554 11_internal_8413 11 322689 338219 156 168.005 0.988387 11.398 0.0218973 0.173131 0.18408 0.185299
ENSG00000206013.2 11 299526 299526 - 10 -662371 11_internal_9106 11 961897 971817 156 155.939 0.991513 10.1295 0.116829 0.123092 0.746269 0.719165
ENSG00000185201.11 11 307631 307631 + 10 15058 11_internal_8413 11 322689 338219 156 146.25 1.01961 9.40804 2.55183e-12 0.526273 0.00497512 7.2935e-11
ENSG00000254910.1 11 311141 311141 - 10 -11548 11_internal_8413 11 322689 338219 156 142.67 0.90187 7.57072 0.00027001 0.288246 0.0149254 0.00670104
ENSG00000185885.11 11 313506 313506 + 10 9183 11_internal_8413 11 322689 338219 156 142.563 1.1722 9.81223 2.12672e-07 0.406463 0.00497512 8.38443e-07
ENSG00000251661.2 11 318640 318640 + 10 4049 11_internal_8413 11 322689 338219 156 171.844 0.997969 10.4743 4.34808e-06 0.358772 0.00497512 1.52104e-05
ENSG00000142089.10 11 321340 321340 - 10 -1349 11_internal_8413 11 322689 338219 156 131.534 1.06246 8.14416 1.03194e-10 0.496792 0.00497512 7.957e-09
ENSG00000255328.1 11 327171 327171 + 10 0 11_internal_8413 11 322689 338219 156 159.55 1.09844 11.1559 2.18414e-13 0.540901 0.00497512 8.47136e-14
ENSG00000185187.7 11 417455 417455 - 10 116824 11_internal_8593 11 296763 300631 156 164.76 0.913087 9.6094 0.0351506 0.169184 0.318408 0.296059
ENSG00000243562.2 11 440693 440693 - 10 119286 11_internal_10945 11 201223 321407 156 194.756 0.87022 11.9254 0.0552629 0.150854 0.373134 0.387096
ENSG00000185101.8 11 442011 442011 - 10 -360530 11_internal_7708 11 802541 846801 156 135.891 1.05774 7.99617 0.243099 0.0946572 0.900498 0.917037
ENSG00000174915.7 11 448268 448268 + 10 -126861 11_internal_10945 11 201223 321407 156 160.296 0.974211 10.6478 0.0660068 0.146931 0.522388 0.508489
ENSG00000255237.1 11 463899 463899 - 10 -312410 11_internal_7947 11 776309 928877 156 166.954 0.976446 9.52942 0.010394 0.209837 0.079602 0.0792023
ENSG00000023191.11 11 507300 507300 - 11 185893 11_internal_10945 11 201223 321407 156 149.754 1.12049 11.2098 0.0707551 0.142961 0.537313 0.539201
ENSG00000254739.1 11 528907 528907 + 11 47689 11_internal_8324 11 576596 589319 156 129.751 1.11495 8.70634 0.0462329 -0.158016 0.422886 0.412087
ENSG00000174775.12 11 537287 537287 - 11 -969919 11_internal_7929 11 1507206 1530225 156 148.368 1.01918 8.84454 0.129936 0.119435 0.741294 0.7294
ENSG00000161328.10 11 537527 537527 + 11 -199308 11_internal_8413 11 322689 338219 156 145.427 0.958004 8.13585 0.00404892 0.21249 0.0497512 0.0509492
ENSG00000254815.1 11 557595 557595 + 11 -236188 11_internal_10945 11 201223 321407 156 160.662 1.06178 12.0398 0.117828 -0.121961 0.781095 0.742332
ENSG00000099849.10 11 560404 560404 + 11 -238997 11_internal_10945 11 201223 321407 156 154.675 1.10381 11.9947 0.0443442 0.160969 0.38806 0.378468
ENSG00000185522.4 11 560779 560779 - 11 -946427 11_internal_7929 11 1507206 1530225 156 153.395 0.941168 8.94961 0.187701 -0.103564 0.855721 0.863617
ENSG00000247095.2 11 568457 568457 - 11 246994 11_internal_7933 11 304327 321463 156 146.585 1.02484 10.1126 0.00369074 0.218856 0.039801 0.0444481
ENSG00000070047.6 11 576486 576486 + 11 348374 11_internal_10034 11 924860 1017995 156 189.348 0.89066 15.7306 0.0644138 -0.148721 0.522388 0.540537
ENSG00000185507.14 11 615999 615999 - 11 277780 11_internal_8413 11 322689 338219 156 152.755 1.0137 10.1266 0.002211 0.234973 0.0199005 0.0232957
ENSG00000099834.14 11 626078 626078 - 11 -176463 11_internal_7708 11 802541 846801 156 174.738 0.959365 11.8279 0.0421956 -0.168503 0.318408 0.334369
ENSG00000069696.6 11 637293 637293 + 11 -299074 11_internal_8413 11 322689 338219 156 147.575 1.14881 10.5597 0.121155 0.118159 0.766169 0.728635
ENSG00000255158.1 11 665910 665910 + 11 22853 11_internal_8357 11 688763 726965 156 137.505 1.12573 9.55928 0.105421 -0.12885 0.686567 0.688253
ENSG00000177106.9 11 694438 694438 + 11 812768 11_internal_7929 11 1507206 1530225 156 159.352 1.03728 10.4506 0.0212785 -0.181312 0.189055 0.17607
ENSG00000177042.9 11 695616 695616 + 11 80693 11_internal_7947 11 776309 928877 156 145.062 1.04567 10.8812 0.106901 0.123954 0.726368 0.736295
ENSG00000177030.11 11 706715 706715 - 11 -95826 11_internal_7708 11 802541 846801 156 121.098 1.09837 8.28866 0.0840881 -0.132396 0.646766 0.641904
ENSG00000177156.6 11 747329 747329 + 11 214568 11_internal_9106 11 961897 971817 156 164.074 0.991117 13.2431 0.130429 -0.116381 0.840796 0.820726
ENSG00000177225.11 11 777501 777501 - 12 456094 11_internal_10945 11 201223 321407 156 132.844 1.0341 8.50618 0.232329 -0.0935188 0.920398 0.927625
ENSG00000255284.1 11 777578 777578 + 12 -188259 11_internal_8324 11 576596 589319 156 135.875 0.954082 8.78476 0.0653481 -0.147938 0.547264 0.565001
ENSG00000177236.3 11 780117 780117 + 12 22424 11_internal_7708 11 802541 846801 156 163.069 0.879018 11.2304 0.0154063 0.19631 0.18408 0.183367
ENSG00000255142.1 11 781645 781645 + 12 -481014 11_internal_8593 11 296763 300631 156 168.98 0.904604 12.665 0.141329 0.119555 0.860697 0.842435
ENSG00000184524.5 11 790123 790123 - 12 -171774 11_internal_9106 11 961897 971817 156 145.046 1.0658 10.4728 0.181439 0.104496 0.860697 0.889363
ENSG00000177542.6 11 798316 798316 - 12 -126544 11_internal_10034 11 924860 1017995 156 135.312 1.1516 10.3493 0.0357571 -0.164173 0.402985 0.347607
ENSG00000177600.4 11 809647 809647 + 12 0 11_internal_7708 11 802541 846801 156 144.666 1.08072 12.4414 0.00193384 -0.246794 0.0348259 0.0256234
ENSG00000177595.12 11 809753 809753 - 12 0 11_internal_7708 11 802541 846801 156 149.343 1.01225 11.7224 0.123842 0.113618 0.79602 0.806894
ENSG00000199785.1 11 811681 811681 + 12 0 11_internal_7947 11 776309 928877 156 149.83 1.08716 12.6407 0.0171653 0.197649 0.208955 0.187533
ENSG00000177666.11 11 818902 818902 + 12 -229583 11_internal_8324 11 576596 589319 156 171.783 1.04572 15.6937 0.0883191 0.137169 0.701493 0.681827
ENSG00000177685.11 11 826144 826144 + 12 -504681 11_internal_7933 11 304327 321463 156 158.377 1.01413 12.5604 0.008627 0.210848 0.0845771 0.0938511
ENSG00000177697.12 11 832843 832843 + 12 0 11_internal_7708 11 802541 846801 156 157.95 0.950063 9.58039 9.55418e-06 0.350061 0.00497512 0.000131198
ENSG00000255108.1 11 832883 832883 - 12 532252 11_internal_8593 11 296763 300631 156 141.771 1.11328 11.7831 0.0296203 0.171023 0.303483 0.316858
ENSG00000177700.5 11 842545 842545 - 12 0 11_internal_7708 11 802541 846801 156 149.16 1.02748 10.8399 0.0509563 0.162459 0.427861 0.453704
ENSG00000214063.6 11 842808 842808 + 12 0 11_internal_7708 11 802541 846801 156 173.977 0.910772 15.2734 0.00105268 -0.264514 0.0199005 0.0130178
ENSG00000250397.2 11 859795 859795 - 12 12994 11_internal_7708 11 802541 846801 156 167.441 0.954498 11.0862 0.00793017 -0.214508 0.0746269 0.0736236
ENSG00000177830.13 11 915058 915058 - 13 68257 11_internal_7708 11 802541 846801 156 144.711 1.05292 11.4431 0.0256868 -0.177187 0.303483 0.284755
ENSG00000183020.8 11 924894 924894 + 13 958611 11_internal_12023 11 1883505 1913211 156 156.03 1.09946 13.6371 0.0119811 -0.192309 0.114428 0.120944
ENSG00000222561.1 11 948421 948421 + 13 -627014 11_internal_10945 11 201223 321407 156 152.542 1.08267 13.4493 0.00359965 0.234285 0.0348259 0.0397297
ENSG00000184956.11 11 1036706 1036706 - 13 -730377 11_internal_7699 11 1767083 2549858 156 156.96 1.02603 12.72 0.00676366 -0.215016 0.0746269 0.0748798
ENSG00000117983.13 11 1244296 1244296 + 13 639209 11_internal_12023 11 1883505 1913211 156 172.072 0.987436 13.9761 0.0438521 -0.161403 0.432836 0.391625
ENSG00000267950.1 11 1295809 1295809 + 13 -323992 11_internal_9106 11 961897 971817 156 167.258 0.938117 12.3881 0.0579588 -0.154382 0.462687 0.497474
ENSG00000078902.11 11 1330884 1330884 - 10 484083 11_internal_7708 11 802541 846801 156 137.186 1.15611 8.76765 0.243287 0.0943243 0.910448 0.922198
ENSG00000255153.1 11 1330999 1330999 + 10 436084 11_internal_7699 11 1767083 2549858 156 152.222 1.01916 8.85907 0.0649533 0.144339 0.432836 0.456689
ENSG00000174672.11 11 1411129 1411129 + 9 355954 11_internal_7699 11 1767083 2549858 156 146.448 1.07909 8.06553 0.0444867 -0.162956 0.323383 0.312292
ENSG00000182208.8 11 1522477 1522477 - 9 593600 11_internal_7947 11 776309 928877 156 159.611 0.9566 8.37998 0.0372771 0.158422 0.278607 0.278151
ENSG00000233930.3 11 1592583 1592583 + 8 -620766 11_internal_9106 11 961897 971817 156 160.738 1.06293 8.01477 0.0641482 -0.146503 0.368159 0.363316
ENSG00000184545.6 11 1593150 1593150 - 8 62925 11_internal_7929 11 1507206 1530225 156 140.446 0.989056 6.39539 0.0199758 -0.183119 0.174129 0.165995
ENSG00000244242.1 11 1771821 1771821 - 7 -111684 11_internal_12023 11 1883505 1913211 156 154.553 0.955678 7.23623 0.00164136 -0.25721 0.0199005 0.0153177
ENSG00000250644.1 11 1780281 1780281 - 7 -103224 11_internal_12023 11 1883505 1913211 156 180.04 1.01698 7.45445 0.00547074 -0.222373 0.0248756 0.0195014
ENSG00000235027.1 11 1781578 1781578 + 7 101927 11_internal_12023 11 1883505 1913211 156 170.808 0.922495 7.18549 0.0103675 -0.213862 0.0746269 0.0662444
ENSG00000229512.1 11 1784979 1784979 - 7 766984 11_internal_10034 11 924860 1017995 156 177.267 1.01761 8.11805 0.335252 -0.0795175 0.965174 0.945757
ENSG00000117984.8 11 1785222 1785222 - 7 0 11_internal_7699 11 1767083 2549858 156 179.583 0.823412 6.58969 0.0149739 -0.198103 0.129353 0.100966
ENSG00000130598.11 11 1860219 1860219 + 6 23286 11_internal_12023 11 1883505 1913211 156 162.2 1.04598 6.49942 0.00104962 -0.259482 0.00497512 0.00417978
ENSG00000130592.9 11 1874200 1874200 + 6 9305 11_internal_12023 11 1883505 1913211 156 148.825 1.01236 5.68181 9.22794e-19 0.633309 0.00497512 2.03052e-17
ENSG00000264493.1 11 1880766 1880766 - 6 862771 11_internal_10034 11 924860 1017995 156 140.187 0.999985 5.08476 0.019086 -0.187417 0.119403 0.126827
ENSG00000249086.1 11 1885407 1885407 + 6 0 11_internal_12023 11 1883505 1913211 156 170.077 0.988525 6.39029 0.216523 0.0979433 0.746269 0.757245
ENSG00000184682.5 11 1912084 1912084 - 6 0 11_internal_12023 11 1883505 1913211 156 194.68 0.802278 6.9594 6.7011e-05 0.288298 0.00497512 0.000425749
ENSG00000229671.1 11 1923877 1923877 + 6 -10666 11_internal_12023 11 1883505 1913211 156 185.814 0.911461 7.34394 0.00438328 -0.230995 0.0348259 0.0205463
ENSG00000130595.12 11 1940792 1940792 + 5 -27581 11_internal_12023 11 1883505 1913211 156 179.796 1.00004 5.25684 0.0140769 0.195201 0.0497512 0.043254
ENSG00000252187.1 11 1941488 1941488 - 5 28277 11_internal_12023 11 1883505 1913211 156 139.09 0.999984 4.45002 0.00140956 0.254705 0.0199005 0.0114196
ENSG00000214026.6 11 1968508 1968508 + 5 -55297 11_internal_12023 11 1883505 1913211 156 159.87 1.00001 5.35413 4.53244e-07 -0.395314 0.00497512 1.74767e-06
ENSG00000226416.1 11 2011150 2011150 - 6 97939 11_internal_12023 11 1883505 1913211 156 176.277 0.999952 5.95763 0.00476481 -0.213705 0.039801 0.0159335
ENSG00000232987.1 11 2012326 2012326 + 6 -482101 11_internal_7929 11 1507206 1530225 156 149.769 0.990916 5.71386 0.0602783 -0.153836 0.318408 0.32574
ENSG00000130600.9 11 2022700 2022700 - 5 492475 11_internal_7929 11 1507206 1530225 156 187.946 0.869159 5.77325 0.0648803 -0.146334 0.268657 0.280335
ENSG00000183734.4 11 2292182 2292182 - 6 378971 11_internal_12023 11 1883505 1913211 156 170.229 0.911303 5.85852 0.301426 0.0811026 0.870647 0.872751
ENSG00000064201.10 11 2323227 2323227 + 6 -410016 11_internal_12023 11 1883505 1913211 156 157.249 1.01166 5.59318 0.188466 -0.107458 0.696517 0.680947
ENSG00000110665.7 11 2324279 2324279 - 6 -657527 11_internal_9279 11 2981806 3045914 156 170.991 0.976136 6.47299 0.0975458 -0.133402 0.427861 0.439576
ENSG00000207308.1 11 2342948 2342948 + 6 -429737 11_internal_12023 11 1883505 1913211 156 132.493 1.00005 5.25842 0.040334 -0.161949 0.313433 0.273229
ENSG00000236264.2 11 2357001 2357001 - 6 0 11_internal_7699 11 1767083 2549858 156 145.702 1.00001 5.17745 0.187516 0.104838 0.686567 0.690734
ENSG00000110651.6 11 2397407 2397407 + 6 722940 11_internal_9656 11 3120347 3191777 156 150.059 0.964535 5.70811 0.0540379 0.152187 0.308458 0.308521
ENSG00000238184.1 11 2399222 2399222 - 6 -602920 11_internal_7649 11 3002142 3039200 156 166.024 0.886731 5.72803 0.120892 -0.119287 0.522388 0.539005
ENSG00000184281.10 11 2421718 2421718 + 6 560088 11_internal_9279 11 2981806 3045914 156 151.369 0.99995 5.30325 0.220768 -0.0987468 0.741294 0.746102
ENSG00000230483.1 11 2425745 2425745 + 6 694602 11_internal_9656 11 3120347 3191777 156 154.248 0.977155 6.01226 0.560643 -0.0459556 0.995025 0.9934
ENSG00000070985.9 11 2444275 2444275 - 6 -537531 11_internal_9279 11 2981806 3045914 156 170.244 0.969237 5.96035 0.339042 -0.0772713 0.925373 0.902527
ENSG00000053918.10 11 2465914 2465914 + 6 536228 11_internal_7649 11 3002142 3039200 156 155.299 0.95476 5.75204 0.138719 -0.115585 0.60199 0.598428
ENSG00000269821.1 11 2721224 2721224 - 6 171366 11_internal_7699 11 1767083 2549858 156 145.275 1.08015 6.09663 0.0275913 0.174507 0.174129 0.160012
ENSG00000236041.1 11 2792586 2792586 + 6 -879375 11_internal_12023 11 1883505 1913211 156 148.2 0.999975 5.41713 0.123798 -0.120343 0.562189 0.540258
ENSG00000229414.2 11 2882798 2882798 - 8 -649883 11_internal_7872 11 3532681 3575710 156 168.751 1.05905 8.84419 0.0505876 -0.160818 0.318408 0.289752
ENSG00000129757.8 11 2907111 2907111 - 8 -95031 11_internal_7649 11 3002142 3039200 156 147.682 0.981401 6.966 0.239512 0.0904863 0.860697 0.871957
ENSG00000110628.9 11 2920951 2920951 + 7 199396 11_internal_9656 11 3120347 3191777 156 144.163 1.07499 6.92882 0.060109 0.140747 0.40796 0.364545
ENSG00000254827.1 11 2924970 2924970 - 7 -195377 11_internal_9656 11 3120347 3191777 156 173.459 0.941 9.28236 0.135562 0.118793 0.686567 0.702363
ENSG00000181649.5 11 2950685 2950685 - 8 -997742 11_internal_9724 11 3948427 3993334 156 187.398 0.933971 10.2897 0.0313304 0.167321 0.20398 0.198112
ENSG00000224636.2 11 2965668 2965668 + 8 36474 11_internal_7649 11 3002142 3039200 156 183.894 0.917972 9.9857 0.107095 0.125986 0.58209 0.602741
ENSG00000207008.1 11 2985123 2985123 - 8 -17019 11_internal_7649 11 3002142 3039200 156 144.163 1.1652 8.14396 0.164301 0.116166 0.751244 0.757706
ENSG00000183562.2 11 3011093 3011093 + 8 789995 11_internal_7853 11 3801088 3889822 156 159.641 1.10023 8.48291 0.145186 -0.12183 0.681592 0.688365
ENSG00000205531.7 11 3013607 3013607 - 8 0 11_internal_9279 11 2981806 3045914 156 159.93 1.03397 9.49687 0.00636137 0.222599 0.0447761 0.0474773
ENSG00000247473.1 11 3050624 3050624 + 8 826403 11_internal_8026 11 3877027 4008931 156 157.066 1.11336 9.8731 0.0334502 -0.165707 0.223881 0.234304
ENSG00000201616.1 11 3069751 3069751 - 8 -878676 11_internal_9724 11 3948427 3993334 156 141.908 0.976759 6.86464 0.0102245 -0.205151 0.0995025 0.100374
ENSG00000110619.12 11 3078843 3078843 - 9 -722245 11_internal_7853 11 3801088 3889822 156 154.583 1.05182 9.00975 0.0151158 0.196447 0.134328 0.116673
ENSG00000236710.1 11 3106673 3106673 - 9 -13674 11_internal_9656 11 3120347 3191777 156 185.92 0.969092 10.8501 1.83765e-05 0.338927 0.00497512 4.3852e-05
ENSG00000021762.15 11 3187969 3187969 - 9 0 11_internal_9656 11 3120347 3191777 156 155.543 0.985297 9.91779 9.64042e-18 0.623076 0.00497512 1.842e-16
ENSG00000263365.1 11 3394851 3394851 - 9 203074 11_internal_9656 11 3120347 3191777 156 156.061 0.918487 8.18615 0.0707082 0.146615 0.482587 0.490518
ENSG00000005801.11 11 3400448 3400448 - 9 -132233 11_internal_7872 11 3532681 3575710 156 146.052 0.969256 8.99266 0.0197191 0.186672 0.253731 0.208936
ENSG00000182048.7 11 3631131 3631131 + 8 -585217 11_internal_9279 11 2981806 3045914 156 162.414 1.01431 8.33983 0.275012 0.0837876 0.910448 0.921739
ENSG00000129744.2 11 3666358 3666358 + 8 134730 11_internal_7853 11 3801088 3889822 156 147.438 0.967637 6.90656 0.130324 -0.11899 0.661692 0.663881
ENSG00000129749.3 11 3692614 3692614 - 8 -108474 11_internal_7853 11 3801088 3889822 156 156.853 1.01658 8.65739 0.0872256 -0.13603 0.542289 0.535011
ENSG00000238686.1 11 3713273 3713273 + 8 -137563 11_internal_7872 11 3532681 3575710 156 158.696 1.03755 7.7586 0.100255 0.133696 0.562189 0.531575
ENSG00000251934.1 11 3736105 3736105 - 8 -212322 11_internal_9724 11 3948427 3993334 156 139.76 1.06785 6.42241 0.168507 -0.116097 0.741294 0.72484
ENSG00000238304.1 11 3802625 3802625 + 8 -610848 11_internal_9656 11 3120347 3191777 156 173.839 0.826891 7.78712 0.200212 -0.104465 0.80597 0.828996
ENSG00000148985.15 11 3818954 3818954 + 8 0 11_internal_7853 11 3801088 3889822 156 128.228 1.00291 6.89144 0.0944396 0.135715 0.641791 0.614525
ENSG00000110713.11 11 3819022 3819022 - 8 779822 11_internal_7649 11 3002142 3039200 156 139.075 0.950477 6.51501 0.108886 -0.13049 0.597015 0.617965
ENSG00000250404.1 11 3837982 3837982 + 8 -792068 11_internal_9279 11 2981806 3045914 156 136.013 1.04418 6.35859 0.0693726 -0.142766 0.41791 0.430838
ENSG00000177105.9 11 3862213 3862213 - 8 0 11_internal_7853 11 3801088 3889822 156 138.633 1.05139 7.00594 0.183681 0.102486 0.776119 0.794804
ENSG00000167323.5 11 3875757 3875757 + 8 1270 11_internal_8026 11 3877027 4008931 156 152.862 1.00468 8.57328 7.50511e-06 0.335145 0.00497512 7.5952e-05
ENSG00000229368.1 11 3875842 3875842 + 8 0 11_internal_7853 11 3801088 3889822 156 158.544 0.970573 8.45394 0.0408123 0.157691 0.298507 0.300121
ENSG00000228661.1 11 3876739 3876739 - 8 830825 11_internal_9279 11 2981806 3045914 156 177.008 1.07676 10.3754 0.0614115 0.148595 0.333333 0.353115
ENSG00000263421.1 11 3877292 3877292 + 8 71135 11_internal_9724 11 3948427 3993334 156 138.237 1.12083 7.48878 0.0392999 0.167792 0.293532 0.279918
ENSG00000230593.2 11 3914120 3914120 - 8 0 11_internal_8026 11 3877027 4008931 156 184.884 0.941058 11.228 0.0015174 0.250288 0.0149254 0.00854503
ENSG00000206976.1 11 3943797 3943797 + 8 0 11_internal_8026 11 3877027 4008931 156 137.521 1.11373 8.0385 0.00542453 0.225995 0.0348259 0.0499361
ENSG00000255232.1 11 3982507 3982507 + 8 0 11_internal_8026 11 3877027 4008931 156 143.675 1.05157 7.2386 0.00169302 0.243161 0.00497512 0.0148715
ENSG00000255141.1 11 3995467 3995467 - 8 0 11_internal_8026 11 3877027 4008931 156 127.786 1.13741 6.46782 0.0120898 0.193381 0.0995025 0.102482
ENSG00000224555.2 11 4010693 4010693 - 8 434983 11_internal_7872 11 3532681 3575710 156 171.036 0.938598 8.79397 0.0469898 0.165643 0.318408 0.313758
ENSG00000240385.1 11 4040178 4040178 + 7 -31247 11_internal_8026 11 3877027 4008931 156 196.447 0.904664 8.43426 0.0368042 0.162715 0.20398 0.185092
ENSG00000167325.10 11 4115937 4115937 + 6 -107006 11_internal_8026 11 3877027 4008931 156 155.193 1.06598 6.11556 1.77628e-06 -0.370684 0.00497512 5.32919e-06
ENSG00000255276.1 11 4159487 4159487 - 6 150556 11_internal_8026 11 3877027 4008931 156 177.313 0.852945 6.3758 0.00713211 -0.215697 0.0696517 0.0464334
ENSG00000132109.8 11 4414926 4414926 - 5 839216 11_internal_7872 11 3532681 3575710 156 150.15 0.999965 5.03703 0.144957 -0.112355 0.562189 0.566102
ENSG00000237272.1 11 4439290 4439290 + 5 -863580 11_internal_7872 11 3532681 3575710 156 161.363 1.00005 4.97686 0.0113442 0.19764 0.0298507 0.0488679
ENSG00000171999.6 11 4453507 4453507 - 5 460173 11_internal_9724 11 3948427 3993334 156 160.768 1.03836 6.32742 0.151917 -0.11161 0.631841 0.61555
ENSG00000221030.1 11 4467872 4467872 + 5 -578050 11_internal_7853 11 3801088 3889822 156 149.586 1.00002 4.36013 0.010405 0.203077 0.0497512 0.0517683
ENSG00000181963.5 11 4470525 4470525 + 5 -894815 11_internal_7872 11 3532681 3575710 156 144.163 1.00002 5.02381 0.0101816 0.198634 0.0746269 0.0660777
ENSG00000225101.3 11 4496043 4496043 + 5 -920333 11_internal_7872 11 3532681 3575710 156 141.405 0.999977 4.56113 0.0154831 0.191992 0.0945274 0.0931003
ENSG00000196778.2 11 4510109 4510109 + 5 -934399 11_internal_7872 11 3532681 3575710 156 161.195 1.00004 5.24606 0.00119688 0.256221 0.00995025 0.00518277
ENSG00000226616.1 11 4537154 4537154 - 5 528223 11_internal_8026 11 3877027 4008931 156 130.818 0.999955 3.84108 0.189211 0.107295 0.651741 0.632473
ENSG00000167333.8 11 4629489 4629489 - 4 620558 11_internal_8026 11 3877027 4008931 156 161.012 0.999983 4.2961 0.306371 -0.0827734 0.771144 0.782244
ENSG00000244734.1 11 5250625 5250625 - 1 -863934 11_internal_7917 11 6114559 6122195 156 171.768 1.00003 1.03209 0.121918 -0.125428 0.0945274 0.107684
ENSG00000175518.6 11 5537935 5537935 - 2 -872427 11_internal_7607 11 6410362 6438157 156 205.039 0.99997 2.23239 0.347552 -0.0752141 0.527363 0.521695
ENSG00000224295.2 11 5546185 5546185 - 2 -864177 11_internal_7607 11 6410362 6438157 156 169.025 0.99997 2.17066 0.809366 0.01964 0.970149 0.970167
ENSG00000181616.7 11 5566779 5566779 - 2 -843583 11_internal_7607 11 6410362 6438157 156 177.877 1.00002 2.06751 0.168459 0.114646 0.298507 0.270222
ENSG00000248553.1 11 5573793 5573793 - 2 -540766 11_internal_7917 11 6114559 6122195 156 178.303 1.00003 2.35446 0.284807 -0.0834228 0.472637 0.496379
ENSG00000231049.1 11 5582197 5582197 + 2 828165 11_internal_7607 11 6410362 6438157 156 165.491 1.00004 2.26703 0.251675 0.0943822 0.452736 0.459507
ENSG00000229534.1 11 5593422 5593422 - 2 -521137 11_internal_7917 11 6114559 6122195 156 137.246 0.999974 1.75005 0.106334 0.131649 0.189055 0.216184
ENSG00000121236.14 11 5617339 5617339 + 2 497220 11_internal_7917 11 6114559 6122195 156 210.889 0.999979 2.6435 0.706548 -0.0310431 0.955224 0.942906
ENSG00000258588.2 11 5617955 5617955 + 2 496604 11_internal_7917 11 6114559 6122195 156 118.264 1.00004 1.78208 0.306627 -0.0839721 0.60199 0.565548
ENSG00000258659.2 11 5640994 5640994 + 2 473565 11_internal_7917 11 6114559 6122195 156 163.45 1.00001 2.23997 0.262735 -0.0918179 0.467662 0.47753
ENSG00000239920.1 11 5646126 5646126 - 2 -764236 11_internal_7607 11 6410362 6438157 156 160.646 0.999988 1.91317 0.651837 0.035089 0.860697 0.863618
ENSG00000196565.7 11 5667019 5667019 - 3 -743343 11_internal_7607 11 6410362 6438157 156 126.506 1.00005 2.29482 0.0748608 -0.136803 0.233831 0.232305
ENSG00000132274.11 11 5710919 5710919 + 3 944361 11_internal_12531 11 6655280 6696965 156 151.247 1 3.57461 0.414312 0.0667932 0.865672 0.858673
ENSG00000232381.1 11 5740520 5740520 + 4 374039 11_internal_7917 11 6114559 6122195 156 135.449 1.00005 3.38369 0.2622 -0.0915542 0.736318 0.695408
ENSG00000181109.3 11 5747732 5747732 + 4 662630 11_internal_7607 11 6410362 6438157 156 163.693 1.00004 3.72084 0.567909 -0.0473039 0.970149 0.952255
ENSG00000181074.3 11 5775923 5775923 + 4 338636 11_internal_7917 11 6114559 6122195 156 131 1.00002 3.36623 0.230579 0.0939652 0.671642 0.656644
ENSG00000132256.14 11 5959849 5959849 - 5 -695431 11_internal_12531 11 6655280 6696965 156 169.025 0.999972 5.0288 0.209426 -0.103586 0.651741 0.656293
ENSG00000255481.2 11 6067977 6067977 - 5 -46582 11_internal_7917 11 6114559 6122195 156 159.397 0.999996 4.31881 6.71435e-06 -0.35571 0.00497512 2.30086e-05
ENSG00000262980.1 11 6079505 6079505 - 5 -35054 11_internal_7917 11 6114559 6122195 156 190.14 1.01326 6.00763 0.00130804 -0.260379 0.00497512 0.00212727
ENSG00000234895.1 11 6089016 6089016 - 5 -649755 11_internal_12155 11 6738771 6751148 156 146.326 1 4.6307 0.221643 -0.0980834 0.716418 0.713529
ENSG00000180919.3 11 6128914 6128914 + 5 -6719 11_internal_7917 11 6114559 6122195 156 123.49 1.00001 4.11687 0.139095 0.116851 0.597015 0.576455
ENSG00000180913.2 11 6149840 6149840 + 5 588931 11_internal_12155 11 6738771 6751148 156 158.468 1.0105 5.683 0.0386495 0.166638 0.21393 0.189617
ENSG00000254444.1 11 6206806 6206806 - 5 -531965 11_internal_12155 11 6738771 6751148 156 147.118 0.999942 4.59214 0.185372 0.101908 0.646766 0.63789
ENSG00000175485.2 11 6220376 6220376 + 5 189986 11_internal_7607 11 6410362 6438157 156 174.632 0.999972 5.74152 0.296891 0.0810652 0.835821 0.835406
ENSG00000267940.1 11 6224483 6224483 - 5 102288 11_internal_7917 11 6114559 6122195 156 139.714 1.00005 4.59959 0.0660976 -0.144971 0.298507 0.325504
ENSG00000180878.2 11 6226796 6226796 + 5 183566 11_internal_7607 11 6410362 6438157 156 150.074 1.01723 5.90853 0.0967641 -0.129876 0.477612 0.46723
ENSG00000051009.6 11 6255941 6255941 - 5 -690986 11_internal_8269 11 6946927 7042659 156 155.832 0.999996 5.06525 0.326131 0.077684 0.855721 0.864843
ENSG00000132259.8 11 6255995 6255995 + 5 399285 11_internal_12531 11 6655280 6696965 156 162.612 0.999949 5.3136 0.30022 0.0799145 0.830846 0.838165
ENSG00000170955.9 11 6341877 6341877 - 5 219682 11_internal_7917 11 6114559 6122195 156 174.373 0.951309 5.5677 0.000192072 -0.288455 0.00497512 0.000661421
ENSG00000166311.5 11 6411655 6411655 + 5 0 11_internal_7607 11 6410362 6438157 156 150.241 0.999993 5.14872 0.0465469 0.158733 0.243781 0.23541
ENSG00000166313.12 11 6440644 6440644 - 5 2487 11_internal_7607 11 6410362 6438157 156 135.555 1.00001 4.37102 0.0405465 0.161707 0.218905 0.223727
ENSG00000110169.6 11 6463847 6463847 - 6 25690 11_internal_7607 11 6410362 6438157 156 166.329 1.00434 6.13174 0.18961 -0.106113 0.691542 0.692263
ENSG00000110171.13 11 6495689 6495689 - 6 -243082 11_internal_12155 11 6738771 6751148 156 149.129 0.999962 5.25276 0.103653 -0.124898 0.457711 0.462925
ENSG00000132254.7 11 6502666 6502666 - 6 380471 11_internal_7917 11 6114559 6122195 156 141.192 1.05552 5.86645 0.444089 0.0634151 0.970149 0.972371
ENSG00000132286.7 11 6502677 6502677 + 6 941548 11_internal_9025 11 7444225 7687311 156 150.79 1.0553 6.22334 0.0765826 -0.144343 0.402985 0.386366
ENSG00000265264.1 11 6502715 6502715 + 6 -64558 11_internal_7607 11 6410362 6438157 156 165.217 1.0157 6.64723 0.157959 0.109747 0.646766 0.644012
ENSG00000254595.1 11 6510607 6510607 - 6 -933618 11_internal_9025 11 7444225 7687311 156 165.75 0.936531 6.05329 0.11442 -0.127063 0.507463 0.514101
ENSG00000179532.8 11 6518490 6518490 + 6 -80333 11_internal_7607 11 6410362 6438157 156 178.257 0.891169 5.7693 0.0671305 0.144789 0.338308 0.306945
ENSG00000132275.6 11 6624850 6624850 - 6 502655 11_internal_7917 11 6114559 6122195 156 170.396 0.999449 5.84777 0.0207191 0.174661 0.0845771 0.0880645
ENSG00000166333.9 11 6624961 6624961 + 6 819264 11_internal_9025 11 7444225 7687311 156 146.021 0.999969 5.33733 0.00942215 -0.196303 0.0746269 0.0624925
ENSG00000254400.1 11 6625650 6625650 - 6 -113121 11_internal_12155 11 6738771 6751148 156 163.495 0.92304 5.59327 0.0307643 -0.159329 0.169154 0.168649
ENSG00000254641.1 11 6631366 6631366 - 6 -812859 11_internal_9025 11 7444225 7687311 156 161.561 0.947585 6.43676 0.00114936 -0.243507 0.00497512 0.00800372
ENSG00000166337.5 11 6633898 6633898 - 6 -810327 11_internal_9025 11 7444225 7687311 156 144.209 1.11016 6.50666 0.0407562 -0.154276 0.253731 0.235092
ENSG00000255680.1 11 6640021 6640021 + 6 -517826 11_internal_7917 11 6114559 6122195 156 142.32 0.999954 4.8154 0.0325527 0.177437 0.189055 0.183469
ENSG00000166340.10 11 6640692 6640692 - 6 518497 11_internal_7917 11 6114559 6122195 156 171.128 0.94332 7.17269 0.140433 0.121851 0.646766 0.632367
ENSG00000255390.1 11 6642682 6642682 + 6 12598 11_internal_12531 11 6655280 6696965 156 156.564 1.03302 6.60096 0.000659093 0.261493 0.00497512 0.0035037
ENSG00000255410.1 11 6651834 6651834 + 6 -213677 11_internal_7607 11 6410362 6438157 156 166.481 0.975107 5.99995 0.0772915 0.141722 0.353234 0.35603
ENSG00000166341.6 11 6677085 6677085 - 6 0 11_internal_12531 11 6655280 6696965 156 134.261 0.999932 4.77945 0.00882107 0.203499 0.0646766 0.0703435
ENSG00000158042.8 11 6704632 6704632 - 6 -34139 11_internal_12155 11 6738771 6751148 156 156.457 1.13685 6.2778 0.0546964 -0.150466 0.268657 0.240175
ENSG00000241678.1 11 6707600 6707600 - 6 -239327 11_internal_8269 11 6946927 7042659 156 137.917 1.00005 5.08758 0.0094889 0.20606 0.0696517 0.0728076
ENSG00000254838.3 11 6767670 6767670 - 6 16522 11_internal_12155 11 6738771 6751148 156 131.762 0.999997 4.59061 5.29104e-09 0.447684 0.00497512 3.74608e-07
ENSG00000149054.10 11 6947635 6947635 + 6 0 11_internal_8269 11 6946927 7042659 156 142.228 0.99998 5.17747 2.05065e-24 0.694606 0.00497512 1.11014e-21
ENSG00000170743.11 11 7260099 7260099 + 5 184126 11_internal_9025 11 7444225 7687311 156 154.934 0.999958 4.9694 0.00183171 0.245698 0.0149254 0.00940496
ENSG00000183801.3 11 7506619 7506619 + 4 -463960 11_internal_8269 11 6946927 7042659 156 159.93 0.999983 4.50922 0.00869739 0.202246 0.0199005 0.0350972
ENSG00000251364.2 11 7533746 7533746 - 4 0 11_internal_9025 11 7444225 7687311 156 148.703 0.999961 3.08128 1.44336e-05 0.338469 0.00497512 7.07076e-05
ENSG00000166387.7 11 7534529 7534529 + 4 0 11_internal_9025 11 7444225 7687311 156 136.957 1.00004 3.63832 5.49762e-24 0.710928 0.00497512 1.09799e-20
ENSG00000254864.1 11 7593277 7593277 - 4 0 11_internal_9025 11 7444225 7687311 156 143.904 1.00006 3.91682 0.0271668 0.176015 0.174129 0.126282
ENSG00000166394.10 11 7698453 7698453 - 3 11142 11_internal_9025 11 7444225 7687311 156 140.4 0.999942 3.00161 1.00522e-10 0.510746 0.00497512 2.58706e-09
ENSG00000175390.8 11 7991798 7991798 + 2 -949139 11_internal_8269 11 6946927 7042659 156 161.347 0.999992 2.2073 0.00595182 0.212284 0.0248756 0.0113392
ENSG00000166402.4 11 8040791 8040791 + 2 -998132 11_internal_8269 11 6946927 7042659 156 131.975 1.00005 2.06267 0.672368 -0.0344865 0.905473 0.915024
ENSG00000166405.10 11 8190602 8190602 - 1 503291 11_internal_9025 11 7444225 7687311 156 157.767 1.00003 0.877956 0.572411 0.0460647 0.532338 0.523567
ENSG00000130413.11 11 8615836 8615836 - 1 928525 11_internal_9025 11 7444225 7687311 156 155.924 1.00002 1.04072 0.799288 -0.0207171 0.80597 0.812035
ENSG00000166436.10 11 8693413 8693413 - 1 -989322 11_internal_10254 11 9682735 9742813 156 144.711 1 1.02457 0.762317 0.0242765 0.776119 0.779004
ENSG00000254900.1 11 8700636 8700636 + 1 982099 11_internal_10254 11 9682735 9742813 156 156.503 1 0.953624 0.830468 0.0171342 0.800995 0.815645
ENSG00000166441.8 11 8703958 8703958 + 1 978777 11_internal_10254 11 9682735 9742813 156 139.973 1 0.980818 0.697956 0.0301247 0.711443 0.706262
ENSG00000200983.1 11 8705774 8705774 + 1 976961 11_internal_10254 11 9682735 9742813 156 150.318 0.999974 0.951143 0.481668 -0.0574224 0.472637 0.472743
ENSG00000212607.1 11 8706986 8706986 + 1 975749 11_internal_10254 11 9682735 9742813 156 155.726 1.00002 0.848577 0.0330496 -0.171282 0.0348259 0.0282469
ENSG00000254665.1 11 8714904 8714904 + 1 967831 11_internal_10254 11 9682735 9742813 156 145.793 1 0.996761 0.768169 -0.0229129 0.771144 0.774607
ENSG00000166444.13 11 8932498 8932498 - 2 -930025 11_internal_8005 11 9862523 9881077 156 146.204 1.00002 1.90747 0.738574 -0.0267995 0.935323 0.927117
ENSG00000166452.7 11 8932686 8932686 + 2 750049 11_internal_10254 11 9682735 9742813 156 170.777 1.00004 2.20793 0.125724 0.120124 0.238806 0.225107
ENSG00000176029.9 11 8954553 8954553 - 2 -907970 11_internal_8005 11 9862523 9881077 156 144.757 1.00002 1.78616 0.942986 0.00578322 1 0.99439
ENSG00000254860.1 11 8986222 8986222 + 2 696513 11_internal_10254 11 9682735 9742813 156 163.373 0.999979 1.89402 0.666589 0.0342222 0.875622 0.869869
ENSG00000175348.6 11 8986558 8986558 - 2 -875965 11_internal_8005 11 9862523 9881077 156 126.887 0.999983 1.59093 0.221348 0.0980484 0.39801 0.394187
ENSG00000175352.6 11 9025596 9025596 - 2 -657139 11_internal_10254 11 9682735 9742813 156 167.563 0.999969 2.00098 0.0525099 0.154186 0.0995025 0.0869915
ENSG00000175356.8 11 9159661 9159661 - 2 -523074 11_internal_10254 11 9682735 9742813 156 161.576 0.999971 1.81741 0.265714 0.0833918 0.412935 0.417638
ENSG00000255097.1 11 9267056 9267056 - 2 -415679 11_internal_10254 11 9682735 9742813 156 142.579 0.999964 1.74804 0.590303 0.0403155 0.810945 0.804412
ENSG00000184014.3 11 9286937 9286937 - 2 -575586 11_internal_8005 11 9862523 9881077 156 154.416 1 2.06157 0.735488 -0.0269609 0.940299 0.936186
ENSG00000254884.1 11 9333236 9333236 - 2 -349499 11_internal_10254 11 9682735 9742813 156 169.345 1.00002 1.91529 0.157248 -0.115136 0.253731 0.25176
ENSG00000166471.6 11 9336327 9336327 - 2 -526196 11_internal_8005 11 9862523 9881077 156 142.106 0.999992 1.97843 0.219541 -0.101652 0.432836 0.421015
ENSG00000205339.5 11 9406169 9406169 + 2 456354 11_internal_8005 11 9862523 9881077 156 147.149 1.00003 1.96753 0.788983 -0.0217321 0.965174 0.955728
ENSG00000201998.1 11 9450320 9450320 + 2 232415 11_internal_10254 11 9682735 9742813 156 165.963 1.00002 2.26547 0.173753 -0.10492 0.333333 0.327351
ENSG00000254397.1 11 9455033 9455033 - 2 -227702 11_internal_10254 11 9682735 9742813 156 148.368 0.999986 2.07293 0.565071 -0.0453568 0.835821 0.830121
ENSG00000166478.5 11 9481866 9481866 + 2 380657 11_internal_8005 11 9862523 9881077 156 148.398 0.999958 1.89312 0.00987052 -0.205057 0.0149254 0.0223253
ENSG00000268403.1 11 9482010 9482010 - 2 -380513 11_internal_8005 11 9862523 9881077 156 142.38 0.999989 1.99376 0.426581 -0.0641983 0.681592 0.693713
ENSG00000255180.1 11 9514557 9514557 - 2 -168178 11_internal_10254 11 9682735 9742813 156 149.282 0.999953 1.7386 0.890163 -0.0107477 0.99005 0.979315
ENSG00000166483.5 11 9595228 9595228 + 2 87507 11_internal_10254 11 9682735 9742813 156 171.158 1 2.0932 0.645024 0.0383857 0.870647 0.874768
ENSG00000133789.10 11 9685624 9685624 + 3 0 11_internal_10254 11 9682735 9742813 156 152.633 0.99997 2.81026 5.29733e-06 0.361603 0.00497512 1.88262e-05
ENSG00000201564.1 11 9702471 9702471 + 3 941057 11_internal_8036 11 10643528 10651216 156 161.317 1.00004 2.96313 0.730116 -0.0287371 0.9801 0.978358
ENSG00000246273.2 11 9779839 9779839 + 4 -37026 11_internal_10254 11 9682735 9742813 156 125.227 1.00003 3.69934 0.0787557 -0.141764 0.358209 0.364628
ENSG00000245522.2 11 9781080 9781080 - 4 38267 11_internal_10254 11 9682735 9742813 156 148.627 0.999965 3.6128 0.217264 0.099892 0.626866 0.608304
ENSG00000255476.1 11 9860690 9860690 + 5 782838 11_internal_8036 11 10643528 10651216 156 190.445 0.949319 5.66512 0.106481 -0.125089 0.432836 0.378535
ENSG00000252568.1 11 9865423 9865423 - 5 122610 11_internal_10254 11 9682735 9742813 156 139.714 0.999939 4.81624 0.168505 -0.109136 0.626866 0.643151
ENSG00000254765.1 11 9981337 9981337 - 5 100260 11_internal_8005 11 9862523 9881077 156 144.772 0.999965 4.51223 0.023136 -0.183595 0.124378 0.123118
ENSG00000254865.1 11 10170739 10170739 + 6 -289662 11_internal_8005 11 9862523 9881077 156 174.784 1.00003 6.92321 0.239775 0.0908055 0.791045 0.81004
ENSG00000133812.10 11 10315754 10315754 - 6 -528840 11_internal_8399 11 10844594 10847254 156 144.711 1.00006 5.0241 0.115448 -0.128066 0.497512 0.501874
ENSG00000254554.1 11 10325251 10325251 - 6 -519343 11_internal_8399 11 10844594 10847254 156 154.218 1.02851 6.58196 0.0981569 -0.128696 0.452736 0.487573
ENSG00000148926.5 11 10326227 10326227 + 6 518367 11_internal_8399 11 10844594 10847254 156 160.403 1.01223 6.34101 0.281572 -0.0872314 0.860697 0.867319
ENSG00000133805.10 11 10329860 10329860 + 6 -587047 11_internal_10254 11 9682735 9742813 156 152.542 1.0575 6.64393 0.00526209 0.221246 0.0149254 0.0307276
ENSG00000255823.1 11 10530723 10530723 - 6 787910 11_internal_10254 11 9682735 9742813 156 180.725 0.944715 6.57989 0.0186029 0.193458 0.104478 0.0847422
ENSG00000110315.2 11 10562777 10562777 - 6 -80751 11_internal_8036 11 10643528 10651216 156 189.851 0.88669 7.3398 5.0774e-05 0.319588 0.00497512 0.000179112
ENSG00000177112.3 11 10562819 10562819 + 6 80709 11_internal_8036 11 10643528 10651216 156 137.658 0.99993 5.30886 0.00079242 0.268374 0.0149254 0.00860131
ENSG00000133800.4 11 10633236 10633236 - 6 -10292 11_internal_8036 11 10643528 10651216 156 174.525 0.930089 7.14665 0.00200942 0.242638 0.0348259 0.0111093
ENSG00000072952.13 11 10715535 10715535 - 6 64319 11_internal_8036 11 10643528 10651216 156 156.625 1.00005 5.45931 0.000376121 0.285169 0.00497512 0.00199604
ENSG00000198730.3 11 10772534 10772534 + 5 -121318 11_internal_8036 11 10643528 10651216 156 144.315 1.00001 4.37953 0.154141 0.115889 0.59204 0.559076
ENSG00000255125.1 11 10804860 10804860 + 5 253698 11_internal_7526 11 11058558 11179007 156 164.836 0.955299 6.38571 0.228229 0.0998424 0.791045 0.800266
ENSG00000238622.1 11 10823155 10823155 - 5 -235403 11_internal_7526 11 11058558 11179007 156 149.404 1.00002 5.52485 0.232491 0.0988648 0.781095 0.784664
ENSG00000110321.10 11 10830657 10830657 - 5 179441 11_internal_8036 11 10643528 10651216 156 137.597 0.999992 4.54397 0.33634 0.077478 0.875622 0.874505
ENSG00000246308.1 11 10830844 10830844 + 5 -56878 11_internal_8058 11 10763525 10773966 156 160.068 1.00001 5.16843 0.220172 0.100897 0.706468 0.712373
ENSG00000247271.2 11 10879806 10879806 + 6 -105840 11_internal_8058 11 10763525 10773966 156 169.284 0.92987 6.37768 0.402175 0.0666547 0.970149 0.959346
ENSG00000236287.3 11 10880343 10880343 - 6 999266 11_internal_8005 11 9862523 9881077 156 156.548 0.989638 5.73522 0.0666706 0.146054 0.318408 0.32952
ENSG00000250041.2 11 10920869 10920869 - 5 -941138 11_internal_8048 11 11862007 11888217 156 140.842 0.999974 4.85923 0.0937059 0.135576 0.462687 0.436389
ENSG00000255351.1 11 11373973 11373973 + 6 732671 11_internal_11882 11 12106644 12258231 156 142.929 1.12631 6.40708 0.115445 -0.125579 0.58209 0.54351
ENSG00000254598.1 11 11374668 11374668 - 6 -731976 11_internal_11882 11 12106644 12258231 156 170.716 0.899782 6.53867 0.0431133 -0.160724 0.253731 0.24625
ENSG00000170242.12 11 11862970 11862970 + 4 -683963 11_internal_7526 11 11058558 11179007 156 158.986 0.999951 3.87746 0.132378 0.122615 0.422886 0.413932
ENSG00000255492.1 11 11878406 11878406 - 4 -499370 11_internal_11200 11 12377776 12740145 156 188.784 1.00004 4.50539 0.0868608 -0.136744 0.253731 0.241664
ENSG00000050165.13 11 12031316 12031316 - 4 852309 11_internal_7526 11 11058558 11179007 156 158.636 0.999975 3.52973 0.090561 0.1359 0.273632 0.27723
ENSG00000133816.9 11 12115543 12115543 + 4 0 11_internal_11882 11 12106644 12258231 156 200.957 0.999979 5.11744 3.43042e-06 0.365439 0.00497512 6.91445e-07
ENSG00000254680.1 11 12284720 12284720 - 3 26489 11_internal_11882 11 12106644 12258231 156 136.759 1.00004 2.7441 5.22573e-06 0.364288 0.00497512 5.4985e-05
ENSG00000133808.4 11 12297627 12297627 + 3 -39396 11_internal_11882 11 12106644 12258231 156 131.945 1.00001 2.41928 0.000414117 0.284575 0.00497512 0.00282543
ENSG00000254983.1 11 12325080 12325080 + 4 -66849 11_internal_11882 11 12106644 12258231 156 137.902 0.999971 3.30473 0.469793 0.0580703 0.890547 0.896684
ENSG00000133794.13 11 13298199 13298199 + 8 0 11_internal_8296 11 13297669 13361331 156 164.44 1.05448 9.1724 2.38006e-29 0.770497 0.00497512 1.73451e-31
ENSG00000222162.1 11 13374755 13374755 + 8 -13424 11_internal_8296 11 13297669 13361331 156 149.495 0.972732 7.71379 1.35928e-11 0.523929 0.00497512 5.12328e-10
ENSG00000148925.5 11 13484844 13484844 - 8 123513 11_internal_8296 11 13297669 13361331 156 188.327 0.938019 12.0004 0.00179126 0.247729 0.00995025 0.00995011
ENSG00000197601.8 11 13690217 13690217 + 12 -328886 11_internal_8296 11 13297669 13361331 156 142.228 0.996632 10.5849 0.0198927 0.18557 0.21393 0.246613
ENSG00000254791.1 11 13690874 13690874 + 12 867157 11_internal_11360 11 14558031 14766740 156 165.004 0.968516 11.6096 0.0419233 0.161358 0.383085 0.364867
ENSG00000240454.1 11 13707203 13707203 - 12 -182408 11_internal_8541 11 13889611 14793069 156 160.007 1.04491 14.2698 0.125885 0.127059 0.830846 0.830665
ENSG00000200685.1 11 13708205 13708205 - 12 346874 11_internal_8296 11 13297669 13361331 156 186.499 0.946266 17.188 0.238253 0.0944054 0.985075 0.979429
ENSG00000152268.8 11 13983914 13983914 + 12 -617607 11_internal_9023 11 13362181 13366307 156 135.586 1.13024 10.1913 0.198166 -0.105775 0.915423 0.91428
ENSG00000133818.8 11 14386052 14386052 - 10 0 11_internal_8906 11 13882210 14811721 156 149.129 1.03101 9.4911 0.133652 0.121832 0.78607 0.758018
ENSG00000255074.1 11 14462333 14462333 + 10 318624 11_internal_7953 11 14780957 14927863 156 146.28 1.01249 9.24244 0.0252454 0.18409 0.263682 0.242057
ENSG00000251991.1 11 14500438 14500438 + 10 89075 11_internal_7663 11 14589513 14660808 156 163.998 0.875145 8.61705 0.0452042 -0.15504 0.353234 0.356847
ENSG00000129083.8 11 14521573 14521573 - 10 250474 11_internal_10653 11 13943195 14271099 156 179.644 0.951896 10.3125 0.0865033 -0.141145 0.547264 0.52702
ENSG00000256206.2 11 14541890 14541890 - 10 270791 11_internal_10653 11 13943195 14271099 156 136.759 1.02039 9.11526 0.00167931 -0.236399 0.039801 0.0271838
ENSG00000129084.13 11 14665181 14665181 - 10 394082 11_internal_10653 11 13943195 14271099 156 165.278 1.00432 11.3252 0.00263018 -0.234902 0.0199005 0.021569
ENSG00000152270.4 11 14665269 14665269 + 10 0 11_internal_8541 11 13889611 14793069 156 150.881 1.18426 11.4939 3.98347e-06 0.354009 0.00497512 1.03465e-05
ENSG00000255040.1 11 14696101 14696101 - 10 0 11_internal_8541 11 13889611 14793069 156 166.542 0.863822 9.18113 6.00429e-06 0.345772 0.00497512 0.000117222
ENSG00000186104.6 11 14913798 14913798 - 9 510633 11_internal_8201 11 14093685 14403165 156 142.975 0.979479 7.34278 0.0123902 0.205506 0.114428 0.122212
ENSG00000175868.9 11 14926543 14926543 + 9 0 11_internal_7953 11 14780957 14927863 156 165.918 0.981466 8.9092 0.0496624 0.156612 0.343284 0.332089
ENSG00000110696.4 11 16634679 16634679 + 0 NA NA NA NA NA NA NA NA NA NA NA NA NA
ENSG00000110693.11 11 16761138 16761138 - 0 NA NA NA NA NA NA NA NA NA NA NA NA NA
ENSG00000244398.1 11 16996560 16996560 - 0 NA NA NA NA NA NA NA NA NA NA NA NA NA
ENSG00000166689.9 11 17035990 17035990 - 0 NA NA NA NA NA NA NA NA NA NA NA NA NA
ENSG00000221322.1 11 17095499 17095499 + 0 NA NA NA NA NA NA NA NA NA NA NA NA NA
ENSG00000201784.1 11 17096291 17096291 - 0 NA NA NA NA NA NA NA NA NA NA NA NA NA
ENSG00000201403.1 11 17097415 17097415 - 0 NA NA NA NA NA NA NA NA NA NA NA NA NA
ENSG00000110700.2 11 17099334 17099334 - 0 NA NA NA NA NA NA NA NA NA NA NA NA NA
ENSG00000201586.1 11 17137310 17137310 - 0 NA NA NA NA NA NA NA NA NA NA NA NA NA
ENSG00000240808.1 11 17159812 17159812 - 0 NA NA NA NA NA NA NA NA NA NA NA NA NA
ENSG00000213779.4 11 17215036 17215036 + 0 NA NA NA NA NA NA NA NA NA NA NA NA NA
ENSG00000011405.9 11 17229530 17229530 - 0 NA NA NA NA NA NA NA NA NA NA NA NA NA
ENSG00000070081.9 11 17229700 17229700 + 0 NA NA NA NA NA NA NA NA NA NA NA NA NA
ENSG00000188211.4 11 17373273 17373273 + 1 971010 11_internal_10623 11 18344283 18355885 156 158.011 1.00002 0.973531 0.325975 0.078745 0.318408 0.315835
ENSG00000260196.1 11 17402196 17402196 + 1 942087 11_internal_10623 11 18344283 18355885 156 172.514 0.999991 1.02863 0.318585 0.0780682 0.263682 0.301189
ENSG00000129159.6 11 17756359 17756359 + 2 587924 11_internal_10623 11 18344283 18355885 156 139.821 0.999997 2.06004 0.128525 -0.123338 0.308458 0.284923
ENSG00000129158.5 11 18034709 18034709 - 2 -309574 11_internal_10623 11 18344283 18355885 156 171.996 0.999993 2.267 0.607327 -0.0423166 0.870647 0.867086
ENSG00000255448.1 11 18044478 18044478 - 2 -299805 11_internal_10623 11 18344283 18355885 156 140.004 0.999968 1.84177 0.0141551 -0.192678 0.0248756 0.0367855
ENSG00000129167.5 11 18063973 18063973 - 2 -280310 11_internal_10623 11 18344283 18355885 156 149.236 1.00003 2.20275 0.711859 -0.0297965 0.930348 0.938437
ENSG00000166788.5 11 18127638 18127638 - 2 -565087 11_internal_7909 11 18692725 18729070 156 152.603 1.00003 2.00005 0.43564 0.0628145 0.691542 0.687182
ENSG00000110756.13 11 18343745 18343745 - 2 -538 11_internal_10623 11 18344283 18355885 156 157.341 0.999979 2.04509 0.1138 0.129482 0.223881 0.216135
ENSG00000110768.5 11 18343842 18343842 + 2 441 11_internal_10623 11 18344283 18355885 156 147.027 1 1.90738 0.0898652 -0.136693 0.189055 0.181487
ENSG00000134333.8 11 18415935 18415935 + 2 -60050 11_internal_10623 11 18344283 18355885 156 161.454 1.00002 1.73161 0.47758 -0.0564849 0.646766 0.666865
ENSG00000256006.1 11 18427156 18427156 + 2 -71271 11_internal_10623 11 18344283 18355885 156 169.924 0.999962 2.35898 0.833211 0.0174172 0.9801 0.983844
ENSG00000166800.5 11 18477371 18477371 + 2 -121486 11_internal_10623 11 18344283 18355885 156 131.229 1.00003 1.88874 0.206688 0.100893 0.432836 0.414722
ENSG00000256464.1 11 18512502 18512502 - 2 156617 11_internal_10623 11 18344283 18355885 156 187.855 0.999969 1.84347 0.403886 -0.0656363 0.58209 0.56021
ENSG00000256588.1 11 18530367 18530367 - 2 -162358 11_internal_7909 11 18692725 18729070 156 146.555 0.999964 1.91051 0.556365 0.0440125 0.825871 0.799366
ENSG00000256361.1 11 18533022 18533022 - 2 177137 11_internal_10623 11 18344283 18355885 156 160.113 1 1.96242 0.196156 -0.104248 0.343284 0.339233
ENSG00000074319.7 11 18548779 18548779 - 2 -143946 11_internal_7909 11 18692725 18729070 156 141.604 0.999999 2.20099 0.00808632 -0.210307 0.0348259 0.0254409
ENSG00000151116.11 11 18610294 18610294 - 2 254409 11_internal_10623 11 18344283 18355885 156 179.187 1.00003 2.31957 0.873992 0.0132696 0.995025 0.99039
ENSG00000256282.1 11 18621230 18621230 - 2 -71495 11_internal_7909 11 18692725 18729070 156 150.851 1.00002 1.89216 0.575201 -0.0458436 0.791045 0.807688
ENSG00000247595.2 11 18621334 18621334 + 2 71391 11_internal_7909 11 18692725 18729070 156 148.444 1.00002 2.01707 0.904674 0.00972737 0.99005 0.991696
ENSG00000179119.10 11 18656338 18656338 - 2 300453 11_internal_10623 11 18344283 18355885 156 141.847 0.999995 2.08843 0.354758 0.070431 0.621891 0.628558
ENSG00000151117.3 11 18714669 18714669 + 2 -358784 11_internal_10623 11 18344283 18355885 156 158.331 1.00004 1.75534 0.110236 -0.123899 0.174129 0.181122
ENSG00000254966.1 11 18728084 18728084 + 2 -372199 11_internal_10623 11 18344283 18355885 156 170.625 0.999967 2.04409 0.000420072 -0.258829 0.00497512 0.000459767
ENSG00000179057.9 11 18747777 18747777 - 3 -985993 11_internal_8455 11 19733770 19745431 156 192.258 1.00003 3.99659 0.0243474 0.180715 0.039801 0.048665
ENSG00000177054.9 11 19138646 19138646 + 3 595124 11_internal_8455 11 19733770 19745431 156 161.759 0.999961 2.78227 0.603615 0.0418891 0.920398 0.920226
ENSG00000166833.15 11 19372271 19372271 + 2 361499 11_internal_8455 11 19733770 19745431 156 134.078 0.999952 2.03339 0.255298 -0.0909627 0.517413 0.504111
ENSG00000109854.9 11 20385231 20385231 + 2 0 11_internal_8936 11 20381670 20389895 156 165.628 0.999991 2.02507 6.34191e-15 0.55704 0.00497512 1.90046e-15
ENSG00000185238.8 11 20409076 20409076 + 2 -19181 11_internal_8936 11 20381670 20389895 156 155.954 0.999995 1.95599 0.0975152 0.131638 0.149254 0.181924
ENSG00000171714.10 11 22214722 22214722 + 0 NA NA NA NA NA NA NA NA NA NA NA NA NA
ENSG00000255372.1 11 22283802 22283802 - 0 NA NA NA NA NA NA NA NA NA NA NA NA NA
ENSG00000229387.2 11 22646860 22646860 + 0 NA NA NA NA NA NA NA NA NA NA NA NA NA
ENSG00000148935.6 11 22647188 22647188 + 0 NA NA NA NA NA NA NA NA NA NA NA NA NA
ENSG00000183161.3 11 22647387 22647387 - 0 NA NA NA NA NA NA NA NA NA NA NA NA NA
ENSG00000198168.4 11 22851845 22851845 - 0 NA NA NA NA NA NA NA NA NA NA NA NA NA
ENSG00000109881.11 11 27385415 27385415 - 0 NA NA NA NA NA NA NA NA NA NA NA NA NA
ENSG00000254862.1 11 27493276 27493276 + 0 NA NA NA NA NA NA NA NA NA NA NA NA NA
ENSG00000205213.8 11 27494322 27494322 - 0 NA NA NA NA NA NA NA NA NA NA NA NA NA
ENSG00000148943.7 11 27528320 27528320 - 0 NA NA NA NA NA NA NA NA NA NA NA NA NA
ENSG00000245573.3 11 27528385 27528385 + 0 NA NA NA NA NA NA NA NA NA NA NA NA NA
ENSG00000176697.13 11 27743605 27743605 - 0 NA NA NA NA NA NA NA NA NA NA NA NA NA
ENSG00000224411.2 11 27912580 27912580 - 0 NA NA NA NA NA NA NA NA NA NA NA NA NA
ENSG00000169519.14 11 28129795 28129795 + 0 NA NA NA NA NA NA NA NA NA NA NA NA NA
ENSG00000121621.6 11 28129855 28129855 - 0 NA NA NA NA NA NA NA NA NA NA NA NA NA
ENSG00000222385.1 11 28283066 28283066 - 0 NA NA NA NA NA NA NA NA NA NA NA NA NA
ENSG00000238149.1 11 28309172 28309172 - 0 NA NA NA NA NA NA NA NA NA NA NA NA NA
ENSG00000255322.1 11 28373654 28373654 + 0 NA NA NA NA NA NA NA NA NA NA NA NA NA
ENSG00000152219.4 11 30344598 30344598 + 1 0 11_internal_11339 11 30343608 30365964 156 118.904 1.00005 0.883708 1.92556e-13 0.544026 0.00497512 1.22572e-10
ENSG00000066382.11 11 30608419 30608419 - 2 242455 11_internal_11339 11 30343608 30365964 156 166.436 0.999963 2.12369 0.000382426 0.27986 0.00497512 0.000516856
ENSG00000170946.10 11 31391387 31391387 + 2 720436 11_internal_8331 11 32111823 32355970 156 157.432 0.999969 1.93419 0.410521 -0.0662783 0.666667 0.637689
ENSG00000148950.5 11 31531192 31531192 - 2 -580631 11_internal_8331 11 32111823 32355970 156 173.672 0.999983 2.22763 0.0392084 -0.164702 0.079602 0.0646487
ENSG00000109911.13 11 31531297 31531297 + 2 580526 11_internal_8331 11 32111823 32355970 156 184.245 0.999999 2.54916 0.264333 -0.0872463 0.437811 0.477821
ENSG00000203504.3 11 31705636 31705636 + 2 -316652 11_internal_7707 11 31382863 31388984 156 161.469 0.99997 1.8564 0.609676 -0.0413552 0.810945 0.820423
ENSG00000203418.2 11 31706873 31706873 - 2 -404950 11_internal_8331 11 32111823 32355970 156 167.182 0.999983 2.25348 0.808169 0.0196301 0.975124 0.973857
ENSG00000228061.1 11 31789501 31789501 - 2 400517 11_internal_7707 11 31382863 31388984 156 179.385 0.999996 1.92728 0.238591 0.0937086 0.353234 0.359243
ENSG00000049449.3 11 31833939 31833939 + 2 277884 11_internal_8331 11 32111823 32355970 156 160.494 1 1.8571 0.0133473 0.202166 0.0447761 0.0223131
ENSG00000007372.14 11 31839509 31839509 - 2 -272314 11_internal_8331 11 32111823 32355970 156 143.523 0.999995 1.94667 0.0894309 -0.131441 0.18408 0.191322
ENSG00000255252.2 11 32126637 32126637 - 3 0 11_internal_8331 11 32111823 32355970 156 164.211 1.00003 3.2498 0.00289351 0.239275 0.00497512 0.00725906
ENSG00000149100.8 11 32605344 32605344 + 2 316870 11_internal_8307 11 32922214 33041760 156 183.163 1.00001 1.89483 0.582738 0.0433644 0.810945 0.78119
ENSG00000186714.8 11 32816204 32816204 - 2 460234 11_internal_8331 11 32111823 32355970 156 146.585 0.99997 1.91596 0.164205 -0.109015 0.283582 0.312404
ENSG00000135378.3 11 32851489 32851489 + 2 -495519 11_internal_8331 11 32111823 32355970 156 150.18 1.00003 2.0379 0.333078 0.0799624 0.557214 0.574222
ENSG00000060749.10 11 32914724 32914724 + 2 -558754 11_internal_8331 11 32111823 32355970 156 144.742 1.00003 2.0622 0.108738 -0.124158 0.238806 0.236054
ENSG00000121690.5 11 33037410 33037410 + 2 0 11_internal_8307 11 32922214 33041760 156 156.061 1.00001 1.9325 0.0117085 0.196506 0.00995025 0.022471
ENSG00000176148.10 11 33060963 33060963 + 2 -19203 11_internal_8307 11 32922214 33041760 156 145.092 1.00002 1.85601 0.000945065 0.263701 0.00995025 0.00265411
ENSG00000213713.3 11 33098006 33098006 - 2 56246 11_internal_8307 11 32922214 33041760 156 138.435 1 1.95977 0.00388528 0.224854 0.00995025 0.0127778
ENSG00000247151.2 11 33183203 33183203 + 2 -141443 11_internal_8307 11 32922214 33041760 156 166.344 0.999971 2.31121 0.184846 0.108063 0.358209 0.35152
ENSG00000176102.7 11 33183917 33183917 - 2 142157 11_internal_8307 11 32922214 33041760 156 150.683 1.00001 2.0612 0.333025 0.0758565 0.572139 0.577225
ENSG00000241255.1 11 33258554 33258554 + 2 -902584 11_internal_8331 11 32111823 32355970 156 174.159 1 2.07992 0.239845 0.0936315 0.40796 0.394294
ENSG00000110422.7 11 33278218 33278218 + 2 -236458 11_internal_8307 11 32922214 33041760 156 188.419 1.00002 2.21947 0.00726425 0.212941 0.0348259 0.00701429
ENSG00000223134.1 11 33376011 33376011 + 2 -334251 11_internal_8307 11 32922214 33041760 156 160.007 0.99997 2.16032 0.540435 0.0507126 0.79602 0.808994
ENSG00000254549.1 11 33730981 33730981 + 4 653761 11_internal_8242 11 34384742 34394139 156 148.307 0.999962 3.54329 0.034957 0.170027 0.134328 0.133978
ENSG00000085063.10 11 33757991 33757991 - 4 -626751 11_internal_8242 11 34384742 34394139 156 131.183 0.999978 3.3223 0.0228589 0.183852 0.0845771 0.117589
ENSG00000110429.9 11 33796089 33796089 - 4 754329 11_internal_8307 11 32922214 33041760 156 171.25 0.999977 3.93918 0.156624 0.113161 0.432836 0.442163
ENSG00000184566.2 11 33902189 33902189 + 4 -860429 11_internal_8307 11 32922214 33041760 156 160.357 0.999956 4.34811 0.0360629 0.16953 0.154229 0.137931
ENSG00000135363.7 11 33913836 33913836 - 4 872076 11_internal_8307 11 32922214 33041760 156 153.928 1.00002 3.97525 0.19926 0.102711 0.572139 0.59277
