ENSG00000227879.2 13 19801572 19801572 - 2 -634207 13_internal_3747 13 20435779 20536608 156 144.102 1.00002 1.99446 0.261141 0.0901888 0.467662 0.480945
ENSG00000224976.2 13 19923277 19923277 + 2 512502 13_internal_3747 13 20435779 20536608 156 156.168 1.00001 1.86665 0.174718 0.107932 0.313433 0.300873
ENSG00000196199.8 13 20207788 20207788 + 4 484480 13_internal_5983 13 20692268 20711520 156 150.059 0.99995 4.0424 0.0563735 0.156 0.21393 0.225659
ENSG00000257110.1 13 20247197 20247197 - 4 -848159 13_internal_4607 13 21095356 21143074 156 143.02 0.999999 3.46615 0.0111869 0.199958 0.0547264 0.0515591
ENSG00000226352.2 13 20248764 20248764 + 4 187015 13_internal_3747 13 20435779 20536608 156 142.868 0.999972 3.34597 0.221921 0.0980848 0.59204 0.6052
ENSG00000237644.1 13 20252830 20252830 + 4 842526 13_internal_4607 13 21095356 21143074 156 190.932 0.999969 4.89644 0.185649 0.105956 0.517413 0.530296
ENSG00000269591.1 13 20268547 20268547 + 4 830555 13_internal_4215 13 21099102 21142785 156 135.251 0.999997 3.52703 0.113763 0.126749 0.41791 0.414865
ENSG00000265624.1 13 20311394 20311394 - 4 -787708 13_internal_4215 13 21099102 21142785 156 129.05 1.00005 3.53192 0.282736 -0.0849342 0.756219 0.755291
ENSG00000121390.13 13 20357142 20357142 - 4 -741960 13_internal_4215 13 21099102 21142785 156 176.749 1.00001 4.47586 0.454768 -0.0602897 0.915423 0.916742
ENSG00000233469.1 13 20392759 20392759 - 4 -706343 13_internal_4215 13 21099102 21142785 156 121.936 0.999948 3.00721 0.368044 0.0711688 0.800995 0.811987
ENSG00000223576.1 13 20417276 20417276 + 4 678080 13_internal_4607 13 21095356 21143074 156 134.9 1.00006 3.43412 0.131705 0.121802 0.437811 0.452918
ENSG00000132950.14 13 20437776 20437776 - 4 0 13_internal_3747 13 20435779 20536608 156 124.815 0.999957 3.57816 0.130609 0.12258 0.487562 0.500841
ENSG00000121741.10 13 20532810 20532810 + 4 159458 13_internal_5983 13 20692268 20711520 156 147.987 0.999952 3.57105 0.00872086 0.21174 0.0298507 0.0374823
ENSG00000237672.1 13 20646276 20646276 - 4 -449080 13_internal_4607 13 21095356 21143074 156 150.424 1.00003 3.65677 0.11341 0.131722 0.38806 0.37362
ENSG00000230625.1 13 20651665 20651665 + 4 443691 13_internal_4607 13 21095356 21143074 156 147.682 1.00002 3.96117 0.165587 0.108646 0.547264 0.538531
ENSG00000165474.5 13 20767037 20767037 - 4 55517 13_internal_5983 13 20692268 20711520 156 160.189 0.999998 4.08198 0.0567112 0.144577 0.164179 0.200971
ENSG00000121742.11 13 20806534 20806534 - 4 -288822 13_internal_4607 13 21095356 21143074 156 162.566 0.999978 4.10937 0.0823001 -0.131308 0.268657 0.277661
ENSG00000165475.9 13 21099996 21099996 - 4 0 13_internal_4215 13 21099102 21142785 156 172.27 0.999951 4.33864 0.0011172 0.24973 0.00497512 0.00266076
ENSG00000032742.13 13 21140585 21140585 + 4 0 13_internal_4215 13 21099102 21142785 156 142.198 0.999953 3.75438 2.84931e-05 0.328314 0.00497512 0.000242822
ENSG00000238286.1 13 21181407 21181407 + 4 -38622 13_internal_4215 13 21099102 21142785 156 170.854 0.999967 4.46477 0.00124195 0.254801 0.0248756 0.00323564
ENSG00000222726.1 13 21186300 21186300 + 4 -43515 13_internal_4215 13 21099102 21142785 156 158.179 0.999956 4.19417 0.18686 0.104486 0.59204 0.573384
ENSG00000172458.4 13 21276266 21276266 + 5 -739658 13_internal_3747 13 20435779 20536608 156 157.31 1.00005 5.17232 0.235173 -0.093597 0.756219 0.746758
ENSG00000150456.5 13 21348097 21348097 - 5 811489 13_internal_3747 13 20435779 20536608 156 157.173 1.00005 4.56537 0.139342 0.114719 0.477612 0.491944
ENSG00000132953.12 13 21477187 21477187 - 5 334113 13_internal_4607 13 21095356 21143074 156 151.978 1.00004 4.55209 0.0197166 0.179827 0.0895522 0.0936506
ENSG00000213621.3 13 21535449 21535449 + 5 -392375 13_internal_4607 13 21095356 21143074 156 173.062 0.999994 5.52831 0.152722 -0.110863 0.542289 0.542692
ENSG00000251902.1 13 21573606 21573606 - 4 -669747 13_internal_4163 13 22243353 22738038 156 157.92 0.999975 3.97084 0.0440483 -0.156129 0.154229 0.159326
ENSG00000233851.1 13 21579296 21579296 + 4 -436222 13_internal_4607 13 21095356 21143074 156 150.196 0.999957 3.24913 0.142854 0.114632 0.40796 0.411471
ENSG00000201821.1 13 21612806 21612806 - 4 901286 13_internal_5983 13 20692268 20711520 156 155.269 0.999982 3.64152 0.125572 0.123516 0.368159 0.388825
ENSG00000150457.6 13 21635718 21635718 - 4 492644 13_internal_4607 13 21095356 21143074 156 163.861 1.00005 3.67456 0.214507 -0.0961929 0.552239 0.566134
ENSG00000252128.1 13 21714096 21714096 - 3 -529257 13_internal_4163 13 22243353 22738038 156 132.737 0.999938 2.60972 0.0155926 0.197563 0.039801 0.0658033
ENSG00000150459.6 13 21714653 21714653 + 3 -571579 13_internal_4607 13 21095356 21143074 156 168.127 0.999972 3.14171 0.146184 -0.115667 0.38806 0.357554
ENSG00000263607.1 13 21716629 21716629 - 3 -526724 13_internal_4163 13 22243353 22738038 156 167.152 0.999974 3.30794 0.0344886 0.173854 0.079602 0.0915625
ENSG00000165480.11 13 21750741 21750741 - 3 607956 13_internal_4215 13 21099102 21142785 156 145.016 0.99998 2.85364 0.386314 0.0712715 0.781095 0.771228
ENSG00000173141.4 13 21750784 21750784 + 3 -607710 13_internal_4607 13 21095356 21143074 156 145.823 0.999953 2.63005 0.254092 -0.092082 0.572139 0.563341
ENSG00000244054.1 13 21872278 21872278 + 3 -729493 13_internal_4215 13 21099102 21142785 156 145.412 0.999948 3.11383 0.0155672 0.189833 0.039801 0.0596
ENSG00000233325.2 13 21872398 21872398 + 3 370955 13_internal_4163 13 22243353 22738038 156 167.289 0.999969 2.70043 0.15033 -0.111955 0.333333 0.326828
ENSG00000215571.4 13 21893231 21893231 + 3 -750157 13_internal_4607 13 21095356 21143074 156 174.601 0.999975 3.31111 0.217421 -0.0955559 0.512438 0.506064
ENSG00000224429.1 13 21922860 21922860 - 3 779786 13_internal_4607 13 21095356 21143074 156 153.943 0.999971 2.56701 0.175962 -0.105416 0.368159 0.397
ENSG00000235076.2 13 21932512 21932512 + 3 -789438 13_internal_4607 13 21095356 21143074 156 167.532 0.999996 3.11908 0.358827 -0.077946 0.761194 0.72844
ENSG00000215570.2 13 21949350 21949350 - 3 806276 13_internal_4607 13 21095356 21143074 156 138.023 1.00005 2.76235 0.538688 -0.0481266 0.885572 0.89849
ENSG00000236953.1 13 21952013 21952013 - 3 808939 13_internal_4607 13 21095356 21143074 156 131.198 1.00001 2.45024 0.226996 0.0980068 0.537313 0.534439
ENSG00000180776.11 13 22033509 22033509 - 3 -209844 13_internal_4163 13 22243353 22738038 156 152.389 0.999973 3.23894 0.553316 -0.0476731 0.950249 0.928935
ENSG00000238878.1 13 22102039 22102039 - 3 958965 13_internal_4607 13 21095356 21143074 156 146.951 1.00002 2.97072 0.294983 -0.0856838 0.651741 0.667143
ENSG00000230022.1 13 22104829 22104829 + 3 -961755 13_internal_4607 13 21095356 21143074 156 132.463 0.999994 2.62134 0.220666 0.0947569 0.517413 0.544562
ENSG00000207518.1 13 22125549 22125549 - 3 982764 13_internal_4215 13 21099102 21142785 156 155.954 1.00001 2.63133 0.246 -0.096304 0.552239 0.524424
ENSG00000165487.8 13 22178353 22178353 - 1 -65000 13_internal_4163 13 22243353 22738038 156 132.189 1.00003 0.941307 0.236787 0.0955723 0.278607 0.262403
ENSG00000226525.4 13 22203154 22203154 - 1 -40199 13_internal_4163 13 22243353 22738038 156 164.927 0.999987 1.11144 0.779126 -0.0221569 0.810945 0.807617
ENSG00000102678.6 13 22245522 22245522 + 1 0 13_internal_4163 13 22243353 22738038 156 156.564 0.999975 1.07412 0.00158241 0.244284 0.00497512 0.0016668
ENSG00000232163.2 13 23947562 23947562 + 0 NA NA NA NA NA NA NA NA NA NA NA NA NA
ENSG00000151835.9 13 24007841 24007841 - 0 NA NA NA NA NA NA NA NA NA NA NA NA NA
ENSG00000027001.7 13 24463558 24463558 - 1 -708304 13_internal_4159 13 25171862 25201340 156 147.514 1.00004 0.924796 0.847161 0.0153498 0.810945 0.828421
ENSG00000182957.9 13 24734861 24734861 + 1 437001 13_internal_4159 13 25171862 25201340 156 130.315 0.999973 0.952759 0.3558 0.0736343 0.393035 0.384221
ENSG00000227213.1 13 24828577 24828577 - 2 -343285 13_internal_4159 13 25171862 25201340 156 156.289 0.999974 2.291 0.160919 -0.113912 0.353234 0.330287
ENSG00000240654.1 13 24881304 24881304 + 2 290558 13_internal_4159 13 25171862 25201340 156 155.756 0.999968 1.9807 0.556144 0.046069 0.79602 0.800163
ENSG00000238179.1 13 24993688 24993688 + 2 178174 13_internal_4159 13 25171862 25201340 156 160.464 0.999982 2.20103 0.555579 0.0462882 0.850746 0.8275
ENSG00000102699.5 13 25086948 25086948 - 2 -720062 13_internal_4272 13 25807010 25824159 156 169.879 1.00001 1.85745 0.240908 0.0950503 0.363184 0.371127
ENSG00000151849.10 13 25497018 25497018 - 4 295678 13_internal_4159 13 25171862 25201340 156 158.651 0.999976 3.71058 0.179259 -0.109667 0.517413 0.511548
ENSG00000253771.1 13 25542625 25542625 - 4 -264385 13_internal_4272 13 25807010 25824159 156 151.521 0.999962 3.64644 0.0367104 0.167917 0.139303 0.136766
ENSG00000151846.6 13 25670006 25670006 + 5 776945 13_internal_4228 13 26446951 26477953 156 143.34 1.00004 4.21172 0.361356 -0.0728831 0.855721 0.867953
ENSG00000221324.1 13 25820669 25820669 + 5 0 13_internal_4272 13 25807010 25824159 156 141.786 1.00003 4.65432 0.0492163 0.159556 0.258706 0.253321
ENSG00000139505.10 13 25862147 25862147 - 5 37988 13_internal_4272 13 25807010 25824159 156 164.074 1 5.62077 0.000696728 0.260111 0.0149254 0.00283837
ENSG00000260509.1 13 25874262 25874262 + 5 572689 13_internal_4228 13 26446951 26477953 156 153.943 0.999964 5.1085 0.0348396 0.16733 0.179104 0.171093
ENSG00000139496.11 13 25875662 25875662 + 5 -51503 13_internal_4272 13 25807010 25824159 156 142.396 1.00002 4.27556 0.158009 0.112404 0.547264 0.566224
ENSG00000127870.12 13 26796791 26796791 - 6 247518 13_internal_5142 13 26420538 26549273 156 145.9 1.00003 5.4965 0.128804 -0.126093 0.567164 0.56883
ENSG00000132964.6 13 26828276 26828276 + 5 466581 13_internal_3783 13 27294857 27361113 156 147.85 0.999981 5.11011 0.0314417 0.166234 0.208955 0.171885
ENSG00000132970.8 13 27131840 27131840 + 9 -582567 13_internal_5142 13 26420538 26549273 156 142.731 1.04449 7.82235 0.0288231 0.176184 0.248756 0.234518
ENSG00000232162.1 13 27736992 27736992 + 7 314139 13_internal_3831 13 28051131 28058403 156 126.141 0.999937 5.41025 0.216445 -0.0951493 0.810945 0.813109
ENSG00000152484.9 13 27746033 27746033 - 7 -251806 13_internal_3916 13 27997839 28026414 156 149.723 1.00005 6.05197 0.026493 0.178017 0.149254 0.166927
ENSG00000230641.1 13 27746396 27746396 + 7 -687966 13_internal_4260 13 27050397 27058430 156 146.859 1.1043 7.49513 0.130924 -0.119014 0.656716 0.645983
ENSG00000234772.1 13 27810948 27810948 - 7 -28610 13_internal_4074 13 27839558 27881567 156 179.278 0.888652 7.46033 0.133957 0.12236 0.58209 0.62337
ENSG00000122026.6 13 27825446 27825446 + 7 14112 13_internal_4074 13 27839558 27881567 156 160.525 0.924689 6.48655 0.0133673 0.187696 0.0895522 0.0943119
ENSG00000207500.1 13 27829201 27829201 + 7 346721 13_internal_3977 13 28175922 28200787 156 146.479 1.09497 6.68293 0.260369 -0.0900887 0.850746 0.866587
ENSG00000207051.1 13 27829538 27829538 + 7 2554 13_internal_4445 13 27832092 27878219 156 150.516 0.966928 6.73914 0.0551384 0.151752 0.368159 0.354552
ENSG00000122035.6 13 27844464 27844464 + 7 0 13_internal_4445 13 27832092 27878219 156 165.293 1.00466 7.86633 1.39264e-08 0.42551 0.00497512 3.75603e-08
ENSG00000122034.8 13 27998681 27998681 + 7 -117114 13_internal_4074 13 27839558 27881567 156 158.514 1.0391 8.26194 0.00876612 -0.204633 0.0597015 0.0585773
ENSG00000203602.1 13 28008752 28008752 - 7 130533 13_internal_4445 13 27832092 27878219 156 139.288 1.03826 6.63355 0.00208165 -0.240573 0.0248756 0.0204112
ENSG00000122033.9 13 28024739 28024739 - 7 146520 13_internal_4445 13 27832092 27878219 156 175.911 0.954642 8.08865 0.018646 0.187399 0.114428 0.108914
ENSG00000139517.6 13 28194541 28194541 - 8 833428 13_internal_3783 13 27294857 27361113 156 135.662 1.13422 7.02835 0.03737 -0.168689 0.253731 0.258259
ENSG00000186184.11 13 28194903 28194903 + 8 -136500 13_internal_3831 13 28051131 28058403 156 144.513 0.993229 7.26932 0.0420968 0.161666 0.358209 0.316731
ENSG00000180389.6 13 28519343 28519343 + 8 543920 13_internal_4018 13 29063263 29080852 156 164.227 0.966659 7.78045 0.00940407 0.213479 0.079602 0.0649202
ENSG00000122025.10 13 28674729 28674729 - 8 -649685 13_internal_4717 13 29324414 29330013 156 166.283 0.934535 9.61224 0.0635431 -0.149288 0.427861 0.453664
ENSG00000261485.1 13 28712330 28712330 - 8 511543 13_internal_3977 13 28175922 28200787 156 155.634 0.933414 7.76326 0.0181272 -0.177787 0.164179 0.155683
ENSG00000152520.9 13 28712643 28712643 + 8 -686229 13_internal_3916 13 27997839 28026414 156 140.522 1.10983 8.0324 0.23181 -0.097965 0.885572 0.890483
ENSG00000232587.1 13 28788650 28788650 + 8 -910431 13_internal_4445 13 27832092 27878219 156 148.809 1.07745 8.11774 0.0394356 -0.169721 0.253731 0.274231
ENSG00000200840.1 13 28806638 28806638 + 8 -928419 13_internal_4445 13 27832092 27878219 156 151.11 0.99185 7.74891 0.00584873 -0.217086 0.0646766 0.0519924
ENSG00000102755.6 13 29069265 29069265 - 4 0 13_internal_4018 13 29063263 29080852 156 172.971 0.999986 4.2333 0.0599447 0.153647 0.21393 0.186434
ENSG00000235472.1 13 29172970 29172970 + 4 151444 13_internal_4717 13 29324414 29330013 156 170.168 0.999979 4.21209 0.444626 -0.0607197 0.900498 0.90251
ENSG00000132963.7 13 29233241 29233241 + 3 -152389 13_internal_4018 13 29063263 29080852 156 154.736 0.999982 2.58001 0.218347 -0.101885 0.487562 0.473657
ENSG00000139508.10 13 29293107 29293107 - 3 -31307 13_internal_4717 13 29324414 29330013 156 136.226 1.00001 2.42369 0.0766888 0.144036 0.208955 0.221512
ENSG00000132938.14 13 29598748 29598748 + 5 -268735 13_internal_4717 13 29324414 29330013 156 177.663 1.00003 5.61578 0.438187 0.0624978 0.960199 0.947323
ENSG00000139514.8 13 30169825 30169825 - 6 -328080 13_internal_3970 13 30497905 30513075 156 152.968 0.97216 5.41814 0.00780911 0.21909 0.0696517 0.0493404
ENSG00000122042.9 13 30424821 30424821 - 6 -517729 13_internal_3989 13 30942550 30964755 156 163.358 1.04946 6.26652 0.0487892 0.155157 0.223881 0.224635
ENSG00000102781.9 13 30881621 30881621 - 6 -60929 13_internal_3989 13 30942550 30964755 156 140.202 0.999979 5.08985 0.0016611 0.252561 0.0199005 0.0145426
ENSG00000238121.1 13 30951282 30951282 - 6 0 13_internal_3988 13 30944153 30964468 156 161.454 1.00002 5.92003 0.0810839 0.140068 0.368159 0.373449
ENSG00000225039.1 13 30996374 30996374 - 6 -200718 13_internal_4907 13 31197092 31198894 156 186.286 0.981254 8.04578 0.0524535 -0.154531 0.253731 0.250997
ENSG00000224117.1 13 31127807 31127807 + 6 -163339 13_internal_3988 13 30944153 30964468 156 161.225 0.970245 6.28998 0.0158372 -0.189894 0.079602 0.0932634
ENSG00000189403.9 13 31191734 31191734 - 6 194075 13_internal_4060 13 30985862 30997659 156 151.78 0.993255 6.15068 0.0132116 0.195746 0.079602 0.0876552
ENSG00000132952.7 13 31191830 31191830 + 6 -227362 13_internal_3988 13 30944153 30964468 156 164.516 0.995656 6.14258 0.337291 0.0757027 0.920398 0.910698
ENSG00000132965.5 13 31309645 31309645 + 6 -344890 13_internal_3989 13 30942550 30964755 156 159.854 0.969186 6.30111 0.16995 -0.110724 0.681592 0.689913
ENSG00000120694.14 13 31736525 31736525 - 7 -713883 13_internal_4310 13 32450408 32495857 156 182.157 1.00973 9.85835 0.0996743 0.134308 0.537313 0.532648
ENSG00000187676.6 13 31774073 31774073 + 7 828656 13_internal_5603 13 32602729 32693778 156 164.364 0.934044 7.57578 0.110833 0.127628 0.616915 0.585826
ENSG00000229427.1 13 31885426 31885426 + 7 564982 13_internal_4310 13 32450408 32495857 156 187.398 0.925362 8.67595 0.715494 -0.0292373 1 0.999968
ENSG00000133105.3 13 32313674 32313674 + 3 60670 13_internal_5645 13 32374344 32506220 156 135.997 0.999972 2.90954 2.61075e-12 0.515236 0.00497512 1.89264e-10
ENSG00000229715.4 13 32420978 32420978 + 5 0 13_internal_5645 13 32374344 32506220 156 176.414 0.980059 5.95559 0.00384211 0.220717 0.0149254 0.0137133
ENSG00000235822.1 13 32559822 32559822 + 5 -53602 13_internal_5645 13 32374344 32506220 156 151.932 1.00005 5.50795 0.203416 0.103543 0.711443 0.725915
ENSG00000073910.14 13 32605437 32605437 + 5 -99217 13_internal_5645 13 32374344 32506220 156 140.415 0.999978 5.06319 0.00045751 0.282879 0.00497512 0.00448168
ENSG00000237637.1 13 32605776 32605776 - 5 0 13_internal_5603 13 32602729 32693778 156 139.303 0.999979 4.23082 0.122469 0.12415 0.472637 0.483325
ENSG00000230633.1 13 32872291 32872291 + 5 -178513 13_internal_5603 13 32602729 32693778 156 144.772 0.999946 4.41186 0.00219598 0.246947 0.0149254 0.0139593
ENSG00000189167.6 13 32889481 32889481 - 5 393624 13_internal_4310 13 32450408 32495857 156 163.952 0.99995 5.1136 0.284758 0.086409 0.80597 0.80384
ENSG00000139618.9 13 32889611 32889611 + 5 475621 13_internal_4349 13 33365232 33386328 156 177.831 1.00002 5.25431 0.00900156 0.215969 0.0348259 0.0274402
ENSG00000215515.2 13 32958797 32958797 + 5 406435 13_internal_4349 13 33365232 33386328 156 143.538 0.999982 4.41449 0.155443 0.11421 0.59204 0.567787
ENSG00000212293.1 13 32994653 32994653 - 5 -362345 13_internal_3864 13 33356998 33367055 156 133.941 1 3.97142 0.151161 0.117191 0.562189 0.553194
ENSG00000139597.11 13 33007091 33007091 - 5 -358141 13_internal_4349 13 33365232 33386328 156 147.042 1.00001 4.51732 0.158547 -0.117423 0.567164 0.571538
ENSG00000229800.1 13 33051411 33051411 + 5 -545191 13_internal_5645 13 32374344 32506220 156 149.464 0.999981 4.90869 0.266515 0.0917119 0.820896 0.796241
ENSG00000139617.10 13 33054775 33054775 - 5 548555 13_internal_5645 13 32374344 32506220 156 145.504 0.999943 4.66542 0.139892 0.120883 0.532338 0.541754
ENSG00000230905.1 13 33072629 33072629 - 5 -284369 13_internal_3864 13 33356998 33367055 156 141.588 1.00004 3.89098 0.188507 0.106836 0.61194 0.601043
ENSG00000244754.3 13 33112970 33112970 - 5 606750 13_internal_5645 13 32374344 32506220 156 167.273 1.00002 5.52405 0.181598 -0.108027 0.646766 0.634413
ENSG00000083642.14 13 33160564 33160564 + 5 -654344 13_internal_5645 13 32374344 32506220 156 166.009 1.00002 4.57382 0.0050107 0.207261 0.0447761 0.01721
ENSG00000207325.1 13 33337690 33337690 - 5 -19308 13_internal_3864 13 33356998 33367055 156 157.341 0.99998 4.91126 0.168172 -0.11052 0.58209 0.590812
ENSG00000133116.6 13 33590207 33590207 + 3 -223152 13_internal_3864 13 33356998 33367055 156 137.399 0.999957 2.68674 0.116418 0.126765 0.338308 0.334699
ENSG00000236581.2 13 33851690 33851690 + 2 -484635 13_internal_3864 13 33356998 33367055 156 144.437 0.999957 2.02018 0.471431 -0.0574674 0.766169 0.74179
ENSG00000249121.1 13 33859873 33859873 - 2 473545 13_internal_4349 13 33365232 33386328 156 167.395 0.999974 2.00928 0.391045 0.0687546 0.621891 0.61011
ENSG00000227911.1 13 33907983 33907983 + 2 -521655 13_internal_4349 13 33365232 33386328 156 149.632 1.00003 1.96386 0.33125 0.0801954 0.587065 0.559573
ENSG00000133121.15 13 33924767 33924767 - 2 557712 13_internal_3864 13 33356998 33367055 156 156.807 1 1.88392 0.586893 0.0418696 0.810945 0.810061
ENSG00000230490.1 13 34250905 34250905 - 2 864577 13_internal_4349 13 33365232 33386328 156 171.493 0.999996 2.22963 0.251122 0.0956095 0.442786 0.439704
ENSG00000133119.8 13 34392186 34392186 + 0 NA NA NA NA NA NA NA NA NA NA NA NA NA
ENSG00000252397.1 13 34403786 34403786 - 0 NA NA NA NA NA NA NA NA NA NA NA NA NA
ENSG00000172915.13 13 35516424 35516424 + 0 NA NA NA NA NA NA NA NA NA NA NA NA NA
ENSG00000180660.6 13 36050832 36050832 - 0 NA NA NA NA NA NA NA NA NA NA NA NA NA
ENSG00000120664.6 13 36920568 36920568 + 1 626622 13_internal_5344 13 37547190 37552961 156 123.886 1.00004 0.911212 0.0275646 -0.173676 0.0348259 0.0453601
ENSG00000133104.7 13 36944317 36944317 - 1 -602873 13_internal_5344 13 37547190 37552961 156 165.186 1.00001 0.987944 0.946797 -0.00519336 0.960199 0.943299
ENSG00000133111.3 13 37393361 37393361 + 1 153829 13_internal_5344 13 37547190 37552961 156 134.992 0.999981 0.863741 0.975926 -0.00238574 0.965174 0.962429
ENSG00000120693.9 13 37494902 37494902 - 1 -52288 13_internal_5344 13 37547190 37552961 156 195.548 1.00002 1.08019 0.287949 -0.0864848 0.258706 0.250194
ENSG00000226161.1 13 37513631 37513631 - 1 -33559 13_internal_5344 13 37547190 37552961 156 162.048 0.999973 0.991061 0.637983 0.0387852 0.621891 0.628228
ENSG00000120699.7 13 37572953 37572953 + 1 -19992 13_internal_5344 13 37547190 37552961 156 165.293 0.99997 1.09582 0.290586 0.0838397 0.293532 0.298724
ENSG00000120697.4 13 37574398 37574398 - 1 21437 13_internal_5344 13 37547190 37552961 156 144.65 1.00001 0.987832 0.504362 -0.0528547 0.527363 0.516033
ENSG00000221100.1 13 37608929 37608929 - 1 55968 13_internal_5344 13 37547190 37552961 156 130.117 0.99996 0.909901 0.077755 0.13738 0.104478 0.0981444
ENSG00000102710.14 13 37633850 37633850 - 1 80889 13_internal_5344 13 37547190 37552961 156 146.159 0.999976 0.993777 3.66031e-09 0.448222 0.00497512 1.12882e-08
ENSG00000180138.6 13 37679803 37679803 - 1 126842 13_internal_5344 13 37547190 37552961 156 178.136 1.00003 0.965377 0.410221 0.0638151 0.378109 0.368434
ENSG00000223685.1 13 38717369 38717369 - 0 NA NA NA NA NA NA NA NA NA NA NA NA NA
ENSG00000120686.7 13 38923986 38923986 + 0 NA NA NA NA NA NA NA NA NA NA NA NA NA
ENSG00000120685.13 13 39612252 39612252 - 0 NA NA NA NA NA NA NA NA NA NA NA NA NA
ENSG00000188811.7 13 39612443 39612443 + 0 NA NA NA NA NA NA NA NA NA NA NA NA NA
ENSG00000183722.7 13 40177665 40177665 - 3 -957959 13_internal_3719 13 41135624 41239185 156 156.64 1.00001 2.96402 0.34194 0.0748542 0.696517 0.709413
ENSG00000133103.11 13 40229764 40229764 + 3 530278 13_internal_3722 13 40760042 40784329 156 156.305 1.00002 2.89006 0.348441 -0.0767044 0.711443 0.709441
ENSG00000264171.1 13 40238272 40238272 - 3 -897352 13_internal_3719 13 41135624 41239185 156 150.942 1.00001 2.97716 0.0496352 -0.156226 0.139303 0.150984
ENSG00000215483.4 13 41055143 41055143 - 5 271107 13_internal_3894 13 40758254 40784036 156 163.252 1.00005 5.26137 0.040238 0.161641 0.189055 0.174763
ENSG00000269120.1 13 41111323 41111323 - 7 -953395 13_internal_3926 13 42064718 42077475 156 148.124 0.981361 6.53881 0.302929 0.0821215 0.915423 0.918647
ENSG00000229456.1 13 41192875 41192875 + 7 0 13_internal_3719 13 41135624 41239185 156 179.309 0.947192 8.02759 3.14598e-05 0.318657 0.00497512 0.000109611
ENSG00000150907.5 13 41240734 41240734 - 7 1549 13_internal_3719 13 41135624 41239185 156 148.215 0.96455 6.81815 2.08865e-14 0.545974 0.00497512 1.72741e-12
ENSG00000102738.6 13 41345309 41345309 - 7 -715990 13_internal_4059 13 42061299 42071994 156 153.684 0.907252 6.16412 0.0039208 -0.227048 0.039801 0.0370267
ENSG00000102743.9 13 41363548 41363548 + 7 554179 13_internal_3881 13 41917727 41947033 156 143.081 1.04951 6.24852 0.0417201 0.166447 0.238806 0.259015
ENSG00000207652.1 13 41384902 41384902 + 7 679816 13_internal_3926 13 42064718 42077475 156 138.435 1.15047 6.53209 0.00996008 0.204403 0.0497512 0.0633406
ENSG00000176268.5 13 41438038 41438038 - 7 -623261 13_internal_4059 13 42061299 42071994 156 155.726 0.99155 6.53891 0.106822 -0.133411 0.542289 0.527176
ENSG00000168852.7 13 41495885 41495885 - 7 711556 13_internal_3722 13 40760042 40784329 156 137.46 1.01764 5.91256 0.191891 0.103943 0.761194 0.765762
ENSG00000239827.2 13 41495910 41495910 - 7 -421817 13_internal_3881 13 41917727 41947033 156 144.087 1.06218 7.19504 0.144296 0.115561 0.671642 0.694544
ENSG00000229473.2 13 41567467 41567467 - 7 -493832 13_internal_4059 13 42061299 42071994 156 175.302 0.950201 7.29796 0.279491 -0.0872859 0.880597 0.888391
ENSG00000120688.7 13 41635410 41635410 + 7 -851374 13_internal_3894 13 40758254 40784036 156 147.743 1.03952 5.89724 0.230994 0.0929094 0.79602 0.797121
ENSG00000120690.9 13 41635576 41635576 - 7 -425723 13_internal_4059 13 42061299 42071994 156 128.471 0.999914 5.51754 0.146518 0.117359 0.726368 0.682626
ENSG00000244264.2 13 41696012 41696012 + 7 221715 13_internal_3881 13 41917727 41947033 156 160.205 0.968886 6.99867 0.0309343 -0.174075 0.21393 0.196484
ENSG00000165572.6 13 41706882 41706882 - 7 -124750 13_internal_5579 13 41831632 41940081 156 165.095 1.0125 6.18449 0.049907 -0.159642 0.228856 0.236166
ENSG00000215482.2 13 41745284 41745284 - 7 -172443 13_internal_3881 13 41917727 41947033 156 137.78 1.03273 5.68764 0.18522 -0.107184 0.746269 0.733793
ENSG00000120696.8 13 41768702 41768702 - 7 -296016 13_internal_3926 13 42064718 42077475 156 128.685 1.10423 6.15728 0.0265286 -0.180732 0.228856 0.202029
ENSG00000120662.10 13 41837742 41837742 - 5 -79985 13_internal_3881 13 41917727 41947033 156 150.82 1.00004 4.57432 0.0929173 0.140019 0.378109 0.3778
ENSG00000172766.14 13 41885341 41885341 + 5 0 13_internal_5579 13 41831632 41940081 156 156.076 0.999943 4.6314 0.00663762 0.217433 0.0597015 0.0303195
ENSG00000223280.1 13 41928795 41928795 - 5 689610 13_internal_3719 13 41135624 41239185 156 177.496 0.999985 4.87035 0.205421 -0.100725 0.577114 0.61212
ENSG00000102760.12 13 42031695 42031695 + 5 -91614 13_internal_5579 13 41831632 41940081 156 174.007 0.999966 5.41632 0.120008 -0.120032 0.452736 0.436663
ENSG00000264190.1 13 42142531 42142531 - 5 195498 13_internal_3881 13 41917727 41947033 156 158.59 1.00005 5.16856 0.00744149 0.216644 0.0447761 0.0354637
ENSG00000241406.2 13 42381813 42381813 + 4 -434780 13_internal_3881 13 41917727 41947033 156 166.71 1.00003 3.79646 0.211028 -0.102609 0.562189 0.563116
ENSG00000229696.1 13 42499734 42499734 + 4 -427740 13_internal_4059 13 42061299 42071994 156 150.896 0.99998 3.32799 0.043698 0.169205 0.139303 0.148935
ENSG00000102763.10 13 42535256 42535256 - 4 457781 13_internal_3926 13 42064718 42077475 156 164.425 0.999999 3.30762 0.0909637 0.135049 0.233831 0.248235
ENSG00000102780.11 13 42614176 42614176 + 6 -667143 13_internal_3881 13 41917727 41947033 156 154.187 0.999946 5.44325 0.0341486 0.167653 0.189055 0.17728
ENSG00000231530.1 13 42618383 42618383 - 7 678302 13_internal_5579 13 41831632 41940081 156 130.559 0.999947 5.02288 0.0149351 -0.19131 0.159204 0.124035
ENSG00000237263.1 13 42645229 42645229 - 7 698196 13_internal_3881 13 41917727 41947033 156 152.557 0.986518 6.40441 0.0751084 0.145155 0.412935 0.413565
ENSG00000023516.7 13 42846289 42846289 + 7 -774295 13_internal_4059 13 42061299 42071994 156 149.754 1.08241 6.55046 0.0696731 0.143784 0.353234 0.364934
ENSG00000226176.1 13 42848464 42848464 + 7 748346 13_internal_4217 13 43596810 43647205 156 182.02 0.961342 7.91595 0.0263991 0.183436 0.134328 0.135074
ENSG00000238025.1 13 43507994 43507994 + 3 42856 13_internal_4201 13 43550850 43560147 156 171.052 0.999969 3.10322 1.81598e-07 0.399643 0.00497512 1.44609e-07
ENSG00000133106.10 13 43566407 43566407 - 3 6260 13_internal_4201 13 43550850 43560147 156 171.6 1.00003 3.21179 5.77775e-10 0.464869 0.00497512 2.5823e-10
ENSG00000120675.4 13 43597339 43597339 + 3 19214 13_internal_4020 13 43616553 43633233 156 170.198 0.999986 2.60189 2.069e-23 0.688178 0.00497512 5.52584e-25
ENSG00000179630.5 13 44453420 44453420 + 3 -893273 13_internal_4201 13 43550850 43560147 156 187.855 1.00001 3.61322 0.00557723 0.214395 0.0248756 0.00845576
ENSG00000151773.6 13 44453864 44453864 - 3 820631 13_internal_4020 13 43616553 43633233 156 165.643 1.00002 3.10855 0.628981 0.0395014 0.945274 0.950006
ENSG00000179611.2 13 44542560 44542560 + 3 -982413 13_internal_4201 13 43550850 43560147 156 146.402 0.999957 2.62536 0.729603 0.0271016 0.9801 0.970226
ENSG00000225727.1 13 45011343 45011343 + 1 957651 13_internal_4905 13 45968994 45973759 156 132.615 1.00004 0.880664 0.579514 0.0437348 0.59204 0.563152
ENSG00000102804.9 13 45151283 45151283 - 1 -817711 13_internal_4905 13 45968994 45973759 156 159.854 1.00001 1.03163 0.269555 0.0863815 0.258706 0.270793
ENSG00000083635.7 13 45563618 45563618 - 1 -405376 13_internal_4905 13 45968994 45973759 156 164.394 0.999999 0.926275 0.367243 0.0698526 0.318408 0.333444
ENSG00000133114.12 13 45563687 45563687 + 1 405307 13_internal_4905 13 45968994 45973759 156 186.225 1.00001 0.988523 0.0774359 0.143594 0.0597015 0.053037
ENSG00000265802.1 13 45576285 45576285 + 1 392709 13_internal_4905 13 45968994 45973759 156 149.982 0.999981 1.07091 0.316206 0.0779162 0.363184 0.344347
ENSG00000188342.7 13 45694650 45694650 + 1 274344 13_internal_4905 13 45968994 45973759 156 190.871 1.00002 0.888824 0.123881 0.128082 0.0995025 0.079203
ENSG00000201061.1 13 45697228 45697228 + 1 271766 13_internal_4905 13 45968994 45973759 156 187.078 0.999991 1.09271 0.984244 -0.00155465 0.985075 0.988155
ENSG00000252055.1 13 45712100 45712100 - 1 -256894 13_internal_4905 13 45968994 45973759 156 158.94 0.999967 0.928241 0.0586365 0.151614 0.0597015 0.0523733
ENSG00000180332.5 13 45775175 45775175 - 1 -193819 13_internal_4905 13 45968994 45973759 156 174.129 0.999975 1.00981 0.378895 0.0728984 0.368159 0.35523
ENSG00000253051.1 13 45910582 45910582 - 2 -58412 13_internal_4905 13 45968994 45973759 156 160.448 0.99998 2.42345 0.149049 -0.109519 0.323383 0.312718
ENSG00000199477.1 13 45911744 45911744 - 2 -955141 13_internal_3824 13 46866885 46896163 156 155.726 0.99999 2.31744 0.340683 0.0770526 0.646766 0.619718
ENSG00000255137.1 13 45911744 45911744 - 2 -955141 13_internal_3824 13 46866885 46896163 156 156.091 0.999981 1.84868 0.340683 0.0770526 0.557214 0.536844
ENSG00000170919.9 13 45915480 45915480 + 2 951405 13_internal_3824 13 46866885 46896163 156 163.891 1.00001 2.279 0.410262 0.0673619 0.676617 0.686189
ENSG00000133112.12 13 45915505 45915505 - 2 -951380 13_internal_3824 13 46866885 46896163 156 157.31 0.999998 2.10915 0.00944682 0.212114 0.0248756 0.0192033
ENSG00000228886.1 13 45924458 45924458 + 2 942427 13_internal_3824 13 46866885 46896163 156 160.753 1.00003 2.16691 0.0179901 0.184999 0.0348259 0.0350216
ENSG00000214455.3 13 45965402 45965402 - 3 -960597 13_internal_5488 13 46925999 46945063 156 145.93 1 2.91708 0.288278 0.0861791 0.651741 0.653208
ENSG00000251015.1 13 45992297 45992297 + 3 933702 13_internal_5488 13 46925999 46945063 156 168.218 0.999993 3.19009 0.104976 -0.128807 0.293532 0.265627
ENSG00000174032.12 13 45992590 45992590 - 3 -874295 13_internal_3824 13 46866885 46896163 156 143.493 1.00005 2.7448 0.111705 0.128282 0.313433 0.311593
ENSG00000136152.10 13 46039060 46039060 + 3 827825 13_internal_3824 13 46866885 46896163 156 150.592 0.999975 2.65959 0.301881 0.0838921 0.656716 0.627905
ENSG00000165837.7 13 46189874 46189874 - 4 216115 13_internal_4905 13 45968994 45973759 156 158.636 1 3.63916 0.0518726 -0.150198 0.159204 0.170042
ENSG00000123200.12 13 46626894 46626894 - 4 -239991 13_internal_3824 13 46866885 46896163 156 195.061 1.00001 5.45263 0.0601621 0.154794 0.18408 0.178938
ENSG00000235903.1 13 46669028 46669028 + 4 256971 13_internal_5488 13 46925999 46945063 156 159.824 1 3.89802 0.157961 -0.116068 0.487562 0.476393
ENSG00000080618.9 13 46679211 46679211 - 4 -187674 13_internal_3824 13 46866885 46896163 156 168.157 0.999991 4.84126 0.118858 -0.125071 0.41791 0.416673
ENSG00000240767.2 13 46743883 46743883 - 4 -405312 13_internal_5092 13 47149195 47262578 156 155.314 0.999988 4.01014 0.481208 0.0571254 0.925373 0.92858
ENSG00000136167.8 13 46786006 46786006 - 4 -363189 13_internal_5092 13 47149195 47262578 156 149.708 1 4.03625 0.159348 -0.106442 0.497512 0.52412
ENSG00000173988.8 13 46786083 46786083 + 4 363112 13_internal_5092 13 47149195 47262578 156 172.438 1.00002 4.2623 0.437284 0.0618739 0.900498 0.897527
ENSG00000261097.1 13 46871979 46871979 - 4 0 13_internal_3824 13 46866885 46896163 156 147.255 0.999994 3.61798 0.109339 0.124678 0.343284 0.369846
ENSG00000223336.1 13 46948725 46948725 - 4 52562 13_internal_3824 13 46866885 46896163 156 147.834 1.00006 4.08432 0.366399 -0.0710427 0.855721 0.857399
ENSG00000102445.13 13 47012325 47012325 - 3 116162 13_internal_3824 13 46866885 46896163 156 160.448 0.999968 3.40872 0.00281752 0.237616 0.00995025 0.0083295
ENSG00000241353.2 13 47012325 47012325 - 3 116162 13_internal_3824 13 46866885 46896163 156 172.194 1 3.47797 0.00377957 0.230503 0.0199005 0.00812125
ENSG00000136141.9 13 47127303 47127303 + 3 -231140 13_internal_3824 13 46866885 46896163 156 175.454 0.999964 3.72307 0.345781 -0.0767589 0.726368 0.758548
ENSG00000139684.8 13 47371367 47371367 - 3 426304 13_internal_5488 13 46925999 46945063 156 189.744 0.999983 3.25896 0.0982934 -0.129309 0.243781 0.205604
ENSG00000234145.1 13 48337595 48337595 + 3 636077 13_internal_5518 13 48973672 49069397 156 151.597 1.00004 2.81322 0.114245 -0.124567 0.313433 0.300927
ENSG00000234689.1 13 48481492 48481492 - 3 -641971 13_internal_4843 13 49123463 49131964 156 131.336 0.999957 2.31524 0.554859 -0.0462251 0.875622 0.871703
ENSG00000260388.1 13 48506757 48506757 - 3 -194195 13_internal_5166 13 48700952 48833790 156 173.459 0.999969 2.81161 0.273373 0.0850411 0.532338 0.551324
ENSG00000227848.1 13 48575525 48575525 + 3 125427 13_internal_5166 13 48700952 48833790 156 162.886 0.999974 2.75399 0.12141 0.122894 0.318408 0.282294
ENSG00000136159.2 13 48611703 48611703 + 3 511760 13_internal_4843 13 49123463 49131964 156 148.916 0.999991 2.87892 0.11062 0.119054 0.323383 0.305815
ENSG00000136143.8 13 48612125 48612125 - 3 -361547 13_internal_5518 13 48973672 49069397 156 144.788 0.999986 2.73032 0.289935 -0.0846571 0.646766 0.634062
ENSG00000229111.1 13 48651273 48651273 + 3 322399 13_internal_5518 13 48973672 49069397 156 157.356 1.00002 2.88872 0.217238 0.0963606 0.497512 0.503494
ENSG00000136146.9 13 48669267 48669267 - 3 -304405 13_internal_5518 13 48973672 49069397 156 149.327 1.00004 2.90867 0.492917 0.0551134 0.875622 0.868633
ENSG00000136156.7 13 48807294 48807294 + 3 0 13_internal_5166 13 48700952 48833790 156 186.773 0.999971 3.86756 2.8793e-06 0.351065 0.00497512 1.17372e-06
ENSG00000231473.2 13 48877797 48877797 - 3 -245666 13_internal_4843 13 49123463 49131964 156 139.836 0.999947 2.67189 0.197746 -0.0985579 0.507463 0.490017
ENSG00000139687.9 13 48877887 48877887 + 3 95785 13_internal_5518 13 48973672 49069397 156 170.777 0.999982 3.2458 0.0319229 0.172478 0.114428 0.078184
ENSG00000238086.4 13 48894611 48894611 - 3 -79061 13_internal_5518 13 48973672 49069397 156 167.746 1 2.92585 0.448799 0.0600427 0.78607 0.809056
