ENSG00000254783.1 11 85994969 85994969 + 5 323910 11_internal_8808 11 86318879 86383848 156 170.655 0.988108 5.54106 0.329701 0.0764711 0.880597 0.872157
ENSG00000255222.1 11 86005802 86005802 + 5 644670 11_internal_9235 11 86650472 86668010 156 160.921 1 5.09261 0.0435862 0.154876 0.20398 0.189386
ENSG00000149196.10 11 86013253 86013253 + 5 -149341 11_internal_8354 11 85845222 85863912 156 136.104 0.999973 4.59558 0.062647 -0.142347 0.343284 0.325516
ENSG00000149201.5 11 86085778 86085778 + 5 233101 11_internal_8808 11 86318879 86383848 156 170.396 1.04705 6.00576 0.152131 0.116543 0.567164 0.559756
ENSG00000151376.11 11 86383678 86383678 - 5 0 11_internal_8808 11 86318879 86383848 156 164.196 0.999958 4.88356 5.96039e-05 0.298596 0.00497512 0.000186042
ENSG00000150687.6 11 86502101 86502101 + 5 -935409 11_internal_7678 11 85460737 85566692 156 143.828 1.00006 5.03284 0.0600531 0.147429 0.313433 0.309787
ENSG00000174804.3 11 86666433 86666433 - 3 802521 11_internal_8354 11 85845222 85863912 156 152.755 1.00004 2.8918 0.375871 0.0708634 0.746269 0.750059
ENSG00000166575.11 11 86748886 86748886 + 3 -80876 11_internal_9235 11 86650472 86668010 156 145.046 1.00002 2.73165 0.229318 -0.0949836 0.517413 0.538347
ENSG00000254843.1 11 86807627 86807627 - 3 423779 11_internal_8808 11 86318879 86383848 156 136.15 0.999982 2.47026 0.433707 -0.0632346 0.800995 0.786385
ENSG00000213287.3 11 86970301 86970301 - 2 302291 11_internal_9235 11 86650472 86668010 156 177.557 1.00001 2.21724 0.442057 -0.0611909 0.666667 0.691989
ENSG00000254582.1 11 87041094 87041094 - 2 657246 11_internal_8808 11 86318879 86383848 156 183.087 1.00002 1.84596 0.551793 0.0470895 0.761194 0.741062
ENSG00000123892.6 11 87908635 87908635 - 1 -238216 11_internal_8021 11 88146851 88155839 156 178.714 0.99998 1.00376 0.912467 -0.00860566 0.915423 0.907151
ENSG00000109861.9 11 88070955 88070955 - 1 -75896 11_internal_8021 11 88146851 88155839 156 185.235 0.999988 1.1325 0.471264 0.0594148 0.477612 0.473353
ENSG00000249489.1 11 88142391 88142391 - 1 -4460 11_internal_8021 11 88146851 88155839 156 130.62 0.999995 0.861337 0.256971 -0.0918996 0.268657 0.264292
ENSG00000077616.6 11 89864683 89864683 + 0 NA NA NA NA NA NA NA NA NA NA NA NA NA
ENSG00000110172.7 11 89956532 89956532 - 0 NA NA NA NA NA NA NA NA NA NA NA NA NA
ENSG00000214391.3 11 90015728 90015728 + 0 NA NA NA NA NA NA NA NA NA NA NA NA NA
ENSG00000255445.1 11 92885241 92885241 + 3 368523 11_internal_10896 11 93253764 93278175 156 172.103 0.99998 3.71358 0.211161 -0.0980579 0.512438 0.540674
ENSG00000180773.10 11 92931130 92931130 - 3 -929429 11_internal_7959 11 93860559 93886271 156 150.409 1.00004 2.92919 0.107482 0.127141 0.278607 0.298519
ENSG00000255233.1 11 92973299 92973299 + 3 887260 11_internal_7959 11 93860559 93886271 156 159.093 0.999973 3.00892 0.270313 -0.0878129 0.636816 0.605008
ENSG00000165325.8 11 93063137 93063137 + 3 190627 11_internal_10896 11 93253764 93278175 156 140.766 1.00003 2.55507 0.000189648 0.301757 0.00497512 0.00100307
ENSG00000234106.3 11 93268634 93268634 + 3 0 11_internal_10896 11 93253764 93278175 156 117.259 0.999984 2.85542 0.000898413 0.271948 0.00497512 0.0114096
ENSG00000166002.2 11 93276674 93276674 - 3 0 11_internal_10896 11 93253764 93278175 156 163.038 1.00001 2.86106 9.24507e-06 0.352897 0.00497512 1.66076e-05
ENSG00000166004.9 11 93394805 93394805 + 3 55351 11_internal_10133 11 93450156 93463454 156 145.534 1.00004 2.92816 0.200694 -0.107346 0.522388 0.510593
ENSG00000199875.1 11 93452769 93452769 + 3 407790 11_internal_7959 11 93860559 93886271 156 159.763 0.999995 3.36595 0.142005 0.115173 0.39801 0.391651
ENSG00000254911.1 11 93454679 93454679 + 3 405880 11_internal_7959 11 93860559 93886271 156 160.311 1.00004 2.70078 0.0804193 -0.13779 0.19403 0.193017
ENSG00000201199.1 11 93454708 93454708 + 3 -176533 11_internal_10896 11 93253764 93278175 156 172.179 1.00005 3.8946 0.274855 -0.0870356 0.641791 0.675926
ENSG00000199675.1 11 93454963 93454963 + 3 405596 11_internal_7959 11 93860559 93886271 156 162.398 0.999954 2.90348 0.00794013 -0.210124 0.00497512 0.0194921
ENSG00000207112.1 11 93463812 93463812 - 3 -396747 11_internal_7959 11 93860559 93886271 156 151.293 0.999975 2.94144 0.608013 -0.0394904 0.950249 0.938959
ENSG00000206799.1 11 93464265 93464265 - 3 -396294 11_internal_7959 11 93860559 93886271 156 145.26 1.00001 2.86561 0.596661 -0.0402866 0.930348 0.932493
ENSG00000202314.1 11 93464740 93464740 - 3 -395819 11_internal_7959 11 93860559 93886271 156 147.393 1.00005 2.75075 0.0233462 0.180803 0.0597015 0.0738775
ENSG00000206834.1 11 93465299 93465299 - 3 187124 11_internal_10896 11 93253764 93278175 156 142.609 1.00004 2.84669 0.224842 -0.0914001 0.532338 0.552221
ENSG00000207304.1 11 93465665 93465665 - 3 -394894 11_internal_7959 11 93860559 93886271 156 147.682 0.999971 2.79577 0.219786 -0.100883 0.517413 0.522886
ENSG00000239195.1 11 93466466 93466466 - 3 3012 11_internal_10133 11 93450156 93463454 156 168.416 1.00004 3.48333 0.386523 0.070665 0.791045 0.797991
ENSG00000207145.1 11 93466763 93466763 - 3 3309 11_internal_10133 11 93450156 93463454 156 168.843 1.00003 3.32595 0.0132604 -0.201162 0.0646766 0.032766
ENSG00000221170.1 11 93466930 93466930 - 3 188755 11_internal_10896 11 93253764 93278175 156 172.788 1.00004 3.08442 0.719655 -0.0287891 0.985075 0.97698
ENSG00000210825.1 11 93468402 93468402 - 3 190227 11_internal_10896 11 93253764 93278175 156 146.616 1.00004 3.00163 0.430251 -0.0620612 0.80597 0.828753
ENSG00000182919.9 11 93474757 93474757 + 3 385802 11_internal_7959 11 93860559 93886271 156 179.781 1.00002 3.4128 0.347099 0.0751407 0.706468 0.721887
ENSG00000042429.6 11 93517393 93517393 + 4 -53939 11_internal_10133 11 93450156 93463454 156 186.042 1.00003 5.1548 0.556959 0.0437148 0.985075 0.977531
ENSG00000166012.10 11 93517557 93517557 - 4 -966078 11_internal_8401 11 94483635 94503919 156 139.532 1.00001 3.68459 0.209833 -0.0960362 0.616915 0.628593
ENSG00000238437.1 11 93530379 93530379 + 4 -252204 11_internal_10896 11 93253764 93278175 156 168.645 0.999986 4.56489 0.384177 0.0688458 0.890547 0.874663
ENSG00000265292.1 11 93533649 93533649 + 4 949986 11_internal_8401 11 94483635 94503919 156 150.47 0.99996 4.17207 0.042558 0.156783 0.199005 0.179864
ENSG00000214376.5 11 93583697 93583697 - 4 305522 11_internal_10896 11 93253764 93278175 156 160.433 0.999997 4.32489 0.0485871 -0.151608 0.169154 0.182372
ENSG00000110218.4 11 93862094 93862094 + 6 0 11_internal_7959 11 93860559 93886271 156 154.796 1.00495 5.72106 5.57995e-17 0.600313 0.00497512 3.52123e-16
ENSG00000256745.1 11 93922163 93922163 - 7 -904165 11_internal_8376 11 94826328 94891716 156 160.921 0.969545 6.89544 0.128333 0.124989 0.60199 0.606735
ENSG00000123901.3 11 94134585 94134585 - 10 -827090 11_internal_8216 11 94961675 95071781 156 149.221 0.938016 8.42636 0.0632321 -0.142489 0.482587 0.483706
ENSG00000263966.1 11 94149876 94149876 + 10 -686422 11_internal_10133 11 93450156 93463454 156 141.817 0.983424 8.46678 0.103912 -0.134705 0.696517 0.671188
ENSG00000221230.1 11 94199746 94199746 - 10 -878445 11_internal_7921 11 95078191 95297769 156 160.22 0.918144 9.16792 0.0279933 -0.180666 0.263682 0.248974
ENSG00000255893.1 11 94206736 94206736 - 10 -722957 11_internal_11919 11 94929693 95300074 156 162.566 0.997836 9.99249 0.0675349 -0.141781 0.492537 0.473506
ENSG00000168876.4 11 94226795 94226795 + 10 702898 11_internal_11919 11 94929693 95300074 156 168.949 1.02923 11.9779 0.0421806 0.163215 0.343284 0.329511
ENSG00000020922.7 11 94227074 94227074 - 10 -851117 11_internal_7921 11 95078191 95297769 156 161.012 1.02145 11.1972 0.0320543 -0.164891 0.288557 0.274669
ENSG00000134627.7 11 94277006 94277006 + 10 -390735 11_internal_7959 11 93860559 93886271 156 150.013 1.0699 11.2145 0.0484885 -0.159145 0.432836 0.424679
ENSG00000196371.2 11 94277017 94277017 + 10 -998842 11_internal_10896 11 93253764 93278175 156 157.356 1.01648 10.7746 0.010308 0.204654 0.0995025 0.0980907
ENSG00000233536.2 11 94371204 94371204 + 12 -907750 11_internal_10133 11 93450156 93463454 156 157.904 1.04713 11.8635 0.00797585 0.20758 0.0646766 0.0757733
ENSG00000255666.1 11 94375073 94375073 + 12 424687 11_internal_7640 11 94799760 94823811 156 147.271 1.08458 10.2197 0.111736 -0.127223 0.721393 0.707462
ENSG00000166025.13 11 94439597 94439597 + 12 44038 11_internal_8401 11 94483635 94503919 156 157.493 0.959679 13.1393 0.00185846 0.251416 0.0298507 0.0271417
ENSG00000255929.1 11 94473521 94473521 - 11 -10114 11_internal_8401 11 94483635 94503919 156 139.075 0.997825 9.29485 0.311956 0.0816876 0.985075 0.979014
ENSG00000256469.1 11 94658686 94658686 - 11 154767 11_internal_8401 11 94483635 94503919 156 150.15 1.01088 10.4124 0.0179482 0.183141 0.199005 0.187736
ENSG00000150316.7 11 94706776 94706776 - 11 -254899 11_internal_8216 11 94961675 95071781 156 152.816 0.988479 11.9762 0.115991 0.132578 0.810945 0.786502
ENSG00000186280.5 11 94706845 94706845 + 11 -202926 11_internal_8401 11 94483635 94503919 156 140.629 1.1137 10.4001 0.100396 -0.131868 0.711443 0.692369
ENSG00000180771.9 11 94800056 94800056 + 12 0 11_internal_7640 11 94799760 94823811 156 174.251 0.912241 14.2539 7.87783e-05 0.307103 0.00497512 0.000872268
ENSG00000149218.4 11 94822974 94822974 + 12 0 11_internal_7640 11 94799760 94823811 156 146.829 1.08546 11.2573 3.47625e-05 0.322032 0.00497512 0.000344724
ENSG00000245552.2 11 94883703 94883703 + 15 45990 11_internal_11919 11 94929693 95300074 156 133.712 1.1436 11.7415 0.00347134 0.236245 0.0597015 0.0505366
ENSG00000149212.6 11 94965705 94965705 - 15 0 11_internal_11919 11 94929693 95300074 156 175.911 1.1041 21.2847 1.15395e-12 0.54228 0.00497512 4.85602e-14
ENSG00000166037.6 11 95523129 95523129 + 14 -55405 11_internal_8996 11 95333004 95467724 156 153.73 0.979253 14.1209 0.217274 -0.0946734 0.970149 0.971595
ENSG00000077458.8 11 95523573 95523573 - 14 451792 11_internal_8216 11 94961675 95071781 156 145.214 1.07089 12.5302 0.0189014 0.183253 0.218905 0.22888
ENSG00000256885.1 11 95557336 95557336 - 14 -187359 11_internal_7804 11 95744695 96077428 156 185.189 1.01458 18.2266 0.0269646 -0.174277 0.218905 0.24739
ENSG00000087053.13 11 95658479 95658479 - 14 -208624 11_internal_7857 11 95867103 96028892 156 161.317 0.915149 12.7736 0.180239 0.10868 0.910448 0.923792
ENSG00000242993.1 11 95696383 95696383 + 14 -228659 11_internal_8996 11 95333004 95467724 156 154.294 0.994939 15.4983 0.00728749 0.215649 0.119403 0.113186
ENSG00000266192.1 11 96074602 96074602 + 10 -634866 11_internal_7753 11 95358260 95439736 156 148.825 0.937428 8.59586 0.0183335 -0.186874 0.18408 0.192055
ENSG00000184384.8 11 96076382 96076382 - 10 0 11_internal_7629 11 95837390 96077235 156 161.378 0.851633 8.52126 0.00332194 0.236738 0.0746269 0.0434283
ENSG00000149231.7 11 96123087 96123087 - 10 823013 11_internal_11919 11 94929693 95300074 156 170.991 0.888308 11.1657 0.0015265 -0.250409 0.0248756 0.0174527
ENSG00000183340.5 11 96123153 96123153 + 10 -45725 11_internal_7804 11 95744695 96077428 156 153.243 0.981406 9.08624 0.023177 0.18214 0.233831 0.208592
ENSG00000165895.12 11 100558384 100558384 + 0 NA NA NA NA NA NA NA NA NA NA NA NA NA
ENSG00000137672.8 11 101743293 101743293 - 2 -427458 11_internal_7846 11 102170751 102194255 156 147.225 1.00005 1.70421 0.0529491 -0.151277 0.0845771 0.100258
ENSG00000110318.9 11 101785746 101785746 + 2 384858 11_internal_7824 11 102170604 102328265 156 185.235 1.00001 2.02931 0.0163186 0.194543 0.0199005 0.0178787
ENSG00000023445.8 11 102188215 102188215 + 3 0 11_internal_7846 11 102170751 102194255 156 170.031 1.00001 2.99056 2.83683e-07 0.382087 0.00497512 2.48048e-07
ENSG00000110330.4 11 102217942 102217942 + 3 -23687 11_internal_7846 11 102170751 102194255 156 141.573 0.999986 2.75717 0.0242287 0.182232 0.0895522 0.0853572
ENSG00000255337.1 11 102323650 102323650 + 3 0 11_internal_7824 11 102170604 102328265 156 156.914 0.999996 3.0678 0.0825096 0.136283 0.243781 0.229861
ENSG00000152558.10 11 102341115 102341115 - 3 12850 11_internal_7824 11 102170604 102328265 156 157.721 0.999999 3.05329 1.14435e-05 0.35369 0.00497512 3.12501e-05
ENSG00000260966.1 11 102926528 102926528 - 4 -14420 11_internal_8041 11 102940948 102963856 156 174.038 1.00003 4.34919 0.266516 0.0886151 0.691542 0.697682
ENSG00000137692.6 11 102962944 102962944 - 4 634679 11_internal_7824 11 102170604 102328265 156 187.688 0.999971 4.50127 0.0506824 -0.153604 0.159204 0.136313
ENSG00000187240.9 11 102980160 102980160 + 4 629480 11_internal_7829 11 103609640 103779780 156 145.595 0.999975 3.43437 0.149696 0.114507 0.457711 0.459586
ENSG00000254895.1 11 103273326 103273326 - 3 -336314 11_internal_7829 11 103609640 103779780 156 147.21 1.00004 2.80327 0.216034 0.0999021 0.517413 0.518474
ENSG00000255350.1 11 103276562 103276562 - 3 312706 11_internal_8041 11 102940948 102963856 156 131.564 1.00003 2.6678 0.0659081 0.151426 0.218905 0.22548
ENSG00000170962.8 11 104035107 104035107 - 7 -858004 11_internal_7769 11 104893111 104917888 156 154.736 0.982347 5.8065 0.0455561 -0.15466 0.238806 0.248659
ENSG00000235505.3 11 104789800 104789800 - 6 181837 11_internal_8720 11 104570749 104607963 156 154.903 1.00004 5.3271 0.0873491 0.134789 0.363184 0.389478
ENSG00000196954.8 11 104840163 104840163 - 6 -52948 11_internal_7769 11 104893111 104917888 156 194.939 0.886523 7.21918 0.0182403 0.18626 0.0995025 0.0834852
ENSG00000137757.6 11 104893895 104893895 - 6 -46877 11_internal_7634 11 104940772 104972796 156 138.663 1.00006 5.09323 0.0394488 -0.165977 0.208955 0.239026
ENSG00000254750.1 11 104942268 104942268 - 6 24380 11_internal_7769 11 104893111 104917888 156 145.214 0.981704 5.41833 0.0423484 0.16166 0.258706 0.251071
ENSG00000204397.3 11 104972158 104972158 - 6 54270 11_internal_7769 11 104893111 104917888 156 162.703 0.956329 5.46344 0.000634575 0.268834 0.00497512 0.00347448
ENSG00000255221.2 11 104972158 104972158 - 6 0 11_internal_7634 11 104940772 104972796 156 176.003 1.18113 8.35514 5.78397e-05 0.289233 0.00497512 3.08721e-05
ENSG00000137752.18 11 104972158 104972158 - 6 63346 11_internal_7779 11 104823353 104908812 156 172.575 1.06999 7.69321 0.0743667 0.144505 0.383085 0.34954
ENSG00000170903.6 11 105893130 105893130 - 5 920334 11_internal_7634 11 104940772 104972796 156 167.593 0.989615 5.73005 0.212028 0.102738 0.721393 0.716636
ENSG00000149313.6 11 105946228 105946228 + 3 -994143 11_internal_8671 11 104871228 104952085 156 148.185 1.00003 3.05306 0.110255 0.123825 0.368159 0.322215
ENSG00000182359.9 11 105948492 105948492 - 3 872083 11_internal_9261 11 104746466 105076409 156 157.386 1.00004 2.98329 0.643318 -0.03617 0.950249 0.953259
ENSG00000254433.1 11 105972702 105972702 - 2 999906 11_internal_7634 11 104940772 104972796 156 163.663 1.00002 1.97771 0.334248 -0.0752098 0.517413 0.537139
ENSG00000261098.1 11 107186997 107186997 - 2 -507952 11_internal_8071 11 107694949 107712584 156 141.71 0.99999 1.84598 0.107374 -0.126377 0.199005 0.218378
ENSG00000225215.1 11 107275315 107275315 - 2 -792481 11_internal_10451 11 108067796 108125077 156 162.17 0.999984 1.82276 0.237873 0.0995692 0.358209 0.3772
ENSG00000152404.11 11 107328572 107328572 - 2 -366377 11_internal_8071 11 107694949 107712584 156 175.165 1.00003 2.37813 0.460633 -0.0587223 0.721393 0.741934
ENSG00000137760.10 11 107436472 107436472 - 2 -258477 11_internal_8071 11 107694949 107712584 156 173.885 0.999961 2.04043 0.300257 -0.0850777 0.467662 0.47976
ENSG00000110660.9 11 107799019 107799019 - 2 86435 11_internal_8071 11 107694949 107712584 156 164.089 1.00002 1.89437 3.86092e-15 0.585635 0.00497512 1.43023e-15
ENSG00000179331.2 11 107799229 107799229 + 2 268567 11_internal_10451 11 108067796 108125077 156 138.983 0.999994 1.82939 0.052144 -0.153369 0.129353 0.118911
ENSG00000166266.9 11 107879459 107879459 + 2 188337 11_internal_10451 11 108067796 108125077 156 134.779 1 1.78503 0.315959 -0.0806334 0.557214 0.538294
ENSG00000200855.1 11 107955640 107955640 + 2 112156 11_internal_10451 11 108067796 108125077 156 141.497 1.00001 1.96086 0.558189 -0.0458093 0.810945 0.815064
ENSG00000075239.9 11 107992243 107992243 + 2 -279659 11_internal_8071 11 107694949 107712584 156 172.773 1.00001 2.48639 0.585256 0.041513 0.840796 0.874274
ENSG00000255467.1 11 107992411 107992411 - 2 279827 11_internal_8071 11 107694949 107712584 156 155.375 0.999958 2.07147 0.533192 -0.0502732 0.791045 0.794401
ENSG00000149311.11 11 108093211 108093211 + 2 0 11_internal_10451 11 108067796 108125077 156 148.429 1.00001 1.90801 0.039843 0.164156 0.0945274 0.0840912
ENSG00000149308.10 11 108093369 108093369 - 2 0 11_internal_10451 11 108067796 108125077 156 138.282 1 1.84428 0.0887572 0.132038 0.20398 0.191945
ENSG00000206967.1 11 108100331 108100331 - 2 387747 11_internal_8071 11 107694949 107712584 156 146.905 0.999977 1.84538 0.618109 -0.0401456 0.850746 0.839217
ENSG00000269042.1 11 108136480 108136480 - 2 423896 11_internal_8071 11 107694949 107712584 156 155.406 0.999975 2.00679 0.016706 -0.190236 0.0298507 0.0336598
ENSG00000166323.8 11 108338258 108338258 - 2 625674 11_internal_8071 11 107694949 107712584 156 137.825 0.999987 1.81587 0.555916 0.0478796 0.810945 0.793021
ENSG00000178202.8 11 108369159 108369159 - 2 244082 11_internal_10451 11 108067796 108125077 156 182.934 0.999966 2.69618 0.146022 -0.120191 0.263682 0.281411
ENSG00000110723.7 11 108464465 108464465 - 2 751881 11_internal_8071 11 107694949 107712584 156 139.897 0.999971 1.92614 0.292004 -0.0834274 0.517413 0.522135
ENSG00000178105.5 11 108535752 108535752 + 2 -410675 11_internal_10451 11 108067796 108125077 156 154.583 0.999986 2.21906 0.0782263 -0.139478 0.149254 0.168116
ENSG00000240698.1 11 108561683 108561683 - 2 436606 11_internal_10451 11 108067796 108125077 156 145.123 1.00004 1.92769 0.0156023 0.196435 0.0298507 0.0376258
ENSG00000254730.1 11 108600831 108600831 - 2 888247 11_internal_8071 11 107694949 107712584 156 174.662 0.999978 2.08751 0.19101 0.102961 0.323383 0.316115
ENSG00000255379.1 11 108693377 108693377 - 2 568300 11_internal_10451 11 108067796 108125077 156 189.988 1.00002 2.25281 0.313891 0.0794134 0.492537 0.50215
ENSG00000203334.3 11 108828445 108828445 + 3 988168 11_internal_9186 11 109816613 109856630 156 191.618 0.999993 4.08547 0.00686966 -0.210317 0.0298507 0.0111028
ENSG00000149289.6 11 109964087 109964087 + 3 -119516 11_internal_10408 11 109816957 109844571 156 152.085 1.00002 2.89134 0.000386624 0.276246 0.00497512 0.00132397
ENSG00000137710.10 11 110167447 110167447 - 3 -611031 11_internal_8496 11 110778478 110849438 156 152.755 0.999953 3.11296 0.0926379 -0.137669 0.243781 0.26991
ENSG00000137714.2 11 110300607 110300607 + 3 477871 11_internal_8496 11 110778478 110849438 156 161.591 0.999959 2.78838 0.33073 -0.0776771 0.661692 0.661893
ENSG00000137727.8 11 110583912 110583912 - 3 -194566 11_internal_8496 11 110778478 110849438 156 140.004 0.999974 2.66084 0.288538 -0.0808314 0.656716 0.634256
ENSG00000110777.7 11 111326355 111326355 - 4 -854279 11_internal_8153 11 112180634 112193947 156 156.488 1.00003 3.94252 0.0627648 0.146648 0.243781 0.224164
ENSG00000204381.7 11 111411005 111411005 + 4 769629 11_internal_8153 11 112180634 112193947 156 160.022 0.999995 4.35214 0.0586998 0.145936 0.218905 0.220135
ENSG00000170145.4 11 111473115 111473115 + 5 707519 11_internal_8153 11 112180634 112193947 156 149.312 0.999964 4.98876 0.312305 -0.0848009 0.875622 0.857107
ENSG00000235286.1 11 111543128 111543128 - 6 -637506 11_internal_8153 11 112180634 112193947 156 155.832 1.01565 6.78366 0.197019 -0.105019 0.776119 0.770083
ENSG00000223324.1 11 111553835 111553835 + 6 626799 11_internal_8153 11 112180634 112193947 156 142.487 1.02429 6.11992 0.262643 -0.0904216 0.875622 0.866349
ENSG00000137713.11 11 111637151 111637151 - 6 -543483 11_internal_8153 11 112180634 112193947 156 157.295 1.03003 6.30339 0.138798 -0.120112 0.59204 0.592909
ENSG00000254450.1 11 111699936 111699936 - 6 -759045 11_internal_9134 11 112458981 112471917 156 133.697 1.00005 4.70432 0.108577 0.128316 0.542289 0.501384
ENSG00000086848.9 11 111742305 111742305 - 6 -425266 11_internal_10450 11 112167571 112193789 156 153.562 1.00005 5.53705 0.0246786 0.178018 0.134328 0.134889
ENSG00000137720.3 11 111749659 111749659 + 6 735782 11_internal_9264 11 112485441 112492412 156 158.742 0.963665 6.41517 0.188984 -0.104602 0.726368 0.743227
ENSG00000258529.1 11 111750149 111750149 - 6 -417422 11_internal_10450 11 112167571 112193789 156 168.934 0.91939 5.77825 0.121195 0.118812 0.502488 0.517075
ENSG00000255561.2 11 111751967 111751967 - 6 -411361 11_internal_8521 11 112163328 112169994 156 159.55 0.942694 5.46969 0.218833 -0.0974917 0.741294 0.750301
ENSG00000254445.1 11 111783460 111783460 + 6 397174 11_internal_8153 11 112180634 112193947 156 144.483 1.00006 4.98868 0.0447083 -0.160769 0.248756 0.239494
ENSG00000149300.5 11 111788756 111788756 + 6 391878 11_internal_8153 11 112180634 112193947 156 164.501 0.959802 6.59207 0.0415889 -0.163099 0.208955 0.233234
ENSG00000150764.9 11 111797868 111797868 + 6 661113 11_internal_9134 11 112458981 112471917 156 139.334 1.00003 5.12874 0.279019 0.087268 0.870647 0.846817
ENSG00000150768.11 11 111895538 111895538 + 5 267790 11_internal_8521 11 112163328 112169994 156 147.118 0.99997 4.91701 0.488663 0.0543296 0.955224 0.967337
ENSG00000230911.1 11 111901091 111901091 - 5 -266480 11_internal_10450 11 112167571 112193789 156 166.557 0.946336 5.29715 0.0512641 0.160295 0.218905 0.233778
ENSG00000150776.13 11 111944810 111944810 + 5 235824 11_internal_8153 11 112180634 112193947 156 134.657 1.00003 3.96997 0.127876 0.125891 0.517413 0.4931
ENSG00000150773.6 11 111944998 111944998 - 5 -218330 11_internal_8521 11 112163328 112169994 156 147.956 0.999939 4.91232 0.157918 0.111183 0.587065 0.597495
ENSG00000204370.4 11 111957497 111957497 + 5 527944 11_internal_9264 11 112485441 112492412 156 185.555 1.03198 6.24345 0.324983 0.0762278 0.845771 0.868565
ENSG00000150779.7 11 111957522 111957522 - 5 -210049 11_internal_10450 11 112167571 112193789 156 175.53 1.03316 5.77081 0.266466 -0.0878015 0.800995 0.783086
ENSG00000255292.1 11 111957627 111957627 + 5 527814 11_internal_9264 11 112485441 112492412 156 164.882 1.00004 4.76677 0.0596885 0.143487 0.233831 0.228039
ENSG00000150782.7 11 112034840 112034840 - 5 -450601 11_internal_9264 11 112485441 112492412 156 146.159 0.999987 4.76382 0.521251 0.0501886 0.970149 0.973881
ENSG00000150783.5 11 112038095 112038095 + 5 142539 11_internal_8153 11 112180634 112193947 156 177.161 1.00004 5.36629 0.36357 0.0724361 0.905473 0.886018
ENSG00000254638.1 11 112043329 112043329 - 5 -119999 11_internal_8521 11 112163328 112169994 156 149.038 0.999973 4.42506 0.146341 0.12081 0.542289 0.527137
ENSG00000197580.7 11 112046190 112046190 + 5 412791 11_internal_9134 11 112458981 112471917 156 156.213 0.999996 4.88017 0.115357 -0.125023 0.437811 0.449428
ENSG00000214264.4 11 112051496 112051496 + 5 407485 11_internal_9134 11 112458981 112471917 156 171.417 0.999977 5.28267 0.444915 -0.0593287 0.950249 0.94535
ENSG00000150787.3 11 112097088 112097088 + 5 388353 11_internal_9264 11 112485441 112492412 156 144.559 1.00005 4.97871 0.0446532 0.14968 0.248756 0.238586
ENSG00000243250.1 11 112106748 112106748 - 5 -378693 11_internal_9264 11 112485441 112492412 156 172.895 1.00002 5.63897 0.268621 0.0883398 0.771144 0.793623
ENSG00000268472.1 11 112130988 112130988 + 5 49646 11_internal_8153 11 112180634 112193947 156 168.05 1.00003 5.43363 0.0321428 0.166533 0.169154 0.134046
ENSG00000188771.3 11 112131583 112131583 - 5 -31745 11_internal_8521 11 112163328 112169994 156 167.091 0.997403 5.71319 0.0545289 0.150749 0.248756 0.23966
ENSG00000213234.4 11 112139094 112139094 - 5 -41540 11_internal_8153 11 112180634 112193947 156 163.236 0.999979 4.7829 0.00972081 0.198552 0.0696517 0.0384665
ENSG00000250303.2 11 112141472 112141472 + 5 21856 11_internal_8521 11 112163328 112169994 156 137.292 0.999939 4.34759 0.00234142 0.226329 0.0298507 0.0186275
ENSG00000149294.11 11 112831997 112831997 + 5 -360080 11_internal_9134 11 112458981 112471917 156 183.163 0.999997 6.05666 5.55974e-05 0.305604 0.00497512 7.57247e-05
ENSG00000149292.11 11 113185251 113185251 + 8 844267 11_internal_9325 11 114029518 114055641 156 167.136 0.994853 9.38485 0.337281 0.0773832 0.9801 0.973666
ENSG00000166682.6 11 113577095 113577095 - 4 -452423 11_internal_9325 11 114029518 114055641 156 146.966 0.999952 3.98686 0.156429 -0.112941 0.532338 0.522001
ENSG00000256091.1 11 113582442 113582442 + 4 352795 11_internal_12036 11 113935237 113998762 156 160.951 0.99997 4.20871 0.101825 0.130079 0.363184 0.347705
ENSG00000243353.1 11 113622008 113622008 - 4 -407510 11_internal_9325 11 114029518 114055641 156 158.696 0.999966 4.20796 0.236266 -0.0920884 0.666667 0.671145
ENSG00000257070.1 11 113640382 113640382 + 4 389136 11_internal_9325 11 114029518 114055641 156 204.171 1.00004 5.25596 0.331289 -0.0788889 0.781095 0.803433
ENSG00000256603.1 11 113642413 113642413 - 4 -387105 11_internal_9325 11 114029518 114055641 156 156.899 0.999958 3.90125 0.00268938 0.238361 0.0199005 0.0101608
ENSG00000086827.4 11 113644533 113644533 - 4 -384985 11_internal_9325 11 114029518 114055641 156 142.228 1.00002 3.40443 0.233405 -0.0915663 0.651741 0.63336
ENSG00000256850.1 11 113657508 113657508 - 4 -406109 11_internal_8572 11 114063617 114079930 156 166.222 1.00003 3.90222 0.291361 -0.0840884 0.711443 0.716468
ENSG00000256167.1 11 113659953 113659953 + 4 363057 11_internal_8595 11 114023010 114055272 156 154.705 0.999945 3.85297 0.113921 -0.12489 0.338308 0.376654
ENSG00000256452.1 11 113688799 113688799 + 4 374818 11_internal_8572 11 114063617 114079930 156 181.487 0.99998 4.56243 0.110495 0.120806 0.358209 0.333571
ENSG00000255710.2 11 113692607 113692607 - 4 -371010 11_internal_8572 11 114063617 114079930 156 146.951 1.00002 3.51609 0.0147373 0.189251 0.0696517 0.0616824
ENSG00000048028.7 11 113746292 113746292 - 4 -276718 11_internal_8595 11 114023010 114055272 156 155.055 1.00005 3.72359 0.195615 -0.101005 0.522388 0.55816
ENSG00000109906.9 11 113930315 113930315 + 4 92695 11_internal_8595 11 114023010 114055272 156 165.491 1.00003 3.82958 0.000177844 0.291646 0.00497512 0.000431787
ENSG00000221112.1 11 113957651 113957651 - 4 -65359 11_internal_8595 11 114023010 114055272 156 144.056 0.999949 3.30928 0.0340896 0.168592 0.144279 0.131638
ENSG00000256947.1 11 114227293 114227293 - 4 171652 11_internal_9325 11 114029518 114055641 156 164.379 1.00004 4.55429 0.00256583 0.23432 0.00497512 0.00891097
ENSG00000076053.6 11 114270752 114270752 + 4 -271990 11_internal_12036 11 113935237 113998762 156 153.806 0.999978 4.12558 0.00168056 -0.242842 0.00497512 0.00745828
ENSG00000180425.6 11 114271233 114271233 - 4 215961 11_internal_8595 11 114023010 114055272 156 164.866 1.00004 3.53765 0.433023 -0.0604673 0.860697 0.854596
ENSG00000255663.1 11 114271404 114271404 + 4 -272642 11_internal_12036 11 113935237 113998762 156 178.105 1.00001 3.9653 6.11736e-06 -0.341496 0.00497512 5.33114e-06
ENSG00000076043.5 11 114310108 114310108 + 4 -254467 11_internal_9325 11 114029518 114055641 156 151.155 0.999981 3.85387 0.137729 0.116901 0.442786 0.450808
ENSG00000182985.9 11 115375675 115375675 - 1 -366259 11_internal_8569 11 115741934 115784507 156 152.755 1.00003 1.11937 0.680917 -0.0331232 0.726368 0.724673
ENSG00000246100.2 11 115631345 115631345 - 2 -110589 11_internal_8569 11 115741934 115784507 156 143.493 1.00001 2.13867 4.78781e-11 0.504275 0.00497512 6.06975e-10
ENSG00000137656.7 11 116643704 116643704 - 5 -132290 11_internal_12022 11 116775994 116968581 156 144.94 0.999972 4.50799 0.0263418 -0.170018 0.129353 0.137584
ENSG00000226645.1 11 116644105 116644105 + 5 -17644 11_internal_9745 11 116620828 116626461 156 135.967 0.999974 4.80684 0.00717663 0.208651 0.0547264 0.0568157
ENSG00000231611.1 11 116646592 116646592 - 5 -148205 11_internal_7614 11 116794797 116862527 156 167.045 1.00001 5.07241 0.0601501 -0.148719 0.223881 0.236216
ENSG00000109917.6 11 116658766 116658766 - 5 874259 11_internal_8569 11 115741934 115784507 156 143.797 1.00002 5.15106 0.491489 -0.0529576 0.970149 0.974369
ENSG00000235910.1 11 116706833 116706833 + 6 -80372 11_internal_9745 11 116620828 116626461 156 159.93 0.99512 6.69864 0.226885 0.0971072 0.820896 0.813741
ENSG00000118137.5 11 116708666 116708666 - 6 -67328 11_internal_12022 11 116775994 116968581 156 155.101 1.1504 6.97964 0.0189653 0.191053 0.0746269 0.0884218
ENSG00000231865.1 11 116761437 116761437 - 6 134976 11_internal_9745 11 116620828 116626461 156 154.477 0.986895 5.56005 0.028869 0.177037 0.149254 0.158612
ENSG00000264344.1 11 116886245 116886245 - 7 259784 11_internal_9745 11 116620828 116626461 156 154.37 1.02493 6.91863 0.0425103 0.155321 0.258706 0.254923
ENSG00000200537.1 11 116886613 116886613 + 7 0 11_internal_7638 11 116863255 116970794 156 169.513 0.942651 7.24834 0.0330777 0.16265 0.20398 0.197459
ENSG00000234268.1 11 116906767 116906767 - 7 -910356 11_internal_7723 11 117817123 117924752 156 141.939 1.11097 7.09611 0.0909664 0.133976 0.542289 0.503551
ENSG00000160584.11 11 116969153 116969153 - 7 0 11_internal_7638 11 116863255 116970794 156 144.879 0.994613 6.09991 0.00175776 0.239574 0.0149254 0.0159847
ENSG00000224077.1 11 116969703 116969703 + 7 -107176 11_internal_7614 11 116794797 116862527 156 145.153 1.03765 6.47532 0.0562437 0.147869 0.353234 0.338359
ENSG00000254678.1 11 117014907 117014907 - 7 -802216 11_internal_7723 11 117817123 117924752 156 139.288 1.00001 5.53651 0.204092 -0.100764 0.80597 0.765103
ENSG00000168092.9 11 117014983 117014983 + 7 677462 11_internal_9934 11 117692445 117702647 156 179.948 0.983299 7.61048 0.266771 -0.0848398 0.870647 0.870365
ENSG00000149577.10 11 117049449 117049449 + 7 -78655 11_internal_7638 11 116863255 116970794 156 163.632 0.99732 7.74977 0.00406381 -0.229286 0.0248756 0.025201
ENSG00000149591.12 11 117070037 117070037 + 7 -99243 11_internal_7638 11 116863255 116970794 156 188.967 0.913799 9.84759 0.00311124 -0.236405 0.0199005 0.0168788
ENSG00000160613.8 11 117103241 117103241 - 7 476780 11_internal_9745 11 116620828 116626461 156 144.909 1.02586 6.80313 0.0684414 0.146164 0.452736 0.417142
ENSG00000167257.6 11 117103341 117103341 + 7 713782 11_internal_7723 11 117817123 117924752 156 139.958 0.999929 5.52926 0.12952 0.121155 0.61194 0.595788
ENSG00000265969.1 11 117166263 117166263 - 8 195469 11_internal_7638 11 116863255 116970794 156 166.771 0.994403 8.03518 0.175697 -0.107666 0.751244 0.758797
ENSG00000110274.9 11 117185273 117185273 + 10 669697 11_internal_8448 11 117854970 117924454 156 156.32 0.928456 9.31291 0.0194255 0.184168 0.18408 0.193016
ENSG00000186318.11 11 117186975 117186975 - 10 -986419 11_internal_7483 11 118173394 118221669 156 143.934 1.09486 9.22795 0.0841369 -0.138195 0.577114 0.570767
ENSG00000254844.3 11 117689158 117689158 + 11 484236 11_internal_7483 11 118173394 118221669 156 157.6 1.09249 11.5803 0.0174267 0.184327 0.149254 0.147406
ENSG00000251594.1 11 117690134 117690134 - 11 719340 11_internal_7638 11 116863255 116970794 156 157.204 1.05077 11.9107 0.154679 -0.11129 0.880597 0.850829
ENSG00000137731.8 11 117699413 117699413 - 11 -117710 11_internal_7723 11 117817123 117924752 156 164.501 0.953785 12.4383 0.190683 0.100809 0.915423 0.920563
ENSG00000254528.2 11 117704434 117704434 + 11 150536 11_internal_8448 11 117854970 117924454 156 189.5 0.914397 13.3893 0.0312574 0.172122 0.253731 0.247915
ENSG00000255245.2 11 117747382 117747382 - 12 776588 11_internal_7638 11 116863255 116970794 156 154.705 1.06676 12.6478 0.0263118 -0.175258 0.263682 0.263274
ENSG00000137726.11 11 117748201 117748201 - 12 -106769 11_internal_8448 11 117854970 117924454 156 160.464 1.00328 11.3554 0.0800365 0.137426 0.61194 0.59015
ENSG00000137747.10 11 117800174 117800174 - 12 937647 11_internal_7614 11 116794797 116862527 156 149.251 1.02102 10.2571 0.00936302 -0.201316 0.114428 0.101915
ENSG00000110324.5 11 117857063 117857063 + 13 -888482 11_internal_12022 11 116775994 116968581 156 152.694 1.13954 13.3243 0.0984784 0.122271 0.726368 0.716506
ENSG00000177098.4 11 118023603 118023603 - 12 -715109 11_internal_7557 11 118738712 118772472 156 146.509 0.943537 9.61705 0.0523619 -0.15014 0.492537 0.476345
ENSG00000255163.1 11 118079926 118079926 - 12 -479898 11_internal_8082 11 118559824 118802276 156 146.204 0.970796 12.092 0.0130727 0.199831 0.218905 0.191212
ENSG00000160593.13 11 118095809 118095809 - 12 -77126 11_internal_8096 11 118172935 118210046 156 156.457 1.04576 12.5826 0.002496 0.234927 0.0298507 0.0255487
ENSG00000160588.5 11 118123065 118123065 - 13 -28876 11_internal_10779 11 118151941 118167634 156 156.122 1.26467 17.2465 0.165462 -0.10493 0.925373 0.930519
ENSG00000149573.3 11 118135251 118135251 - 13 210797 11_internal_8448 11 117854970 117924454 156 155.711 0.961267 12.1047 0.0905442 -0.130186 0.681592 0.699097
ENSG00000198851.5 11 118175260 118175260 + 14 0 11_internal_7483 11 118173394 118221669 156 171.173 1.01098 15.7734 1.95445e-05 0.337951 0.00497512 0.000109446
ENSG00000167286.5 11 118213459 118213459 - 14 0 11_internal_7483 11 118173394 118221669 156 141.086 1.08818 11.2869 0.000823136 0.268745 0.00497512 0.0110715
ENSG00000160654.5 11 118215059 118215059 + 14 0 11_internal_7483 11 118173394 118221669 156 140.476 1.16371 13.8694 0.0001777 0.298351 0.00497512 0.00204627
ENSG00000110344.5 11 118230300 118230300 + 14 508412 11_internal_7557 11 118738712 118772472 156 177.145 0.877559 15.1334 0.0538529 -0.151801 0.477612 0.520711
ENSG00000167283.3 11 118271869 118271869 + 14 -50200 11_internal_7483 11 118173394 118221669 156 146.722 1.0379 11.893 0.0253935 -0.172991 0.288557 0.288592
ENSG00000254873.1 11 118272610 118272610 - 14 -287214 11_internal_8082 11 118559824 118802276 156 129.096 1.19579 11.3772 0.008816 0.205655 0.109453 0.118853
ENSG00000118058.15 11 118307205 118307205 + 14 -382751 11_internal_8448 11 117854970 117924454 156 146.402 0.987032 12.7061 0.021775 -0.189325 0.328358 0.292745
ENSG00000172425.6 11 118398187 118398187 + 14 411657 11_internal_8609 11 118809844 118827736 156 185.966 0.897405 17.6844 0.0758422 -0.141154 0.656716 0.659324
ENSG00000149582.10 11 118401756 118401756 + 14 465214 11_internal_8327 11 118866970 118993417 156 148.337 0.979134 13.1476 0.130039 -0.116363 0.890547 0.866559
ENSG00000255435.2 11 118401809 118401809 - 14 180140 11_internal_7483 11 118173394 118221669 156 159.809 0.918836 13.4768 0.0359389 0.168842 0.412935 0.410347
ENSG00000243431.1 11 118431405 118431405 + 14 128825 11_internal_7693 11 118560230 118577236 156 178.455 0.991865 16.0379 0.0942039 -0.137301 0.696517 0.708511
ENSG00000095139.7 11 118443105 118443105 + 14 -233059 11_internal_8096 11 118172935 118210046 156 144.513 0.982401 11.7718 0.054601 -0.155507 0.547264 0.551087
ENSG00000118096.3 11 118443685 118443685 - 14 276051 11_internal_10779 11 118151941 118167634 156 159.169 0.839273 11.2023 0.0342126 0.168164 0.38806 0.389054
ENSG00000207185.1 11 118464703 118464703 + 14 -540249 11_internal_8448 11 117854970 117924454 156 132.295 1.11608 12.2708 0.0394109 0.166043 0.507463 0.466486
ENSG00000019144.12 11 118477155 118477155 + 14 -552403 11_internal_7723 11 117817123 117924752 156 162.383 0.993776 15.7397 0.021283 0.181915 0.283582 0.2608
ENSG00000255422.1 11 118575316 118575316 + 14 0 11_internal_7693 11 118560230 118577236 156 143.934 0.97798 11.0526 2.25902e-07 0.398862 0.00497512 9.59134e-06
ENSG00000110367.6 11 118661858 118661858 - 14 -76854 11_internal_7557 11 118738712 118772472 156 179.141 0.886767 13.3831 0.00102566 0.267797 0.0248756 0.0107749
ENSG00000160683.4 11 118754475 118754475 + 13 0 11_internal_8082 11 118559824 118802276 156 144.909 0.994872 9.74499 8.01546e-05 0.299077 0.00497512 0.00145611
ENSG00000245869.2 11 118758451 118758451 - 13 0 11_internal_8082 11 118559824 118802276 156 154.614 1.06918 12.8047 8.14963e-07 0.372944 0.00497512 5.17635e-06
ENSG00000110375.2 11 118795873 118795873 + 13 -585827 11_internal_8096 11 118172935 118210046 156 169.894 1.01454 16.2599 0.0460121 -0.153582 0.462687 0.454043
ENSG00000186174.6 11 118796317 118796317 - 13 0 11_internal_8082 11 118559824 118802276 156 158.224 0.971919 11.8304 4.80744e-05 0.307985 0.00497512 0.000627918
ENSG00000255121.2 11 118868714 118868714 - 13 96242 11_internal_7557 11 118738712 118772472 156 157.782 1.06268 12.1211 0.0341608 0.1688 0.283582 0.307173
ENSG00000186166.3 11 118868852 118868852 + 13 -658806 11_internal_8096 11 118172935 118210046 156 177.404 0.914436 14.0747 0.0338973 0.177843 0.313433 0.326548
ENSG00000240970.1 11 118874156 118874156 - 13 949702 11_internal_8448 11 117854970 117924454 156 172.301 0.927374 12.8222 0.128993 0.120539 0.78607 0.799358
ENSG00000254428.1 11 118875603 118875603 - 13 -60016 11_internal_8353 11 118935619 118989116 156 141.025 1.02485 11.1823 0.0834692 -0.138269 0.691542 0.682325
ENSG00000254909.1 11 118876644 118876644 - 13 709010 11_internal_10779 11 118151941 118167634 156 158.179 1.01934 13.9071 0.0800373 -0.136343 0.676617 0.66899
ENSG00000196655.5 11 118889142 118889142 + 13 -667473 11_internal_7483 11 118173394 118221669 156 158.3 1.02273 15.0851 0.278546 -0.0844659 0.995025 0.99179
ENSG00000118181.5 11 118889401 118889401 - 13 679355 11_internal_8096 11 118172935 118210046 156 158.255 1.04039 14.078 0.011847 0.188488 0.154229 0.134288
ENSG00000266398.1 11 118889654 118889654 + 13 0 11_internal_8327 11 118866970 118993417 156 180.68 0.927505 15.836 0.347883 -0.0731479 1 0.99776
ENSG00000137700.10 11 118901616 118901616 - 13 129144 11_internal_7557 11 118738712 118772472 156 143.797 1.04485 10.779 0.038553 0.166644 0.383085 0.383996
ENSG00000255114.1 11 118914899 118914899 + 13 -337663 11_internal_7693 11 118560230 118577236 156 158.346 0.981262 12.0742 0.00691495 -0.209905 0.0746269 0.0800569
ENSG00000149428.14 11 118927913 118927913 - 11 -177921 11_internal_7733 11 119105834 119140641 156 174.236 0.949261 11.3648 0.0843521 -0.138912 0.572139 0.574579
ENSG00000160695.9 11 118938403 118938403 + 11 -361167 11_internal_7693 11 118560230 118577236 156 168.553 0.952205 11.6416 0.18378 0.103837 0.930348 0.889776
ENSG00000256269.2 11 118955576 118955576 + 11 150258 11_internal_7733 11 119105834 119140641 156 138.45 0.975666 7.61715 0.0735088 -0.146423 0.542289 0.53119
ENSG00000188486.3 11 118966177 118966177 - 11 756131 11_internal_8096 11 118172935 118210046 156 155.01 0.987494 9.78033 0.219662 -0.102364 0.900498 0.915006
ENSG00000172375.8 11 118972908 118972908 + 11 0 11_internal_8353 11 118935619 118989116 156 150.836 1.10563 13.3365 0.00931184 0.203152 0.0945274 0.102407
ENSG00000172269.12 11 118979041 118979041 - 11 176765 11_internal_8082 11 118559824 118802276 156 174.251 0.918779 12.4086 0.0114451 0.198454 0.119403 0.111768
ENSG00000172273.8 11 118992297 118992297 + 11 -3181 11_internal_8353 11 118935619 118989116 156 143.051 1.05156 10.4395 0.0382583 -0.164661 0.363184 0.372773
ENSG00000160703.10 11 119037277 119037277 + 11 -48161 11_internal_8353 11 118935619 118989116 156 161.957 1.07219 11.4111 0.113815 0.123176 0.716418 0.700099
ENSG00000172367.11 11 119056166 119056166 + 12 -478930 11_internal_7693 11 118560230 118577236 156 158.971 0.933591 11.5339 0.0401733 0.170135 0.422886 0.395097
ENSG00000248712.3 11 119067479 119067479 - 12 845810 11_internal_7483 11 118173394 118221669 156 172.636 0.907639 11.8839 0.119287 0.120199 0.771144 0.75139
ENSG00000110395.3 11 119076752 119076752 + 12 -304280 11_internal_7557 11 118738712 118772472 156 148.505 1.01227 10.7285 0.0303716 0.174753 0.298507 0.309449
ENSG00000222249.1 11 119160387 119160387 - 12 358111 11_internal_8082 11 118559824 118802276 156 148.368 1.11548 10.7738 0.0701781 0.145117 0.542289 0.530255
ENSG00000076706.8 11 119191799 119191799 - 11 614563 11_internal_7693 11 118560230 118577236 156 176.14 0.884693 11.6146 0.0165133 0.193189 0.154229 0.157694
ENSG00000173456.4 11 119205237 119205237 + 12 -628001 11_internal_7693 11 118560230 118577236 156 150.79 0.905025 10.7968 0.0139608 -0.204555 0.18408 0.192521
ENSG00000245385.2 11 119208019 119208019 - 12 405743 11_internal_8082 11 118559824 118802276 156 167.197 1.11785 14.048 0.0217392 0.185882 0.174129 0.176003
ENSG00000254740.1 11 119251452 119251452 + 10 -110811 11_internal_7733 11 119105834 119140641 156 172.225 0.949926 11.1788 0.139487 0.115723 0.766169 0.777691
ENSG00000036672.10 11 119252436 119252436 - 10 675200 11_internal_7693 11 118560230 118577236 156 174.022 0.90301 11.2381 0.18396 0.10116 0.880597 0.880178
ENSG00000245248.3 11 119252488 119252488 + 10 943075 11_internal_7827 11 120195563 120383068 156 163.876 0.955599 9.24337 0.0712768 0.149426 0.487562 0.481238
ENSG00000255247.1 11 119580630 119580630 + 9 -587213 11_internal_8327 11 118866970 118993417 156 147.575 1.13756 9.8805 0.200725 -0.101664 0.895522 0.884536
ENSG00000110400.5 11 119599794 119599794 - 9 797518 11_internal_8082 11 118559824 118802276 156 148.825 1.0083 8.39785 0.0235339 0.177286 0.218905 0.202013
ENSG00000184232.3 11 120081475 120081475 + 4 114088 11_internal_7827 11 120195563 120383068 156 153.304 0.999989 3.80145 0.0127695 -0.202363 0.0547264 0.0506147
ENSG00000137709.4 11 120107349 120107349 + 4 -953116 11_internal_10598 11 119143742 119154233 156 155.771 0.999995 3.64985 0.0698399 0.146304 0.228856 0.232836
ENSG00000259541.1 11 120136641 120136641 - 4 92470 11_internal_8046 11 120038920 120044171 156 177.084 1.00001 4.86777 0.172556 0.107308 0.547264 0.536345
ENSG00000196914.4 11 120207787 120207787 + 2 0 11_internal_7827 11 120195563 120383068 156 135.677 1.00004 1.8977 0.0178397 0.186358 0.0696517 0.0509698
ENSG00000269601.1 11 120330047 120330047 - 5 -932441 11_internal_9554 11 121262488 121277833 156 157.371 1.00002 4.84956 0.131718 0.11916 0.492537 0.491098
ENSG00000154114.8 11 120894781 120894781 + 5 347728 11_internal_11410 11 121242509 121294697 156 185.981 0.945769 6.35878 0.0364121 0.171226 0.129353 0.151523
ENSG00000109927.5 11 120971882 120971882 + 5 310623 11_internal_8538 11 121282505 121367348 156 164.379 0.99999 5.07927 0.0795053 -0.138356 0.318408 0.315196
ENSG00000109929.5 11 121163162 121163162 + 4 79347 11_internal_11410 11 121242509 121294697 156 149.693 0.999946 3.79897 0.333411 -0.0788556 0.791045 0.797757
ENSG00000137642.7 11 121322912 121322912 + 4 0 11_internal_8538 11 121282505 121367348 156 166.314 1.00001 4.32365 0.000595083 0.278802 0.00497512 0.00169055
ENSG00000246790.2 11 121323722 121323722 - 4 0 11_internal_8538 11 121282505 121367348 156 151.399 0.999997 4.02032 0.0402765 0.166908 0.144279 0.163197
ENSG00000154127.5 11 122526383 122526383 + 7 0 11_internal_12131 11 122525509 122628348 156 179.522 0.938153 6.93945 2.25826e-05 0.323922 0.00995025 7.24106e-05
ENSG00000239079.1 11 122597019 122597019 - 7 0 11_internal_9041 11 122524538 122630495 156 161.043 1.0147 6.95947 0.10257 0.127318 0.502488 0.502304
ENSG00000109943.4 11 122709208 122709208 + 7 3943 11_internal_7898 11 122713151 122725027 156 149.921 0.926867 5.6382 0.000637533 0.269465 0.0248756 0.00695836
ENSG00000109944.5 11 122753391 122753391 + 7 -122896 11_internal_9041 11 122524538 122630495 156 179.05 0.882755 7.8075 0.00850652 0.200618 0.0646766 0.0564632
ENSG00000254944.1 11 122831035 122831035 + 7 467838 11_internal_9608 11 123298873 123346701 156 158.087 0.911649 6.07941 0.0110154 0.198534 0.0945274 0.0815756
ENSG00000233541.4 11 122921869 122921869 + 7 -197814 11_internal_8771 11 122702974 122724055 156 154.522 1.07944 7.3297 0.107748 0.127923 0.60199 0.53808
ENSG00000200879.1 11 122928869 122928869 - 7 -24298 11_internal_8651 11 122953167 122972520 156 157.005 0.98529 6.35263 0.0694249 0.144235 0.353234 0.369849
ENSG00000207118.1 11 122929703 122929703 - 7 204676 11_internal_7898 11 122713151 122725027 156 154.507 0.916232 5.6629 0.275063 0.0841705 0.865672 0.859679
ENSG00000202252.1 11 122930130 122930130 - 7 -26282 11_internal_7710 11 122956412 123104947 156 156.411 1.001 7.42218 0.324206 0.0803808 0.935323 0.944964
ENSG00000109971.8 11 122933938 122933938 - 7 305590 11_internal_12131 11 122525509 122628348 156 163.236 0.939602 6.7193 0.135524 -0.121078 0.631841 0.623552
ENSG00000166250.7 11 123065989 123065989 - 7 341934 11_internal_8771 11 122702974 122724055 156 145.793 0.963614 5.87721 0.171349 0.110911 0.706468 0.714782
ENSG00000254667.1 11 123301058 123301058 + 7 0 11_internal_9608 11 123298873 123346701 156 146.448 0.987429 5.59224 3.31388e-08 0.4162 0.00497512 5.87555e-07
ENSG00000255414.1 11 123325106 123325106 + 7 0 11_internal_9608 11 123298873 123346701 156 149.205 1.02073 6.75432 1.32913e-10 0.493076 0.00497512 1.4841e-09
ENSG00000023171.10 11 123396344 123396344 + 7 -49643 11_internal_9608 11 123298873 123346701 156 160.418 0.883836 6.12425 1.5416e-16 0.590511 0.00497512 2.28884e-14
ENSG00000254449.1 11 123470160 123470160 - 7 123459 11_internal_9608 11 123298873 123346701 156 150.013 1.00001 6.18427 0.00432541 0.228218 0.0348259 0.0313842
ENSG00000166257.4 11 123525952 123525952 - 7 179251 11_internal_9608 11 123298873 123346701 156 155.436 1.02205 6.62653 1.74087e-08 0.430544 0.00497512 8.5499e-08
ENSG00000166261.6 11 123612383 123612383 - 7 887356 11_internal_7898 11 122713151 122725027 156 186.286 0.961497 8.06992 0.00162586 0.254335 0.00995025 0.00574622
ENSG00000110002.10 11 123986069 123986069 + 2 -639368 11_internal_9608 11 123298873 123346701 156 149.617 0.999994 1.88177 0.0176478 -0.186461 0.0497512 0.0375645
ENSG00000181214.6 11 124095437 124095437 + 3 -990490 11_internal_7710 11 122956412 123104947 156 137.978 1.00001 2.66687 0.0627444 -0.150874 0.179104 0.199714
ENSG00000154143.2 11 124481386 124481386 + 1 552602 11_internal_8517 11 125033988 125366692 156 133.636 0.999971 0.930044 0.161954 0.10844 0.179104 0.183309
ENSG00000154144.8 11 124492732 124492732 + 1 541256 11_internal_8517 11 125033988 125366692 156 145.686 0.999974 1.14209 0.830549 0.0174181 0.860697 0.873318
ENSG00000200278.1 11 124506355 124506355 + 1 527633 11_internal_8517 11 125033988 125366692 156 212.047 1.00001 0.916946 0.331763 0.0786154 0.233831 0.239016
ENSG00000064199.2 11 124543694 124543694 + 1 490294 11_internal_8517 11 125033988 125366692 156 155.832 0.999986 0.999621 0.345374 -0.0761686 0.358209 0.345534
ENSG00000110013.8 11 124565603 124565603 - 1 -468385 11_internal_8517 11 125033988 125366692 156 148.931 0.999989 0.852452 0.540599 0.0498728 0.502488 0.493686
ENSG00000154146.6 11 124609829 124609829 + 1 424159 11_internal_8517 11 125033988 125366692 156 200.926 1.00001 1.19912 0.734632 0.0277538 0.776119 0.764287
ENSG00000255045.1 11 124616233 124616233 - 1 -417755 11_internal_8517 11 125033988 125366692 156 187.23 1.00003 1.15809 0.907579 -0.00989978 0.945274 0.929517
ENSG00000019102.7 11 124622134 124622134 - 1 -411854 11_internal_8517 11 125033988 125366692 156 122.286 0.99997 0.904849 0.994868 -0.000525161 0.995025 0.992412
ENSG00000250073.2 11 124629025 124629025 + 1 404963 11_internal_8517 11 125033988 125366692 156 172.255 1.00002 1.21917 0.632717 -0.0401903 0.686567 0.688146
ENSG00000149564.7 11 124632186 124632186 - 1 -401802 11_internal_8517 11 125033988 125366692 156 192.197 1 1.20089 0.898109 -0.0100639 0.920398 0.927033
ENSG00000254509.1 11 124661124 124661124 + 1 372864 11_internal_8517 11 125033988 125366692 156 150.241 1.00002 0.939842 0.116031 0.125176 0.119403 0.116049
ENSG00000245498.2 11 124670346 124670346 + 1 363642 11_internal_8517 11 125033988 125366692 156 168.462 1.00001 1.02863 0.920053 -0.00840141 0.910448 0.922634
ENSG00000120458.5 11 124670569 124670569 - 1 -363419 11_internal_8517 11 125033988 125366692 156 159.961 1.00002 0.986578 0.459241 -0.0564755 0.457711 0.44912
ENSG00000254941.1 11 124678165 124678165 - 1 -355823 11_internal_8517 11 125033988 125366692 156 163.968 0.999995 0.977721 0.799732 0.0207579 0.78607 0.787408
ENSG00000154134.10 11 124735282 124735282 + 1 298706 11_internal_8517 11 125033988 125366692 156 185.143 0.999983 1.11003 0.370336 0.0719304 0.333333 0.357795
ENSG00000154133.9 11 124768396 124768396 - 1 -265592 11_internal_8517 11 125033988 125366692 156 161.698 0.999995 0.835899 0.585702 -0.0451662 0.527363 0.514701
ENSG00000149548.9 11 124824017 124824017 + 1 209971 11_internal_8517 11 125033988 125366692 156 141.253 0.999967 0.867314 0.98993 0.00102725 0.985075 0.982249
ENSG00000134955.7 11 124932963 124932963 + 2 999684 11_internal_8732 11 125932647 125955324 156 191.999 1.00003 2.14784 0.149335 0.106436 0.238806 0.22062
ENSG00000203306.3 11 124958377 124958377 + 2 974270 11_internal_8732 11 125932647 125955324 156 160.646 0.999971 2.07308 0.0962762 0.126891 0.189055 0.180295
ENSG00000150433.5 11 124981659 124981659 - 2 -52329 11_internal_8517 11 125033988 125366692 156 128.334 1.00001 1.78915 0.36409 -0.073183 0.646766 0.611592
ENSG00000187686.4 11 124983057 124983057 + 2 949590 11_internal_8732 11 125932647 125955324 156 138.359 1.00001 1.94828 0.608596 -0.0410066 0.865672 0.855641
ENSG00000149557.7 11 125366213 125366213 - 3 -566434 11_internal_8732 11 125932647 125955324 156 144.148 0.999972 2.62075 0.354857 0.0720291 0.746269 0.706845
ENSG00000149547.9 11 125439112 125439112 + 3 894478 11_internal_11346 11 126333590 126348613 156 154.05 0.999984 2.85954 0.199567 0.0999947 0.507463 0.476242
ENSG00000134910.7 11 125461607 125461607 + 3 -94915 11_internal_8517 11 125033988 125366692 156 158.696 0.999951 3.12064 0.0810381 0.138883 0.228856 0.225062
ENSG00000254671.1 11 125462473 125462473 - 3 -871117 11_internal_11346 11 126333590 126348613 156 138.252 0.999982 2.77102 0.417737 0.0658977 0.80597 0.804998
ENSG00000149554.7 11 125495036 125495036 + 3 -128344 11_internal_8517 11 125033988 125366692 156 151.262 0.999985 3.15419 0.0113926 0.205529 0.0348259 0.03957
ENSG00000198331.6 11 125753509 125753509 + 3 179138 11_internal_8732 11 125932647 125955324 156 147.088 1.00001 2.65224 0.112308 -0.128966 0.323383 0.294264
ENSG00000110060.4 11 125773116 125773116 - 3 -560474 11_internal_11346 11 126333590 126348613 156 146.326 0.999963 2.84383 0.2193 0.0995293 0.527363 0.531829
ENSG00000064309.10 11 125933230 125933230 - 3 0 11_internal_8732 11 125932647 125955324 156 167.852 1.00003 3.11352 0.130443 0.120455 0.313433 0.320372
ENSG00000254694.1 11 126078922 126078922 - 3 712230 11_internal_8517 11 125033988 125366692 156 162.947 1.00001 2.81497 0.086797 0.142386 0.208955 0.20933
ENSG00000197798.4 11 126081309 126081309 + 3 252281 11_internal_11346 11 126333590 126348613 156 176.856 1.00003 3.5551 0.218888 0.0988283 0.507463 0.528078
ENSG00000165526.4 11 126081587 126081587 - 3 -252003 11_internal_11346 11 126333590 126348613 156 170.061 1.00003 3.01882 0.241143 0.0909555 0.512438 0.5294
ENSG00000240098.2 11 126114930 126114930 + 3 218660 11_internal_11346 11 126333590 126348613 156 173.002 0.999983 3.18311 0.451951 0.0587236 0.835821 0.83127
ENSG00000110074.6 11 126138950 126138950 + 3 -183626 11_internal_8732 11 125932647 125955324 156 164.47 0.999971 3.02921 0.22837 -0.0968529 0.537313 0.521738
ENSG00000182934.6 11 126139039 126139039 - 3 183715 11_internal_8732 11 125932647 125955324 156 174.936 0.999993 3.25642 0.688529 0.0324218 0.970149 0.973264
ENSG00000243607.3 11 126148472 126148472 - 3 781780 11_internal_8517 11 125033988 125366692 156 142.99 0.999987 2.85462 0.842491 0.0156465 0.995025 0.99548
ENSG00000238855.1 11 126151552 126151552 + 3 -784860 11_internal_8517 11 125033988 125366692 156 134.824 0.999969 2.53906 0.241451 0.0909062 0.557214 0.560039
ENSG00000150455.9 11 126152960 126152960 + 3 180630 11_internal_11346 11 126333590 126348613 156 157.036 1.00002 2.83382 0.133472 0.117928 0.323383 0.330857
ENSG00000254905.1 11 126164149 126164149 - 3 -169441 11_internal_11346 11 126333590 126348613 156 160.083 0.999958 2.86279 0.111936 0.12694 0.273632 0.27753
ENSG00000110063.4 11 126173647 126173647 + 3 159943 11_internal_11346 11 126333590 126348613 156 143.599 1.00003 2.92348 0.286376 0.080986 0.651741 0.656903
ENSG00000255062.1 11 126174213 126174213 - 3 -159377 11_internal_11346 11 126333590 126348613 156 151.567 1.00005 2.58161 0.160688 0.107158 0.368159 0.375625
ENSG00000110080.13 11 126225535 126225535 + 3 108055 11_internal_11346 11 126333590 126348613 156 140.263 1.00003 2.51678 0.0361008 0.165846 0.114428 0.11394
ENSG00000149571.6 11 126873355 126873355 - 2 524742 11_internal_11346 11 126333590 126348613 156 154.72 1.00004 1.98797 0.281475 0.0854675 0.472637 0.484493
ENSG00000254612.1 11 127811552 127811552 - 7 -107037 11_internal_8882 11 127918589 128630455 156 160.266 0.885637 6.2244 0.198077 -0.101384 0.756219 0.772339
ENSG00000134954.9 11 128457437 128457437 - 9 0 11_internal_11220 11 128064419 128501603 156 152.207 0.906991 7.42003 1.63224e-06 0.380063 0.00497512 4.665e-05
ENSG00000151702.11 11 128555046 128555046 + 9 0 11_internal_8882 11 127918589 128630455 156 154.431 1.03489 8.17695 0.113015 0.124964 0.626866 0.616937
ENSG00000254703.1 11 128565918 128565918 - 9 295560 11_internal_8941 11 128063326 128270358 156 193.522 0.912202 11.6518 0.00959333 0.206693 0.0646766 0.060358
ENSG00000151704.11 11 128737268 128737268 - 10 466910 11_internal_8941 11 128063326 128270358 156 140.111 0.955529 8.00319 0.196007 -0.103884 0.865672 0.872849
ENSG00000120457.6 11 128760140 128760140 + 11 -286015 11_internal_8919 11 127905376 128474125 156 143.081 1.10586 9.72761 0.10185 -0.131446 0.686567 0.663825
ENSG00000174370.5 11 128775930 128775930 - 11 -367713 11_internal_8955 11 129143643 129151435 156 149.053 1.1024 10.2943 0.0141309 -0.185393 0.114428 0.125211
ENSG00000212597.1 11 128863235 128863235 - 11 569586 11_internal_8375 11 128140556 128293649 156 160.403 0.988125 11.9578 0.00431694 -0.207805 0.0597015 0.0464061
ENSG00000206847.1 11 128900354 128900354 + 11 -971286 11_internal_7986 11 127914541 127929068 156 151.216 0.984628 10.6158 0.135658 0.11771 0.800995 0.807087
ENSG00000199260.1 11 129072861 129072861 + 9 -442406 11_internal_8882 11 127918589 128630455 156 158.849 1.01435 8.27448 0.110511 -0.123891 0.626866 0.602994
ENSG00000134909.13 11 129149219 129149219 - 10 0 11_internal_8955 11 129143643 129151435 156 158.316 0.978796 10.2508 2.37594e-05 0.332239 0.00497512 0.000255375
ENSG00000151715.3 11 129685714 129685714 + 5 0 11_internal_8934 11 129659284 129738502 156 162.322 1.00252 5.51558 2.90225e-05 0.312988 0.00497512 0.000107588
ENSG00000170322.9 11 129765485 129765485 - 5 26983 11_internal_8934 11 129659284 129738502 156 189.226 0.964208 5.67394 0.0309925 0.169118 0.104478 0.104719
ENSG00000170325.10 11 129872730 129872730 - 5 721295 11_internal_8955 11 129143643 129151435 156 167.989 1.00003 4.80106 0.0797422 -0.145025 0.283582 0.290499
ENSG00000233220.3 11 129872833 129872833 + 5 -721398 11_internal_8955 11 129143643 129151435 156 152.572 1.00004 4.44306 0.0611911 -0.146669 0.268657 0.255018
ENSG00000267981.1 11 129936836 129936836 + 5 -690318 11_internal_10980 11 129117007 129246518 156 172.986 0.97214 5.86957 0.0969028 0.138915 0.378109 0.401659
ENSG00000084234.11 11 129939732 129939732 + 5 -201230 11_internal_8934 11 129659284 129738502 156 160.525 1.00005 5.00344 0.0288147 0.168003 0.149254 0.126099
ENSG00000215565.2 11 129952103 129952103 + 5 -213601 11_internal_8934 11 129659284 129738502 156 171.92 0.961473 5.62354 0.0404772 0.164974 0.189055 0.178388
ENSG00000244451.1 11 129952676 129952676 - 5 706158 11_internal_10980 11 129117007 129246518 156 155.436 1.00005 4.97845 0.00557664 0.222059 0.0298507 0.0278732
ENSG00000149418.5 11 130029457 130029457 + 5 -290955 11_internal_8934 11 129659284 129738502 156 124.632 1.00006 4.14384 0.0721317 0.138828 0.373134 0.377555
ENSG00000255358.1 11 130155728 130155728 - 4 909210 11_internal_10980 11 129117007 129246518 156 170.214 0.999998 4.82995 0.200958 0.0996863 0.621891 0.620026
ENSG00000255220.1 11 130165536 130165536 + 4 -919018 11_internal_10980 11 129117007 129246518 156 161.027 1 3.6689 0.0208863 0.183799 0.0696517 0.0676853
ENSG00000239421.2 11 130180075 130180075 + 4 -441573 11_internal_8934 11 129659284 129738502 156 165.43 0.99997 4.53449 0.164128 -0.111244 0.522388 0.526244
ENSG00000175773.7 11 130184419 130184419 + 4 -417788 11_internal_8210 11 129757826 129766631 156 137.688 0.999968 3.7323 0.661637 -0.0355653 0.985075 0.985943
ENSG00000196323.6 11 130184581 130184581 - 4 446079 11_internal_8934 11 129659284 129738502 156 164.973 1.00001 3.77725 0.0417627 0.158334 0.134328 0.130274
ENSG00000254842.2 11 130735456 130735456 - 3 600987 11_internal_9351 11 130129835 130134469 156 162.277 0.999956 3.5944 0.314396 0.0782782 0.771144 0.729353
ENSG00000255455.2 11 130740142 130740142 - 2 973511 11_internal_8210 11 129757826 129766631 156 139.76 0.999971 2.13962 0.192781 -0.102716 0.412935 0.408736
ENSG00000120451.6 11 130786404 130786404 - 1 651935 11_internal_9351 11 130129835 130134469 156 152.709 0.99999 1.03228 0.21854 0.0982504 0.228856 0.229796
ENSG00000080854.9 11 133826880 133826880 - 3 0 11_internal_9092 11 133797599 133905367 156 167.837 1.00002 3.10707 0.0426244 0.164313 0.0895522 0.106096
ENSG00000166086.7 11 133938820 133938820 + 3 -33453 11_internal_9092 11 133797599 133905367 156 156 1.00002 3.28972 0.1385 0.120147 0.378109 0.387629
ENSG00000254481.1 11 133994224 133994224 - 3 86237 11_internal_9551 11 133903389 133907987 156 155.711 0.999991 3.043 0.59888 -0.0433289 0.940299 0.938108
ENSG00000254616.1 11 134042990 134042990 + 3 -137623 11_internal_9092 11 133797599 133905367 156 157.98 0.999994 3.0295 0.37253 0.0705525 0.751244 0.75275
ENSG00000255348.1 11 134048719 134048719 + 3 -150175 11_internal_10853 11 133798148 133898544 156 172.301 0.999957 3.2968 0.135099 0.121583 0.308458 0.334682
ENSG00000151502.5 11 134094539 134094539 + 3 -195995 11_internal_10853 11 133798148 133898544 156 162.566 0.999996 2.86463 0.0580616 -0.146451 0.139303 0.144467
ENSG00000151503.7 11 134095348 134095348 - 3 189981 11_internal_9092 11 133797599 133905367 156 188.754 1.00002 3.46353 0.0401753 0.158435 0.139303 0.0805709
ENSG00000151500.9 11 134123285 134123285 - 3 217918 11_internal_9092 11 133797599 133905367 156 148.703 1.00001 3.05091 0.0156024 0.191119 0.0497512 0.0546183
ENSG00000151498.7 11 134123389 134123389 + 3 -215402 11_internal_9551 11 133903389 133907987 156 151.46 0.999983 2.6237 0.762212 -0.0245012 0.970149 0.977771
ENSG00000166105.11 11 134144139 134144139 + 3 -238772 11_internal_9092 11 133797599 133905367 156 155.68 1.00004 2.73365 0.0335451 0.162491 0.0995025 0.0895183
