ENSG00000012124.10 19 35810164 35810164 + 11 733834 19_internal_5967 19 36543998 37408289 156 137.338 1.05245 10.6308 0.0242517 0.16379 0.303483 0.288637
ENSG00000185897.6 19 35849362 35849362 + 10 -340054 19_internal_6532 19 35463493 35509308 156 156.716 1.0102 10.3481 0.183066 -0.0963639 0.875622 0.873026
ENSG00000268222.1 19 35873074 35873074 + 11 -123967 19_internal_7467 19 35711133 35749107 156 143.036 0.945894 7.78809 0.0663108 -0.14806 0.467662 0.497699
ENSG00000232680.2 19 35925544 35925544 - 11 216619 19_internal_6031 19 35644259 35708925 156 174.997 0.927376 11.9496 0.00478765 0.219649 0.0597015 0.0433869
ENSG00000126262.3 19 35934809 35934809 + 11 481984 19_internal_6029 19 36416793 36448061 156 179.095 0.885959 13.7489 0.0225043 -0.185203 0.268657 0.228604
ENSG00000105679.4 19 36024314 36024314 + 12 168488 19_internal_6590 19 36192802 36208468 156 158.834 1.02713 13.0357 0.0651295 0.141705 0.562189 0.558112
ENSG00000267875.1 19 36031641 36031641 + 12 512357 19_internal_5967 19 36543998 37408289 156 154.05 0.93298 12.1586 0.14699 -0.11406 0.885572 0.87462
ENSG00000105677.7 19 36036497 36036497 + 12 448581 19_internal_7083 19 36485078 36501121 156 156.823 0.993909 12.1444 0.0806546 0.136772 0.606965 0.638575
ENSG00000236144.2 19 36036931 36036931 - 12 -101565 19_internal_6296 19 36138496 36249871 156 145.884 1.0059 11.365 0.0242892 -0.17258 0.303483 0.285024
ENSG00000105675.3 19 36054560 36054560 - 12 -430518 19_internal_7083 19 36485078 36501121 156 161.789 0.992187 12.1716 0.216056 0.101546 0.965174 0.942027
ENSG00000249115.3 19 36103646 36103646 + 13 914939 19_internal_8992 19 37018585 37998386 156 145.321 0.980004 10.7157 0.386142 -0.065874 0.995025 0.996194
ENSG00000126254.7 19 36119932 36119932 + 13 72870 19_internal_6590 19 36192802 36208468 156 149.404 0.982839 11.4711 0.0236193 0.173688 0.293532 0.275128
ENSG00000105672.10 19 36132647 36132647 + 13 284146 19_internal_6029 19 36416793 36448061 156 157.569 1.02905 11.879 0.11358 -0.124963 0.766169 0.745884
ENSG00000126267.4 19 36139125 36139125 + 13 53677 19_internal_6590 19 36192802 36208468 156 144.788 1.08226 12.3457 0.0311632 -0.174396 0.373134 0.341719
ENSG00000011590.9 19 36195429 36195429 + 13 0 19_internal_6590 19 36192802 36208468 156 125.714 1.1069 9.60991 0.0607671 0.148686 0.58209 0.561148
ENSG00000105663.9 19 36208921 36208921 + 13 809664 19_internal_8992 19 37018585 37998386 156 137.704 0.997672 10.8284 0.0335151 0.165067 0.38806 0.399467
ENSG00000126246.5 19 36233354 36233354 - 12 717882 19_internal_6704 19 35476065 35515472 156 150.059 0.917729 9.91446 0.0265254 0.172845 0.308458 0.29486
ENSG00000205155.2 19 36236015 36236015 + 12 249063 19_internal_7083 19 36485078 36501121 156 165.095 1.08474 13.7191 0.107272 0.126118 0.726368 0.727282
ENSG00000267120.2 19 36236333 36236333 - 12 -248745 19_internal_7083 19 36485078 36501121 156 140.629 0.993788 10.2742 0.0836227 -0.135316 0.671642 0.665733
ENSG00000161265.9 19 36236346 36236346 - 12 -307652 19_internal_5967 19 36543998 37408289 156 154.279 0.963248 10.6714 0.120729 -0.120645 0.721393 0.764904
ENSG00000188223.8 19 36236579 36236579 + 12 307419 19_internal_5967 19 36543998 37408289 156 167.73 1.0221 11.2944 0.0735766 0.138273 0.512438 0.513315
ENSG00000267796.2 19 36239262 36239262 + 12 -723790 19_internal_6704 19 35476065 35515472 156 180.969 0.985152 14.8597 0.0639873 -0.141908 0.522388 0.510287
ENSG00000267439.1 19 36244316 36244316 - 12 728844 19_internal_6704 19 35476065 35515472 156 152.252 0.90177 11.1204 0.0528053 -0.150079 0.492537 0.519431
ENSG00000167595.10 19 36249044 36249044 + 12 -733572 19_internal_6704 19 35476065 35515472 156 167.852 1.08593 16.4425 0.0237972 -0.174913 0.263682 0.23504
ENSG00000267049.1 19 36261930 36261930 - 12 53462 19_internal_6590 19 36192802 36208468 156 142.853 1.02058 9.68791 0.0445529 -0.15717 0.432836 0.409831
ENSG00000004777.12 19 36265434 36265434 + 12 -556509 19_internal_6031 19 35644259 35708925 156 163.511 0.939819 13.1377 0.308833 0.0831735 1 0.991507
ENSG00000105290.5 19 36358801 36358801 + 12 126277 19_internal_7083 19 36485078 36501121 156 158.575 0.914798 11.7539 0.0114016 0.190674 0.144279 0.146961
ENSG00000243968.1 19 36372792 36372792 + 12 112286 19_internal_7083 19 36485078 36501121 156 164.348 1.01047 13.2391 0.0779442 0.136545 0.61194 0.615034
ENSG00000267403.1 19 36378574 36378574 + 12 106504 19_internal_7083 19 36485078 36501121 156 168.37 0.843111 10.9302 0.345613 0.0731609 1 0.99065
ENSG00000167604.8 19 36393185 36393185 - 12 -150813 19_internal_5967 19 36543998 37408289 156 166.253 1.08341 12.2641 0.224101 0.0949956 0.940299 0.935278
ENSG00000126264.5 19 36393382 36393382 + 12 150616 19_internal_5967 19 36543998 37408289 156 187.611 0.964231 17.4424 0.0509137 0.154183 0.457711 0.452818
ENSG00000011600.5 19 36399211 36399211 - 12 -85867 19_internal_7083 19 36485078 36501121 156 136.134 1.15873 11.0051 0.021035 0.18482 0.248756 0.22949
ENSG00000205138.2 19 36486090 36486090 + 13 -236219 19_internal_6296 19 36138496 36249871 156 135.952 1.08353 10.7738 0.00766901 0.214835 0.114428 0.10619
ENSG00000181392.10 19 36499695 36499695 - 13 -44303 19_internal_5967 19 36543998 37408289 156 145.717 1.06564 12.1234 0.0456042 0.160949 0.487562 0.455299
ENSG00000248101.2 19 36505137 36505137 - 13 989665 19_internal_6704 19 35476065 35515472 156 178.714 0.994172 16.0484 0.015355 -0.18835 0.149254 0.143423
ENSG00000239382.5 19 36505145 36505145 - 13 989673 19_internal_6704 19 35476065 35515472 156 181.182 0.880243 13.9301 0.0214516 -0.182379 0.21393 0.216656
ENSG00000267698.1 19 36505410 36505410 + 13 -756303 19_internal_7467 19 35711133 35749107 156 176.673 0.991372 17.5749 0.00158138 0.234431 0.0248756 0.0140323
ENSG00000105270.9 19 36524245 36524245 - 11 -344933 19_internal_6788 19 36869178 37570272 156 147.987 1.09613 11.0628 0.0216344 -0.177606 0.20398 0.208837
ENSG00000161277.7 19 36545664 36545664 - 11 44543 19_internal_7083 19 36485078 36501121 156 148.078 1.13801 10.789 0.175137 0.107864 0.870647 0.867152
ENSG00000075702.10 19 36545783 36545783 + 11 -796676 19_internal_7467 19 35711133 35749107 156 148.52 1.06049 11.0544 0.030082 -0.174076 0.308458 0.293418
ENSG00000105261.5 19 36602104 36602104 + 11 -852997 19_internal_7467 19 35711133 35749107 156 150.379 1.1134 10.817 0.343871 -0.0762316 0.995025 0.988631
ENSG00000105254.6 19 36605191 36605191 + 11 -355320 19_internal_6296 19 36138496 36249871 156 145.564 1.03546 10.5424 0.119938 0.125944 0.766169 0.767402
ENSG00000266974.1 19 36605264 36605264 + 11 457631 19_internal_6470 19 37062895 38042824 156 143.432 1.07505 9.06077 0.161816 0.116129 0.825871 0.815623
ENSG00000105258.4 19 36606248 36606248 - 11 -456647 19_internal_6470 19 37062895 38042824 156 154.659 1.0736 11.1271 0.104573 0.134859 0.711443 0.686244
ENSG00000266902.1 19 36618669 36618669 + 11 0 19_internal_5967 19 36543998 37408289 156 151.216 1.09698 12.5225 0.300489 0.0831349 0.99005 0.987884
ENSG00000126247.5 19 36630477 36630477 + 11 -182416 19_internal_6029 19 36416793 36448061 156 175.454 0.820409 10.7846 0.0557546 0.152821 0.457711 0.465502
ENSG00000161281.6 19 36643771 36643771 - 11 -819495 19_internal_6505 19 37463266 37498931 156 157.417 1.06567 9.86329 0.139342 0.115596 0.741294 0.747055
ENSG00000267005.1 19 36664755 36664755 - 11 -398140 19_internal_6470 19 37062895 38042824 156 153.425 0.988333 10.0567 0.134782 0.119046 0.800995 0.779085
ENSG00000167635.7 19 36705504 36705504 + 11 163674 19_internal_6788 19 36869178 37570272 156 166.908 0.990318 12.3586 0.0716846 -0.146706 0.562189 0.553612
ENSG00000196357.7 19 36737159 36737159 - 10 -132019 19_internal_6788 19 36869178 37570272 156 160.235 0.975317 9.44064 0.0251317 -0.177049 0.238806 0.208704
ENSG00000232677.2 19 36822620 36822620 - 11 -195965 19_internal_8992 19 37018585 37998386 156 138.008 1.00474 8.03855 1.05867e-07 0.396374 0.00497512 4.3547e-06
ENSG00000142065.9 19 36870101 36870101 - 11 0 19_internal_6788 19 36869178 37570272 156 179.903 1.13349 13.9155 4.75948e-07 0.385358 0.00497512 1.29646e-07
ENSG00000181007.7 19 36909558 36909558 - 11 0 19_internal_6788 19 36869178 37570272 156 132.6 1.09012 9.31437 6.50199e-08 0.411727 0.00497512 1.91839e-06
ENSG00000267309.1 19 36980551 36980551 + 11 482715 19_internal_6505 19 37463266 37498931 156 159.885 0.979746 11.9064 0.217398 0.0958677 0.925373 0.943257
ENSG00000186017.10 19 36980804 36980804 - 11 -827024 19_internal_6149 19 37807828 38271151 156 169.589 0.904732 10.366 0.00307142 0.231795 0.0447761 0.0310174
ENSG00000254004.2 19 37019562 37019562 - 12 0 19_internal_8992 19 37018585 37998386 156 143.157 1.08809 10.64 3.16666e-07 0.392144 0.00497512 3.62492e-06
ENSG00000233527.3 19 37063972 37063972 + 12 399294 19_internal_6505 19 37463266 37498931 156 171.234 0.961334 12.0226 0.00233124 0.241597 0.0348259 0.0201479
ENSG00000161298.12 19 37095719 37095719 + 12 0 19_internal_8992 19 37018585 37998386 156 189.957 0.928916 13.3667 1.44416e-09 0.467099 0.00497512 1.5659e-09
ENSG00000186020.8 19 37096178 37096178 - 12 -711650 19_internal_6149 19 37807828 38271151 156 143.843 1.14158 11.7316 0.00592712 0.20527 0.039801 0.0624444
ENSG00000197808.7 19 37157755 37157755 - 12 -650073 19_internal_6149 19 37807828 38271151 156 169.696 0.979766 12.2031 1.2474e-05 0.333166 0.00497512 7.74171e-05
ENSG00000225975.2 19 37178351 37178351 - 12 0 19_internal_6788 19 36869178 37570272 156 149.221 0.948727 9.26407 0.025588 0.181787 0.278607 0.260956
ENSG00000189042.9 19 37178514 37178514 + 12 0 19_internal_8992 19 37018585 37998386 156 166.816 1.06701 11.7328 3.83351e-05 0.321344 0.00497512 0.0001348
ENSG00000267041.1 19 37263727 37263727 - 10 0 19_internal_8992 19 37018585 37998386 156 160.083 0.978069 9.43159 2.51719e-05 0.337344 0.00497512 0.000226165
ENSG00000267254.1 19 37288420 37288420 + 10 0 19_internal_8992 19 37018585 37998386 156 131.793 1.02588 7.08379 3.09514e-08 0.423868 0.00497512 1.83115e-06
ENSG00000251247.5 19 37341263 37341263 + 10 0 19_internal_8992 19 37018585 37998386 156 167.38 0.979416 9.73889 3.33828e-07 0.378419 0.00497512 1.61759e-06
ENSG00000197863.4 19 37341689 37341689 - 10 0 19_internal_8992 19 37018585 37998386 156 137.749 0.897555 6.32335 2.70872e-08 0.417497 0.00497512 4.6873e-06
ENSG00000185869.9 19 37407193 37407193 - 10 0 19_internal_8992 19 37018585 37998386 156 149.449 1.01228 8.41926 0.0313561 0.175734 0.278607 0.254852
ENSG00000198453.8 19 37407231 37407231 + 10 0 19_internal_8992 19 37018585 37998386 156 165.841 0.941908 10.4713 0.000137983 0.306188 0.00497512 0.00136265
ENSG00000197050.6 19 37498759 37498759 + 9 0 19_internal_8992 19 37018585 37998386 156 143.95 1.05428 7.6764 4.07045e-07 0.393394 0.00497512 4.56651e-06
ENSG00000267345.1 19 37569507 37569507 - 8 -426961 19_internal_6911 19 37996468 38087419 156 151.293 0.999955 6.49607 0.0373865 0.163631 0.263682 0.234958
ENSG00000267672.1 19 37582243 37582243 + 8 0 19_internal_8992 19 37018585 37998386 156 162.825 1.03819 8.68562 0.0508364 0.155743 0.363184 0.318506
ENSG00000267437.1 19 37632542 37632542 - 8 0 19_internal_8992 19 37018585 37998386 156 135.814 0.993781 5.56472 0.0205157 0.181423 0.164179 0.161333
ENSG00000196967.5 19 37697976 37697976 - 8 0 19_internal_8992 19 37018585 37998386 156 158.864 0.966427 6.78001 1.57038e-06 0.374075 0.00497512 1.27788e-05
ENSG00000267360.1 19 37701414 37701414 - 8 0 19_internal_8992 19 37018585 37998386 156 148.946 1.02431 6.46365 4.85803e-07 0.387908 0.00497512 4.21184e-06
ENSG00000188283.7 19 37708828 37708828 + 8 99000 19_internal_6149 19 37807828 38271151 156 148.078 1.0456 7.14524 0.00161009 0.249726 0.00497512 0.0122331
ENSG00000245680.5 19 37709055 37709055 - 8 0 19_internal_8992 19 37018585 37998386 156 171.95 0.956473 8.09914 5.65643e-12 0.519381 0.00497512 1.22294e-11
ENSG00000181666.13 19 37803739 37803739 + 8 0 19_internal_8992 19 37018585 37998386 156 158.483 0.955345 6.23149 1.00717e-17 0.595972 0.00497512 1.90993e-16
ENSG00000267682.1 19 37828138 37828138 + 8 0 19_internal_8992 19 37018585 37998386 156 153.821 1.0262 6.3618 0.000276615 0.278135 0.00497512 0.00163296
ENSG00000189164.10 19 37861963 37861963 + 8 0 19_internal_8992 19 37018585 37998386 156 175.089 0.809369 6.50837 0.000314012 0.270351 0.00995025 0.00354306
ENSG00000171827.6 19 37958487 37958487 + 8 0 19_internal_8992 19 37018585 37998386 156 138.572 0.991751 5.81406 0.000986721 0.254302 0.0149254 0.011492
ENSG00000196437.6 19 37960177 37960177 - 8 0 19_internal_6149 19 37807828 38271151 156 166.527 0.981402 8.41837 0.000107779 0.294664 0.00497512 0.000614123
ENSG00000267381.1 19 37978901 37978901 + 8 0 19_internal_7813 19 37802923 38211071 156 161.027 1.05431 7.67797 0.0636825 0.150699 0.373134 0.351053
ENSG00000188227.8 19 37997841 37997841 + 8 0 19_internal_8992 19 37018585 37998386 156 149.617 1.00531 6.50815 0.0250197 0.18209 0.174129 0.167947
ENSG00000267470.1 19 38039816 38039816 + 8 0 19_internal_6470 19 37062895 38042824 156 149.693 1.06679 7.31389 0.000698256 0.272467 0.00497512 0.00456403
ENSG00000171817.12 19 38042308 38042308 + 8 -472036 19_internal_6788 19 36869178 37570272 156 149.038 0.926215 6.73161 0.158797 0.109236 0.701493 0.737003
ENSG00000180479.9 19 38085673 38085673 - 9 0 19_internal_6149 19 37807828 38271151 156 197.62 0.844205 11.1588 1.74125e-06 0.347785 0.00497512 7.63503e-06
ENSG00000196381.5 19 38183216 38183216 - 10 140392 19_internal_6470 19 37062895 38042824 156 169.589 0.898607 8.76307 0.00156647 0.249403 0.0199005 0.0142939
ENSG00000120784.11 19 38183238 38183238 - 10 0 19_internal_6149 19 37807828 38271151 156 144.589 1.02641 8.83022 0.00140165 0.251794 0.0248756 0.0164352
ENSG00000267552.1 19 38210089 38210089 - 10 122670 19_internal_6911 19 37996468 38087419 156 145.336 1.0514 8.11015 0.000248054 0.287497 0.00497512 0.00240174
ENSG00000198182.7 19 38210691 38210691 - 10 212305 19_internal_8992 19 37018585 37998386 156 174.738 0.830786 9.77032 0.000434777 0.275815 0.00995025 0.00583144
ENSG00000267152.1 19 38221544 38221544 - 10 10473 19_internal_7813 19 37802923 38211071 156 155.314 1.03898 9.705 0.0746005 0.14033 0.522388 0.514238
ENSG00000267422.1 19 38270326 38270326 + 10 -862037 19_internal_5967 19 36543998 37408289 156 158.742 0.991518 9.76365 0.0843326 -0.134883 0.562189 0.568419
ENSG00000189144.8 19 38307940 38307940 - 10 737668 19_internal_6788 19 36869178 37570272 156 151.308 1.02182 8.41135 0.00351448 0.235191 0.039801 0.0309046
ENSG00000105738.6 19 38397868 38397868 + 10 -186797 19_internal_7813 19 37802923 38211071 156 144.666 1.02443 7.65129 0.12899 0.120755 0.681592 0.686206
ENSG00000268051.1 19 38454493 38454493 + 9 683112 19_internal_6438 19 39137605 39191423 156 137.018 0.966714 7.46514 0.0457921 0.162526 0.38806 0.392127
ENSG00000268764.1 19 38600173 38600173 - 7 512754 19_internal_6911 19 37996468 38087419 156 166.512 0.945779 6.04238 0.091202 0.136638 0.412935 0.425326
ENSG00000269653.1 19 38675016 38675016 + 7 -676630 19_internal_8992 19 37018585 37998386 156 159.641 1.07724 7.2366 0.0641628 0.149537 0.343284 0.331789
ENSG00000268499.1 19 38690476 38690476 + 7 -479405 19_internal_7813 19 37802923 38211071 156 172.179 0.860237 5.75797 0.196555 -0.103094 0.706468 0.72216
ENSG00000266428.1 19 38690874 38690874 + 7 446731 19_internal_6438 19 39137605 39191423 156 167.578 0.914152 6.5226 0.1785 -0.110613 0.706468 0.718716
ENSG00000011332.15 19 38720354 38720354 - 7 509283 19_internal_7813 19 37802923 38211071 156 161.545 0.993854 6.08968 0.12217 -0.122785 0.542289 0.529848
ENSG00000167642.7 19 38734675 38734675 + 7 -523604 19_internal_7813 19 37802923 38211071 156 178.989 0.975902 7.45575 0.16034 -0.112061 0.686567 0.663131
ENSG00000267748.1 19 38779804 38779804 + 7 -692385 19_internal_6911 19 37996468 38087419 156 166.039 0.930709 6.10096 0.281028 0.0857635 0.870647 0.863375
ENSG00000167644.6 19 38794801 38794801 + 7 -796415 19_internal_8992 19 37018585 37998386 156 143.188 0.977515 5.7428 0.304073 0.0842361 0.900498 0.898835
ENSG00000167645.12 19 38807913 38807913 - 7 596842 19_internal_7813 19 37802923 38211071 156 147.834 1.07677 7.0194 0.234831 0.0928246 0.850746 0.848255
ENSG00000099337.3 19 38810484 38810484 + 7 236553 19_internal_6640 19 39047037 39190787 156 167.974 0.991489 6.38621 0.291493 -0.0819239 0.865672 0.871848
ENSG00000268913.1 19 38822274 38822274 + 7 224763 19_internal_6640 19 39047037 39190787 156 174.967 0.950555 6.68869 0.369157 -0.0684831 0.945274 0.943836
ENSG00000099338.16 19 38826415 38826415 + 7 311190 19_internal_6438 19 39137605 39191423 156 160.997 0.950779 5.75396 0.229397 0.0936018 0.766169 0.779075
ENSG00000238838.1 19 38839750 38839750 - 7 628679 19_internal_7813 19 37802923 38211071 156 172.545 0.975988 7.33327 0.169937 0.111079 0.676617 0.702146
ENSG00000266963.1 19 38853124 38853124 - 7 -284481 19_internal_6438 19 39137605 39191423 156 159.352 1.00737 6.63135 0.363122 0.0724415 0.940299 0.946401
ENSG00000099341.6 19 38865176 38865176 + 7 181861 19_internal_6640 19 39047037 39190787 156 160.068 0.971496 7.22083 0.304666 -0.0831616 0.910448 0.926231
ENSG00000267090.1 19 38876162 38876162 + 7 -605011 19_internal_6149 19 37807828 38271151 156 185.768 0.964459 7.44323 0.115863 0.125657 0.492537 0.505048
ENSG00000179168.10 19 38878722 38878722 - 7 607571 19_internal_6149 19 37807828 38271151 156 139.212 0.999957 5.1669 0.0280537 0.178048 0.20398 0.181537
ENSG00000188766.7 19 38879061 38879061 + 7 -607910 19_internal_6149 19 37807828 38271151 156 151.14 1.04739 5.92195 0.0247685 0.184558 0.169154 0.13534
ENSG00000130244.8 19 38893775 38893775 + 7 153262 19_internal_6640 19 39047037 39190787 156 144.33 1.00004 4.86176 0.185506 0.109926 0.651741 0.667945
ENSG00000171777.11 19 38916945 38916945 - 7 -130092 19_internal_6640 19 39047037 39190787 156 194.589 0.940037 7.62883 0.0504055 0.146426 0.238806 0.224251
ENSG00000196218.7 19 38924339 38924339 + 7 122698 19_internal_6640 19 39047037 39190787 156 155.208 1.00771 6.35947 2.37486e-06 0.37652 0.00497512 1.46755e-05
ENSG00000267291.1 19 39086986 39086986 + 6 0 19_internal_6640 19 39047037 39190787 156 148.063 0.999946 5.05768 4.96232e-09 0.45123 0.00497512 6.16439e-08
ENSG00000104814.8 19 39109522 39109522 - 5 0 19_internal_6640 19 39047037 39190787 156 177.359 0.98458 5.5107 9.43365e-08 0.41573 0.00497512 8.96509e-08
ENSG00000178982.5 19 39109735 39109735 + 5 0 19_internal_6640 19 39047037 39190787 156 180.497 0.991654 6.76758 0.110671 0.123942 0.487562 0.460256
ENSG00000130402.7 19 39138289 39138289 + 5 0 19_internal_6640 19 39047037 39190787 156 148.322 0.999946 3.89424 0.0529481 0.155826 0.233831 0.211426
ENSG00000267375.1 19 39184246 39184246 - 6 973175 19_internal_7813 19 37802923 38211071 156 163.846 1.01658 6.55614 0.0588084 0.153686 0.248756 0.291887
ENSG00000182472.4 19 39260544 39260544 - 5 989393 19_internal_6149 19 37807828 38271151 156 170.183 0.988548 6.56935 0.137735 0.123072 0.567164 0.576474
ENSG00000171747.4 19 39304004 39304004 - 4 112581 19_internal_6438 19 39137605 39191423 156 145.26 0.999999 3.94626 0.136486 -0.121105 0.497512 0.475401
ENSG00000268756.1 19 39310806 39310806 + 4 851845 19_internal_6188 19 40162651 40231323 156 163.221 0.999988 4.1435 0.00462337 -0.233666 0.0298507 0.0155104
ENSG00000104823.4 19 39322645 39322645 - 4 -840006 19_internal_6188 19 40162651 40231323 156 148.124 0.999989 3.82452 0.273521 0.0841459 0.731343 0.724311
ENSG00000268083.1 19 39330818 39330818 - 4 140031 19_internal_6640 19 39047037 39190787 156 140.613 1.00005 3.45425 0.589449 -0.0413604 0.965174 0.960799
ENSG00000269688.1 19 39336139 39336139 - 4 145352 19_internal_6640 19 39047037 39190787 156 163.861 1.00001 3.94274 0.453692 0.059586 0.905473 0.900111
ENSG00000104824.10 19 39342987 39342987 - 4 -819664 19_internal_6188 19 40162651 40231323 156 164.562 0.99999 3.88447 0.304913 -0.0774998 0.726368 0.738461
ENSG00000269050.1 19 39360799 39360799 + 4 -170012 19_internal_6640 19 39047037 39190787 156 149.19 1.00002 3.76196 0.130122 0.117835 0.40796 0.430117
ENSG00000187994.8 19 39368919 39368919 - 4 178132 19_internal_6640 19 39047037 39190787 156 131.945 0.999985 3.61183 0.0642601 0.151084 0.313433 0.28557
ENSG00000104825.12 19 39390340 39390340 + 4 -199553 19_internal_6640 19 39047037 39190787 156 138.526 0.999995 3.7376 0.25837 0.0910097 0.726368 0.717485
ENSG00000068903.15 19 39390502 39390502 - 4 199715 19_internal_6640 19 39047037 39190787 156 152.009 0.99997 3.65205 0.184295 -0.104434 0.517413 0.536857
ENSG00000262484.1 19 39402798 39402798 - 4 212011 19_internal_6640 19 39047037 39190787 156 180.421 0.999997 4.10995 0.107748 0.131162 0.323383 0.301538
ENSG00000128626.7 19 39421188 39421188 + 5 626881 19_internal_6465 19 40048069 40229388 156 149.967 0.999965 4.45513 0.26207 -0.0869359 0.776119 0.756217
ENSG00000269486.1 19 39429272 39429272 - 5 -618797 19_internal_6465 19 40048069 40229388 156 123.231 1.00006 4.13299 0.118766 0.125794 0.512438 0.527199
ENSG00000269547.1 19 39440495 39440495 - 6 -607574 19_internal_6465 19 40048069 40229388 156 141.466 1.04728 5.89336 0.191395 -0.101716 0.761194 0.742495
ENSG00000104835.10 19 39440495 39440495 - 6 -972547 19_internal_6770 19 40413042 40470414 156 174.754 0.947704 5.72165 0.145892 0.112487 0.562189 0.553881
ENSG00000130669.13 19 39616410 39616410 + 8 -425623 19_internal_6640 19 39047037 39190787 156 160.205 0.925589 7.73941 0.308355 0.0841441 0.950249 0.945686
ENSG00000269172.1 19 39627103 39627103 - 8 -785939 19_internal_6770 19 40413042 40470414 156 144.909 0.963553 6.62677 0.0339169 0.169851 0.248756 0.257526
ENSG00000182393.2 19 39786965 39786965 + 8 654812 19_internal_7267 19 40441777 40465978 156 186.56 0.850363 8.69014 0.0462078 -0.165719 0.313433 0.295468
ENSG00000128011.4 19 39805976 39805976 - 8 -607066 19_internal_6770 19 40413042 40470414 156 155.482 0.985104 7.26858 0.435411 -0.0604722 0.985075 0.984914
ENSG00000268262.1 19 39811498 39811498 - 8 620075 19_internal_6438 19 39137605 39191423 156 154.492 0.930303 6.77865 0.167916 -0.107412 0.731343 0.74133
ENSG00000269246.1 19 39832585 39832585 - 8 641798 19_internal_6640 19 39047037 39190787 156 182.142 0.975841 8.1642 0.0603658 -0.147477 0.328358 0.308724
ENSG00000130755.8 19 39833012 39833012 - 8 -608765 19_internal_7267 19 40441777 40465978 156 167.243 0.985436 8.39035 0.260801 0.0864345 0.910448 0.906829
ENSG00000179134.10 19 39833036 39833036 + 8 669111 19_internal_6411 19 40502147 40562955 156 144.27 1.02882 6.31648 0.393176 -0.0687778 0.960199 0.963101
ENSG00000241983.2 19 39859793 39859793 + 8 581984 19_internal_7267 19 40441777 40465978 156 150.363 0.947644 7.86312 0.188933 -0.101532 0.810945 0.835222
ENSG00000006712.10 19 39881835 39881835 - 8 -280816 19_internal_6188 19 40162651 40231323 156 152.374 0.903276 6.72189 0.232336 -0.0951782 0.840796 0.860822
ENSG00000063322.8 19 39881943 39881943 + 8 558274 19_internal_6656 19 40440217 40478671 156 140.4 1.07094 6.6068 0.0149575 -0.193205 0.109453 0.110541
ENSG00000128016.4 19 39897453 39897453 + 8 604694 19_internal_6411 19 40502147 40562955 156 136.073 0.994124 6.4392 0.00132351 -0.24303 0.0149254 0.0178211
ENSG00000266559.1 19 39900318 39900318 - 8 -147751 19_internal_6465 19 40048069 40229388 156 163.891 0.930958 7.40635 0.00074613 0.258163 0.0149254 0.00605755
ENSG00000090924.9 19 39903225 39903225 + 8 538552 19_internal_7267 19 40441777 40465978 156 195.96 0.767246 8.40415 0.0192874 -0.17774 0.179104 0.140189
ENSG00000269410.1 19 39916575 39916575 + 8 585572 19_internal_6411 19 40502147 40562955 156 155.954 1.01596 7.63206 0.134059 0.115546 0.646766 0.660641
ENSG00000105193.4 19 39926588 39926588 - 8 -486454 19_internal_6770 19 40413042 40470414 156 149.19 1.06261 7.63189 0.0653506 0.144618 0.373134 0.403654
ENSG00000196235.9 19 39926796 39926796 + 8 121273 19_internal_6465 19 40048069 40229388 156 162.216 1.00207 7.66799 0.0847771 0.13931 0.447761 0.466078
ENSG00000105197.5 19 39971052 39971052 + 8 441990 19_internal_6770 19 40413042 40470414 156 169.3 1.14721 8.21987 0.0902353 0.135836 0.457711 0.419144
ENSG00000269792.1 19 40023052 40023052 + 8 389990 19_internal_6770 19 40413042 40470414 156 147.682 1.13259 8.08615 0.04021 -0.162032 0.293532 0.260447
ENSG00000176401.5 19 40023494 40023494 - 8 832071 19_internal_6438 19 39137605 39191423 156 158.179 1.00894 7.7254 0.000207792 -0.29545 0.00497512 0.00136125
ENSG00000176396.9 19 40030870 40030870 - 8 -17199 19_internal_6465 19 40048069 40229388 156 150.607 1.09559 7.87468 0.0597163 0.156075 0.358209 0.364219
ENSG00000105204.9 19 40324841 40324841 - 7 95453 19_internal_6465 19 40048069 40229388 156 162.81 1.11941 7.92232 0.0722409 0.141715 0.412935 0.365379
ENSG00000105202.3 19 40337054 40337054 - 8 -75988 19_internal_6770 19 40413042 40470414 156 142.487 1.04858 6.93988 0.0529355 0.152037 0.378109 0.347825
ENSG00000090920.9 19 40440533 40440533 - 10 0 19_internal_6770 19 40413042 40470414 156 144.315 1.04968 8.8905 4.03271e-08 0.399387 0.00497512 5.74044e-07
ENSG00000187534.5 19 40449634 40449634 - 10 218311 19_internal_6188 19 40162651 40231323 156 130.894 1.05315 7.46745 0.181855 0.106384 0.825871 0.833701
ENSG00000013275.3 19 40476912 40476912 + 10 -6498 19_internal_6770 19 40413042 40470414 156 147.24 0.965951 8.67995 0.000109548 0.308521 0.00497512 0.00187806
ENSG00000187187.9 19 40490041 40490041 + 10 -260653 19_internal_6465 19 40048069 40229388 156 148.535 1.04626 9.66685 0.103305 0.124197 0.671642 0.665055
ENSG00000268166.1 19 40526292 40526292 + 10 -47621 19_internal_6656 19 40440217 40478671 156 141.634 1.07961 8.11201 0.140296 0.116587 0.736318 0.731542
ENSG00000269069.1 19 40531409 40531409 - 10 52738 19_internal_6656 19 40440217 40478671 156 138.663 0.918303 7.58554 0.1509 0.116641 0.80597 0.793888
ENSG00000128000.11 19 40562116 40562116 - 10 91702 19_internal_6770 19 40413042 40470414 156 150.439 0.93545 8.24123 0.000912166 0.253146 0.0199005 0.0128072
ENSG00000269296.1 19 40596661 40596661 + 10 -33706 19_internal_6411 19 40502147 40562955 156 149.221 1.07908 9.84823 0.113337 0.122324 0.751244 0.692844
ENSG00000269749.1 19 40596832 40596832 - 10 130854 19_internal_7267 19 40441777 40465978 156 157.188 0.935862 9.28989 0.0377528 0.170882 0.308458 0.325562
ENSG00000197782.9 19 40596845 40596845 - 10 130867 19_internal_7267 19 40441777 40465978 156 148.657 1.04769 9.15781 0.00233023 0.245516 0.00497512 0.0221392
ENSG00000130758.3 19 40697651 40697651 + 11 -466328 19_internal_6188 19 40162651 40231323 156 182.569 0.887272 12.7254 0.0912494 -0.135927 0.621891 0.639956
ENSG00000221051.1 19 40710019 40710019 + 11 627151 19_internal_6786 19 41337170 41351426 156 156.411 0.924113 9.41439 0.11187 -0.124881 0.711443 0.700531
ENSG00000174521.7 19 40724306 40724306 - 11 253892 19_internal_6770 19 40413042 40470414 156 146.204 1.0705 9.96998 0.0823662 0.133395 0.587065 0.591289
ENSG00000205041.1 19 40781386 40781386 - 11 315408 19_internal_7267 19 40441777 40465978 156 149.297 1.02368 9.51439 0.00793175 0.213096 0.0746269 0.0804133
ENSG00000207631.1 19 40788548 40788548 - 11 -617148 19_internal_6797 19 41405696 41415315 156 160.144 0.995526 11.3163 0.102503 0.13626 0.681592 0.690592
ENSG00000105221.11 19 40791443 40791443 - 11 560120 19_internal_6188 19 40162651 40231323 156 165.933 0.98235 13.3782 0.110217 0.126377 0.766169 0.759588
ENSG00000105223.14 19 40854363 40854363 + 11 -388385 19_internal_7267 19 40441777 40465978 156 148.368 0.971787 9.4198 0.213435 -0.0954571 0.910448 0.913569
ENSG00000160392.9 19 40854434 40854434 - 11 -779038 19_internal_7103 19 41633472 41642902 156 150.15 0.983974 9.6618 0.012014 -0.202549 0.149254 0.130051
ENSG00000160396.8 19 40896094 40896094 - 11 425680 19_internal_6770 19 40413042 40470414 156 179.293 0.875024 10.5144 0.0364676 0.166677 0.303483 0.289686
ENSG00000105227.10 19 40919273 40919273 - 11 -396701 19_internal_7932 19 41315974 41338001 156 176.231 0.887098 10.1619 0.0986401 0.131837 0.59204 0.618548
ENSG00000197019.4 19 40931932 40931932 - 11 702544 19_internal_6465 19 40048069 40229388 156 158.026 0.95858 8.34835 0.275299 -0.0860543 0.935323 0.934374
ENSG00000268366.1 19 40949343 40949343 + 11 378542 19_internal_6063 19 41327885 41628000 156 161.058 0.966764 10.4699 0.0912256 -0.137137 0.621891 0.624722
ENSG00000167565.8 19 40950612 40950612 - 11 -455084 19_internal_6797 19 41405696 41415315 156 137.627 1.13835 9.44635 0.207282 0.103292 0.895522 0.902469
ENSG00000090013.5 19 40971747 40971747 - 11 -365423 19_internal_6786 19 41337170 41351426 156 150.333 0.991006 10.7249 0.0180498 0.186655 0.19403 0.20077
ENSG00000160460.11 19 40972148 40972148 + 11 433548 19_internal_6797 19 41405696 41415315 156 139.928 1.06673 9.75949 0.00421243 0.223489 0.0547264 0.0517715
ENSG00000160410.10 19 41082757 41082757 + 13 254413 19_internal_6786 19 41337170 41351426 156 146.189 1.02604 10.9561 0.0112386 -0.189118 0.114428 0.136035
ENSG00000090006.13 19 41098789 41098789 + 13 238381 19_internal_6786 19 41337170 41351426 156 131.214 1.16813 10.8825 0.0383165 0.158916 0.38806 0.399729
ENSG00000105245.5 19 41196877 41196877 - 14 -919965 19_internal_6443 19 42116842 42149317 156 163.404 1.02493 13.3719 0.129027 -0.111261 0.79602 0.81315
ENSG00000223284.1 19 41214068 41214068 - 15 -191628 19_internal_6797 19 41405696 41415315 156 166.07 0.885511 14.4755 0.0707813 -0.136863 0.656716 0.655715
ENSG00000086544.2 19 41223008 41223008 + 15 -752594 19_internal_6770 19 40413042 40470414 156 161.241 1.01016 16.8305 0.0436173 0.159326 0.462687 0.494091
ENSG00000123815.7 19 41224112 41224112 - 15 745441 19_internal_6656 19 40440217 40478671 156 165.263 0.873333 13.3962 0.0226967 -0.173364 0.268657 0.284048
ENSG00000077312.4 19 41256542 41256542 + 13 71343 19_internal_6063 19 41327885 41628000 156 138.694 1.15492 12.8111 0.0134832 0.194505 0.199005 0.170011
ENSG00000188493.9 19 41257458 41257458 - 13 -70427 19_internal_6063 19 41327885 41628000 156 154.4 0.975175 11.6858 0.0126631 0.196906 0.174129 0.151453
ENSG00000268975.1 19 41277553 41277553 + 13 59617 19_internal_6786 19 41337170 41351426 156 167.35 1.11373 14.7647 0.0108458 -0.206 0.0945274 0.0868343
ENSG00000261857.2 19 41277553 41277553 + 13 -811575 19_internal_7267 19 40441777 40465978 156 146.798 1.11612 11.4937 0.104697 0.129017 0.721393 0.718052
ENSG00000167578.12 19 41284121 41284121 + 13 53049 19_internal_6786 19 41337170 41351426 156 150.561 1.05117 12.057 0.00180017 -0.245789 0.0149254 0.0209915
ENSG00000171570.6 19 41284147 41284147 + 13 31827 19_internal_7932 19 41315974 41338001 156 161.104 1.00099 12.5185 0.0516687 -0.149221 0.462687 0.459163
ENSG00000269858.1 19 41304901 41304901 + 13 -834487 19_internal_6770 19 40413042 40470414 156 145.412 1.14244 13.2061 0.00749186 0.214074 0.0845771 0.0857925
ENSG00000268797.1 19 41307202 41307202 + 13 8772 19_internal_7932 19 41315974 41338001 156 162.383 0.996116 13.1628 0.0752376 -0.139609 0.636816 0.614209
ENSG00000233622.1 19 41317295 41317295 - 13 -316177 19_internal_7103 19 41633472 41642902 156 148.718 1.00108 11.363 0.157813 -0.115481 0.880597 0.875915
ENSG00000268339.1 19 41319515 41319515 + 13 -849101 19_internal_6770 19 40413042 40470414 156 163.556 1.13132 14.8524 0.00140532 0.259461 0.0149254 0.00869628
ENSG00000237118.2 19 41332677 41332677 - 13 -300795 19_internal_7103 19 41633472 41642902 156 174.388 1.01969 14.7375 0.112037 -0.13088 0.741294 0.755886
ENSG00000269843.1 19 41343115 41343115 - 13 0 19_internal_6063 19 41327885 41628000 156 165.369 0.914978 13.1942 0.442952 -0.0599324 1 0.999509
ENSG00000255974.2 19 41356352 41356352 - 13 4926 19_internal_6786 19 41337170 41351426 156 190.155 0.88131 16.8303 0.0826319 0.135417 0.656716 0.667296
ENSG00000256612.2 19 41430124 41430124 + 13 -14809 19_internal_6797 19 41405696 41415315 156 145.488 0.946688 10.4551 1.35232e-23 0.689266 0.00497512 5.37512e-20
ENSG00000197446.4 19 41620337 41620337 + 11 -268911 19_internal_6786 19 41337170 41351426 156 149.038 1.00002 9.03536 0.0992913 -0.126353 0.646766 0.640977
ENSG00000167600.9 19 41698954 41698954 + 11 417888 19_internal_6443 19 42116842 42149317 156 146.905 0.926383 9.44326 0.0844395 -0.141328 0.631841 0.638251
ENSG00000167601.7 19 41725108 41725108 + 11 -82206 19_internal_7103 19 41633472 41642902 156 149.891 1.04964 11.5078 0.0721718 0.139731 0.587065 0.58606
ENSG00000105323.12 19 41768401 41768401 + 12 -353086 19_internal_6797 19 41405696 41415315 156 139.654 1.10749 10.5562 0.0310123 -0.171708 0.298507 0.31143
ENSG00000239868.2 19 41792599 41792599 - 12 377284 19_internal_6797 19 41405696 41415315 156 141.619 0.944636 9.977 0.0549406 0.15904 0.522388 0.528142
ENSG00000142039.3 19 41816094 41816094 + 12 385935 19_internal_7840 19 42202029 42211731 156 157.539 0.942098 11.6391 0.0363506 0.172314 0.353234 0.370803
ENSG00000142046.9 19 41856816 41856816 + 12 -213914 19_internal_7103 19 41633472 41642902 156 145.686 1.0726 11.8189 0.0285036 -0.176192 0.328358 0.305497
ENSG00000105329.5 19 41859816 41859816 - 12 444501 19_internal_6797 19 41405696 41415315 156 150.927 0.966769 10.4506 0.0379202 -0.165509 0.383085 0.371565
ENSG00000123810.3 19 41870078 41870078 - 12 518652 19_internal_6786 19 41337170 41351426 156 172.819 0.922324 13.49 0.00148121 -0.237832 0.0199005 0.0160737
ENSG00000255730.1 19 41882662 41882662 + 12 185474 19_internal_6998 19 42068136 42077751 156 165.125 0.945369 12.5217 0.221058 -0.0942723 0.940299 0.951233
ENSG00000248098.4 19 41884215 41884215 + 12 -532789 19_internal_6786 19 41337170 41351426 156 138.1 1.00697 9.70193 0.250177 0.0881929 0.965174 0.957832
ENSG00000077348.4 19 41903384 41903384 - 13 -164752 19_internal_6998 19 42068136 42077751 156 163.724 1.01188 14.4093 0.0264254 -0.169555 0.278607 0.278999
ENSG00000268987.1 19 41905277 41905277 + 13 -277277 19_internal_6063 19 41327885 41628000 156 155.878 0.958212 11.2549 0.0658603 -0.143966 0.562189 0.555427
ENSG00000268475.1 19 41931264 41931264 + 13 500666 19_internal_6204 19 42431930 42439278 156 177.435 1.0142 17.6492 0.0649212 -0.146718 0.562189 0.581413
ENSG00000177191.2 19 41934635 41934635 - 13 -497295 19_internal_6204 19 42431930 42439278 156 154.918 1.04046 14.2787 0.0209825 -0.182622 0.243781 0.248854
ENSG00000105341.14 19 41946622 41946622 - 13 -485308 19_internal_6204 19 42431930 42439278 156 155.132 1.01102 12.701 0.0124763 -0.205835 0.159204 0.14644
ENSG00000268034.1 19 42012068 42012068 + 13 189961 19_internal_7840 19 42202029 42211731 156 180.177 0.960492 16.3018 0.0682758 -0.144476 0.616915 0.584765
ENSG00000269800.1 19 42028349 42028349 - 13 -5634 19_internal_8369 19 42033983 42067415 156 183.087 0.911192 14.9583 0.00416285 0.230752 0.0597015 0.0398043
ENSG00000268355.1 19 42037566 42037566 + 13 0 19_internal_8369 19 42033983 42067415 156 152.1 0.880094 10.5664 0.000320379 0.274274 0.0149254 0.00811371
ENSG00000007129.11 19 42041545 42041545 + 13 390385 19_internal_6204 19 42431930 42439278 156 188.51 0.76614 14.7417 0.0630811 0.149787 0.532338 0.579863
ENSG00000268027.1 19 42051554 42051554 + 13 0 19_internal_8369 19 42033983 42067415 156 142.807 1.01246 11.3836 0.0018007 0.242931 0.0199005 0.0302373
ENSG00000239736.2 19 42106090 42106090 + 13 637087 19_internal_6364 19 42743177 42793423 156 156.945 1.01449 14.4226 0.108967 0.130059 0.78607 0.803288
ENSG00000269266.1 19 42112026 42112026 - 13 -4816 19_internal_6443 19 42116842 42149317 156 154.431 0.923208 12.7919 0.131539 0.116806 0.880597 0.858124
