ENSG00000180229.8 15 20711433 20711433 - 1 0 15_internal_8311 15 20398290 22573485 156 147.21 1.00004 1.05973 0.882462 -0.0117298 0.895522 0.899685
ENSG00000258590.1 15 20893737 20893737 - 1 0 15_internal_8311 15 20398290 22573485 156 140.766 0.999981 0.980494 0.491776 0.0530476 0.532338 0.506912
ENSG00000260409.1 15 20961512 20961512 - 1 0 15_internal_8311 15 20398290 22573485 156 169.452 1 0.94295 0.963136 0.00363248 0.960199 0.953724
ENSG00000237161.3 15 21938111 21938111 - 1 0 15_internal_8311 15 20398290 22573485 156 165.354 1.00003 0.868167 0.594817 0.0427561 0.537313 0.532946
ENSG00000247765.1 15 21968151 21968151 - 1 0 15_internal_8311 15 20398290 22573485 156 167.167 0.999992 0.994503 0.780472 -0.0223479 0.791045 0.771079
ENSG00000259176.1 15 22278010 22278010 + 1 0 15_internal_8311 15 20398290 22573485 156 151.856 0.99999 0.965025 0.000134919 0.292767 0.00497512 0.000160033
ENSG00000182974.2 15 22368478 22368478 + 1 0 15_internal_8311 15 20398290 22573485 156 132.28 0.999974 1.02303 8.34068e-05 0.298136 0.00497512 0.00029922
ENSG00000223877.3 15 22440848 22440848 - 1 0 15_internal_8311 15 20398290 22573485 156 150.318 0.999989 1.04424 0.375132 -0.0705002 0.41791 0.39707
ENSG00000153575.6 15 22833395 22833395 + 1 -259910 15_internal_8311 15 20398290 22573485 156 174.007 1 1.02324 0.4883 -0.0559659 0.462687 0.471855
ENSG00000068793.12 15 22892005 22892005 + 1 -318520 15_internal_8311 15 20398290 22573485 156 97.0734 1.00001 0.759155 0.382968 0.0697533 0.412935 0.40176
ENSG00000140157.10 15 23034427 23034427 - 1 460942 15_internal_8311 15 20398290 22573485 156 163.069 1.00003 0.987899 0.20295 0.100331 0.218905 0.190876
ENSG00000170113.11 15 23100005 23100005 - 1 526520 15_internal_8311 15 20398290 22573485 156 151.795 0.999991 0.948887 0.0712699 0.13859 0.0696517 0.0715054
ENSG00000187667.6 15 23208737 23208737 - 1 635252 15_internal_8311 15 20398290 22573485 156 182.371 1.00001 1.10087 0.300651 -0.0843158 0.288557 0.285319
ENSG00000140181.10 15 23378228 23378228 - 1 804743 15_internal_8311 15 20398290 22573485 156 158.575 0.999979 1.06071 0.111604 0.122438 0.134328 0.114893
ENSG00000182636.4 15 23932450 23932450 - 0 NA NA NA NA NA NA NA NA NA NA NA NA NA
ENSG00000128739.16 15 25068794 25068794 + 2 133252 15_internal_6754 15 25202046 25643479 156 204.582 0.999971 2.36795 1.37892e-05 0.322854 0.00497512 1.50493e-06
ENSG00000241061.2 15 25154972 25154972 - 2 -828122 15_internal_7601 15 25983094 26108990 156 143.02 1.00005 1.97705 0.406266 0.0653214 0.681592 0.666943
ENSG00000214265.6 15 25200133 25200133 + 2 1913 15_internal_6754 15 25202046 25643479 156 180.923 1.00003 1.98109 3.02535e-05 0.312489 0.00497512 1.38807e-05
ENSG00000224078.4 15 25224704 25224704 + 2 0 15_internal_6754 15 25202046 25643479 156 193.157 1.00002 2.48679 0.00174126 0.242168 0.00497512 0.00122229
ENSG00000238810.1 15 25227141 25227141 + 2 0 15_internal_6754 15 25202046 25643479 156 133.499 0.999949 1.85156 0.153721 0.115473 0.363184 0.318547
ENSG00000209418.1 15 25230247 25230247 + 2 0 15_internal_6754 15 25202046 25643479 156 138.008 1.00001 2.11924 0.0984105 0.132915 0.208955 0.23762
ENSG00000239014.1 15 25232072 25232072 + 2 0 15_internal_6754 15 25202046 25643479 156 158.849 1.00002 1.97922 0.0262465 0.167927 0.0646766 0.0486963
ENSG00000257151.1 15 25277020 25277020 + 2 0 15_internal_6754 15 25202046 25643479 156 117.259 1.00004 1.7276 0.00897255 0.203452 0.0447761 0.0403373
ENSG00000257647.1 15 25277194 25277194 - 2 0 15_internal_6754 15 25202046 25643479 156 148.23 1.00002 1.71769 0.51258 0.0516129 0.696517 0.719892
ENSG00000206621.1 15 25325289 25325289 + 2 657805 15_internal_7601 15 25983094 26108990 156 127.192 1.00004 2.03783 0.225872 0.0986458 0.502488 0.479738
ENSG00000206688.1 15 25330532 25330532 + 2 0 15_internal_6754 15 25202046 25643479 156 163.297 0.999969 1.91712 0.255357 0.0886181 0.442786 0.415812
ENSG00000207460.1 15 25331674 25331674 + 2 0 15_internal_6754 15 25202046 25643479 156 183.315 0.999988 2.53206 0.0169308 0.189235 0.0298507 0.0241608
ENSG00000261069.1 15 25332808 25332808 + 2 650286 15_internal_7601 15 25983094 26108990 156 141.695 1.00002 1.76235 0.029621 0.166836 0.0447761 0.0663413
ENSG00000207259.1 15 25332809 25332809 + 2 650285 15_internal_7601 15 25983094 26108990 156 168.721 1.00001 2.25133 0.528988 0.0496829 0.81592 0.801695
ENSG00000207236.1 15 25333951 25333951 + 2 649143 15_internal_7601 15 25983094 26108990 156 170.138 1 2.23581 0.0478731 0.150595 0.0895522 0.084641
ENSG00000261529.1 15 25592382 25592382 - 2 -390712 15_internal_7601 15 25983094 26108990 156 127.71 1.00001 1.91175 0.60338 0.041884 0.845771 0.856975
ENSG00000114062.12 15 25684128 25684128 - 2 -298966 15_internal_7601 15 25983094 26108990 156 169.818 0.999973 2.22648 0.162202 -0.113351 0.283582 0.293931
ENSG00000235731.1 15 25823938 25823938 - 2 -159156 15_internal_7601 15 25983094 26108990 156 179.354 1.00003 2.23303 0.0608186 -0.152718 0.114428 0.0963502
ENSG00000222123.1 15 25983655 25983655 + 2 0 15_internal_7601 15 25983094 26108990 156 197.62 1.00001 2.48123 2.04311e-05 0.335606 0.00497512 4.00656e-06
ENSG00000206190.7 15 26110317 26110317 - 2 1327 15_internal_7601 15 25983094 26108990 156 167.563 1.00003 2.03726 2.60395e-18 0.646082 0.00497512 3.01422e-19
ENSG00000256338.1 15 28560798 28560798 + 5 503467 15_internal_6954 15 29064265 29077990 156 163.724 0.999987 4.66016 0.0247831 0.182538 0.104478 0.096145
ENSG00000128731.11 15 28567298 28567298 - 5 143506 15_internal_5517 15 28378807 28423792 156 161.667 1.00001 4.7474 0.0427251 0.165249 0.199005 0.172558
ENSG00000206149.6 15 28834638 28834638 + 5 286436 15_internal_6152 15 29121074 29214055 156 168.614 0.999955 5.31467 0.0508467 0.156578 0.18408 0.205305
ENSG00000254398.1 15 28927398 28927398 - 5 503606 15_internal_5517 15 28378807 28423792 156 159.428 1.00004 4.57226 0.255879 -0.0931749 0.736318 0.732761
ENSG00000248334.2 15 28982729 28982729 + 5 138345 15_internal_6152 15 29121074 29214055 156 157.295 0.999943 5.01039 0.000876102 0.273016 0.00995025 0.00417114
ENSG00000188626.5 15 28983530 28983530 - 5 559186 15_internal_5736 15 28372786 28424344 156 161.271 1.00003 4.52406 0.0740376 -0.145375 0.308458 0.277423
ENSG00000261377.1 15 29034810 29034810 + 5 29455 15_internal_6954 15 29064265 29077990 156 176.673 1.00807 5.67596 0.0038214 0.225926 0.00497512 0.0112946
ENSG00000034053.10 15 29129629 29129629 + 5 -51639 15_internal_6954 15 29064265 29077990 156 173.123 0.999966 5.82466 0.159929 -0.11625 0.58209 0.580924
ENSG00000185115.4 15 29562033 29562033 - 3 484043 15_internal_6954 15 29064265 29077990 156 163.297 0.99998 2.53351 0.235876 0.0950862 0.447761 0.47607
ENSG00000234664.1 15 30022917 30022917 + 3 -735088 15_internal_6939 15 29130143 29287829 156 167.182 0.999955 3.374 0.450882 0.0587508 0.870647 0.854366
ENSG00000178081.8 15 30395923 30395923 + 1 719144 15_internal_6024 15 31115067 31136526 156 153.669 0.999995 1.05471 0.171073 0.110784 0.179104 0.182925
ENSG00000263070.1 15 30679190 30679190 - 4 -435877 15_internal_6024 15 31115067 31136526 156 164.348 0.999968 4.28456 0.0441347 0.162322 0.169154 0.156028
ENSG00000166664.8 15 30686052 30686052 - 4 -429015 15_internal_6024 15 31115067 31136526 156 149.099 0.999959 3.26374 0.172471 0.111005 0.487562 0.481554
ENSG00000186399.7 15 30706463 30706463 - 4 -408604 15_internal_6024 15 31115067 31136526 156 171.889 0.999988 5.14076 0.0943 -0.132229 0.363184 0.344951
ENSG00000215302.4 15 30762982 30762982 + 4 740211 15_internal_5757 15 31503193 31671724 156 152.999 0.999959 4.062 0.0350855 0.17114 0.159204 0.141624
ENSG00000260693.1 15 30832296 30832296 + 4 282771 15_internal_6024 15 31115067 31136526 156 164.272 0.999997 4.11905 0.00885618 -0.217393 0.0447761 0.0294281
ENSG00000260128.2 15 30864941 30864941 + 4 250126 15_internal_6024 15 31115067 31136526 156 171.478 0.999983 4.49829 0.000177213 -0.292757 0.00497512 0.000379513
ENSG00000261794.1 15 30896329 30896329 + 4 218738 15_internal_6024 15 31115067 31136526 156 167.974 1.00004 4.56215 0.12219 -0.119915 0.422886 0.408427
ENSG00000221358.1 15 30906074 30906074 + 4 621145 15_internal_5625 15 31527219 31534833 156 139.913 0.999966 3.80432 0.0439041 0.163194 0.218905 0.198178
ENSG00000187951.5 15 30916697 30916697 + 4 198370 15_internal_6024 15 31115067 31136526 156 145.214 1 3.56415 0.0264394 -0.184064 0.0895522 0.110261
ENSG00000247728.2 15 30917976 30917976 - 4 -197091 15_internal_6024 15 31115067 31136526 156 132.387 0.999963 3.7933 0.000404694 -0.280566 0.00497512 0.00425921
ENSG00000252602.1 15 30935128 30935128 + 4 552785 15_internal_5869 15 31487913 31502157 156 137.947 1.00006 3.45712 0.151045 0.11168 0.492537 0.490105
ENSG00000259845.1 15 31107474 31107474 + 4 7593 15_internal_6024 15 31115067 31136526 156 176.125 1.00004 4.32502 1.66383e-21 0.645947 0.00497512 1.91218e-23
ENSG00000261628.1 15 31191683 31191683 + 4 -55157 15_internal_6024 15 31115067 31136526 156 177.252 1.00002 3.87875 3.57239e-21 0.663473 0.00497512 2.93245e-23
ENSG00000198690.5 15 31196055 31196055 + 4 -59529 15_internal_6024 15 31115067 31136526 156 135.403 1.00006 3.66195 1.5485e-14 0.556572 0.00497512 3.02342e-12
ENSG00000212526.1 15 31248553 31248553 - 4 112027 15_internal_6024 15 31115067 31136526 156 160.189 0.999985 3.95441 0.257679 0.0899161 0.676617 0.681722
ENSG00000166912.12 15 31283810 31283810 - 4 147284 15_internal_6024 15 31115067 31136526 156 159.976 1.00001 3.7248 0.0017919 0.252421 0.00497512 0.00581602
ENSG00000259448.1 15 31508223 31508223 + 4 0 15_internal_5757 15 31503193 31671724 156 156.762 1.00001 4.14507 0.265881 0.0889673 0.731343 0.720452
ENSG00000259772.1 15 31523041 31523041 - 4 386515 15_internal_6024 15 31115067 31136526 156 165.125 0.99998 4.68903 0.135069 -0.116186 0.477612 0.46288
ENSG00000169926.5 15 31619058 31619058 + 4 0 15_internal_5757 15 31503193 31671724 156 151.399 0.99996 3.56023 0.275126 0.0870002 0.696517 0.693091
ENSG00000259179.1 15 31712331 31712331 + 4 -575805 15_internal_6024 15 31115067 31136526 156 177.861 1.00002 4.581 0.106591 0.128738 0.313433 0.333687
ENSG00000169918.5 15 32162992 32162992 - 4 628159 15_internal_5625 15 31527219 31534833 156 178.349 1 4.07609 0.120258 0.122904 0.373134 0.339039
ENSG00000249931.2 15 32695396 32695396 - 2 -313389 15_internal_7204 15 33008785 33453306 156 158.712 1.00004 2.29852 0.562572 -0.0466033 0.860697 0.847827
ENSG00000206987.1 15 32718621 32718621 - 2 -290164 15_internal_7204 15 33008785 33453306 156 171.28 0.999964 2.3242 0.520242 0.0510439 0.78607 0.800717
ENSG00000261279.1 15 32727193 32727193 - 2 -759080 15_internal_6767 15 33486273 33518776 156 178.745 1.00003 2.09198 0.596909 -0.04319 0.820896 0.829944
ENSG00000215304.2 15 32727434 32727434 - 2 -281351 15_internal_7204 15 33008785 33453306 156 123.612 1.00004 1.57679 0.396714 -0.0687198 0.621891 0.61128
ENSG00000206127.6 15 32747835 32747835 - 2 -738438 15_internal_6767 15 33486273 33518776 156 147.697 0.999969 1.95568 0.0729324 0.142406 0.154229 0.15234
ENSG00000254912.2 15 32792547 32792547 - 2 -693726 15_internal_6767 15 33486273 33518776 156 133.636 0.999975 1.70171 0.0822516 0.144033 0.189055 0.176507
ENSG00000261064.1 15 32828248 32828248 + 2 180537 15_internal_7204 15 33008785 33453306 156 148.657 1.00004 1.97158 0.297876 0.0870007 0.542289 0.518245
ENSG00000223509.3 15 32829127 32829127 - 2 -179658 15_internal_7204 15 33008785 33453306 156 157.828 0.999988 2.22281 0.393737 -0.0694361 0.661692 0.667887
ENSG00000232653.3 15 32885657 32885657 + 2 123128 15_internal_7204 15 33008785 33453306 156 161.606 1.00004 1.90602 0.525017 0.0528107 0.716418 0.750817
ENSG00000244952.2 15 32905934 32905934 + 2 580339 15_internal_6767 15 33486273 33518776 156 170.518 0.999961 2.01224 0.290313 -0.0820827 0.477612 0.467493
ENSG00000198826.6 15 32907345 32907345 + 2 578928 15_internal_6767 15 33486273 33518776 156 178.821 0.999961 2.40676 0.20235 0.107072 0.368159 0.36543
ENSG00000262728.1 15 32907361 32907361 - 2 -578912 15_internal_6767 15 33486273 33518776 156 165.643 0.999994 2.06564 0.299774 0.0867621 0.492537 0.500281
ENSG00000166922.4 15 32933877 32933877 + 2 552396 15_internal_6767 15 33486273 33518776 156 155.665 0.999954 2.07908 0.477234 0.058016 0.756219 0.740883
ENSG00000259392.2 15 33129527 33129527 - 2 0 15_internal_7204 15 33008785 33453306 156 145.092 1.00003 1.89902 0.000108363 0.306002 0.00497512 0.000359459
ENSG00000238342.1 15 33187401 33187401 + 2 0 15_internal_7204 15 33008785 33453306 156 141.131 0.999964 1.72101 4.12766e-05 0.332619 0.00497512 0.000166096
ENSG00000259686.1 15 33304320 33304320 + 2 0 15_internal_7204 15 33008785 33453306 156 194.893 0.999986 2.54315 1.5493e-08 0.435185 0.00497512 6.48928e-10
ENSG00000248905.4 15 33486897 33486897 - 2 33591 15_internal_7204 15 33008785 33453306 156 147.134 1.00002 2.03202 2.71154e-08 0.427289 0.00497512 1.36663e-07
ENSG00000198838.7 15 33603163 33603163 + 3 -149857 15_internal_7204 15 33008785 33453306 156 161.698 1.00001 2.99424 0.147261 0.11876 0.378109 0.363509
ENSG00000259408.1 15 34149010 34149010 - 4 -420093 15_internal_8197 15 34569103 34632037 156 180.436 0.999966 4.91871 0.187865 0.10799 0.572139 0.567306
ENSG00000259287.1 15 34157026 34157026 - 4 703720 15_internal_7204 15 33008785 33453306 156 126.826 1.00006 3.46692 0.234895 0.0941573 0.691542 0.686438
ENSG00000184984.8 15 34260921 34260921 + 4 308182 15_internal_8197 15 34569103 34632037 156 169.071 1.00003 4.01057 0.576615 -0.0434433 0.970149 0.963185
ENSG00000259505.1 15 34282887 34282887 + 4 -764111 15_internal_6767 15 33486273 33518776 156 146.067 0.999972 4.15314 0.297326 -0.0850766 0.781095 0.790061
ENSG00000169857.3 15 34331377 34331377 - 4 878071 15_internal_7204 15 33008785 33453306 156 146.296 1.00001 3.62228 0.322648 0.0790751 0.771144 0.775837
ENSG00000243094.1 15 34378515 34378515 - 4 -349647 15_internal_7343 15 34728162 34807558 156 152.481 0.999975 3.63945 0.096945 -0.131408 0.333333 0.320726
ENSG00000134153.5 15 34394149 34394149 - 4 -174954 15_internal_8197 15 34569103 34632037 156 152.313 0.999992 4.13339 0.122502 -0.124347 0.432836 0.429658
ENSG00000182405.4 15 34394274 34394274 + 4 -875498 15_internal_6767 15 33486273 33518776 156 150.744 0.999983 4.18069 0.319995 -0.0797042 0.81592 0.810579
ENSG00000134152.6 15 34502297 34502297 - 3 983521 15_internal_6767 15 33486273 33518776 156 162.444 0.999975 3.29847 0.120006 0.12119 0.308458 0.325667
ENSG00000128463.7 15 34517200 34517200 + 3 -998424 15_internal_6767 15 33486273 33518776 156 148.139 1.00005 3.098 0.745145 0.0265586 0.9801 0.986603
ENSG00000259468.1 15 34547487 34547487 + 2 21616 15_internal_8197 15 34569103 34632037 156 164.15 1.00001 2.11887 0.155887 0.117191 0.283582 0.283274
ENSG00000207091.1 15 34606929 34606929 + 2 0 15_internal_8197 15 34569103 34632037 156 184.168 0.999969 2.37626 0.359962 -0.0716896 0.60199 0.599767
ENSG00000140199.7 15 34630261 34630261 - 2 0 15_internal_8197 15 34569103 34632037 156 143.599 1.00001 1.95358 0.0938889 0.137221 0.18408 0.200179
ENSG00000182117.4 15 34635378 34635378 - 2 3341 15_internal_8197 15 34569103 34632037 156 142.32 0.999975 1.91599 0.230929 0.0952628 0.412935 0.42757
ENSG00000176454.8 15 34659479 34659479 - 2 -68683 15_internal_7343 15 34728162 34807558 156 164.943 1.00003 2.36087 0.640254 -0.0363527 0.900498 0.904859
ENSG00000259917.1 15 34782772 34782772 - 2 0 15_internal_7343 15 34728162 34807558 156 186.789 0.999988 2.18608 0.408846 -0.0659173 0.646766 0.630721
ENSG00000215252.6 15 34880704 34880704 - 2 73146 15_internal_7343 15 34728162 34807558 156 159.016 0.99998 1.88733 0.00276681 0.240059 0.00497512 0.00474375
ENSG00000175265.13 15 34880704 34880704 - 2 73146 15_internal_7343 15 34728162 34807558 156 152.085 1.00002 1.66061 1.37746e-07 -0.42081 0.00497512 3.28184e-07
ENSG00000259751.1 15 35142596 35142596 - 2 510559 15_internal_8197 15 34569103 34632037 156 182.538 1.00001 2.1308 0.0465638 0.163241 0.0547264 0.0654886
ENSG00000231409.3 15 35235281 35235281 + 2 -603244 15_internal_8197 15 34569103 34632037 156 152.831 0.999994 2.27085 0.286175 0.0852253 0.507463 0.542233
ENSG00000021776.6 15 35262040 35262040 - 2 454482 15_internal_7343 15 34728162 34807558 156 152.496 0.999957 2.0714 0.344012 -0.0773691 0.59204 0.58967
ENSG00000212768.2 15 35270552 35270552 + 2 -462994 15_internal_7343 15 34728162 34807558 156 162.825 0.999967 1.97868 0.114671 -0.123261 0.253731 0.20065
ENSG00000198146.4 15 35280488 35280488 - 2 472930 15_internal_7343 15 34728162 34807558 156 145.671 1.00004 1.69231 0.088576 -0.133053 0.154229 0.163112
ENSG00000259585.2 15 35591641 35591641 - 2 784083 15_internal_7343 15 34728162 34807558 156 145.305 0.999982 2.01187 0.234475 -0.0950849 0.437811 0.441315
ENSG00000265102.1 15 35664565 35664565 - 1 857007 15_internal_7343 15 34728162 34807558 156 126.689 1.00002 0.819687 0.702818 0.0298687 0.671642 0.659219
ENSG00000259411.1 15 35692892 35692892 + 1 -885334 15_internal_7343 15 34728162 34807558 156 146.22 1.00003 0.925612 0.267191 0.0886983 0.273632 0.264815
ENSG00000134146.7 15 35838394 35838394 - 0 NA NA NA NA NA NA NA NA NA NA NA NA NA
ENSG00000248079.2 15 35838396 35838396 + 0 NA NA NA NA NA NA NA NA NA NA NA NA NA
ENSG00000186073.7 15 36871812 36871812 + 0 NA NA NA NA NA NA NA NA NA NA NA NA NA
ENSG00000261635.2 15 36905675 36905675 + 0 NA NA NA NA NA NA NA NA NA NA NA NA NA
ENSG00000261315.2 15 36909290 36909290 + 0 NA NA NA NA NA NA NA NA NA NA NA NA NA
ENSG00000261191.1 15 36961298 36961298 - 0 NA NA NA NA NA NA NA NA NA NA NA NA NA
ENSG00000223518.4 15 37110660 37110660 - 0 NA NA NA NA NA NA NA NA NA NA NA NA NA
ENSG00000259225.2 15 38276967 38276967 + 4 661708 15_internal_5578 15 38938675 38983601 156 181.594 0.999981 5.02444 0.073359 0.139606 0.263682 0.240664
ENSG00000236914.3 15 38365160 38365160 - 4 -447160 15_internal_6411 15 38812320 38824272 156 172.225 0.999976 4.80993 0.388668 -0.070903 0.895522 0.887446
ENSG00000166068.8 15 38544527 38544527 + 4 267793 15_internal_6411 15 38812320 38824272 156 145.046 0.999964 3.99386 0.0181195 0.18625 0.0696517 0.0876411
ENSG00000171262.7 15 38746328 38746328 + 4 192347 15_internal_5578 15 38938675 38983601 156 163.252 0.999997 3.94016 0.0935598 0.134746 0.298507 0.29908
ENSG00000259192.1 15 38751741 38751741 - 4 -186934 15_internal_5578 15 38938675 38983601 156 158.316 0.999977 3.41642 0.390069 0.0643953 0.825871 0.811669
ENSG00000259326.1 15 38795054 38795054 + 4 143621 15_internal_5578 15 38938675 38983601 156 158.62 1 4.3114 0.000811643 0.272696 0.00995025 0.00315686
ENSG00000259598.1 15 38816271 38816271 + 4 -36164 15_internal_5940 15 38776043 38780107 156 161.515 0.999997 4.14732 0.0100932 -0.202065 0.0298507 0.0361913
ENSG00000172575.7 15 38857776 38857776 - 4 0 15_internal_6791 15 38843920 38983383 156 144.909 1.00004 3.67075 3.05034e-06 0.365644 0.00497512 2.5181e-05
ENSG00000175746.4 15 39542885 39542885 + 6 793750 15_internal_7747 15 40336635 40408980 156 174.083 1.01007 6.09282 0.0849893 -0.1388 0.348259 0.347609
ENSG00000259447.1 15 39602983 39602983 - 6 -313578 15_internal_5879 15 39916561 39922132 156 170.899 0.995553 5.76018 0.00773423 0.20844 0.039801 0.0306717
ENSG00000259345.1 15 39719396 39719396 - 6 736013 15_internal_6791 15 38843920 38983383 156 175.18 1.04987 7.69314 0.12497 0.120905 0.58209 0.548354
ENSG00000259269.1 15 39764904 39764904 + 6 151657 15_internal_5879 15 39916561 39922132 156 179.004 0.899194 6.09477 0.0327075 0.167355 0.199005 0.16158
ENSG00000137801.9 15 39873280 39873280 + 4 43281 15_internal_5879 15 39916561 39922132 156 166.908 1.00002 4.37219 0.0205005 0.168703 0.0845771 0.0702887
ENSG00000259279.1 15 39886432 39886432 - 4 -30129 15_internal_5879 15 39916561 39922132 156 167.944 1.00002 4.0555 0.0195376 0.170478 0.0547264 0.0609479
ENSG00000261136.1 15 40074772 40074772 + 2 -152640 15_internal_5879 15 39916561 39922132 156 177.739 0.999972 1.86151 0.00938777 0.213636 0.0248756 0.0103084
ENSG00000150667.6 15 40075031 40075031 - 2 152899 15_internal_5879 15 39916561 39922132 156 136.424 1.00004 1.70104 0.0390385 0.156885 0.104478 0.0895551
ENSG00000259580.1 15 40093534 40093534 - 2 171402 15_internal_5879 15 39916561 39922132 156 158.986 0.999953 2.2849 0.101894 0.13396 0.199005 0.211299
ENSG00000166073.4 15 40213093 40213093 - 2 290961 15_internal_5879 15 39916561 39922132 156 125.531 1.00001 1.77902 0.563951 -0.0458092 0.820896 0.80833
ENSG00000246863.2 15 40213243 40213243 + 2 123392 15_internal_7747 15 40336635 40408980 156 166.481 1.00001 1.94328 0.381478 0.0687519 0.567164 0.587382
ENSG00000128829.6 15 40226347 40226347 + 2 110288 15_internal_7747 15 40336635 40408980 156 204.72 0.999988 2.09608 0.00124644 0.251722 0.00497512 0.000453145
ENSG00000238564.1 15 40242907 40242907 + 2 93728 15_internal_7747 15 40336635 40408980 156 148.383 1.00003 1.96307 0.18819 0.111201 0.378109 0.35371
ENSG00000259389.2 15 40243909 40243909 - 2 -92726 15_internal_7747 15 40336635 40408980 156 142.853 0.999977 1.8357 0.0620892 0.144283 0.114428 0.132067
ENSG00000140319.6 15 40331389 40331389 - 2 -5246 15_internal_7747 15 40336635 40408980 156 155.573 0.999976 2.07179 0.346907 -0.0768941 0.577114 0.587196
ENSG00000248508.2 15 40331512 40331512 + 2 -409380 15_internal_5879 15 39916561 39922132 156 118.996 0.999967 1.85252 0.607326 -0.040447 0.870647 0.859794
ENSG00000259409.1 15 40381033 40381033 + 2 0 15_internal_7747 15 40336635 40408980 156 133.453 0.999979 1.75334 0.0125479 0.197778 0.0597015 0.0365017
ENSG00000104081.9 15 40401093 40401093 - 2 0 15_internal_7747 15 40336635 40408980 156 152.405 0.99999 2.36002 8.37826e-05 0.306746 0.00995025 0.000238954
ENSG00000156970.8 15 40453224 40453224 + 2 -44244 15_internal_7747 15 40336635 40408980 156 140.4 1.00004 1.95797 0.48434 0.058707 0.741294 0.749724
ENSG00000259288.1 15 40509629 40509629 + 2 -587497 15_internal_5879 15 39916561 39922132 156 158.696 1.00001 2.3618 0.433135 -0.0628967 0.756219 0.73398
ENSG00000137843.7 15 40509629 40509629 + 2 -100649 15_internal_7747 15 40336635 40408980 156 176.155 1.00003 2.23982 0.669884 -0.032679 0.925373 0.905055
ENSG00000259307.1 15 40592871 40592871 + 2 -670739 15_internal_5879 15 39916561 39922132 156 145.961 1.00004 1.76606 0.0536563 -0.154704 0.0895522 0.106877
ENSG00000137841.7 15 40600136 40600136 - 2 678004 15_internal_5879 15 39916561 39922132 156 130.025 1.00001 1.73053 0.627312 -0.0405624 0.835821 0.843571
ENSG00000259198.1 15 40604816 40604816 + 2 -195836 15_internal_7747 15 40336635 40408980 156 138.587 1.00004 2.24573 0.261405 0.0886562 0.537313 0.536434
ENSG00000259330.1 15 40617417 40617417 + 2 -695285 15_internal_5879 15 39916561 39922132 156 177.785 1.00001 2.31028 0.54692 0.0452291 0.825871 0.816609
ENSG00000252714.1 15 40623849 40623849 - 2 214869 15_internal_7747 15 40336635 40408980 156 139.44 0.999967 1.78801 0.16277 -0.111164 0.323383 0.309442
ENSG00000188549.8 15 40633168 40633168 - 2 224188 15_internal_7747 15 40336635 40408980 156 150.028 1.00002 1.67902 0.00191877 0.252114 0.00497512 0.00393757
ENSG00000233041.4 15 40643234 40643234 + 2 -234254 15_internal_7747 15 40336635 40408980 156 152.115 1.00004 2.08706 0.0997779 -0.131768 0.238806 0.205014
ENSG00000140323.4 15 40650436 40650436 + 2 -728304 15_internal_5879 15 39916561 39922132 156 156.396 0.999969 1.93683 0.59113 -0.0412893 0.820896 0.822719
ENSG00000128944.8 15 40674922 40674922 + 2 -265942 15_internal_7747 15 40336635 40408980 156 148.276 0.999974 1.88057 0.338681 -0.0772649 0.567164 0.556451
ENSG00000128928.4 15 40697686 40697686 + 2 -288706 15_internal_7747 15 40336635 40408980 156 186.103 0.999976 2.18533 0.360607 0.0741401 0.542289 0.566593
ENSG00000140320.7 15 40731920 40731920 + 2 -322940 15_internal_7747 15 40336635 40408980 156 148.825 1.00001 2.04141 0.225305 0.0994484 0.422886 0.423261
ENSG00000259364.1 15 40746838 40746838 - 2 824706 15_internal_5879 15 39916561 39922132 156 159.245 0.999996 1.98481 0.616758 0.0403427 0.850746 0.84814
ENSG00000259211.1 15 40758925 40758925 - 2 349945 15_internal_7747 15 40336635 40408980 156 146.235 0.999963 2.01936 0.616852 0.0387495 0.880597 0.864346
ENSG00000169105.6 15 40763160 40763160 + 2 -841028 15_internal_5879 15 39916561 39922132 156 144.879 1.00001 1.85043 0.0767198 -0.140315 0.154229 0.156863
ENSG00000259536.1 15 40780240 40780240 + 2 -858108 15_internal_5879 15 39916561 39922132 156 181.807 0.999983 2.09346 0.0288995 0.176999 0.0497512 0.0379593
ENSG00000128891.11 15 40857256 40857256 - 2 935124 15_internal_5879 15 39916561 39922132 156 166.253 1.00001 2.0747 0.0226379 0.189297 0.0497512 0.0382034
ENSG00000166133.13 15 40861499 40861499 + 2 -452519 15_internal_7747 15 40336635 40408980 156 139.181 0.999967 1.70345 0.0998078 0.127519 0.18408 0.19589
ENSG00000137812.14 15 40886218 40886218 + 2 -964086 15_internal_5879 15 39916561 39922132 156 159.001 1.00002 2.16436 0.572781 0.0448934 0.835821 0.838316
ENSG00000051180.12 15 40986972 40986972 + 1 -577992 15_internal_7747 15 40336635 40408980 156 181.335 1.00003 1.09998 0.595912 -0.0430948 0.606965 0.602176
ENSG00000245849.2 15 40987305 40987305 - 1 578325 15_internal_7747 15 40336635 40408980 156 139.973 0.999991 0.980448 0.00381561 -0.212974 0.0149254 0.00602657
ENSG00000137824.11 15 41048049 41048049 - 1 639069 15_internal_7747 15 40336635 40408980 156 133.027 1.00002 0.906516 0.159569 -0.114168 0.18408 0.177694
ENSG00000137880.4 15 41056218 41056218 + 1 -647238 15_internal_7747 15 40336635 40408980 156 159.443 1.00001 1.04748 0.19481 0.106028 0.233831 0.198001
ENSG00000188277.7 15 41062159 41062159 + 1 -653179 15_internal_7747 15 40336635 40408980 156 155.421 1.00002 0.956972 0.134695 0.116334 0.129353 0.129987
ENSG00000166140.12 15 41099284 41099284 + 1 -690304 15_internal_7747 15 40336635 40408980 156 139.288 1.00002 1.03073 0.737565 0.0276214 0.756219 0.76198
ENSG00000104129.4 15 41099675 41099675 - 1 690695 15_internal_7747 15 40336635 40408980 156 171.844 0.999987 0.99641 0.233947 0.0933081 0.21393 0.210843
ENSG00000166145.9 15 41136216 41136216 + 1 -727236 15_internal_7747 15 40336635 40408980 156 155.787 1.00002 0.954186 0.922828 -0.00751302 0.905473 0.913273
ENSG00000261183.1 15 41136585 41136585 - 1 727605 15_internal_7747 15 40336635 40408980 156 158.788 0.999968 1.01122 0.273415 0.0862919 0.293532 0.271736
ENSG00000104142.6 15 41186628 41186628 + 1 -777648 15_internal_7747 15 40336635 40408980 156 173.809 1 0.933714 0.11847 -0.122858 0.104478 0.0930434
ENSG00000251161.2 15 41199009 41199009 + 1 -790029 15_internal_7747 15 40336635 40408980 156 181.579 0.999993 1.03354 0.703266 -0.0301065 0.681592 0.693031
ENSG00000128965.7 15 41245160 41245160 + 1 -836180 15_internal_7747 15 40336635 40408980 156 164.074 1.00003 0.906513 0.295272 0.0829013 0.263682 0.260403
ENSG00000259617.1 15 41291472 41291472 + 1 -882492 15_internal_7747 15 40336635 40408980 156 169.787 1.00001 1.08505 0.230365 0.0887652 0.228856 0.226491
ENSG00000259463.1 15 41303795 41303795 + 1 -894815 15_internal_7747 15 40336635 40408980 156 121.113 1.00002 0.917178 0.0829891 -0.140916 0.0845771 0.116944
ENSG00000259521.1 15 41309005 41309005 + 1 -900025 15_internal_7747 15 40336635 40408980 156 146.677 0.999986 1.05492 0.601574 -0.0420481 0.641791 0.632348
ENSG00000259547.1 15 41401076 41401076 + 1 -992096 15_internal_7747 15 40336635 40408980 156 145.717 1.00003 0.953008 0.46085 0.0589814 0.452736 0.459896
ENSG00000128908.11 15 41408552 41408552 - 1 999572 15_internal_7747 15 40336635 40408980 156 193.553 1.00002 1.10067 0.999767 -2.3107e-05 1 0.999887
ENSG00000178997.7 15 41522941 41522941 - 0 NA NA NA NA NA NA NA NA NA NA NA NA NA
ENSG00000187446.7 15 41523037 41523037 + 0 NA NA NA NA NA NA NA NA NA NA NA NA NA
ENSG00000247556.2 15 41576188 41576188 + 0 NA NA NA NA NA NA NA NA NA NA NA NA NA
ENSG00000104147.4 15 41624819 41624819 - 0 NA NA NA NA NA NA NA NA NA NA NA NA NA
ENSG00000137804.8 15 41624892 41624892 + 0 NA NA NA NA NA NA NA NA NA NA NA NA NA
ENSG00000137806.4 15 41694717 41694717 - 0 NA NA NA NA NA NA NA NA NA NA NA NA NA
ENSG00000137815.10 15 41700606 41700606 + 0 NA NA NA NA NA NA NA NA NA NA NA NA NA
ENSG00000200407.1 15 41741042 41741042 - 0 NA NA NA NA NA NA NA NA NA NA NA NA NA
ENSG00000062524.11 15 41806085 41806085 - 0 NA NA NA NA NA NA NA NA NA NA NA NA NA
ENSG00000103932.6 15 41836467 41836467 - 0 NA NA NA NA NA NA NA NA NA NA NA NA NA
ENSG00000092445.7 15 41849873 41849873 + 0 NA NA NA NA NA NA NA NA NA NA NA NA NA
ENSG00000174197.12 15 41913422 41913422 + 1 953527 15_internal_5667 15 42866949 42874552 156 163.876 0.999969 0.993775 0.630754 -0.0392686 0.61194 0.619946
ENSG00000260814.1 15 42064930 42064930 - 1 -802019 15_internal_5667 15 42866949 42874552 156 157.874 0.999987 0.997829 0.427708 -0.0652042 0.427861 0.424252
ENSG00000137802.9 15 42066632 42066632 + 1 800317 15_internal_5667 15 42866949 42874552 156 140.248 1 0.965971 0.312736 -0.0772659 0.333333 0.329196
ENSG00000268632.1 15 42076229 42076229 - 1 -790720 15_internal_5667 15 42866949 42874552 156 135.403 0.999973 0.973451 0.670814 0.0350659 0.696517 0.682417
ENSG00000250379.1 15 42120134 42120134 - 1 -746815 15_internal_5667 15 42866949 42874552 156 152.984 0.999973 1.16244 0.832477 -0.0164882 0.865672 0.876077
ENSG00000168970.15 15 42120283 42120283 + 1 746666 15_internal_5667 15 42866949 42874552 156 163.541 0.999969 0.937672 0.0399505 0.159639 0.0597015 0.0332565
ENSG00000243789.6 15 42120283 42120283 + 1 746666 15_internal_5667 15 42866949 42874552 156 144.285 1.00004 1.0667 0.0262056 0.17231 0.0348259 0.0346633
ENSG00000243708.2 15 42129973 42129973 + 1 736976 15_internal_5667 15 42866949 42874552 156 156.274 0.999972 0.989877 0.113919 0.123566 0.129353 0.112525
ENSG00000174171.3 15 42184991 42184991 + 1 681958 15_internal_5667 15 42866949 42874552 156 216.359 0.999988 1.07984 0.295879 0.0830963 0.228856 0.233318
ENSG00000137877.8 15 42186275 42186275 - 1 -680674 15_internal_5667 15 42866949 42874552 156 154.202 1.00004 1.04754 0.370443 0.0709545 0.40796 0.386976
ENSG00000260556.1 15 42189688 42189688 + 1 677261 15_internal_5667 15 42866949 42874552 156 169.498 0.999999 0.965166 0.945374 0.00548197 0.955224 0.937079
ENSG00000259883.1 15 42213615 42213615 + 1 653334 15_internal_5667 15 42866949 42874552 156 137.17 0.999959 0.950157 0.583674 0.0461786 0.577114 0.588692
ENSG00000103966.5 15 42264776 42264776 - 1 -602173 15_internal_5667 15 42866949 42874552 156 148.688 0.99997 0.86763 0.784258 0.0222937 0.761194 0.741038
ENSG00000246740.2 15 42264961 42264961 + 1 601988 15_internal_5667 15 42866949 42874552 156 105.711 0.999968 0.778444 0.159817 -0.112971 0.19403 0.198638
ENSG00000166887.11 15 42500514 42500514 - 1 -366435 15_internal_5667 15 42866949 42874552 156 186.118 1.00002 1.04242 0.349954 0.0762023 0.323383 0.317859
ENSG00000261002.1 15 42500611 42500611 + 1 366338 15_internal_5667 15 42866949 42874552 156 134.169 1.00003 0.919809 0.582911 -0.0439649 0.567164 0.580057
ENSG00000214013.5 15 42565431 42565431 + 1 301518 15_internal_5667 15 42866949 42874552 156 170.488 1.00002 0.930726 0.931194 -0.00706587 0.910448 0.91368
ENSG00000103978.11 15 42565861 42565861 - 1 -301088 15_internal_5667 15 42866949 42874552 156 173.032 1.00003 1.10328 0.227172 -0.0982154 0.20398 0.221814
ENSG00000260571.1 15 42605885 42605885 + 1 261064 15_internal_5667 15 42866949 42874552 156 153.608 0.999975 1.18219 0.180083 0.106852 0.223881 0.21308
ENSG00000258461.1 15 42640301 42640301 + 1 226648 15_internal_5667 15 42866949 42874552 156 157.249 0.999975 1.02421 0.15723 0.115233 0.169154 0.15903
ENSG00000092529.18 15 42640301 42640301 + 1 226648 15_internal_5667 15 42866949 42874552 156 149.861 0.999986 0.921811 0.156416 0.115745 0.154229 0.152999
ENSG00000201077.1 15 42719895 42719895 - 1 -147054 15_internal_5667 15 42866949 42874552 156 147.118 1.00003 0.870264 0.314541 0.0826266 0.288557 0.29313
ENSG00000103994.11 15 42783321 42783321 - 1 -83628 15_internal_5667 15 42866949 42874552 156 137.658 0.999983 0.945402 0.346816 0.0758486 0.368159 0.360638
ENSG00000092531.5 15 42783431 42783431 + 1 83518 15_internal_5667 15 42866949 42874552 156 132.905 1.00003 1.02928 0.910902 0.00920481 0.915423 0.923558
ENSG00000261684.1 15 42825038 42825038 - 2 -41911 15_internal_5667 15 42866949 42874552 156 177.145 1 2.07945 0.377593 0.0735343 0.60199 0.587789
ENSG00000180979.5 15 42841000 42841000 - 2 -960702 15_internal_6379 15 43801702 44038503 156 161.621 0.999966 2.32178 0.16884 0.109459 0.348259 0.335374
ENSG00000137814.4 15 42841008 42841008 + 2 25941 15_internal_5667 15 42866949 42874552 156 126.461 1.00005 1.69184 0.227243 0.098933 0.442786 0.422492
ENSG00000261822.1 15 42862192 42862192 - 2 -939510 15_internal_6379 15 43801702 44038503 156 161.713 1.00001 1.83393 0.0277701 -0.16999 0.0547264 0.0454652
ENSG00000260490.2 15 42864125 42864125 + 2 2824 15_internal_5667 15 42866949 42874552 156 188.891 1.00003 1.94141 0.124193 -0.122944 0.18408 0.168378
ENSG00000159433.7 15 42867857 42867857 + 2 0 15_internal_5667 15 42866949 42874552 156 176.993 1.00002 1.98235 0.0979198 0.135516 0.144279 0.148445
ENSG00000140326.8 15 43029324 43029324 - 2 -772378 15_internal_6379 15 43801702 44038503 156 181.015 1.00004 2.33542 0.369976 -0.0708884 0.61194 0.613062
ENSG00000246283.2 15 43031316 43031316 + 2 -156764 15_internal_5667 15 42866949 42874552 156 163.602 0.999967 1.89801 0.196044 0.102713 0.338308 0.322511
ENSG00000260799.1 15 43094603 43094603 - 2 -707099 15_internal_6379 15 43801702 44038503 156 178.714 0.999961 2.08443 0.206361 -0.0965031 0.328358 0.33226
ENSG00000128881.12 15 43213007 43213007 - 2 338455 15_internal_5667 15 42866949 42874552 156 125.699 0.999993 1.63118 0.124569 0.127507 0.248756 0.259429
ENSG00000254793.1 15 43232556 43232556 - 2 -569146 15_internal_6379 15 43801702 44038503 156 154.538 1.00004 1.95429 0.082517 -0.138573 0.149254 0.157512
ENSG00000159459.7 15 43398311 43398311 - 2 -403391 15_internal_6379 15 43801702 44038503 156 141.863 0.999959 2.1303 0.398625 -0.0683119 0.666667 0.687741
ENSG00000205871.4 15 43408691 43408691 - 2 -393011 15_internal_6379 15 43801702 44038503 156 166.557 0.999962 2.11785 0.291429 -0.0822534 0.467662 0.49485
ENSG00000137842.2 15 43415477 43415477 + 2 -540925 15_internal_5667 15 42866949 42874552 156 176.003 0.999982 2.2256 0.258643 0.0942844 0.467662 0.441244
ENSG00000166946.8 15 43477316 43477316 + 2 -602764 15_internal_5667 15 42866949 42874552 156 170.61 0.999991 1.93749 0.127575 -0.12175 0.19403 0.203851
ENSG00000261687.1 15 43477339 43477339 - 2 602787 15_internal_5667 15 42866949 42874552 156 138.359 0.999992 1.92105 0.0426591 0.165558 0.0895522 0.105375
ENSG00000166947.7 15 43513481 43513481 - 2 -288221 15_internal_6379 15 43801702 44038503 156 161.134 1.00004 2.08397 0.221933 0.0941653 0.393035 0.395287
ENSG00000168806.6 15 43622803 43622803 - 2 -178899 15_internal_6379 15 43801702 44038503 156 197.179 1.00001 2.46397 0.120994 0.114914 0.18408 0.188288
ENSG00000168803.10 15 43622872 43622872 + 2 178830 15_internal_6379 15 43801702 44038503 156 163.724 0.999997 1.82962 0.330189 0.0761682 0.482587 0.504152
ENSG00000137822.8 15 43661419 43661419 + 2 -786867 15_internal_5667 15 42866949 42874552 156 159.123 1 1.97945 0.740681 -0.0275834 0.915423 0.929539
ENSG00000140265.8 15 43663223 43663223 - 2 788671 15_internal_5667 15 42866949 42874552 156 144.468 1.00001 1.89125 0.33271 0.0799893 0.572139 0.558912
ENSG00000243871.2 15 43683925 43683925 - 2 -117777 15_internal_6379 15 43801702 44038503 156 155.589 0.999972 2.13137 0.0898765 0.132623 0.169154 0.182686
ENSG00000067369.8 15 43802926 43802926 - 2 928374 15_internal_5667 15 42866949 42874552 156 158.498 0.999988 2.16661 0.335026 -0.0807326 0.572139 0.581672
ENSG00000166963.8 15 43803156 43803156 + 2 -928604 15_internal_5667 15 42866949 42874552 156 165.156 1.00004 2.11333 0.074021 -0.150717 0.134328 0.134386
ENSG00000168781.16 15 43941127 43941127 - 1 0 15_internal_6379 15 43801702 44038503 156 139.669 0.999973 0.919364 0.0499823 0.151842 0.0547264 0.058714
