ENSG00000183431.7 1 38456593 38456593 - 2 0 1_internal_24371 1 38348967 38476389 0.000152421 0.303429 1
ENSG00000212541.1 1 38457134 38457134 + 2 0 1_internal_24371 1 38348967 38476389 1.88057e-07 0.410054 1
ENSG00000183386.5 1 38471278 38471278 - 2 0 1_internal_24371 1 38348967 38476389 5.2131e-14 0.545156 1
ENSG00000131233.8 1 39347289 39347289 - 5 961720 1_internal_19398 1 38290154 38385569 0.000248564 0.289193 1
ENSG00000127603.18 1 39546988 39546988 + 3 110315 1_internal_27238 1 39657303 39866790 2.48069e-10 0.477461 1
ENSG00000226438.1 1 39723321 39723321 - 3 0 1_internal_27238 1 39657303 39866790 0.000139597 0.289051 1
ENSG00000213172.3 1 40830438 40830438 + 4 0 1_internal_23994 1 40804019 40881903 1.13076e-11 0.498458 1
ENSG00000200169.1 1 45196842 45196842 - 4 -52050 1_internal_17374 1 45248892 45281876 0.000189804 -0.288731 1
ENSG00000123080.6 1 51426417 51426417 + 3 6439 1_internal_16428 1 51432856 51444400 8.93347e-06 0.339848 1
ENSG00000157216.10 1 54879152 54879152 - 7 0 1_internal_23275 1 54763261 54956785 4.86678e-06 0.351694 1
ENSG00000157216.10 1 54879152 54879152 - 7 -3159 1_internal_17483 1 54882311 54928407 7.42412e-05 0.312179 0
ENSG00000244324.1 1 55316072 55316072 - 6 0 1_internal_20146 1 55269941 55350675 9.854e-05 0.304022 1
ENSG00000116133.7 1 55352891 55352891 - 6 2216 1_internal_20146 1 55269941 55350675 8.79371e-07 0.376089 1
ENSG00000173406.10 1 59012406 59012406 - 5 153932 1_internal_17071 1 58451943 58858474 2.59027e-10 0.492005 1
ENSG00000162600.6 1 59012474 59012474 - 5 150037 1_internal_22294 1 57022795 58862437 4.19675e-05 0.329288 0
ENSG00000162600.6 1 59012474 59012474 - 5 154000 1_internal_17071 1 58451943 58858474 7.32114e-10 0.480516 1
ENSG00000185839.2 1 59097202 59097202 - 5 238728 1_internal_17071 1 58451943 58858474 6.69014e-05 -0.312675 1
ENSG00000158966.9 1 64936428 64936428 + 4 0 1_internal_20050 1 64935530 65017559 0.000112981 0.301408 1
