ENSG00000152760.4 1 67218142 67218142 + 7 -12119 1_internal_16923 1 67197259 67206023 2.16618e-21 0.652072 1
ENSG00000152760.4 1 67218142 67218142 + 7 12454 1_internal_19770 1 67230596 67233869 4.08724e-08 0.411828 0
ENSG00000233994.2 1 72740235 72740235 + 1 5999 1_internal_23520 1 72746234 72756238 4.20012e-12 0.512632 1
ENSG00000172260.8 1 72748417 72748417 - 1 0 1_internal_23520 1 72746234 72756238 5.70508e-25 0.731899 1
ENSG00000162623.10 1 75198836 75198836 + 1 0 1_internal_18032 1 75138997 75201091 8.20756e-05 0.311744 1
ENSG00000116791.9 1 75199092 75199092 - 1 0 1_internal_18032 1 75138997 75201091 1.8995e-05 0.341012 1
ENSG00000184005.9 1 76540404 76540404 + 1 0 1_internal_23623 1 76488961 76967920 3.04745e-13 0.542244 1
ENSG00000162614.13 1 78354198 78354198 + 6 728919 1_internal_24992 1 79083117 79117898 2.31843e-09 0.46253 1
ENSG00000122420.5 1 78769568 78769568 + 5 187350 1_internal_18243 1 78956918 79120092 2.25207e-09 0.472985 1
ENSG00000137959.10 1 79085607 79085607 + 3 0 1_internal_18243 1 78956918 79120092 0.000257688 0.293952 0
ENSG00000137959.10 1 79085607 79085607 + 3 0 1_internal_24992 1 79083117 79117898 2.38447e-15 0.58684 1
ENSG00000137965.6 1 79115481 79115481 + 3 0 1_internal_18243 1 78956918 79120092 1.59841e-06 0.380136 0
ENSG00000137965.6 1 79115481 79115481 + 3 0 1_internal_24992 1 79083117 79117898 2.38018e-20 0.662301 1
ENSG00000238015.2 1 79131957 79131957 + 2 -14059 1_internal_24992 1 79083117 79117898 9.57396e-07 0.390545 1
ENSG00000153898.8 1 85462796 85462796 - 6 4983 1_internal_19130 1 85354241 85457813 3.5004e-16 0.604684 1
ENSG00000223653.1 1 85742398 85742398 + 5 0 1_internal_16207 1 85724007 85745675 4.21906e-05 0.320071 1
ENSG00000117228.9 1 89531043 89531043 - 17 -129659 1_internal_21340 1 89660702 90205869 3.83827e-11 0.489923 1
ENSG00000117228.9 1 89531043 89531043 - 17 -292199 1_internal_17176 1 89823242 90024316 9.09877e-05 0.302724 0
ENSG00000234518.1 1 89570450 89570450 - 17 -90252 1_internal_21340 1 89660702 90205869 1.1885e-07 0.407626 1
ENSG00000162645.8 1 89616139 89616139 - 17 126596 1_internal_17465 1 89482001 89489543 3.60297e-05 0.32787 0
ENSG00000162645.8 1 89616139 89616139 - 17 -44563 1_internal_21340 1 89660702 90205869 2.3018e-11 0.50659 1
ENSG00000162654.8 1 89664615 89664615 - 17 0 1_internal_17061 1 89588669 89778953 9.03412e-08 0.414533 0
ENSG00000162654.8 1 89664615 89664615 - 17 0 1_internal_21340 1 89660702 90205869 3.67989e-12 0.522759 1
ENSG00000162654.8 1 89664615 89664615 - 17 0 1_internal_16513 1 89663180 89821491 7.47882e-07 0.386735 0
ENSG00000237568.1 1 89726265 89726265 + 17 0 1_internal_21340 1 89660702 90205869 1.18028e-10 0.481319 1
ENSG00000237568.1 1 89726265 89726265 + 17 0 1_internal_16513 1 89663180 89821491 5.74049e-05 0.313122 0
ENSG00000154451.10 1 89738544 89738544 - 17 0 1_internal_21340 1 89660702 90205869 6.21112e-11 0.490833 1
ENSG00000225492.2 1 89873238 89873238 + 17 -94285 1_internal_17061 1 89588669 89778953 7.11868e-07 0.391691 1
ENSG00000225492.2 1 89873238 89873238 + 17 0 1_internal_21340 1 89660702 90205869 2.5411e-05 0.336272 0
ENSG00000225492.2 1 89873238 89873238 + 17 0 1_internal_17176 1 89823242 90024316 7.38626e-05 0.317055 0
ENSG00000197147.7 1 89990395 89990395 + 17 0 1_internal_17176 1 89823242 90024316 6.66762e-16 0.575731 0
ENSG00000197147.7 1 89990395 89990395 + 17 0 1_internal_17546 1 89988263 90065254 1.43493e-29 0.736248 1
ENSG00000251289.1 1 90050047 90050047 + 17 -25731 1_internal_17176 1 89823242 90024316 5.33811e-16 0.581397 0
ENSG00000251289.1 1 90050047 90050047 + 17 0 1_internal_17546 1 89988263 90065254 1.28484e-28 0.733169 1
ENSG00000231999.2 1 90098453 90098453 - 17 74137 1_internal_17176 1 89823242 90024316 1.25805e-12 0.51462 0
ENSG00000231999.2 1 90098453 90098453 - 17 33199 1_internal_17546 1 89988263 90065254 5.99334e-25 0.68901 1
ENSG00000171488.9 1 90098631 90098631 + 17 0 1_internal_17173 1 89724158 90169094 5.33567e-05 0.313603 1
ENSG00000171492.10 1 90286573 90286573 + 18 21335 1_internal_22468 1 90307908 90378233 6.07633e-07 0.381626 1
ENSG00000069702.6 1 92371892 92371892 - 6 207630 1_internal_25522 1 91965494 92164262 2.88839e-05 0.323986 1
ENSG00000154511.7 1 93427057 93427057 - 7 0 1_internal_17134 1 93421689 93436076 0.000124782 0.308975 1
ENSG00000234332.1 1 100859582 100859582 - 11 0 1_internal_22155 1 100816348 100925180 1.43119e-06 0.379201 1
ENSG00000134215.11 1 108507766 108507766 - 10 0 1_internal_17046 1 100502259 108508796 0.000139393 0.298045 0
ENSG00000134215.11 1 108507766 108507766 - 10 0 1_internal_16336 1 101773477 108626743 1.8001e-06 0.370865 1
ENSG00000134215.11 1 108507766 108507766 - 10 6431 1_internal_24549 1 108327142 108501335 3.00245e-06 0.366915 0
ENSG00000134215.11 1 108507766 108507766 - 10 0 1_internal_16715 1 108476257 108597922 1.03694e-05 0.342223 0
ENSG00000226822.1 1 108614104 108614104 + 10 -16182 1_internal_16715 1 108476257 108597922 3.71493e-07 0.394727 1
ENSG00000162636.11 1 109102711 109102711 + 10 24079 1_internal_18163 1 109126790 109135589 3.02014e-07 0.399335 1
ENSG00000162636.11 1 109102711 109102711 + 10 82169 1_internal_17952 1 109184880 109248408 0.000170024 -0.298634 0
ENSG00000162639.11 1 109204148 109204148 - 13 0 1_internal_16617 1 109185010 109205256 1.84782e-05 0.337816 1
ENSG00000168765.10 1 110198703 110198703 + 8 0 1_internal_19823 1 110185516 110231774 4.70191e-08 0.431379 0
ENSG00000168765.10 1 110198703 110198703 + 8 0 1_internal_21246 1 110197700 110337702 2.36994e-17 0.630391 1
ENSG00000213366.7 1 110210644 110210644 + 8 0 1_internal_17193 1 110182399 110212606 6.19849e-05 0.323461 0
ENSG00000213366.7 1 110210644 110210644 + 8 0 1_internal_19823 1 110185516 110231774 5.00488e-22 0.693208 1
ENSG00000213366.7 1 110210644 110210644 + 8 0 1_internal_21246 1 110197700 110337702 1.37587e-08 0.448654 0
ENSG00000241720.1 1 110230450 110230450 + 8 0 1_internal_19823 1 110185516 110231774 5.37422e-29 0.757664 1
ENSG00000241720.1 1 110230450 110230450 + 8 0 1_internal_21246 1 110197700 110337702 3.09225e-07 0.403115 0
ENSG00000134255.9 1 111682249 111682249 + 8 0 1_internal_23850 1 111669134 111706545 1.59382e-09 0.465135 0
ENSG00000134255.9 1 111682249 111682249 + 8 38164 1_internal_15809 1 111720413 111773409 5.70274e-12 0.518416 1
ENSG00000156171.9 1 111682838 111682838 - 8 0 1_internal_23850 1 111669134 111706545 4.13172e-09 0.424924 0
ENSG00000156171.9 1 111682838 111682838 - 8 -37575 1_internal_15809 1 111720413 111773409 1.93015e-09 0.430036 1
ENSG00000064886.8 1 111743393 111743393 + 8 0 1_internal_15809 1 111720413 111773409 3.20044e-09 0.438173 1
ENSG00000162777.12 1 111747157 111747157 - 8 0 1_internal_15809 1 111720413 111773409 5.34009e-08 0.420515 1
ENSG00000116473.10 1 112084840 112084840 + 9 78321 1_internal_15958 1 112163161 112215940 9.68727e-06 0.347943 1
ENSG00000231346.1 1 112151345 112151345 - 9 444800 1_internal_23850 1 111669134 111706545 0.00023348 0.289565 1
