ENSG00000222421.1 9 130595022 130595022 - 12 0 9_internal_10444 9 130594590 130683929 2.88209e-05 0.339096 1
ENSG00000222296.1 9 130596321 130596321 - 12 0 9_internal_10444 9 130594590 130683929 4.02343e-05 0.316803 1
ENSG00000106991.8 9 130617035 130617035 - 12 0 9_internal_10444 9 130594590 130683929 1.73695e-05 0.326325 1
ENSG00000106992.13 9 130640022 130640022 - 12 0 9_internal_10444 9 130594590 130683929 2.97237e-05 0.3235 1
ENSG00000257524.1 9 130649066 130649066 - 14 0 9_internal_10444 9 130594590 130683929 1.76882e-06 0.356966 1
ENSG00000160408.9 9 130667687 130667687 - 14 0 9_internal_10444 9 130594590 130683929 2.02539e-07 0.381668 1
ENSG00000136840.13 9 130679317 130679317 - 14 0 9_internal_10444 9 130594590 130683929 1.87412e-05 0.33922 1
ENSG00000204054.5 9 132245730 132245730 + 12 0 9_internal_7734 9 132199304 132254290 1.54368e-06 0.347927 1
ENSG00000228932.1 9 132891870 132891870 + 8 -637580 9_internal_7734 9 132199304 132254290 0.000157353 0.282819 1
ENSG00000130723.13 9 134269480 134269480 + 5 -30218 9_internal_6790 9 134233037 134239262 5.51464e-07 0.396852 1
ENSG00000240853.2 9 134600854 134600854 - 5 0 9_internal_10173 9 134464678 134623199 3.50857e-05 0.327049 1
ENSG00000107263.13 9 134615461 134615461 - 5 0 9_internal_10173 9 134464678 134623199 1.27011e-07 0.411303 1
ENSG00000130558.14 9 137967268 137967268 + 3 0 9_internal_6850 9 137966825 137980042 3.27585e-10 0.474096 1
ENSG00000187796.9 9 139268133 139268133 - 11 0 9_internal_7030 9 139256775 139272773 6.53547e-06 0.33673 1
ENSG00000165802.14 9 140353786 140353786 - 18 3367 9_internal_6767 9 140079329 140350419 1.23376e-08 0.428298 0
ENSG00000165802.14 9 140353786 140353786 - 18 0 9_internal_7671 9 140339201 140357725 9.56935e-14 0.540668 1
ENSG00000159247.7 9 141044565 141044565 + 16 0 9_internal_9437 9 141043961 141111324 3.3098e-08 0.425113 1
ENSG00000233013.3 9 141106637 141106637 + 16 0 9_internal_9437 9 141043961 141111324 1.45531e-11 0.511126 1
ENSG00000233013.3 9 141106637 141106637 + 16 489 9_internal_7378 9 141107126 141110122 5.68656e-07 0.391512 0
