ENSG00000230575.1 10 78198533 78198533 - 2 935346 10_internal_8434 10 77258807 77263187 0.000162032 0.296152 1
ENSG00000108175.12 10 80828792 80828792 + 4 1556 10_internal_8411 10 80830348 80916653 7.9683e-07 0.383861 1
ENSG00000108175.12 10 80828792 80828792 + 4 166959 10_internal_8163 10 80995751 81037802 0.000186314 0.295557 0
ENSG00000226659.1 10 82295698 82295698 - 2 0 10_internal_7884 10 82282147 82297131 2.37353e-05 0.314562 1
ENSG00000107771.11 10 86088342 86088342 + 2 0 10_internal_11423 10 86087323 86190436 9.49996e-06 0.347215 1
ENSG00000173267.9 10 88718375 88718375 + 4 0 10_internal_9338 10 88708720 88732311 0.000120061 0.30717 1
ENSG00000148671.8 10 88727949 88727949 + 4 0 10_internal_9338 10 88708720 88732311 8.88032e-08 0.416553 1
ENSG00000151303.10 10 88728247 88728247 + 4 0 10_internal_9338 10 88708720 88732311 2.21373e-07 0.401423 1
ENSG00000233165.1 10 88729158 88729158 - 4 0 10_internal_9338 10 88708720 88732311 2.26786e-06 0.365438 1
ENSG00000173269.6 10 88729238 88729238 - 4 0 10_internal_9338 10 88708720 88732311 7.50478e-07 0.380242 1
ENSG00000184923.7 10 88985205 88985205 + 4 114742 10_internal_7762 10 89099947 89104672 4.76887e-08 0.419279 1
ENSG00000223482.1 10 89102369 89102369 - 4 0 10_internal_7762 10 89099947 89104672 2.0076e-18 0.637972 1
ENSG00000224914.1 10 89102681 89102681 + 4 0 10_internal_7762 10 89099947 89104672 7.7109e-13 0.548369 1
ENSG00000214562.6 10 89117425 89117425 + 4 -12753 10_internal_7762 10 89099947 89104672 9.70459e-10 0.476836 1
ENSG00000180139.9 10 90692428 90692428 + 5 50833 10_internal_8834 10 90743261 90767912 4.85597e-16 0.567259 1
ENSG00000026103.15 10 90750414 90750414 + 5 0 10_internal_8834 10 90743261 90767912 1.12292e-24 0.67557 1
ENSG00000107796.8 10 90751147 90751147 - 5 0 10_internal_8834 10 90743261 90767912 1.31751e-22 0.651987 1
ENSG00000261438.1 10 90775593 90775593 + 5 -7681 10_internal_8834 10 90743261 90767912 1.98016e-10 0.476865 1
ENSG00000119922.7 10 91061712 91061712 + 5 24705 10_internal_10703 10 91086417 91180059 7.04195e-10 0.469345 1
ENSG00000119917.9 10 91087651 91087651 + 5 0 10_internal_10703 10 91086417 91180059 1.81074e-10 0.483618 1
ENSG00000204010.3 10 91137813 91137813 + 5 0 10_internal_10703 10 91086417 91180059 7.85719e-06 0.347262 1
ENSG00000185745.8 10 91152303 91152303 + 5 0 10_internal_10703 10 91086417 91180059 1.27103e-10 0.491633 1
ENSG00000152778.7 10 91174343 91174343 + 5 -62926 10_internal_7862 10 91053587 91111417 3.2829e-06 0.377149 0
ENSG00000152778.7 10 91174343 91174343 + 5 0 10_internal_7848 10 91059726 91176672 1.7099e-10 0.501744 0
ENSG00000152778.7 10 91174343 91174343 + 5 0 10_internal_10703 10 91086417 91180059 2.11746e-15 0.601307 1
ENSG00000180628.10 10 92979908 92979908 + 1 0 10_internal_10389 10 92948570 92986510 8.23375e-08 0.398389 1
ENSG00000119977.14 10 97454712 97454712 - 5 -94460 10_internal_8534 10 97549172 97592885 4.76797e-06 0.356177 1
ENSG00000138185.11 10 97454774 97454774 + 5 59099 10_internal_11644 10 97513873 97594747 3.21274e-06 0.360391 0
ENSG00000138185.11 10 97454774 97454774 + 5 94398 10_internal_8534 10 97549172 97592885 1.46676e-10 0.480046 1
ENSG00000173088.7 10 97620305 97620305 + 5 -25558 10_internal_11644 10 97513873 97594747 6.63531e-06 0.337931 0
ENSG00000173088.7 10 97620305 97620305 + 5 -27420 10_internal_8534 10 97549172 97592885 4.09534e-07 0.375763 1
ENSG00000226688.1 10 97849995 97849995 - 5 255248 10_internal_11644 10 97513873 97594747 4.32716e-05 0.310637 1
ENSG00000226688.1 10 97849995 97849995 - 5 257110 10_internal_8534 10 97549172 97592885 5.42052e-05 0.306075 0
