ENSG00000173473.6 3 47823596 47823596 - 4 -693161 3_internal_11460 3 48516757 48543234 0.000243945 -0.28214 1
ENSG00000235908.1 3 49404439 49404439 - 7 799894 3_internal_11496 3 48537981 48604545 0.000186521 -0.284842 1
ENSG00000186792.11 3 50336899 50336899 - 7 5622 3_internal_11896 3 50158655 50331277 0.000143601 0.299093 1
ENSG00000163935.8 3 53080766 53080766 - 5 0 3_internal_14264 3 53050743 53216034 1.86816e-07 0.409742 0
ENSG00000163935.8 3 53080766 53080766 - 5 9733 3_internal_11576 3 53056498 53071033 1.21442e-09 0.458648 1
ENSG00000163947.7 3 57113357 57113357 - 7 276613 3_internal_12056 3 56784925 56836744 2.76877e-05 0.329427 1
ENSG00000136068.10 3 57994127 57994127 + 4 -23721 3_internal_12169 3 57944706 57970406 3.15498e-20 0.646675 1
ENSG00000136068.10 3 57994127 57994127 + 4 -21711 3_internal_11046 3 57952494 57972416 2.47243e-10 0.474538 0
ENSG00000136068.10 3 57994127 57994127 + 4 0 3_internal_16799 3 57984093 58102891 9.14409e-08 0.407779 0
ENSG00000244161.1 3 58156363 58156363 - 4 185957 3_internal_12169 3 57944706 57970406 5.38855e-19 0.635805 1
ENSG00000244161.1 3 58156363 58156363 - 4 183947 3_internal_11046 3 57952494 57972416 6.77552e-11 0.491803 0
ENSG00000244161.1 3 58156363 58156363 - 4 53472 3_internal_16799 3 57984093 58102891 1.56831e-06 0.373017 0
ENSG00000144749.9 3 66551687 66551687 - 7 0 3_internal_16708 3 66442927 66552868 1.45648e-24 0.717555 1
ENSG00000114541.10 3 69591734 69591734 - 2 0 3_internal_12354 3 69548891 69611370 2.03227e-07 0.398808 1
ENSG00000170837.2 3 71803201 71803201 + 19 0 3_internal_17172 3 71649881 71837222 1.14521e-11 0.526515 1
ENSG00000163412.7 3 71803924 71803924 - 19 0 3_internal_17172 3 71649881 71837222 1.12493e-33 0.793058 1
ENSG00000163421.4 3 71834357 71834357 - 19 0 3_internal_17172 3 71649881 71837222 2.15351e-08 0.447755 1
ENSG00000163602.8 3 72496069 72496069 - 9 61229 3_internal_13990 3 72276375 72434840 2.76439e-07 0.387643 1
ENSG00000238278.3 3 75464221 75464221 + 4 0 3_internal_14821 3 75297208 75629695 2.12722e-09 0.447614 1
ENSG00000238278.3 3 75464221 75464221 + 4 243035 3_internal_11249 3 75707256 75722143 4.99787e-05 0.310946 0
ENSG00000244026.1 3 75484261 75484261 - 4 0 3_internal_14821 3 75297208 75629695 3.55559e-12 0.522579 1
ENSG00000239959.1 3 75540353 75540353 - 4 0 3_internal_14821 3 75297208 75629695 4.38133e-10 0.479736 1
ENSG00000242516.1 3 75721542 75721542 + 4 0 3_internal_11249 3 75707256 75722143 1.52325e-08 0.425993 1
ENSG00000227124.4 3 75834734 75834734 - 4 205039 3_internal_14821 3 75297208 75629695 0.000124305 0.306033 1
ENSG00000233280.1 3 97540884 97540884 + 5 139625 3_internal_15366 3 97680509 97758865 2.25303e-05 0.329987 0
ENSG00000233280.1 3 97540884 97540884 + 5 167829 3_internal_11603 3 97708713 97749069 1.50949e-08 0.428104 1
ENSG00000080200.5 3 97595819 97595819 + 5 84690 3_internal_15366 3 97680509 97758865 4.97303e-06 0.355253 0
ENSG00000080200.5 3 97595819 97595819 + 5 112894 3_internal_11603 3 97708713 97749069 1.28511e-09 0.457377 1
ENSG00000170854.12 3 97691301 97691301 - 5 0 3_internal_15366 3 97680509 97758865 1.76889e-05 0.333927 0
ENSG00000170854.12 3 97691301 97691301 - 5 -17412 3_internal_11603 3 97708713 97749069 3.99053e-07 0.387183 1
