ENSG00000172728.11 8 33330940 33330940 - 3 -38532 8_internal_7456 8 33369472 33414618 5.68048e-09 0.455421 0
ENSG00000172728.11 8 33330940 33330940 - 3 -49929 8_internal_6979 8 33380869 33395135 1.21472e-11 -0.515139 1
ENSG00000253123.1 8 37189502 37189502 - 5 0 8_internal_7873 8 37118143 37414142 4.8177e-08 0.406071 1
ENSG00000070718.7 8 42010464 42010464 + 9 0 8_internal_7002 8 41904119 42014059 0.000129098 0.295519 1
ENSG00000169122.7 8 58907068 58907068 + 5 0 8_internal_8890 8 58787754 59292370 0.000230836 0.294273 0
ENSG00000169122.7 8 58907068 58907068 + 5 103711 8_internal_7459 8 59010779 59059656 1.76225e-06 0.375943 1
ENSG00000171316.6 8 61591337 61591337 + 8 0 8_internal_9231 8 61519777 61650487 1.33737e-08 0.431174 0
ENSG00000171316.6 8 61591337 61591337 + 8 621 8_internal_9291 8 61591958 61699748 8.02758e-13 0.530054 1
ENSG00000171316.6 8 61591337 61591337 + 8 186042 8_internal_7995 8 61777379 61844333 4.57728e-05 0.317737 0
ENSG00000171316.6 8 61591337 61591337 + 8 219771 8_internal_10959 8 61811108 61928188 1.28353e-08 0.432679 0
ENSG00000171316.6 8 61591337 61591337 + 8 287036 8_internal_8096 8 61878373 61889214 1.71575e-06 0.368604 0
ENSG00000254777.1 8 61822612 61822612 + 8 -78555 8_internal_8087 8 61737558 61744057 0.000129538 0.3062 0
ENSG00000254777.1 8 61822612 61822612 + 8 0 8_internal_7995 8 61777379 61844333 4.50765e-10 0.476786 0
ENSG00000254777.1 8 61822612 61822612 + 8 35345 8_internal_7257 8 61857957 61913121 2.06871e-05 0.33655 0
ENSG00000254777.1 8 61822612 61822612 + 8 55761 8_internal_8096 8 61878373 61889214 3.29947e-13 0.543896 1
ENSG00000254802.1 8 61880334 61880334 - 8 36001 8_internal_7995 8 61777379 61844333 4.21998e-10 0.456871 0
ENSG00000254802.1 8 61880334 61880334 - 8 0 8_internal_8096 8 61878373 61889214 3.87488e-12 0.499789 1
ENSG00000147576.11 8 67342420 67342420 + 7 8778 8_internal_10249 8 67351198 67593725 1.72409e-06 0.379642 1
ENSG00000147576.11 8 67342420 67342420 + 7 81807 8_internal_7255 8 67424227 67461446 0.00023506 0.296686 0
ENSG00000169085.6 8 67372238 67372238 + 7 0 8_internal_10249 8 67351198 67593725 4.82569e-08 0.425371 1
ENSG00000140396.7 8 71316040 71316040 - 4 1591 8_internal_10176 8 71122896 71314449 5.22045e-07 0.371968 1
