ENSG00000099804.3 19 531714 531714 + 13 33776 19_internal_6265 19 565490 796992 7.73832e-05 0.304378 0
ENSG00000099804.3 19 531714 531714 + 13 56158 19_internal_5904 19 587872 616853 6.82459e-05 0.306928 1
ENSG00000172270.13 19 571297 571297 + 13 0 19_internal_6265 19 565490 796992 1.94382e-06 0.362206 1
ENSG00000172270.13 19 571297 571297 + 13 16575 19_internal_5904 19 587872 616853 4.46097e-05 0.313993 0
ENSG00000267751.1 19 572215 572215 - 13 0 19_internal_6265 19 565490 796992 3.90862e-05 0.314394 1
ENSG00000267276.1 19 583498 583498 - 13 0 19_internal_6265 19 565490 796992 5.27596e-06 0.345025 1
ENSG00000172232.5 19 825097 825097 + 13 33537 19_internal_8081 19 858634 921148 1.65203e-05 0.327103 1
ENSG00000197766.2 19 859453 859453 + 13 19513 19_internal_5987 19 878966 890073 2.43018e-07 0.399265 1
ENSG00000175221.9 19 893218 893218 - 14 3145 19_internal_5987 19 878966 890073 5.15382e-07 0.382221 1
ENSG00000064666.9 19 1026212 1026212 + 14 0 19_internal_5802 19 1025739 1042364 2.58789e-09 0.452986 1
ENSG00000267020.1 19 1039063 1039063 - 14 0 19_internal_5802 19 1025739 1042364 1.59236e-07 0.400143 1
ENSG00000064687.8 19 1040102 1040102 + 14 0 19_internal_5802 19 1025739 1042364 1.68027e-09 0.456418 1
ENSG00000133275.11 19 1941188 1941188 + 9 0 19_internal_5901 19 1871653 1945399 0.000275512 0.280376 1
ENSG00000267139.1 19 3119302 3119302 - 5 260902 19_internal_6121 19 2849580 2858400 0.000112779 -0.30092 1
ENSG00000267551.2 19 3155173 3155173 - 5 0 19_internal_6869 19 3132671 3156072 1.62879e-06 0.361286 1
