ENSG00000177963.7 11 207511 207511 + 10 0 11_internal_10945 11 201223 321407 9.75931e-07 0.387675 1
ENSG00000185201.11 11 307631 307631 + 10 15058 11_internal_8413 11 322689 338219 2.55183e-12 0.526273 1
ENSG00000185885.11 11 313506 313506 + 10 9183 11_internal_8413 11 322689 338219 2.12672e-07 0.406463 1
ENSG00000251661.2 11 318640 318640 + 10 4049 11_internal_8413 11 322689 338219 4.34808e-06 0.358772 1
ENSG00000142089.10 11 321340 321340 - 10 -1349 11_internal_8413 11 322689 338219 1.03194e-10 0.496792 1
ENSG00000255328.1 11 327171 327171 + 10 0 11_internal_8413 11 322689 338219 2.18414e-13 0.540901 1
ENSG00000177697.12 11 832843 832843 + 12 0 11_internal_7708 11 802541 846801 9.55418e-06 0.350061 1
ENSG00000130592.9 11 1874200 1874200 + 6 9305 11_internal_12023 11 1883505 1913211 9.22794e-19 0.633309 1
ENSG00000184682.5 11 1912084 1912084 - 6 0 11_internal_12023 11 1883505 1913211 6.7011e-05 0.288298 1
ENSG00000214026.6 11 1968508 1968508 + 5 -55297 11_internal_12023 11 1883505 1913211 4.53244e-07 -0.395314 1
ENSG00000236710.1 11 3106673 3106673 - 9 -13674 11_internal_9656 11 3120347 3191777 1.83765e-05 0.338927 1
ENSG00000021762.15 11 3187969 3187969 - 9 0 11_internal_9656 11 3120347 3191777 9.64042e-18 0.623076 1
ENSG00000167323.5 11 3875757 3875757 + 8 1270 11_internal_8026 11 3877027 4008931 7.50511e-06 0.335145 1
ENSG00000167325.10 11 4115937 4115937 + 6 -107006 11_internal_8026 11 3877027 4008931 1.77628e-06 -0.370684 1
ENSG00000255481.2 11 6067977 6067977 - 5 -46582 11_internal_7917 11 6114559 6122195 6.71435e-06 -0.35571 1
ENSG00000170955.9 11 6341877 6341877 - 5 219682 11_internal_7917 11 6114559 6122195 0.000192072 -0.288455 1
ENSG00000254838.3 11 6767670 6767670 - 6 16522 11_internal_12155 11 6738771 6751148 5.29104e-09 0.447684 1
ENSG00000149054.10 11 6947635 6947635 + 6 -196487 11_internal_12155 11 6738771 6751148 1.88592e-05 0.331971 0
ENSG00000149054.10 11 6947635 6947635 + 6 0 11_internal_8269 11 6946927 7042659 2.05065e-24 0.694606 1
ENSG00000251364.2 11 7533746 7533746 - 4 0 11_internal_9025 11 7444225 7687311 1.44336e-05 0.338469 1
ENSG00000166387.7 11 7534529 7534529 + 4 0 11_internal_9025 11 7444225 7687311 5.49762e-24 0.710928 1
ENSG00000166394.10 11 7698453 7698453 - 3 11142 11_internal_9025 11 7444225 7687311 1.00522e-10 0.510746 1
ENSG00000133789.10 11 9685624 9685624 + 3 0 11_internal_10254 11 9682735 9742813 5.29733e-06 0.361603 1
ENSG00000110315.2 11 10562777 10562777 - 6 -80751 11_internal_8036 11 10643528 10651216 5.0774e-05 0.319588 1
ENSG00000133816.9 11 12115543 12115543 + 4 0 11_internal_11882 11 12106644 12258231 3.43042e-06 0.365439 1
ENSG00000254680.1 11 12284720 12284720 - 3 26489 11_internal_11882 11 12106644 12258231 5.22573e-06 0.364288 1
ENSG00000133794.13 11 13298199 13298199 + 8 0 11_internal_8296 11 13297669 13361331 2.38006e-29 0.770497 1
ENSG00000222162.1 11 13374755 13374755 + 8 -13424 11_internal_8296 11 13297669 13361331 1.35928e-11 0.523929 1
ENSG00000152270.4 11 14665269 14665269 + 10 0 11_internal_8541 11 13889611 14793069 3.98347e-06 0.354009 1
ENSG00000255040.1 11 14696101 14696101 - 10 0 11_internal_8541 11 13889611 14793069 6.00429e-06 0.345772 1
ENSG00000254966.1 11 18728084 18728084 + 2 -372199 11_internal_10623 11 18344283 18355885 0.000420072 -0.258829 1
ENSG00000109854.9 11 20385231 20385231 + 2 0 11_internal_8936 11 20381670 20389895 6.34191e-15 0.55704 1
ENSG00000152219.4 11 30344598 30344598 + 1 0 11_internal_11339 11 30343608 30365964 1.92556e-13 0.544026 1
ENSG00000066382.11 11 30608419 30608419 - 2 242455 11_internal_11339 11 30343608 30365964 0.000382426 0.27986 1
