ENSG00000112679.9 6 292097 292097 + 6 0 6_internal_14461 6 250402 343736 6.79707e-26 0.694774 1
ENSG00000112679.9 6 292097 292097 + 6 0 6_internal_10884 6 259759 301082 4.61811e-20 0.633523 0
ENSG00000112679.9 6 292097 292097 + 6 62385 6_internal_10713 6 354482 361376 2.92271e-16 0.576532 0
ENSG00000124570.12 6 2972090 2972090 - 5 0 6_internal_12658 6 2931796 2989818 3.45798e-12 0.50397 1
ENSG00000124588.14 6 2988221 2988221 + 5 10196 6_internal_11074 6 2998417 3054683 2.11128e-11 0.50363 1
ENSG00000261015.1 6 3025025 3025025 + 5 0 6_internal_11074 6 2998417 3054683 2.32966e-16 0.57829 1
ENSG00000137267.5 6 3157760 3157760 - 5 0 6_internal_11210 6 3157087 3163897 1.69805e-08 0.416479 1
ENSG00000124785.4 6 6007200 6007200 - 7 15699 6_internal_10800 6 5979505 5991501 2.19924e-15 0.571838 1
ENSG00000261211.1 6 6683866 6683866 - 12 0 6_internal_16059 6 6556182 6860038 3.41541e-05 0.32593 1
ENSG00000111846.11 6 10492456 10492456 + 6 38702 6_internal_13932 6 10531158 10599705 4.76737e-20 0.629198 1
ENSG00000217181.1 6 10575460 10575460 - 6 0 6_internal_13932 6 10531158 10599705 2.90569e-12 0.524894 1
ENSG00000205318.3 6 10633993 10633993 + 6 -34288 6_internal_13932 6 10531158 10599705 2.2628e-05 0.319931 1
ENSG00000137210.7 6 10747973 10747973 + 7 134003 6_internal_10676 6 10881976 10888225 1.77677e-07 0.401975 1
ENSG00000153157.8 6 10748027 10748027 + 7 133949 6_internal_10676 6 10881976 10888225 1.37931e-10 0.485341 1
ENSG00000095951.12 6 12008995 12008995 + 7 39785 6_internal_12726 6 12048780 12062035 3.10124e-07 0.403372 1
ENSG00000095951.12 6 12008995 12008995 + 7 48220 6_internal_10977 6 12057215 12129362 9.41991e-06 0.35273 0
ENSG00000187461.5 6 13486415 13486415 - 5 0 6_internal_15089 6 13383175 13488620 3.41791e-05 0.331463 1
ENSG00000237786.1 6 13486526 13486526 + 5 0 6_internal_15089 6 13383175 13488620 0.000303544 0.279796 1
ENSG00000145990.5 6 13487787 13487787 - 5 0 6_internal_15089 6 13383175 13488620 1.54753e-07 0.417954 1
ENSG00000229931.1 6 16761369 16761369 + 3 0 6_internal_10333 6 15661963 16764163 3.93019e-05 0.30987 1
ENSG00000165097.8 6 18155560 18155560 + 2 -4142 6_internal_12690 6 18148424 18151418 0.000208977 0.30211 1
ENSG00000124766.4 6 21593972 21593972 + 4 0 6_internal_10204 6 21587845 22147520 1.48574e-08 0.437876 1
ENSG00000124766.4 6 21593972 21593972 + 4 237855 6_internal_12876 6 21831827 22148366 0.000179589 0.303178 0
ENSG00000124766.4 6 21593972 21593972 + 4 426289 6_internal_11262 6 22020261 22272201 0.000298293 0.288563 0
ENSG00000217805.2 6 25181587 25181587 + 13 116681 6_internal_12297 6 25298268 25490659 2.51194e-05 0.320831 1
ENSG00000264238.1 6 25203481 25203481 + 15 94787 6_internal_12297 6 25298268 25490659 1.42994e-05 0.338541 1
ENSG00000213972.3 6 25273979 25273979 - 15 -24289 6_internal_12297 6 25298268 25490659 4.63737e-05 0.313673 1
ENSG00000079691.14 6 25279306 25279306 + 15 18962 6_internal_12297 6 25298268 25490659 1.51865e-19 0.625278 1
ENSG00000079691.14 6 25279306 25279306 + 15 53644 6_internal_11964 6 25332950 25371098 2.26125e-06 0.357813 0
ENSG00000124508.12 6 26383324 26383324 + 22 0 6_internal_10744 6 26382319 26481806 1.9327e-05 0.330558 1
ENSG00000026950.12 6 26402465 26402465 + 22 -26343 6_internal_10532 6 26360514 26376122 4.22803e-05 0.328504 0
ENSG00000026950.12 6 26402465 26402465 + 22 0 6_internal_10744 6 26382319 26481806 6.67145e-06 0.35382 1
ENSG00000111801.10 6 26440700 26440700 + 22 3959 6_internal_11129 6 26444659 26449984 4.92812e-06 0.345928 1
ENSG00000196787.2 6 27100832 27100832 + 23 0 6_internal_10538 6 24714021 28910013 2.63297e-06 0.371392 1
ENSG00000184825.4 6 27114861 27114861 + 23 0 6_internal_10538 6 24714021 28910013 4.80501e-06 0.344912 0
ENSG00000184825.4 6 27114861 27114861 + 23 0 6_internal_10240 6 26183079 27859367 6.34991e-07 0.373453 1
ENSG00000261839.1 6 28104627 28104627 + 12 0 6_internal_11383 6 28091483 28110520 5.52268e-07 0.380841 1
ENSG00000204642.8 6 29690552 29690552 + 9 0 6_internal_14679 6 29673459 29703096 2.62931e-07 0.418105 1
ENSG00000239257.1 6 29694916 29694916 - 9 0 6_internal_14679 6 29673459 29703096 1.41962e-12 0.543245 1
ENSG00000250991.1 6 29716746 29716746 - 10 0 6_internal_15209 6 29715930 29721855 5.23008e-15 0.570483 1
ENSG00000214922.3 6 29716826 29716826 - 10 13730 6_internal_14679 6 29673459 29703096 1.76576e-16 0.61635 1
ENSG00000204632.7 6 29794744 29794744 + 14 -72889 6_internal_15209 6 29715930 29721855 8.31152e-05 0.307411 1
ENSG00000229142.1 6 29796141 29796141 - 14 -57999 6_internal_10787 6 29854140 29896729 7.56533e-12 -0.498377 1
ENSG00000230521.1 6 29856045 29856045 - 13 0 6_internal_10787 6 29854140 29896729 5.08608e-05 -0.309008 1
ENSG00000231130.1 6 29864431 29864431 + 13 0 6_internal_10787 6 29854140 29896729 4.0508e-07 0.388298 1
ENSG00000230795.2 6 29894236 29894236 + 14 0 6_internal_10787 6 29854140 29896729 2.41733e-18 0.577388 1
ENSG00000227262.2 6 29894992 29894992 - 14 0 6_internal_10787 6 29854140 29896729 2.11212e-16 0.585235 1
ENSG00000228078.1 6 29901878 29901878 + 14 -5149 6_internal_10787 6 29854140 29896729 2.51531e-06 -0.370497 1
ENSG00000227766.1 6 29910844 29910844 - 13 14115 6_internal_10787 6 29854140 29896729 3.1676e-08 0.414638 1
ENSG00000243753.1 6 30227361 30227361 + 12 556740 6_internal_11563 6 30784101 30854327 5.97344e-06 0.328707 1
