ENSG00000164284.10 5 148724993 148724993 + 6 11624 5_internal_8678 5 148736617 148747454 0.000288528 0.291686 1
ENSG00000145882.6 5 148737570 148737570 + 6 0 5_internal_8678 5 148736617 148747454 4.69294e-07 0.359744 1
ENSG00000182578.9 5 149492935 149492935 - 6 0 5_internal_11958 5 149492044 149505070 1.09768e-05 0.33301 1
ENSG00000113721.8 5 149535423 149535423 - 6 30353 5_internal_11958 5 149492044 149505070 3.52866e-08 0.401912 1
ENSG00000256235.1 5 150157508 150157508 + 8 0 5_internal_11901 5 150156943 150227619 4.17324e-06 0.360934 1
ENSG00000269636.1 5 150157867 150157867 + 8 0 5_internal_11901 5 150156943 150227619 4.11172e-06 0.360997 1
ENSG00000197043.8 5 150537443 150537443 - 10 44757 5_internal_11461 5 150483211 150492686 7.624e-06 0.342854 1
ENSG00000198624.8 5 150603706 150603706 - 10 -9100 5_internal_9339 5 150612806 150639468 6.2974e-05 0.307071 1
ENSG00000164574.11 5 153570290 153570290 + 3 0 5_internal_10009 5 153454428 153654685 0.000231555 0.2849 1
ENSG00000113263.8 5 156569944 156569944 + 12 34555 5_internal_11071 5 156604499 156719403 1.73725e-06 0.380167 1
ENSG00000055163.14 5 156693089 156693089 + 12 0 5_internal_11071 5 156604499 156719403 5.06008e-07 0.384068 0
ENSG00000055163.14 5 156693089 156693089 + 12 0 5_internal_9519 5 156612251 156737252 5.22712e-10 0.459794 1
ENSG00000172568.4 5 156772729 156772729 - 12 35477 5_internal_9519 5 156612251 156737252 2.16615e-08 0.436804 1
ENSG00000248544.2 5 156811958 156811958 - 12 92555 5_internal_11071 5 156604499 156719403 0.000124798 0.30205 1
ENSG00000172548.10 5 156887027 156887027 + 12 79177 5_internal_12834 5 156966204 157041522 9.71463e-05 0.318144 1
ENSG00000251405.2 5 156887086 156887086 - 12 167683 5_internal_11071 5 156604499 156719403 5.22087e-06 0.359504 0
ENSG00000251405.2 5 156887086 156887086 - 12 149834 5_internal_9519 5 156612251 156737252 4.59971e-09 0.447587 1
ENSG00000135074.11 5 157002783 157002783 - 12 0 5_internal_12834 5 156966204 157041522 1.14662e-10 0.496648 1
ENSG00000113282.9 5 157286183 157286183 - 13 691249 5_internal_9075 5 156579021 156594934 3.14554e-05 0.324937 1
ENSG00000164609.5 5 159848718 159848718 - 4 -16586 5_internal_12520 5 159865304 159936374 0.000223788 0.290043 1
ENSG00000253522.1 5 159895275 159895275 + 4 0 5_internal_12520 5 159865304 159936374 5.9466e-05 0.295501 1
ENSG00000118322.8 5 160279221 160279221 - 3 342847 5_internal_12520 5 159865304 159936374 2.03685e-05 0.332097 1
ENSG00000174705.7 5 171881527 171881527 - 6 0 5_internal_8944 5 171880204 171889270 1.82789e-05 0.338429 1
ENSG00000074276.6 5 175969512 175969512 + 3 0 5_internal_8506 5 175964862 175988600 0.00013854 0.295951 1
