ENSG00000154025.11 17 18853658 18853658 + 9 -16694 17_internal_11017 17 18720277 18836964 2.18126e-06 0.350353 1
ENSG00000154016.9 17 18950950 18950950 - 8 113986 17_internal_11017 17 18720277 18836964 6.7604e-06 0.339198 1
ENSG00000265185.1 17 18965225 18965225 + 8 49274 17_internal_8416 17 19014499 19100313 0.000108515 -0.294389 1
ENSG00000262074.2 17 18967449 18967449 - 8 197 17_internal_11314 17 18927036 18967252 2.05945e-05 0.323664 1
ENSG00000083290.15 17 19771249 19771249 - 9 0 17_internal_7771 17 19768299 19783400 6.14039e-06 0.348119 1
ENSG00000266466.1 17 21436235 21436235 + 5 11868 17_internal_9880 17 21448103 21455701 1.93138e-19 0.632605 1
ENSG00000212719.5 17 21477781 21477781 - 5 22080 17_internal_9880 17 21448103 21455701 2.92421e-37 0.79125 1
ENSG00000263370.1 17 27966645 27966645 + 8 58384 17_internal_7614 17 28025029 28087424 3.48075e-05 0.314303 1
ENSG00000222858.1 17 27968720 27968720 - 8 -56309 17_internal_7614 17 28025029 28087424 3.25552e-05 0.316404 1
ENSG00000141298.12 17 28257294 28257294 - 8 169870 17_internal_7614 17 28025029 28087424 4.70823e-10 0.45662 1
