ENSG00000226210.2 12 73725 73725 + 6 64 12_internal_11766 12 73789 93569 2.53526e-20 0.622884 1
ENSG00000256263.1 12 93430 93430 - 6 0 12_internal_11766 12 73789 93569 1.31594e-05 0.345059 1
ENSG00000256948.1 12 221016 221016 - 7 0 12_internal_10324 12 213171 290871 1.80788e-21 0.626257 1
ENSG00000139044.6 12 569530 569530 + 7 77682 12_internal_9068 12 647212 664940 1.35254e-07 0.413657 1
ENSG00000082805.14 12 1099675 1099675 + 6 55812 12_internal_9188 12 1155487 1213255 7.98618e-05 0.31362 1
ENSG00000256030.1 12 2903461 2903461 - 1 428443 12_internal_9994 12 2366866 2475018 0.000347131 0.28085 1
ENSG00000089818.11 12 7926148 7926148 + 8 258083 12_internal_12067 12 8184231 8243293 7.94943e-16 0.587335 1
ENSG00000059804.11 12 8088871 8088871 - 7 0 12_internal_11618 12 7984455 8132084 5.06953e-05 0.326609 1
ENSG00000065970.4 12 8185299 8185299 + 9 0 12_internal_12067 12 8184231 8243293 1.0687e-09 0.471736 1
ENSG00000171860.4 12 8219067 8219067 - 9 0 12_internal_12067 12 8184231 8243293 1.1464e-20 0.646748 1
ENSG00000171847.6 12 8380214 8380214 - 9 0 12_internal_9150 12 8379254 8384868 6.38012e-10 0.466611 1
ENSG00000226091.2 12 8549399 8549399 - 10 -85732 12_internal_10117 12 8635131 8673213 1.08413e-05 0.329829 1
ENSG00000256912.1 12 9970621 9970621 - 12 72931 12_internal_8867 12 9850536 9897690 9.13479e-06 0.339938 1
ENSG00000150045.7 12 9980077 9980077 + 12 -28903 12_internal_8839 12 9102747 9951174 1.96654e-06 0.363361 1
ENSG00000150045.7 12 9980077 9980077 + 12 -82387 12_internal_8867 12 9850536 9897690 2.65661e-06 0.356914 0
ENSG00000150045.7 12 9980077 9980077 + 12 -47467 12_internal_9840 12 9920741 9932610 4.914e-06 0.347797 0
ENSG00000110852.4 12 10022735 10022735 - 12 -69521 12_internal_11921 12 10092256 10115156 0.000229512 0.28332 1
ENSG00000225231.1 12 10096094 10096094 - 12 0 12_internal_11921 12 10092256 10115156 5.9403e-19 0.643769 1
ENSG00000172322.9 12 10103915 10103915 + 12 0 12_internal_11921 12 10092256 10115156 2.53546e-29 0.752321 1
ENSG00000231560.1 12 10105935 10105935 - 12 0 12_internal_11921 12 10092256 10115156 6.85633e-29 0.765485 1
ENSG00000256660.1 12 10163226 10163226 + 12 -48070 12_internal_11921 12 10092256 10115156 2.78162e-17 0.5916 1
ENSG00000165682.10 12 10166023 10166023 - 12 50867 12_internal_11921 12 10092256 10115156 3.96925e-24 0.674758 1
ENSG00000256803.1 12 10183205 10183205 - 12 68049 12_internal_11921 12 10092256 10115156 2.22022e-15 0.561729 1
ENSG00000060138.8 12 10875911 10875911 - 11 326449 12_internal_9795 12 10523231 10549462 3.9556e-05 0.328553 1
ENSG00000178878.7 12 12878865 12878865 + 10 94 12_internal_10981 12 12878959 12891032 1.04014e-05 0.331779 1
