ENSG00000188681.7 21 9968585 9968585 - 9 0 21_internal_3592 21 9831409 9968924 8.56428e-10 0.464698 1
ENSG00000154639.14 21 18884700 18884700 + 2 262445 21_internal_2664 21 19147145 19179072 0.000634298 0.259072 1
ENSG00000154640.10 21 18985265 18985265 - 2 -161880 21_internal_2664 21 19147145 19179072 1.22486e-12 0.491892 1
ENSG00000154640.10 21 18985265 18985265 - 2 -186246 21_internal_2971 21 19171511 19175406 3.44733e-05 0.301908 0
ENSG00000240770.1 21 19164840 19164840 - 2 0 21_internal_2664 21 19147145 19179072 4.23542e-07 0.385127 1
ENSG00000244676.1 21 19165805 19165805 + 2 0 21_internal_2664 21 19147145 19179072 9.11051e-05 0.305004 1
ENSG00000154642.6 21 19191703 19191703 - 2 12631 21_internal_2664 21 19147145 19179072 1.4005e-16 0.583791 1
ENSG00000237484.4 21 25801054 25801054 + 3 0 21_internal_3310 21 25711484 25803261 5.41106e-05 0.309829 1
ENSG00000156299.8 21 32932290 32932290 - 2 363482 21_internal_2951 21 32504365 32568808 1.61884e-08 0.427843 0
ENSG00000156299.8 21 32932290 32932290 - 2 214851 21_internal_2513 21 32654550 32717439 9.6557e-20 0.635744 1
ENSG00000237945.2 21 35287838 35287838 + 9 15463 21_internal_2243 21 35303301 35350258 4.59135e-05 0.322036 1
ENSG00000237945.2 21 35287838 35287838 + 9 15826 21_internal_2237 21 35303664 35351256 0.000178234 0.298239 0
ENSG00000214889.3 21 37504748 37504748 + 7 0 21_internal_3140 21 37484570 37562200 0.000211281 0.280482 1
ENSG00000157551.12 21 39529128 39529128 + 2 48649 21_internal_3079 21 39577777 39725485 3.5019e-10 0.452657 1
ENSG00000183486.8 21 42733870 42733870 + 4 56205 21_internal_2599 21 42790075 42801337 6.11347e-08 0.423329 1
ENSG00000157601.9 21 42792231 42792231 + 4 0 21_internal_2599 21 42790075 42801337 1.30872e-22 0.667479 1
ENSG00000228318.1 21 42814669 42814669 - 4 13332 21_internal_2599 21 42790075 42801337 3.76379e-21 0.651539 1
ENSG00000160179.14 21 43619799 43619799 + 13 0 21_internal_2713 21 43603841 43675455 4.95595e-08 0.416937 0
ENSG00000160179.14 21 43619799 43619799 + 13 0 21_internal_2408 21 43613022 43658889 1.03057e-11 0.508029 1
ENSG00000223262.1 21 43641283 43641283 + 13 0 21_internal_2408 21 43613022 43658889 1.26641e-05 0.349241 1
ENSG00000216197.1 21 43720455 43720455 - 13 45000 21_internal_2713 21 43603841 43675455 1.55734e-05 0.340532 0
ENSG00000216197.1 21 43720455 43720455 - 13 61566 21_internal_2408 21 43613022 43658889 2.54814e-08 0.431477 1
ENSG00000160191.13 21 44073746 44073746 + 13 0 21_internal_3056 21 44012964 44170749 3.16862e-13 0.527196 1
ENSG00000160191.13 21 44073746 44073746 + 13 29232 21_internal_2361 21 44102978 44205994 1.50036e-10 0.473682 0
ENSG00000160191.13 21 44073746 44073746 + 13 109646 21_internal_2618 21 44183392 44228842 3.80166e-10 0.462535 0
ENSG00000142178.7 21 44847008 44847008 - 15 10552 21_internal_2555 21 44780726 44836456 3.54262e-05 0.32924 1
ENSG00000160221.12 21 45553487 45553487 + 16 2739 21_internal_2115 21 45556226 45581441 4.11753e-07 0.377721 1
ENSG00000225331.1 21 45579959 45579959 - 16 -33621 21_internal_2411 21 45613580 45625180 3.9924e-10 0.444884 1
ENSG00000225331.1 21 45579959 45579959 - 16 -35561 21_internal_2316 21 45615520 45628600 1.05546e-05 0.32447 0
ENSG00000237604.1 21 45595372 45595372 + 16 18208 21_internal_2411 21 45613580 45625180 9.14091e-06 0.318306 1
ENSG00000237604.1 21 45595372 45595372 + 16 20148 21_internal_2316 21 45615520 45628600 3.19904e-05 0.300734 0
ENSG00000160223.12 21 45660849 45660849 - 16 35669 21_internal_2411 21 45613580 45625180 9.60928e-06 0.356524 1
ENSG00000160223.12 21 45660849 45660849 - 16 32249 21_internal_2316 21 45615520 45628600 2.61197e-05 0.341145 0
ENSG00000182871.10 21 46825052 46825052 + 15 0 21_internal_3526 21 46711147 46941604 4.52832e-05 0.324491 1
ENSG00000160284.10 21 47604390 47604390 - 15 0 21_internal_2755 21 47573008 47605950 3.65724e-15 0.569121 1
ENSG00000160305.13 21 47878812 47878812 + 15 0 21_internal_2672 21 47787895 47913296 3.59026e-05 0.325734 0
ENSG00000160305.13 21 47878812 47878812 + 15 5415 21_internal_2376 21 47884227 47964992 2.24562e-06 0.36716 0
ENSG00000160305.13 21 47878812 47878812 + 15 72402 21_internal_2591 21 47951214 48049217 1.05775e-08 0.436574 1
ENSG00000160307.5 21 48025121 48025121 - 13 60129 21_internal_2376 21 47884227 47964992 5.40099e-05 0.307405 0
ENSG00000160307.5 21 48025121 48025121 - 13 0 21_internal_2591 21 47951214 48049217 6.31711e-07 0.373863 1
ENSG00000160310.12 21 48055079 48055079 + 13 -5862 21_internal_2591 21 47951214 48049217 2.40474e-11 0.499628 0
ENSG00000160310.12 21 48055079 48055079 + 13 0 21_internal_2460 21 47958694 48063411 3.94196e-14 0.556254 1
ENSG00000230982.1 21 48073934 48073934 - 12 10523 21_internal_2460 21 47958694 48063411 0.000100054 0.295155 1
