ENSG00000121895.7 4 39034542 39034542 - 13 0 4_internal_8172 4 38950192 39034957 1.13288e-05 0.339916 1
ENSG00000249685.1 4 39135533 39135533 + 13 -84550 4_internal_8017 4 38982804 39050983 0.000111806 0.308687 1
ENSG00000163697.12 4 41218731 41218731 - 6 -39749 4_internal_7330 4 41258480 41364156 2.04219e-05 0.334275 1
ENSG00000124406.12 4 42659122 42659122 - 2 0 4_internal_8406 4 42627730 42725477 0.000443058 0.266761 1
ENSG00000202358.1 4 56751761 56751761 + 3 913482 4_internal_7994 4 57665243 57684773 0.000396322 -0.286288 1
ENSG00000035720.3 4 68424446 68424446 + 1 0 4_internal_7319 4 68422077 68449211 3.13527e-05 0.323207 1
ENSG00000173597.3 4 70653679 70653679 - 3 23093 4_internal_7906 4 70601466 70630586 4.85469e-06 0.365128 1
ENSG00000163739.4 4 74735110 74735110 + 3 0 4_internal_9284 4 74733613 74758403 2.6032e-09 0.444085 1
ENSG00000138764.9 4 78078304 78078304 + 6 -321 4_internal_8107 4 78042949 78077983 1.01762e-05 0.351462 1
ENSG00000250006.2 4 78233264 78233264 - 6 155281 4_internal_8107 4 78042949 78077983 3.76718e-05 0.313005 1
ENSG00000163297.12 4 81046608 81046608 - 7 48347 4_internal_6905 4 80974491 80998261 0.000228243 0.290994 1
