ENSG00000186469.4 14 52292913 52292913 + 6 29205 14_internal_5901 14 52322118 52401012 7.3936e-07 0.384824 1
ENSG00000259007.1 14 52436518 52436518 - 6 35506 14_internal_5901 14 52322118 52401012 8.55729e-06 0.346241 1
ENSG00000125384.6 14 52781023 52781023 + 7 0 14_internal_7643 14 52620519 52795298 3.62886e-05 0.31175 1
ENSG00000020577.9 14 55033815 55033815 + 4 303272 14_internal_6523 14 55337087 55360747 4.23355e-06 0.372875 1
ENSG00000262355.1 14 55034638 55034638 + 4 302449 14_internal_6523 14 55337087 55360747 3.69448e-05 0.32496 1
ENSG00000131979.14 14 55369570 55369570 - 5 8823 14_internal_6523 14 55337087 55360747 0.000275595 0.287633 1
ENSG00000131981.10 14 55590828 55590828 + 5 0 14_internal_6329 14 55563996 55608374 0.000177953 0.306427 1
ENSG00000020426.6 14 61201460 61201460 + 11 -76099 14_internal_6020 14 60975799 61125361 2.04809e-05 0.333731 1
ENSG00000027075.9 14 61654277 61654277 + 11 138052 14_internal_5411 14 61792329 61917254 4.61333e-06 0.350806 1
ENSG00000258989.1 14 61995846 61995846 + 11 -78592 14_internal_5411 14 61792329 61917254 1.20187e-05 0.33283 1
ENSG00000054654.11 14 64319683 64319683 + 4 0 14_internal_5844 14 64319105 64337977 0.000124844 0.306306 1
ENSG00000126822.11 14 65170820 65170820 + 7 0 14_internal_8041 14 65138152 65232183 3.11127e-37 0.798592 1
ENSG00000070182.13 14 65346601 65346601 - 7 114418 14_internal_8041 14 65138152 65232183 1.85854e-31 0.746555 1
