ENSG00000230724.3 11 139117 139117 - 15 -785743 11_internal_8754 11 924860 971817 89 82.7248 1.1257 12.9271 0.0731941 -0.203435 0.631841 0.630457
ENSG00000177947.9 11 196738 196738 + 15 8955 11_internal_8165 11 205693 238380 89 87.3834 1.01849 15.2074 5.63533e-05 -0.382458 0.00497512 0.000875184
ENSG00000254559.1 11 203623 203623 + 15 70824 11_internal_8292 11 274447 291875 89 104.679 0.873867 14.3809 0.0278862 0.22665 0.288557 0.275535
ENSG00000232495.2 11 204363 204363 - 15 -70084 11_internal_8292 11 274447 291875 89 88.9305 0.961787 13.3311 0.100954 0.166032 0.771144 0.770786
ENSG00000177951.12 11 207428 207428 - 15 -540445 11_internal_9535 11 747873 846801 89 96.492 0.962093 17.3883 0.115221 -0.160936 0.840796 0.851689
ENSG00000177963.7 11 207511 207511 + 15 0 11_internal_8165 11 205693 238380 89 88.5828 1.07752 14.2358 1.2381e-08 0.554832 0.00497512 5.56617e-08
ENSG00000185627.13 11 236546 236546 + 15 0 11_internal_8165 11 205693 238380 89 85.8711 0.972438 13.3407 0.00051278 0.374806 0.00497512 0.00987079
ENSG00000142082.10 11 236931 236931 - 15 -37516 11_internal_8292 11 274447 291875 89 94.2496 0.92833 13.6996 0.103441 0.169993 0.746269 0.764586
ENSG00000174885.8 11 278365 278365 + 15 0 11_internal_8292 11 274447 291875 89 94.3018 0.863424 13.4583 4.35104e-08 0.546675 0.00497512 1.95997e-06
ENSG00000255026.1 11 287305 287305 + 15 0 11_internal_8292 11 274447 291875 89 90.9816 1.01972 16.2163 1.10523e-05 0.405634 0.00497512 0.00011907
ENSG00000142102.11 11 289135 289135 + 15 0 11_internal_8292 11 274447 291875 89 92.9285 1.09637 15.6658 3.07001e-05 0.389137 0.00497512 0.000141826
ENSG00000206013.2 11 299526 299526 - 15 -286695 11_internal_10362 11 586221 617999 89 91.1381 0.964286 14.4134 0.0670475 0.198798 0.656716 0.628922
ENSG00000185201.11 11 307631 307631 + 15 3759 11_internal_10290 11 311390 356654 89 96.9092 1.01791 16.6666 0.00245207 0.353435 0.0248756 0.0240211
ENSG00000254910.1 11 311141 311141 - 15 72761 11_internal_8165 11 205693 238380 89 87.3486 1.07102 15.1459 0.161045 0.13972 0.915423 0.926379
ENSG00000185885.11 11 313506 313506 + 15 0 11_internal_10290 11 311390 356654 89 85.4887 1.12471 14.2137 0.00685309 0.306633 0.0746269 0.0783769
ENSG00000251661.2 11 318640 318640 + 15 489767 11_internal_7860 11 808407 823270 89 99.308 0.968399 18.8317 0.0428296 -0.217784 0.462687 0.477012
ENSG00000142089.10 11 321340 321340 - 15 -190995 11_internal_7933 11 512335 515300 89 81.1604 1.14647 12.0222 0.0399675 -0.225674 0.402985 0.39289
ENSG00000255089.1 11 321991 321991 + 15 602869 11_internal_8754 11 924860 971817 89 85.593 1.02194 14.4117 0.108787 0.168312 0.80597 0.82483
ENSG00000255328.1 11 327171 327171 + 15 -5708 11_internal_8066 11 304327 321463 89 80.8996 1.11165 13.6012 4.22803e-05 -0.4111 0.00497512 0.000587093
ENSG00000182272.7 11 369796 369796 + 15 378077 11_internal_9535 11 747873 846801 89 81.9947 1.01585 11.7722 0.0941765 -0.179344 0.721393 0.735019
ENSG00000185187.7 11 417455 417455 - 15 -307577 11_internal_11134 11 725032 739054 89 79.6654 1.08602 12.6941 0.0383442 0.231273 0.452736 0.439592
ENSG00000185101.8 11 442011 442011 - 15 -334298 11_internal_8551 11 776309 799008 89 93.2414 1.07587 16.9073 0.0943005 0.185295 0.756219 0.761214
ENSG00000174915.7 11 448268 448268 + 15 64067 11_internal_7933 11 512335 515300 89 87.9918 0.982479 15.031 0.0705149 -0.194912 0.686567 0.68234
ENSG00000255237.1 11 463899 463899 - 15 142436 11_internal_8066 11 304327 321463 89 99.0994 0.984897 17.8623 0.0618768 0.18032 0.621891 0.597116
ENSG00000023191.11 11 507300 507300 - 15 -217732 11_internal_11134 11 725032 739054 89 94.632 1.06257 16.2164 0.0170309 -0.253263 0.174129 0.179266
ENSG00000254739.1 11 528907 528907 + 16 385566 11_internal_8138 11 914473 917055 89 85.7668 1.11269 16.4021 0.0172695 0.261757 0.253731 0.228809
ENSG00000174775.12 11 537287 537287 - 16 -187745 11_internal_11134 11 725032 739054 89 95.5186 0.888663 15.8612 0.0609903 -0.194594 0.626866 0.623637
ENSG00000161328.10 11 537527 537527 + 16 376946 11_internal_8138 11 914473 917055 89 99.534 0.886238 17.5651 0.0037941 0.326363 0.0746269 0.0572374
ENSG00000254815.1 11 557595 557595 + 16 218714 11_internal_8551 11 776309 799008 89 84.4805 1.10518 14.7151 0.0856319 0.189625 0.746269 0.732304
ENSG00000099849.10 11 560404 560404 + 16 487002 11_internal_8410 11 1047406 1074016 89 88.1135 0.990299 12.5079 0.024383 -0.249323 0.278607 0.276736
ENSG00000185522.4 11 560779 560779 - 16 45479 11_internal_7933 11 512335 515300 89 83.5939 0.993954 13.5274 0.184377 0.150171 0.965174 0.950315
ENSG00000247095.2 11 568457 568457 - 16 246994 11_internal_8066 11 304327 321463 89 94.8406 0.973418 16.4072 0.0392101 0.225332 0.447761 0.438857
ENSG00000070047.6 11 576486 576486 + 16 -255023 11_internal_8066 11 304327 321463 89 78.5877 1.0199 12.2335 0.0419395 0.234448 0.512438 0.496867
ENSG00000185507.14 11 615999 615999 - 16 0 11_internal_10362 11 586221 617999 89 84.7934 1.06414 15.978 0.0120507 0.266021 0.189055 0.181226
ENSG00000099834.14 11 626078 626078 - 16 387698 11_internal_8165 11 205693 238380 89 73.6336 1.03119 12.0479 0.0960202 -0.183297 0.79602 0.805472
ENSG00000255158.1 11 665910 665910 + 16 -374035 11_internal_8292 11 274447 291875 89 80.8301 1.03528 13.2473 0.076127 -0.170467 0.686567 0.705058
ENSG00000177106.9 11 694438 694438 + 16 220035 11_internal_8138 11 914473 917055 89 84.2545 1.05659 14.8233 0.045016 0.215523 0.547264 0.515166
ENSG00000177042.9 11 695616 695616 + 16 -180316 11_internal_7933 11 512335 515300 89 94.9971 0.933901 15.1068 0.0325117 0.22823 0.378109 0.372323
ENSG00000177030.11 11 706715 706715 - 16 2892 11_internal_8037 11 695866 703823 89 86.7229 1.03612 15.6626 0.012246 0.278156 0.19403 0.177312
ENSG00000177156.6 11 747329 747329 + 16 -508949 11_internal_8165 11 205693 238380 89 98.9604 0.892209 16.1308 0.156731 -0.146589 0.930348 0.920682
ENSG00000177225.11 11 777501 777501 - 17 -750279 11_internal_8262 11 1527780 1559136 89 91.2771 0.929799 14.6443 0.0306515 -0.246436 0.393035 0.380235
ENSG00000255284.1 11 777578 777578 + 17 994479 11_internal_7650 11 1772057 1805462 89 110.19 0.832963 21.4708 0.0240971 -0.232306 0.308458 0.307632
ENSG00000177236.3 11 780117 780117 + 17 -423463 11_internal_10290 11 311390 356654 89 99.8816 0.933589 17.5099 0.015917 0.263231 0.218905 0.196184
ENSG00000255142.1 11 781645 781645 + 17 -424991 11_internal_10290 11 311390 356654 89 79.9609 1.05304 13.7213 0.122646 0.179651 0.860697 0.870355
ENSG00000184524.5 11 790123 790123 - 17 200353 11_internal_8272 11 559851 589770 89 93.4326 1.00543 19.1062 0.0765966 0.196922 0.721393 0.746104
ENSG00000177542.6 11 798316 798316 - 17 -10091 11_internal_7860 11 808407 823270 89 85.3496 1.03893 14.7299 0.131476 0.158299 0.885572 0.884
ENSG00000177600.4 11 809647 809647 + 17 237759 11_internal_8410 11 1047406 1074016 89 81.0561 0.970989 13.6587 0.0717706 -0.196602 0.726368 0.717086
ENSG00000177595.12 11 809753 809753 - 17 453099 11_internal_10290 11 311390 356654 89 88.5133 0.830162 12.9083 0.0900248 0.159106 0.746269 0.769305
ENSG00000199785.1 11 811681 811681 + 17 0 11_internal_9535 11 747873 846801 89 90.6514 0.914454 13.7775 0.166066 -0.14041 0.920398 0.924856
ENSG00000177666.11 11 818902 818902 + 18 95571 11_internal_8138 11 914473 917055 89 99.7947 0.99786 24.44 0.10276 -0.182776 0.865672 0.883083
ENSG00000177685.11 11 826144 826144 + 18 986946 11_internal_10845 11 1813090 1847517 89 93.6934 0.906142 16.0812 0.115293 0.16745 0.860697 0.857929
ENSG00000177697.12 11 832843 832843 + 18 81630 11_internal_8138 11 914473 917055 89 82.3076 0.965636 15.6189 0.00263011 -0.272737 0.079602 0.0649308
ENSG00000255108.1 11 832883 832883 - 18 541008 11_internal_8292 11 274447 291875 89 80.5867 1.12045 16.1747 0.0536542 0.201982 0.676617 0.623343
ENSG00000177700.5 11 842545 842545 - 18 -970545 11_internal_10845 11 1813090 1847517 89 79.9262 0.9322 13.1067 0.0371181 -0.216171 0.532338 0.510185
ENSG00000214063.6 11 842808 842808 + 18 0 11_internal_9535 11 747873 846801 89 81.0387 1.05506 15.5793 0.119503 0.177666 0.900498 0.890851
ENSG00000250397.2 11 859795 859795 - 19 60787 11_internal_8551 11 776309 799008 89 99.1516 0.878761 20.976 0.0595692 -0.198833 0.646766 0.684637
ENSG00000177830.13 11 915058 915058 - 20 -132348 11_internal_8410 11 1047406 1074016 89 96.3182 0.880746 17.8475 0.00515645 0.320886 0.104478 0.0906352
ENSG00000183020.8 11 924894 924894 + 20 -603431 11_internal_8066 11 304327 321463 89 81.6471 0.919005 13.1521 0.0100979 -0.291512 0.218905 0.197808
ENSG00000184956.11 11 1036706 1036706 - 22 -776384 11_internal_10845 11 1813090 1847517 89 93.5369 0.916508 20.4711 0.020286 -0.238628 0.353234 0.340871
ENSG00000117983.13 11 1244296 1244296 + 22 688698 11_internal_8686 11 1932994 1953577 89 86.4969 1.06211 19.9086 0.00359389 -0.295695 0.0696517 0.0654403
ENSG00000267950.1 11 1295809 1295809 + 21 -591986 11_internal_8037 11 695866 703823 89 83.1768 1.10269 19.3102 0.106062 0.166319 0.920398 0.895888
ENSG00000078902.11 11 1330884 1330884 - 20 -877072 11_internal_8255 11 2207956 2216751 89 94.0584 0.956479 20.0145 0.0416189 0.226772 0.562189 0.542511
ENSG00000255153.1 11 1330999 1330999 + 20 -713000 11_internal_10362 11 586221 617999 89 83.8373 0.966318 14.304 0.0467873 -0.21706 0.552239 0.561395
ENSG00000174672.11 11 1411129 1411129 + 19 478474 11_internal_8958 11 1889603 1970807 89 92.7373 0.953621 19.3607 0.0276057 -0.250844 0.393035 0.404345
ENSG00000182208.8 11 1522477 1522477 - 21 723469 11_internal_8551 11 776309 799008 89 96.4225 0.862564 18.8454 0.0469754 -0.211257 0.567164 0.590148
ENSG00000233930.3 11 1592583 1592583 + 21 -793575 11_internal_8551 11 776309 799008 89 95.5012 0.93041 23.2654 0.0649299 0.187861 0.771144 0.76134
ENSG00000184545.6 11 1593150 1593150 - 21 519134 11_internal_8410 11 1047406 1074016 89 88.7566 0.964091 17.7127 0.0438758 -0.221121 0.547264 0.567328
ENSG00000205869.2 11 1606513 1606513 - 21 -206577 11_internal_10845 11 1813090 1847517 89 92.8068 0.839297 16.8444 0.141772 -0.157945 0.945274 0.933357
ENSG00000205867.2 11 1619524 1619524 - 20 -193566 11_internal_10845 11 1813090 1847517 89 87.5746 1.08151 18.2134 0.107955 -0.179776 0.895522 0.866296
ENSG00000244242.1 11 1771821 1771821 - 19 -729832 11_internal_8299 11 2501653 2533921 89 106.539 0.901184 18.8763 0.167049 -0.134699 0.930348 0.940426
ENSG00000250644.1 11 1780281 1780281 - 19 0 11_internal_7650 11 1772057 1805462 89 91.6248 1.08264 19.003 0.0363703 0.223198 0.432836 0.440113
ENSG00000235027.1 11 1781578 1781578 + 19 76650 11_internal_8252 11 1858228 1940217 89 109.199 0.891719 25.1179 0.0317021 -0.233423 0.432836 0.408916
ENSG00000229512.1 11 1784979 1784979 - 19 938178 11_internal_9535 11 747873 846801 89 79.5785 1.05348 12.929 0.0187454 0.227099 0.278607 0.268088
ENSG00000117984.8 11 1785222 1785222 - 19 -147772 11_internal_8686 11 1932994 1953577 89 83.9764 1.00564 14.2855 0.0492304 -0.212668 0.557214 0.559366
ENSG00000130592.9 11 1874200 1874200 + 16 15403 11_internal_8958 11 1889603 1970807 89 92.8068 0.979889 15.732 0.054526 0.197606 0.562189 0.559938
ENSG00000249086.1 11 1885407 1885407 + 16 47587 11_internal_8686 11 1932994 1953577 89 97.5523 0.939508 15.5964 0.0819613 -0.189205 0.706468 0.693496
ENSG00000184682.5 11 1912084 1912084 - 17 -567944 11_internal_8057 11 2480028 2549858 89 88.9305 0.981573 15.7021 0.00528835 0.297892 0.079602 0.0845319
ENSG00000130595.12 11 1940792 1940792 + 16 0 11_internal_8958 11 1889603 1970807 89 89.4172 0.931872 14.3963 0.0248724 0.224481 0.318408 0.33292
ENSG00000252187.1 11 1941488 1941488 - 16 -611137 11_internal_8239 11 2552625 2583379 89 79.5785 0.989603 12.3471 0.0664732 -0.192583 0.661692 0.6601
ENSG00000214026.6 11 1968508 1968508 + 19 239448 11_internal_8255 11 2207956 2216751 89 89.1564 0.948225 16.4805 0.303633 -0.109415 1 0.997705
ENSG00000226416.1 11 2011150 2011150 - 18 452014 11_internal_8262 11 1527780 1559136 89 85.7668 1.02991 15.0177 0.18716 -0.148566 0.945274 0.959613
ENSG00000064201.10 11 2323227 2323227 + 21 -764091 11_internal_8262 11 1527780 1559136 89 98.1607 0.937872 22.8061 0.00860129 0.248497 0.139303 0.144066
ENSG00000110665.7 11 2324279 2324279 - 21 -177374 11_internal_8299 11 2501653 2533921 89 77.2318 1.07725 15.069 0.0219621 -0.211173 0.368159 0.3601
ENSG00000207308.1 11 2342948 2342948 + 21 145228 11_internal_9136 11 2488176 2504942 89 101.22 0.915818 26.2771 0.01458 0.245832 0.273632 0.251388
ENSG00000236264.2 11 2357001 2357001 - 21 -195624 11_internal_8239 11 2552625 2583379 89 88.5307 0.941359 19.5494 0.0808752 -0.17384 0.820896 0.826956
ENSG00000199550.1 11 2393868 2393868 + 21 760475 11_internal_9957 11 3154343 3217078 89 81.7514 1.04173 16.9141 0.00391694 -0.307951 0.0746269 0.0822177
ENSG00000110651.6 11 2397407 2397407 + 21 303913 11_internal_12275 11 2701320 2859214 89 84.55 0.98918 18.354 0.092366 0.178472 0.870647 0.860612
ENSG00000238184.1 11 2399222 2399222 - 21 -561777 11_internal_7543 11 2960999 2985415 89 100.368 0.855678 20.4195 0.00903739 0.254293 0.159204 0.155457
ENSG00000184281.10 11 2421718 2421718 + 21 -204967 11_internal_8255 11 2207956 2216751 89 90.8078 0.97225 21.2952 0.0821086 -0.172541 0.81592 0.833991
ENSG00000230483.1 11 2425745 2425745 + 21 728598 11_internal_9957 11 3154343 3217078 89 92.2158 1.01917 22.4576 0.0354524 -0.253052 0.497512 0.51232
ENSG00000070985.9 11 2444275 2444275 - 21 -578932 11_internal_8887 11 3023207 3045914 89 96.0574 0.96867 24.4172 0.0863167 0.180225 0.840796 0.857082
ENSG00000053918.10 11 2465914 2465914 + 21 35739 11_internal_8299 11 2501653 2533921 89 89.7475 1.00791 21.0817 0.08378 0.199428 0.845771 0.835172
ENSG00000269821.1 11 2721224 2721224 - 22 -301983 11_internal_8887 11 3023207 3045914 89 84.7586 1.0051 20.391 0.0353659 0.222399 0.552239 0.56325
ENSG00000236041.1 11 2792586 2792586 + 23 -209207 11_internal_8239 11 2552625 2583379 89 83.0551 0.942747 18.1826 0.0118903 0.276171 0.263682 0.267307
ENSG00000229414.2 11 2882798 2882798 - 22 332940 11_internal_8057 11 2480028 2549858 89 98.5084 0.922845 23.213 0.00636325 0.308257 0.109453 0.11221
ENSG00000129757.8 11 2907111 2907111 - 22 373190 11_internal_8299 11 2501653 2533921 89 95.7967 0.894957 22.2096 0.0311191 0.228888 0.452736 0.486681
ENSG00000110628.9 11 2920951 2920951 + 22 -980734 11_internal_8252 11 1858228 1940217 89 92.268 0.970367 20.9964 0.00506162 0.275795 0.0995025 0.0942872
ENSG00000254827.1 11 2924970 2924970 - 22 971393 11_internal_8686 11 1932994 1953577 89 79.7002 1.04891 17.2961 0.0106435 0.265021 0.228856 0.21927
ENSG00000224636.2 11 2965668 2965668 + 20 57539 11_internal_8887 11 3023207 3045914 89 79.3352 1.04558 13.7753 0.000249303 0.414277 0.0199005 0.00588689
ENSG00000207008.1 11 2985123 2985123 - 19 -762765 11_internal_8665 11 3747888 3754705 89 90.7035 0.885631 17.0918 0.0826439 0.191132 0.776119 0.795172
ENSG00000183562.2 11 3011093 3011093 + 19 12114 11_internal_8887 11 3023207 3045914 89 112.832 0.874759 24.0554 0.000564686 0.337971 0.0199005 0.00546808
ENSG00000205531.7 11 3013607 3013607 - 19 -9600 11_internal_8887 11 3023207 3045914 89 77.9967 1.04164 15.4326 3.8376e-07 0.545227 0.00497512 1.99607e-05
ENSG00000247473.1 11 3050624 3050624 + 18 -94855 11_internal_7942 11 2950039 2955769 89 91.1555 0.820074 14.0278 0.00255784 -0.323308 0.079602 0.0619532
ENSG00000201616.1 11 3069751 3069751 - 18 23837 11_internal_8887 11 3023207 3045914 89 79.1787 1.0858 14.5021 0.0369963 -0.234421 0.517413 0.479707
ENSG00000110619.12 11 3078843 3078843 - 18 123074 11_internal_7942 11 2950039 2955769 89 99.4297 0.932839 21.9918 0.00820783 -0.292456 0.139303 0.128639
ENSG00000021762.15 11 3187969 3187969 - 18 0 11_internal_9957 11 3154343 3217078 89 80.9518 1.01651 15.5025 5.802e-05 0.436723 0.00497512 0.0017533
ENSG00000263365.1 11 3394851 3394851 - 17 844993 11_internal_8057 11 2480028 2549858 89 79.2309 1.03528 13.0322 0.0964091 -0.167047 0.81592 0.792017
ENSG00000005801.11 11 3400448 3400448 - 17 850590 11_internal_8057 11 2480028 2549858 89 90.8426 1.06241 19.4931 0.165387 -0.151769 0.965174 0.963261
ENSG00000255367.1 11 3602441 3602441 - 16 385363 11_internal_9957 11 3154343 3217078 89 92.1811 0.908381 16.2809 0.0415728 0.200278 0.542289 0.513496
ENSG00000129749.3 11 3692614 3692614 - 16 707199 11_internal_7543 11 2960999 2985415 89 86.2188 1.01569 15.7602 0.00150419 -0.31086 0.0298507 0.0261078
ENSG00000238686.1 11 3713273 3713273 + 16 740439 11_internal_10758 11 4453712 4507896 89 94.3191 0.879429 17.4574 0.0490999 -0.221134 0.59204 0.591049
ENSG00000238304.1 11 3802625 3802625 + 16 -652726 11_internal_8720 11 3120076 3149899 89 83.4375 1.08347 15.2362 0.030251 0.214779 0.402985 0.388523
ENSG00000148985.15 11 3818954 3818954 + 16 -863185 11_internal_7942 11 2950039 2955769 89 87.3312 1.00548 15.0763 0.0636724 -0.205679 0.656716 0.641809
ENSG00000110713.11 11 3819022 3819022 - 16 833607 11_internal_7543 11 2960999 2985415 89 99.5166 0.970746 18.0414 0.155863 0.147368 0.940299 0.928189
ENSG00000250404.1 11 3837982 3837982 + 16 -778021 11_internal_9216 11 3050589 3059961 89 89.3824 0.980644 16.0031 0.0780961 -0.188059 0.761194 0.731647
ENSG00000177105.9 11 3862213 3862213 - 15 816299 11_internal_8887 11 3023207 3045914 89 109.321 0.783222 14.1906 0.0873953 -0.196026 0.646766 0.671613
ENSG00000167323.5 11 3875757 3875757 + 15 -188131 11_internal_10742 11 3634686 3687626 89 86.2883 1.05831 15.1118 0.0154832 0.251239 0.20398 0.206899
ENSG00000229368.1 11 3875842 3875842 + 15 1185 11_internal_7692 11 3877027 3985942 89 82.7074 0.888476 11.0077 0.132477 0.169547 0.865672 0.853953
ENSG00000228661.1 11 3876739 3876739 - 15 659661 11_internal_9957 11 3154343 3217078 89 99.5861 0.934783 16.8259 0.10445 0.188616 0.80597 0.798763
ENSG00000263421.1 11 3877292 3877292 + 15 533927 11_internal_9755 11 4411219 4445172 89 99.2559 0.865397 15.4381 0.0734691 -0.177712 0.651741 0.665653
ENSG00000230593.2 11 3914120 3914120 - 15 697042 11_internal_9957 11 3154343 3217078 89 94.8232 1.04803 21.2017 0.0266457 0.242646 0.393035 0.354967
ENSG00000206976.1 11 3943797 3943797 + 14 509915 11_internal_10758 11 4453712 4507896 89 92.4244 1.07351 15.3673 0.161498 -0.145269 0.890547 0.91279
ENSG00000255232.1 11 3982507 3982507 + 12 -997092 11_internal_7543 11 2960999 2985415 89 93.1197 0.947045 12.5762 0.120616 0.156337 0.80597 0.792574
ENSG00000255141.1 11 3995467 3995467 - 11 -458427 11_internal_8461 11 4453894 6152854 89 98.4389 0.936203 11.1492 0.0660182 -0.195372 0.472637 0.486911
ENSG00000224555.2 11 4010693 4010693 - 11 793615 11_internal_9957 11 3154343 3217078 89 101.151 1.04862 15.4076 0.179786 0.155598 0.910448 0.915258
ENSG00000167325.10 11 4115937 4115937 + 9 -129995 11_internal_7692 11 3877027 3985942 89 100.038 0.879864 9.78042 0.025842 0.227692 0.21393 0.210922
ENSG00000255276.1 11 4159487 4159487 - 8 437266 11_internal_10405 11 3703085 3722221 89 78.7268 1.00478 7.15504 0.0139075 -0.274167 0.139303 0.137799
ENSG00000231548.1 11 4168525 4168525 - 8 -285369 11_internal_8461 11 4453894 6152854 89 93.4674 1.01604 9.53975 0.0308558 0.218109 0.20398 0.222668
ENSG00000132109.8 11 4414926 4414926 - 7 0 11_internal_9755 11 4411219 4445172 89 97.9695 0.947255 8.2831 0.272319 -0.115168 0.915423 0.914818
ENSG00000232268.4 11 4615037 4615037 + 7 -860332 11_internal_8665 11 3747888 3754705 89 89.2955 1.06483 7.64169 0.0827519 -0.175799 0.457711 0.45134
ENSG00000167333.8 11 4629489 4629489 - 7 643547 11_internal_7692 11 3877027 3985942 89 91.6422 0.950646 6.7452 0.098159 -0.169239 0.487562 0.506551
ENSG00000167355.3 11 5526882 5526882 - 7 -650926 11_internal_10586 11 6177808 6248092 89 100.108 0.882765 7.46439 0.370596 -0.0812737 0.965174 0.96474
ENSG00000175520.8 11 5531215 5531215 - 7 -173581 11_internal_8188 11 5704796 5714534 89 94.9623 0.978425 6.66789 0.105442 0.164064 0.462687 0.493758
ENSG00000175518.6 11 5537935 5537935 - 7 -166861 11_internal_8188 11 5704796 5714534 89 91.1381 1.02145 8.15166 0.00382395 0.310105 0.0348259 0.0253143
ENSG00000224295.2 11 5546185 5546185 - 7 -482907 11_internal_11958 11 6029092 6441646 89 78.4313 1.02161 6.7909 0.112458 -0.163667 0.626866 0.621725
ENSG00000249633.1 11 5549404 5549404 - 7 -479688 11_internal_11958 11 6029092 6441646 89 88.4437 1.02543 7.10157 0.103122 0.174426 0.562189 0.530954
ENSG00000181616.7 11 5566779 5566779 - 7 -547780 11_internal_9632 11 6114559 6164796 89 101.637 0.985182 9.14728 0.0287953 -0.234043 0.169154 0.169581
ENSG00000248553.1 11 5573793 5573793 - 7 -604015 11_internal_10586 11 6177808 6248092 89 82.2902 1.08342 7.90314 0.0865218 -0.173432 0.532338 0.526395
ENSG00000231049.1 11 5582197 5582197 + 7 122599 11_internal_8188 11 5704796 5714534 89 79.3004 1.0277 6.41256 0.468578 0.0786149 0.9801 0.986643
ENSG00000233646.1 11 5588846 5588846 - 7 -525713 11_internal_9632 11 6114559 6164796 89 92.6852 0.980394 6.65705 0.1309 0.165022 0.59204 0.59154
ENSG00000229534.1 11 5593422 5593422 - 7 -521137 11_internal_9632 11 6114559 6164796 89 85.0541 0.999931 5.56987 0.158856 -0.14008 0.641791 0.642133
ENSG00000187747.2 11 5602107 5602107 + 7 426985 11_internal_11958 11 6029092 6441646 89 93.0328 0.964716 7.33288 0.00550146 -0.268833 0.0248756 0.0373936
ENSG00000121236.14 11 5617339 5617339 + 7 212129 11_internal_8191 11 5829468 5840588 89 78.6051 1.04442 7.10185 0.114154 0.164257 0.626866 0.633514
ENSG00000258588.2 11 5617955 5617955 + 7 526233 11_internal_8385 11 6144188 6153024 89 94.1453 0.987225 7.21987 0.0294325 -0.240918 0.174129 0.172157
ENSG00000258659.2 11 5640994 5640994 + 8 503194 11_internal_8385 11 6144188 6153024 89 86.1145 1.03883 7.8466 0.0587045 -0.211781 0.383085 0.381762
ENSG00000239920.1 11 5646126 5646126 - 8 -58670 11_internal_8188 11 5704796 5714534 89 93.9889 0.987356 8.17659 0.0343737 0.222547 0.208955 0.223401
ENSG00000196565.7 11 5667019 5667019 - 9 -37777 11_internal_8188 11 5704796 5714534 89 84.1154 1.17424 9.59235 0.00891951 0.25925 0.0497512 0.0631736
ENSG00000132274.11 11 5710919 5710919 + 9 937358 11_internal_8283 11 6648277 6771370 89 88.2873 1.0052 9.26686 0.000182003 0.390968 0.00995025 0.00172817
ENSG00000232381.1 11 5740520 5740520 + 10 -25986 11_internal_8188 11 5704796 5714534 89 78.0836 1.12148 9.67041 0.235542 0.120766 0.950249 0.938776
ENSG00000181109.3 11 5747732 5747732 + 10 81736 11_internal_8191 11 5829468 5840588 89 104.957 0.827032 10.2842 0.0489827 -0.202028 0.368159 0.373355
ENSG00000181023.5 11 5757681 5757681 + 10 386507 11_internal_8385 11 6144188 6153024 89 82.0643 0.970745 9.2071 0.216084 -0.127628 0.930348 0.919193
ENSG00000181074.3 11 5775923 5775923 + 10 0 11_internal_8461 11 4453894 6152854 89 93.8498 0.941171 10.6733 0.120149 -0.157678 0.716418 0.734354
ENSG00000132256.14 11 5959849 5959849 - 10 -154710 11_internal_9632 11 6114559 6164796 89 92.9285 0.960543 10.3234 0.141684 -0.149128 0.761194 0.783356
ENSG00000267940.1 11 6224483 6224483 - 10 59687 11_internal_9632 11 6114559 6164796 89 95.2752 0.949284 10.8214 0.095366 0.186966 0.631841 0.636379
ENSG00000180878.2 11 6226796 6226796 + 10 511975 11_internal_12136 11 6738771 7042659 89 85.6973 1.05828 9.44833 0.0435097 -0.224056 0.353234 0.342644
ENSG00000051009.6 11 6255941 6255941 - 10 -392336 11_internal_8283 11 6648277 6771370 89 86.0102 1.04777 9.55993 0.051869 -0.20362 0.368159 0.401243
ENSG00000132259.8 11 6255995 6255995 + 10 0 11_internal_11958 11 6029092 6441646 89 98.1086 1.00779 10.7391 0.0305302 -0.23499 0.238806 0.218847
ENSG00000166311.5 11 6411655 6411655 + 10 -258631 11_internal_8385 11 6144188 6153024 89 98.943 1.00801 11.0082 0.0545294 -0.21586 0.368159 0.376869
ENSG00000166313.12 11 6440644 6440644 - 10 726110 11_internal_8188 11 5704796 5714534 89 108.052 0.870882 12.9273 0.0763335 -0.169805 0.512438 0.552812
ENSG00000110169.6 11 6463847 6463847 - 11 310823 11_internal_8385 11 6144188 6153024 89 102.767 0.909638 13.62 0.0352029 0.207393 0.273632 0.319939
ENSG00000110171.13 11 6495689 6495689 - 11 -961330 11_internal_8409 11 7457019 7471387 89 88.0266 1.04338 10.8963 0.0192133 -0.232155 0.18408 0.180502
ENSG00000132254.7 11 6502666 6502666 - 11 -236105 11_internal_12136 11 6738771 7042659 89 86.8619 0.921655 10.0037 0.092673 0.168602 0.661692 0.670731
ENSG00000132286.7 11 6502677 6502677 + 11 -254585 11_internal_10586 11 6177808 6248092 89 92.9807 1.02726 12.7045 0.0941362 -0.164592 0.671642 0.675116
ENSG00000265264.1 11 6502715 6502715 + 11 118487 11_internal_11209 11 6621202 6674847 89 78.0314 1.04103 9.89581 0.14742 -0.161476 0.835821 0.8419
ENSG00000254595.1 11 6510607 6510607 - 11 357753 11_internal_8461 11 4453894 6152854 89 87.6963 1.00478 12.1602 0.0263935 -0.210938 0.253731 0.28569
ENSG00000179532.8 11 6518490 6518490 + 12 129787 11_internal_8283 11 6648277 6771370 89 117.925 0.845875 19.9498 0.0675392 0.195048 0.59204 0.586276
ENSG00000132275.6 11 6624850 6624850 - 13 471996 11_internal_8461 11 4453894 6152854 89 88.2352 1.00883 12.4167 0.00910457 -0.271992 0.109453 0.108283
ENSG00000166333.9 11 6624961 6624961 + 13 885790 11_internal_7947 11 7510751 7520210 89 86.3578 0.971918 11.2594 0.000247938 -0.397983 0.00995025 0.00408984
ENSG00000254400.1 11 6625650 6625650 - 13 -885101 11_internal_7947 11 7510751 7520210 89 83.1768 1.04695 13.3253 0.00631521 -0.298236 0.0845771 0.0929331
ENSG00000254641.1 11 6631366 6631366 - 13 -107405 11_internal_12136 11 6738771 7042659 89 93.6412 0.964839 14.9423 0.00299132 -0.327226 0.0497512 0.0389687
ENSG00000166337.5 11 6633898 6633898 - 13 -876853 11_internal_7947 11 7510751 7520210 89 85.4887 0.94552 11.1286 0.0113479 -0.272025 0.149254 0.154893
ENSG00000255680.1 11 6640021 6640021 + 13 -487167 11_internal_8461 11 4453894 6152854 89 94.632 0.983474 13.6647 0.0206593 -0.242922 0.228856 0.215555
ENSG00000166340.10 11 6640692 6640692 - 13 -7585 11_internal_8283 11 6648277 6771370 89 96.9613 0.985843 15.3121 0.0154045 -0.251817 0.179104 0.166408
ENSG00000255390.1 11 6642682 6642682 + 13 0 11_internal_11209 11 6621202 6674847 89 92.8937 0.944435 11.89 9.52284e-06 0.44727 0.00497512 0.000125035
ENSG00000255410.1 11 6651834 6651834 + 13 0 11_internal_11209 11 6621202 6674847 89 89.5562 0.908572 12.2926 6.96429e-06 0.433364 0.00497512 0.00019604
ENSG00000166341.6 11 6677085 6677085 - 13 2238 11_internal_11209 11 6621202 6674847 89 96.0922 0.920024 13.1736 3.50953e-07 0.488725 0.00497512 4.7254e-06
ENSG00000158042.8 11 6704632 6704632 - 13 456540 11_internal_10586 11 6177808 6248092 89 94.9623 1.0088 16.4514 0.199601 -0.129171 0.955224 0.964939
ENSG00000241678.1 11 6707600 6707600 - 13 554576 11_internal_8385 11 6144188 6153024 89 105.879 0.871765 14.6327 0.00759422 -0.296209 0.0895522 0.0781733
ENSG00000254838.3 11 6767670 6767670 - 12 -743081 11_internal_7947 11 7510751 7520210 89 91.1033 0.993856 12.0706 0.0142252 -0.261881 0.154229 0.149421
ENSG00000149054.10 11 6947635 6947635 + 11 584482 11_internal_9684 11 7532117 7695952 89 83.9416 1.03991 10.9874 0.0224394 0.235474 0.263682 0.240077
ENSG00000170743.11 11 7260099 7260099 + 9 955661 11_internal_9624 11 8215760 8616532 89 110.624 0.987707 13.4644 0.0827317 -0.176828 0.532338 0.524955
ENSG00000183801.3 11 7506619 7506619 + 8 25498 11_internal_9684 11 7532117 7695952 89 96.3182 0.897913 7.62683 8.90279e-05 -0.39675 0.00497512 0.000809811
ENSG00000251364.2 11 7533746 7533746 - 8 13536 11_internal_7947 11 7510751 7520210 89 97.309 0.896736 9.07207 0.169189 0.152697 0.825871 0.803326
ENSG00000166387.7 11 7534529 7534529 + 8 0 11_internal_9684 11 7532117 7695952 89 98.9256 0.949958 9.74366 3.99582e-25 0.821392 0.00497512 1.85822e-25
ENSG00000166394.10 11 7698453 7698453 - 8 2501 11_internal_9684 11 7532117 7695952 89 103.393 1.02533 10.5031 2.82196e-16 0.697795 0.00497512 4.41239e-18
ENSG00000175390.8 11 7991798 7991798 + 8 -471588 11_internal_7947 11 7510751 7520210 89 92.6504 0.985465 8.866 0.0522236 0.210764 0.378109 0.357874
ENSG00000166402.4 11 8040791 8040791 + 8 584841 11_internal_9748 11 8625632 8703910 89 105.583 0.932655 8.94872 0.090741 -0.173902 0.512438 0.48608
ENSG00000166405.10 11 8190602 8190602 - 8 -25158 11_internal_9624 11 8215760 8616532 89 89.4867 0.937394 7.25642 0.0315735 0.209317 0.228856 0.230512
ENSG00000130413.11 11 8615836 8615836 - 12 -9796 11_internal_9748 11 8625632 8703910 89 83.5418 1.11419 12.1095 0.00221929 -0.317573 0.0248756 0.0236856
ENSG00000166436.10 11 8693413 8693413 - 14 -900638 11_internal_8591 11 9594051 9656218 89 89.3129 1.04126 14.6503 0.0115411 0.267814 0.129353 0.140982
ENSG00000254900.1 11 8700636 8700636 + 13 893415 11_internal_8591 11 9594051 9656218 89 92.0246 0.981134 14.6118 0.0332304 0.202548 0.368159 0.371712
ENSG00000166441.8 11 8703958 8703958 + 13 535466 11_internal_8183 11 9239424 9255589 89 101.481 0.924741 16.0231 0.107885 0.171447 0.781095 0.78688
ENSG00000200983.1 11 8705774 8705774 + 13 888277 11_internal_8591 11 9594051 9656218 89 110.989 0.760496 12.3048 0.00181406 0.328462 0.0348259 0.0221059
ENSG00000212607.1 11 8706986 8706986 + 13 887065 11_internal_8591 11 9594051 9656218 89 100.699 0.890714 12.9858 0.0633169 0.1944 0.527363 0.526859
ENSG00000254665.1 11 8714904 8714904 + 13 0 11_internal_11354 11 8708087 8860163 89 91.1729 0.909188 13.3009 0.0345527 -0.229153 0.412935 0.399559
ENSG00000166444.13 11 8932498 8932498 - 13 72335 11_internal_11354 11 8708087 8860163 89 75.4762 1.19474 10.6691 0.0463618 -0.20335 0.422886 0.435336
ENSG00000166452.7 11 8932686 8932686 + 13 -72523 11_internal_11354 11 8708087 8860163 89 76.7104 1.1735 11.9715 0.00730218 0.299635 0.0895522 0.095205
ENSG00000176029.9 11 8954553 8954553 - 13 -569324 11_internal_8944 11 9523877 9535798 89 86.4273 1.08136 13.2651 0.064769 0.193723 0.636816 0.576805
ENSG00000254860.1 11 8986222 8986222 + 13 -600201 11_internal_10486 11 8040428 8386021 89 79.0396 1.07482 10.8236 0.0530172 -0.208503 0.532338 0.501502
ENSG00000175348.6 11 8986558 8986558 - 13 -607493 11_internal_8591 11 9594051 9656218 89 96.8049 0.948598 13.281 0.025937 0.243099 0.253731 0.25938
ENSG00000175352.6 11 9025596 9025596 - 13 -33271 11_internal_8562 11 9058867 9083783 89 86.2014 0.959725 11.155 0.0174366 0.229696 0.21393 0.211487
ENSG00000175356.8 11 9159661 9159661 - 15 -958668 11_internal_8880 11 10118329 10145409 89 77.9967 1.06378 12.0463 0.0639388 0.18891 0.616915 0.621907
ENSG00000255097.1 11 9267056 9267056 - 15 0 11_internal_9731 11 9229654 9286143 89 77.8055 1.06781 12.2873 0.00540325 0.295564 0.0746269 0.0911542
ENSG00000184014.3 11 9286937 9286937 - 15 794 11_internal_9731 11 9229654 9286143 89 77.3014 1.14996 12.4636 0.000313818 0.379892 0.00995025 0.00458405
ENSG00000254884.1 11 9333236 9333236 - 15 -1415 11_internal_9534 11 9334651 9415244 89 94.9797 0.943921 16.1591 0.000109752 0.384456 0.00497512 0.00155891
ENSG00000166471.6 11 9336327 9336327 - 15 0 11_internal_9534 11 9334651 9415244 89 90.634 1.07366 17.212 6.2486e-08 0.538508 0.00497512 2.80958e-07
ENSG00000205339.5 11 9406169 9406169 + 14 -120026 11_internal_9731 11 9229654 9286143 89 103.88 0.971934 17.624 0.104831 0.164448 0.776119 0.777161
ENSG00000201998.1 11 9450320 9450320 + 15 610186 11_internal_8662 11 10060506 10065207 89 87.4529 0.986109 15.5723 0.00192581 -0.329291 0.0348259 0.0341247
ENSG00000254397.1 11 9455033 9455033 - 15 -605473 11_internal_8662 11 10060506 10065207 89 89.2955 1.05961 15.7954 0.0765829 -0.177055 0.706468 0.691728
ENSG00000166478.5 11 9481866 9481866 + 17 578640 11_internal_8662 11 10060506 10065207 89 103.654 0.888785 22.1139 0.0463986 0.204158 0.542289 0.561664
ENSG00000268403.1 11 9482010 9482010 - 17 185259 11_internal_7683 11 9281644 9296751 89 78.5182 1.09611 14.2436 0.0338742 0.235359 0.477612 0.447157
ENSG00000255180.1 11 9514557 9514557 - 17 -9320 11_internal_8944 11 9523877 9535798 89 82.2033 1.07857 14.8783 0.0623555 -0.176695 0.671642 0.647306
ENSG00000166483.5 11 9595228 9595228 + 17 0 11_internal_8591 11 9594051 9656218 89 87.6094 1.05234 16.0489 0.00464457 0.304255 0.0646766 0.0659632
ENSG00000243964.1 11 9627689 9627689 + 19 0 11_internal_8591 11 9594051 9656218 89 100.038 0.951086 20.0549 0.0442587 0.202414 0.522388 0.512338
ENSG00000239470.2 11 9681946 9681946 + 20 -28188 11_internal_8897 11 9647165 9653758 89 111.876 0.838645 30.297 0.158013 -0.139482 0.9801 0.981538
ENSG00000133789.10 11 9685624 9685624 + 20 -29406 11_internal_8591 11 9594051 9656218 89 81.6297 1.08209 17.7824 0.0410533 0.212888 0.58209 0.56612
ENSG00000246273.2 11 9779839 9779839 + 20 639551 11_internal_8257 11 10419390 10441663 89 84.9324 0.97988 15.792 0.0127621 -0.2283 0.238806 0.220494
ENSG00000245522.2 11 9781080 9781080 - 20 -879577 11_internal_8571 11 10660657 10669462 89 80.3607 1.02988 15.8842 0.024053 -0.225538 0.373134 0.390104
ENSG00000255476.1 11 9860690 9860690 + 21 -574547 11_internal_9731 11 9229654 9286143 89 101.151 0.925483 27.1125 0.00992063 0.271718 0.174129 0.176903
ENSG00000254765.1 11 9981337 9981337 - 22 -628796 11_internal_7976 11 10610133 10641558 89 103.793 0.914505 30.7892 0.0946683 0.174958 0.905473 0.910842
ENSG00000254865.1 11 10170739 10170739 + 21 -873988 11_internal_7683 11 9281644 9296751 89 96.0227 0.891261 20.5307 0.0232109 0.244214 0.373134 0.370001
ENSG00000133812.10 11 10315754 10315754 - 18 170345 11_internal_8880 11 10118329 10145409 89 89.1391 0.93502 19.1865 0.00572867 0.292134 0.114428 0.122956
ENSG00000133805.10 11 10329860 10329860 + 18 132909 11_internal_11500 11 10462769 10529136 89 86.4273 0.999363 15.9329 4.36493e-06 0.453402 0.00497512 9.63778e-05
ENSG00000255823.1 11 10530723 10530723 - 18 787910 11_internal_11881 11 9663986 9742813 89 85.3148 1.00078 14.9395 0.185712 0.148351 0.965174 0.960901
ENSG00000110315.2 11 10562777 10562777 - 17 -38493 11_internal_8407 11 10601270 10647792 89 95.31 1.00298 18.4284 0.0631734 0.180934 0.646766 0.642546
ENSG00000198730.3 11 10772534 10772534 + 14 -130976 11_internal_7976 11 10610133 10641558 89 95.2404 1.04051 18.6709 0.0391522 -0.244128 0.472637 0.444642
ENSG00000255125.1 11 10804860 10804860 + 14 0 11_internal_11885 11 10769683 10952921 89 89.6779 0.970815 13.4653 0.0554607 0.191659 0.492537 0.54364
ENSG00000238622.1 11 10823155 10823155 - 14 0 11_internal_11885 11 10769683 10952921 89 80.5867 0.975851 12.2811 0.0562159 0.191474 0.60199 0.596823
ENSG00000110321.10 11 10830657 10830657 - 14 -500083 11_internal_10079 11 11330740 11644104 89 84.6195 0.95057 13.0823 0.0283408 -0.234312 0.373134 0.375236
ENSG00000246308.1 11 10830844 10830844 + 14 -685435 11_internal_8880 11 10118329 10145409 89 77.1623 1.08607 12.4608 0.147954 0.150788 0.920398 0.900212
ENSG00000247271.2 11 10879806 10879806 + 15 -412287 11_internal_9254 11 10456798 10467519 89 81.6297 1.075 12.9465 0.027475 -0.224136 0.368159 0.333302
ENSG00000236287.3 11 10880343 10880343 - 15 -981664 11_internal_9076 11 11862007 11883161 89 79.9783 1.07011 14.3263 0.0862432 0.199773 0.771144 0.771891
ENSG00000254957.1 11 11157029 11157029 + 15 959102 11_internal_9562 11 12116131 12126980 89 88.7914 0.959392 14.0747 0.0135543 0.256526 0.169154 0.191504
ENSG00000254598.1 11 11374668 11374668 - 17 566214 11_internal_9060 11 10798510 10808454 89 91.0859 0.97677 17.2643 0.00670221 -0.26248 0.119403 0.106435
ENSG00000170242.12 11 11862970 11862970 + 8 324905 11_internal_8113 11 12187875 12193542 89 105.357 1.02052 10.1458 0.130211 -0.173555 0.666667 0.646563
ENSG00000255492.1 11 11878406 11878406 - 8 -237725 11_internal_9562 11 12116131 12126980 89 82.8812 0.974385 7.07261 0.248126 0.123295 0.895522 0.891308
ENSG00000050165.13 11 12031316 12031316 - 7 -878980 11_internal_11441 11 12910296 13032250 89 82.9855 1.00916 6.8221 0.0125998 0.249519 0.114428 0.101832
ENSG00000133816.9 11 12115543 12115543 + 7 588 11_internal_9562 11 12116131 12126980 89 115.057 0.922646 11.7817 0.00627181 0.290722 0.0447761 0.0301817
ENSG00000254680.1 11 12284720 12284720 - 7 640616 11_internal_10079 11 11330740 11644104 89 88.6871 0.933028 5.701 0.0782467 0.192686 0.378109 0.405483
ENSG00000133808.4 11 12297627 12297627 + 7 -125972 11_internal_9672 11 12137712 12171655 89 76.2236 1.07197 6.40152 0.152605 0.150617 0.701493 0.707598
ENSG00000197702.7 11 12398732 12398732 + 8 -146977 11_internal_9270 11 12235382 12251755 89 103.184 0.945309 10.1006 0.13173 0.159143 0.696517 0.69315
ENSG00000133794.13 11 13298199 13298199 + 7 0 11_internal_10908 11 13297669 13363226 89 90.8426 0.983527 6.74885 1.40702e-07 0.511851 0.00497512 8.95117e-07
ENSG00000222162.1 11 13374755 13374755 + 7 -11529 11_internal_10908 11 13297669 13363226 89 83.2115 1.04406 6.47264 0.0404848 0.210793 0.278607 0.252408
ENSG00000148925.5 11 13484844 13484844 - 7 -232460 11_internal_8193 11 13717304 13721415 89 100.038 0.899027 7.15805 0.0416851 0.224515 0.233831 0.242706
ENSG00000197601.8 11 13690217 13690217 + 7 27087 11_internal_8193 11 13717304 13721415 89 72.1734 1.08228 6.26725 0.134523 -0.179633 0.701493 0.678314
ENSG00000254791.1 11 13690874 13690874 + 7 -327648 11_internal_10908 11 13297669 13363226 89 88.3395 1.07495 7.08574 0.194676 0.121368 0.78607 0.76584
ENSG00000240454.1 11 13707203 13707203 - 7 674953 11_internal_11441 11 12910296 13032250 89 94.493 1.0379 7.4075 0.106778 0.160056 0.527363 0.511323
ENSG00000200685.1 11 13708205 13708205 - 7 -9099 11_internal_8193 11 13717304 13721415 89 84.6717 0.974385 6.29553 0.494271 -0.0752217 0.99005 0.988636
ENSG00000152268.8 11 13983914 13983914 + 8 0 11_internal_12105 11 13943195 14101878 89 94.0236 0.959678 7.66524 0.0132807 0.262407 0.114428 0.0904917
ENSG00000254418.1 11 14295237 14295237 - 8 573822 11_internal_8193 11 13717304 13721415 89 96.6484 1.0237 9.28036 0.149341 0.155985 0.711443 0.7256
ENSG00000133818.8 11 14386052 14386052 - 7 -333085 11_internal_9283 11 14719137 14736744 89 96.1617 0.88751 6.81596 0.0787777 -0.191769 0.40796 0.434587
ENSG00000255074.1 11 14462333 14462333 + 7 -740918 11_internal_8193 11 13717304 13721415 89 80.5346 1.09377 6.15113 0.0406449 0.227003 0.263682 0.239646
ENSG00000251991.1 11 14500438 14500438 + 6 -119215 11_internal_9164 11 14257952 14381223 89 90.1473 1.08734 6.28368 0.000393479 0.371729 0.00497512 0.00128822
ENSG00000129083.8 11 14521573 14521573 - 6 -473133 11_internal_9175 11 14994706 15255617 89 87.3486 1.1468 6.34875 0.147067 0.153459 0.636816 0.588581
ENSG00000256206.2 11 14541890 14541890 - 6 -177247 11_internal_9283 11 14719137 14736744 89 86.775 0.934811 5.75346 0.0589663 -0.208189 0.323383 0.339266
ENSG00000129084.13 11 14665181 14665181 - 6 -329525 11_internal_9175 11 14994706 15255617 89 80.3086 1.00013 4.98339 0.103457 0.176609 0.457711 0.477143
ENSG00000152270.4 11 14665269 14665269 + 6 53868 11_internal_9283 11 14719137 14736744 89 89 1.11442 6.20611 0.00329206 0.295204 0.0149254 0.0124322
ENSG00000255040.1 11 14696101 14696101 - 6 -23036 11_internal_9283 11 14719137 14736744 89 80.6041 1.02357 5.65722 0.181881 0.146036 0.706468 0.717097
ENSG00000186104.6 11 14913798 14913798 - 6 -906609 11_internal_8611 11 15820407 15841567 89 94.9797 0.95163 6.01094 0.175513 -0.144691 0.651741 0.672248
ENSG00000175868.9 11 14926543 14926543 + 7 -189799 11_internal_9283 11 14719137 14736744 89 95.2578 0.895758 7.39934 0.0414925 0.229726 0.258706 0.277262
ENSG00000253179.1 11 14929064 14929064 + 7 -192320 11_internal_9283 11 14719137 14736744 89 80.2912 1.11717 7.43337 0.129758 0.157247 0.681592 0.659544
ENSG00000110696.4 11 16634679 16634679 + 4 178168 11_internal_10529 11 16812847 16837627 89 84.2023 0.999957 3.57709 0.0407633 0.216358 0.154229 0.157015
ENSG00000110693.11 11 16761138 16761138 - 3 -51709 11_internal_10529 11 16812847 16837627 89 88.0266 1.00006 2.85058 0.268446 -0.131998 0.597015 0.593971
ENSG00000244398.1 11 16996560 16996560 - 3 972130 11_internal_9323 11 15918226 16024430 89 72.4516 0.99988 2.32221 0.00747436 0.275417 0.039801 0.0364788
ENSG00000166689.9 11 17035990 17035990 - 2 198363 11_internal_10529 11 16812847 16837627 89 89.3477 0.999999 1.91176 0.0576467 0.219573 0.109453 0.106421
ENSG00000201784.1 11 17096291 17096291 - 2 -846383 11_internal_11148 11 17942674 18128045 89 82.7248 0.999967 2.13303 0.712959 0.0366747 0.950249 0.935263
ENSG00000201403.1 11 17097415 17097415 - 2 -845259 11_internal_11148 11 17942674 18128045 89 85.2627 0.999968 1.83806 0.0727115 0.185124 0.154229 0.140442
ENSG00000110700.2 11 17099334 17099334 - 2 261707 11_internal_10529 11 16812847 16837627 89 86.0275 0.999979 2.099 0.348831 0.101808 0.606965 0.604316
ENSG00000201586.1 11 17137310 17137310 - 2 299683 11_internal_10529 11 16812847 16837627 89 99.3254 0.99997 2.30247 0.290217 -0.114406 0.512438 0.50585
ENSG00000240808.1 11 17159812 17159812 - 2 -782862 11_internal_11148 11 17942674 18128045 89 80.5867 1.00007 2.04025 0.657028 0.0493547 0.905473 0.897601
ENSG00000213779.4 11 17215036 17215036 + 2 727638 11_internal_11148 11 17942674 18128045 89 71.3912 1.00002 1.87582 0.162719 -0.146171 0.348259 0.359661
ENSG00000011405.9 11 17229530 17229530 - 2 -713144 11_internal_11148 11 17942674 18128045 89 101.324 0.999941 2.28201 0.415496 -0.0844758 0.681592 0.669992
ENSG00000070081.9 11 17229700 17229700 + 2 -392073 11_internal_10529 11 16812847 16837627 89 95.9705 1.00006 1.98895 0.265748 -0.12596 0.41791 0.432268
ENSG00000197149.4 11 17249817 17249817 + 2 692857 11_internal_11148 11 17942674 18128045 89 81.6297 0.999908 1.88795 0.268553 0.106105 0.497512 0.47545
ENSG00000188211.4 11 17373273 17373273 + 2 -535646 11_internal_10529 11 16812847 16837627 89 78.327 0.999975 1.89603 0.35887 -0.099065 0.597015 0.607747
ENSG00000260196.1 11 17402196 17402196 + 2 -564569 11_internal_10529 11 16812847 16837627 89 107.495 0.999979 2.44878 0.0875368 -0.193912 0.149254 0.141276
ENSG00000129159.6 11 17756359 17756359 + 5 961902 11_internal_10395 11 18718261 18729094 89 92.3027 1.00002 5.04586 0.370252 -0.0978786 0.905473 0.896012
ENSG00000129158.5 11 18034709 18034709 - 4 -652685 11_internal_9418 11 18687394 18695233 89 91.9377 1.00002 3.88697 0.0695559 0.203446 0.248756 0.230171
ENSG00000255448.1 11 18044478 18044478 - 4 -642916 11_internal_9418 11 18687394 18695233 89 81.4211 1.00008 3.6648 0.061701 0.216438 0.21393 0.245493
ENSG00000129167.5 11 18063973 18063973 - 4 -654288 11_internal_10395 11 18718261 18729094 89 99.5861 0.999914 4.69112 0.17043 -0.136484 0.537313 0.525511
ENSG00000166788.5 11 18127638 18127638 - 4 0 11_internal_11148 11 17942674 18128045 89 93.0154 0.999924 4.36045 0.70206 -0.0393329 1 0.994417
ENSG00000212789.3 11 18283529 18283529 + 5 403865 11_internal_9418 11 18687394 18695233 89 81.1256 0.999902 4.52286 0.14745 0.161442 0.552239 0.561885
ENSG00000110756.13 11 18343745 18343745 - 5 -343649 11_internal_9418 11 18687394 18695233 89 85.4191 0.999903 4.78484 0.136904 -0.156778 0.547264 0.527764
ENSG00000110768.5 11 18343842 18343842 + 5 60196 11_internal_11860 11 18404038 18593552 89 104.784 1.00006 5.36648 0.0300789 0.222342 0.119403 0.0955666
ENSG00000134333.8 11 18415935 18415935 + 5 0 11_internal_11860 11 18404038 18593552 89 85.6625 0.999978 4.72592 0.206938 0.135043 0.686567 0.682837
ENSG00000256006.1 11 18427156 18427156 + 5 260238 11_internal_9418 11 18687394 18695233 89 98.1955 1.00005 5.66751 0.0380701 0.218364 0.179104 0.155174
ENSG00000166800.5 11 18477371 18477371 + 5 652139 11_internal_10515 11 19129510 19186796 89 93.6238 1.00007 5.43597 0.313872 -0.102142 0.875622 0.857848
ENSG00000256464.1 11 18512502 18512502 - 5 -617008 11_internal_10515 11 19129510 19186796 89 86.7924 0.999884 5.19197 0.0056004 -0.294868 0.0447761 0.0319297
ENSG00000256588.1 11 18530367 18530367 - 5 402322 11_internal_11148 11 17942674 18128045 89 83.7678 1.00007 4.56869 0.180439 0.136418 0.606965 0.626386
ENSG00000256361.1 11 18533022 18533022 - 5 0 11_internal_11860 11 18404038 18593552 89 97.6914 0.999937 4.73502 0.272622 0.116016 0.746269 0.744384
ENSG00000074319.7 11 18548779 18548779 - 5 -580731 11_internal_10515 11 19129510 19186796 89 89.4346 1.0001 5.1163 0.0389457 -0.219123 0.19403 0.181809
ENSG00000151116.11 11 18610294 18610294 - 5 16742 11_internal_11860 11 18404038 18593552 89 84.2371 0.999893 4.33813 0.0145557 0.259129 0.0945274 0.0736428
ENSG00000247595.2 11 18621334 18621334 + 5 96927 11_internal_10395 11 18718261 18729094 89 86.2883 0.999911 4.77456 0.307074 -0.100889 0.820896 0.835319
ENSG00000179119.10 11 18656338 18656338 - 5 -61923 11_internal_10395 11 18718261 18729094 89 89.0695 0.999955 5.04843 0.0478552 -0.204748 0.21393 0.218957
ENSG00000151117.3 11 18714669 18714669 + 5 -19436 11_internal_9418 11 18687394 18695233 89 108.034 1.00563 5.44743 0.19355 0.137044 0.58209 0.589824
ENSG00000254966.1 11 18728084 18728084 + 5 0 11_internal_10395 11 18718261 18729094 89 81.4559 1.00003 4.33518 0.179829 0.133864 0.626866 0.618973
ENSG00000179057.9 11 18747777 18747777 - 5 52544 11_internal_9418 11 18687394 18695233 89 86.2014 0.999896 4.70374 0.109818 0.171895 0.452736 0.438927
ENSG00000177054.9 11 19138646 19138646 + 4 -443413 11_internal_9418 11 18687394 18695233 89 94.267 0.999981 4.33493 0.120378 0.166466 0.402985 0.396248
ENSG00000166833.15 11 19372271 19372271 + 4 -778719 11_internal_11860 11 18404038 18593552 89 92.7373 0.999992 3.87332 0.156009 -0.143237 0.452736 0.461149
ENSG00000109854.9 11 20385231 20385231 + 1 246362 11_internal_10884 11 20631593 21934967 89 97.3959 0.999935 1.01436 0.734517 0.0358997 0.746269 0.727783
ENSG00000185238.8 11 20409076 20409076 + 1 222517 11_internal_10884 11 20631593 21934967 89 97.2568 0.999983 1.05802 0.385459 0.101068 0.348259 0.380656
ENSG00000229387.2 11 22646860 22646860 + 2 -711893 11_internal_10884 11 20631593 21934967 89 95.5012 1.00004 2.34418 0.421688 -0.0881283 0.691542 0.704052
ENSG00000148935.6 11 22647188 22647188 + 2 -984232 11_internal_8332 11 21646477 21662956 89 74.9199 0.999924 1.83787 0.171703 -0.155115 0.363184 0.351748
ENSG00000183161.3 11 22647387 22647387 - 2 712420 11_internal_10884 11 20631593 21934967 89 83.8721 0.999975 1.93771 0.38039 -0.0861098 0.641791 0.621806
ENSG00000246225.2 11 22850926 22850926 + 1 -915959 11_internal_10884 11 20631593 21934967 89 96.3008 1.00004 1.09006 0.285962 -0.115172 0.293532 0.287132
ENSG00000198168.4 11 22851845 22851845 - 1 916878 11_internal_10884 11 20631593 21934967 89 117.421 1.00003 1.02886 0.71918 0.0398585 0.686567 0.689751
ENSG00000255359.2 11 22881972 22881972 - 1 947005 11_internal_10884 11 20631593 21934967 89 83.2637 0.999925 1.07049 0.000385061 -0.316149 0.00497512 0.000639015
ENSG00000255418.1 11 23186446 23186446 + 0 NA NA NA NA NA NA NA NA NA NA NA NA NA
ENSG00000109881.11 11 27385415 27385415 - 2 -334929 11_internal_8549 11 27720344 27916968 89 79.3352 0.99996 2.25522 0.474937 -0.0826955 0.79602 0.79064
ENSG00000205213.8 11 27494322 27494322 - 2 0 11_internal_8317 11 27444507 27494856 89 87.0184 1.00009 1.92414 0.00390903 0.30003 0.00995025 0.00831473
ENSG00000148943.7 11 27528320 27528320 - 2 -192024 11_internal_8549 11 27720344 27916968 89 88.6002 0.999928 2.05609 0.00279933 -0.307878 0.00497512 0.00587763
ENSG00000245573.3 11 27528385 27528385 + 2 -33529 11_internal_8317 11 27444507 27494856 89 86.5143 1.00007 1.9001 0.0966467 -0.179835 0.19403 0.183919
ENSG00000240036.3 11 27603227 27603227 + 2 -108371 11_internal_8317 11 27444507 27494856 89 91.1902 0.999953 2.29054 0.247306 0.123725 0.467662 0.46916
ENSG00000254934.1 11 27656174 27656174 - 2 161318 11_internal_8317 11 27444507 27494856 89 94.2496 0.999982 2.55382 0.506394 -0.0708336 0.800995 0.824475
ENSG00000176697.13 11 27743605 27743605 - 2 0 11_internal_8549 11 27720344 27916968 89 91.4162 1.00003 2.18555 0.179727 0.137356 0.348259 0.341308
ENSG00000224411.2 11 27912580 27912580 - 2 0 11_internal_8549 11 27720344 27916968 89 81.1951 0.999969 2.07975 0.575141 -0.0599606 0.860697 0.845425
ENSG00000169519.14 11 28129795 28129795 + 2 -212827 11_internal_8549 11 27720344 27916968 89 90.4428 0.999964 2.2817 0.480737 0.0795695 0.771144 0.772311
ENSG00000121621.6 11 28129855 28129855 - 2 212887 11_internal_8549 11 27720344 27916968 89 85.9232 1.00002 1.96388 0.415734 0.0878481 0.651741 0.66149
ENSG00000222385.1 11 28283066 28283066 - 2 788210 11_internal_8317 11 27444507 27494856 89 94.0236 1.00003 2.02627 0.0414253 0.217046 0.0746269 0.0716976
ENSG00000238149.1 11 28309172 28309172 - 2 392204 11_internal_8549 11 27720344 27916968 89 87.1748 0.999924 2.0486 0.363473 -0.0890056 0.597015 0.610003
ENSG00000255322.1 11 28373654 28373654 + 2 -456686 11_internal_8549 11 27720344 27916968 89 91.9725 0.999984 2.02661 0.893883 0.0141344 0.985075 0.989033
ENSG00000152219.4 11 30344598 30344598 + 2 0 11_internal_11925 11 30343608 30944210 89 83.959 1.00005 2.07602 2.83686e-09 0.581595 0.00497512 1.65262e-08
ENSG00000066382.11 11 30608419 30608419 - 2 0 11_internal_11925 11 30343608 30944210 89 84.8803 1.00008 2.04497 0.239316 0.124807 0.437811 0.445548
ENSG00000170959.10 11 31391357 31391357 - 3 2373 11_internal_11053 11 31382863 31388984 89 91.8334 1.00001 3.46651 0.00171975 0.320398 0.0149254 0.005016
ENSG00000170946.10 11 31391387 31391387 + 3 -2403 11_internal_11053 11 31382863 31388984 89 100.09 0.999904 3.4338 0.00479743 0.280944 0.0149254 0.00949513
ENSG00000148950.5 11 31531192 31531192 - 5 142208 11_internal_11053 11 31382863 31388984 89 79.1787 0.999948 4.43749 0.0361527 0.207223 0.19403 0.196896
ENSG00000109911.13 11 31531297 31531297 + 5 -142313 11_internal_11053 11 31382863 31388984 89 87.4877 1.00001 5.38729 0.0652299 0.174633 0.313433 0.314013
ENSG00000203504.3 11 31705636 31705636 + 6 736560 11_internal_10287 11 32442196 32461501 89 90.634 0.973595 6.2765 0.0164185 -0.248016 0.129353 0.0999996
ENSG00000203418.2 11 31706873 31706873 - 6 -783178 11_internal_10213 11 32490051 32572352 89 93.5021 0.957283 5.49466 0.0352014 -0.232462 0.169154 0.173304
ENSG00000228061.1 11 31789501 31789501 - 7 -829709 11_internal_8444 11 32619210 32625436 89 83.4723 0.966011 5.8958 0.124165 0.174233 0.61194 0.593876
ENSG00000049449.3 11 31833939 31833939 + 7 608257 11_internal_10287 11 32442196 32461501 89 86.7576 1.01758 7.35901 0.035643 0.224201 0.21393 0.241117
ENSG00000007372.14 11 31839509 31839509 - 7 -650542 11_internal_10213 11 32490051 32572352 89 105.514 0.993185 7.84803 0.00195972 -0.322703 0.00497512 0.00604785
ENSG00000255252.2 11 32126637 32126637 - 8 -735322 11_internal_9569 11 32861959 32866108 89 91.2424 0.950507 7.52858 0.0264887 0.236147 0.189055 0.189772
ENSG00000149100.8 11 32605344 32605344 + 11 -32992 11_internal_10213 11 32490051 32572352 89 77.1623 1.10898 10.5917 0.133145 -0.160809 0.820896 0.820791
