ENSG00000246283.2 15 43031316 43031316 + 6 -615259 15_internal_6067 15 42376216 42416057 89 81.1604 0.999016 5.74924 0.166947 -0.147043 0.701493 0.696243
ENSG00000260799.1 15 43094603 43094603 - 6 -298525 15_internal_7518 15 43393128 43428121 89 81.143 1.09196 6.26492 0.0250973 0.227513 0.174129 0.155566
ENSG00000128881.12 15 43213007 43213007 - 5 -180121 15_internal_7518 15 43393128 43428121 89 87.6789 1.00005 4.54065 0.0451168 -0.213929 0.189055 0.195371
ENSG00000254793.1 15 43232556 43232556 - 5 -160572 15_internal_7518 15 43393128 43428121 89 97.8826 0.960597 5.6877 0.265898 -0.123056 0.810945 0.805749
ENSG00000159459.7 15 43398311 43398311 - 4 933820 15_internal_6180 15 42457205 42464491 89 99.8469 1.00008 4.71912 0.324226 -0.098347 0.791045 0.809475
ENSG00000205871.4 15 43408691 43408691 - 4 992634 15_internal_6067 15 42376216 42416057 89 96.0053 1.00004 4.59835 0.0298783 -0.242882 0.119403 0.105977
ENSG00000137842.2 15 43415477 43415477 + 4 0 15_internal_7518 15 43393128 43428121 89 96.8049 1.00004 4.60755 0.0356304 0.211921 0.164179 0.124274
ENSG00000166946.8 15 43477316 43477316 + 2 168687 15_internal_8138 15 43646003 43665482 89 79.3525 1.00011 1.97932 0.0678213 0.18424 0.114428 0.16074
ENSG00000261687.1 15 43477339 43477339 - 2 49218 15_internal_7518 15 43393128 43428121 89 84.2371 0.99999 1.70875 0.627705 0.0509091 0.830846 0.823095
ENSG00000166947.7 15 43513481 43513481 - 2 85360 15_internal_7518 15 43393128 43428121 89 85.9754 1.00009 2.30282 0.482961 0.0737377 0.78607 0.788369
ENSG00000168806.6 15 43622803 43622803 - 3 194682 15_internal_7518 15 43393128 43428121 89 91.225 0.999921 2.93511 0.499674 0.0709776 0.850746 0.864865
ENSG00000168803.10 15 43622872 43622872 + 3 -194751 15_internal_7518 15 43393128 43428121 89 72.3473 1.00009 2.39276 0.0448925 0.195933 0.174129 0.160973
ENSG00000137822.8 15 43661419 43661419 + 3 -233298 15_internal_7518 15 43393128 43428121 89 81.3168 0.999891 2.797 0.617148 -0.0513313 0.940299 0.939359
ENSG00000140265.8 15 43663223 43663223 - 3 235102 15_internal_7518 15 43393128 43428121 89 82.4467 1.00009 2.988 0.103372 0.168747 0.318408 0.310591
ENSG00000067369.8 15 43802926 43802926 - 3 374805 15_internal_7518 15 43393128 43428121 89 86.0623 0.999936 2.91315 0.013584 -0.258241 0.0597015 0.0437441
ENSG00000166963.8 15 43803156 43803156 + 3 -375035 15_internal_7518 15 43393128 43428121 89 97.8652 0.999984 3.19328 0.0746024 -0.180016 0.19403 0.183401
ENSG00000168781.16 15 43941127 43941127 - 3 275645 15_internal_8138 15 43646003 43665482 89 84.6195 1.00006 2.39574 0.0253455 0.220603 0.0746269 0.0686463
ENSG00000166762.11 15 43960316 43960316 - 3 532195 15_internal_7518 15 43393128 43428121 89 98.6127 0.99998 3.75672 0.0362716 0.205158 0.104478 0.0993878
ENSG00000249839.1 15 43976537 43976537 - 3 548416 15_internal_7518 15 43393128 43428121 89 91.3467 0.999965 2.98042 0.152293 0.143632 0.393035 0.377356
ENSG00000166763.7 15 44010382 44010382 - 3 344900 15_internal_8138 15 43646003 43665482 89 88.9652 0.999972 2.86774 0.0566856 0.200571 0.144279 0.15423
ENSG00000242866.5 15 44010458 44010458 - 3 344976 15_internal_8138 15 43646003 43665482 89 91.3467 1.00006 2.73387 0.112428 0.158748 0.253731 0.267816
ENSG00000167004.8 15 44038590 44038590 + 3 -373108 15_internal_8138 15 43646003 43665482 89 84.9498 1.00004 2.97553 0.135286 -0.170969 0.358209 0.371603
ENSG00000205771.2 15 44039292 44039292 - 3 -563800 15_internal_7248 15 44603092 44678259 89 105.496 1.00006 4.07246 0.330301 0.10547 0.746269 0.750639
ENSG00000140264.15 15 44069285 44069285 + 3 -403803 15_internal_8138 15 43646003 43665482 89 89.0869 1.00006 3.3176 0.0244285 -0.238811 0.0845771 0.0785415
ENSG00000128886.7 15 44069741 44069741 - 3 404259 15_internal_8138 15 43646003 43665482 89 95.084 1.00009 2.77254 0.298919 0.102505 0.61194 0.60221
ENSG00000221792.1 15 44085957 44085957 - 3 657836 15_internal_7518 15 43393128 43428121 89 94.5973 1.00009 3.10522 0.0773656 -0.176841 0.199005 0.19794
ENSG00000242028.1 15 44088340 44088340 + 3 -422858 15_internal_8138 15 43646003 43665482 89 98.717 0.999911 4.04708 0.175079 -0.132511 0.497512 0.489684
ENSG00000262560.1 15 44091331 44091331 - 3 663210 15_internal_7518 15 43393128 43428121 89 86.5838 1.00006 3.06356 0.146225 0.153538 0.373134 0.396204
ENSG00000184716.9 15 44092419 44092419 - 3 426937 15_internal_8138 15 43646003 43665482 89 101.081 0.999979 3.11288 0.792134 -0.0276305 0.99005 0.990865
ENSG00000140259.6 15 44117000 44117000 - 4 -976347 15_internal_8076 15 45093347 45422621 89 91.0164 0.99994 4.53425 0.126921 0.159774 0.492537 0.447596
ENSG00000092470.7 15 44119161 44119161 + 4 -453679 15_internal_8138 15 43646003 43665482 89 100.438 0.999964 4.10811 0.114671 -0.157899 0.353234 0.332377
ENSG00000227973.1 15 44168442 44168442 - 4 502960 15_internal_8138 15 43646003 43665482 89 100.212 1.00008 4.51638 0.0221334 -0.227901 0.0995025 0.0666248
ENSG00000171877.14 15 44487450 44487450 - 6 -605897 15_internal_8076 15 45093347 45422621 89 84.3588 1.00004 5.0626 0.205273 -0.127482 0.731343 0.711216
ENSG00000166734.13 15 44580927 44580927 + 6 512420 15_internal_8076 15 45093347 45422621 89 86.2535 1.03192 6.22222 0.0393847 -0.213071 0.223881 0.224336
ENSG00000259653.1 15 44581547 44581547 - 6 -21545 15_internal_7248 15 44603092 44678259 89 82.4988 1.03577 5.71643 0.447533 0.0832014 0.965174 0.970085
ENSG00000250130.1 15 44646889 44646889 + 7 446458 15_internal_8076 15 45093347 45422621 89 87.3139 1.08932 8.65294 0.297494 -0.109791 0.930348 0.948085
ENSG00000259499.1 15 44682649 44682649 - 6 -942295 15_internal_6987 15 45624944 45643945 89 95.223 0.977953 6.88806 0.0656846 0.199131 0.353234 0.342164
ENSG00000259595.1 15 44719342 44719342 - 7 -964259 15_internal_5737 15 45683601 45696194 89 87.6441 1.0199 7.68486 0.0906228 -0.167014 0.502488 0.519216
ENSG00000137770.9 15 44719432 44719432 + 7 964169 15_internal_5737 15 45683601 45696194 89 92.0246 0.965478 7.56071 0.00538436 0.287895 0.0497512 0.0393596
ENSG00000265191.1 15 44726452 44726452 + 7 366895 15_internal_8076 15 45093347 45422621 89 83.3158 0.930145 7.1008 0.00408309 0.300958 0.0646766 0.0491021
ENSG00000259335.1 15 44741542 44741542 - 9 -713022 15_internal_7513 15 45454564 45460350 89 81.1604 1.10711 8.55496 0.0115373 0.250941 0.0995025 0.0988142
ENSG00000259563.1 15 44809681 44809681 - 9 -930604 15_internal_5593 15 45740285 45751227 89 116.378 0.848965 13.8125 0.00124742 -0.321586 0.00995025 0.00770588
ENSG00000179523.4 15 44829121 44829121 - 9 -854480 15_internal_5737 15 45683601 45696194 89 82.1164 1.04377 8.37546 0.0675951 0.188958 0.482587 0.479013
ENSG00000104131.8 15 44829255 44829255 + 9 -150996 15_internal_7248 15 44603092 44678259 89 84.8977 0.968335 8.6247 0.0658633 -0.197032 0.487562 0.492279
ENSG00000259659.1 15 44850027 44850027 + 9 464953 15_internal_5745 15 45314980 45342970 89 83.0203 0.979839 8.35606 0.102176 -0.174759 0.626866 0.64627
ENSG00000104133.10 15 44955876 44955876 - 9 277617 15_internal_7248 15 44603092 44678259 89 96.8223 1.02309 11.0045 0.0954183 0.17191 0.60199 0.599774
ENSG00000206957.2 15 44989628 44989628 - 9 -750657 15_internal_5593 15 45740285 45751227 89 94.1453 1.00161 8.96309 0.0181493 -0.254246 0.129353 0.126896
ENSG00000229474.2 15 45003514 45003514 - 9 -621430 15_internal_6987 15 45624944 45643945 89 87.5398 1.02863 9.76187 0.161655 0.153314 0.840796 0.821129
ENSG00000166710.12 15 45003675 45003675 + 9 621269 15_internal_6987 15 45624944 45643945 89 95.1709 0.969538 9.66462 0.071657 0.215037 0.477612 0.478369
ENSG00000185880.8 15 45021186 45021186 + 9 450681 15_internal_6456 15 45471867 45496069 89 83.0725 1.0104 8.31734 0.192063 0.149985 0.845771 0.853447
ENSG00000140263.9 15 45315302 45315302 + 9 0 15_internal_8076 15 45093347 45422621 89 71.9127 1.12434 7.8026 0.00504575 0.303065 0.0547264 0.0623202
ENSG00000259352.1 15 45366246 45366246 - 9 -105621 15_internal_6456 15 45471867 45496069 89 95.9879 0.942353 9.55858 0.264351 -0.125857 0.950249 0.939466
ENSG00000137857.11 15 45422131 45422131 + 9 261470 15_internal_5737 15 45683601 45696194 89 81.9773 1.13383 8.44818 0.0382605 -0.22394 0.273632 0.2756
ENSG00000259539.1 15 45459724 45459724 - 9 781465 15_internal_7248 15 44603092 44678259 89 90.4949 0.946058 8.46806 0.0622456 -0.190762 0.437811 0.434301
ENSG00000259932.1 15 45491337 45491337 - 9 68716 15_internal_8076 15 45093347 45422621 89 83.8025 1.0247 8.29457 0.0411474 0.207508 0.323383 0.321326
ENSG00000260035.1 15 45492830 45492830 - 9 32480 15_internal_7513 15 45454564 45460350 89 83.4896 1.00782 8.65311 0.159319 0.156117 0.78607 0.804466
ENSG00000138606.14 15 45493373 45493373 - 9 -190228 15_internal_5737 15 45683601 45696194 89 100.386 0.984218 10.9985 0.0446897 -0.221075 0.313433 0.315423
ENSG00000137860.7 15 45544428 45544428 + 9 80516 15_internal_6987 15 45624944 45643945 89 119.907 0.869029 11.5261 0.00198933 0.336171 0.00995025 0.00821786
ENSG00000259520.1 15 45571449 45571449 - 9 -112152 15_internal_5737 15 45683601 45696194 89 90.3559 1.02837 8.81584 0.0140784 -0.262874 0.124378 0.10405
ENSG00000171766.10 15 45694416 45694416 - 8 50471 15_internal_6987 15 45624944 45643945 89 95.8141 0.951323 8.85116 0.0304541 0.220963 0.228856 0.218168
ENSG00000171763.13 15 45694529 45694529 + 8 0 15_internal_5737 15 45683601 45696194 89 76.8668 1.07964 7.2851 0.000628915 0.394913 0.0149254 0.00733335
ENSG00000166920.6 15 45722727 45722727 + 8 14336 15_internal_5814 15 45737063 45741709 89 89.591 0.990775 7.83596 0.113693 -0.162338 0.641791 0.61137
ENSG00000179362.10 15 45803334 45803334 + 8 -460364 15_internal_5745 15 45314980 45342970 89 101.22 0.940805 9.63136 0.141531 -0.145233 0.666667 0.719535
ENSG00000104154.5 15 45815005 45815005 - 8 171060 15_internal_6987 15 45624944 45643945 89 97.5002 0.963817 7.75252 0.0471209 0.242053 0.268657 0.273316
ENSG00000104164.5 15 45879321 45879321 + 8 -128094 15_internal_5593 15 45740285 45751227 89 80.7258 1.09665 7.66449 0.0359868 0.221881 0.278607 0.261306
ENSG00000260170.1 15 45879549 45879549 + 8 -235604 15_internal_6987 15 45624944 45643945 89 86.7402 0.901424 6.16308 0.350135 -0.101642 0.945274 0.944209
ENSG00000200419.1 15 45884182 45884182 + 8 -461561 15_internal_8076 15 45093347 45422621 89 101.637 0.875145 8.2603 0.0511199 -0.20487 0.278607 0.326708
ENSG00000137767.9 15 45923346 45923346 + 8 -580376 15_internal_5745 15 45314980 45342970 89 84.7064 1.03189 6.73833 0.259036 -0.127243 0.870647 0.875209
ENSG00000213862.4 15 48023132 48023132 - 4 -580733 15_internal_6593 15 48603865 48628165 89 109.668 1.00005 4.88643 0.100132 0.180006 0.288557 0.290497
ENSG00000188467.6 15 48413169 48413169 + 4 -447023 15_internal_6214 15 47953355 47966146 89 91.6596 0.999979 4.28256 0.0983657 -0.171346 0.343284 0.343063
ENSG00000104177.13 15 48470714 48470714 - 5 -413785 15_internal_6541 15 48884499 48911237 89 72.7123 1.0001 3.70261 0.145503 0.162166 0.537313 0.538622
ENSG00000074803.12 15 48483861 48483861 + 5 -517715 15_internal_6214 15 47953355 47966146 89 100.438 0.999986 5.20972 0.549902 0.0622059 0.985075 0.979358
ENSG00000128951.8 15 48623208 48623208 + 6 843323 15_internal_7615 15 49466531 49483462 89 89.5215 0.966564 5.79034 0.0164945 -0.260846 0.0995025 0.0987041
ENSG00000259488.1 15 48624053 48624053 - 6 0 15_internal_6593 15 48603865 48628165 89 82.3598 1.06591 5.93438 0.239422 0.138077 0.830846 0.813689
ENSG00000166147.9 15 48938046 48938046 - 7 -776397 15_internal_8779 15 49714443 50527908 89 95.3795 0.937847 6.54416 0.0261257 -0.245053 0.169154 0.151764
ENSG00000259216.2 15 49017535 49017535 + 8 -106298 15_internal_6541 15 48884499 48911237 89 89.5041 0.994939 7.38632 0.0474036 -0.210807 0.298507 0.300285
ENSG00000259670.1 15 49075387 49075387 + 8 923384 15_internal_6133 15 49998771 50011473 89 96.8049 0.888999 7.62923 0.136092 -0.162708 0.636816 0.66913
ENSG00000259700.1 15 49102898 49102898 + 8 -807449 15_internal_6953 15 47779148 48295449 89 88.3221 1.00916 7.06211 0.0156063 0.224316 0.124378 0.105219
ENSG00000103995.9 15 49103343 49103343 - 8 -895428 15_internal_6133 15 49998771 50011473 89 93.9367 1.01358 8.73287 0.157385 -0.155783 0.756219 0.744247
ENSG00000255302.2 15 49170083 49170083 + 9 296448 15_internal_7615 15 49466531 49483462 89 104.019 0.96986 11.0153 0.0631287 0.201563 0.39801 0.40854
ENSG00000235883.2 15 49170346 49170346 + 9 296185 15_internal_7615 15 49466531 49483462 89 81.8383 1.14001 10.2395 0.0509393 0.221133 0.432836 0.413415
ENSG00000185634.7 15 49255641 49255641 - 9 -210890 15_internal_7615 15 49466531 49483462 89 100.612 0.955505 9.57967 0.0559914 0.20069 0.363184 0.358764
ENSG00000207105.1 15 49288219 49288219 - 9 660054 15_internal_6593 15 48603865 48628165 89 82.5684 1.00424 8.14551 0.0171066 0.263347 0.189055 0.161949
ENSG00000265942.1 15 49334840 49334840 - 8 -663931 15_internal_6133 15 49998771 50011473 89 87.8006 1.0433 8.60325 0.0678634 0.184191 0.437811 0.443056
ENSG00000138593.4 15 49338760 49338760 - 8 -127771 15_internal_7615 15 49466531 49483462 89 89.6605 0.947262 8.12538 0.427636 0.0807051 0.995025 0.990124
ENSG00000259656.1 15 49393988 49393988 + 8 604035 15_internal_5743 15 49998023 50014422 89 98.0564 0.847088 8.01575 0.0483014 -0.211868 0.338308 0.340993
ENSG00000200120.1 15 49430060 49430060 - 9 -284383 15_internal_8779 15 49714443 50527908 89 93.5543 0.861026 8.52578 0.104986 0.18775 0.626866 0.640715
ENSG00000156958.10 15 49447853 49447853 + 10 947588 15_internal_6790 15 50395441 50456450 89 88.9826 0.979943 9.47734 0.23751 0.128268 0.930348 0.926072
ENSG00000166200.10 15 49447858 49447858 - 10 -18673 15_internal_7615 15 49466531 49483462 89 90.4254 0.950752 9.93957 0.128774 0.161359 0.766169 0.753622
ENSG00000259467.1 15 49448526 49448526 + 10 265917 15_internal_8779 15 49714443 50527908 89 101.116 0.9364 12.9215 0.0851282 -0.181867 0.61194 0.616628
ENSG00000259531.2 15 49658882 49658882 - 11 -339889 15_internal_6133 15 49998771 50011473 89 84.6717 1.05228 9.67227 0.022453 -0.232912 0.208955 0.204542
ENSG00000140285.4 15 49715293 49715293 + 11 -231831 15_internal_7615 15 49466531 49483462 89 83.142 1.02407 10.9765 0.0170294 -0.232601 0.20398 0.199583
ENSG00000166262.11 15 49913128 49913128 - 12 -523327 15_internal_7627 15 50436455 50477553 89 100.49 1.03304 14.0963 0.0361809 0.226288 0.328358 0.294989
ENSG00000104047.10 15 49913177 49913177 + 12 734455 15_internal_7807 15 50647632 50699813 89 81.6992 1.10112 9.36951 0.135257 -0.17015 0.766169 0.757942
ENSG00000261597.1 15 49944336 49944336 + 12 941449 15_internal_6714 15 50885785 50968457 89 91.677 1.00104 12.1966 0.0671161 0.179791 0.552239 0.548017
ENSG00000259388.1 15 50086443 50086443 + 12 0 15_internal_8779 15 49714443 50527908 89 90.9295 0.835221 9.29048 0.0676901 -0.204505 0.492537 0.544767
ENSG00000140284.6 15 50474393 50474393 + 15 64326 15_internal_6082 15 50538719 50555728 89 79.3873 1.03537 12.3716 0.00550184 0.301634 0.104478 0.0940213
ENSG00000104043.10 15 50475014 50475014 - 15 18564 15_internal_6790 15 50395441 50456450 89 82.8639 0.959763 12.5687 0.0246981 0.241604 0.318408 0.33924
ENSG00000140287.5 15 50558259 50558259 - 14 -667099 15_internal_8879 15 51225358 51556409 89 95.5186 1.01709 15.5629 0.0643762 0.202727 0.577114 0.579903
ENSG00000207498.1 15 50639726 50639726 - 15 -7906 15_internal_7807 15 50647632 50699813 89 89.6605 0.932315 14.2992 0.0437665 -0.219855 0.497512 0.499487
ENSG00000244879.2 15 50647156 50647156 + 15 578202 15_internal_8879 15 51225358 51556409 89 93.085 1.03908 18.1328 0.0697081 -0.162145 0.706468 0.681223
ENSG00000104064.11 15 50647605 50647605 - 15 -27 15_internal_7807 15 50647632 50699813 89 96.718 1.01477 19.1112 0.108937 0.167679 0.835821 0.847009
ENSG00000259715.1 15 50652391 50652391 - 15 -572967 15_internal_8879 15 51225358 51556409 89 91.3293 0.938674 14.9892 0.0320416 -0.196937 0.39801 0.395172
ENSG00000264109.1 15 50652526 50652526 + 15 572832 15_internal_8879 15 51225358 51556409 89 86.2709 0.979682 14.0784 0.00875188 -0.229329 0.124378 0.136627
ENSG00000138592.9 15 50716577 50716577 + 15 508781 15_internal_8879 15 51225358 51556409 89 87.3834 1.12349 15.0889 0.153524 0.155144 0.895522 0.907385
ENSG00000242737.1 15 50758935 50758935 + 15 -302485 15_internal_6790 15 50395441 50456450 89 94.5104 0.990661 17.6394 0.144954 0.152462 0.910448 0.920675
ENSG00000259618.1 15 50789277 50789277 - 15 -357481 15_internal_6588 15 51146758 51201908 89 70.2439 1.12064 12.0965 0.0192048 0.266368 0.318408 0.317296
ENSG00000259298.1 15 50790941 50790941 - 15 776519 15_internal_5743 15 49998023 50014422 89 94.6146 0.959474 15.838 0.0227061 -0.234923 0.268657 0.277711
ENSG00000170236.10 15 50838905 50838905 - 15 546515 15_internal_6919 15 49560647 50292390 89 72.6428 1.05651 12.4255 0.146608 -0.154469 0.915423 0.919754
ENSG00000259684.1 15 50849798 50849798 + 16 -372245 15_internal_7627 15 50436455 50477553 89 96.3008 0.960447 18.304 0.155353 0.143533 0.935323 0.940305
ENSG00000092439.8 15 50979012 50979012 - 19 -887340 15_internal_5446 15 51866352 51918272 89 88.3395 1.01901 18.7532 0.0420925 -0.231894 0.562189 0.551629
ENSG00000259773.1 15 51038906 51038906 + 17 -293221 15_internal_6271 15 50739570 50745685 89 93.3457 0.903386 16.5587 0.0857971 0.179698 0.756219 0.774202
ENSG00000138600.5 15 51058005 51058005 - 18 933198 15_internal_5922 15 50107551 50124807 89 85.8016 0.97654 15.664 0.0669315 0.173016 0.696517 0.699068
ENSG00000081014.6 15 51200869 51200869 + 17 253881 15_internal_8485 15 51454750 51576072 89 93.5195 1.03591 18.8417 0.1667 0.157587 0.945274 0.956456
ENSG00000259378.1 15 51236860 51236860 + 17 805879 15_internal_6063 15 52042739 52159534 89 82.3598 0.925745 12.3499 0.0713582 -0.171906 0.691542 0.686365
ENSG00000259678.1 15 51706294 51706294 + 15 160058 15_internal_5446 15 51866352 51918272 89 86.6012 0.902974 12.5468 3.73838e-05 0.413851 0.00995025 0.00127136
ENSG00000259668.1 15 51749483 51749483 + 15 111414 15_internal_6842 15 51860897 51907804 89 87.8527 1.06886 13.7884 0.0131868 0.240329 0.134328 0.150739
ENSG00000104093.9 15 51915030 51915030 - 15 0 15_internal_6492 15 51866047 51923671 89 81.9773 0.971915 11.3077 8.23872e-06 0.444095 0.00497512 0.000272777
ENSG00000104112.4 15 51973550 51973550 + 14 549927 15_internal_6337 15 52523477 52588462 89 99.5861 1.03459 15.1949 0.00850207 -0.289936 0.0746269 0.0709073
ENSG00000128872.5 15 52043758 52043758 + 14 0 15_internal_6063 15 52042739 52159534 89 76.9711 1.01445 10.6438 0.00311081 0.317107 0.0497512 0.0591917
ENSG00000140280.9 15 52043782 52043782 - 14 0 15_internal_6063 15 52042739 52159534 89 86.2709 0.907599 11.6106 0.0124961 -0.281828 0.164179 0.184459
ENSG00000259377.1 15 52044682 52044682 + 14 228639 15_internal_6336 15 52273321 52309256 89 88.6523 0.938734 14.0781 0.0177217 0.273425 0.233831 0.251391
ENSG00000138594.8 15 52121825 52121825 + 14 -426999 15_internal_9073 15 51613539 51694826 89 81.3168 1.08463 13.2126 0.00242293 -0.323046 0.0348259 0.0362768
ENSG00000259632.2 15 52153490 52153490 - 14 -119831 15_internal_6336 15 52273321 52309256 89 97.9348 0.897135 15.1502 0.0215967 0.248505 0.263682 0.260965
ENSG00000207484.1 15 52176753 52176753 + 14 -974845 15_internal_6588 15 51146758 51201908 89 89.9908 0.981226 15.0151 0.048199 0.208606 0.532338 0.523185
ENSG00000259201.1 15 52193320 52193320 - 14 -80001 15_internal_6336 15 52273321 52309256 89 94.4408 1.00693 15.7251 0.0731264 0.197554 0.656716 0.648737
ENSG00000202323.1 15 52199397 52199397 + 14 -275726 15_internal_6492 15 51866047 51923671 89 89.6779 0.970726 13.151 0.0183012 0.246523 0.21393 0.222968
ENSG00000259185.1 15 52201839 52201839 - 14 283567 15_internal_5446 15 51866352 51918272 89 78.7268 1.02596 11.0854 0.0113187 -0.275911 0.174129 0.166259
ENSG00000259748.1 15 52207768 52207768 - 13 651359 15_internal_8879 15 51225358 51556409 89 85.5061 1.04595 12.6311 0.2023 -0.140692 0.950249 0.945977
ENSG00000259556.1 15 52222824 52222824 - 13 63290 15_internal_6063 15 52042739 52159534 89 93.0328 1.02275 11.8259 0.083335 -0.185296 0.60199 0.600679
ENSG00000259679.1 15 52237616 52237616 + 13 -354450 15_internal_5938 15 51849663 51883166 89 83.9068 1.07232 13.2118 0.125091 -0.176807 0.860697 0.839827
ENSG00000069956.7 15 52244303 52244303 + 13 -361137 15_internal_5938 15 51849663 51883166 89 103.376 0.871748 14.5922 0.0257015 -0.233267 0.238806 0.268559
ENSG00000166477.8 15 52264003 52264003 - 13 707594 15_internal_8879 15 51225358 51556409 89 86.7402 1.07778 13.4907 0.0863662 0.181371 0.676617 0.694007
ENSG00000259398.1 15 52325904 52325904 + 13 -631078 15_internal_9073 15 51613539 51694826 89 97.7783 1.00754 12.4361 0.157445 -0.149587 0.825871 0.841138
ENSG00000242327.1 15 52387492 52387492 + 13 -811420 15_internal_8485 15 51454750 51576072 89 91.9898 0.937958 12.8328 0.0200981 0.25421 0.233831 0.234906
ENSG00000259712.1 15 52392720 52392720 - 13 83464 15_internal_6336 15 52273321 52309256 89 75.0764 1.1222 11.8283 0.0495719 -0.206591 0.567164 0.53095
ENSG00000259327.1 15 52408771 52408771 + 13 -832699 15_internal_8485 15 51454750 51576072 89 84.776 0.969826 12.2558 0.0340661 -0.252702 0.363184 0.397526
ENSG00000259709.1 15 52416758 52416758 + 13 -65688 15_internal_6567 15 52341935 52351070 89 79.1092 1.10517 11.9742 0.0938785 0.187042 0.761194 0.732817
ENSG00000206995.1 15 52454948 52454948 + 13 -760122 15_internal_9073 15 51613539 51694826 89 92.7199 1.03705 14.489 0.0157996 -0.241364 0.169154 0.168423
ENSG00000259577.1 15 52472290 52472290 + 13 51187 15_internal_6337 15 52523477 52588462 89 93.6238 1.00686 12.4111 0.0683419 0.209707 0.562189 0.542112
ENSG00000069966.14 15 52483566 52483566 - 13 575762 15_internal_6842 15 51860897 51907804 89 84.776 1.06487 12.6581 0.0597795 -0.20659 0.58209 0.551342
ENSG00000128833.8 15 52587995 52587995 - 11 704829 15_internal_5938 15 51849663 51883166 89 81.7687 1.11132 11.9091 0.00375333 -0.306099 0.0447761 0.0445989
ENSG00000260553.1 15 52602996 52602996 + 11 -719830 15_internal_5938 15 51849663 51883166 89 85.6451 0.889945 9.72266 0.16065 0.151366 0.865672 0.860345
ENSG00000231169.3 15 52797386 52797386 + 10 -879114 15_internal_5446 15 51866352 51918272 89 94.5973 0.948623 10.8505 0.0850241 0.189873 0.61194 0.59759
ENSG00000197535.10 15 52821247 52821247 - 10 0 15_internal_8220 15 52728191 52822892 89 87.5225 1.09672 9.67558 0.00022812 0.411827 0.00497512 0.00134051
ENSG00000128989.5 15 52862080 52862080 - 10 39188 15_internal_8220 15 52728191 52822892 89 76.2758 1.08843 8.75619 0.0595317 0.213352 0.507463 0.484056
ENSG00000260618.1 15 52870039 52870039 + 10 -986873 15_internal_5938 15 51849663 51883166 89 98.2303 0.944223 10.3882 0.130876 0.169261 0.766169 0.730337
ENSG00000259935.1 15 52942063 52942063 - 6 353601 15_internal_6337 15 52523477 52588462 89 104.975 1.0293 7.29067 0.205282 -0.133256 0.736318 0.73042
ENSG00000047346.8 15 53002014 53002014 - 6 650944 15_internal_6567 15 52341935 52351070 89 81.3689 0.999907 5.37791 0.0102619 -0.284877 0.079602 0.0737398
ENSG00000259612.1 15 53230715 53230715 - 5 407823 15_internal_8220 15 52728191 52822892 89 107.182 1.00002 5.87217 0.579862 0.0600612 0.99005 0.989972
ENSG00000137876.5 15 55489265 55489265 - 4 165125 15_internal_6115 15 55094769 55324140 89 91.6943 0.999943 3.54971 0.44953 0.0760164 0.860697 0.874506
ENSG00000069943.5 15 55611158 55611158 + 4 -287018 15_internal_6115 15 55094769 55324140 89 84.9846 1.00001 3.79696 0.068903 0.177753 0.268657 0.257799
ENSG00000069974.11 15 55611311 55611311 - 4 287171 15_internal_6115 15 55094769 55324140 89 76.9537 1.00002 3.65484 0.244139 0.130133 0.726368 0.697475
ENSG00000225973.3 15 55611359 55611359 - 4 -617472 15_internal_6693 15 56228831 56270353 89 85.3496 0.999973 3.77397 0.118516 0.169588 0.432836 0.399477
ENSG00000207964.1 15 55665232 55665232 - 4 -46941 15_internal_5800 15 55712173 55722630 89 88.6176 0.99998 4.03547 0.0925447 0.170428 0.308458 0.326353
ENSG00000260916.1 15 55700708 55700708 - 4 -276225 15_internal_6420 15 55976933 56036174 89 93.2066 1.00009 4.01206 0.0494081 0.181677 0.179104 0.166206
ENSG00000261771.1 15 55790558 55790558 - 4 -438273 15_internal_6693 15 56228831 56270353 89 77.9271 0.999981 3.67046 0.150352 0.14147 0.502488 0.514135
ENSG00000256061.3 15 55800432 55800432 - 4 -428399 15_internal_6693 15 56228831 56270353 89 107.947 1 4.02561 0.178186 -0.141058 0.452736 0.449834
ENSG00000069869.11 15 56285944 56285944 - 6 15591 15_internal_6693 15 56228831 56270353 89 93.085 1.0348 6.87518 0.00627623 0.304117 0.0348259 0.030862
ENSG00000230183.3 15 56299374 56299374 - 6 975234 15_internal_6115 15 55094769 55324140 89 77.7186 0.999946 4.66069 0.0099952 -0.265786 0.0746269 0.0729491
ENSG00000261072.2 15 56485460 56485460 - 7 762830 15_internal_5800 15 55712173 55722630 89 89.7822 0.980306 6.60029 0.0561414 -0.192922 0.323383 0.320866
ENSG00000181827.10 15 56535483 56535483 - 7 -927789 15_internal_9060 15 57463272 57613482 89 80.5346 0.997045 6.44231 0.0103067 -0.265626 0.0895522 0.0917527
ENSG00000151575.10 15 56536207 56536207 + 7 902386 15_internal_6303 15 57438593 57459966 89 92.5982 1.06381 7.75686 0.0901308 -0.186467 0.457711 0.463912
ENSG00000259941.1 15 56688983 56688983 - 8 -967186 15_internal_6398 15 57656169 57669503 89 89.4172 0.974382 8.63144 0.219793 -0.13094 0.880597 0.885907
ENSG00000138587.5 15 56757335 56757335 - 7 -292295 15_internal_6223 15 57049630 57068562 89 100.003 0.978594 8.7196 0.0553346 0.212637 0.353234 0.323009
ENSG00000260392.1 15 56921790 56921790 - 8 -516803 15_internal_6303 15 57438593 57459966 89 98.9082 1.0563 9.45896 0.197585 0.126706 0.79602 0.822832
ENSG00000259484.1 15 57210697 57210697 - 7 940344 15_internal_6693 15 56228831 56270353 89 95.223 0.907164 6.67901 0.194327 0.131032 0.741294 0.763755
ENSG00000137871.14 15 57210769 57210769 - 7 142207 15_internal_6223 15 57049630 57068562 89 88.548 1.07619 7.28828 0.295667 0.103974 0.925373 0.913342
ENSG00000140262.13 15 57210821 57210821 + 7 445348 15_internal_6398 15 57656169 57669503 89 91.4336 0.955244 6.68366 0.0689331 -0.179701 0.373134 0.384088
ENSG00000222586.1 15 57258595 57258595 - 7 -594505 15_internal_6665 15 57853100 58108389 89 91.8508 1.02136 8.55919 0.0604878 -0.207693 0.373134 0.382097
ENSG00000260689.2 15 57540091 57540091 - 8 -116078 15_internal_6398 15 57656169 57669503 89 102.559 0.908351 9.35019 0.170252 0.149774 0.800995 0.787056
ENSG00000247982.2 15 57592563 57592563 + 8 -524001 15_internal_6223 15 57049630 57068562 89 77.3709 0.979314 6.29895 0.2909 -0.108863 0.935323 0.918641
ENSG00000240874.1 15 57848577 57848577 - 13 635968 15_internal_6444 15 57169186 57212609 89 100.681 0.93392 14.5609 0.0160304 -0.262618 0.164179 0.164324
ENSG00000137878.12 15 57884106 57884106 + 13 0 15_internal_6665 15 57853100 58108389 89 84.9672 0.957151 8.41193 5.47253e-09 0.62912 0.00497512 2.06675e-07
ENSG00000263155.1 15 57884139 57884139 + 13 0 15_internal_6665 15 57853100 58108389 89 91.3988 0.938694 9.67453 7.5557e-13 0.723032 0.00497512 1.84899e-11
ENSG00000255529.3 15 57884231 57884231 + 13 0 15_internal_6665 15 57853100 58108389 89 80.2564 1.18022 11.286 6.66423e-07 0.57017 0.00497512 3.71287e-06
ENSG00000261219.1 15 58012493 58012493 + 13 637077 15_internal_6289 15 58649570 58662080 89 87.1748 1.04694 11.5649 0.0210586 0.265945 0.21393 0.212039
ENSG00000166035.6 15 58702768 58702768 + 15 0 15_internal_8583 15 58495619 58891153 89 100.942 1.0382 18.9246 7.62356e-06 0.503511 0.00497512 2.34498e-05
ENSG00000259293.1 15 58790934 58790934 - 15 0 15_internal_8583 15 58495619 58891153 89 85.4191 0.972796 11.7404 7.8289e-07 0.519806 0.00497512 2.09618e-05
ENSG00000259250.1 15 58879706 58879706 + 17 0 15_internal_8583 15 58495619 58891153 89 87.3312 0.922952 11.8252 9.43212e-08 0.520962 0.00497512 4.25875e-06
ENSG00000239100.1 15 58892434 58892434 - 17 1281 15_internal_8583 15 58495619 58891153 89 118.499 0.900641 27.6466 4.32929e-08 0.557554 0.00497512 4.72277e-08
ENSG00000199730.1 15 58996353 58996353 - 17 105200 15_internal_8583 15 58495619 58891153 89 89.0521 1.03012 14.4174 0.0022097 0.319069 0.0298507 0.0278671
ENSG00000137845.9 15 59042177 59042177 - 17 221815 15_internal_6125 15 58797112 58820362 89 76.1193 1.12257 13.3788 3.58858e-13 0.753792 0.00497512 1.52466e-11
ENSG00000128923.6 15 59063391 59063391 + 17 -243029 15_internal_6125 15 58797112 58820362 89 90.8078 0.952518 13.3301 2.35284e-12 0.710742 0.00497512 6.18206e-11
ENSG00000259402.1 15 59107471 59107471 + 17 -216318 15_internal_8583 15 58495619 58891153 89 85.6104 0.957087 14.3772 0.00996277 0.280707 0.169154 0.168416
ENSG00000259353.1 15 59157262 59157262 - 16 266109 15_internal_8583 15 58495619 58891153 89 83.6287 0.94828 11.5861 0.000294562 0.403862 0.00995025 0.006967
ENSG00000157450.11 15 59157374 59157374 + 16 650582 15_internal_8106 15 59807956 59825587 89 85.2801 0.985367 12.3696 0.0211069 0.234123 0.263682 0.265968
ENSG00000242747.1 15 59161858 59161858 + 16 646098 15_internal_8106 15 59807956 59825587 89 89.4867 0.993532 14.0945 0.0247656 -0.20954 0.313433 0.296676
ENSG00000225798.1 15 59182166 59182166 + 16 -332603 15_internal_5540 15 58846863 58849563 89 89.6258 1.01444 15.9161 0.0110394 0.273561 0.149254 0.15322
ENSG00000137776.12 15 59225852 59225852 - 16 405490 15_internal_6125 15 58797112 58820362 89 93.8672 1.02572 15.8826 0.0747063 0.198452 0.671642 0.658283
ENSG00000241640.2 15 59342584 59342584 - 16 -230341 15_internal_7065 15 59572925 59665297 89 87.6789 0.912593 12.7003 0.0966558 -0.182643 0.771144 0.764474
ENSG00000157456.3 15 59397277 59397277 + 16 -779419 15_internal_6146 15 58594805 58617858 89 83.5592 1.0127 12.5782 0.112629 0.160198 0.845771 0.808231
ENSG00000157483.4 15 59665099 59665099 - 13 374550 15_internal_7210 15 59273355 59290549 89 102.159 0.829175 12.8624 0.0361316 -0.214847 0.328358 0.359373
ENSG00000140297.8 15 59887074 59887074 + 12 -61487 15_internal_8106 15 59807956 59825587 89 93.0328 0.918727 11.3801 0.0251652 0.23793 0.273632 0.25952
ENSG00000140307.6 15 59949740 59949740 - 11 124153 15_internal_8106 15 59807956 59825587 89 87.818 1.13145 10.9689 0.0213031 0.23307 0.169154 0.170405
ENSG00000227161.1 15 59964501 59964501 - 11 251640 15_internal_6383 15 59680357 59712861 89 79.2309 1.0778 9.63221 0.167358 -0.145115 0.860697 0.85728
ENSG00000259657.1 15 59968956 59968956 + 11 864477 15_internal_7388 15 60833433 60844756 89 83.3158 1.0279 9.55389 0.174208 0.143591 0.855721 0.858538
ENSG00000259238.1 15 59980716 59980716 + 11 -315419 15_internal_7065 15 59572925 59665297 89 100.264 0.858286 12.6171 0.225024 0.139504 0.960199 0.952483
ENSG00000140299.6 15 59981733 59981733 - 11 268872 15_internal_6383 15 59680357 59712861 89 86.2883 1.03604 10.8119 0.0130226 -0.254789 0.129353 0.134514
ENSG00000234797.4 15 60060543 60060543 + 11 -395246 15_internal_7065 15 59572925 59665297 89 73.06 1.19083 9.66584 0.0649055 -0.18114 0.59204 0.53873
ENSG00000182718.11 15 60695082 60695082 - 7 -138351 15_internal_7388 15 60833433 60844756 89 84.4979 1.02683 7.08074 0.0352605 0.241186 0.253731 0.241326
ENSG00000242667.1 15 60696662 60696662 + 7 158645 15_internal_6731 15 60855307 60885692 89 89.3303 0.991745 6.56228 0.0884777 -0.16673 0.472637 0.457055
ENSG00000128915.7 15 60771359 60771359 - 5 -83948 15_internal_6731 15 60855307 60885692 89 86.0797 1.00005 4.58476 0.0535039 0.19541 0.288557 0.23813
ENSG00000245534.2 15 60771377 60771377 + 5 62056 15_internal_7388 15 60833433 60844756 89 89.3129 1.00007 4.491 0.00573089 0.299046 0.0248756 0.0250998
ENSG00000259274.1 15 60822172 60822172 + 5 11261 15_internal_7388 15 60833433 60844756 89 103.341 0.985288 6.23193 0.384452 -0.0946926 0.925373 0.932419
ENSG00000259513.1 15 60850279 60850279 + 3 5028 15_internal_6731 15 60855307 60885692 89 86.2361 0.999905 3.05143 0.466998 -0.0740427 0.855721 0.859247
ENSG00000259591.1 15 61056105 61056105 + 3 151711 15_internal_5942 15 61207816 61338715 89 101.185 0.999996 3.36357 0.150315 -0.159067 0.363184 0.361748
ENSG00000069667.11 15 61521518 61521518 - 5 676762 15_internal_7388 15 60833433 60844756 89 74.5723 1.00001 4.25703 7.22423e-05 0.420242 0.00497512 0.00120157
ENSG00000259564.1 15 62126951 62126951 + 7 944469 15_internal_7155 15 63071420 63451412 89 88.8262 0.999921 7.60624 0.00638611 0.256525 0.0597015 0.0479541
ENSG00000129003.11 15 62352672 62352672 - 6 0 15_internal_5594 15 62318421 62354676 89 78.1184 0.999873 4.94811 0.0043757 0.317476 0.0248756 0.0371217
ENSG00000259251.2 15 62352702 62352702 + 6 718718 15_internal_7155 15 63071420 63451412 89 86.9314 0.990813 5.93043 0.234508 0.130869 0.800995 0.806111
ENSG00000171914.10 15 62682725 62682725 + 6 250798 15_internal_8814 15 62933523 63397792 89 81.5254 1.05497 6.20767 0.092493 0.179802 0.507463 0.481501
ENSG00000140416.14 15 63334831 63334831 + 12 0 15_internal_7155 15 63071420 63451412 89 82.6553 1.05163 10.6558 0.0814822 -0.156747 0.636816 0.626703
ENSG00000259498.1 15 63341586 63341586 - 12 986910 15_internal_5594 15 62318421 62354676 89 75.5979 1.04243 9.40522 0.108024 -0.176617 0.741294 0.740849
ENSG00000259627.1 15 63364110 63364110 - 11 720719 15_internal_6658 15 62636825 62643391 89 89.7996 0.980313 10.4561 0.237435 0.119855 0.955224 0.941594
ENSG00000103642.7 15 63413999 63413999 + 11 344324 15_internal_6031 15 63758323 63796682 89 93.1893 1.01038 11.7452 0.0806278 0.182044 0.58209 0.589022
ENSG00000185088.8 15 63450220 63450220 - 12 499339 15_internal_6704 15 62944999 62950881 89 86.1318 1.08245 13.33 0.030462 -0.215328 0.328358 0.325579
ENSG00000166128.8 15 63481668 63481668 + 13 991306 15_internal_6583 15 64472974 64556627 89 85.0541 1.02731 13.1284 0.00223631 -0.330699 0.0298507 0.0327599
ENSG00000138613.9 15 63568217 63568217 + 13 611144 15_internal_6746 15 64179361 64199941 89 85.1062 1.06756 12.8687 0.0620839 0.186068 0.542289 0.567387
ENSG00000074410.9 15 63674360 63674360 - 12 222948 15_internal_7155 15 63071420 63451412 89 71.9822 1.1756 9.46198 0.088343 -0.178509 0.676617 0.656912
