ENSG00000236940.1 1 151730135 151730135 + 7 -76350 1_internal_19467 1 151624743 151653785 89 73.9465 1.12792 6.77402 0.0854494 0.180377 0.502488 0.515449
ENSG00000143450.10 1 151735445 151735445 + 7 -908313 1_internal_24596 1 150630746 150827132 89 85.1236 0.986667 6.83517 0.0931476 0.169014 0.527363 0.521715
ENSG00000143436.6 1 151736040 151736040 - 7 -751458 1_internal_21390 1 152487498 152596407 89 85.3496 1.09377 7.17533 0.221527 0.132308 0.825871 0.827326
ENSG00000232937.1 1 151738185 151738185 + 7 -417261 1_internal_16135 1 151247493 151320924 89 83.6461 0.965782 6.03516 0.185152 -0.135277 0.711443 0.749155
ENSG00000268288.1 1 151739476 151739476 - 7 85691 1_internal_19467 1 151624743 151653785 89 96.0227 0.965591 7.12854 0.385261 0.0972597 0.965174 0.963944
ENSG00000249602.1 1 151741977 151741977 - 7 421053 1_internal_16135 1 151247493 151320924 89 100.003 0.909049 7.69764 0.347639 -0.103316 0.950249 0.95612
ENSG00000203288.3 1 151763280 151763280 + 7 -831089 1_internal_17576 1 150907526 150932191 89 75.6326 1.00012 5.45475 0.227566 -0.117755 0.830846 0.815177
ENSG00000182134.11 1 151763892 151763892 - 7 936760 1_internal_24596 1 150630746 150827132 89 88.409 1.00288 7.34796 0.113119 -0.180373 0.562189 0.588978
ENSG00000143365.12 1 151804348 151804348 - 7 -683150 1_internal_21390 1 152487498 152596407 89 97.1873 1.00139 7.34148 0.00348603 0.295323 0.0248756 0.0163901
ENSG00000225556.1 1 151813033 151813033 - 7 985901 1_internal_24596 1 150630746 150827132 89 91.8334 0.966641 6.49999 0.0104819 -0.275174 0.0746269 0.0655923
ENSG00000234614.1 1 151814353 151814353 + 7 0 1_internal_24962 1 151756022 151943130 89 96.1791 1.03847 7.43652 0.0176067 0.254186 0.0895522 0.0872062
ENSG00000196407.6 1 151826173 151826173 - 7 893982 1_internal_17576 1 150907526 150932191 89 94.8928 0.966586 6.94133 0.0970457 0.172426 0.457711 0.482411
ENSG00000159445.8 1 151882284 151882284 - 6 0 1_internal_24962 1 151756022 151943130 89 98.4562 0.945822 6.26591 0.000867874 0.35103 0.00497512 0.0040162
ENSG00000197747.4 1 151966866 151966866 - 5 23736 1_internal_24962 1 151756022 151943130 89 88.2178 1.00989 5.68837 0.0785386 0.185414 0.38806 0.372633
ENSG00000229021.2 1 151967007 151967007 + 5 -313222 1_internal_19467 1 151624743 151653785 89 89.4693 1.00801 5.79335 0.428924 -0.0888162 0.970149 0.96002
ENSG00000163191.5 1 152020383 152020383 - 5 699459 1_internal_16135 1 151247493 151320924 89 93.7455 0.999998 5.05079 0.0819802 0.199683 0.343284 0.322566
ENSG00000163220.10 1 153330330 153330330 + 10 25981 1_internal_17155 1 153356311 153524545 89 95.5881 0.984762 11.1299 0.0624438 0.195207 0.442786 0.464712
ENSG00000238279.1 1 153506079 153506079 + 13 613579 1_internal_17288 1 154119658 154239889 89 100.994 0.986688 17.248 0.0283264 0.236087 0.258706 0.293534
ENSG00000197956.4 1 153508720 153508720 - 13 -610938 1_internal_17288 1 154119658 154239889 89 88.7566 0.992664 11.6492 0.000101226 0.393567 0.00497512 0.0012692
ENSG00000196420.3 1 153514241 153514241 - 13 48131 1_internal_17152 1 153462519 153466110 89 93.224 0.990602 13.8114 0.109347 0.173789 0.771144 0.773958
ENSG00000196154.7 1 153522612 153522612 - 13 -830970 1_internal_18891 1 154353582 154467227 89 88.0613 1.05228 14.2469 0.00669694 0.264007 0.0995025 0.0824903
ENSG00000160678.7 1 153600402 153600402 + 13 0 1_internal_16150 1 153581884 153600617 89 100.507 0.934641 13.6417 0.00472889 0.25637 0.0547264 0.0456343
ENSG00000160679.8 1 153606525 153606525 + 13 -5908 1_internal_16150 1 153581884 153600617 89 88.2352 0.944543 12.6634 0.00292219 -0.284951 0.0497512 0.0463701
ENSG00000189171.8 1 153606873 153606873 - 13 -512785 1_internal_17288 1 154119658 154239889 89 90.2168 1.03458 13.3933 0.197303 -0.138728 0.940299 0.94106
ENSG00000233059.1 1 153618305 153618305 - 13 17688 1_internal_16150 1 153581884 153600617 89 99.4645 0.863681 12.4549 0.00499784 -0.29136 0.0746269 0.0601978
ENSG00000143553.6 1 153631130 153631130 + 13 -59656 1_internal_20471 1 153543215 153571474 89 92.9459 1.00984 15.551 0.183342 0.143201 0.940299 0.94778
ENSG00000143621.12 1 153643524 153643524 - 14 118979 1_internal_17155 1 153356311 153524545 89 86.4969 0.969606 13.1093 0.0200707 0.257812 0.268657 0.265365
ENSG00000143624.9 1 153700543 153700543 + 14 419115 1_internal_17288 1 154119658 154239889 89 103.045 0.846465 14.2745 0.0627002 -0.209226 0.532338 0.558524
ENSG00000243613.1 1 153723703 153723703 - 14 -238587 1_internal_18264 1 153962290 154145480 89 93.676 1.0304 16.5078 0.0980619 0.176548 0.78607 0.778578
ENSG00000233222.2 1 153724652 153724652 - 14 124035 1_internal_16150 1 153581884 153600617 89 105.948 0.915618 17.7379 0.0945664 0.18564 0.741294 0.744057
ENSG00000143554.9 1 153746830 153746830 + 14 549770 1_internal_20147 1 154296600 154321133 89 71.0609 1.14054 11.5406 0.0122372 0.260757 0.19403 0.201129
ENSG00000231827.2 1 153767649 153767649 + 14 -15152 1_internal_17521 1 153740398 153752497 89 82.7248 0.96262 11.0295 0.0560439 0.208777 0.542289 0.54379
ENSG00000223599.1 1 153825890 153825890 - 14 -136400 1_internal_18264 1 153962290 154145480 89 86.0971 1.10967 14.6026 0.0283214 0.221744 0.358209 0.319454
ENSG00000236327.2 1 153863071 153863071 + 14 -338526 1_internal_17155 1 153356311 153524545 89 92.5809 0.964007 14.0516 0.0582726 0.193042 0.552239 0.554324
ENSG00000143614.7 1 153895451 153895451 - 14 -449711 1_internal_17936 1 154345162 154364701 89 72.8688 1.19004 10.9545 0.155295 -0.148844 0.865672 0.881825
ENSG00000198837.5 1 153919172 153919172 - 14 -377428 1_internal_20147 1 154296600 154321133 89 80.7432 1.06315 11.9061 0.0492737 -0.218039 0.512438 0.499562
ENSG00000160741.11 1 153931101 153931101 - 14 406556 1_internal_17155 1 153356311 153524545 89 90.5471 1.0729 16.956 0.010683 -0.284856 0.134328 0.133465
ENSG00000143578.11 1 153940010 153940010 + 14 413572 1_internal_18891 1 154353582 154467227 89 90.9121 1.02253 15.4928 0.0152295 0.266222 0.20398 0.189763
ENSG00000143570.13 1 153940188 153940188 - 14 -640659 1_internal_24922 1 154580847 154601662 89 89.7301 0.993236 13.3786 0.0636772 -0.207022 0.58209 0.581867
ENSG00000143543.10 1 153950164 153950164 - 14 -403418 1_internal_18891 1 154353582 154467227 89 92.7373 0.986669 13.7161 0.0763272 0.198171 0.651741 0.638081
ENSG00000143545.4 1 153958834 153958834 - 14 -337766 1_internal_20147 1 154296600 154321133 89 108.451 0.785252 16.4532 0.0205126 -0.252566 0.248756 0.251861
ENSG00000177954.7 1 153963235 153963235 + 14 -210738 1_internal_17521 1 153740398 153752497 89 76.6234 1.04723 9.96396 0.178405 0.15284 0.895522 0.899559
ENSG00000231416.1 1 153968108 153968108 + 14 0 1_internal_18264 1 153962290 154145480 89 96.1965 0.969566 17.185 0.109001 -0.180491 0.840796 0.830082
ENSG00000143552.5 1 154127592 154127592 - 16 -282500 1_internal_17513 1 154410092 154445276 89 94.7537 0.970565 15.9399 0.0210818 0.25407 0.253731 0.255558
ENSG00000264384.1 1 154139025 154139025 - 16 -271067 1_internal_17513 1 154410092 154445276 89 80.0305 1.01595 13.0311 0.0175476 -0.235716 0.253731 0.267828
ENSG00000143549.14 1 154167124 154167124 - 17 -178038 1_internal_17936 1 154345162 154364701 89 83.1594 1.0653 15.7629 0.00171059 0.339712 0.0447761 0.0296687
ENSG00000163263.6 1 154178809 154178809 - 18 607335 1_internal_20471 1 153543215 153571474 89 76.3627 1.20708 15.6344 0.0278912 -0.231407 0.412935 0.39404
ENSG00000143569.14 1 154192655 154192655 + 18 217437 1_internal_17513 1 154410092 154445276 89 91.2076 0.958259 19.1996 0.00857759 -0.291166 0.164179 0.153611
ENSG00000143612.13 1 154193104 154193104 - 18 -387743 1_internal_24922 1 154580847 154601662 89 70.7307 1.12151 11.8092 0.0391096 0.188502 0.527363 0.500131
ENSG00000252817.1 1 154226921 154226921 + 18 916883 1_internal_20200 1 155143804 155158834 89 80.6389 1.03114 13.4219 0.0355158 0.230924 0.432836 0.449495
ENSG00000201129.1 1 154232203 154232203 + 18 64397 1_internal_20147 1 154296600 154321133 89 96.04 0.91712 19.1488 0.044745 -0.226029 0.557214 0.55434
ENSG00000143575.10 1 154244987 154244987 + 18 -5098 1_internal_17288 1 154119658 154239889 89 81.9947 1.02208 16.1853 0.000776218 0.351425 0.00995025 0.0183431
ENSG00000143515.12 1 154298029 154298029 + 18 -545532 1_internal_17521 1 153740398 153752497 89 76.5018 1.08133 17.4082 0.0629032 0.191286 0.776119 0.761343
ENSG00000238365.1 1 154311219 154311219 + 18 330656 1_internal_21199 1 154641875 154733783 89 100.89 0.918039 22.2034 0.125954 -0.154486 0.915423 0.922949
ENSG00000226855.1 1 154351565 154351565 - 17 827020 1_internal_17155 1 153356311 153524545 89 87.8006 1.06162 13.2101 0.018794 0.229509 0.208955 0.205923
ENSG00000160712.8 1 154377669 154377669 + 17 32423 1_internal_17513 1 154410092 154445276 89 79.874 0.935342 13.3521 7.88803e-05 0.425017 0.0149254 0.00372426
ENSG00000228013.1 1 154379040 154379040 - 17 912930 1_internal_17152 1 153462519 153466110 89 88.1135 0.998775 16.954 0.0782344 0.195036 0.736318 0.755994
ENSG00000228264.1 1 154387613 154387613 - 17 -22479 1_internal_17513 1 154410092 154445276 89 84.2371 1.01457 14.1493 0.0618845 0.174278 0.656716 0.632206
ENSG00000169291.5 1 154474589 154474589 - 16 -632415 1_internal_16052 1 155107004 155295290 89 80.3434 0.90106 11.8965 0.078146 -0.16255 0.726368 0.729355
ENSG00000229780.1 1 154526085 154526085 + 16 -58858 1_internal_18891 1 154353582 154467227 89 94.1105 1.08677 19.3511 0.0967734 -0.175821 0.845771 0.807965
ENSG00000160714.5 1 154531504 154531504 - 16 210371 1_internal_20147 1 154296600 154321133 89 93.902 0.89323 15.4661 0.191686 -0.135592 0.960199 0.96214
ENSG00000160716.4 1 154540257 154540257 + 16 -939640 1_internal_16150 1 153581884 153600617 89 83.7678 1.06389 14.4649 0.154911 0.142864 0.915423 0.921588
ENSG00000233875.1 1 154552139 154552139 - 16 -89736 1_internal_21199 1 154641875 154733783 89 93.3631 0.984922 17.0941 0.0997307 0.167875 0.800995 0.811189
ENSG00000268141.1 1 154585067 154585067 + 15 558737 1_internal_20200 1 155143804 155158834 89 73.6684 1.1948 11.5891 0.0635211 0.196363 0.621891 0.595637
ENSG00000160710.11 1 154600475 154600475 - 15 -915075 1_internal_22881 1 155515550 155521177 89 88.3916 0.992218 13.7668 0.133822 -0.169945 0.850746 0.866194
ENSG00000163344.5 1 154909467 154909467 - 14 -123687 1_internal_21116 1 155033154 155103106 89 91.1033 0.931023 11.494 0.0462238 0.192959 0.457711 0.435538
ENSG00000163346.11 1 154928599 154928599 - 15 -247390 1_internal_17174 1 155175989 155198672 89 89.7996 0.993337 14.1083 0.0498724 0.208685 0.512438 0.509819
ENSG00000163348.3 1 154936329 154936329 - 15 571628 1_internal_17936 1 154345162 154364701 89 77.9967 1.074 12.4407 0.0323325 0.236219 0.402985 0.403004
ENSG00000160691.13 1 154946871 154946871 - 15 -972781 1_internal_17643 1 155919652 155925553 89 98.4041 0.906919 17.1281 0.0986712 -0.17742 0.776119 0.799734
ENSG00000173207.7 1 154947129 154947129 + 15 931042 1_internal_20418 1 155878171 155905413 89 93.9193 0.926365 14.412 0.153962 0.1475 0.900498 0.904479
ENSG00000160688.14 1 154955814 154955814 + 15 922357 1_internal_20418 1 155878171 155905413 89 101.133 0.907422 17.3676 0.0247075 0.216002 0.308458 0.29512
ENSG00000163352.5 1 154966062 154966062 + 15 -232279 1_internal_21199 1 154641875 154733783 89 88.5133 0.993893 13.5738 0.00747062 0.294437 0.0995025 0.10045
ENSG00000160685.9 1 154975127 154975127 + 15 540423 1_internal_22881 1 155515550 155521177 89 88.0439 0.9853 14.9534 0.0259877 0.237402 0.343284 0.34082
ENSG00000163354.9 1 155006257 155006257 - 15 -913395 1_internal_17643 1 155919652 155925553 89 79.9957 1.07687 12.8481 0.217463 0.127594 0.955224 0.967372
ENSG00000163357.6 1 155006300 155006300 + 15 169689 1_internal_17174 1 155175989 155198672 89 94.3887 0.994787 17.1824 0.176691 -0.136301 0.950249 0.954448
ENSG00000232093.1 1 155018594 155018594 - 15 -901058 1_internal_17643 1 155919652 155925553 89 97.7262 0.938981 16.4502 0.015324 0.248152 0.208955 0.190063
ENSG00000143537.8 1 155023042 155023042 + 15 10112 1_internal_21116 1 155033154 155103106 89 97.674 1.09601 19.4497 0.0902294 -0.167325 0.741294 0.754813
ENSG00000243364.3 1 155036207 155036207 + 15 -671506 1_internal_17936 1 154345162 154364701 89 85.1932 1.04852 12.4449 0.0296876 0.242151 0.378109 0.322769
ENSG00000143590.9 1 155036224 155036224 + 15 841947 1_internal_20418 1 155878171 155905413 89 100.699 0.957859 15.2492 0.022136 0.237101 0.233831 0.221938
ENSG00000251246.1 1 155036224 155036224 + 15 -568997 1_internal_18891 1 154353582 154467227 89 89.7127 0.878245 12.3108 0.0159113 0.236619 0.238806 0.224503
ENSG00000169242.7 1 155099936 155099936 + 17 -366153 1_internal_21199 1 154641875 154733783 89 79.6828 1.10968 13.8185 0.057808 -0.215044 0.61194 0.603119
ENSG00000169241.12 1 155107820 155107820 + 17 -640593 1_internal_18891 1 154353582 154467227 89 87.1574 0.970978 15.6427 0.0192412 -0.260592 0.233831 0.290365
ENSG00000250784.1 1 155108373 155108373 + 17 -641146 1_internal_18891 1 154353582 154467227 89 78.9875 1.0434 13.2651 0.0813199 -0.184135 0.771144 0.741049
ENSG00000179085.7 1 155113071 155113071 - 17 9965 1_internal_21116 1 155033154 155103106 89 87.1227 0.997974 15.3469 0.0155449 0.247509 0.273632 0.228384
ENSG00000163462.13 1 155145873 155145873 + 16 -678646 1_internal_18891 1 154353582 154467227 89 82.1859 1.07103 14.0644 0.00998213 -0.283022 0.159204 0.147722
ENSG00000163463.6 1 155159747 155159747 - 17 -892259 1_internal_23282 1 156052006 156131696 89 86.3404 1.02138 14.7926 0.12332 -0.159379 0.865672 0.86619
ENSG00000185499.11 1 155162707 155162707 - 17 922818 1_internal_17288 1 154119658 154239889 89 85.4018 1.05212 14.9948 0.114573 0.151592 0.865672 0.846753
ENSG00000231064.1 1 155166659 155166659 + 17 -7825 1_internal_20200 1 155143804 155158834 89 74.2941 1.00785 13.2021 0.0738421 0.203877 0.756219 0.757994
ENSG00000173171.9 1 155178490 155178490 + 17 337060 1_internal_22881 1 155515550 155521177 89 91.59 1.04367 16.5323 0.0305219 0.232949 0.313433 0.356199
ENSG00000169231.8 1 155178842 155178842 - 17 20008 1_internal_20200 1 155143804 155158834 89 103.097 0.90686 17.3438 0.0194406 0.24798 0.258706 0.225209
ENSG00000236263.1 1 155183610 155183610 - 17 818909 1_internal_17936 1 154345162 154364701 89 97.8479 0.882377 15.9073 0.02824 -0.223069 0.348259 0.348084
ENSG00000160766.10 1 155197214 155197214 - 17 876081 1_internal_20147 1 154296600 154321133 89 92.9807 1.08332 15.7178 0.0211345 -0.242183 0.228856 0.219663
ENSG00000236675.1 1 155200766 155200766 + 17 314784 1_internal_22881 1 155515550 155521177 89 79.4742 1.02876 12.996 0.0114452 0.253196 0.20398 0.187818
ENSG00000177628.9 1 155214653 155214653 - 18 -663518 1_internal_20418 1 155878171 155905413 89 88.2004 1.03242 16.6599 0.0393549 -0.222459 0.507463 0.4804
ENSG00000160767.16 1 155225274 155225274 - 18 -652897 1_internal_20418 1 155878171 155905413 89 88.2004 1.07734 17.205 0.00638067 -0.296513 0.0746269 0.0882647
ENSG00000116521.6 1 155232221 155232221 - 18 911088 1_internal_20147 1 154296600 154321133 89 82.2902 1.06817 15.163 0.0793068 -0.203666 0.766169 0.745237
ENSG00000143630.5 1 155247374 155247374 + 17 -513591 1_internal_21199 1 154641875 154733783 89 86.8271 0.896154 14.8781 0.0336757 0.200304 0.477612 0.471678
ENSG00000176444.14 1 155248282 155248282 - 17 803006 1_internal_17513 1 154410092 154445276 89 87.5051 1.01129 18.4456 0.0838832 -0.19028 0.79602 0.80858
ENSG00000160752.10 1 155278539 155278539 + 17 -676877 1_internal_24922 1 154580847 154601662 89 94.9623 1.02452 18.7208 0.0455405 -0.191626 0.502488 0.51221
ENSG00000229691.1 1 155280381 155280381 - 17 81709 1_internal_17174 1 155175989 155198672 89 79.3352 1.03173 13.5403 0.082196 -0.184948 0.726368 0.752959
ENSG00000160753.11 1 155290687 155290687 + 17 224863 1_internal_22881 1 155515550 155521177 89 91.9898 1.01794 17.725 0.00334129 0.305913 0.039801 0.0463916
ENSG00000225855.2 1 155293967 155293967 - 17 135133 1_internal_20200 1 155143804 155158834 89 97.0482 0.852466 17.822 0.103202 -0.154527 0.840796 0.848716
ENSG00000207720.1 1 155316236 155316236 - 17 714574 1_internal_24922 1 154580847 154601662 89 77.2492 1.0574 13.333 0.0528696 -0.188884 0.621891 0.603536
ENSG00000207134.1 1 155328609 155328609 - 16 861382 1_internal_18891 1 154353582 154467227 89 74.4332 1.00963 12.7309 0.05182 0.199313 0.646766 0.627891
ENSG00000227773.1 1 155366769 155366769 - 15 -148781 1_internal_22881 1 155515550 155521177 89 97.083 0.926559 16.3064 0.0569299 0.170425 0.60199 0.576003
ENSG00000238805.1 1 155385453 155385453 - 15 918226 1_internal_18891 1 154353582 154467227 89 98.126 1.02518 16.2701 0.027698 -0.236193 0.338308 0.278033
ENSG00000237872.3 1 155402969 155402969 + 16 656092 1_internal_20327 1 156059061 156100517 89 82.8986 1.08319 15.8383 0.0466215 0.207258 0.537313 0.554519
ENSG00000235919.3 1 155531821 155531821 + 16 520185 1_internal_23282 1 156052006 156131696 89 84.9672 1.02028 15.9596 0.033463 0.24658 0.432836 0.449295
ENSG00000116539.6 1 155532598 155532598 - 16 -526463 1_internal_20327 1 156059061 156100517 89 99.1516 1.04498 22.5339 0.0375518 0.225424 0.512438 0.452665
ENSG00000225082.1 1 155556435 155556435 + 16 495571 1_internal_23282 1 156052006 156131696 89 96.7354 0.984625 17.7458 0.0613068 0.19769 0.626866 0.611863
ENSG00000223503.1 1 155561053 155561053 - 16 39876 1_internal_22881 1 155515550 155521177 89 81.4906 1.01577 14.9286 0.101146 0.1765 0.855721 0.839729
ENSG00000125459.9 1 155579979 155579979 + 16 940808 1_internal_17556 1 156520787 156554529 89 101.463 0.973124 18.7507 0.0421477 0.210758 0.482587 0.447936
ENSG00000232519.1 1 155580171 155580171 - 16 421337 1_internal_20200 1 155143804 155158834 89 93.4848 0.960098 15.5054 0.0429159 -0.197416 0.472637 0.470706
ENSG00000203761.4 1 155581011 155581011 + 16 470995 1_internal_23282 1 156052006 156131696 89 85.9754 0.976024 16.2783 0.0522592 0.176728 0.616915 0.622037
ENSG00000246203.2 1 155630036 155630036 - 15 108859 1_internal_22881 1 155515550 155521177 89 83.0203 1.07509 13.1962 0.0390129 -0.236979 0.452736 0.429676
ENSG00000132676.10 1 155657751 155657751 + 15 827724 1_internal_23457 1 156485475 156556992 89 93.3979 0.957058 17.2752 0.0392986 0.220848 0.427861 0.477802
ENSG00000163374.15 1 155658791 155658791 - 15 -393215 1_internal_23282 1 156052006 156131696 89 76.9363 1.13485 12.7042 0.0594986 -0.219755 0.606965 0.59848
ENSG00000234937.1 1 155815158 155815158 + 14 104494 1_internal_17643 1 155919652 155925553 89 97.1525 0.93394 15.3043 0.0311837 -0.21387 0.373134 0.345726
ENSG00000116580.13 1 155829191 155829191 - 14 -229870 1_internal_20327 1 156059061 156100517 89 78.5703 1.13477 12.0536 0.0492893 0.200179 0.547264 0.494431
ENSG00000132718.7 1 155829300 155829300 + 14 381833 1_internal_24921 1 156211133 156354589 89 90.0256 1.04113 13.2075 0.173077 -0.14992 0.915423 0.909469
ENSG00000143622.5 1 155881195 155881195 - 15 -38457 1_internal_17643 1 155919652 155925553 89 93.6934 0.976783 17.5791 0.165589 0.147446 0.965174 0.950192
ENSG00000207475.1 1 155889836 155889836 - 15 -630951 1_internal_17556 1 156520787 156554529 89 83.5244 0.952156 12.7667 0.0217946 0.228622 0.328358 0.310459
ENSG00000252808.1 1 155895877 155895877 - 16 -156129 1_internal_23282 1 156052006 156131696 89 87.6615 0.988294 14.7977 0.0314472 -0.248248 0.462687 0.394756
ENSG00000132680.6 1 155904191 155904191 - 16 383014 1_internal_22881 1 155515550 155521177 89 91.4857 0.930136 16.0611 0.152039 -0.142624 0.945274 0.930569
ENSG00000173080.4 1 155911480 155911480 + 16 234557 1_internal_18586 1 156146037 156231239 89 99.9512 0.926825 19.0643 0.157492 0.148405 0.945274 0.943806
ENSG00000116584.11 1 155966129 155966129 - 16 -423227 1_internal_20249 1 156389356 156428456 89 87.2965 0.967793 12.5181 0.0566538 0.216125 0.532338 0.548419
ENSG00000241471.1 1 155976861 155976861 - 16 -900022 1_internal_19053 1 156876883 157087843 89 84.0633 0.842926 12.1497 0.0140878 0.258028 0.228856 0.256675
ENSG00000163479.9 1 155990750 155990750 - 16 -886133 1_internal_19053 1 156876883 157087843 89 99.3428 1.03097 19.0758 0.00962573 -0.260781 0.109453 0.103601
ENSG00000160803.6 1 156023585 156023585 - 16 502408 1_internal_22881 1 155515550 155521177 89 78.0314 0.961417 11.8039 0.0902712 0.174871 0.766169 0.76913
ENSG00000116586.7 1 156024543 156024543 + 16 496244 1_internal_17556 1 156520787 156554529 89 87.4008 1.04343 14.3522 0.059092 0.199724 0.587065 0.578532
ENSG00000132698.9 1 156030951 156030951 + 16 862121 1_internal_22801 1 156893072 157126329 89 93.1371 0.892981 15.376 0.277368 0.11045 1 0.993296
ENSG00000160789.15 1 156052364 156052364 + 16 468423 1_internal_17556 1 156520787 156554529 89 81.0387 1.09521 13.8317 0.0242578 0.259777 0.283582 0.315707
ENSG00000196189.7 1 156117157 156117157 + 15 368318 1_internal_23457 1 156485475 156556992 89 84.7412 1.06456 15.4782 0.00865021 -0.263897 0.139303 0.129235
ENSG00000160785.8 1 156163880 156163880 + 14 -63363 1_internal_20327 1 156059061 156100517 89 75.0416 1.14201 10.697 0.105411 0.167193 0.766169 0.752256
ENSG00000260238.1 1 156182773 156182773 + 14 710299 1_internal_22801 1 156893072 157126329 89 87.1922 1.07105 14.3703 0.00969759 0.25559 0.129353 0.118903
ENSG00000160783.13 1 156182784 156182784 + 14 710288 1_internal_22801 1 156893072 157126329 89 95.3273 0.945808 15.9452 0.0163515 0.248816 0.233831 0.209099
ENSG00000242252.1 1 156211753 156211753 + 13 665130 1_internal_19053 1 156876883 157087843 89 82.6727 1.01375 11.6487 0.0177468 -0.247729 0.258706 0.225767
ENSG00000160781.10 1 156217881 156217881 - 13 -171475 1_internal_20249 1 156389356 156428456 89 99.0125 0.973445 14.0131 0.0969739 0.169782 0.706468 0.698968
ENSG00000198952.5 1 156252616 156252616 - 14 21377 1_internal_18586 1 156146037 156231239 89 80.5693 0.955468 12.3051 0.0654174 -0.191525 0.646766 0.658512
ENSG00000163472.13 1 156252726 156252726 + 14 -347313 1_internal_20418 1 155878171 155905413 89 97.4133 0.987682 16.3393 0.00537879 -0.282053 0.079602 0.0592816
ENSG00000198715.6 1 156265463 156265463 - 14 360050 1_internal_20418 1 155878171 155905413 89 99.4297 0.925614 19.0226 0.114246 -0.157378 0.870647 0.866949
ENSG00000163467.6 1 156307105 156307105 + 13 0 1_internal_24921 1 156211133 156354589 89 99.5687 0.995508 17.9026 0.0477514 0.20651 0.487562 0.485547
ENSG00000163468.8 1 156337664 156337664 - 13 237147 1_internal_20327 1 156059061 156100517 89 100.49 0.897177 15.4317 0.0279342 -0.23656 0.323383 0.309635
ENSG00000125462.11 1 156400493 156400493 - 14 -476390 1_internal_19053 1 156876883 157087843 89 86.6359 1.03639 12.5947 0.0653908 0.193978 0.557214 0.578291
ENSG00000206651.1 1 156454002 156454002 - 14 99413 1_internal_24921 1 156211133 156354589 89 83.8721 1.08519 13.8172 0.0502014 0.206402 0.512438 0.519667
ENSG00000116604.12 1 156470620 156470620 - 14 338924 1_internal_23282 1 156052006 156131696 89 81.5775 1.05114 12.1921 0.0537511 -0.213723 0.542289 0.535607
ENSG00000187862.6 1 156549519 156549519 + 14 0 1_internal_17556 1 156520787 156554529 89 87.0184 1.02162 12.712 1.71196e-06 0.486714 0.00497512 2.24706e-05
ENSG00000163382.7 1 156561554 156561554 + 14 331518 1_internal_22801 1 156893072 157126329 89 84.8455 1.10981 14.3067 0.0275776 0.217881 0.313433 0.317693
ENSG00000160818.12 1 156571288 156571288 - 14 -647548 1_internal_19526 1 157218836 157240233 89 85.3322 1.00814 12.9886 0.0452581 0.223195 0.497512 0.482219
ENSG00000143320.4 1 156675608 156675608 - 14 118616 1_internal_23457 1 156485475 156556992 89 94.9797 0.995015 16.5966 0.143241 0.144671 0.890547 0.902464
ENSG00000223356.1 1 156682966 156682966 - 14 -535870 1_internal_19526 1 157218836 157240233 89 83.0725 1.1587 14.2077 0.0651557 0.195748 0.656716 0.60635
ENSG00000143303.7 1 156698234 156698234 + 14 194838 1_internal_22801 1 156893072 157126329 89 86.8445 1.00232 13.342 0.0298687 -0.223994 0.368159 0.350372
ENSG00000143319.11 1 156698591 156698591 - 14 144062 1_internal_17556 1 156520787 156554529 89 100.299 0.884491 15.5693 0.0215244 0.247884 0.243781 0.255401
ENSG00000143314.8 1 156711382 156711382 - 14 579686 1_internal_23282 1 156052006 156131696 89 99.7773 0.895525 14.1274 0.0226595 0.251241 0.263682 0.245814
ENSG00000143294.10 1 156720402 156720402 + 14 498434 1_internal_19526 1 157218836 157240233 89 93.3979 1.04509 14.3432 0.00936716 0.253531 0.0995025 0.0939887
ENSG00000143321.14 1 156736717 156736717 - 14 -634135 1_internal_19827 1 157370852 157410369 89 94.7363 0.985934 16.0343 0.118781 0.162719 0.855721 0.841882
ENSG00000198400.7 1 156785432 156785432 + 14 -228440 1_internal_23457 1 156485475 156556992 89 84.3588 1.11442 13.792 0.0539155 0.204017 0.542289 0.52768
ENSG00000027869.7 1 156786654 156786654 - 14 861101 1_internal_17643 1 155919652 155925553 89 75.8238 0.973082 10.0218 0.0207854 -0.214508 0.303483 0.297296
ENSG00000187800.9 1 156863490 156863490 + 15 -435034 1_internal_20249 1 156389356 156428456 89 85.2975 1.05156 14.6795 0.0389417 -0.221839 0.467662 0.453343
ENSG00000160838.9 1 156890442 156890442 + 15 0 1_internal_19053 1 156876883 157087843 89 78.4486 1.15389 13.2508 0.0242832 0.230819 0.288557 0.30402
ENSG00000132694.14 1 157015162 157015162 - 13 -798160 1_internal_17322 1 157813322 158365570 89 88.9131 1.04474 12.6815 0.0287266 -0.223631 0.308458 0.289766
ENSG00000237842.2 1 157030554 157030554 - 13 -782768 1_internal_17322 1 157813322 158365570 89 83.959 0.973755 12.4423 0.0554239 -0.205254 0.577114 0.566124
ENSG00000235700.1 1 157098154 157098154 + 13 -743565 1_internal_24921 1 156211133 156354589 89 85.6799 0.928645 11.821 0.348292 -0.0987776 0.995025 0.995436
ENSG00000117036.7 1 157108266 157108266 - 12 679810 1_internal_20249 1 156389356 156428456 89 82.0121 1.03241 11.2933 0.0139928 -0.267529 0.164179 0.17685
ENSG00000143297.14 1 157522310 157522310 - 13 965318 1_internal_23457 1 156485475 156556992 89 78.8484 1.06206 10.3936 0.0501255 -0.19741 0.482587 0.475888
ENSG00000227217.1 1 157661552 157661552 + 11 455542 1_internal_16587 1 158117094 158152042 89 103.636 0.864292 13.5668 0.14716 0.158487 0.820896 0.851863
ENSG00000160856.14 1 157670775 157670775 - 11 0 1_internal_27406 1 157521916 157927440 89 89.1738 0.982666 10.1055 0.0221322 0.245156 0.228856 0.208171
ENSG00000163534.10 1 157789895 157789895 - 12 -326804 1_internal_18060 1 158116699 158134531 89 89.2781 1.01524 12.3025 0.0254837 0.244264 0.278607 0.263356
ENSG00000163564.10 1 158900586 158900586 + 14 0 1_internal_16731 1 158762834 159063559 89 78.692 0.980963 11.5692 0.0302984 0.2496 0.38806 0.398498
ENSG00000163565.14 1 158969758 158969758 + 13 0 1_internal_16329 1 158798212 158988819 89 97.1873 0.898553 12.691 0.124367 0.16231 0.78607 0.797922
ENSG00000163568.9 1 159116886 159116886 - 15 511378 1_internal_24605 1 158173218 158605508 89 81.8035 0.963384 13.4594 0.112743 0.165082 0.850746 0.851493
ENSG00000179639.6 1 159259504 159259504 + 12 -270685 1_internal_16329 1 158798212 158988819 89 85.1758 1.00555 11.354 0.0296634 -0.23886 0.348259 0.317604
ENSG00000158716.4 1 159750722 159750722 + 15 678937 1_internal_22813 1 160429659 160532484 89 80.5172 1.04968 12.2308 0.0364969 -0.2152 0.412935 0.419833
ENSG00000181036.9 1 159770301 159770301 + 16 -135297 1_internal_17887 1 159615064 159635004 89 79.8045 1.02713 12.7857 0.150172 0.154677 0.920398 0.908003
ENSG00000158714.6 1 159796540 159796540 + 16 -378746 1_internal_22814 1 159244282 159417794 89 88.3916 1.02032 14.4694 0.0150897 -0.251487 0.174129 0.193807
ENSG00000188004.5 1 159825137 159825137 - 19 -604522 1_internal_22813 1 160429659 160532484 89 87.7832 1.02392 20.1054 0.00890794 0.274424 0.18408 0.164243
ENSG00000243284.1 1 159832447 159832447 - 19 -597212 1_internal_22813 1 160429659 160532484 89 83.0377 0.977831 15.6487 0.0758063 0.16156 0.771144 0.764083
ENSG00000256029.1 1 159842843 159842843 - 19 -586816 1_internal_22813 1 160429659 160532484 89 75.7369 1.12125 13.4566 0.0183426 0.242351 0.283582 0.280067
ENSG00000213085.5 1 159869953 159869953 - 20 -195631 1_internal_25430 1 160065584 160470447 89 89.6605 0.980709 19.1149 0.0543998 -0.201209 0.661692 0.658406
ENSG00000269620.1 1 159880159 159880159 - 20 0 1_internal_16747 1 159867594 159896412 89 102.089 1.01038 25.3428 0.0253501 0.231341 0.348259 0.340649
ENSG00000158710.10 1 159895522 159895522 - 20 -903214 1_internal_21848 1 160798736 160804736 89 94.493 0.937508 20.7048 0.164115 -0.16423 0.970149 0.970681
ENSG00000085552.12 1 159915386 159915386 - 20 280382 1_internal_17887 1 159615064 159635004 89 103.515 0.923817 24.5686 0.0042105 -0.315755 0.0497512 0.0626859
ENSG00000260766.1 1 159996584 159996584 - 20 -711887 1_internal_18034 1 160708471 160738644 89 95.084 0.984161 25.4651 0.0329198 -0.237567 0.517413 0.515232
ENSG00000143315.5 1 160001783 160001783 - 20 827653 1_internal_17768 1 159170195 159174130 89 97.535 0.884095 19.9455 0.0632832 0.210645 0.671642 0.701418
ENSG00000177807.5 1 160040038 160040038 - 21 0 1_internal_16239 1 160032489 160048665 89 91.9551 0.955401 18.0934 0.0178492 -0.247049 0.278607 0.273558
ENSG00000162728.4 1 160051360 160051360 + 22 574529 1_internal_20794 1 160625889 160646554 89 91.59 1.03372 21.8665 0.000733692 -0.324577 0.00995025 0.0113602
ENSG00000162729.9 1 160068733 160068733 - 21 -690834 1_internal_17131 1 160759567 160771795 89 88.409 0.946625 16.3411 0.00627364 -0.322993 0.114428 0.115601
ENSG00000143318.8 1 160160285 160160285 + 22 638451 1_internal_21848 1 160798736 160804736 89 104.749 0.882928 30.6661 0.0161865 -0.212478 0.338308 0.297904
ENSG00000162734.8 1 160175127 160175127 + 21 450762 1_internal_20794 1 160625889 160646554 89 76.4496 1.06996 15.7443 0.17474 -0.144206 0.965174 0.971256
ENSG00000227741.1 1 160178659 160178659 - 21 -348221 1_internal_17489 1 160526880 160656851 89 97.8131 1.02756 25.1491 0.0326406 0.216766 0.457711 0.458743
ENSG00000228606.1 1 160231534 160231534 + 21 476937 1_internal_18034 1 160708471 160738644 89 96.7006 0.94275 20.6232 0.00955667 -0.27674 0.139303 0.152282
ENSG00000224261.2 1 160237015 160237015 - 21 0 1_internal_25430 1 160065584 160470447 89 85.0367 1.03095 19.1447 0.00884439 -0.267021 0.154229 0.17177
ENSG00000132716.12 1 160254920 160254920 - 21 -370969 1_internal_20794 1 160625889 160646554 89 113.319 0.760106 24.9079 0.159676 0.135576 0.99005 0.968869
ENSG00000258465.1 1 160254920 160254920 - 21 -370969 1_internal_20794 1 160625889 160646554 89 99.9512 0.860908 20.5371 0.0407916 0.2096 0.532338 0.535972
ENSG00000162735.13 1 160256138 160256138 - 21 -751545 1_internal_16523 1 161007683 161137340 89 85.5756 0.988005 16.9291 0.0345529 0.237447 0.532338 0.488933
ENSG00000235082.2 1 160287193 160287193 + 21 421278 1_internal_18034 1 160708471 160738644 89 88.409 0.988651 21.3138 0.0744605 0.182432 0.800995 0.815191
ENSG00000202078.1 1 160296006 160296006 - 21 0 1_internal_25430 1 160065584 160470447 89 85.0889 1.09064 20.0817 0.000543071 -0.347531 0.00497512 0.00943012
ENSG00000162736.11 1 160313062 160313062 + 21 -258438 1_internal_26062 1 159130732 160054624 89 78.9701 1.16548 20.9941 0.00750074 0.257775 0.179104 0.161303
ENSG00000122218.10 1 160313190 160313190 - 21 -209733 1_internal_19780 1 160522923 160551948 89 89.1738 1.06571 22.3274 0.173086 -0.150944 0.985075 0.983357
ENSG00000162739.9 1 160493052 160493052 - 23 -29871 1_internal_19780 1 160522923 160551948 89 106.783 0.89405 31.5098 3.06863e-06 0.450855 0.00497512 3.5128e-05
ENSG00000234425.1 1 160506863 160506863 + 23 16060 1_internal_19780 1 160522923 160551948 89 87.6268 0.937105 17.6469 0.000889642 0.369474 0.0348259 0.0225865
ENSG00000264286.1 1 160515535 160515535 - 23 -7388 1_internal_19780 1 160522923 160551948 89 86.0449 1.01936 19.9292 1.50928e-08 0.593537 0.00497512 3.91245e-07
ENSG00000066294.10 1 160549306 160549306 - 24 0 1_internal_19780 1 160522923 160551948 89 83.7156 1.11796 24.0379 2.19458e-15 0.776394 0.00497512 1.14621e-14
ENSG00000117090.9 1 160617085 160617085 - 25 0 1_internal_17489 1 160526880 160656851 89 98.491 0.831551 24.2008 0.00579645 0.279479 0.169154 0.136985
ENSG00000235101.1 1 160639938 160639938 + 24 119629 1_internal_17131 1 160759567 160771795 89 75.424 1.18035 19.2344 0.0350403 -0.220638 0.60199 0.571182
ENSG00000228863.3 1 160640568 160640568 + 24 7113 1_internal_18824 1 160647681 160663798 89 86.0449 0.990651 23.4615 0.0122721 0.277402 0.278607 0.282664
ENSG00000117091.5 1 160681641 160681641 - 24 17843 1_internal_18824 1 160647681 160663798 89 81.3516 1.0354 20.91 0.000392054 0.389616 0.00995025 0.0123742
ENSG00000026751.11 1 160709037 160709037 + 24 115354 1_internal_17615 1 160824391 160992260 89 92.7895 0.989691 24.7117 0.00845157 0.282806 0.179104 0.166409
ENSG00000122224.11 1 160765896 160765896 + 24 58495 1_internal_17615 1 160824391 160992260 89 92.1463 0.936216 24.7457 0.0105645 -0.274388 0.238806 0.232604
ENSG00000226003.2 1 160817800 160817800 + 24 189883 1_internal_16523 1 161007683 161137340 89 88.5133 1.01563 20.2614 0.0132011 0.244281 0.253731 0.233491
ENSG00000122223.8 1 160832692 160832692 - 24 -731401 1_internal_23489 1 161564093 161617964 89 86.6533 1.06085 25.0499 0.0272729 0.242803 0.537313 0.498153
ENSG00000232879.2 1 161004624 161004624 + 24 -12364 1_internal_17615 1 160824391 160992260 89 84.6369 0.899175 18.3716 0.00765226 0.275069 0.21393 0.196578
ENSG00000215845.6 1 161008780 161008780 - 24 204044 1_internal_21848 1 160798736 160804736 89 84.0459 1.00872 18.4946 0.0383558 -0.236174 0.557214 0.5626
ENSG00000158769.11 1 161008784 161008784 - 24 28833 1_internal_19829 1 160969877 160979951 89 91.1729 0.92409 21.423 0.000961375 0.343852 0.0447761 0.0247008
ENSG00000158773.10 1 161015767 161015767 - 24 369213 1_internal_20794 1 160625889 160646554 89 90.0604 0.914253 20.352 0.0268785 0.254038 0.467662 0.45757
ENSG00000268154.1 1 161035655 161035655 + 24 -263860 1_internal_17131 1 160759567 160771795 89 79.0223 1.04763 18.8726 0.0244589 -0.229783 0.442786 0.45765
ENSG00000186517.9 1 161039760 161039760 - 25 59809 1_internal_19829 1 160969877 160979951 89 87.1574 0.963253 22.8858 0.00466636 -0.300633 0.124378 0.12171
ENSG00000162755.9 1 161068151 161068151 + 23 388341 1_internal_25100 1 161456492 161711824 89 93.6412 1.10346 26.6232 0.0771786 -0.186614 0.840796 0.830094
ENSG00000158793.9 1 161087876 161087876 + 23 0 1_internal_16523 1 161007683 161137340 89 110.103 0.90746 28.6464 0.136429 0.157541 0.950249 0.955742
ENSG00000143256.4 1 161087901 161087901 - 23 240197 1_internal_18636 1 160803909 160847704 89 93.9193 1.02193 23.622 0.0607138 -0.215127 0.731343 0.722618
ENSG00000158796.10 1 161102478 161102478 - 23 445627 1_internal_17489 1 160526880 160656851 89 92.8937 0.889273 22.0352 0.00166488 -0.340445 0.039801 0.0440823
ENSG00000143222.7 1 161122566 161122566 + 23 0 1_internal_16523 1 161007683 161137340 89 103.932 0.917416 28.4981 0.0200973 0.250204 0.328358 0.33
ENSG00000224985.1 1 161129139 161129139 - 23 324403 1_internal_21848 1 160798736 160804736 89 96.0053 0.972101 25.4554 0.00409924 -0.288151 0.0696517 0.0766472
ENSG00000143258.11 1 161129240 161129240 + 23 -68814 1_internal_18884 1 161049209 161060426 89 78.9527 0.97474 16.7204 0.058091 -0.192311 0.731343 0.734386
ENSG00000143224.12 1 161136200 161136200 + 23 -26027 1_internal_17132 1 161080590 161110173 89 82.0816 1.03111 21.129 0.0155069 0.255028 0.348259 0.334828
ENSG00000158850.10 1 161147287 161147287 - 23 -392680 1_internal_16088 1 161539967 161624395 89 86.3926 1.0138 21.6656 0.0899159 0.185527 0.885572 0.881765
ENSG00000158864.8 1 161166894 161166894 + 23 -106468 1_internal_18884 1 161049209 161060426 89 74.0508 1.05064 15.8948 0.01085 0.275302 0.218905 0.255351
ENSG00000158859.8 1 161168846 161168846 - 23 188895 1_internal_19829 1 160969877 160979951 89 96.7527 1.0246 29.321 0.0591307 0.208357 0.756219 0.763275
ENSG00000158869.6 1 161185024 161185024 + 23 379069 1_internal_23489 1 161564093 161617964 89 83.5766 1.10642 24.5049 0.00119931 -0.345946 0.0447761 0.02777
ENSG00000158882.8 1 161195793 161195793 + 23 -725346 1_internal_25430 1 160065584 160470447 89 74.9199 0.988793 16.3969 0.129054 0.174436 0.955224 0.948024
ENSG00000263548.1 1 161196976 161196976 + 23 -392240 1_internal_21848 1 160798736 160804736 89 94.5104 1.01545 24.7807 0.0340721 0.231581 0.487562 0.509814
ENSG00000143257.7 1 161208092 161208092 - 23 551241 1_internal_17489 1 160526880 160656851 89 88.4264 0.934534 19.0777 0.0574529 -0.20506 0.721393 0.707372
ENSG00000248485.1 1 161228517 161228517 + 23 -373163 1_internal_16615 1 160849289 160855354 89 89.6432 1.08828 21.5979 0.0229601 -0.252495 0.358209 0.346936
ENSG00000158887.11 1 161279762 161279762 - 23 475026 1_internal_21848 1 160798736 160804736 89 98.9777 0.966148 29.0422 0.0558138 0.21973 0.746269 0.738566
ENSG00000143252.9 1 161284047 161284047 + 23 -627196 1_internal_17489 1 160526880 160656851 89 81.2125 0.972826 17.5253 0.00113975 -0.370762 0.039801 0.0361458
ENSG00000188931.3 1 161337664 161337664 - 24 673866 1_internal_18824 1 160647681 160663798 89 87.0357 1.07008 23.995 0.0112096 0.267103 0.238806 0.225261
ENSG00000235477.1 1 161337812 161337812 + 24 -680961 1_internal_17489 1 160526880 160656851 89 88.2525 0.93082 22.989 0.012823 0.262846 0.323383 0.295179
ENSG00000215840.3 1 161375858 161375858 + 24 -843374 1_internal_22813 1 160429659 160532484 89 94.4234 1.00239 26.038 0.0292809 0.222918 0.477612 0.477961
ENSG00000072694.14 1 161551101 161551101 + 23 -746365 1_internal_21848 1 160798736 160804736 89 100.177 0.954317 27.4406 0.0121081 0.258153 0.238806 0.210596
ENSG00000162746.10 1 161691353 161691353 + 19 0 1_internal_25100 1 161456492 161711824 89 81.0213 1.04249 13.6654 0.00517399 0.312736 0.0895522 0.0889367
ENSG00000081721.6 1 161719548 161719548 + 19 -980904 1_internal_18034 1 160708471 160738644 89 86.3926 1.03404 19.1371 0.0254953 0.252335 0.412935 0.400294
ENSG00000226889.1 1 161736000 161736000 - 19 964205 1_internal_17131 1 160759567 160771795 89 90.5645 0.926432 15.4219 0.0654071 -0.182133 0.651741 0.664777
ENSG00000118217.5 1 161736084 161736084 + 19 148602 1_internal_20343 1 161884686 161889970 89 90.7035 0.893686 14.5994 0.0206982 0.238486 0.308458 0.299031
ENSG00000229808.1 1 161860623 161860623 + 14 24063 1_internal_20343 1 161884686 161889970 89 77.1102 1.09443 11.3237 0.0271538 0.224673 0.368159 0.32612
ENSG00000162745.5 1 161993644 161993644 - 13 457069 1_internal_18901 1 161491656 161536575 89 90.8252 1.00063 14.1325 0.193401 0.123973 0.945274 0.948035
ENSG00000198574.4 1 162381928 162381928 - 10 491958 1_internal_20343 1 161884686 161889970 89 95.223 0.912543 10.3727 0.0269672 0.245604 0.273632 0.243961
ENSG00000152332.11 1 162467041 162467041 + 9 -849077 1_internal_23489 1 161564093 161617964 89 91.7812 0.949294 9.611 0.0627942 -0.2038 0.442786 0.465968
ENSG00000259788.1 1 162531098 162531098 - 9 171176 1_internal_18216 1 162304480 162359922 89 90.6514 0.942706 8.54726 0.064998 0.217194 0.427861 0.451921
ENSG00000117143.8 1 162531321 162531321 + 9 -994746 1_internal_18901 1 161491656 161536575 89 96.2313 0.939945 9.50744 0.162685 -0.151125 0.781095 0.796129
ENSG00000162733.11 1 162601163 162601163 + 8 -711193 1_internal_20343 1 161884686 161889970 89 92.407 1.05068 8.06337 0.0281603 -0.219121 0.20398 0.16856
ENSG00000132196.8 1 162760492 162760492 + 5 127581 1_internal_23260 1 162888073 162903232 89 93.5891 0.999915 5.34756 0.083652 -0.179706 0.348259 0.344895
ENSG00000232892.1 1 163131465 163131465 + 4 -736165 1_internal_17375 1 162381153 162395300 89 83.6461 1.0001 4.17683 0.217151 -0.129956 0.641791 0.667227
ENSG00000143248.7 1 163187426 163187426 - 4 792126 1_internal_17375 1 162381153 162395300 89 91.3119 0.999926 4.32222 0.371215 0.10109 0.875622 0.859595
ENSG00000225755.2 1 163207004 163207004 + 4 -303772 1_internal_23260 1 162888073 162903232 89 99.0473 0.99997 4.63937 0.251312 0.112002 0.671642 0.695477
ENSG00000237756.1 1 163229640 163229640 + 3 -869718 1_internal_18216 1 162304480 162359922 89 107.965 0.999959 3.4371 0.215871 -0.13378 0.477612 0.47871
ENSG00000143228.8 1 163236366 163236366 + 3 -841066 1_internal_17375 1 162381153 162395300 89 78.101 0.99999 2.31301 0.0318607 -0.24054 0.079602 0.0998648
ENSG00000232995.2 1 163291684 163291684 - 3 931762 1_internal_18216 1 162304480 162359922 89 76.5539 0.999898 2.59496 0.318159 0.111342 0.711443 0.679233
ENSG00000185630.12 1 164524821 164524821 + 2 816020 1_internal_23190 1 165340841 165363447 89 104.54 0.99996 1.95528 0.285525 -0.106511 0.412935 0.425589
ENSG00000143198.7 1 165600098 165600098 + 6 0 1_internal_19653 1 165567022 165616556 89 76.4148 1.00003 5.01449 5.1132e-05 0.377006 0.00497512 0.000881332
ENSG00000206990.1 1 165631924 165631924 - 6 15368 1_internal_19653 1 165567022 165616556 89 82.7596 1.02417 5.93605 0.0164004 -0.261574 0.114428 0.109912
ENSG00000230175.1 1 165640493 165640493 + 6 13554 1_internal_23721 1 165654047 165668621 89 79.5611 0.999989 5.43971 0.0205897 0.247007 0.159204 0.146187
ENSG00000225272.2 1 165645547 165645547 + 6 -282100 1_internal_23190 1 165340841 165363447 89 84.098 0.979035 5.5532 0.00952136 -0.264617 0.0845771 0.0676918
ENSG00000215838.3 1 165667987 165667987 + 6 -51431 1_internal_19653 1 165567022 165616556 89 95.223 0.927936 5.59638 0.10707 0.167668 0.412935 0.464006
ENSG00000143149.8 1 165668100 165668100 - 6 0 1_internal_23721 1 165654047 165668621 89 81.0561 1.00012 5.10049 2.39206e-06 0.456199 0.00497512 3.45382e-05
ENSG00000241270.1 1 165677520 165677520 + 6 118057 1_internal_19373 1 165795577 165845806 89 81.1777 1.03429 5.73629 0.457641 0.0834703 0.965174 0.97453
ENSG00000224358.1 1 165738166 165738166 + 6 -69545 1_internal_23721 1 165654047 165668621 89 89.9734 1.07072 6.08937 0.16163 -0.155339 0.646766 0.624984
ENSG00000143179.7 1 165796768 165796768 + 6 -382175 1_internal_19165 1 165344605 165414593 89 100.56 0.873532 5.72832 0.0457806 -0.206926 0.233831 0.229357
ENSG00000143183.11 1 165796992 165796992 - 6 0 1_internal_19373 1 165795577 165845806 89 96.718 0.945199 6.3653 0.0614162 -0.176225 0.308458 0.308831
ENSG00000215835.2 1 166246834 166246834 - 9 417981 1_internal_25165 1 165737218 165828853 89 83.9764 1.06367 9.51774 0.0162053 0.248701 0.144279 0.149709
ENSG00000234142.1 1 166459276 166459276 - 7 -592174 1_internal_19418 1 167051450 167075518 89 86.6186 1.17221 9.02915 0.0656847 0.188937 0.363184 0.401045
ENSG00000232341.2 1 166716616 166716616 + 6 -870810 1_internal_19373 1 165795577 165845806 89 84.4979 0.995449 5.98595 0.215193 0.135913 0.731343 0.787588
ENSG00000143157.7 1 166808681 166808681 + 8 242769 1_internal_19418 1 167051450 167075518 89 82.0295 0.935891 6.69811 0.0713159 -0.213588 0.472637 0.472813
ENSG00000225171.2 1 166837985 166837985 + 7 213465 1_internal_19418 1 167051450 167075518 89 74.833 0.999973 4.96011 0.0670784 -0.190926 0.393035 0.384839
ENSG00000152382.5 1 166845564 166845564 - 7 -205886 1_internal_19418 1 167051450 167075518 89 92.3723 1.03596 7.51166 0.0880883 -0.180012 0.492537 0.458609
ENSG00000143195.7 1 166944719 166944719 - 6 -776540 1_internal_21733 1 167721259 167738518 89 91.2076 0.980248 6.25481 0.216827 0.129311 0.791045 0.779078
ENSG00000143194.8 1 166958346 166958346 + 6 93104 1_internal_19418 1 167051450 167075518 89 82.2033 1.00011 5.45635 0.00665647 0.298802 0.0597015 0.0487771
ENSG00000227907.1 1 167021788 167021788 + 6 29662 1_internal_19418 1 167051450 167075518 89 91.1555 0.952375 6.08701 0.00610063 0.280149 0.0447761 0.0395178
ENSG00000143167.7 1 167059868 167059868 - 6 0 1_internal_19418 1 167051450 167075518 89 101.324 0.919508 6.9433 5.5972e-07 0.527615 0.00497512 2.06986e-06
ENSG00000143190.14 1 167190066 167190066 + 7 46538 1_internal_21077 1 167236604 167260647 89 88.6523 0.997807 6.20637 0.0432786 0.219002 0.233831 0.243057
ENSG00000233411.1 1 167427898 167427898 - 7 -103025 1_internal_18637 1 167530923 167558226 89 80.7258 0.964381 5.7476 0.289067 -0.120957 0.865672 0.890375
ENSG00000198821.6 1 167487847 167487847 - 8 -43076 1_internal_18637 1 167530923 167558226 89 97.7783 1.03279 10.26 0.0435495 0.217405 0.283582 0.28671
ENSG00000227776.1 1 167488773 167488773 + 8 625528 1_internal_18650 1 168114301 168173087 89 103.15 0.923739 9.56853 0.0940746 0.161736 0.517413 0.543638
ENSG00000143162.7 1 167523004 167523004 - 9 -591297 1_internal_18650 1 168114301 168173087 89 83.6287 0.986145 8.86618 0.152565 0.151744 0.79602 0.803024
ENSG00000241666.1 1 167596622 167596622 + 9 838260 1_internal_24156 1 168434882 168506819 89 81.6645 1.09872 9.31249 0.250928 -0.110331 0.960199 0.938119
ENSG00000198771.6 1 167599330 167599330 + 9 898928 1_internal_18008 1 168498258 168527405 89 86.3926 1.00031 9.83859 0.125763 0.167704 0.766169 0.750039
ENSG00000197965.7 1 167690429 167690429 + 9 30830 1_internal_21733 1 167721259 167738518 89 88.2873 1.05805 8.56371 0.0849359 0.178268 0.522388 0.511876
ENSG00000143199.12 1 167883453 167883453 - 9 639761 1_internal_21428 1 167191043 167243692 89 85.9232 0.969557 8.51176 0.0495821 0.201507 0.39801 0.389473
ENSG00000143164.11 1 167905021 167905021 + 9 209280 1_internal_18650 1 168114301 168173087 89 84.9324 1.01515 8.31067 0.0182839 0.235441 0.144279 0.157698
ENSG00000143158.6 1 167906278 167906278 - 9 -208023 1_internal_18650 1 168114301 168173087 89 87.366 0.951347 7.82266 0.0395265 0.212484 0.298507 0.303627
ENSG00000235471.1 1 168054469 168054469 - 10 793822 1_internal_21077 1 167236604 167260647 89 98.1955 0.981818 10.1722 0.230506 0.124306 0.890547 0.909181
ENSG00000143147.10 1 168106821 168106821 - 9 846174 1_internal_21077 1 167236604 167260647 89 87.6789 1.03542 8.59894 0.0575593 0.201795 0.38806 0.393144
ENSG00000143155.8 1 168148171 168148171 + 9 -887524 1_internal_21077 1 167236604 167260647 89 78.6572 0.966506 6.68619 0.100206 0.170295 0.58209 0.596759
ENSG00000213064.4 1 168195176 168195176 + 9 814694 1_internal_24900 1 169009870 169296799 89 87.6615 1.04722 10.35 0.0748905 -0.206643 0.542289 0.543288
ENSG00000214262.3 1 168216581 168216581 - 9 441571 1_internal_23837 1 167746299 167775010 89 86.7229 0.991144 9.16725 0.24436 0.130809 0.935323 0.929965
ENSG00000143178.8 1 168250278 168250278 + 8 -692052 1_internal_18637 1 167530923 167558226 89 125.66 0.902758 10.3789 0.0219986 -0.248579 0.104478 0.0875852
ENSG00000143185.3 1 168513235 168513235 - 8 738225 1_internal_23837 1 167746299 167775010 89 91.3467 1.04779 9.21257 0.0573279 -0.205767 0.41791 0.378875
ENSG00000143184.4 1 168545711 168545711 + 8 901329 1_internal_17552 1 169447040 169456833 89 78.8137 1.03812 6.9826 0.0654318 -0.209937 0.432836 0.436704
ENSG00000143153.7 1 169074935 169074935 + 8 0 1_internal_24900 1 169009870 169296799 89 87.1748 0.986481 6.91975 0.00177347 0.354319 0.0149254 0.0144963
ENSG00000143156.9 1 169337205 169337205 - 7 -486749 1_internal_17464 1 169823954 169862747 89 89.3998 0.980315 6.4168 0.232118 0.13554 0.800995 0.81978
ENSG00000117475.9 1 169337208 169337208 + 7 -40409 1_internal_24900 1 169009870 169296799 89 106.504 1.04178 9.44363 0.0206388 0.264727 0.109453 0.0911718
ENSG00000117477.8 1 169429907 169429907 - 7 902502 1_internal_18008 1 168498258 168527405 89 76.4844 1.01592 5.65863 0.0921318 -0.15266 0.512438 0.503362
ENSG00000234604.2 1 169443397 169443397 - 7 146598 1_internal_24900 1 169009870 169296799 89 93.5717 1.01473 6.56586 0.105872 0.165052 0.487562 0.482474
ENSG00000117479.7 1 169455241 169455241 - 7 0 1_internal_17552 1 169447040 169456833 89 88.4959 0.994395 6.7151 0.148322 0.161571 0.651741 0.665022
ENSG00000213062.3 1 169455380 169455380 + 7 0 1_internal_17552 1 169447040 169456833 89 88.7045 0.976927 6.71882 0.00423793 0.286438 0.039801 0.0312369
ENSG00000198734.6 1 169555826 169555826 - 6 259027 1_internal_24900 1 169009870 169296799 89 72.5559 1.00009 4.5399 0.0043455 -0.294973 0.0497512 0.0448983
ENSG00000174175.11 1 169599380 169599380 - 6 0 1_internal_18741 1 169569861 169681890 89 111.059 0.829045 6.86725 0.00386056 0.311012 0.0298507 0.0202075
ENSG00000000460.11 1 169631245 169631245 + 6 192709 1_internal_17464 1 169823954 169862747 89 108.782 0.937106 7.13129 0.00419198 0.295126 0.0199005 0.0148229
ENSG00000188404.4 1 169680839 169680839 - 6 0 1_internal_18741 1 169569861 169681890 89 94.493 0.984312 6.9585 0.00089791 0.337666 0.00497512 0.00472495
ENSG00000007908.10 1 169703220 169703220 - 6 -120734 1_internal_17464 1 169823954 169862747 89 98.2824 0.922582 6.22685 0.0211067 0.224632 0.104478 0.113133
