ENSG00000213864.3 5 67455721 67455721 - 9 -87098 5_internal_10948 5 67542819 67585975 89 83.3854 1.00401 6.81309 0.273552 0.119054 0.895522 0.901779
ENSG00000145675.10 5 67511548 67511548 + 8 31271 5_internal_10948 5 67542819 67585975 89 98.7344 0.914372 7.86691 0.000991859 0.359956 0.00497512 0.00675575
ENSG00000145740.14 5 68389473 68389473 + 7 465856 5_internal_12751 5 68855329 70328098 89 88.0266 0.997732 6.8436 0.153575 0.147961 0.666667 0.687205
ENSG00000248664.1 5 68432221 68432221 - 7 699915 5_internal_8133 5 67625023 67732306 89 97.4828 0.969669 8.05386 0.0393289 0.22518 0.238806 0.236495
ENSG00000134057.10 5 68462837 68462837 + 7 438844 5_internal_10135 5 68901681 70313920 89 82.8812 1.06378 6.30062 0.000145721 -0.399122 0.00497512 0.00100934
ENSG00000153044.5 5 68485375 68485375 + 7 416306 5_internal_10135 5 68901681 70313920 89 102.976 0.980904 8.99714 0.0902156 0.180788 0.452736 0.479812
ENSG00000134056.6 5 68513587 68513587 + 7 77224 5_internal_10532 5 68590811 68632450 89 88.7914 1.05948 7.79001 0.13638 -0.17062 0.646766 0.65981
ENSG00000134058.6 5 68530668 68530668 + 7 -798362 5_internal_8133 5 67625023 67732306 89 81.5428 0.945939 6.05822 0.290384 0.117913 0.910448 0.90447
ENSG00000213830.3 5 68609699 68609699 - 5 -291982 5_internal_10135 5 68901681 70313920 89 90.0604 1.00009 4.62127 0.131215 0.155999 0.492537 0.471544
ENSG00000183323.8 5 68628636 68628636 - 5 -273045 5_internal_10135 5 68901681 70313920 89 82.2729 1.00002 3.99661 0.0155721 0.234054 0.0547264 0.0778244
ENSG00000152942.14 5 68665120 68665120 + 5 236561 5_internal_10135 5 68901681 70313920 89 74.1898 0.99996 4.32606 0.112602 -0.161803 0.492537 0.499075
ENSG00000085231.9 5 68665840 68665840 - 5 -235841 5_internal_10135 5 68901681 70313920 89 81.0734 0.999927 4.41271 0.0063027 0.277599 0.0248756 0.0397588
ENSG00000152939.10 5 68710939 68710939 + 5 -78489 5_internal_10532 5 68590811 68632450 89 78.3965 1.00009 4.35678 0.374976 0.0947961 0.875622 0.896006
ENSG00000197822.6 5 68788119 68788119 + 4 67210 5_internal_12751 5 68855329 70328098 89 85.8189 0.999997 3.80772 1.58883e-07 0.556672 0.00497512 1.00841e-06
ENSG00000183474.10 5 68856035 68856035 + 4 45646 5_internal_10135 5 68901681 70313920 89 97.7088 0.999982 4.33715 0.0128436 0.266159 0.0447761 0.0389491
ENSG00000250138.3 5 68927790 68927790 + 4 0 5_internal_12751 5 68855329 70328098 89 84.3414 0.999904 3.87876 0.00155323 -0.326267 0.0149254 0.00800532
ENSG00000269208.1 5 68931304 68931304 - 4 0 5_internal_12751 5 68855329 70328098 89 87.6789 0.999933 4.15132 5.75223e-05 -0.421254 0.00995025 0.000271408
ENSG00000253203.2 5 69006341 69006341 - 3 0 5_internal_10135 5 68901681 70313920 89 92.0594 0.99997 3.52039 0.182405 0.144464 0.477612 0.49204
ENSG00000198237.7 5 69171098 69171098 + 3 0 5_internal_12751 5 68855329 70328098 89 86.8271 0.999894 3.36535 0.0284369 0.221875 0.0895522 0.0988737
ENSG00000250763.1 5 69274357 69274357 + 3 0 5_internal_12751 5 68855329 70328098 89 99.8121 1.00003 3.09801 1.42339e-05 0.453329 0.00497512 1.32314e-05
ENSG00000205572.5 5 69321074 69321074 + 3 0 5_internal_12751 5 68855329 70328098 89 92.3201 1.00002 3.19119 0.0244309 -0.246409 0.079602 0.0682188
ENSG00000205571.7 5 69345350 69345350 + 3 0 5_internal_12751 5 68855329 70328098 89 98.1955 1.00005 3.53217 0.0571163 0.20935 0.134328 0.152059
ENSG00000179978.10 5 69424261 69424261 - 3 0 5_internal_12751 5 68855329 70328098 89 87.3312 1.00003 2.82338 0.0133557 -0.254403 0.0298507 0.0397288
ENSG00000254701.2 5 69503572 69503572 - 3 0 5_internal_12751 5 68855329 70328098 89 102.367 0.999919 3.30938 0.281925 -0.116147 0.597015 0.611236
ENSG00000253816.2 5 69580686 69580686 - 3 0 5_internal_12751 5 68855329 70328098 89 93.4674 0.999928 2.70278 4.7868e-05 -0.442264 0.00497512 8.34205e-05
ENSG00000226259.5 5 69711179 69711179 + 2 0 5_internal_12751 5 68855329 70328098 89 88.8088 1.00004 1.85279 1.18908e-06 0.523346 0.00497512 2.26121e-06
ENSG00000237075.4 5 69783429 69783429 + 2 0 5_internal_12751 5 68855329 70328098 89 101.846 0.999943 2.24587 0.000322581 0.353577 0.00497512 0.000266897
ENSG00000205565.6 5 69803906 69803906 + 2 0 5_internal_12751 5 68855329 70328098 89 90.6861 1.00002 1.87669 0.00456953 0.303728 0.0199005 0.00786523
ENSG00000250918.2 5 69825198 69825198 + 2 0 5_internal_10135 5 68901681 70313920 89 88.6002 0.999998 1.90457 0.150275 -0.139693 0.258706 0.268178
ENSG00000197284.4 5 70074135 70074135 - 2 0 5_internal_12751 5 68855329 70328098 89 93.5369 0.999978 2.0964 0.00105828 -0.335228 0.00497512 0.00164876
ENSG00000172062.12 5 70220768 70220768 + 2 0 5_internal_12751 5 68855329 70328098 89 102.837 1.00006 2.19382 0.0177468 0.240328 0.0447761 0.0235115
ENSG00000249437.3 5 70320941 70320941 - 2 7021 5_internal_10135 5 68901681 70313920 89 89.9734 1.00003 2.24916 0.106321 0.159862 0.248756 0.21966
ENSG00000254353.1 5 70330227 70330227 - 2 2129 5_internal_12751 5 68855329 70328098 89 88.0266 1.00008 1.99275 2.16892e-08 0.567579 0.00497512 5.1545e-08
ENSG00000145736.9 5 70363516 70363516 - 2 49596 5_internal_10135 5 68901681 70313920 89 105.462 0.999968 2.39154 5.19977e-05 0.397587 0.00497512 2.51079e-05
ENSG00000251634.2 5 70424580 70424580 - 2 96482 5_internal_12751 5 68855329 70328098 89 95.1361 0.999959 2.10167 0.230313 -0.115617 0.40796 0.398473
ENSG00000235558.3 5 70555065 70555065 - 2 226967 5_internal_12751 5 68855329 70328098 89 100.142 1.00007 1.93914 1.90868e-06 -0.467514 0.00497512 8.39244e-07
ENSG00000215630.5 5 70585611 70585611 - 2 257513 5_internal_12751 5 68855329 70328098 89 98.5953 0.999924 2.3287 1.17178e-07 -0.511965 0.00497512 5.68585e-08
ENSG00000145734.13 5 70751442 70751442 + 4 977269 5_internal_13233 5 71728711 71822968 89 84.1328 0.99995 3.67337 0.166615 -0.159688 0.522388 0.514932
ENSG00000253536.1 5 70772143 70772143 - 5 444045 5_internal_12751 5 68855329 70328098 89 116.83 0.878656 6.93084 0.242284 -0.120833 0.80597 0.786106
ENSG00000247911.3 5 70833673 70833673 - 6 -953250 5_internal_10015 5 71786923 71805061 89 85.9928 0.943048 5.59769 0.025075 0.235095 0.154229 0.164981
ENSG00000131844.11 5 70883115 70883115 + 6 776047 5_internal_11651 5 71659162 71696489 89 97.674 0.85532 6.95351 0.00982969 -0.275336 0.109453 0.0757496
ENSG00000131711.10 5 71403061 71403061 + 7 325650 5_internal_13233 5 71728711 71822968 89 103.775 0.911842 7.84834 0.264306 -0.123854 0.875622 0.885769
ENSG00000244748.2 5 71610515 71610515 - 7 -118196 5_internal_13233 5 71728711 71822968 89 92.9111 0.963682 7.05903 0.041159 0.210412 0.258706 0.248547
ENSG00000049883.9 5 71616194 71616194 + 7 491943 5_internal_9541 5 72108137 72150582 89 91.816 0.944414 5.82624 0.0137192 0.265245 0.119403 0.0820845
ENSG00000113048.11 5 71616473 71616473 - 7 -170450 5_internal_10015 5 71786923 71805061 89 104.158 0.849416 8.23157 0.62995 -0.0494401 1 0.999648
ENSG00000244061.1 5 71677621 71677621 + 7 555322 5_internal_12581 5 72232943 72734078 89 90.2342 0.99704 6.32557 0.0610067 0.201927 0.318408 0.321728
ENSG00000083312.11 5 72112139 72112139 + 8 5260 5_internal_11958 5 72117399 72134204 89 96.8049 0.949453 8.95954 0.00163518 0.359045 0.00995025 0.011728
ENSG00000263593.1 5 72174418 72174418 + 8 -369357 5_internal_10015 5 71786923 71805061 89 81.2473 0.968245 6.56471 0.162396 0.148212 0.751244 0.743243
ENSG00000242602.1 5 72175012 72175012 - 8 -724091 5_internal_10690 5 72899103 73218154 89 78.466 1.03302 6.76781 0.0216791 -0.243829 0.169154 0.180772
ENSG00000157107.8 5 72251808 72251808 + 8 -482143 5_internal_9440 5 71763203 71769665 89 85.367 1.0421 7.19151 0.0899065 -0.181549 0.497512 0.500024
ENSG00000145741.10 5 72794233 72794233 + 8 -643651 5_internal_9541 5 72108137 72150582 89 80.691 0.991227 7.57176 0.165199 0.155658 0.781095 0.792936
ENSG00000255883.1 5 72804510 72804510 + 8 94593 5_internal_10690 5 72899103 73218154 89 95.675 1.00812 8.11187 0.2354 -0.12406 0.880597 0.863
ENSG00000164338.5 5 72861268 72861268 + 6 -710686 5_internal_9541 5 72108137 72150582 89 101.046 0.965511 7.31174 0.219125 -0.130854 0.791045 0.796165
ENSG00000164331.5 5 72861511 72861511 - 6 727307 5_internal_11958 5 72117399 72134204 89 88.8436 1.03421 6.2349 0.191378 -0.136202 0.736318 0.723508
ENSG00000049860.9 5 73935848 73935848 + 5 -204239 5_internal_9313 5 73716481 73731609 89 79.6307 1.00007 4.14361 0.000283679 0.374663 0.00497512 0.00247675
ENSG00000171617.8 5 73937249 73937249 - 5 7262 5_internal_9549 5 73871529 73929987 89 102.333 0.999965 5.03291 1.55957e-11 0.661719 0.00497512 2.39457e-12
ENSG00000207336.1 5 74021029 74021029 - 6 91042 5_internal_9549 5 73871529 73929987 89 70.7307 1.00006 4.28486 0.225692 0.121251 0.741294 0.755933
ENSG00000164346.5 5 74062817 74062817 + 6 -331208 5_internal_9313 5 73716481 73731609 89 76.3801 0.999871 4.71707 0.0100879 -0.24324 0.0547264 0.0786256
ENSG00000164347.12 5 74063196 74063196 - 6 845042 5_internal_10690 5 72899103 73218154 89 92.3723 0.898296 5.53248 0.213639 -0.132369 0.721393 0.753661
ENSG00000199645.1 5 74075134 74075134 + 6 -489119 5_internal_10369 5 73423294 73586015 89 83.2289 1.01644 5.59029 0.084094 0.186521 0.422886 0.419694
ENSG00000250071.1 5 74094819 74094819 + 6 812001 5_internal_9861 5 74906820 74974717 89 82.5162 1.00009 4.91026 0.167243 0.147796 0.651741 0.630766
ENSG00000198780.7 5 74162776 74162776 - 6 944622 5_internal_10690 5 72899103 73218154 89 87.2791 1.00006 5.51795 0.244699 0.124123 0.78607 0.794534
ENSG00000182383.8 5 74286462 74286462 - 5 -729786 5_internal_12718 5 75016248 75144030 89 87.366 1.00003 5.09594 0.372061 0.0961439 0.920398 0.909952
ENSG00000249856.1 5 74319753 74319753 - 5 588144 5_internal_9313 5 73716481 73731609 89 77.0059 0.999886 4.02999 0.127608 0.153575 0.517413 0.496643
ENSG00000176928.4 5 74326724 74326724 - 5 396737 5_internal_9549 5 73871529 73929987 89 79.1787 0.999986 4.74476 0.0112353 -0.271332 0.0696517 0.0773611
ENSG00000250889.2 5 74348668 74348668 - 5 -558152 5_internal_9861 5 74906820 74974717 89 102.767 0.999948 5.01581 0.0512832 0.208687 0.199005 0.168654
ENSG00000145700.4 5 74532703 74532703 - 8 946688 5_internal_10369 5 73423294 73586015 89 93.7803 1.06907 8.23011 0.195473 0.135278 0.79602 0.793604
ENSG00000113161.11 5 74632154 74632154 + 8 745582 5_internal_11519 5 75377736 75503915 89 80.8127 1.02061 7.10961 0.0131002 -0.271116 0.129353 0.115837
ENSG00000242198.1 5 74670288 74670288 + 8 898836 5_internal_13358 5 75569124 75798202 89 84.2023 1.02065 7.84393 0.204393 0.141414 0.845771 0.848856
ENSG00000122008.11 5 74807581 74807581 + 10 587397 5_internal_9399 5 75394978 75410834 89 78.6746 1.07911 8.28021 0.191826 -0.1355 0.855721 0.856269
ENSG00000113163.9 5 74807963 74807963 - 10 -98857 5_internal_9861 5 74906820 74974717 89 75.0242 0.991286 7.2106 0.0861548 0.174697 0.60199 0.590422
ENSG00000248881.1 5 74895205 74895205 - 12 -921199 5_internal_10205 5 75816404 75861641 89 92.8937 1.0076 11.1265 0.14326 0.162602 0.781095 0.798067
ENSG00000189045.8 5 74907301 74907301 + 13 487677 5_internal_9399 5 75394978 75410834 89 96.4746 0.91697 12.7646 0.165482 -0.146086 0.900498 0.888148
ENSG00000152359.9 5 75013313 75013313 - 13 -381665 5_internal_9399 5 75394978 75410834 89 85.3322 0.963233 10.7017 0.0269279 -0.240025 0.308458 0.297171
ENSG00000254893.2 5 75470170 75470170 - 15 -255650 5_internal_9582 5 75725820 75845181 89 85.7842 0.984076 13.9055 0.107023 0.171212 0.835821 0.817364
ENSG00000145703.11 5 75699074 75699074 + 18 26746 5_internal_9582 5 75725820 75845181 89 101.811 1.03125 28.8144 0.000144031 0.39325 0.00497512 0.00110189
ENSG00000250574.1 5 75806265 75806265 + 18 0 5_internal_9582 5 75725820 75845181 89 82.8812 1.10803 16.3152 0.0248812 0.236608 0.348259 0.346516
ENSG00000249713.1 5 75904795 75904795 - 18 59614 5_internal_9582 5 75725820 75845181 89 87.7484 1.03092 16.4456 0.0252265 0.253965 0.348259 0.34023
ENSG00000164220.5 5 75919259 75919259 - 18 74078 5_internal_9582 5 75725820 75845181 89 83.9242 1.06154 16.7286 0.00190893 0.288845 0.0447761 0.0339741
ENSG00000181104.6 5 76011868 76011868 + 18 102574 5_internal_8515 5 76114442 76141459 89 80.3781 0.974148 14.1872 0.0456632 -0.228323 0.572139 0.58075
ENSG00000225407.3 5 76012040 76012040 - 18 -514685 5_internal_11210 5 76526725 76532354 89 108.99 0.855643 20.7367 0.0548838 0.208713 0.552239 0.577661
ENSG00000164251.4 5 76114758 76114758 + 20 266617 5_internal_13012 5 76381375 76529936 89 97.309 1.04307 24.4999 0.0240385 0.2448 0.363184 0.34332
ENSG00000171643.9 5 76145826 76145826 + 20 -240185 5_internal_12699 5 75750921 75905641 89 85.5582 0.983438 17.2256 0.00861717 0.269433 0.154229 0.165066
ENSG00000145708.6 5 76248538 76248538 + 20 -107079 5_internal_8515 5 76114442 76141459 89 97.2047 0.956315 20.58 0.0678104 0.198997 0.676617 0.712854
ENSG00000164252.8 5 76325076 76325076 + 20 767773 5_internal_10148 5 77092849 77103062 89 91.677 1.02193 21.6573 0.0650767 -0.19647 0.741294 0.737509
ENSG00000238961.1 5 76376396 76376396 - 20 -4979 5_internal_13012 5 76381375 76529936 89 93.5717 0.937095 21.0872 0.154558 0.15826 0.975124 0.967001
ENSG00000250802.2 5 76382565 76382565 + 20 -346914 5_internal_11466 5 75933446 76035651 89 84.8455 0.949857 14.9844 0.0366432 0.223926 0.457711 0.493146
ENSG00000132846.5 5 76383148 76383148 - 20 -92590 5_internal_12925 5 76475738 76789278 89 94.6668 1.00185 21.1001 0.02675 -0.223204 0.353234 0.377961
ENSG00000113231.9 5 76506274 76506274 + 18 0 5_internal_12925 5 76475738 76789278 89 86.3926 0.939988 14.2389 0.00017894 0.399624 0.00497512 0.00457867
ENSG00000244363.2 5 76878198 76878198 + 17 45451 5_internal_10639 5 76923649 77300474 89 98.0217 1.00056 19.7758 0.155163 0.148904 0.940299 0.943956
ENSG00000164253.8 5 76916436 76916436 - 16 127158 5_internal_12925 5 76475738 76789278 89 90.9816 0.871654 14.873 1.58292e-05 0.478089 0.00497512 0.000594644
ENSG00000213763.4 5 77080705 77080705 + 14 -548351 5_internal_11210 5 76526725 76532354 89 95.2578 0.99521 15.7063 0.141081 0.156769 0.885572 0.884097
ENSG00000171530.8 5 77164604 77164604 - 13 91261 5_internal_9211 5 77046256 77073343 89 97.674 0.985177 14.5947 0.00593603 -0.323835 0.0646766 0.0587482
ENSG00000253558.1 5 77339962 77339962 - 14 -450885 5_internal_12624 5 77790847 77837514 89 84.4805 0.988421 11.2691 0.0501295 0.209196 0.497512 0.485435
ENSG00000222085.1 5 77352570 77352570 - 14 203128 5_internal_8722 5 77139584 77149442 89 91.0164 1.11594 16.0028 0.0112786 0.248003 0.104478 0.118463
ENSG00000249372.1 5 77518008 77518008 + 16 -368566 5_internal_8722 5 77139584 77149442 89 77.6664 1.02625 11.4573 0.101532 0.183338 0.78607 0.779197
ENSG00000132842.9 5 77590579 77590579 - 14 0 5_internal_11261 5 77517417 77592222 89 76.0324 1.11371 12.1137 0.0755004 0.188144 0.681592 0.682667
ENSG00000245556.2 5 77656331 77656331 - 14 -134516 5_internal_12624 5 77790847 77837514 89 91.3641 1.01694 13.1001 0.0485872 -0.20604 0.492537 0.44994
ENSG00000085365.12 5 77656339 77656339 + 14 134508 5_internal_12624 5 77790847 77837514 89 87.7311 1.04342 13.8115 0.0478577 0.22908 0.487562 0.483662
ENSG00000145685.8 5 78065844 78065844 - 13 765370 5_internal_10639 5 76923649 77300474 89 79.0918 1.13629 13.8953 0.256756 0.117167 0.9801 0.987569
ENSG00000113273.11 5 78281910 78281910 - 10 1410 5_internal_8896 5 78268329 78280500 89 88.0787 1.08551 10.7637 0.0261806 0.233337 0.253731 0.22042
ENSG00000132837.10 5 78531861 78531861 - 10 0 5_internal_9870 5 78429007 78541354 89 89.7475 0.946422 9.62578 0.0540128 0.201462 0.442786 0.434001
ENSG00000152409.8 5 78532012 78532012 + 10 -447670 5_internal_12095 5 77834732 78084342 89 89.6258 1.03602 10.6091 0.0318309 0.233941 0.283582 0.27014
ENSG00000213757.3 5 78580741 78580741 - 10 743227 5_internal_12624 5 77790847 77837514 89 108.556 0.994276 15.2295 0.0699876 0.18452 0.512438 0.508808
ENSG00000213755.3 5 78806257 78806257 + 10 -968743 5_internal_12624 5 77790847 77837514 89 84.324 1.04766 8.97224 0.219906 0.121912 0.895522 0.899559
ENSG00000152413.10 5 78810040 78810040 - 10 725698 5_internal_12095 5 77834732 78084342 89 96.3008 1.01114 10.821 0.166274 0.153374 0.835821 0.82446
ENSG00000164329.9 5 78907943 78907943 + 9 733216 5_internal_8973 5 79641159 79652673 89 79.6307 1.06332 8.23298 0.0377062 -0.215695 0.283582 0.312815
ENSG00000164309.10 5 78985700 78985700 + 9 -451586 5_internal_8818 5 78452554 78534114 89 81.96 1.00408 7.82667 0.0534969 0.21169 0.373134 0.401934
ENSG00000177034.10 5 79287082 79287082 - 7 745728 5_internal_9870 5 78429007 78541354 89 89.4693 1.05134 6.71467 0.0817978 0.193744 0.412935 0.409251
ENSG00000113296.10 5 79287134 79287134 + 7 494817 5_internal_12308 5 79781951 80167324 89 75.3545 1.06375 6.01841 0.106702 0.155182 0.587065 0.56381
ENSG00000251050.1 5 79315432 79315432 + 8 -781318 5_internal_8818 5 78452554 78534114 89 85.9059 1.10939 8.97871 0.0311001 -0.233286 0.233831 0.224136
ENSG00000249825.1 5 79379477 79379477 - 8 -933162 5_internal_11867 5 80312639 80319736 89 90.8773 1.00819 7.88354 0.0748739 0.174574 0.457711 0.440638
ENSG00000251675.1 5 79424184 79424184 + 8 216975 5_internal_8973 5 79641159 79652673 89 75.9977 1.17075 7.52309 0.0550082 0.197604 0.402985 0.374252
ENSG00000239159.1 5 79535408 79535408 - 7 -777231 5_internal_11867 5 80312639 80319736 89 92.0246 0.97448 6.62874 0.0178175 0.257732 0.119403 0.108212
ENSG00000164300.11 5 79551898 79551898 - 6 0 5_internal_12606 5 79387499 79554474 89 100.786 0.972665 7.78005 0.0158836 0.277433 0.0746269 0.0834163
ENSG00000220157.4 5 79655859 79655859 - 6 -38737 5_internal_8466 5 79694596 79704940 89 87.4877 1.01147 5.79636 0.0547174 -0.171993 0.293532 0.28263
ENSG00000039319.12 5 79703832 79703832 + 6 -786937 5_internal_9699 5 78885960 78916895 89 91.3119 0.988555 6.25048 0.0670379 -0.200662 0.353234 0.341957
ENSG00000152380.5 5 79783788 79783788 + 6 528851 5_internal_11867 5 80312639 80319736 89 87.8875 1.01556 5.96458 0.273699 -0.105492 0.845771 0.851913
ENSG00000249042.1 5 79783882 79783882 - 6 866987 5_internal_9699 5 78885960 78916895 89 91.5553 1.02125 6.13834 0.256649 -0.114709 0.820896 0.823683
ENSG00000251221.1 5 79918343 79918343 - 5 363869 5_internal_12606 5 79387499 79554474 89 91.1555 0.960596 5.5521 0.0574133 -0.201177 0.283582 0.284478
ENSG00000249655.1 5 79927409 79927409 - 5 372935 5_internal_12606 5 79387499 79554474 89 96.9961 0.999943 5.04257 0.00752835 -0.249271 0.00995025 0.0262516
ENSG00000113318.9 5 79950467 79950467 + 5 362172 5_internal_11867 5 80312639 80319736 89 85.9059 0.999979 5.39784 0.0911868 0.187282 0.432836 0.423631
ENSG00000228716.2 5 79950802 79950802 - 5 -361837 5_internal_11867 5 80312639 80319736 89 91.7986 0.999922 4.81292 0.0189127 -0.255827 0.0845771 0.079779
ENSG00000248967.1 5 80042638 80042638 - 5 389965 5_internal_8973 5 79641159 79652673 89 97.1178 1.03082 5.9329 0.149838 -0.153719 0.557214 0.556139
ENSG00000244630.2 5 80151662 80151662 - 7 0 5_internal_12308 5 79781951 80167324 89 81.3168 0.99746 6.65581 0.120961 -0.149624 0.621891 0.629901
ENSG00000113319.7 5 80256491 80256491 + 8 56148 5_internal_11867 5 80312639 80319736 89 88.635 1.00676 7.0737 2.221e-07 0.519315 0.00497512 1.51681e-06
ENSG00000251450.1 5 80256726 80256726 - 8 -55913 5_internal_11867 5 80312639 80319736 89 91.4336 0.973535 8.07286 0.00308842 0.318935 0.0298507 0.0241784
ENSG00000251001.1 5 80293866 80293866 - 10 -780023 5_internal_9246 5 81073889 81079523 89 101.794 0.954074 11.1721 0.0406982 0.214302 0.278607 0.297411
ENSG00000249772.1 5 80410671 80410671 - 11 90935 5_internal_11867 5 80312639 80319736 89 82.0469 0.911844 8.81798 5.11788e-06 0.491099 0.00497512 0.000244876
ENSG00000131730.11 5 80529104 80529104 + 11 -824164 5_internal_8466 5 79694596 79704940 89 105.166 0.922771 12.4535 0.0456265 0.210609 0.363184 0.350261
ENSG00000248794.1 5 80538418 80538418 - 11 371094 5_internal_12308 5 79781951 80167324 89 101.968 1.03089 14.646 0.0222039 0.250554 0.18408 0.179183
ENSG00000247572.2 5 80597379 80597379 - 11 -975643 5_internal_8791 5 81573022 82771154 89 80.8301 1.14207 11.5186 0.0102689 0.261059 0.109453 0.112347
ENSG00000131732.7 5 80597409 80597409 + 11 -892469 5_internal_8466 5 79694596 79704940 89 101.759 0.882151 11.9246 0.254234 0.115811 0.965174 0.960392
ENSG00000172497.4 5 80689998 80689998 - 10 -576383 5_internal_9545 5 81266381 81520315 89 91.9725 0.982306 10.2747 0.00795185 -0.250979 0.0845771 0.0731465
ENSG00000145687.11 5 81047616 81047616 - 11 -34890 5_internal_8971 5 81082506 81119977 89 105.305 0.925129 11.2713 0.00714364 0.280049 0.079602 0.0496556
ENSG00000152348.10 5 81267844 81267844 + 10 305178 5_internal_8791 5 81573022 82771154 89 99.7947 0.84293 9.72793 0.092842 0.177526 0.58209 0.60591
ENSG00000236447.2 5 81287814 81287814 + 10 77105 5_internal_9844 5 81364919 81403178 89 116.465 0.879471 14.5418 0.278627 0.123729 0.99005 0.97684
ENSG00000251495.1 5 81305913 81305913 - 10 -267109 5_internal_8791 5 81573022 82771154 89 83.1768 1.2082 11.6316 0.243538 -0.118797 0.960199 0.956216
ENSG00000248192.1 5 81369521 81369521 - 10 0 5_internal_9844 5 81364919 81403178 89 98.717 0.939626 10.225 0.271845 0.113533 0.970149 0.950772
ENSG00000251374.1 5 81561078 81561078 - 11 -800906 5_internal_8949 5 82361984 82478391 89 101.62 0.86839 12.5476 0.230717 0.11744 0.955224 0.95266
ENSG00000186468.8 5 81574396 81574396 - 11 171218 5_internal_9844 5 81364919 81403178 89 84.4457 1.08439 10.3648 0.026215 -0.240729 0.263682 0.238653
ENSG00000205464.5 5 81575281 81575281 + 11 -172103 5_internal_9844 5 81364919 81403178 89 82.2381 0.93577 9.7373 0.0891249 0.163986 0.676617 0.676257
ENSG00000249664.1 5 82308928 82308928 - 13 788613 5_internal_9545 5 81266381 81520315 89 99.1168 0.988225 15.3643 0.0522006 0.184854 0.467662 0.475141
ENSG00000238835.1 5 82360156 82360156 - 13 -365944 5_internal_9556 5 82726100 82737933 89 97.0656 0.934713 12.2085 0.095865 -0.186777 0.656716 0.674581
ENSG00000152422.11 5 82373317 82373317 + 13 0 5_internal_8791 5 81573022 82771154 89 96.1965 0.860491 13.9335 0.00225112 0.313232 0.0597015 0.0370674
ENSG00000174695.5 5 82373682 82373682 - 13 853367 5_internal_9545 5 81266381 81520315 89 83.4201 1.09815 14.4509 0.0322863 -0.228908 0.383085 0.385257
ENSG00000251552.1 5 82576463 82576463 - 11 -85603 5_internal_8587 5 82662066 82676389 89 91.1207 0.971145 12.7662 0.324663 -0.0973798 0.995025 0.993032
ENSG00000243859.3 5 84760252 84760252 + 2 0 5_internal_8477 5 82600252 88693825 89 90.4949 1.00002 2.11445 0.0560165 -0.217371 0.119403 0.110712
ENSG00000127184.6 5 85913721 85913721 + 2 499363 5_internal_9347 5 86413084 86448589 89 89.2086 1.00003 2.04139 0.385472 0.0941392 0.61194 0.629192
ENSG00000199262.1 5 85916323 85916323 + 2 0 5_internal_8477 5 82600252 88693825 89 87.8527 1.00001 2.2489 0.0183664 0.26318 0.0298507 0.0425267
ENSG00000250544.1 5 86042635 86042635 + 2 370449 5_internal_9347 5 86413084 86448589 89 96.04 0.999952 2.19889 0.515476 -0.0679979 0.810945 0.781467
ENSG00000242477.1 5 86180698 86180698 - 2 0 5_internal_8477 5 82600252 88693825 89 88.5307 0.999954 2.09202 0.731612 -0.038126 0.930348 0.936524
ENSG00000145715.10 5 86563705 86563705 + 2 -115116 5_internal_9347 5 86413084 86448589 89 96.0053 0.999977 2.24195 0.00109456 0.368146 0.00497512 0.00155643
ENSG00000241243.2 5 86590290 86590290 - 2 0 5_internal_8477 5 82600252 88693825 89 105.183 1.00004 2.1197 0.00777865 -0.265108 0.0199005 0.0080271
ENSG00000207452.1 5 86595614 86595614 - 2 147025 5_internal_9347 5 86413084 86448589 89 90.3037 0.999943 2.19024 0.443214 -0.0777107 0.736318 0.719032
ENSG00000134480.9 5 86708836 86708836 - 2 0 5_internal_8477 5 82600252 88693825 89 82.2381 0.999951 1.68969 0.096849 0.186023 0.174129 0.179636
ENSG00000197071.1 5 87514708 87514708 + 4 563075 5_internal_9811 5 88077783 88082741 89 97.448 1.00005 5.02779 0.176828 0.12565 0.587065 0.577489
ENSG00000247828.2 5 87564712 87564712 + 4 459940 5_internal_11712 5 88024652 88183142 89 76.3975 0.999998 3.5729 0.149797 0.15832 0.502488 0.512757
ENSG00000164180.9 5 87565293 87565293 - 4 -459359 5_internal_11712 5 88024652 88183142 89 81.3168 0.999976 4.16299 0.312383 0.12034 0.810945 0.816279
ENSG00000207129.1 5 87570193 87570193 - 4 -454459 5_internal_11712 5 88024652 88183142 89 79.5437 0.999987 3.5169 0.675026 0.0493201 0.99005 0.984093
ENSG00000081189.9 5 88199922 88199922 - 4 16780 5_internal_11712 5 88024652 88183142 89 86.2361 1.00001 3.71378 0.0118363 0.2645 0.0497512 0.0482755
ENSG00000260871.1 5 89685180 89685180 - 8 257648 5_internal_11661 5 89263254 89427532 89 93.0502 0.961658 8.27812 0.0388949 0.23028 0.308458 0.270123
ENSG00000153140.4 5 89705603 89705603 - 7 -701357 5_internal_8750 5 90406960 90411302 89 94.9623 1.01603 7.52876 0.253817 0.109778 0.865672 0.868189
ENSG00000255647.1 5 89705817 89705817 + 7 691488 5_internal_9879 5 90397305 90421567 89 95.0492 0.909701 7.23595 0.283099 0.11781 0.915423 0.909095
ENSG00000113356.6 5 89767565 89767565 + 7 629740 5_internal_9879 5 90397305 90421567 89 78.8484 0.999983 5.4227 0.326735 -0.103709 0.915423 0.908138
ENSG00000259131.2 5 89770585 89770585 - 7 -626720 5_internal_9879 5 90397305 90421567 89 90.7035 1.01786 6.98123 0.145319 0.159971 0.676617 0.648323
ENSG00000176055.9 5 89770585 89770585 - 7 -626720 5_internal_9879 5 90397305 90421567 89 79.509 1.06559 6.19596 0.187522 0.146124 0.741294 0.753746
ENSG00000164199.11 5 89825161 89825161 + 7 581799 5_internal_8750 5 90406960 90411302 89 94.3191 0.927768 6.14913 0.0701557 0.198723 0.368159 0.360478
ENSG00000259141.1 5 89825401 89825401 - 7 -571904 5_internal_9879 5 90397305 90421567 89 85.593 1.02821 7.27979 0.0496707 -0.204845 0.328358 0.321106
ENSG00000176018.8 5 89825401 89825401 - 7 -571904 5_internal_9879 5 90397305 90421567 89 88.4437 1.05076 7.33988 0.0494807 -0.205647 0.278607 0.292487
ENSG00000113369.4 5 90679176 90679176 - 6 852026 5_internal_10401 5 89819628 89827150 89 73.3902 1.00012 4.70791 0.0412248 0.223226 0.298507 0.267331
ENSG00000251725.1 5 92956494 92956494 - 2 12169 5_internal_9945 5 92905657 92944325 89 94.1279 0.999925 2.15518 0.4789 0.0692617 0.746269 0.741769
ENSG00000249353.2 5 93019373 93019373 - 2 75048 5_internal_9945 5 92905657 92944325 89 88.2873 0.999986 1.9312 0.564257 0.0613312 0.791045 0.800362
ENSG00000248483.3 5 93077309 93077309 - 2 -770807 5_internal_10744 5 93848116 94039064 89 82.5162 0.999917 1.94655 0.0750735 -0.17537 0.19403 0.161691
ENSG00000251023.1 5 93199531 93199531 - 2 255206 5_internal_9945 5 92905657 92944325 89 93.085 1.00007 2.32609 0.0703752 0.175852 0.109453 0.143004
ENSG00000113391.12 5 93447404 93447404 - 3 503079 5_internal_9945 5 92905657 92944325 89 77.3188 1.00008 2.82053 0.111238 0.151994 0.358209 0.341844
ENSG00000232578.3 5 93928473 93928473 + 4 0 5_internal_10744 5 93848116 94039064 89 72.5559 1.00005 2.99314 0.0410951 0.236415 0.174129 0.183038
ENSG00000133302.8 5 93954052 93954052 + 3 0 5_internal_10744 5 93848116 94039064 89 92.5809 1.00005 3.54182 0.0271358 0.237077 0.0746269 0.0831223
ENSG00000185261.8 5 93954309 93954309 - 3 0 5_internal_10744 5 93848116 94039064 89 93.5195 0.999985 3.14044 0.118365 0.173483 0.313433 0.304928
ENSG00000175471.14 5 94620279 94620279 - 8 -387219 5_internal_11983 5 95007498 95054980 89 88.7393 0.977624 8.00801 0.0723213 0.190268 0.447761 0.464422
ENSG00000153347.5 5 94727048 94727048 + 8 532015 5_internal_10033 5 95259063 95634817 89 86.9141 1.02965 8.86831 0.109703 0.163582 0.661692 0.646358
ENSG00000225165.3 5 94775748 94775748 + 8 629578 5_internal_10167 5 95405326 95668361 89 73.79 1.06134 7.10657 0.16367 -0.134321 0.800995 0.787372
ENSG00000212259.1 5 94857073 94857073 + 8 -447928 5_internal_11765 5 94361954 94409145 89 87.9049 0.959678 6.94784 0.08912 -0.183482 0.502488 0.504003
ENSG00000198677.6 5 94890711 94890711 - 8 -346677 5_internal_13997 5 95237388 95676417 89 90.7383 1.013 8.12323 0.0758772 0.202433 0.487562 0.453949
ENSG00000164291.12 5 94890778 94890778 + 8 514548 5_internal_10167 5 95405326 95668361 89 93.3979 0.934179 8.03259 0.230075 0.123444 0.905473 0.875863
ENSG00000178015.4 5 94955782 94955782 + 10 281606 5_internal_13997 5 95237388 95676417 89 97.1873 0.880625 10.6633 0.00297647 0.308558 0.0447761 0.0334207
ENSG00000175449.7 5 94982458 94982458 + 10 25040 5_internal_11983 5 95007498 95054980 89 93.5891 0.961462 11.3092 0.023364 0.239128 0.233831 0.220286
ENSG00000251659.1 5 94993766 94993766 + 10 -472498 5_internal_9121 5 94517196 94521268 89 84.915 0.951904 8.2664 0.0675125 0.17114 0.507463 0.494032
ENSG00000145757.11 5 95034415 95034415 - 10 513147 5_internal_9121 5 94517196 94521268 89 92.1463 1.00022 9.6906 0.0953991 -0.166715 0.606965 0.597693
ENSG00000164292.7 5 95049226 95049226 + 9 0 5_internal_11983 5 95007498 95054980 89 91.9029 0.958138 8.39325 0.00706585 0.275873 0.0547264 0.058358
ENSG00000250240.1 5 95067999 95067999 - 9 13019 5_internal_11983 5 95007498 95054980 89 80.6041 1.13391 8.81782 0.0175487 0.244474 0.149254 0.146558
ENSG00000251348.1 5 95104703 95104703 + 9 154360 5_internal_10033 5 95259063 95634817 89 78.8484 1.12622 7.83663 0.0576685 -0.212398 0.40796 0.396127
ENSG00000173221.9 5 95158709 95158709 - 9 1076 5_internal_9308 5 95137091 95157633 89 90.1125 0.922542 8.30666 0.0149371 0.257584 0.139303 0.137026
ENSG00000251000.1 5 95170750 95170750 - 9 -758479 5_internal_10835 5 95929229 95933216 89 98.1955 0.885742 9.32712 0.208508 0.138648 0.895522 0.878263
ENSG00000236882.3 5 95187936 95187936 + 9 71127 5_internal_10033 5 95259063 95634817 89 85.1932 0.99716 7.74799 0.053903 0.210419 0.368159 0.378782
ENSG00000118985.10 5 95297775 95297775 - 9 776507 5_internal_9121 5 94517196 94521268 89 98.5779 0.975676 10.3783 0.0159057 -0.239659 0.139303 0.116819
ENSG00000175426.6 5 95769847 95769847 - 9 714867 5_internal_11983 5 95007498 95054980 89 85.8537 1.02865 8.02078 0.249848 -0.118686 0.905473 0.904853
ENSG00000153113.17 5 95865525 95865525 + 9 83673 5_internal_13509 5 95949198 96052206 89 92.2854 1.02578 9.52584 0.0144657 0.230592 0.0845771 0.107904
ENSG00000249180.1 5 96078402 96078402 - 9 26196 5_internal_13509 5 95949198 96052206 89 92.0768 1.01527 10.2277 0.0100816 0.271983 0.0995025 0.083372
ENSG00000248734.1 5 96120481 96120481 + 9 746541 5_internal_9168 5 96867022 96884939 89 89.1564 1.08348 10.3134 0.143875 -0.156816 0.761194 0.773718
ENSG00000164307.7 5 96143803 96143803 - 9 467386 5_internal_13997 5 95237388 95676417 89 83.2637 1.12141 9.05083 0.0359251 0.211061 0.303483 0.27286
ENSG00000164308.12 5 96211643 96211643 + 8 173004 5_internal_11694 5 96384647 96435100 89 93.3631 0.98468 7.7354 0.208235 -0.135314 0.810945 0.821383
ENSG00000113441.11 5 96271098 96271098 + 8 -337882 5_internal_10835 5 95929229 95933216 89 94.6668 0.951281 8.21415 0.0437844 -0.210003 0.298507 0.291621
ENSG00000247121.2 5 96271513 96271513 - 8 338297 5_internal_10835 5 95929229 95933216 89 102.28 0.832218 8.34388 0.0331216 0.2244 0.208955 0.241891
ENSG00000227836.1 5 96278003 96278003 + 8 -601586 5_internal_13997 5 95237388 95676417 89 88.1656 0.999911 7.43803 0.00487534 -0.295061 0.0597015 0.0371918
ENSG00000213702.2 5 96371586 96371586 + 8 -438370 5_internal_10835 5 95929229 95933216 89 91.6074 0.987522 8.45139 0.00604932 -0.294808 0.0547264 0.0462744
ENSG00000213701.4 5 96393062 96393062 - 8 -473960 5_internal_9168 5 96867022 96884939 89 75.1285 1.01678 6.47378 0.170112 -0.142206 0.756219 0.773647
ENSG00000251606.1 5 96424779 96424779 + 8 -372573 5_internal_13509 5 95949198 96052206 89 112.189 0.870054 8.68975 0.0157205 0.240881 0.114428 0.0854344
ENSG00000145721.7 5 96478576 96478576 - 8 426370 5_internal_13509 5 95949198 96052206 89 81.9078 1.05037 7.46527 0.0568797 0.188247 0.402985 0.38469
ENSG00000206698.1 5 96511817 96511817 - 8 835400 5_internal_13997 5 95237388 95676417 89 88.9826 1.07393 7.92465 0.345363 -0.106495 0.945274 0.960319
ENSG00000058729.6 5 96518964 96518964 - 8 884147 5_internal_10033 5 95259063 95634817 89 83.7852 1.07051 7.32001 0.0594024 -0.200213 0.383085 0.367937
ENSG00000238000.1 5 97549106 97549106 + 3 776229 5_internal_11392 5 98325335 98338590 89 69.5834 1.00011 2.62798 0.0864661 0.164991 0.283582 0.306136
ENSG00000176183.8 5 97674448 97674448 + 4 -789509 5_internal_9168 5 96867022 96884939 89 77.0059 1.00007 3.40595 0.0293532 -0.232209 0.139303 0.138382
ENSG00000174136.7 5 98104354 98104354 + 3 220981 5_internal_11392 5 98325335 98338590 89 88.548 0.999943 2.9971 0.0635911 0.198169 0.18408 0.180549
ENSG00000246763.2 5 98109173 98109173 - 3 -216162 5_internal_11392 5 98325335 98338590 89 87.7832 1.00005 2.87701 0.0693488 0.196667 0.20398 0.191653
ENSG00000222610.1 5 98225435 98225435 + 3 99900 5_internal_11392 5 98325335 98338590 89 88.0439 1 3.06523 0.0163612 0.270152 0.0447761 0.051056
ENSG00000153922.6 5 98262240 98262240 - 3 -380759 5_internal_10223 5 98642999 98653620 89 89.2955 1.00002 2.81429 0.090346 0.173234 0.243781 0.232654
ENSG00000248489.1 5 98264875 98264875 + 3 378124 5_internal_10223 5 98642999 98653620 89 91.9898 1.00005 3.01454 0.284063 0.12528 0.60199 0.622371
ENSG00000247877.2 5 99870966 99870966 - 4 -301702 5_internal_9568 5 100172668 100227790 89 95.5533 0.99998 3.52539 0.125666 0.152023 0.333333 0.343423
ENSG00000174132.7 5 99871009 99871009 + 4 310549 5_internal_9963 5 100181558 100237590 89 95.9879 0.999914 4.33753 0.178218 0.145342 0.532338 0.535433
ENSG00000113532.7 5 100238970 100238970 - 4 0 5_internal_11007 5 100161062 101859679 89 98.0564 0.999954 4.08491 0.0339078 0.244645 0.154229 0.101826
ENSG00000173930.8 5 101632253 101632253 - 5 -456868 5_internal_12835 5 102089121 102210273 89 105.653 0.962542 6.06886 0.102776 0.183491 0.378109 0.395986
ENSG00000145730.16 5 102089685 102089685 + 6 0 5_internal_12835 5 102089121 102210273 89 89.0521 0.981962 6.31635 1.21512e-06 0.473556 0.00497512 9.483e-06
ENSG00000175749.11 5 102368080 102368080 + 6 -157807 5_internal_12835 5 102089121 102210273 89 85.5061 1.00007 5.50335 0.0737572 0.198394 0.358209 0.366819
ENSG00000145725.13 5 102455853 102455853 + 6 272064 5_internal_10625 5 102727917 102811674 89 89.9213 0.971727 6.12708 0.174861 -0.14412 0.701493 0.697262
ENSG00000145723.12 5 102455855 102455855 - 6 596176 5_internal_11007 5 100161062 101859679 89 93.0154 1.07121 7.50412 0.178203 0.144768 0.706468 0.726879
ENSG00000181751.5 5 102594403 102594403 + 6 -384130 5_internal_12835 5 102089121 102210273 89 84.3414 1.00007 5.47653 0.0694119 -0.183123 0.378109 0.355849
ENSG00000112874.5 5 102898494 102898494 - 5 345061 5_internal_9250 5 102547129 102553433 89 89.2955 1.00009 4.67575 0.29437 -0.117843 0.79602 0.803053
ENSG00000145743.10 5 107717799 107717799 - 5 991447 5_internal_8654 5 106694917 106726352 89 96.6137 0.888635 5.45021 0.0936692 0.183356 0.393035 0.421512
ENSG00000244245.1 5 107929310 107929310 + 2 203452 5_internal_10183 5 108132762 108137940 89 93.0328 1 1.87393 0.0484541 0.21684 0.0895522 0.0801603
ENSG00000151422.8 5 108083523 108083523 + 5 942391 5_internal_9921 5 109025914 109099171 89 84.4631 1.00003 5.07308 0.346809 -0.107499 0.900498 0.895633
ENSG00000176857.4 5 108388158 108388158 - 6 250218 5_internal_10183 5 108132762 108137940 89 88.5133 1.07617 6.41345 0.445491 0.0823527 0.985075 0.974251
ENSG00000249476.1 5 108662070 108662070 - 6 -415637 5_internal_10503 5 109077707 109086486 89 77.9967 1.00007 5.42212 0.110403 0.156211 0.522388 0.545072
ENSG00000198961.5 5 108745695 108745695 - 6 -208198 5_internal_9675 5 108953893 109028409 89 92.3549 1.01815 6.02788 0.128016 -0.165624 0.522388 0.532398
ENSG00000112893.5 5 109025067 109025067 + 6 847 5_internal_9921 5 109025914 109099171 89 108.486 0.888528 6.77075 4.88427e-05 0.400623 0.00497512 0.000153961
ENSG00000202512.1 5 109035535 109035535 - 6 -261847 5_internal_10273 5 109297382 109337469 89 88.3742 0.999922 5.37929 0.127821 -0.181794 0.482587 0.524845
ENSG00000249068.1 5 109176393 109176393 - 4 147984 5_internal_9675 5 108953893 109028409 89 86.2014 1.00009 3.76764 0.0436125 0.215262 0.159204 0.16609
ENSG00000164209.12 5 110073837 110073837 + 8 -736368 5_internal_10273 5 109297382 109337469 89 94.3887 0.95633 8.10252 0.107686 -0.19517 0.562189 0.584079
ENSG00000186952.10 5 110074657 110074657 - 8 -331297 5_internal_11349 5 110405954 110413898 89 81.0734 1.04418 6.63796 0.0360175 0.221066 0.243781 0.24717
ENSG00000248966.1 5 110286479 110286479 - 7 -752356 5_internal_9771 5 111038835 111454509 89 86.3057 1.04212 6.30741 0.258491 0.120455 0.860697 0.848758
ENSG00000134987.7 5 110427414 110427414 + 6 611421 5_internal_9771 5 111038835 111454509 89 83.6809 0.999994 4.94493 0.0738821 0.200627 0.383085 0.348956
ENSG00000214784.4 5 110528740 110528740 - 6 -510095 5_internal_9771 5 111038835 111454509 89 81.1256 1.00007 5.21754 0.215414 -0.138414 0.746269 0.756223
ENSG00000152495.6 5 110559351 110559351 + 6 18863 5_internal_12421 5 110578214 110621915 89 88.0266 1.00008 5.97595 6.73813e-05 0.441034 0.00497512 0.000441244
ENSG00000249318.1 5 110605787 110605787 - 6 0 5_internal_12421 5 110578214 110621915 89 90.2689 1.02404 6.14781 0.0262961 0.233747 0.134328 0.137801
ENSG00000248268.1 5 110638265 110638265 - 6 16350 5_internal_12421 5 110578214 110621915 89 84.4631 0.994832 5.88143 0.00915644 0.262481 0.0646766 0.0647488
ENSG00000246859.2 5 110847924 110847924 + 6 -226009 5_internal_12421 5 110578214 110621915 89 82.0816 1.0001 4.73488 0.00334797 0.324675 0.0199005 0.0227472
ENSG00000164211.8 5 110848288 110848288 - 6 0 5_internal_11992 5 110845663 110869919 89 86.5838 0.999908 5.22463 0.00415161 0.313202 0.0298507 0.0243145
ENSG00000134986.9 5 111333161 111333161 - 9 711246 5_internal_12421 5 110578214 110621915 89 89.2086 0.977623 8.55423 0.0220699 0.249311 0.18408 0.180872
ENSG00000224032.2 5 111496223 111496223 + 8 797687 5_internal_11908 5 112293910 112297429 89 101.046 0.908351 9.72009 0.0727637 0.188874 0.472637 0.472764
ENSG00000238363.1 5 111497182 111497182 + 8 -627263 5_internal_11992 5 110845663 110869919 89 91.6596 0.921556 7.7725 0.156077 0.159776 0.736318 0.744616
ENSG00000129595.7 5 111755013 111755013 - 8 -183683 5_internal_8669 5 111938696 111970879 89 84.4805 1.0681 7.72066 0.167797 -0.1231 0.761194 0.761868
ENSG00000134982.11 5 112043195 112043195 + 7 -588686 5_internal_9771 5 111038835 111454509 89 86.7402 0.997331 7.61968 0.067357 0.206109 0.447761 0.430492
ENSG00000250045.2 5 112113858 112113858 - 7 242860 5_internal_8538 5 111855588 111870998 89 86.6012 0.939604 5.98501 0.132907 0.170539 0.606965 0.615473
ENSG00000258864.1 5 112162910 112162910 + 6 -291912 5_internal_8538 5 111855588 111870998 89 82.8639 1.08599 6.25762 0.179017 0.160743 0.726368 0.714291
ENSG00000153037.7 5 112196885 112196885 + 6 431864 5_internal_9402 5 112628749 112715519 89 79.057 1.00009 5.27447 0.285389 -0.125972 0.845771 0.863177
ENSG00000249947.2 5 112220791 112220791 + 6 407958 5_internal_9402 5 112628749 112715519 89 111.111 0.942718 6.21749 0.318725 -0.106355 0.875622 0.864646
ENSG00000212643.1 5 112227313 112227313 + 6 706474 5_internal_10834 5 112933787 112942582 89 92.0072 0.991403 6.72788 0.0883503 -0.161791 0.437811 0.446271
ENSG00000129625.8 5 112258236 112258236 - 6 -35674 5_internal_11908 5 112293910 112297429 89 116.517 0.89999 7.21949 0.0354817 0.222334 0.124378 0.141766
ENSG00000172795.11 5 112312399 112312399 + 6 -14970 5_internal_11908 5 112293910 112297429 89 89.9039 1.00008 5.52006 0.0374404 0.228189 0.174129 0.185439
ENSG00000171444.12 5 112824527 112824527 - 5 853648 5_internal_8669 5 111938696 111970879 89 96.718 1.01207 5.80765 0.113258 -0.168181 0.41791 0.447444
ENSG00000047188.11 5 112849380 112849380 + 5 -978382 5_internal_8538 5 111855588 111870998 89 89.9734 0.999931 4.64645 0.0236274 0.236896 0.0746269 0.101954
ENSG00000248175.1 5 114541943 114541943 - 4 -243936 5_internal_11892 5 114785879 114809393 89 86.549 1.00004 3.94416 0.03502 -0.214203 0.159204 0.140427
