ENSG00000142731.6 4 128802016 128802016 + 3 987412 4_internal_7966 4 129789428 129802230 89 88.8436 0.999947 3.21796 0.190692 -0.143692 0.497512 0.494622
ENSG00000164074.9 4 128886461 128886461 + 4 959522 4_internal_9384 4 129845983 129852689 89 94.9797 0.999964 4.22415 0.273435 0.117406 0.701493 0.716198
ENSG00000164073.5 4 128887150 128887150 - 4 -192655 4_internal_9846 4 129079805 129083183 89 81.143 1.00007 3.34132 0.066674 -0.201876 0.233831 0.243185
ENSG00000138709.13 4 128982423 128982423 + 4 807005 4_internal_7966 4 129789428 129802230 89 82.5857 1.00008 3.43296 0.0207841 0.244906 0.0696517 0.0863802
ENSG00000241651.3 4 128990767 128990767 - 4 -89038 4_internal_9846 4 129079805 129083183 89 86.0797 0.999925 3.99212 0.391892 -0.0908954 0.890547 0.869733
ENSG00000164040.11 4 129209984 129209984 - 4 -579444 4_internal_7966 4 129789428 129802230 89 86.0275 0.999898 4.12226 0.0304988 -0.243293 0.139303 0.130806
ENSG00000251432.2 4 129213906 129213906 + 4 -130723 4_internal_9846 4 129079805 129083183 89 97.1699 0.99999 4.46161 0.30562 0.104945 0.756219 0.775174
ENSG00000077684.11 4 129730779 129730779 + 6 15034 4_internal_10068 4 129745813 129881049 89 99.9338 0.967721 6.37311 0.0447121 0.209306 0.20398 0.206968
ENSG00000151470.7 4 130014472 130014472 + 6 -133423 4_internal_10068 4 129745813 129881049 89 88.0613 0.940701 5.79459 0.13325 -0.152747 0.58209 0.595279
ENSG00000151466.7 4 130014764 130014764 - 6 133715 4_internal_10068 4 129745813 129881049 89 90.7383 0.975346 5.30623 0.0823221 0.187036 0.333333 0.366602
ENSG00000250144.1 4 135966619 135966619 + 0 NA NA NA NA NA NA NA NA NA NA NA NA NA
ENSG00000189184.7 4 138453648 138453648 - 3 -702868 4_internal_7847 4 139156516 139328991 89 83.2811 1.00007 2.73556 0.0111583 0.280671 0.0497512 0.0381299
ENSG00000151012.9 4 139163503 139163503 - 9 -652133 4_internal_10551 4 139815636 139972223 89 98.6996 1.0089 10.6266 0.0141335 -0.250188 0.0945274 0.0964917
ENSG00000151014.4 4 139936943 139936943 + 17 934446 4_internal_8265 4 140871389 140903881 89 85.9059 0.972949 15.4769 0.111018 0.171904 0.850746 0.861408
ENSG00000252503.1 4 139976629 139976629 + 18 97717 4_internal_8867 4 140074346 140101834 89 98.717 0.982884 23.0247 0.0517551 0.188472 0.631841 0.620935
ENSG00000179967.10 4 140036528 140036528 - 19 -37818 4_internal_8867 4 140074346 140101834 89 91.6596 0.925258 17.6815 0.117126 0.155911 0.890547 0.891405
ENSG00000109381.14 4 140098372 140098372 - 19 0 4_internal_9303 4 140062165 140228953 89 95.7967 1.01904 24.0358 0.0347045 0.234426 0.487562 0.49094
ENSG00000137463.4 4 140201492 140201492 - 19 -684161 4_internal_7904 4 140885653 140890493 89 90.3906 0.94033 18.434 0.0330648 -0.229065 0.512438 0.477279
ENSG00000164134.7 4 140222609 140222609 + 19 355196 4_internal_8684 4 140577805 140590120 89 83.3506 1.0819 19.5223 0.0706509 0.183375 0.800995 0.781286
ENSG00000109390.7 4 140223705 140223705 - 19 0 4_internal_9303 4 140062165 140228953 89 98.943 0.982462 23.3564 0.00685719 0.287251 0.0945274 0.101538
ENSG00000200520.1 4 140239532 140239532 + 19 631857 4_internal_8265 4 140871389 140903881 89 84.7586 1.02717 17.439 0.185642 0.142325 0.970149 0.976755
ENSG00000248863.1 4 140352037 140352037 - 18 163228 4_internal_10661 4 140155419 140188809 89 96.7875 0.880944 19.5486 0.0423289 -0.213614 0.532338 0.551885
ENSG00000239005.1 4 140357648 140357648 - 18 -82267 4_internal_7540 4 140439915 140447434 89 87.2617 0.986637 16.5431 0.0161211 -0.258848 0.258706 0.255277
ENSG00000172007.5 4 140374386 140374386 + 18 -272552 4_internal_8867 4 140074346 140101834 89 96.4572 0.917491 19.7834 0.0544407 -0.197945 0.626866 0.636137
ENSG00000249302.1 4 140467505 140467505 + 17 110989 4_internal_8432 4 140578494 140766629 89 84.0285 0.933815 13.7544 0.0845625 0.177364 0.756219 0.764301
ENSG00000145391.7 4 140477928 140477928 - 17 -100566 4_internal_8432 4 140578494 140766629 89 70.383 1.08271 11.3077 0.0305063 0.21791 0.442786 0.431385
ENSG00000085871.4 4 140586922 140586922 + 17 0 4_internal_8684 4 140577805 140590120 89 75.0068 1.14687 12.6725 5.38616e-05 0.377899 0.00995025 0.00105203
ENSG00000178458.4 4 140619708 140619708 - 18 715821 4_internal_7905 4 139898379 139903887 89 79.3873 1.10158 14.8062 0.116164 -0.176008 0.875622 0.870056
ENSG00000250698.1 4 141049169 141049169 + 16 -20889 4_internal_8255 4 141023574 141028280 89 97.1178 0.841325 14.4863 0.0310804 -0.234173 0.40796 0.378637
ENSG00000196782.7 4 141075338 141075338 - 16 463054 4_internal_9381 4 140603294 140612284 89 74.8678 1.07607 12.6095 0.0599062 -0.203068 0.626866 0.642019
ENSG00000153130.12 4 141178440 141178440 + 15 -989631 4_internal_10661 4 140155419 140188809 89 94.8232 0.973296 16.2386 0.0117371 0.286929 0.144279 0.149459
ENSG00000241923.2 4 141288015 141288015 - 15 -470355 4_internal_8277 4 141758370 141771206 89 95.6924 0.910292 16.0269 0.0748978 0.181882 0.691542 0.69411
ENSG00000196951.5 4 141294514 141294514 - 15 -953236 4_internal_7844 4 142247750 142257889 89 91.8855 0.969653 15.0364 0.155039 0.16003 0.910448 0.915312
ENSG00000179387.4 4 141445312 141445312 + 15 782961 4_internal_7948 4 142228273 142275079 89 86.2883 1.02037 13.0967 0.0684512 0.192298 0.59204 0.62001
ENSG00000109436.7 4 141677274 141677274 - 13 -879388 4_internal_7926 4 142556662 142569893 89 89.7648 0.986093 12.2276 0.0171306 -0.235516 0.18408 0.190964
ENSG00000109445.6 4 142142041 142142041 + 6 -370835 4_internal_8277 4 141758370 141771206 89 101.724 0.997141 6.46408 0.19114 -0.138994 0.691542 0.682285
ENSG00000164136.12 4 142557752 142557752 + 8 0 4_internal_7926 4 142556662 142569893 89 77.6316 1.11813 6.45441 1.14246e-09 0.590171 0.00497512 1.18899e-08
ENSG00000242134.2 4 143208778 143208778 - 7 -357598 4_internal_8545 4 143566376 143629348 89 100.177 1.01462 7.15874 0.398921 0.0959021 0.960199 0.962707
ENSG00000250835.1 4 143238391 143238391 + 7 641918 4_internal_7450 4 143880309 144005503 89 91.7986 1.00568 6.39797 0.361284 0.108161 0.940299 0.938219
ENSG00000251248.1 4 143435599 143435599 + 6 444710 4_internal_7450 4 143880309 144005503 89 84.4283 0.999917 5.64196 0.0577682 0.188045 0.333333 0.314099
ENSG00000249806.1 4 143487172 143487172 + 6 816374 4_internal_8321 4 144303546 144313517 89 91.59 1.03576 6.78018 0.0192398 0.254152 0.119403 0.10343
ENSG00000109452.8 4 143768585 143768585 - 5 467325 4_internal_8513 4 143285529 143301260 89 85.8016 0.999909 4.43703 0.0214486 0.256415 0.109453 0.10197
ENSG00000250326.1 4 144106014 144106014 - 5 476666 4_internal_8545 4 143566376 143629348 89 95.7619 1.00001 4.94562 0.101599 0.178105 0.378109 0.370727
ENSG00000170185.5 4 144106070 144106070 + 5 -100567 4_internal_7450 4 143880309 144005503 89 83.6461 1.00006 4.58602 0.0573374 -0.207453 0.273632 0.266754
ENSG00000109458.4 4 144257915 144257915 + 5 -794869 4_internal_8362 4 143324152 143463046 89 86.1666 1.00008 4.41126 0.449203 0.0781621 0.925373 0.932117
ENSG00000228981.3 4 144271270 144271270 - 6 641922 4_internal_8545 4 143566376 143629348 89 79.874 0.999893 5.30925 0.257371 0.113384 0.840796 0.829602
ENSG00000153147.5 4 144434616 144434616 + 5 -121099 4_internal_8321 4 144303546 144313517 89 85.2279 1.00004 4.4211 0.00293431 -0.339463 0.00995025 0.0158546
ENSG00000245112.2 4 144435788 144435788 - 5 972742 4_internal_8362 4 143324152 143463046 89 91.3467 0.999879 5.06937 0.160132 -0.155251 0.61194 0.573478
ENSG00000248924.1 4 144476736 144476736 - 4 163219 4_internal_8321 4 144303546 144313517 89 80.5346 1.0001 4.05423 0.114066 -0.166876 0.447761 0.439047
ENSG00000236296.2 4 144480625 144480625 + 4 777473 4_internal_8797 4 145258098 145816059 89 81.6992 0.999965 4.11517 0.147109 -0.161448 0.532338 0.523683
ENSG00000246448.2 4 144621410 144621410 + 4 636688 4_internal_8797 4 145258098 145816059 89 89.4867 1.0001 4.41443 0.232891 -0.129388 0.696517 0.687423
ENSG00000183090.5 4 144621828 144621828 - 4 616325 4_internal_7450 4 143880309 144005503 89 96.4746 1.00004 5.0056 0.145012 -0.157114 0.522388 0.499354
ENSG00000250345.1 4 144683238 144683238 - 3 -574860 4_internal_8797 4 145258098 145816059 89 90.6166 1.00001 3.10474 0.491399 -0.0741925 0.880597 0.874466
ENSG00000197465.9 4 144826716 144826716 - 3 -431382 4_internal_8797 4 145258098 145816059 89 91.3988 0.999968 2.97929 0.560034 -0.0624437 0.925373 0.910251
ENSG00000249741.1 4 144833208 144833208 - 3 519691 4_internal_8321 4 144303546 144313517 89 69.3053 1.00001 2.19555 0.575209 0.0575034 0.870647 0.881331
ENSG00000251600.1 4 144833484 144833484 + 3 -519967 4_internal_8321 4 144303546 144313517 89 86.1145 0.999896 3.04537 0.198652 -0.143293 0.522388 0.50494
ENSG00000222594.1 4 145956284 145956284 + 3 -140225 4_internal_8797 4 145258098 145816059 89 84.0459 0.999909 2.6398 0.316443 -0.0977725 0.676617 0.653116
ENSG00000164163.6 4 146019084 146019084 + 4 518766 4_internal_11228 4 146537850 146774376 89 78.7615 0.999905 3.74575 0.538893 -0.0726675 0.945274 0.955134
ENSG00000164162.8 4 146019693 146019693 - 4 203634 4_internal_8797 4 145258098 145816059 89 76.2236 0.999969 3.80398 0.0578093 0.222495 0.278607 0.269647
ENSG00000238713.1 4 146070801 146070801 - 4 -467049 4_internal_11228 4 146537850 146774376 89 84.3936 0.999956 4.07922 0.748147 -0.0337065 0.99005 0.996754
ENSG00000164164.11 4 146101313 146101313 - 4 -299397 4_internal_8427 4 146400710 146409998 89 102.02 1.00001 4.55396 0.0493329 0.22393 0.169154 0.150818
ENSG00000170365.5 4 146402346 146402346 + 6 -586287 4_internal_8797 4 145258098 145816059 89 90.6861 0.972474 5.86974 0.0185424 0.25073 0.104478 0.105595
ENSG00000151611.9 4 146539415 146539415 + 6 -129417 4_internal_8427 4 146400710 146409998 89 87.592 0.937673 5.6757 0.106989 0.176616 0.492537 0.51235
ENSG00000249245.1 4 146547187 146547187 - 6 731128 4_internal_8797 4 145258098 145816059 89 108.521 0.854327 6.07505 0.061432 0.198358 0.263682 0.277923
ENSG00000248356.1 4 146571776 146571776 - 6 -399221 4_internal_8588 4 146970997 147163254 89 91.1729 0.947553 6.75988 0.151974 0.166507 0.686567 0.679187
ENSG00000251687.1 4 146754270 146754270 + 6 216727 4_internal_8588 4 146970997 147163254 89 89.0695 0.876997 5.52318 0.163414 0.151273 0.656716 0.676393
ENSG00000151612.11 4 146859787 146859787 - 5 449789 4_internal_8427 4 146400710 146409998 89 76.015 1.00001 4.12378 0.0189058 0.258375 0.104478 0.118528
ENSG00000164167.5 4 147096837 147096837 + 5 154347 4_internal_8447 4 147251184 147256206 89 91.2771 1.00008 4.98048 0.113983 -0.174095 0.432836 0.43851
ENSG00000250673.1 4 147145709 147145709 + 5 105475 4_internal_8447 4 147251184 147256206 89 100.316 0.999993 5.85497 0.0302147 -0.221213 0.149254 0.118728
ENSG00000120519.10 4 147443123 147443123 - 4 186917 4_internal_8447 4 147251184 147256206 89 88.774 1.00004 3.84987 0.13032 0.151034 0.462687 0.41708
ENSG00000164168.3 4 148538534 148538534 + 1 386750 4_internal_10601 4 148925284 149367645 89 91.1729 0.999932 1.07752 0.717562 0.0411591 0.741294 0.740724
ENSG00000164169.8 4 148605381 148605381 - 1 -319903 4_internal_10601 4 148925284 149367645 89 63.5516 1.00005 1.07658 0.368975 0.0967166 0.487562 0.47281
ENSG00000071205.7 4 148653214 148653214 + 1 272070 4_internal_10601 4 148925284 149367645 89 76.1193 1.00006 0.833561 0.0608418 0.194382 0.0746269 0.0697693
ENSG00000250354.1 4 149067622 149067622 + 1 0 4_internal_10601 4 148925284 149367645 89 70.2961 1.00001 0.991657 0.0486487 0.215199 0.0547264 0.0793099
ENSG00000151623.10 4 149365850 149365850 - 1 0 4_internal_10601 4 148925284 149367645 89 92.9633 1.00004 0.969666 0.182059 0.144698 0.159204 0.167789
ENSG00000170390.10 4 150999426 150999426 + 0 NA NA NA NA NA NA NA NA NA NA NA NA NA
ENSG00000248521.1 4 151344794 151344794 - 1 -900841 4_internal_9931 4 152245635 152342041 89 83.733 0.999978 0.856427 0.453822 0.0790301 0.38806 0.417154
ENSG00000249690.1 4 151500241 151500241 + 1 745394 4_internal_9931 4 152245635 152342041 89 73.6162 0.999938 0.883413 0.64569 0.0505571 0.626866 0.630546
ENSG00000181541.4 4 151503077 151503077 + 1 742558 4_internal_9931 4 152245635 152342041 89 94.858 0.999977 1.01808 0.589856 0.0575198 0.616915 0.584339
ENSG00000183432.6 4 151642133 151642133 + 1 603502 4_internal_9931 4 152245635 152342041 89 84.4631 0.999985 1.03382 0.627897 -0.0523247 0.636816 0.649089
ENSG00000198589.6 4 151936879 151936879 - 2 -871046 4_internal_11032 4 152807925 153180449 89 74.4854 1.00002 1.93596 0.613142 -0.0568152 0.855721 0.864508
ENSG00000145425.5 4 152020725 152020725 + 2 224910 4_internal_9931 4 152245635 152342041 89 85.9754 0.999931 1.93873 0.325943 -0.109586 0.552239 0.54575
ENSG00000201264.1 4 152023209 152023209 + 2 784716 4_internal_11032 4 152807925 153180449 89 88.1135 0.999954 1.97698 0.477368 -0.0767277 0.751244 0.725076
ENSG00000208797.1 4 152024979 152024979 + 2 220656 4_internal_9931 4 152245635 152342041 89 67.0629 0.999891 1.77332 0.602069 0.0535873 0.845771 0.845484
ENSG00000109686.11 4 152149182 152149182 - 2 -658743 4_internal_11032 4 152807925 153180449 89 79.5264 0.99997 1.76256 0.165879 0.153066 0.293532 0.310893
ENSG00000164142.11 4 152330368 152330368 + 3 947304 4_internal_8314 4 153277672 153281618 89 96.3182 1.00009 2.75846 0.0983599 0.190476 0.21393 0.218382
ENSG00000251603.1 4 152588376 152588376 + 9 219549 4_internal_11032 4 152807925 153180449 89 100.942 0.909186 8.79855 0.00268193 0.274786 0.039801 0.0186393
ENSG00000251455.1 4 152595635 152595635 + 9 782902 4_internal_7853 4 153378537 153399193 89 95.8141 0.967004 9.4895 0.00438966 -0.299131 0.039801 0.0331484
ENSG00000059691.7 4 152682175 152682175 - 10 -696362 4_internal_7853 4 153378537 153399193 89 105.705 0.848338 11.3285 0.0914873 -0.183111 0.587065 0.608753
ENSG00000245954.2 4 153021906 153021906 + 12 388330 4_internal_9029 4 153410236 153447011 89 90.7209 1.09846 12.3469 0.0269817 0.252178 0.268657 0.232752
ENSG00000264678.1 4 153410568 153410568 - 14 -469327 4_internal_8384 4 153879895 153967263 89 93.9889 0.826646 12.466 0.195724 0.135801 0.930348 0.942142
ENSG00000109670.8 4 153456172 153456172 - 14 -41948 4_internal_9592 4 153498120 153657066 89 89.591 0.947786 13.7581 0.16631 -0.15529 0.920398 0.923493
ENSG00000268471.1 4 153457416 153457416 + 14 911824 4_internal_10255 4 154369240 154387494 89 79.9436 1.07542 12.9373 0.103879 0.17659 0.79602 0.797614
ENSG00000263408.1 4 153457580 153457580 + 14 900458 4_internal_10910 4 154358038 154471266 89 95.1188 0.866915 13.4988 0.169177 0.140604 0.945274 0.918663
ENSG00000243417.1 4 153473516 153473516 - 14 -25400 4_internal_7525 4 153498916 153619350 89 97.3437 0.992286 16.2572 0.0242951 0.248827 0.263682 0.264745
ENSG00000240669.1 4 153535485 153535485 - 14 0 4_internal_7525 4 153498916 153619350 89 80.2391 1.04583 11.6677 0.0309133 -0.229677 0.348259 0.361353
ENSG00000248571.1 4 153587520 153587520 + 14 -188327 4_internal_7853 4 153378537 153399193 89 95.0318 0.905288 14.3981 0.0533613 0.206387 0.532338 0.537222
ENSG00000170006.7 4 153601317 153601317 - 15 -453767 4_internal_8883 4 154055084 154061027 89 83.1246 1.02065 13.4945 0.0700272 -0.203651 0.686567 0.667441
ENSG00000169989.2 4 153700916 153700916 - 15 81566 4_internal_7525 4 153498916 153619350 89 85.5408 1.0451 15.5644 0.0358636 -0.240406 0.477612 0.446216
ENSG00000164144.10 4 153701089 153701089 + 15 -81739 4_internal_7525 4 153498916 153619350 89 94.9971 0.972717 16.508 0.0175088 -0.266187 0.21393 0.219914
ENSG00000250980.1 4 153717983 153717983 - 16 294299 4_internal_7725 4 153400520 153423684 89 77.3535 1.18011 14.7977 0.0378704 0.227879 0.472637 0.47388
ENSG00000231841.1 4 153848598 153848598 + 17 -401587 4_internal_9029 4 153410236 153447011 89 98.1434 0.90306 18.5307 0.0610501 0.199725 0.656716 0.64934
ENSG00000137460.4 4 153857504 153857504 + 17 851846 4_internal_10568 4 154709350 155666024 89 86.7402 1.13979 19.2724 0.0162021 0.252708 0.243781 0.232161
ENSG00000109654.10 4 154073494 154073494 + 17 -564567 4_internal_9222 4 153457579 153508927 89 86.6881 1.09615 17.9551 0.00259897 0.304662 0.0298507 0.037473
ENSG00000121211.3 4 154265801 154265801 + 16 331593 4_internal_9973 4 154597394 154618662 89 76.7277 1.06132 12.8908 0.0903959 0.185646 0.79602 0.778313
ENSG00000121210.11 4 154387498 154387498 + 15 0 4_internal_10910 4 154358038 154471266 89 85.5756 1.10149 15.4157 0.00625581 0.271014 0.0746269 0.0823511
ENSG00000137462.6 4 154622652 154622652 + 9 -3990 4_internal_9973 4 154597394 154618662 89 89.5389 1.01551 8.89949 0.0192868 0.25195 0.159204 0.151125
ENSG00000249309.1 4 154641479 154641479 + 9 -170213 4_internal_10910 4 154358038 154471266 89 95.6055 0.985816 9.47521 0.157494 0.159959 0.766169 0.772223
ENSG00000145428.10 4 154681387 154681387 - 8 62725 4_internal_9973 4 154597394 154618662 89 86.5838 1.05469 7.35197 0.0887365 0.186222 0.492537 0.488215
ENSG00000200350.1 4 155465189 155465189 - 4 993923 4_internal_10910 4 154358038 154471266 89 96.9961 0.999932 5.04512 0.0610009 -0.19918 0.218905 0.2298
ENSG00000171566.7 4 155471587 155471587 - 3 599324 4_internal_7309 4 154807294 154872263 89 88.8088 1.00003 3.22748 0.183881 0.137957 0.477612 0.481938
ENSG00000250910.2 4 156226119 156226119 + 1 -560095 4_internal_10568 4 154709350 155666024 89 86.323 1.00008 0.966575 0.194479 0.136557 0.18408 0.195316
ENSG00000164114.14 4 156298122 156298122 - 1 632098 4_internal_10568 4 154709350 155666024 89 71.652 1.00004 0.982235 0.260058 0.116177 0.343284 0.307956
ENSG00000164116.12 4 156587863 156587863 + 1 -921839 4_internal_10568 4 154709350 155666024 89 91.1729 0.999984 0.978027 0.0406321 -0.219635 0.039801 0.0374203
ENSG00000260244.1 4 156655600 156655600 + 1 -989576 4_internal_10568 4 154709350 155666024 89 102.524 0.99998 1.15918 0.0478589 -0.213521 0.039801 0.0388865
ENSG00000061918.8 4 156680144 156680144 + 0 NA NA NA NA NA NA NA NA NA NA NA NA NA
ENSG00000256043.2 4 156875069 156875069 - 2 -934686 4_internal_10627 4 157809755 157894372 89 89.1564 1 1.792 0.66672 -0.0474144 0.860697 0.860196
ENSG00000145431.6 4 157892546 157892546 - 2 0 4_internal_8234 4 157720383 157998146 89 127.346 0.999964 3.07306 0.628157 -0.0511786 0.915423 0.920911
ENSG00000171503.7 4 159593277 159593277 + 10 -495312 4_internal_10367 4 158907549 159097965 89 97.6393 0.955817 12.5549 0.0588276 0.192754 0.442786 0.48037
ENSG00000205208.4 4 159593407 159593407 - 10 -602050 4_internal_7748 4 160195457 160200776 89 96.8049 0.927644 10.1874 0.122002 0.168666 0.696517 0.710776
ENSG00000212300.1 4 159621843 159621843 + 10 103759 4_internal_7478 4 159725602 159741154 89 78.5355 1.14722 9.75516 0.0808509 0.168918 0.616915 0.587612
ENSG00000171497.4 4 159644548 159644548 - 10 609946 4_internal_7953 4 158953315 159034602 89 92.0594 1.0293 11.4416 0.0386769 -0.216502 0.323383 0.32496
ENSG00000052795.8 4 159690290 159690290 + 10 -655688 4_internal_7953 4 158953315 159034602 89 80.2912 1.06154 9.49312 0.0144159 -0.248645 0.159204 0.154692
ENSG00000164123.6 4 159959912 159959912 - 10 219455 4_internal_7050 4 159726188 159740457 89 86.184 0.943801 8.89001 0.0538958 0.209203 0.432836 0.438525
ENSG00000109756.4 4 160025330 160025330 + 10 -284176 4_internal_7478 4 159725602 159741154 89 84.6543 0.98559 9.59612 0.00121498 0.361669 0.0248756 0.0163357
ENSG00000250027.1 4 164029937 164029937 + 3 -742385 4_internal_7109 4 163195451 163287552 89 85.8016 1.00004 2.60307 0.320583 0.0975887 0.626866 0.646699
ENSG00000145414.4 4 164088073 164088073 - 3 800521 4_internal_7109 4 163195451 163287552 89 85.1584 0.999996 3.50955 0.136107 -0.162332 0.41791 0.422721
ENSG00000198498.5 4 164415594 164415594 + 2 92770 4_internal_7477 4 164508364 164590205 89 92.4418 0.999935 1.88761 0.0177424 0.245212 0.0447761 0.0293721
ENSG00000145416.9 4 165305202 165305202 - 6 -572443 4_internal_9457 4 165877645 165899215 89 95.3621 1.00354 6.41933 0.0578542 -0.202513 0.288557 0.276846
ENSG00000121089.4 4 165864442 165864442 + 4 13203 4_internal_9457 4 165877645 165899215 89 99.7773 0.999962 4.94803 0.40783 0.086489 0.895522 0.906586
ENSG00000250486.2 4 165878100 165878100 + 4 0 4_internal_9457 4 165877645 165899215 89 89 1.00005 4.1886 1.48319e-05 0.417657 0.00497512 6.20906e-05
ENSG00000248632.1 4 165891154 165891154 - 4 0 4_internal_9457 4 165877645 165899215 89 82.8639 0.999921 3.90544 1.14736e-12 0.726817 0.00497512 2.68194e-11
ENSG00000183439.5 4 165898820 165898820 - 4 0 4_internal_9457 4 165877645 165899215 89 80.8996 1.00003 3.61174 4.35723e-11 0.68469 0.00497512 1.20204e-09
ENSG00000240674.1 4 165933997 165933997 - 4 34782 4_internal_9457 4 165877645 165899215 89 93.9193 0.99993 4.30578 0.0558376 -0.185979 0.19403 0.196179
ENSG00000249617.1 4 165967121 165967121 + 4 281827 4_internal_8944 4 166248948 169553647 89 75.8586 1.00008 3.28912 0.215961 -0.127229 0.651741 0.617761
ENSG00000109466.9 4 166128770 166128770 + 4 -229555 4_internal_9457 4 165877645 165899215 89 82.7943 1.00008 3.91106 0.000609522 0.336021 0.00497512 0.00370757
ENSG00000170088.7 4 166129701 166129701 - 4 230486 4_internal_9457 4 165877645 165899215 89 82.8117 1.00005 3.62681 0.0188947 0.256123 0.0646766 0.0828644
ENSG00000229894.2 4 166201175 166201175 - 4 -47773 4_internal_8944 4 166248948 169553647 89 87.7137 0.999948 4.13492 0.0386978 0.208709 0.159204 0.155844
ENSG00000052802.8 4 166248775 166248775 + 4 0 4_internal_8631 4 166228277 166282261 89 97.4133 0.999978 4.43945 0.102645 0.170999 0.348259 0.334491
ENSG00000109511.6 4 169013666 169013666 + 5 696985 4_internal_7640 4 169710651 169722077 89 87.0879 0.999996 4.62812 0.0576337 0.203158 0.218905 0.250496
ENSG00000137628.12 4 169239958 169239958 - 6 -102848 4_internal_10093 4 169342806 169435857 89 90.1125 0.943944 6.09121 0.0495697 0.218698 0.278607 0.284352
ENSG00000129116.13 4 169418217 169418217 + 6 214467 4_internal_9335 4 169632684 169681888 89 99.8295 0.900584 5.70217 0.000496218 0.35703 0.00497512 0.00255947
ENSG00000181381.9 4 169458937 169458937 - 6 23080 4_internal_10093 4 169342806 169435857 89 73.3033 1 4.6286 0.0185903 0.244865 0.119403 0.142961
ENSG00000145439.7 4 169931426 169931426 - 8 495569 4_internal_10093 4 169342806 169435857 89 102.628 0.950812 9.6151 0.222418 0.137181 0.865672 0.877932
ENSG00000154447.10 4 170192256 170192256 - 8 638609 4_internal_8944 4 166248948 169553647 89 80.8822 1.15168 7.90085 0.116246 -0.160811 0.671642 0.623114
ENSG00000137601.11 4 170533780 170533780 - 7 0 4_internal_7298 4 170532677 170544199 89 86.2188 0.974303 6.50878 0.00814226 0.267119 0.0646766 0.0633961
ENSG00000109572.9 4 170533784 170533784 + 7 -736741 4_internal_8348 4 169768334 169797043 89 81.4385 0.974869 6.29442 0.0082224 -0.277202 0.0995025 0.0756269
ENSG00000056050.6 4 170679104 170679104 - 6 882061 4_internal_8348 4 169768334 169797043 89 82.3945 0.999964 4.89057 0.000658741 0.411559 0.00497512 0.00512826
ENSG00000198948.6 4 170954182 170954182 - 3 736740 4_internal_11146 4 170018947 170217442 89 98.6822 1.00002 3.35901 0.455856 0.0815376 0.835821 0.850608
ENSG00000109586.7 4 174089904 174089904 + 8 155384 4_internal_7614 4 174245288 174340708 89 81.0561 1.04949 8.03835 0.0449376 0.214151 0.368159 0.346687
ENSG00000245213.2 4 174090803 174090803 - 8 -330557 4_internal_7753 4 174421360 174431510 89 110.016 0.81632 10.1504 0.109117 -0.159071 0.616915 0.631231
ENSG00000248774.1 4 174250845 174250845 - 8 -728448 4_internal_7175 4 174979293 175041918 89 85.6451 1.05706 8.91856 0.107267 -0.177868 0.631841 0.638325
ENSG00000164104.7 4 174256276 174256276 - 8 -165084 4_internal_7753 4 174421360 174431510 89 94.9623 1.00115 8.42406 0.0876693 0.178295 0.482587 0.493375
ENSG00000164105.3 4 174291120 174291120 + 8 0 4_internal_7614 4 174245288 174340708 89 91.0164 0.988288 7.83498 0.205429 0.121336 0.81592 0.829415
ENSG00000242882.1 4 174341288 174341288 - 9 -80072 4_internal_7753 4 174421360 174431510 89 91.8855 1.00739 9.46824 0.202914 -0.129605 0.875622 0.871353
ENSG00000234801.2 4 174538057 174538057 - 9 197349 4_internal_7614 4 174245288 174340708 89 102.889 0.904445 8.61406 0.00665619 0.284183 0.0497512 0.0431325
ENSG00000164118.8 4 175204828 175204828 + 7 136299 4_internal_11420 4 175341127 175619188 89 98.1434 0.989212 8.30727 0.00130592 0.357502 0.00497512 0.00644826
ENSG00000164117.8 4 175205415 175205415 - 7 753315 4_internal_8011 4 174442796 174452100 89 80.6736 0.991794 6.53979 0.238007 -0.122009 0.850746 0.863807
ENSG00000164120.9 4 175444305 175444305 - 3 0 4_internal_11420 4 175341127 175619188 89 76.241 0.999905 2.70158 0.00208022 0.329983 0.00497512 0.0118462
ENSG00000150627.10 4 176986985 176986985 + 3 129326 4_internal_11561 4 177116311 178239824 89 99.8643 0.999968 3.5456 0.409234 0.0820358 0.80597 0.818366
ENSG00000129128.8 4 177241115 177241115 + 3 -304665 4_internal_7435 4 176922267 176936450 89 100.142 1.00006 3.61248 0.119855 0.179558 0.318408 0.313408
ENSG00000248980.1 4 177241609 177241609 - 3 305159 4_internal_7435 4 176922267 176936450 89 93.7977 0.999994 2.88375 0.213672 0.132259 0.497512 0.477715
ENSG00000109674.3 4 178230990 178230990 + 3 0 4_internal_11561 4 177116311 178239824 89 106.887 0.999964 2.98395 0.070617 0.184863 0.134328 0.135049
ENSG00000038002.4 4 178363657 178363657 - 3 39667 4_internal_8093 4 178313946 178323990 89 96.6484 0.999976 2.75634 1.86679e-06 0.522008 0.00497512 1.85521e-06
ENSG00000250131.1 4 178366133 178366133 + 3 -42143 4_internal_8093 4 178313946 178323990 89 93.0502 1.00002 3.11308 0.0578835 0.219424 0.179104 0.154379
ENSG00000129187.10 4 183839089 183839089 - 3 -180204 4_internal_7684 4 184019293 184116066 89 90.2168 0.999943 3.0794 0.164502 0.144394 0.427861 0.418955
ENSG00000151718.11 4 184020446 184020446 + 3 0 4_internal_7684 4 184019293 184116066 89 98.7518 1.00001 3.65986 2.46194e-06 0.490714 0.00497512 2.52689e-06
ENSG00000177300.5 4 184241927 184241927 - 6 125861 4_internal_7684 4 184019293 184116066 89 102.315 0.989081 6.73587 0.00129519 0.331907 0.00497512 0.00401386
ENSG00000168564.5 4 184365744 184365744 + 7 844241 4_internal_10953 4 185209985 185571960 89 81.2473 0.959584 6.30916 0.0425711 0.214313 0.323383 0.307761
ENSG00000213434.2 4 184404643 184404643 + 7 -563572 4_internal_7284 4 183727260 183841071 89 87.14 1.10671 7.48872 0.124577 -0.156591 0.616915 0.60081
ENSG00000232648.3 4 184425647 184425647 - 8 -784338 4_internal_10953 4 185209985 185571960 89 85.9059 1.11402 8.18789 0.119284 0.160605 0.641791 0.623808
ENSG00000168556.5 4 184426147 184426147 + 8 760449 4_internal_7794 4 185186596 185459896 89 86.4795 1.01446 8.71999 0.149218 -0.16146 0.771144 0.765635
ENSG00000252157.1 4 184574829 184574829 - 11 733758 4_internal_7284 4 183727260 183841071 89 103.688 0.85977 11.2362 0.0147646 0.230478 0.144279 0.13339
ENSG00000182552.10 4 184580378 184580378 - 12 -850118 4_internal_9980 4 185430496 185451219 89 97.1352 0.966031 13.1609 0.0876025 -0.191351 0.661692 0.651932
ENSG00000168538.11 4 184580420 184580420 + 12 -464354 4_internal_7684 4 184019293 184116066 89 69.4791 1.03461 8.64261 0.0125432 -0.254432 0.19403 0.200917
ENSG00000180712.3 4 185275130 185275130 - 14 -262537 4_internal_8034 4 185537667 185542434 89 88.1309 1.05607 14.1567 0.0262414 -0.241931 0.318408 0.29597
ENSG00000249096.1 4 185291024 185291024 - 14 10702 4_internal_7796 4 185230711 185280322 89 84.1676 1.00979 11.6205 0.26722 -0.107585 0.9801 0.977835
ENSG00000168310.5 4 185395734 185395734 - 16 -141933 4_internal_8034 4 185537667 185542434 89 100.09 0.825935 17.318 0.0436352 -0.207133 0.522388 0.522889
ENSG00000164305.13 4 185570663 185570663 - 16 -755484 4_internal_9777 4 186326147 186348021 89 86.6707 1.06767 15.7734 0.133794 -0.154657 0.870647 0.894673
ENSG00000164306.6 4 185570767 185570767 + 16 -142172 4_internal_10527 4 185424148 185428595 89 85.5234 0.983335 14.9046 0.0134471 -0.259439 0.223881 0.213279
ENSG00000151725.7 4 185655287 185655287 - 16 -238477 4_internal_9741 4 185893764 185901849 89 95.1188 0.938618 18.0419 0.0260458 -0.238179 0.343284 0.352449
ENSG00000249138.1 4 185720200 185720200 - 16 439878 4_internal_7796 4 185230711 185280322 89 105.722 0.880401 21.1104 1.70466e-05 0.415039 0.00497512 0.000194295
ENSG00000251139.1 4 185734773 185734773 + 16 5783 4_internal_9657 4 185740556 185820010 89 101.881 0.846991 17.9925 0.0016553 0.333117 0.039801 0.0276372
ENSG00000151726.8 4 185747972 185747972 - 16 176012 4_internal_10953 4 185209985 185571960 89 88.0092 0.913004 14.1034 0.0750104 -0.191379 0.686567 0.709313
ENSG00000151729.5 4 186064395 186064395 + 18 -670318 4_internal_7777 4 185311645 185394077 89 84.7064 1.02299 13.9756 0.0282982 -0.234958 0.368159 0.358224
ENSG00000109762.11 4 186125391 186125391 + 17 -845069 4_internal_7796 4 185230711 185280322 89 103.323 0.980703 21.7 0.0050916 -0.278182 0.0646766 0.0570828
ENSG00000164323.8 4 186130658 186130658 - 17 679439 4_internal_9980 4 185430496 185451219 89 81.9252 1.056 14.5283 0.0112194 -0.285215 0.199005 0.176487
ENSG00000250410.1 4 186291879 186291879 + 16 515367 4_internal_10671 4 186807246 186887314 89 94.4234 1.11608 21.2755 0.0405688 -0.201671 0.492537 0.477166
ENSG00000109771.11 4 186317053 186317053 - 16 857157 4_internal_7794 4 185186596 185459896 89 97.0482 0.975413 17.1818 0.0285311 -0.230139 0.303483 0.331348
ENSG00000186352.4 4 186317175 186317175 + 16 671752 4_internal_11324 4 186988927 187126686 89 80.7779 1.06263 13.6295 0.153453 0.154236 0.900498 0.91786
ENSG00000207231.1 4 186337240 186337240 - 16 517230 4_internal_9657 4 185740556 185820010 89 90.1994 1.0633 16.9893 0.0841497 -0.169924 0.771144 0.746211
ENSG00000109775.6 4 186347139 186347139 - 16 -641788 4_internal_11324 4 186988927 187126686 89 94.3539 0.813046 14.7584 0.129576 0.140356 0.885572 0.886437
ENSG00000168491.5 4 186392913 186392913 - 16 491064 4_internal_9741 4 185893764 185901849 89 97.8826 1.02206 21.5353 0.0627314 -0.204434 0.666667 0.666684
ENSG00000164342.7 4 186990306 186990306 + 4 0 4_internal_11324 4 186988927 187126686 89 96.5094 1.00001 4.01781 0.000274384 0.401627 0.00497512 0.000606173
ENSG00000109794.9 4 187025573 187025573 + 4 0 4_internal_11324 4 186988927 187126686 89 106.296 1.00004 5.51015 0.000182878 0.375485 0.00995025 0.000236727
ENSG00000269302.1 4 187112626 187112626 - 4 0 4_internal_11324 4 186988927 187126686 89 102.628 0.999981 4.03268 4.15471e-08 0.577785 0.00497512 1.54656e-08
ENSG00000145476.11 4 187112674 187112674 + 4 0 4_internal_11324 4 186988927 187126686 89 78.327 1.0001 3.39441 1.72398e-07 0.48465 0.00497512 3.22186e-06
ENSG00000164344.11 4 187130133 187130133 + 4 -3447 4_internal_11324 4 186988927 187126686 89 83.1768 0.999934 3.71426 0.0462731 0.210021 0.199005 0.186591
ENSG00000088926.9 4 187187099 187187099 + 4 -839078 4_internal_9777 4 186326147 186348021 89 86.6359 0.999999 3.6281 0.393628 0.0793654 0.835821 0.843304
ENSG00000180015.11 4 189659506 189659506 + 13 887746 4_internal_8377 4 190547252 190621435 89 94.5451 0.99783 9.92689 0.18356 0.130122 0.835821 0.843978
ENSG00000245685.2 4 190861426 190861426 - 16 361910 4_internal_10987 4 190481712 190499516 89 79.3699 1.02649 11.2659 0.0449713 -0.209941 0.492537 0.479932
ENSG00000109536.6 4 190861943 190861943 + 16 0 4_internal_11798 4 190860676 190896359 89 89.1912 0.929927 11.9874 0.0315153 0.205199 0.338308 0.350734
ENSG00000249462.1 4 190895002 190895002 - 16 395486 4_internal_10987 4 190481712 190499516 89 80.2564 1.10141 12.5183 0.0451385 0.205853 0.482587 0.475504
ENSG00000214273.4 4 190962497 190962497 + 16 -66138 4_internal_11798 4 190860676 190896359 89 82.4119 1.13872 12.6847 0.0374886 -0.2324 0.402985 0.381642
