ENSG00000168152.7 4 83821837 83821837 + 10 414201 4_internal_8901 4 84236038 84292924 89 88.2525 1.00392 10.8869 0.0626126 0.195907 0.532338 0.509929
ENSG00000251022.1 4 83822113 83822113 - 10 837236 4_internal_7172 4 82960094 82984877 89 92.3375 1.02789 11.0361 0.134212 -0.165231 0.756219 0.768359
ENSG00000138674.12 4 83822319 83822319 - 10 0 4_internal_7929 4 83801136 83986998 89 88.4264 0.965942 10.6899 0.0739005 0.187261 0.542289 0.579975
ENSG00000189308.6 4 83934079 83934079 - 10 743736 4_internal_9811 4 83181775 83190343 89 85.7842 1.0881 9.92715 0.0366673 -0.221719 0.348259 0.295975
ENSG00000138663.4 4 83955600 83955600 + 10 0 4_internal_7929 4 83801136 83986998 89 89.1043 0.953176 9.45464 0.166479 0.157936 0.845771 0.832662
ENSG00000145287.6 4 84058228 84058228 - 9 0 4_internal_11522 4 83968813 84190146 89 99.1516 0.940128 9.01987 1.23814e-07 0.522642 0.00497512 5.46984e-07
ENSG00000248401.2 4 84168332 84168332 + 9 0 4_internal_7605 4 84135872 84257243 89 80.2217 0.991704 8.1033 0.131745 0.161457 0.741294 0.741279
ENSG00000173085.9 4 84206067 84206067 - 7 84758 4_internal_8089 4 84091853 84121309 89 96.04 0.871457 7.30336 0.139891 -0.161992 0.651741 0.676638
ENSG00000173083.10 4 84256306 84256306 - 7 0 4_internal_8901 4 84236038 84292924 89 77.4578 1.02423 6.2166 0.00135181 0.324582 0.0199005 0.0155506
ENSG00000163312.6 4 84377009 84377009 - 7 390011 4_internal_7929 4 83801136 83986998 89 105.096 0.977684 8.76804 0.161079 -0.140174 0.716418 0.706121
ENSG00000163319.6 4 84377085 84377085 + 7 -186939 4_internal_11522 4 83968813 84190146 89 93.45 0.923236 6.3988 0.254468 0.126123 0.835821 0.84944
ENSG00000213608.5 4 84398677 84398677 + 7 -105753 4_internal_8901 4 84236038 84292924 89 87.6441 0.993927 6.70973 0.202988 0.145772 0.791045 0.789868
ENSG00000163322.9 4 84444501 84444501 - 8 -22912 4_internal_11433 4 84467413 84541860 89 77.8924 1.03637 6.49823 0.176421 0.14884 0.756219 0.766177
ENSG00000138678.6 4 84457067 84457067 + 8 10346 4_internal_11433 4 84467413 84541860 89 77.875 1.082 6.59163 3.6785e-05 0.448402 0.00497512 0.000403941
ENSG00000163624.5 4 85504132 85504132 + 6 -962272 4_internal_11433 4 84467413 84541860 89 90.5992 1.00007 5.81961 0.303485 0.116936 0.860697 0.873638
ENSG00000163625.11 4 85887544 85887544 - 10 0 4_internal_7983 4 85834632 85899586 89 76.3105 1.05229 8.69666 0.0216531 0.251702 0.253731 0.235253
ENSG00000201901.1 4 86021649 86021649 + 11 -600304 4_internal_7861 4 85402325 85421345 89 94.1279 1.04029 13.9743 0.0501476 -0.213054 0.393035 0.447308
ENSG00000163629.8 4 87515468 87515468 + 11 309523 4_internal_9979 4 87824991 87890336 89 73.5293 1.03575 8.7745 0.289805 -0.120825 0.960199 0.970687
ENSG00000251411.1 4 87835970 87835970 - 10 0 4_internal_9979 4 87824991 87890336 89 89.0174 1.09554 10.5351 0.0156899 0.262019 0.119403 0.123839
ENSG00000172493.16 4 87856154 87856154 + 9 0 4_internal_9979 4 87824991 87890336 89 84.2545 1.06737 8.29579 0.0475915 0.21331 0.343284 0.338246
ENSG00000163633.6 4 87857354 87857354 - 9 0 4_internal_9979 4 87824991 87890336 89 78.7789 1.01915 7.92364 0.00363766 0.31186 0.0447761 0.0453487
ENSG00000248196.1 4 88087996 88087996 + 9 688528 4_internal_7344 4 88776524 88787969 89 98.8734 0.984785 10.8842 0.0313608 -0.215104 0.238806 0.232162
ENSG00000248180.1 4 88128244 88128244 + 9 648280 4_internal_7344 4 88776524 88787969 89 92.9459 0.897185 8.88217 0.0745195 0.195079 0.517413 0.516656
ENSG00000145332.8 4 88141760 88141760 - 9 251424 4_internal_9979 4 87824991 87890336 89 95.6924 0.970981 11.095 0.149788 0.162234 0.820896 0.808662
ENSG00000250163.1 4 88161466 88161466 - 10 -670667 4_internal_7659 4 88832133 88861937 89 71.1131 1.11094 8.47133 0.011755 -0.274134 0.164179 0.151123
ENSG00000170509.7 4 88244058 88244058 - 10 -588075 4_internal_7659 4 88832133 88861937 89 74.1203 1.05477 7.65603 0.150558 -0.155612 0.81592 0.785198
ENSG00000255723.1 4 88266362 88266362 - 10 415587 4_internal_8653 4 87845978 87850775 89 75.9281 1.09349 8.61604 0.163798 0.155371 0.830846 0.830443
ENSG00000198189.6 4 88312538 88312538 - 10 461763 4_internal_8653 4 87845978 87850775 89 100.542 0.883347 11.0044 0.0539908 0.209325 0.422886 0.42353
ENSG00000170502.8 4 88343734 88343734 + 10 621264 4_internal_7940 4 88964998 88985536 89 89.2781 0.889811 8.43906 0.0133791 0.259061 0.159204 0.140887
ENSG00000183199.6 4 88812995 88812995 + 10 -922659 4_internal_9979 4 87824991 87890336 89 88.5307 1.01131 9.86408 0.108253 -0.158283 0.671642 0.676031
ENSG00000118762.3 4 88928820 88928820 + 8 222848 4_internal_9334 4 89151668 89205271 89 85.593 1.04991 7.87499 0.0446618 0.200441 0.298507 0.3044
ENSG00000118777.6 4 89152474 89152474 - 7 0 4_internal_9334 4 89151668 89205271 89 78.4834 1.04597 6.31996 2.00754e-09 0.605525 0.00497512 5.38247e-08
ENSG00000200469.1 4 89196460 89196460 - 8 421114 4_internal_9281 4 88764564 88775346 89 91.1033 0.934756 6.71978 0.0691679 -0.19583 0.393035 0.398956
ENSG00000163644.9 4 89205921 89205921 - 8 650 4_internal_9334 4 89151668 89205271 89 94.3365 0.992237 8.58895 2.33269e-05 0.421975 0.00497512 0.00012238
ENSG00000246375.2 4 89206094 89206094 + 8 523894 4_internal_8948 4 89729988 89768691 89 83.7504 1.03097 7.53181 0.010182 -0.268849 0.079602 0.0842944
ENSG00000138642.10 4 89299891 89299891 + 9 -486703 4_internal_7363 4 88805730 88813188 89 90.0777 0.997968 8.95107 0.291236 -0.112127 0.950249 0.952551
ENSG00000138646.4 4 89378268 89378268 + 9 351720 4_internal_8948 4 89729988 89768691 89 86.8793 1.0319 9.48135 0.0328994 -0.219435 0.283582 0.273213
ENSG00000138641.11 4 89442199 89442199 + 9 -580262 4_internal_7659 4 88832133 88861937 89 96.4398 0.981793 10.7921 0.00420835 0.29642 0.0447761 0.0329023
ENSG00000255072.1 4 89442940 89442940 - 9 654971 4_internal_7344 4 88776524 88787969 89 92.4244 0.944444 9.90334 0.0577502 -0.204052 0.442786 0.444554
ENSG00000145337.4 4 89444964 89444964 - 9 459428 4_internal_7940 4 88964998 88985536 89 91.3988 1.01103 8.37643 0.0312695 -0.251455 0.21393 0.214521
ENSG00000207524.1 4 89606105 89606105 - 9 400834 4_internal_9334 4 89151668 89205271 89 97.6393 0.953974 9.28399 0.0571413 -0.206941 0.358209 0.377874
ENSG00000177432.6 4 89619386 89619386 - 9 831417 4_internal_7344 4 88776524 88787969 89 102.246 1.0684 14.1392 0.160752 -0.152049 0.835821 0.851623
ENSG00000248019.2 4 89630940 89630940 + 9 99048 4_internal_8948 4 89729988 89768691 89 88.5654 1.12936 9.36574 7.255e-14 0.743301 0.00497512 2.01368e-14
ENSG00000138640.10 4 90032549 90032549 - 7 263858 4_internal_8948 4 89729988 89768691 89 90.1646 0.864248 6.70209 7.65731e-16 0.784181 0.00497512 3.20576e-13
ENSG00000180346.2 4 90033968 90033968 + 7 958188 4_internal_7522 4 90992156 91000647 89 92.6156 1.02792 6.7525 0.0280777 -0.232593 0.159204 0.148185
ENSG00000185477.3 4 90229161 90229161 - 6 0 4_internal_10128 4 90196018 90230091 89 87.6615 0.9916 5.99656 0.000483882 0.371847 0.0149254 0.00336628
ENSG00000145335.11 4 90759466 90759466 - 7 546 4_internal_9319 4 90742174 90758920 89 84.324 1.07985 6.92074 0.00757618 0.291144 0.0497512 0.0490629
ENSG00000138722.5 4 90800683 90800683 + 6 -41763 4_internal_9319 4 90742174 90758920 89 76.3105 1.00001 5.44811 3.19217e-06 0.484263 0.00497512 8.84333e-05
ENSG00000184305.10 4 91048686 91048686 + 6 -289766 4_internal_9319 4 90742174 90758920 89 91.9725 1.02381 6.64734 0.0853242 0.181974 0.41791 0.415479
ENSG00000187653.10 4 91760263 91760263 - 2 499728 4_internal_7539 4 91249081 91260535 89 102.385 0.999933 2.20543 0.319595 -0.109531 0.517413 0.523677
ENSG00000163104.13 4 95128762 95128762 + 3 131467 4_internal_8261 4 95260229 95268612 89 78.5529 1.00001 2.52184 0.143096 -0.148184 0.363184 0.373144
ENSG00000163106.6 4 95264027 95264027 - 3 -174896 4_internal_9283 4 95438923 95493728 89 99.673 1.00008 3.34162 0.194868 0.136009 0.437811 0.463406
ENSG00000163110.10 4 95373037 95373037 + 3 -104425 4_internal_8261 4 95260229 95268612 89 84.5674 0.99995 2.49694 0.616904 0.0521296 0.910448 0.914129
ENSG00000242697.2 4 98946541 98946541 + 2 116764 4_internal_7465 4 99063305 99073287 89 78.3096 0.999932 1.6736 0.271109 -0.105842 0.477612 0.45231
ENSG00000163116.5 4 99064391 99064391 - 2 0 4_internal_7465 4 99063305 99073287 89 81.2994 0.999956 1.85471 0.00955465 -0.283239 0.039801 0.0244904
ENSG00000138698.9 4 99182535 99182535 + 2 -109248 4_internal_7465 4 99063305 99073287 89 76.5713 1.00005 1.78557 0.868447 -0.0179926 0.99005 0.976614
ENSG00000214559.3 4 99182781 99182781 - 2 -658396 4_internal_8536 4 99841177 99854689 89 83.5592 0.99998 1.80715 0.583866 -0.0590538 0.79602 0.805325
ENSG00000242318.1 4 99330441 99330441 + 2 510736 4_internal_8536 4 99841177 99854689 89 92.1984 1 2.05422 0.230568 0.121418 0.40796 0.40341
ENSG00000168785.3 4 99579780 99579780 - 2 506493 4_internal_7465 4 99063305 99073287 89 91.0338 0.999942 2.1317 0.342298 -0.108516 0.597015 0.583361
ENSG00000260641.1 4 99580055 99580055 + 2 261122 4_internal_8536 4 99841177 99854689 89 91.0859 0.999913 2.23364 0.347083 -0.107823 0.641791 0.606688
ENSG00000249055.1 4 99830999 99830999 - 2 -10178 4_internal_8536 4 99841177 99854689 89 85.5582 0.99992 1.95288 0.306358 0.103392 0.502488 0.523665
ENSG00000151247.8 4 99851788 99851788 - 3 778501 4_internal_7465 4 99063305 99073287 89 94.3365 0.999947 2.90455 0.297541 0.113231 0.641791 0.620172
ENSG00000164024.7 4 99916771 99916771 + 4 925258 4_internal_8476 4 100842029 100847307 89 92.5982 1.00011 4.3646 0.425132 -0.0907435 0.890547 0.904288
ENSG00000250496.2 4 99944282 99944282 - 4 870995 4_internal_7465 4 99063305 99073287 89 87.1748 1.00009 3.5464 0.00639014 -0.293837 0.0248756 0.024453
ENSG00000197894.6 4 100009952 100009952 - 4 -872428 4_internal_10729 4 100882380 101461630 89 77.0406 1.00011 3.31694 0.0855828 0.195018 0.303483 0.320203
ENSG00000246090.2 4 100010008 100010008 + 4 872372 4_internal_10729 4 100882380 101461630 89 87.2443 1.00008 3.59482 0.0571672 0.204181 0.18408 0.198453
ENSG00000198099.4 4 100078949 100078949 - 4 224260 4_internal_8536 4 99841177 99854689 89 83.1246 1.00008 3.9931 0.0353936 -0.230672 0.144279 0.157688
ENSG00000172955.13 4 100140694 100140694 - 5 -741686 4_internal_10729 4 100882380 101461630 89 87.0879 1.00009 4.44494 0.0499585 0.205758 0.20398 0.213099
ENSG00000187758.3 4 100212185 100212185 - 5 -629844 4_internal_8476 4 100842029 100847307 89 93.7107 1.00009 5.18345 0.16955 -0.134951 0.587065 0.591449
ENSG00000138823.8 4 100484918 100484918 + 5 625892 4_internal_8208 4 101110810 102128904 89 106.73 1.00001 5.91954 0.0704208 -0.192423 0.278607 0.250115
ENSG00000145331.9 4 100485189 100485189 - 5 -356840 4_internal_8476 4 100842029 100847307 89 85.9059 0.999927 4.70281 0.21068 -0.137043 0.686567 0.686999
ENSG00000070190.8 4 100737990 100737990 + 5 276534 4_internal_9622 4 101014524 101750198 89 94.267 1.00002 5.38349 0.110358 0.168962 0.40796 0.433897
ENSG00000109270.8 4 100815647 100815647 - 5 -198877 4_internal_9622 4 101014524 101750198 89 91.5031 1.04444 5.70733 0.0679043 0.202973 0.273632 0.295553
ENSG00000164031.12 4 100867883 100867883 - 4 -242927 4_internal_8208 4 101110810 102128904 89 78.0141 1.00012 3.70493 0.591097 0.0614469 0.975124 0.970906
ENSG00000245322.2 4 100871163 100871163 + 4 -23856 4_internal_8476 4 100842029 100847307 89 85.9059 1 3.85222 0.313581 0.0949051 0.766169 0.776442
ENSG00000164032.7 4 100871545 100871545 - 4 24238 4_internal_8476 4 100842029 100847307 89 103.323 0.999947 4.26606 0.0525413 0.199453 0.159204 0.147258
ENSG00000221265.1 4 102251571 102251571 - 11 789941 4_internal_10729 4 100882380 101461630 89 77.4404 1.15079 10.0901 0.00548053 -0.286294 0.0646766 0.0611437
ENSG00000254531.1 4 102268937 102268937 + 12 -807307 4_internal_10729 4 100882380 101461630 89 91.1729 0.923987 11.1375 0.362843 0.0945244 1 0.993815
ENSG00000138814.12 4 102269435 102269435 - 12 37370 4_internal_9550 4 102185713 102232065 89 74.242 1.05955 8.22915 0.00452192 0.318933 0.079602 0.0637296
ENSG00000153064.7 4 102332443 102332443 + 12 379245 4_internal_8264 4 102711688 102723896 89 99.534 1.0282 13.2822 0.0534666 0.213922 0.427861 0.413692
ENSG00000138821.8 4 103352415 103352415 - 9 -141145 4_internal_11314 4 103493560 103547685 89 85.2105 1.06005 9.11915 0.00878572 0.269473 0.079602 0.076738
ENSG00000248161.1 4 103371167 103371167 - 9 -66932 4_internal_10753 4 103438099 103490893 89 95.084 0.930891 10.7769 0.129927 0.14886 0.761194 0.763025
ENSG00000260651.1 4 103422476 103422476 - 9 -241180 4_internal_7391 4 103663656 103683067 89 84.3066 1.17337 10.3755 0.224254 0.137396 0.915423 0.919743
ENSG00000109320.7 4 103422486 103422486 + 9 15613 4_internal_10753 4 103438099 103490893 89 102.367 0.91222 10.3126 1.20473e-08 0.608335 0.00497512 5.1973e-08
ENSG00000238553.1 4 103487124 103487124 - 9 -176532 4_internal_7391 4 103663656 103683067 89 107.269 0.937757 10.3096 0.13603 0.167745 0.701493 0.692839
ENSG00000241981.2 4 103583768 103583768 + 8 -92875 4_internal_10753 4 103438099 103490893 89 85.1062 0.960338 6.26454 0.00835322 0.275697 0.0646766 0.0685057
ENSG00000248971.2 4 103651328 103651328 - 8 103643 4_internal_11314 4 103493560 103547685 89 81.96 0.961266 6.94445 0.00136848 0.325606 0.0199005 0.0175496
ENSG00000230069.3 4 103651878 103651878 - 8 160985 4_internal_10753 4 103438099 103490893 89 72.9904 1.10436 6.48575 0.0524311 0.201404 0.402985 0.367552
ENSG00000224207.2 4 103655515 103655515 + 8 -164622 4_internal_10753 4 103438099 103490893 89 80.4998 0.935066 6.71041 0.136342 0.152822 0.711443 0.705665
ENSG00000251288.2 4 103672558 103672558 + 8 -124873 4_internal_11314 4 103493560 103547685 89 93.1197 0.863591 6.64649 0.0228289 0.244701 0.189055 0.172563
ENSG00000109323.4 4 103682151 103682151 - 8 134466 4_internal_11314 4 103493560 103547685 89 87.1574 0.988374 6.89304 2.39972e-06 0.470922 0.00497512 2.39598e-05
ENSG00000246560.2 4 103749212 103749212 + 7 -258319 4_internal_10753 4 103438099 103490893 89 94.4756 0.942668 7.30394 0.122977 0.160532 0.587065 0.605017
ENSG00000109332.15 4 103790053 103790053 - 7 299160 4_internal_10753 4 103438099 103490893 89 94.6842 0.937027 6.59553 0.110264 0.178491 0.532338 0.528253
ENSG00000145354.5 4 103790135 103790135 + 7 0 4_internal_8088 4 103654488 104059622 89 93.4848 0.997297 7.9417 0.0113485 0.264936 0.0895522 0.0732584
ENSG00000250651.1 4 103817882 103817882 + 7 -326989 4_internal_10753 4 103438099 103490893 89 95.2404 0.891846 6.83818 0.157072 0.14012 0.696517 0.695139
ENSG00000249283.2 4 103883113 103883113 + 7 -200046 4_internal_7391 4 103663656 103683067 89 86.4795 0.946999 6.86176 0.090617 -0.201396 0.487562 0.521902
ENSG00000164037.12 4 103940896 103940896 - 7 450003 4_internal_10753 4 103438099 103490893 89 97.6566 0.994039 7.1014 0.0599216 0.181892 0.318408 0.301158
ENSG00000164038.10 4 104006986 104006986 - 7 0 4_internal_8145 4 103939492 104014196 89 81.4211 0.993154 5.79461 0.126638 0.141076 0.587065 0.597035
ENSG00000164039.10 4 104021040 104021040 - 7 0 4_internal_8088 4 103654488 104059622 89 82.2729 1.06632 6.69809 0.180083 0.115787 0.771144 0.750948
ENSG00000138778.7 4 104119566 104119566 - 7 436499 4_internal_7391 4 103663656 103683067 89 92.8068 0.910496 6.10276 0.00011427 -0.383467 0.00497512 0.00100994
ENSG00000168769.8 4 106067032 106067032 + 3 0 4_internal_8060 4 106049227 106088308 89 84.6717 0.999917 2.79406 0.00167341 0.321411 0.00995025 0.00607288
ENSG00000251586.1 4 106099220 106099220 - 3 10912 4_internal_8060 4 106049227 106088308 89 88.5307 1.00008 2.83334 0.0666662 0.184254 0.179104 0.179344
ENSG00000138777.15 4 106395238 106395238 - 4 298847 4_internal_9028 4 106094395 106096391 89 109.807 1.00006 4.60672 0.0721474 0.200642 0.20398 0.193719
ENSG00000249264.1 4 106405855 106405855 + 4 -177836 4_internal_7658 4 106214091 106228019 89 78.2574 0.999999 3.84927 0.376477 0.100863 0.875622 0.866303
ENSG00000236699.3 4 106473777 106473777 + 4 802411 4_internal_8220 4 107276188 107283598 89 85.8537 1.00001 4.51698 0.199416 -0.134628 0.691542 0.650422
ENSG00000249823.1 4 106616681 106616681 + 6 963058 4_internal_7610 4 107579739 107988091 89 83.7156 1.03774 6.02823 0.14364 -0.156071 0.616915 0.625774
ENSG00000138780.9 4 106629935 106629935 + 6 949804 4_internal_7610 4 107579739 107988091 89 85.2801 1 5.04113 0.0176145 -0.261684 0.104478 0.0976107
ENSG00000251175.1 4 106748329 106748329 - 6 651938 4_internal_9028 4 106094395 106096391 89 82.7074 0.944038 5.98046 0.126439 -0.171161 0.597015 0.620114
ENSG00000138785.10 4 106817143 106817143 - 6 -762596 4_internal_7610 4 107579739 107988091 89 117.456 0.860294 7.68059 0.048713 -0.218205 0.208955 0.22279
ENSG00000249635.1 4 106943635 106943635 - 6 -636599 4_internal_8494 4 107580234 107600504 89 90.6514 0.947581 6.53987 0.0259862 -0.197804 0.174129 0.168877
ENSG00000164022.12 4 107236701 107236701 + 3 343533 4_internal_8494 4 107580234 107600504 89 99.7078 0.999939 3.73709 0.177625 0.141871 0.477612 0.463534
ENSG00000145348.11 4 107242652 107242652 - 3 -337582 4_internal_8494 4 107580234 107600504 89 87.3312 1.00005 2.68974 0.135338 -0.175575 0.338308 0.331527
ENSG00000138801.4 4 108641608 108641608 - 10 -112009 4_internal_10036 4 108753617 108835887 89 89.2434 1.02704 10.5607 0.117644 -0.165676 0.726368 0.722397
ENSG00000164023.10 4 108745719 108745719 + 10 38999 4_internal_8068 4 108784718 108795117 89 80.1695 1.10928 9.50207 0.0156194 -0.257041 0.179104 0.15151
ENSG00000155016.13 4 108852525 108852525 + 10 -864434 4_internal_7610 4 107579739 107988091 89 94.9275 0.904426 9.95919 0.00193109 -0.331875 0.0298507 0.0210138
ENSG00000249604.1 4 108862411 108862411 - 10 26524 4_internal_10036 4 108753617 108835887 89 85.0715 1.08683 9.90155 0.137304 0.165683 0.771144 0.765873
ENSG00000245293.2 4 108899955 108899955 - 10 173453 4_internal_8228 4 108720498 108726502 89 91.3988 1.05623 10.4018 0.0885695 -0.184688 0.587065 0.576078
ENSG00000138796.10 4 108910870 108910870 + 10 -74983 4_internal_10036 4 108753617 108835887 89 78.8658 1.0492 8.11125 0.05047 -0.232146 0.412935 0.400861
ENSG00000232021.2 4 109088681 109088681 + 10 -362179 4_internal_8228 4 108720498 108726502 89 102.646 0.821181 9.54895 0.0877383 0.188138 0.542289 0.570143
ENSG00000138795.5 4 109090112 109090112 - 10 363610 4_internal_8228 4 108720498 108726502 89 88.9479 0.99149 9.62784 0.0280263 0.230708 0.233831 0.243355
ENSG00000234492.3 4 109541616 109541616 - 12 815114 4_internal_8228 4 108720498 108726502 89 106.435 0.898415 14.238 0.0553031 -0.224191 0.452736 0.457492
ENSG00000109475.12 4 109541722 109541722 + 12 419351 4_internal_8478 4 109961073 109974864 89 88.4264 1.01441 11.7571 0.0776312 -0.205315 0.641791 0.611934
ENSG00000198856.8 4 109571740 109571740 + 12 -935434 4_internal_10086 4 108613704 108636306 89 82.1512 1.04556 10.569 0.123116 0.15832 0.781095 0.780213
ENSG00000206601.1 4 109573306 109573306 + 12 387767 4_internal_8478 4 109961073 109974864 89 88.4437 1.0596 11.7734 0.0874116 -0.178835 0.641791 0.640108
ENSG00000188517.10 4 110223813 110223813 - 6 940429 4_internal_9034 4 108970030 109283384 89 84.7934 1.0229 5.58513 0.0845431 0.185481 0.432836 0.407199
ENSG00000249465.1 4 110268615 110268615 - 6 -225573 4_internal_8586 4 110494188 110500169 89 83.1594 1.0001 5.04121 0.267139 0.11638 0.781095 0.813749
ENSG00000138802.6 4 110354928 110354928 + 5 491026 4_internal_10346 4 110845954 111626919 89 86.2188 1.00012 4.74266 0.0185282 0.247186 0.0895522 0.0934095
ENSG00000247950.2 4 110354973 110354973 - 5 -114254 4_internal_7988 4 110469227 110484310 89 91.3814 0.999989 5.08752 0.0372936 0.213726 0.189055 0.165018
ENSG00000243227.2 4 110372224 110372224 - 5 397360 4_internal_8478 4 109961073 109974864 89 84.1676 1.00006 4.93911 0.0144197 -0.251302 0.0845771 0.0828659
ENSG00000207988.1 4 110409854 110409854 + 5 59373 4_internal_7988 4 110469227 110484310 89 83.3332 0.999947 4.25639 0.0209004 0.224747 0.104478 0.103908
ENSG00000225094.3 4 110475250 110475250 - 4 500386 4_internal_8478 4 109961073 109974864 89 90.86 1.00001 3.46441 0.148718 0.146681 0.422886 0.41769
ENSG00000249965.2 4 110476326 110476326 + 4 0 4_internal_7988 4 110469227 110484310 89 75.8586 1.00005 3.52905 0.0223596 0.240739 0.129353 0.118284
ENSG00000005059.11 4 110481361 110481361 + 4 12827 4_internal_8586 4 110494188 110500169 89 91.2076 1.00009 4.20854 1.37568e-08 0.589666 0.00497512 3.82302e-08
ENSG00000248785.1 4 110594999 110594999 + 4 250955 4_internal_10346 4 110845954 111626919 89 90.999 1.00007 3.84901 0.0816325 0.164831 0.233831 0.269222
ENSG00000138794.5 4 110624739 110624739 - 4 649875 4_internal_8478 4 109961073 109974864 89 94.3539 0.999955 3.79034 0.0111314 -0.24936 0.0547264 0.0334843
ENSG00000123739.6 4 110651233 110651233 - 4 166923 4_internal_7988 4 110469227 110484310 89 95.4664 0.999951 3.7379 0.390876 -0.101097 0.81592 0.826487
ENSG00000109534.12 4 110736666 110736666 + 4 -236497 4_internal_8586 4 110494188 110500169 89 104.766 1.00001 4.3665 0.107898 -0.176907 0.303483 0.308381
ENSG00000180245.4 4 110749150 110749150 + 4 -264840 4_internal_7988 4 110469227 110484310 89 73.79 0.999884 3.72633 0.369219 -0.0861935 0.855721 0.863396
ENSG00000183423.7 4 110769358 110769358 + 4 76596 4_internal_10346 4 110845954 111626919 89 87.5746 1.00003 4.05157 0.202585 -0.132388 0.59204 0.607759
ENSG00000170522.5 4 111120355 111120355 - 3 0 4_internal_10346 4 110845954 111626919 89 81.3863 1.00004 3.12619 0.253682 0.131113 0.641791 0.634318
ENSG00000174749.4 4 113066553 113066553 + 6 6325 4_internal_10176 4 113072878 113079188 89 88.0092 1.06292 6.76581 9.92138e-12 0.650328 0.00497512 1.99082e-11
ENSG00000243280.2 4 113092371 113092371 + 6 -13183 4_internal_10176 4 113072878 113079188 89 83.4723 0.999936 5.36451 0.000174683 0.416081 0.00995025 0.00149687
ENSG00000260526.1 4 113152752 113152752 - 6 44060 4_internal_8862 4 113066060 113108692 89 87.3486 1.00873 6.14827 0.010036 0.26649 0.0746269 0.0626346
ENSG00000138660.7 4 113152893 113152893 + 6 39093 4_internal_7490 4 113191986 113211990 89 91.4684 1.05501 7.18457 0.0213023 0.264115 0.129353 0.116262
ENSG00000073331.13 4 113206665 113206665 + 6 0 4_internal_7490 4 113191986 113211990 89 81.4559 1.00001 5.54551 0.000244337 0.412683 0.00497512 0.00249808
ENSG00000145365.9 4 113207059 113207059 - 6 0 4_internal_7490 4 113191986 113211990 89 98.4389 0.877233 6.5579 1.84845e-05 0.487297 0.00497512 0.000155247
ENSG00000251441.1 4 113277291 113277291 + 6 -65301 4_internal_7490 4 113191986 113211990 89 86.0623 1.04591 5.73938 0.000183307 0.382667 0.00497512 0.000978208
ENSG00000248697.1 4 113377080 113377080 + 6 -165090 4_internal_7490 4 113191986 113211990 89 105.253 1.05554 7.1379 0.0389952 0.219775 0.139303 0.145259
ENSG00000174720.11 4 113558120 113558120 + 7 -346130 4_internal_7490 4 113191986 113211990 89 97.4133 0.925942 7.0665 0.183221 0.154607 0.726368 0.742979
ENSG00000138658.11 4 113558151 113558151 - 7 437533 4_internal_7058 4 112911907 113120618 89 86.6359 1.03151 6.18855 0.0293262 -0.21714 0.18408 0.168939
ENSG00000199169.1 4 113569097 113569097 - 7 460405 4_internal_8862 4 113066060 113108692 89 90.5645 1.08179 9.10067 0.386828 0.0937312 0.975124 0.985438
ENSG00000199145.1 4 113569227 113569227 - 7 -159791 4_internal_8337 4 113729018 113739642 89 82.9334 1.11605 6.29157 0.11708 -0.175065 0.522388 0.536074
ENSG00000207927.1 4 113569407 113569407 - 7 460715 4_internal_8862 4 113066060 113108692 89 91.5205 0.987271 7.50133 0.0610024 0.190185 0.363184 0.364312
ENSG00000199102.1 4 113569586 113569586 - 7 448968 4_internal_7058 4 112911907 113120618 89 99.2385 1.01098 8.35444 0.0444083 0.195767 0.288557 0.244617
ENSG00000199058.1 4 113569713 113569713 - 7 357723 4_internal_7490 4 113191986 113211990 89 89.6953 1.09563 7.48341 0.241918 0.124953 0.865672 0.852734
ENSG00000249532.1 4 113571207 113571207 - 7 -157811 4_internal_8337 4 113729018 113739642 89 79.283 1.01693 6.07409 0.0351414 -0.231157 0.21393 0.245763
ENSG00000241741.1 4 113710034 113710034 - 9 589416 4_internal_7058 4 112911907 113120618 89 101.151 0.925032 10.8368 0.0387226 -0.215417 0.288557 0.294825
ENSG00000196656.6 4 114138326 114138326 - 7 926336 4_internal_7490 4 113191986 113211990 89 92.268 1.02274 7.43567 0.118129 0.154314 0.587065 0.575199
ENSG00000145349.12 4 114683083 114683083 - 5 0 4_internal_11251 4 114476938 114901693 89 87.592 1.0001 4.49655 0.0100729 0.252572 0.0696517 0.0471494
ENSG00000180801.11 4 114900883 114900883 - 4 140813 4_internal_7932 4 114705069 114760070 89 96.857 0.999993 4.61429 0.089528 -0.18265 0.298507 0.307182
ENSG00000213492.2 4 118497329 118497329 - 2 -322108 4_internal_8087 4 118819437 118910593 89 85.2453 0.999988 2.03701 0.110362 -0.170506 0.223881 0.226061
ENSG00000206823.1 4 119200345 119200345 + 7 72590 4_internal_7765 4 119272935 119320446 89 80.2043 0.999899 5.01716 0.100958 0.178818 0.482587 0.472171
ENSG00000164099.3 4 119274158 119274158 - 8 -746277 4_internal_11757 4 120020435 120206841 89 98.0912 0.88173 9.49679 0.0198911 0.2515 0.189055 0.170927
ENSG00000154608.8 4 119388744 119388744 + 8 -68298 4_internal_7765 4 119272935 119320446 89 102.593 0.898588 8.33649 0.00860491 0.277638 0.0547264 0.0561632
ENSG00000260404.2 4 119512928 119512928 + 8 507507 4_internal_11757 4 120020435 120206841 89 76.6061 1.00934 6.2759 0.100927 0.171079 0.577114 0.573284
ENSG00000225892.3 4 119553429 119553429 + 8 349558 4_internal_8647 4 119902987 119963799 89 83.4201 1.01551 7.62812 0.119325 -0.167197 0.651741 0.653173
ENSG00000217609.2 4 119557462 119557462 - 8 -676564 4_internal_10797 4 120234026 120377877 89 81.3863 1.02655 7.00824 0.0264077 -0.229386 0.19403 0.203831
ENSG00000248213.1 4 119559179 119559179 - 8 -674847 4_internal_10797 4 120234026 120377877 89 91.5727 0.980111 7.9266 0.00517807 0.289197 0.0447761 0.0383415
ENSG00000249907.1 4 119559507 119559507 + 8 364103 4_internal_7973 4 119923610 119932289 89 87.5746 1.02747 7.61464 0.0266544 0.225269 0.179104 0.183699
ENSG00000145388.8 4 119606523 119606523 + 8 415200 4_internal_8853 4 120021723 120025245 89 88.0266 1.02398 8.99694 0.031353 0.220757 0.283582 0.245681
ENSG00000150961.10 4 119759838 119759838 - 8 -163772 4_internal_7973 4 119923610 119932289 89 88.9305 1.00001 7.49918 0.123001 -0.157409 0.606965 0.62675
ENSG00000172403.6 4 119809996 119809996 + 8 -489550 4_internal_7765 4 119272935 119320446 89 96.8396 0.895644 7.59715 0.0836152 0.173898 0.457711 0.479801
ENSG00000172399.5 4 120056939 120056939 + 8 0 4_internal_11757 4 120020435 120206841 89 92.6504 0.957568 8.11573 5.31509e-05 0.432569 0.00497512 0.000432885
ENSG00000145390.6 4 120133742 120133742 + 8 0 4_internal_11757 4 120020435 120206841 89 96.6137 0.883434 7.86986 6.76658e-09 0.575136 0.00497512 1.05052e-07
ENSG00000178636.4 4 120133799 120133799 - 8 0 4_internal_11757 4 120020435 120206841 89 78.8484 1.07465 8.09975 3.92635e-07 0.518851 0.00497512 6.23365e-06
ENSG00000164096.10 4 120225600 120225600 - 8 293311 4_internal_7973 4 119923610 119932289 89 92.7895 0.904586 8.62295 0.218755 0.138632 0.885572 0.886531
ENSG00000250412.1 4 120255484 120255484 + 8 -364552 4_internal_8679 4 119862593 119890932 89 77.7707 1.07656 6.30975 0.242984 0.115016 0.850746 0.853618
ENSG00000229450.2 4 120299287 120299287 + 8 -408355 4_internal_8679 4 119862593 119890932 89 100.768 0.917339 8.28962 0.0949238 -0.165867 0.502488 0.517832
ENSG00000249244.1 4 120316490 120316490 - 8 -696035 4_internal_11176 4 121012525 122302344 89 91.4162 0.984253 7.65991 0.00546812 -0.273314 0.039801 0.0388492
ENSG00000260091.1 4 120330488 120330488 + 7 -398199 4_internal_7973 4 119923610 119932289 89 83.8721 1.13248 6.58305 0.117625 0.159121 0.587065 0.541473
ENSG00000248280.1 4 120371312 120371312 - 7 164471 4_internal_11757 4 120020435 120206841 89 92.0072 1.0046 6.76053 0.0146708 -0.273893 0.079602 0.0840906
ENSG00000245958.2 4 120375946 120375946 + 7 -169105 4_internal_11757 4 120020435 120206841 89 98.6648 0.916125 6.42497 9.00046e-05 0.409571 0.00497512 0.000494058
ENSG00000250950.1 4 120377505 120377505 + 7 -486573 4_internal_8679 4 119862593 119890932 89 89.6084 0.96738 5.9819 0.16891 -0.154572 0.701493 0.678339
ENSG00000138735.11 4 120550146 120550146 - 7 172269 4_internal_10797 4 120234026 120377877 89 97.3437 0.912054 6.64183 0.00917594 0.286367 0.0746269 0.0569327
ENSG00000250938.1 4 120988113 120988113 + 5 -781272 4_internal_11757 4 120020435 120206841 89 87.6789 0.999991 4.88943 0.0693357 -0.203722 0.273632 0.304033
ENSG00000164109.8 4 120988229 120988229 - 5 610352 4_internal_10797 4 120234026 120377877 89 100.577 0.959897 6.23538 0.113399 0.1598 0.477612 0.47214
ENSG00000138738.6 4 121844025 121844025 - 6 -329448 4_internal_8424 4 122173473 122178951 89 102.837 0.96158 6.83637 0.00379684 0.308806 0.0199005 0.0151113
ENSG00000050730.11 4 122148621 122148621 - 7 -24852 4_internal_8424 4 122173473 122178951 89 82.777 1.0001 5.05354 1.44552e-07 0.523856 0.00497512 1.9958e-06
ENSG00000164111.9 4 122618268 122618268 - 8 439317 4_internal_8424 4 122173473 122178951 89 90.6861 0.990697 6.98535 0.020327 0.22795 0.0746269 0.129296
ENSG00000164112.8 4 122686582 122686582 - 8 581563 4_internal_8896 4 122073779 122105019 89 91.7117 1.08045 8.05411 0.179058 -0.13795 0.771144 0.758576
ENSG00000123737.8 4 122722472 122722472 + 8 -543521 4_internal_8424 4 122173473 122178951 89 85.5408 1.1296 7.95627 0.0309941 -0.247804 0.223881 0.194193
ENSG00000145386.5 4 122745087 122745087 - 8 -715912 4_internal_9307 4 123460999 123695380 89 91.6074 0.977809 8.69191 0.0689126 0.207382 0.442786 0.452757
ENSG00000138686.5 4 122791652 122791652 - 8 65456 4_internal_7487 4 122685662 122726196 89 84.4283 0.958104 6.59279 0.00842476 -0.282544 0.0895522 0.074947
ENSG00000138688.10 4 123073488 123073488 + 8 934650 4_internal_10922 4 124008138 124393737 89 80.2217 0.963611 6.44601 0.0509084 -0.208543 0.348259 0.363662
ENSG00000224786.1 4 123653348 123653348 - 8 -354790 4_internal_10922 4 124008138 124393737 89 96.266 1.00383 9.87441 0.109912 0.163173 0.616915 0.630605
ENSG00000181004.5 4 123653857 123653857 + 8 354281 4_internal_10922 4 124008138 124393737 89 78.0836 1.13816 7.41556 0.0754818 -0.195939 0.507463 0.466343
ENSG00000138685.7 4 123747863 123747863 + 7 650668 4_internal_9774 4 124398531 124478213 89 88.3047 1.07381 7.49097 0.327458 0.103488 0.945274 0.943177
ENSG00000170917.8 4 123844123 123844123 - 7 -573998 4_internal_9050 4 124418121 124663762 89 85.3322 1.02214 6.89801 0.19057 -0.145215 0.800995 0.77911
ENSG00000145375.6 4 123844229 123844229 + 7 573892 4_internal_9050 4 124418121 124663762 89 99.0994 1.12452 9.66943 0.163667 -0.14901 0.721393 0.732452
ENSG00000250322.2 4 124181273 124181273 - 6 -236848 4_internal_9050 4 124418121 124663762 89 77.3188 0.999954 4.66712 0.124418 -0.163834 0.537313 0.537497
ENSG00000164056.6 4 124317950 124317950 + 6 201348 4_internal_8650 4 124519298 124529411 89 89.0521 1.05467 6.53001 0.0192631 0.258086 0.119403 0.104071
ENSG00000151458.7 4 125633887 125633887 - 1 970125 4_internal_9050 4 124418121 124663762 89 91.5031 0.999982 0.988219 0.521805 0.0689438 0.512438 0.511827
ENSG00000196159.7 4 126237554 126237554 + 0 NA NA NA NA NA NA NA NA NA NA NA NA NA
