ENSG00000238350.1 3 47507839 47507839 + 4 -764082 3_internal_13264 3 46723093 46743757 89 93.902 1.00007 3.83508 0.0559857 0.194468 0.169154 0.177238
ENSG00000114650.14 3 47518616 47518616 - 4 -829156 3_internal_14879 3 48347772 48413026 89 77.3361 1.00005 3.83867 0.754031 0.0326547 1 0.996472
ENSG00000200837.1 3 47542573 47542573 + 4 692921 3_internal_15935 3 48235494 48279598 89 83.368 0.999885 4.04352 0.129197 0.154151 0.477612 0.461837
ENSG00000163832.11 3 47555251 47555251 - 4 -792521 3_internal_14879 3 48347772 48413026 89 96.2834 1.00004 4.67943 0.50429 -0.0722007 0.955224 0.956091
ENSG00000114646.5 3 47622282 47622282 - 4 -198500 3_internal_11601 3 47820782 47845807 89 98.4215 1 4.60402 0.0680308 0.197071 0.238806 0.229011
ENSG00000214773.1 3 47646167 47646167 - 4 -174615 3_internal_11601 3 47820782 47845807 89 106.87 0.999968 4.91272 0.267833 -0.117837 0.671642 0.713135
ENSG00000235695.1 3 47705116 47705116 + 4 115666 3_internal_11601 3 47820782 47845807 89 91.9725 1 4.2671 0.158887 0.143862 0.507463 0.505319
ENSG00000173473.6 3 47823596 47823596 - 4 0 3_internal_11601 3 47820782 47845807 89 82.6205 0.999984 3.69238 0.226067 0.139593 0.621891 0.643255
ENSG00000132153.10 3 47844399 47844399 + 4 929856 3_internal_12011 3 48774255 48801787 89 87.3312 1.00001 4.08678 0.0464317 0.213256 0.144279 0.184011
ENSG00000221585.1 3 47891045 47891045 + 4 344449 3_internal_15935 3 48235494 48279598 89 96.1096 0.999964 4.34264 0.466261 0.0845274 0.915423 0.924789
ENSG00000224895.1 3 48002571 48002571 - 4 -345201 3_internal_14879 3 48347772 48413026 89 78.6051 1 4.14332 0.256889 -0.120291 0.776119 0.75354
ENSG00000047849.17 3 48130769 48130769 - 4 -217003 3_internal_14879 3 48347772 48413026 89 78.2574 0.999885 3.56229 0.188858 -0.135439 0.59204 0.583746
ENSG00000164048.9 3 48282590 48282590 + 5 65182 3_internal_14879 3 48347772 48413026 89 88.5654 0.985614 5.61559 0.082032 0.166207 0.383085 0.391169
ENSG00000229759.1 3 48298428 48298428 - 5 -49344 3_internal_14879 3 48347772 48413026 89 85.4887 0.985305 5.47138 0.0461097 0.193586 0.263682 0.253692
ENSG00000228638.1 3 48332865 48332865 - 5 -441390 3_internal_12011 3 48774255 48801787 89 86.7055 0.999922 4.74637 0.291281 0.0984606 0.81592 0.813051
ENSG00000172113.4 3 48343175 48343175 - 5 -431080 3_internal_12011 3 48774255 48801787 89 92.9285 1.0131 5.60723 0.0951878 -0.169962 0.412935 0.397882
ENSG00000164050.8 3 48471594 48471594 - 5 -302661 3_internal_12011 3 48774255 48801787 89 96.5094 1.00003 5.29733 0.310551 -0.0985272 0.81592 0.838096
ENSG00000232112.3 3 48481667 48481667 + 5 793160 3_internal_11652 3 49274827 49287305 89 92.8416 1.00006 5.02829 0.144464 0.155871 0.462687 0.520604
ENSG00000164051.9 3 48481866 48481866 - 5 636059 3_internal_11601 3 47820782 47845807 89 78.0314 1 4.76275 0.307523 0.0983903 0.865672 0.861315
ENSG00000244380.1 3 48488060 48488060 - 5 -786767 3_internal_11652 3 49274827 49287305 89 108.573 0.99785 6.82712 0.305591 0.104212 0.905473 0.86952
ENSG00000164053.13 3 48488114 48488114 + 5 286141 3_internal_12011 3 48774255 48801787 89 91.6074 0.99997 5.14307 0.431856 -0.0790275 0.945274 0.942012
ENSG00000213689.5 3 48506445 48506445 + 5 267810 3_internal_12011 3 48774255 48801787 89 90.8773 0.999931 5.09698 0.236524 -0.132539 0.731343 0.738927
ENSG00000164054.11 3 48542259 48542259 - 5 -732568 3_internal_11652 3 49274827 49287305 89 71.5998 0.999863 3.87383 0.0305761 -0.237561 0.154229 0.18885
ENSG00000114268.7 3 48599448 48599448 - 5 753641 3_internal_11601 3 47820782 47845807 89 88.9652 0.99998 5.11385 0.48321 0.0776639 0.970149 0.965838
ENSG00000114270.11 3 48632700 48632700 - 5 786893 3_internal_11601 3 47820782 47845807 89 95.31 0.999938 5.59794 0.21599 0.120367 0.681592 0.713935
ENSG00000010256.6 3 48648409 48648409 - 5 368811 3_internal_15935 3 48235494 48279598 89 87.3312 0.999948 5.00088 0.157208 -0.14842 0.60199 0.584795
ENSG00000225697.6 3 48672926 48672926 - 5 827119 3_internal_11601 3 47820782 47845807 89 95.7098 1.00008 5.46912 0.0827681 0.172663 0.368159 0.335253
ENSG00000008300.10 3 48700348 48700348 - 5 420750 3_internal_15935 3 48235494 48279598 89 80.8475 1.00006 4.67194 0.196145 -0.142699 0.676617 0.68313
ENSG00000213672.3 3 48723797 48723797 - 5 -50458 3_internal_12011 3 48774255 48801787 89 79.8045 0.999995 4.30839 0.126197 -0.165426 0.492537 0.497738
ENSG00000068745.10 3 48777786 48777786 - 5 -497041 3_internal_11652 3 49274827 49287305 89 94.7363 0.999966 5.01357 0.255504 0.126598 0.746269 0.748488
ENSG00000224424.6 3 48885005 48885005 + 4 389822 3_internal_11652 3 49274827 49287305 89 96.492 1.00007 3.71021 0.169654 -0.151854 0.457711 0.459071
ENSG00000114302.11 3 48885279 48885279 - 4 83492 3_internal_12011 3 48774255 48801787 89 103.463 0.999959 4.81388 0.0816717 0.182323 0.238806 0.259091
ENSG00000178537.5 3 48936426 48936426 - 4 523400 3_internal_14879 3 48347772 48413026 89 80.1521 0.999926 3.71456 0.0667213 -0.211653 0.288557 0.272142
ENSG00000177479.15 3 48956254 48956254 + 4 318573 3_internal_11652 3 49274827 49287305 89 82.916 1.00009 3.62033 0.559001 -0.0614082 0.960199 0.954006
ENSG00000221883.2 3 48956818 48956818 - 4 155031 3_internal_12011 3 48774255 48801787 89 74.4506 1.00008 3.48761 0.0134111 -0.282103 0.0845771 0.0805678
ENSG00000235236.1 3 49021418 49021418 - 4 -253409 3_internal_11652 3 49274827 49287305 89 86.184 1.00001 4.04913 0.137066 0.146774 0.457711 0.46586
ENSG00000178467.12 3 49027319 49027319 + 4 -747721 3_internal_15935 3 48235494 48279598 89 94.1801 1.00002 4.20888 0.22138 0.12939 0.61194 0.625914
ENSG00000223343.1 3 49027421 49027421 - 4 -247406 3_internal_11652 3 49274827 49287305 89 88.0613 0.999953 3.7307 0.227783 -0.127423 0.626866 0.623339
ENSG00000178252.11 3 49044495 49044495 + 4 -242708 3_internal_12011 3 48774255 48801787 89 100.56 0.999926 4.63429 0.0629558 0.192048 0.20398 0.203941
ENSG00000178057.9 3 49057892 49057892 + 4 -644866 3_internal_14879 3 48347772 48413026 89 77.7186 0.999991 3.28415 0.033271 0.238474 0.149254 0.145522
ENSG00000178149.12 3 49059726 49059726 - 4 257939 3_internal_12011 3 48774255 48801787 89 86.8967 0.99996 3.87173 0.0359506 0.223653 0.124378 0.140086
ENSG00000178035.7 3 49066841 49066841 - 4 653815 3_internal_14879 3 48347772 48413026 89 99.9338 0.999987 4.31848 0.0395326 -0.24436 0.114428 0.11976
ENSG00000241461.2 3 49120666 49120666 + 5 993480 3_internal_13384 3 50114146 50120978 89 88.4959 0.999983 4.85208 0.177983 0.137159 0.636816 0.616467
ENSG00000198218.5 3 49131796 49131796 - 5 330009 3_internal_12011 3 48774255 48801787 89 85.6104 1.00006 5.0151 0.475717 0.0772658 0.950249 0.963882
ENSG00000172053.10 3 49142553 49142553 - 5 340766 3_internal_12011 3 48774255 48801787 89 97.083 0.974433 5.65964 0.157405 0.149438 0.562189 0.584251
ENSG00000172046.14 3 49158371 49158371 - 5 745345 3_internal_14879 3 48347772 48413026 89 85.6451 0.999972 4.84511 0.105609 0.180553 0.442786 0.438978
ENSG00000172037.9 3 49170551 49170551 - 5 -104276 3_internal_11652 3 49274827 49287305 89 106.73 0.885503 6.09744 0.0148375 0.239764 0.0945274 0.0670736
ENSG00000177352.9 3 49203754 49203754 - 5 924156 3_internal_15935 3 48235494 48279598 89 89.591 0.999886 4.26873 0.0691117 -0.202074 0.248756 0.260329
ENSG00000185909.10 3 49209044 49209044 + 5 -407257 3_internal_12011 3 48774255 48801787 89 104.471 1.00001 5.48932 0.285686 0.123557 0.761194 0.789585
ENSG00000173421.12 3 49235861 49235861 + 5 -822835 3_internal_14879 3 48347772 48413026 89 89.6084 0.999984 5.01351 0.236475 0.125449 0.751244 0.738728
ENSG00000225399.3 3 49297518 49297518 + 5 -495731 3_internal_12011 3 48774255 48801787 89 91.0512 1.00567 5.69574 0.180261 0.143752 0.656716 0.664219
ENSG00000199546.1 3 49307565 49307565 + 5 -894539 3_internal_14879 3 48347772 48413026 89 80.3607 0.999915 4.38142 0.0353021 -0.19625 0.154229 0.184796
ENSG00000264633.1 3 49311553 49311553 + 5 963665 3_internal_10883 3 50275218 50397726 89 90.9121 0.999953 5.35666 0.03496 -0.212618 0.18408 0.164769
ENSG00000188315.3 3 49315342 49315342 - 5 -798804 3_internal_13384 3 50114146 50120978 89 103.167 1.00003 5.40601 0.168708 -0.147492 0.567164 0.55254
ENSG00000114316.8 3 49378145 49378145 - 5 -897073 3_internal_10883 3 50275218 50397726 89 89.2955 0.999952 5.29069 0.226189 -0.123479 0.736318 0.741136
ENSG00000233276.2 3 49396033 49396033 - 5 108728 3_internal_11652 3 49274827 49287305 89 84.3066 0.999923 5.06809 0.45514 0.0786729 0.965174 0.958929
ENSG00000235908.1 3 49404439 49404439 - 5 -709707 3_internal_13384 3 50114146 50120978 89 99.308 0.999918 5.71892 0.193609 0.14335 0.656716 0.654483
ENSG00000145022.4 3 49449639 49449639 + 4 -647852 3_internal_12011 3 48774255 48801787 89 111.007 0.999974 5.03004 0.509865 -0.0746088 0.955224 0.955538
ENSG00000067560.6 3 49450431 49450431 - 4 -663715 3_internal_13384 3 50114146 50120978 89 99.082 0.999967 4.6232 0.458699 -0.0817872 0.915423 0.928128
ENSG00000145020.10 3 49460186 49460186 - 4 658399 3_internal_12011 3 48774255 48801787 89 87.2096 0.99994 3.77774 0.0913298 -0.171406 0.278607 0.313232
ENSG00000235261.1 3 49460379 49460379 + 4 814839 3_internal_10883 3 50275218 50397726 89 95.223 1 4.15787 0.422268 0.0766149 0.900498 0.885663
ENSG00000145029.7 3 49466759 49466759 - 4 664972 3_internal_12011 3 48774255 48801787 89 101.55 1.00006 4.11406 0.362481 -0.0983001 0.820896 0.808082
ENSG00000173402.7 3 49506146 49506146 + 4 -218841 3_internal_11652 3 49274827 49287305 89 90.5123 1.00008 4.15077 0.0721681 0.17926 0.258706 0.25932
ENSG00000164061.4 3 49591922 49591922 + 4 683296 3_internal_10883 3 50275218 50397726 89 90.3211 1.00008 4.22093 0.441645 -0.0765221 0.905473 0.912327
ENSG00000164062.8 3 49711435 49711435 + 5 967882 3_internal_15890 3 50679317 51064961 89 102.246 1.00289 5.52675 0.734974 0.0392336 1 0.999054
ENSG00000259970.1 3 49722416 49722416 - 5 -956901 3_internal_15890 3 50679317 51064961 89 97.6045 0.967356 5.90348 0.0488476 -0.197284 0.20398 0.222689
ENSG00000164068.11 3 49726932 49726932 + 5 387214 3_internal_13384 3 50114146 50120978 89 82.3598 1.00011 4.54845 0.22661 0.119599 0.741294 0.721236
ENSG00000173531.10 3 49726934 49726934 - 5 -387212 3_internal_13384 3 50114146 50120978 89 93.3631 0.971343 5.54276 0.0201541 0.259317 0.0945274 0.0996508
ENSG00000176020.7 3 49761349 49761349 - 5 -513869 3_internal_10883 3 50275218 50397726 89 77.8229 1.00012 4.3962 0.278261 -0.104571 0.820896 0.805333
ENSG00000173540.8 3 49761384 49761384 - 5 -513834 3_internal_10883 3 50275218 50397726 89 80.8475 0.999896 4.54353 0.318146 -0.0974735 0.860697 0.8502
ENSG00000239576.1 3 49795916 49795916 + 5 479302 3_internal_10883 3 50275218 50397726 89 81.5949 1.00005 4.07999 0.111009 0.158041 0.422886 0.425741
ENSG00000244730.1 3 49812718 49812718 + 4 462500 3_internal_10883 3 50275218 50397726 89 97.0309 1.00009 3.98851 0.0390215 -0.222948 0.129353 0.118434
ENSG00000176095.7 3 49823975 49823975 - 4 536670 3_internal_11652 3 49274827 49287305 89 90.2168 1.00009 4.50934 0.252696 -0.128685 0.701493 0.725802
ENSG00000187492.4 3 49837268 49837268 - 4 -437950 3_internal_10883 3 50275218 50397726 89 96.3182 0.999957 4.95533 0.180209 -0.150688 0.597015 0.586414
ENSG00000185614.4 3 49840687 49840687 + 4 273459 3_internal_13384 3 50114146 50120978 89 81.6123 0.999953 3.64069 0.329598 0.105889 0.771144 0.79237
ENSG00000263506.1 3 49843678 49843678 - 4 -431540 3_internal_10883 3 50275218 50397726 89 104.575 1.00005 4.15779 0.141145 -0.164938 0.41791 0.385535
ENSG00000182179.6 3 49851379 49851379 - 4 -262767 3_internal_13384 3 50114146 50120978 89 87.0184 0.999968 3.99955 0.0167747 -0.257258 0.0746269 0.0702505
ENSG00000183763.4 3 49894007 49894007 - 4 606702 3_internal_11652 3 49274827 49287305 89 94.0758 1.00002 4.34967 0.191979 0.115691 0.59204 0.577538
ENSG00000228008.1 3 49941278 49941278 + 4 738039 3_internal_15890 3 50679317 51064961 89 85.8016 1.0001 3.3757 0.0520459 -0.196846 0.179104 0.178158
ENSG00000164078.7 3 49941299 49941299 - 4 -333919 3_internal_10883 3 50275218 50397726 89 90.3211 1.00004 4.50295 0.0788388 -0.186213 0.318408 0.301638
ENSG00000164077.9 3 49967606 49967606 - 4 -711711 3_internal_15890 3 50679317 51064961 89 84.9498 1.0001 3.60223 0.0786924 0.183041 0.228856 0.276274
ENSG00000004534.9 3 49977440 49977440 + 4 136706 3_internal_13384 3 50114146 50120978 89 79.2656 0.999915 3.33169 0.0345327 -0.212805 0.129353 0.145632
ENSG00000003756.12 3 50126341 50126341 + 4 -839036 3_internal_11652 3 49274827 49287305 89 114.153 0.999961 4.85565 0.396419 0.0899416 0.855721 0.863618
ENSG00000235016.1 3 50193518 50193518 - 4 72540 3_internal_13384 3 50114146 50120978 89 101.307 1.00009 4.98271 0.082327 0.182576 0.298507 0.279607
ENSG00000114353.12 3 50263724 50263724 + 4 -976419 3_internal_11652 3 49274827 49287305 89 94.8928 1.00009 4.75625 0.243532 -0.127416 0.696517 0.708685
ENSG00000213600.2 3 50277054 50277054 + 4 0 3_internal_10883 3 50275218 50397726 89 89.9908 0.999905 3.68464 0.00736312 0.27635 0.0547264 0.0257075
ENSG00000230454.1 3 50297735 50297735 + 3 0 3_internal_10883 3 50275218 50397726 89 89.8691 1.00004 3.33561 0.185566 0.144267 0.472637 0.491284
ENSG00000232352.1 3 50304803 50304803 - 3 -374514 3_internal_15890 3 50679317 51064961 89 89.2955 0.999918 3.35182 0.559949 -0.0644487 0.940299 0.93585
ENSG00000012171.13 3 50304990 50304990 + 3 0 3_internal_10883 3 50275218 50397726 89 82.325 0.999976 2.77032 0.461302 0.0802186 0.850746 0.835485
ENSG00000179564.3 3 50316458 50316458 + 3 -195480 3_internal_13384 3 50114146 50120978 89 91.3988 1.00007 2.84875 0.0977626 -0.16977 0.253731 0.243518
ENSG00000214706.6 3 50330349 50330349 - 3 0 3_internal_10883 3 50275218 50397726 89 78.2227 1.00011 2.45682 0.430832 -0.0873665 0.761194 0.780277
ENSG00000243477.1 3 50336852 50336852 - 3 -342465 3_internal_15890 3 50679317 51064961 89 92.8068 0.999992 3.3591 0.441153 -0.0863261 0.850746 0.849988
ENSG00000186792.11 3 50336899 50336899 - 3 0 3_internal_10883 3 50275218 50397726 89 90.5818 0.999911 2.69114 0.530811 0.0721547 0.865672 0.866784
ENSG00000114378.12 3 50349812 50349812 - 3 -329505 3_internal_15890 3 50679317 51064961 89 88.7219 1.00005 2.74476 0.0512654 0.226989 0.104478 0.135401
ENSG00000068001.9 3 50360337 50360337 - 3 -318980 3_internal_15890 3 50679317 51064961 89 94.3887 1.00004 3.17477 0.0603591 0.201473 0.174129 0.158902
ENSG00000114383.5 3 50365682 50365682 - 3 -313635 3_internal_15890 3 50679317 51064961 89 91.2076 0.999964 2.92029 0.46251 0.0746175 0.820896 0.831902
ENSG00000068028.13 3 50378411 50378411 - 3 -300906 3_internal_15890 3 50679317 51064961 89 82.551 1.00009 3.24584 0.678687 0.0456879 0.965174 0.977655
ENSG00000004838.9 3 50384283 50384283 - 3 263305 3_internal_13384 3 50114146 50120978 89 89.3303 1.00007 3.30421 0.0839952 -0.186634 0.253731 0.25007
ENSG00000114395.6 3 50388126 50388126 + 3 -267148 3_internal_13384 3 50114146 50120978 89 82.8291 1.00003 2.88122 0.0700089 -0.190462 0.199005 0.214887
ENSG00000114388.8 3 50388522 50388522 - 3 0 3_internal_10883 3 50275218 50397726 89 101.168 1.00007 3.06607 0.632737 -0.0475905 0.955224 0.944377
ENSG00000126062.3 3 50397041 50397041 - 3 0 3_internal_10883 3 50275218 50397726 89 103.758 1.00008 3.64576 0.213033 0.138616 0.497512 0.511879
ENSG00000007402.7 3 50541675 50541675 - 3 143949 3_internal_10883 3 50275218 50397726 89 92.0941 0.999968 3.10632 0.437711 -0.0806053 0.830846 0.825378
ENSG00000114735.5 3 50606583 50606583 + 3 72734 3_internal_15890 3 50679317 51064961 89 83.0551 0.999938 2.98816 0.429277 -0.0771031 0.825871 0.82806
ENSG00000088543.10 3 50608458 50608458 - 3 -70859 3_internal_15890 3 50679317 51064961 89 114.674 0.999994 3.71265 0.00510528 0.316263 0.0149254 0.00544482
ENSG00000114738.6 3 50648951 50648951 + 3 30366 3_internal_15890 3 50679317 51064961 89 70.6959 0.999901 2.38813 0.00578299 0.282143 0.0149254 0.0330592
ENSG00000114737.11 3 50649262 50649262 - 3 -30055 3_internal_15890 3 50679317 51064961 89 86.5664 0.999972 2.59957 0.215898 0.135312 0.492537 0.479865
ENSG00000088538.11 3 50712672 50712672 + 3 0 3_internal_15890 3 50679317 51064961 89 86.6359 1.00002 2.99535 0.000301969 0.365918 0.00497512 0.00108929
ENSG00000145050.11 3 51422478 51422478 + 6 584885 3_internal_13207 3 52007363 52018237 89 86.0102 0.999981 5.228 0.0735119 -0.178112 0.353234 0.347999
ENSG00000179837.6 3 51428731 51428731 + 6 691858 3_internal_11018 3 52120589 52348461 89 88.8609 1.06499 6.10944 0.0636229 -0.206783 0.333333 0.303157
ENSG00000145041.11 3 51534010 51534010 - 8 -707991 3_internal_13292 3 52242001 52314718 89 97.6393 0.97286 9.02659 0.0484842 -0.20313 0.328358 0.312246
ENSG00000164080.7 3 51575596 51575596 + 8 544993 3_internal_11018 3 52120589 52348461 89 100.629 0.942025 8.00601 0.106737 0.173102 0.527363 0.541103
ENSG00000164081.8 3 51696709 51696709 + 8 310654 3_internal_13207 3 52007363 52018237 89 89.2434 1.03639 6.69452 0.175545 0.135054 0.731343 0.711573
ENSG00000164082.10 3 51741086 51741086 + 9 353687 3_internal_12145 3 52094773 52106739 89 103.41 0.858667 10.5985 0.07628 0.160695 0.482587 0.526706
ENSG00000114767.6 3 51975957 51975957 - 13 -947637 3_internal_16723 3 52923594 52965280 89 78.7963 1.00006 11.0641 0.0119135 -0.269184 0.199005 0.182181
ENSG00000041880.10 3 51976361 51976361 + 13 947233 3_internal_16723 3 52923594 52965280 89 99.0125 1.0882 15.748 0.00868458 0.282737 0.0497512 0.0660882
ENSG00000248487.4 3 52005442 52005442 + 13 114483 3_internal_11595 3 52119925 52157904 89 87.8875 1.04954 12.8981 0.0204503 -0.25763 0.248756 0.221893
ENSG00000090097.15 3 52008032 52008032 - 13 -478917 3_internal_14332 3 52486949 52520384 89 89.0521 0.967288 13.5969 0.0122413 0.273739 0.139303 0.165449
ENSG00000254782.1 3 52008047 52008047 - 13 -915547 3_internal_16723 3 52923594 52965280 89 80.8996 1.043 10.9789 0.0186434 -0.261078 0.233831 0.224625
ENSG00000114786.11 3 52009066 52009066 + 13 693721 3_internal_12138 3 52702787 52722439 89 88.3568 0.988469 12.2242 0.00745067 0.298599 0.109453 0.0927416
ENSG00000243989.3 3 52009066 52009066 + 13 693721 3_internal_12138 3 52702787 52722439 89 85.732 1.05969 11.7353 0.0100889 0.272072 0.109453 0.110509
ENSG00000114779.15 3 52017425 52017425 - 14 -735475 3_internal_11855 3 52752900 52765442 89 105.774 0.86434 18.1197 0.0721836 -0.211313 0.626866 0.664174
ENSG00000162244.5 3 52029958 52029958 - 14 -64815 3_internal_12145 3 52094773 52106739 89 101.794 1.08654 16.7987 0.181027 -0.15023 0.920398 0.927785
ENSG00000164086.8 3 52090566 52090566 - 13 -375356 3_internal_11082 3 52465922 52471785 89 82.0469 0.918706 10.4614 0.00232384 0.326374 0.0497512 0.0480694
ENSG00000164087.3 3 52188706 52188706 - 16 -53295 3_internal_13292 3 52242001 52314718 89 89.5041 0.964019 14.3 0.00167093 -0.337504 0.0149254 0.026617
ENSG00000023330.10 3 52232102 52232102 + 16 254847 3_internal_14332 3 52486949 52520384 89 81.7514 0.962965 11.524 0.0554351 -0.206665 0.532338 0.564258
ENSG00000173366.11 3 52265206 52265206 - 17 0 3_internal_13292 3 52242001 52314718 89 80.7605 1.02972 14.0105 0.00527798 0.29147 0.0995025 0.0972203
ENSG00000247596.3 3 52273177 52273177 - 17 -192745 3_internal_11082 3 52465922 52471785 89 93.8672 0.909351 18.2647 0.00320743 0.319043 0.0646766 0.0605191
ENSG00000239732.2 3 52273183 52273183 - 17 -192739 3_internal_11082 3 52465922 52471785 89 103.567 0.97316 18.6743 0.00408487 0.310661 0.0597015 0.039402
ENSG00000243224.1 3 52273274 52273274 + 17 192648 3_internal_11082 3 52465922 52471785 89 87.4008 1.01462 13.9599 0.0107749 0.302909 0.154229 0.144402
ENSG00000164088.13 3 52279841 52279841 + 17 186081 3_internal_11082 3 52465922 52471785 89 98.3346 0.959424 18.6612 0.00640341 0.301678 0.079602 0.084199
ENSG00000168237.13 3 52321105 52321105 + 17 431795 3_internal_11855 3 52752900 52765442 89 77.0754 1.16505 14.1576 0.0258756 0.239933 0.373134 0.349564
ENSG00000164091.7 3 52322036 52322036 - 17 0 3_internal_11018 3 52120589 52348461 89 92.998 0.8172 14.0535 0.135172 -0.155829 0.885572 0.890415
ENSG00000207926.1 3 52328324 52328324 - 17 -424576 3_internal_11855 3 52752900 52765442 89 79.5437 1.10096 15.4209 0.0050269 0.299786 0.0945274 0.0903885
ENSG00000242797.1 3 52333083 52333083 - 17 -369704 3_internal_12138 3 52702787 52722439 89 75.65 1.06911 12.7165 0.0597403 0.19206 0.676617 0.63929
ENSG00000114841.12 3 52350335 52350335 + 17 115587 3_internal_11082 3 52465922 52471785 89 100.56 0.9446 23.498 0.0322528 0.236681 0.447761 0.445761
ENSG00000239557.1 3 52407668 52407668 + 18 739887 3_internal_12963 3 53147555 53170129 89 85.5408 1.09251 16.3176 0.0565717 0.207764 0.606965 0.607817
ENSG00000010318.14 3 52443510 52443510 + 18 -128792 3_internal_13292 3 52242001 52314718 89 96.7354 0.888063 18.7448 0.0236882 0.215267 0.318408 0.347303
ENSG00000163930.5 3 52444366 52444366 - 18 -458825 3_internal_13327 3 52903191 52961223 89 86.549 1.06991 16.558 0.18021 0.146993 0.960199 0.962481
ENSG00000010319.2 3 52479101 52479101 - 18 -223686 3_internal_12138 3 52702787 52722439 89 84.1502 0.994619 16.1678 0.00242521 -0.312042 0.0597015 0.0513543
ENSG00000114854.3 3 52488086 52488086 - 18 139625 3_internal_11018 3 52120589 52348461 89 85.6625 1.01975 15.4555 0.0547156 0.217775 0.651741 0.603962
ENSG00000010322.11 3 52489134 52489134 + 18 0 3_internal_14332 3 52486949 52520384 89 95.8314 0.994779 22.4628 0.045332 0.217362 0.577114 0.581215
ENSG00000010327.6 3 52529354 52529354 + 19 173433 3_internal_12138 3 52702787 52722439 89 84.7586 0.953152 17.9231 0.119274 -0.16818 0.915423 0.921717
ENSG00000168273.3 3 52568029 52568029 + 19 134758 3_internal_12138 3 52702787 52722439 89 100.386 0.978813 24.9321 0.0814239 -0.18531 0.820896 0.81441
ENSG00000168268.6 3 52569070 52569070 - 19 462331 3_internal_12145 3 52094773 52106739 89 82.099 1.06006 16.2153 0.162818 -0.155735 0.955224 0.955428
ENSG00000252768.1 3 52585959 52585959 - 19 -561596 3_internal_12963 3 53147555 53170129 89 82.5162 1.0029 17.2174 0.00949463 0.269998 0.174129 0.194008
ENSG00000221518.1 3 52594586 52594586 + 19 329008 3_internal_16723 3 52923594 52965280 89 88.774 0.967359 19.1656 0.019938 0.243088 0.363184 0.337798
ENSG00000163938.12 3 52715172 52715172 + 19 -557268 3_internal_11595 3 52119925 52157904 89 94.8406 1.11986 23.6449 0.0508639 0.203505 0.60199 0.604099
ENSG00000163939.14 3 52719933 52719933 - 19 405215 3_internal_13292 3 52242001 52314718 89 90.4602 0.924156 17.4255 0.105145 -0.166675 0.865672 0.864912
ENSG00000252787.1 3 52722898 52722898 + 19 72777 3_internal_12726 3 52795675 52810880 89 82.0643 1.00373 15.8427 0.139413 0.159133 0.940299 0.931375
ENSG00000212493.1 3 52723264 52723264 + 19 450337 3_internal_10865 3 53173601 53290672 89 96.6832 1.09314 24.6797 0.0756982 -0.177308 0.79602 0.777919
ENSG00000238862.1 3 52724760 52724760 + 19 -566856 3_internal_11595 3 52119925 52157904 89 79.4395 1.00252 14.6066 0.0968086 0.173396 0.81592 0.836458
ENSG00000222345.1 3 52725394 52725394 + 19 198200 3_internal_16723 3 52923594 52965280 89 88.9479 1.03194 18.1387 0.039157 -0.203543 0.497512 0.501053
ENSG00000212452.1 3 52726752 52726752 + 19 -412034 3_internal_13292 3 52242001 52314718 89 98.5953 1.02375 23.3643 0.0391088 0.206049 0.492537 0.496247
ENSG00000114902.8 3 52738971 52738971 + 19 277471 3_internal_14100 3 53016442 53081139 89 89.0521 0.992304 19.306 0.03769 0.234025 0.547264 0.526781
ENSG00000016864.12 3 52740048 52740048 - 19 721811 3_internal_13207 3 52007363 52018237 89 91.3119 1.07702 21.364 0.0770857 -0.18153 0.78607 0.781219
ENSG00000114904.8 3 52804965 52804965 - 22 -722580 3_internal_13034 3 53527545 53651198 89 96.3529 0.927586 23.0794 0.127493 0.160642 0.950249 0.944737
ENSG00000162267.8 3 52828784 52828784 + 22 -356999 3_internal_11082 3 52465922 52471785 89 86.3578 1.00371 18.5884 0.0318337 -0.225818 0.487562 0.477519
ENSG00000239799.1 3 52857951 52857951 + 22 529086 3_internal_11937 3 53387037 53393110 89 98.8387 0.941116 23.6174 0.039967 -0.210097 0.562189 0.545459
ENSG00000055955.11 3 52865495 52865495 - 22 -308106 3_internal_10865 3 53173601 53290672 89 100.646 0.882733 27.1263 0.0785297 -0.186215 0.840796 0.850662
ENSG00000243696.2 3 52874278 52874278 - 22 -371202 3_internal_10831 3 53245480 53254953 89 89.2607 1.00712 23.8213 0.0758287 0.194079 0.855721 0.843774
ENSG00000248592.2 3 52931578 52931578 - 22 -242023 3_internal_10865 3 53173601 53290672 89 85.6625 1.02507 21.1604 0.188549 -0.144231 0.995025 0.989857
ENSG00000213533.7 3 52931612 52931612 - 22 -215943 3_internal_12963 3 53147555 53170129 89 88.9652 1.0579 22.1798 0.0337186 0.225337 0.522388 0.506314
ENSG00000163935.8 3 53080766 53080766 - 21 -669899 3_internal_14545 3 53750665 53789181 89 99.3428 1.0087 25.6099 0.00820235 -0.278313 0.129353 0.122547
ENSG00000242142.1 3 53099107 53099107 - 21 -74494 3_internal_10865 3 53173601 53290672 89 81.7166 1.04496 18.5173 0.00745843 -0.259372 0.179104 0.159713
ENSG00000163933.5 3 53164478 53164478 - 19 353598 3_internal_12726 3 52795675 52810880 89 89.0695 1.07266 18.7902 0.0481043 -0.20526 0.61194 0.57176
ENSG00000163932.9 3 53190025 53190025 + 19 -669641 3_internal_14332 3 52486949 52520384 89 84.2893 0.974858 16.1042 0.0441505 -0.21203 0.562189 0.57506
ENSG00000163931.11 3 53290068 53290068 - 19 119939 3_internal_12963 3 53147555 53170129 89 81.8904 1.07545 18.1458 0.0193636 -0.241827 0.333333 0.332691
ENSG00000238565.1 3 53317319 53317319 - 18 356096 3_internal_13327 3 52903191 52961223 89 112.137 0.766081 25.4003 0.0141345 -0.265244 0.228856 0.235829
ENSG00000263406.1 3 53322889 53322889 + 18 -600450 3_internal_12138 3 52702787 52722439 89 94.0236 0.915456 18.1836 0.0661516 0.172711 0.681592 0.70221
ENSG00000206902.1 3 53324658 53324658 + 18 -196568 3_internal_11421 3 53109441 53128090 89 81.1256 1.03561 16.6682 0.116599 0.156601 0.895522 0.903893
ENSG00000207109.1 3 53367155 53367155 - 17 -413518 3_internal_13682 3 53780673 53871848 89 82.9334 1.00208 14.1597 0.0392664 -0.223794 0.467662 0.490584
ENSG00000162290.11 3 53381637 53381637 - 17 253547 3_internal_11421 3 53109441 53128090 89 81.5949 0.99646 14.9904 0.0288779 -0.218557 0.432836 0.428661
ENSG00000016391.5 3 53880417 53880417 - 12 799278 3_internal_14100 3 53016442 53081139 89 96.8396 0.973629 12.8304 0.038769 0.219532 0.348259 0.345425
ENSG00000056736.5 3 53880607 53880607 + 12 -589935 3_internal_10865 3 53173601 53290672 89 78.3096 1.06991 10.054 0.0316518 -0.223857 0.338308 0.331578
ENSG00000113812.9 3 53916229 53916229 - 12 523119 3_internal_11937 3 53387037 53393110 89 94.7016 0.986648 11.9334 0.0441918 0.222956 0.373134 0.375656
ENSG00000113811.6 3 53926015 53926015 - 12 755886 3_internal_12963 3 53147555 53170129 89 88.1656 0.920576 11.1612 0.061196 0.213767 0.557214 0.550639
ENSG00000180376.12 3 56591189 56591189 + 6 193736 3_internal_11186 3 56784925 56836744 89 78.9006 1.00647 5.50984 0.0233345 0.227243 0.159204 0.165579
ENSG00000163946.9 3 56717265 56717265 - 5 -376092 3_internal_12062 3 57093357 57103554 89 96.718 0.971947 5.51653 0.129783 0.163792 0.512438 0.500635
ENSG00000163947.7 3 57113357 57113357 - 8 9803 3_internal_12062 3 57093357 57103554 89 80.5693 1.0002 7.12141 0.0428265 0.202965 0.343284 0.326653
ENSG00000163666.4 3 57260549 57260549 - 9 757432 3_internal_14719 3 56191611 56503117 89 86.2535 0.943589 8.69165 0.146526 -0.134935 0.78607 0.781252
ENSG00000157500.5 3 57261765 57261765 + 9 -425021 3_internal_11186 3 56784925 56836744 89 87.6268 0.93079 8.56913 0.0493512 -0.193384 0.40796 0.395758
ENSG00000239388.4 3 57326710 57326710 - 9 362261 3_internal_14197 3 56948035 56964449 89 100.264 0.929491 9.55963 0.107342 -0.163043 0.60199 0.613722
ENSG00000174844.10 3 57530071 57530071 - 10 -688300 3_internal_11384 3 58218371 58224392 89 89.2955 0.961483 8.0913 0.317091 -0.0985918 0.960199 0.956977
ENSG00000174840.7 3 57542003 57542003 + 10 -438449 3_internal_12062 3 57093357 57103554 89 88.409 0.939791 8.4383 0.10416 -0.173356 0.621891 0.634653
ENSG00000168374.6 3 57583947 57583947 - 10 -634424 3_internal_11384 3 58218371 58224392 89 83.4896 1.03285 8.06725 0.263463 0.133915 0.910448 0.924449
ENSG00000239801.1 3 57614537 57614537 + 10 713930 3_internal_12107 3 58328467 58375412 89 87.4529 1.11771 11.1892 0.18422 0.141107 0.885572 0.883285
ENSG00000174839.8 3 57678816 57678816 - 11 -808948 3_internal_13348 3 58487764 58491022 89 80.6562 0.93535 8.10269 0.152145 -0.139396 0.791045 0.803944
ENSG00000241933.1 3 57678932 57678932 + 11 299526 3_internal_11659 3 57978458 57987589 89 92.3896 0.880181 10.4192 0.178053 0.14465 0.870647 0.8817
ENSG00000163681.10 3 57741177 57741177 + 11 -526904 3_internal_11958 3 57207224 57214273 89 94.5104 1.12994 14.354 0.00643675 -0.269125 0.039801 0.046372
ENSG00000213509.4 3 57927545 57927545 + 10 290826 3_internal_11384 3 58218371 58224392 89 92.5287 0.961421 11.7976 0.0627319 0.190117 0.522388 0.522353
ENSG00000136068.10 3 57994127 57994127 + 9 64970 3_internal_10935 3 58059097 58072810 89 81.8557 1.02689 8.64361 6.57341e-06 0.438765 0.00497512 0.00010441
ENSG00000244161.1 3 58156363 58156363 - 8 83553 3_internal_10935 3 58059097 58072810 89 75.1633 1.0368 6.59163 0.00167368 0.307822 0.0248756 0.0218912
ENSG00000163686.9 3 58223233 58223233 + 8 105234 3_internal_12107 3 58328467 58375412 89 91.6422 0.95937 7.99833 0.0496089 0.193681 0.338308 0.334597
ENSG00000163684.6 3 58291974 58291974 + 10 195790 3_internal_13348 3 58487764 58491022 89 96.0748 0.961583 10.5115 0.11796 0.153445 0.696517 0.700172
ENSG00000255154.2 3 58291974 58291974 + 10 -67582 3_internal_11384 3 58218371 58224392 89 80.5867 1.05622 9.11547 0.0654408 0.182565 0.477612 0.505533
ENSG00000168297.10 3 58318607 58318607 + 10 169157 3_internal_13348 3 58487764 58491022 89 85.6277 0.954105 8.78635 0.116332 0.174494 0.691542 0.7033
ENSG00000168291.8 3 58419584 58419584 - 10 -232251 3_internal_13376 3 58651835 58669725 89 93.5543 0.930675 10.3188 0.119541 -0.164112 0.721393 0.726523
ENSG00000168301.8 3 58477841 58477841 + 11 9923 3_internal_13348 3 58487764 58491022 89 91.7986 0.969638 9.7411 0.102513 -0.161934 0.636816 0.643411
ENSG00000163689.14 3 59035810 59035810 - 14 -162004 3_internal_12701 3 59197814 59288409 89 94.0584 0.939957 16.0922 0.0427733 0.204374 0.502488 0.4865
ENSG00000269415.1 3 59957583 59957583 - 10 -26122 3_internal_15435 3 59983705 59988680 89 89.2955 0.991798 7.96073 3.85908e-05 0.450554 0.00497512 0.000319624
ENSG00000240097.1 3 60602555 60602555 + 6 -613875 3_internal_15435 3 59983705 59988680 89 75.5457 1.00005 4.85002 0.104246 0.172609 0.512438 0.504077
ENSG00000189283.5 3 61237133 61237133 - 2 234526 3_internal_16948 3 60371999 61002607 89 92.6156 0.99998 1.90031 0.0167521 0.241517 0.0199005 0.0276915
ENSG00000144724.14 3 61547243 61547243 + 3 718970 3_internal_11851 3 62266213 62305280 89 66.8891 0.99988 2.63205 0.453728 0.0736138 0.840796 0.852261
ENSG00000226360.4 3 61728780 61728780 - 3 -537433 3_internal_11851 3 62266213 62305280 89 92.2158 0.99993 3.37341 0.328297 -0.0938552 0.726368 0.727307
ENSG00000114405.6 3 62304648 62304648 + 1 0 3_internal_11851 3 62266213 62305280 89 81.873 1.00006 0.839473 0.000115135 0.38598 0.00497512 0.000182518
ENSG00000163632.8 3 63805038 63805038 + 1 227814 3_internal_15760 3 64032852 64341638 89 106.574 1.00006 1.05689 0.558649 -0.0597015 0.517413 0.541622
ENSG00000224479.1 3 63813121 63813121 - 1 -219731 3_internal_15760 3 64032852 64341638 89 93.3805 0.999981 1.01786 0.691384 0.0398943 0.711443 0.69068
ENSG00000240549.2 3 63846321 63846321 + 1 186531 3_internal_15760 3 64032852 64341638 89 77.6316 1.00006 1.00427 0.416772 -0.0888357 0.457711 0.449775
ENSG00000163634.7 3 63849579 63849579 - 1 -183273 3_internal_15760 3 64032852 64341638 89 77.284 0.999913 0.946938 0.967679 0.00442777 0.975124 0.963746
ENSG00000163635.13 3 63850233 63850233 + 1 182619 3_internal_15760 3 64032852 64341638 89 101.133 0.999986 1.0768 0.39568 0.0934052 0.378109 0.386862
ENSG00000239653.1 3 63989698 63989698 + 1 43154 3_internal_15760 3 64032852 64341638 89 110.763 0.999961 1.07307 0.0943418 0.170406 0.079602 0.0662312
ENSG00000243410.1 3 63997640 63997640 + 1 35212 3_internal_15760 3 64032852 64341638 89 84.2893 0.999989 0.909725 0.659927 0.0444265 0.606965 0.633805
ENSG00000163636.6 3 64009658 64009658 - 1 -23194 3_internal_15760 3 64032852 64341638 89 94.2496 1.00007 1.07297 0.0990324 0.166005 0.109453 0.0957458
ENSG00000144741.12 3 66119285 66119285 + 5 328496 3_internal_15124 3 66447781 66854898 89 81.6645 0.999888 4.41589 1.53029e-06 0.488682 0.00497512 1.83483e-05
ENSG00000206759.1 3 66343644 66343644 - 5 -104373 3_internal_11911 3 66448017 66524992 89 79.5959 0.999945 4.16089 0.123756 -0.156412 0.497512 0.480534
ENSG00000241587.2 3 66374279 66374279 + 5 647386 3_internal_12096 3 67021665 67067775 89 86.1318 1.00005 4.83443 0.0540861 0.199249 0.253731 0.251379
ENSG00000144749.9 3 66551687 66551687 - 5 0 3_internal_15124 3 66447781 66854898 89 88.2352 1.0001 5.2567 3.86732e-07 0.541388 0.00497512 2.27855e-06
ENSG00000163376.7 3 67048727 67048727 + 5 0 3_internal_12096 3 67021665 67067775 89 91.59 0.999954 5.06074 0.0617318 -0.208015 0.288557 0.261141
ENSG00000241884.1 3 67346724 67346724 + 5 -2858 3_internal_12140 3 67035706 67343866 89 87.8527 0.999911 4.40964 0.0405606 0.202933 0.179104 0.171972
ENSG00000242510.1 3 67564364 67564364 + 4 -220498 3_internal_12140 3 67035706 67343866 89 87.9744 1.00001 3.50447 0.107066 0.164897 0.343284 0.332972
ENSG00000172340.10 3 67705038 67705038 - 4 850140 3_internal_15124 3 66447781 66854898 89 91.1033 0.999991 4.71969 0.139296 0.163722 0.497512 0.494782
ENSG00000241316.2 3 67705121 67705121 + 4 -850223 3_internal_15124 3 66447781 66854898 89 83.8721 0.999902 4.19919 0.287822 0.119944 0.776119 0.779372
ENSG00000183662.6 3 68053359 68053359 + 3 -709493 3_internal_12140 3 67035706 67343866 89 84.9846 1.00009 3.33226 0.0960801 0.152737 0.313433 0.306298
ENSG00000214552.4 3 68194154 68194154 + 1 -850288 3_internal_12140 3 67035706 67343866 89 111.65 1.00002 1.15829 0.0173064 0.238221 0.0149254 0.00884916
ENSG00000240568.1 3 68241548 68241548 + 1 -897682 3_internal_12140 3 67035706 67343866 89 89.3129 1.00003 1.02843 0.561411 0.0605062 0.557214 0.570866
ENSG00000241506.1 3 68684856 68684856 + 3 683753 3_internal_18433 3 69368609 69576599 89 94.4234 0.999974 2.96997 0.328747 -0.103798 0.656716 0.674011
ENSG00000244513.2 3 69063092 69063092 + 7 763549 3_internal_12778 3 69826641 69840373 89 98.3867 0.882023 6.25156 0.0510173 0.186911 0.298507 0.277968
ENSG00000163378.9 3 69063112 69063112 - 7 -730258 3_internal_11883 3 69793370 69841616 89 86.0102 1.00005 5.44791 0.179916 0.133139 0.656716 0.677223
ENSG00000265355.1 3 69098186 69098186 - 7 -921645 3_internal_15102 3 70019831 70055767 89 98.8734 0.898205 7.48931 0.120342 -0.172032 0.562189 0.597537
ENSG00000144747.10 3 69101484 69101484 - 7 -709340 3_internal_11837 3 69810824 69827556 89 82.777 1.05741 6.28937 0.0357298 0.208138 0.228856 0.218208
ENSG00000144744.12 3 69129559 69129559 - 7 -890272 3_internal_15102 3 70019831 70055767 89 77.6664 1.07167 6.57213 0.0664986 -0.191621 0.447761 0.416027
ENSG00000144746.6 3 69134095 69134095 + 7 885736 3_internal_15102 3 70019831 70055767 89 102.871 1.05348 8.43295 0.0524109 -0.208581 0.238806 0.249591
ENSG00000163380.11 3 69172183 69172183 - 7 -847648 3_internal_15102 3 70019831 70055767 89 92.6504 0.983559 7.76936 0.0128216 -0.229656 0.0995025 0.0870277
ENSG00000114541.10 3 69591734 69591734 - 7 304599 3_internal_12983 3 69275028 69287135 89 93.1197 1.02753 8.03003 1.69034e-07 0.558557 0.00497512 4.71091e-07
ENSG00000244203.2 3 71338920 71338920 + 14 -142165 3_internal_14188 3 71191292 71196755 89 91.7117 1.09419 16.362 0.0440917 0.206144 0.482587 0.452052
ENSG00000242094.1 3 71623608 71623608 - 18 -64747 3_internal_16974 3 71688355 71909258 89 87.5225 0.922265 16.4112 0.0134936 0.281925 0.248756 0.243522
ENSG00000114861.14 3 71633140 71633140 - 18 -55215 3_internal_16974 3 71688355 71909258 89 81.4906 1.07764 16.6212 0.0699476 -0.192531 0.756219 0.737741
ENSG00000170837.2 3 71803201 71803201 + 18 0 3_internal_16974 3 71688355 71909258 89 86.184 1.21935 21.1541 0.106152 0.166745 0.900498 0.884824
ENSG00000163412.7 3 71803924 71803924 - 18 0 3_internal_16974 3 71688355 71909258 89 88.635 1.02978 18.2488 4.34905e-11 0.611404 0.00497512 4.61696e-10
ENSG00000163602.8 3 72496069 72496069 - 15 133943 3_internal_16611 3 72318231 72362126 89 92.1637 0.924497 12.8734 0.00102308 0.329078 0.0348259 0.0154129
ENSG00000241537.1 3 72821690 72821690 + 12 -459564 3_internal_16611 3 72318231 72362126 89 88.7393 1.20082 13.6369 0.195298 0.127502 0.935323 0.928343
ENSG00000144736.9 3 72911065 72911065 - 11 0 3_internal_15874 3 72868707 72945046 89 80.691 0.985145 9.20851 0.00159876 0.323864 0.0298507 0.0257581
ENSG00000172986.8 3 72937224 72937224 + 11 -783674 3_internal_12222 3 72090596 72153550 89 89.1564 0.956866 9.90192 0.26231 0.117836 0.965174 0.9543
ENSG00000163605.10 3 73045936 73045936 + 10 -540004 3_internal_13342 3 72469000 72505932 89 88.8088 0.952028 9.0386 0.0265056 0.248208 0.258706 0.236706
ENSG00000255423.1 3 73110810 73110810 + 9 -614968 3_internal_12274 3 72392289 72495842 89 83.0029 1.09919 8.4303 0.254802 -0.124072 0.915423 0.918711
ENSG00000223247.1 3 73160143 73160143 + 7 -882749 3_internal_16924 3 72191215 72277394 89 88.6871 0.99049 6.23835 0.0600528 -0.213488 0.338308 0.326838
ENSG00000213300.4 3 75263782 75263782 + 7 472727 3_internal_12917 3 75736509 75774298 89 98.2824 0.853657 6.74682 0.274873 -0.105667 0.885572 0.887369
ENSG00000238278.3 3 75464221 75464221 + 7 0 3_internal_15651 3 75290544 75629695 89 91.7117 1.05675 7.42621 1.1681e-05 0.412789 0.00497512 3.60685e-05
ENSG00000244026.1 3 75484261 75484261 - 7 0 3_internal_15651 3 75290544 75629695 89 111.997 0.885315 7.60177 0.0088292 0.275401 0.039801 0.039247
ENSG00000239959.1 3 75540353 75540353 - 7 0 3_internal_15651 3 75290544 75629695 89 108.782 0.902141 8.1689 0.0634062 0.198586 0.308458 0.329703
ENSG00000266396.1 3 75787431 75787431 + 7 -157736 3_internal_15651 3 75290544 75629695 89 80.9518 0.949561 5.83559 0.126282 0.161866 0.61194 0.620174
ENSG00000227124.4 3 75834734 75834734 - 7 205039 3_internal_15651 3 75290544 75629695 89 94.7885 1.04623 7.41553 0.00164171 0.326165 0.0149254 0.00673269
ENSG00000240809.1 3 76483169 76483169 + 7 -707086 3_internal_15725 3 75759366 75776083 89 92.6852 1.00003 6.00233 0.155385 0.137772 0.60199 0.61505
ENSG00000114480.8 3 81811312 81811312 - 2 118047 3_internal_12433 3 81534453 81693265 89 98.3346 0.999974 2.12306 0.146347 -0.162326 0.288557 0.249971
ENSG00000083937.4 3 87276421 87276421 + 0 NA NA NA NA NA NA NA NA NA NA NA NA NA
ENSG00000064835.6 3 87325737 87325737 - 0 NA NA NA NA NA NA NA NA NA NA NA NA NA
ENSG00000229729.3 3 88108424 88108424 + 0 NA NA NA NA NA NA NA NA NA NA NA NA NA
ENSG00000241535.1 3 88145118 88145118 - 0 NA NA NA NA NA NA NA NA NA NA NA NA NA
ENSG00000175105.5 3 88188254 88188254 + 1 965224 3_internal_12988 3 89153478 89164131 89 91.9725 0.999936 0.917842 0.957666 0.00615631 0.950249 0.944273
ENSG00000179021.4 3 88198893 88198893 + 1 954585 3_internal_12988 3 89153478 89164131 89 77.2666 1.00003 0.882731 0.0654628 -0.199113 0.0696517 0.0765076
ENSG00000163320.6 3 88199035 88199035 - 1 -954443 3_internal_12988 3 89153478 89164131 89 84.3762 1.00005 1.07563 0.673329 -0.0443194 0.721393 0.707884
ENSG00000244150.1 3 88206039 88206039 + 1 947439 3_internal_12988 3 89153478 89164131 89 108.66 1.00006 1.16133 0.989907 0.00140859 1 0.994597
ENSG00000169379.11 3 93698983 93698983 + 0 NA NA NA NA NA NA NA NA NA NA NA NA NA
ENSG00000239614.1 3 93707790 93707790 - 0 NA NA NA NA NA NA NA NA NA NA NA NA NA
ENSG00000178750.2 3 93747454 93747454 - 0 NA NA NA NA NA NA NA NA NA NA NA NA NA
ENSG00000178694.4 3 93781760 93781760 + 0 NA NA NA NA NA NA NA NA NA NA NA NA NA
ENSG00000178700.3 3 93782233 93782233 - 0 NA NA NA NA NA NA NA NA NA NA NA NA NA
ENSG00000243497.1 3 93795186 93795186 + 0 NA NA NA NA NA NA NA NA NA NA NA NA NA
ENSG00000242457.1 3 93796019 93796019 - 0 NA NA NA NA NA NA NA NA NA NA NA NA NA
ENSG00000243547.1 3 96068398 96068398 + 0 NA NA NA NA NA NA NA NA NA NA NA NA NA
ENSG00000113966.5 3 97483365 97483365 + 5 819971 3_internal_11291 3 98303336 98314258 89 79.6307 0.999993 4.04443 0.0308599 0.227136 0.144279 0.15651
ENSG00000233280.1 3 97540884 97540884 + 5 0 3_internal_16129 3 97539457 97733496 89 82.0121 1.00008 3.8846 1.10201e-05 0.443806 0.00497512 9.5237e-05
ENSG00000080200.5 3 97595819 97595819 + 5 0 3_internal_16129 3 97539457 97733496 89 109.46 1.00003 5.24154 8.35594e-07 0.488816 0.00497512 2.40207e-07
ENSG00000170854.12 3 97691301 97691301 - 5 0 3_internal_16129 3 97539457 97733496 89 99.2211 0.999989 5.00747 0.000373072 0.376606 0.00497512 0.000856449
ENSG00000231861.1 3 98216448 98216448 + 5 -308331 3_internal_15963 3 97747151 97908117 89 106.922 1.00005 5.41294 0.168798 -0.140816 0.537313 0.533212
ENSG00000248839.1 3 98241414 98241414 + 6 17795 3_internal_12824 3 98259209 98276649 89 103.775 0.966739 7.31742 0.0358225 0.208038 0.179104 0.170662
ENSG00000080822.11 3 98241910 98241910 - 6 -38494 3_internal_13742 3 98280404 98306958 89 86.9836 0.999963 5.046 0.000106946 0.409364 0.00995025 0.000646935
ENSG00000154165.3 3 98250743 98250743 + 6 29661 3_internal_13742 3 98280404 98306958 89 101.272 0.963675 6.2367 0.0124401 0.255292 0.0547264 0.0529014
ENSG00000080819.2 3 98312567 98312567 - 6 5609 3_internal_13742 3 98280404 98306958 89 102.559 0.935229 5.68141 9.06121e-06 0.424638 0.00497512 2.28513e-05
ENSG00000064225.8 3 98451080 98451080 + 6 -542963 3_internal_15963 3 97747151 97908117 89 85.0715 1.00005 5.46148 0.220576 0.133439 0.751244 0.761947
ENSG00000057019.11 3 98620533 98620533 - 7 887037 3_internal_16129 3 97539457 97733496 89 105.131 0.949179 6.86881 0.00335329 0.33008 0.0248756 0.0125487
ENSG00000184220.6 3 99536678 99536678 + 5 0 3_internal_12365 3 99224182 99537687 89 75.9977 1.00008 4.35833 0.0672592 0.195141 0.373134 0.340149
ENSG00000168386.14 3 99833357 99833357 - 6 295670 3_internal_12365 3 99224182 99537687 89 77.1102 0.999988 5.14754 0.0733143 0.179387 0.378109 0.404067
ENSG00000261533.1 3 99898411 99898411 + 6 -277322 3_internal_12035 3 99594383 99621089 89 90.4254 1.03254 6.78131 0.102321 0.160799 0.522388 0.494316
ENSG00000036054.8 3 99979844 99979844 + 6 -358755 3_internal_12035 3 99594383 99621089 89 92.0941 0.91621 5.81024 0.128587 -0.159619 0.572139 0.568843
ENSG00000114021.6 3 100053545 100053545 + 6 130803 3_internal_11969 3 100184348 100323383 89 74.8678 1.00004 4.69889 0.241291 0.130506 0.79602 0.790195
ENSG00000206535.3 3 100120037 100120037 + 6 491152 3_internal_12822 3 100611189 100619594 89 91.9377 1.05143 6.65675 0.0048321 0.289999 0.0248756 0.0224314
ENSG00000154174.7 3 100120242 100120242 - 6 499153 3_internal_12035 3 99594383 99621089 89 86.4621 0.981319 5.37216 0.578479 0.0631902 0.99005 0.991326
ENSG00000114354.8 3 100428205 100428205 + 9 -890518 3_internal_12365 3 99224182 99537687 89 100.803 0.965095 11.1902 0.162354 0.144846 0.800995 0.816953
ENSG00000154175.12 3 100712359 100712359 - 11 -938913 3_internal_13308 3 101651272 101662870 89 81.0734 0.994778 8.0545 0.255018 0.124305 0.895522 0.927646
ENSG00000081148.10 3 101039404 101039404 - 13 -611868 3_internal_13308 3 101651272 101662870 89 84.0807 1.07225 11.8155 0.0669376 -0.187708 0.597015 0.570944
ENSG00000241738.1 3 101076136 101076136 + 13 -752753 3_internal_11969 3 100184348 100323383 89 103.306 0.838379 13.4277 0.119605 0.15741 0.791045 0.787317
ENSG00000232830.4 3 101133072 101133072 + 13 402267 3_internal_11816 3 101535339 101577121 89 96.0574 0.894885 11.9148 0.119978 0.16495 0.776119 0.772928
ENSG00000138468.11 3 101232085 101232085 - 12 0 3_internal_17242 3 101183704 101284670 89 84.55 0.943076 9.80082 0.000141603 0.43904 0.0149254 0.00296455
ENSG00000175841.7 3 101237711 101237711 + 12 289882 3_internal_14644 3 101527593 101621834 89 93.4152 0.941939 11.3299 0.0664339 -0.198623 0.517413 0.531555
ENSG00000174173.6 3 101280706 101280706 + 12 246887 3_internal_14644 3 101527593 101621834 89 86.1492 0.94438 10.188 0.0268132 -0.2136 0.268657 0.287009
ENSG00000081154.7 3 101292939 101292939 + 12 443778 3_internal_16616 3 101736717 101741089 89 88.635 1.07032 12.9349 0.0220537 -0.236794 0.218905 0.224575
ENSG00000242299.1 3 101295791 101295791 - 12 -452261 3_internal_17154 3 101748052 101779248 89 84.6369 1.03289 9.36227 0.0143275 -0.253837 0.129353 0.137315
ENSG00000243396.1 3 101318488 101318488 - 12 -213012 3_internal_13556 3 101531500 101609637 89 100.56 1.05797 16.0596 0.0500543 -0.199911 0.40796 0.428695
ENSG00000201121.1 3 101381008 101381008 - 12 -14977 3_internal_12468 3 101395985 101405337 89 81.0039 1.06959 10.3484 0.000829321 0.335603 0.00995025 0.0106759
ENSG00000256628.1 3 101395274 101395274 + 12 -110604 3_internal_17242 3 101183704 101284670 89 81.9078 1.03141 9.73112 0.0804468 0.192081 0.616915 0.602553
ENSG00000066422.4 3 101396339 101396339 - 12 0 3_internal_11279 3 101279816 101397108 89 86.4795 1.12634 12.9589 0.113101 -0.160885 0.78607 0.768539
ENSG00000114391.8 3 101405626 101405626 - 12 -342426 3_internal_17154 3 101748052 101779248 89 79.5785 1.05317 8.91885 0.0486759 0.206151 0.447761 0.412313
ENSG00000244119.1 3 101431316 101431316 + 12 -25979 3_internal_12468 3 101395985 101405337 89 79.3004 1.00451 9.38651 0.0848559 0.172452 0.636816 0.641239
ENSG00000182504.6 3 101442769 101442769 + 12 208503 3_internal_13308 3 101651272 101662870 89 89.8691 0.990912 11.6225 0.021969 -0.229028 0.248756 0.225359
ENSG00000144815.9 3 101498046 101498046 + 12 -92709 3_internal_12468 3 101395985 101405337 89 92.0072 0.899825 12.0955 0.0376273 -0.213609 0.353234 0.395546
ENSG00000249474.1 3 101543842 101543842 - 12 0 3_internal_11816 3 101535339 101577121 89 95.9357 1.00376 14.2992 0.0319584 0.212157 0.313433 0.311355
ENSG00000144802.7 3 101546835 101546835 + 12 104437 3_internal_13308 3 101651272 101662870 89 92.4592 0.912817 11.6921 0.0166584 0.262084 0.18408 0.191541
ENSG00000170017.8 3 105085753 105085753 + 8 18129 3_internal_16132 3 105103882 105225199 89 85.2975 1.03465 7.75574 0.0525902 0.203998 0.343284 0.353831
ENSG00000114423.14 3 105588396 105588396 - 8 68698 3_internal_14158 3 105448804 105519698 89 83.9764 0.992759 7.40328 0.058929 0.198869 0.393035 0.403084
ENSG00000243701.1 3 106959539 106959539 + 6 -678699 3_internal_12473 3 105890950 106280840 89 90.999 1.00728 5.47907 0.0317742 -0.215017 0.164179 0.150838
ENSG00000239828.2 3 107101007 107101007 - 6 -701417 3_internal_11424 3 107802424 107853976 89 100.49 0.939534 6.04407 0.0488578 0.194308 0.243781 0.224434
ENSG00000114439.13 3 107241783 107241783 + 6 82497 3_internal_15404 3 107324280 107439307 89 90.7904 1.00002 5.06171 0.0346375 0.233896 0.169154 0.155572
ENSG00000196776.10 3 107809872 107809872 - 7 0 3_internal_11424 3 107802424 107853976 89 99.9859 1.05971 9.79584 0.00620706 0.303781 0.0248756 0.0286768
ENSG00000114446.4 3 107941417 107941417 - 7 502110 3_internal_15404 3 107324280 107439307 89 83.1594 1.01522 5.6578 0.0307188 0.251687 0.18408 0.185456
ENSG00000114455.9 3 108015376 108015376 + 7 -576069 3_internal_15404 3 107324280 107439307 89 81.5775 1.00004 5.38453 0.378202 -0.0995122 0.945274 0.935513
ENSG00000144821.5 3 108248169 108248169 - 7 808862 3_internal_15404 3 107324280 107439307 89 85.7494 0.962968 6.01515 0.034466 -0.240873 0.258706 0.222433
ENSG00000241634.1 3 108262722 108262722 - 7 135202 3_internal_15322 3 107778762 108127520 89 83.4549 1.00011 5.54982 0.0152829 0.269069 0.0845771 0.100224
ENSG00000163507.8 3 108308491 108308491 - 7 869184 3_internal_15404 3 107324280 107439307 89 89.7475 0.960073 6.33874 0.448416 -0.0857665 0.975124 0.978164
ENSG00000198919.8 3 108308529 108308529 + 7 -454553 3_internal_11424 3 107802424 107853976 89 113.266 0.944717 9.49074 0.0446285 -0.215766 0.228856 0.223737
ENSG00000163519.9 3 108541545 108541545 + 6 -687569 3_internal_11424 3 107802424 107853976 89 91.7465 0.93683 6.06283 0.0989781 -0.177791 0.497512 0.479928
ENSG00000121570.8 3 109056419 109056419 - 4 263887 3_internal_11434 3 108777596 108792532 89 112.536 1.00002 6.14577 0.00766392 0.274546 0.039801 0.0164649
ENSG00000177707.6 3 110788918 110788918 + 1 -753605 3_internal_11626 3 110029050 110035313 89 93.902 0.999973 1.18473 0.862561 0.0186339 0.905473 0.901688
ENSG00000241177.1 3 111011566 111011566 + 2 -976253 3_internal_11626 3 110029050 110035313 89 88.8957 1.00007 2.09682 0.376275 -0.100047 0.656716 0.628672
