ENSG00000122705.10 9 36190853 36190853 + 9 -537423 9_internal_8562 9 35616368 35653430 89 99.8121 0.955597 11.0083 0.126349 0.160651 0.721393 0.722652
ENSG00000159921.9 9 36277053 36277053 - 9 267516 9_internal_7274 9 36006937 36009537 89 99.8295 0.881244 10.5472 0.00327862 0.312536 0.0447761 0.0320039
ENSG00000215283.3 9 36304921 36304921 - 9 295384 9_internal_7274 9 36006937 36009537 89 94.2148 1.01123 9.37914 0.112421 0.148673 0.661692 0.632218
ENSG00000224304.1 9 36334969 36334969 - 9 325432 9_internal_7274 9 36006937 36009537 89 92.4592 0.980548 8.63917 0.101558 -0.174052 0.59204 0.586829
ENSG00000137075.12 9 36487545 36487545 - 9 932997 9_internal_8657 9 35505166 35554548 89 94.5973 1.0363 10.3064 0.0956337 -0.166496 0.606965 0.587491
ENSG00000165304.3 9 36572859 36572859 + 8 -859647 9_internal_8536 9 35707369 35713212 89 101.794 1.01929 10.2307 0.166782 0.140788 0.746269 0.77821
ENSG00000233137.2 9 37079893 37079893 + 6 701955 9_internal_8460 9 37781848 37814008 89 87.1748 1.04467 6.14316 0.0484874 -0.213715 0.248756 0.255614
ENSG00000147905.12 9 37120536 37120536 + 6 0 9_internal_9795 9 37024980 37343532 89 87.6268 1.04125 6.28659 0.0011295 0.351397 0.00995025 0.00623905
ENSG00000200502.1 9 37160134 37160134 + 5 0 9_internal_9795 9 37024980 37343532 89 81.5602 0.999907 4.04568 0.102754 0.16809 0.40796 0.399417
ENSG00000228292.1 9 37205365 37205365 - 6 0 9_internal_9795 9 37024980 37343532 89 82.69 0.999971 5.23514 0.26163 0.113671 0.830846 0.820045
ENSG00000206784.1 9 37322256 37322256 + 6 430889 9_internal_6962 9 37753145 37785986 89 80.2217 1.00007 5.49042 0.159374 -0.144037 0.681592 0.667404
ENSG00000137106.12 9 37422663 37422663 + 6 359185 9_internal_8460 9 37781848 37814008 89 88.2525 1.07726 6.33711 0.187791 -0.147394 0.741294 0.71063
ENSG00000250559.1 9 37432084 37432084 + 6 321061 9_internal_6962 9 37753145 37785986 89 86.9836 0.986486 5.88712 0.0744832 0.193899 0.402985 0.385808
ENSG00000236156.2 9 37434174 37434174 + 6 -90642 9_internal_9795 9 37024980 37343532 89 101.742 1.00004 6.39926 0.487613 0.077852 0.995025 0.980111
ENSG00000264255.1 9 37459706 37459706 - 6 -322142 9_internal_8460 9 37781848 37814008 89 81.8904 0.965841 5.33103 0.0305231 0.233111 0.20398 0.19968
ENSG00000168795.4 9 37465396 37465396 - 6 121864 9_internal_9795 9 37024980 37343532 89 83.1246 0.993199 5.87309 0.156938 -0.151818 0.666667 0.671165
ENSG00000137054.11 9 37485932 37485932 + 6 593038 9_internal_6697 9 38078970 38085353 89 117.734 0.78282 7.18171 0.300604 0.109999 0.915423 0.896552
ENSG00000240336.1 9 37485959 37485959 + 6 -142427 9_internal_9795 9 37024980 37343532 89 102.263 0.946059 7.42661 0.0182151 -0.24837 0.109453 0.0946545
ENSG00000230188.1 9 37490890 37490890 - 6 -290958 9_internal_8460 9 37781848 37814008 89 82.6205 0.999934 4.54019 0.0554688 0.202108 0.248756 0.26321
ENSG00000234160.1 9 37509147 37509147 + 6 -165615 9_internal_9795 9 37024980 37343532 89 94.3887 1.07898 6.45493 0.0935096 -0.169659 0.437811 0.396876
ENSG00000147912.8 9 37588871 37588871 - 6 -192977 9_internal_8460 9 37781848 37814008 89 92.8242 1.01903 5.61456 0.319794 -0.107568 0.875622 0.871489
ENSG00000256966.2 9 37592466 37592466 - 6 -604137 9_internal_9228 9 38196603 38228332 89 85.6451 1.00566 5.91714 0.170157 -0.148059 0.696517 0.685477
ENSG00000175768.8 9 37592639 37592639 - 6 -189209 9_internal_8460 9 37781848 37814008 89 90.182 0.982685 5.41167 0.0573545 0.211132 0.248756 0.274188
ENSG00000165275.5 9 37753804 37753804 + 7 325166 9_internal_6697 9 38078970 38085353 89 118.412 0.80846 7.26788 0.163296 0.163079 0.587065 0.649603
ENSG00000122741.11 9 37800499 37800499 + 7 125461 9_internal_10678 9 37925960 38049333 89 84.2719 1.0571 6.52888 0.109668 0.175721 0.59204 0.539986
ENSG00000107371.7 9 37801434 37801434 - 7 -824064 9_internal_9247 9 38625498 38673033 89 93.1023 1.04875 7.65275 0.109501 -0.15339 0.537313 0.538119
ENSG00000232454.2 9 37836041 37836041 + 7 -492509 9_internal_9795 9 37024980 37343532 89 86.3752 1.11659 7.34289 0.0903513 0.183471 0.482587 0.468882
ENSG00000226055.2 9 37878113 37878113 + 7 -64105 9_internal_8460 9 37781848 37814008 89 88.5828 0.950407 7.47299 0.114026 -0.152154 0.60199 0.61951
ENSG00000213839.4 9 37885680 37885680 + 7 40280 9_internal_10678 9 37925960 38049333 89 80.2043 1.07048 6.19207 0.0525748 -0.205421 0.328358 0.312933
ENSG00000122696.8 9 37904350 37904350 - 7 118364 9_internal_6962 9 37753145 37785986 89 109.407 0.886874 7.91153 0.00814189 -0.279716 0.039801 0.0408366
ENSG00000255872.3 9 38068684 38068684 - 7 -127919 9_internal_9228 9 38196603 38228332 89 83.8895 0.906271 5.47512 0.102533 -0.185034 0.492537 0.525378
ENSG00000107338.8 9 38069210 38069210 - 7 19877 9_internal_10678 9 37925960 38049333 89 79.2135 1.06224 6.63098 0.343364 0.0969371 0.940299 0.948914
ENSG00000137124.6 9 38392661 38392661 + 6 -164329 9_internal_9228 9 38196603 38228332 89 83.9416 1.03919 5.70165 0.0173148 -0.254545 0.109453 0.102562
ENSG00000259898.1 9 38542566 38542566 - 6 314234 9_internal_9228 9 38196603 38228332 89 93.5717 0.921182 6.27931 0.169524 -0.133669 0.681592 0.693047
ENSG00000250989.1 9 38543443 38543443 - 6 729435 9_internal_8460 9 37781848 37814008 89 80.9865 1.00422 5.54962 0.269611 0.104766 0.820896 0.852465
ENSG00000225345.3 9 38568208 38568208 - 6 782222 9_internal_6962 9 37753145 37785986 89 84.2371 0.999886 5.49336 0.0363847 0.207781 0.159204 0.20912
ENSG00000204860.4 9 38620471 38620471 + 6 5027 9_internal_9247 9 38625498 38673033 89 89.3303 0.963298 5.58407 0.00245364 0.305541 0.0149254 0.0158555
ENSG00000180071.12 9 38620657 38620657 - 6 -4841 9_internal_9247 9 38625498 38673033 89 83.9242 0.999936 5.32528 0.0231705 0.220245 0.114428 0.137953
ENSG00000198416.7 9 39464526 39464526 - 1 791493 9_internal_9247 9 38625498 38673033 89 109.442 1.00002 1.03999 0.777848 -0.0297104 0.776119 0.767677
ENSG00000196409.6 9 40836415 40836415 - 0 NA NA NA NA NA NA NA NA NA NA NA NA NA
ENSG00000229273.1 9 41954580 41954580 + 0 NA NA NA NA NA NA NA NA NA NA NA NA NA
ENSG00000204837.2 9 42019580 42019580 - 0 NA NA NA NA NA NA NA NA NA NA NA NA NA
ENSG00000237846.1 9 42250840 42250840 + 0 NA NA NA NA NA NA NA NA NA NA NA NA NA
ENSG00000215126.5 9 42668608 42668608 + 1 776913 9_internal_7578 9 43445521 43464811 89 102.576 0.999969 0.92801 0.912936 -0.0113686 0.920398 0.889138
ENSG00000268578.1 9 45441542 45441542 - 4 0 9_internal_10716 9 45355886 68434781 89 81.6992 1.00003 3.45072 0.568952 -0.0613603 0.950249 0.952052
ENSG00000227449.3 9 46687462 46687462 + 2 0 9_internal_7304 9 45355858 66494793 89 83.3332 0.99991 2.08731 0.00712521 0.301544 0.0199005 0.0191793
ENSG00000204802.3 9 46688137 46688137 - 2 0 9_internal_7304 9 45355858 66494793 89 107.965 0.99998 2.03329 0.0933594 0.188762 0.154229 0.126708
ENSG00000238113.1 9 66457285 66457285 + 4 0 9_internal_10716 9 45355886 68434781 89 106.835 0.999927 5.10396 0.000639646 0.375067 0.00497512 0.000930324
ENSG00000229422.1 9 66494196 66494196 - 4 0 9_internal_10716 9 45355886 68434781 89 95.7098 1.00002 4.14066 4.40528e-05 0.444701 0.00497512 9.37143e-05
ENSG00000170161.5 9 66553273 66553273 + 4 -58480 9_internal_7304 9 45355858 66494793 89 77.9619 0.999891 3.54737 0.0777906 -0.18692 0.313433 0.309023
ENSG00000238638.1 9 66858612 66858612 - 5 22458 9_internal_9038 9 66820749 66836154 89 87.7832 1.01465 5.90499 0.141963 -0.155235 0.597015 0.596644
ENSG00000264898.1 9 66861543 66861543 - 5 25389 9_internal_9038 9 66820749 66836154 89 96.2486 0.999996 5.48467 0.0028381 -0.292404 0.0199005 0.010407
ENSG00000232815.1 9 68414196 68414196 - 4 0 9_internal_10716 9 45355886 68434781 89 91.7812 0.999902 3.94971 0.0534699 0.214457 0.19403 0.18293
ENSG00000215548.2 9 68455375 68455375 - 4 0 9_internal_7373 9 68447441 68734754 89 91.9029 1.00004 4.22985 2.62435e-12 0.614196 0.00497512 4.8928e-12
ENSG00000229789.1 9 68726629 68726629 + 3 0 9_internal_7373 9 68447441 68734754 89 95.6402 0.999973 3.08827 1.89772e-05 0.418947 0.00497512 2.85597e-05
ENSG00000204794.6 9 68809906 68809906 - 3 375125 9_internal_10716 9 45355886 68434781 89 93.085 1.00002 2.96591 0.160863 0.151218 0.393035 0.385734
ENSG00000238919.1 9 69002081 69002081 - 3 567300 9_internal_10716 9 45355886 68434781 89 91.9898 0.999937 3.04693 0.210494 0.122848 0.492537 0.499038
ENSG00000239070.1 9 69002321 69002321 - 3 267567 9_internal_7373 9 68447441 68734754 89 87.9223 0.999948 2.80739 0.358586 0.0919943 0.731343 0.716253
ENSG00000233961.1 9 69065655 69065655 + 3 -630874 9_internal_10716 9 45355886 68434781 89 105.531 1.00002 3.01729 0.0491779 0.205793 0.104478 0.0938092
ENSG00000231242.1 9 69108793 69108793 - 3 374039 9_internal_7373 9 68447441 68734754 89 89.4346 0.999916 2.93333 0.442484 -0.0756305 0.81592 0.818785
ENSG00000227558.4 9 69147854 69147854 - 3 713073 9_internal_10716 9 45355886 68434781 89 95.3447 0.999924 3.21386 0.061536 0.192267 0.154229 0.160385
ENSG00000204790.7 9 69272478 69272478 - 4 837697 9_internal_10716 9 45355886 68434781 89 97.6914 1 3.9707 0.00059301 0.337686 0.00497512 0.00126541
ENSG00000204778.4 9 70216621 70216621 - 4 -273570 9_internal_9018 9 70490191 70496769 89 97.3437 0.99993 4.06967 0.0226137 0.256445 0.0746269 0.0677297
ENSG00000147996.10 9 70497240 70497240 - 6 0 9_internal_8630 9 70494234 70646771 89 80.4303 1.04984 5.8074 0.0228817 0.239361 0.154229 0.148534
ENSG00000236725.1 9 70645650 70645650 + 10 -148881 9_internal_9018 9 70490191 70496769 89 99.7426 0.958374 10.3458 0.0255084 -0.227963 0.189055 0.187023
ENSG00000269337.1 9 70646589 70646589 + 10 0 9_internal_8630 9 70494234 70646771 89 85.0889 0.954428 9.09122 0.046052 0.224764 0.41791 0.401405
ENSG00000196873.9 9 70849767 70849767 + 11 737740 9_internal_7027 9 71587507 71615055 89 87.9744 1.04378 10.635 0.160527 0.160495 0.835821 0.839171
ENSG00000233178.2 9 71021416 71021416 - 11 -566091 9_internal_7027 9 71587507 71615055 89 94.7711 1.07947 14.9634 0.131205 -0.153018 0.840796 0.831928
ENSG00000107242.12 9 71320575 71320575 + 12 272060 9_internal_7574 9 71592635 71614386 89 91.3641 1.0589 13.9043 0.0362232 0.22634 0.348259 0.352849
ENSG00000187866.6 9 71394964 71394964 + 12 106186 9_internal_8618 9 71501150 71512442 89 71.8953 1.03174 8.85601 0.0115812 0.244334 0.18408 0.177217
ENSG00000236998.1 9 71404586 71404586 - 11 -378170 9_internal_8773 9 71782756 71815486 89 96.3703 1.01899 12.2314 0.0131252 0.255939 0.0945274 0.108526
ENSG00000165060.7 9 71650175 71650175 + 10 -35120 9_internal_7027 9 71587507 71615055 89 99.0646 0.981272 11.6109 0.0117126 0.264874 0.104478 0.0917016
ENSG00000227410.1 9 71736209 71736209 + 11 -552507 9_internal_8660 9 71088601 71183702 89 96.7875 0.967771 13.0774 0.0842042 0.163434 0.641791 0.6356
ENSG00000119139.11 9 71736224 71736224 + 11 46532 9_internal_8773 9 71782756 71815486 89 103.723 0.932589 12.7562 3.82275e-06 0.451663 0.00497512 1.74295e-05
ENSG00000269295.1 9 71869642 71869642 - 11 431708 9_internal_9557 9 71329311 71437934 89 92.2332 0.974741 11.3438 0.008586 0.27887 0.104478 0.0875121
ENSG00000243888.1 9 72043637 72043637 - 12 -624700 9_internal_7588 9 72668337 72696727 89 92.5809 1.06032 13.2858 0.0305586 0.234412 0.313433 0.281787
ENSG00000107282.4 9 72287222 72287222 - 13 -830040 9_internal_8252 9 73117262 73120899 89 82.2381 0.989775 10.707 0.087348 -0.179881 0.676617 0.681806
ENSG00000188647.8 9 72374875 72374875 - 13 759820 9_internal_7027 9 71587507 71615055 89 76.1715 1.0667 10.3207 0.080273 -0.203436 0.671642 0.659276
ENSG00000165072.9 9 72658497 72658497 + 7 -460112 9_internal_8851 9 72068347 72198385 89 99.0473 0.981336 7.68856 0.1449 -0.149899 0.641791 0.646122
ENSG00000204706.8 9 72790804 72790804 - 7 354675 9_internal_6944 9 72420705 72436129 89 78.4139 1.0088 6.51911 0.0662453 0.182594 0.427861 0.434754
ENSG00000236801.1 9 72832111 72832111 + 6 -395982 9_internal_6944 9 72420705 72436129 89 99.308 0.938015 7.02568 0.166796 -0.152244 0.666667 0.688706
ENSG00000268364.1 9 72873782 72873782 - 6 -292547 9_internal_7234 9 73166329 73173767 89 94.1105 1.04598 7.22045 0.378487 0.0991051 0.950249 0.959187
ENSG00000198887.7 9 72873937 72873937 + 6 -437808 9_internal_6944 9 72420705 72436129 89 90.86 1.01375 5.88222 0.0443364 -0.214108 0.21393 0.218388
ENSG00000119138.3 9 73029540 73029540 - 6 0 9_internal_10610 9 73004540 73217654 89 89.4346 1.02681 6.44458 0.0749634 0.216771 0.358209 0.379416
ENSG00000135048.9 9 74431606 74431606 - 8 -760496 9_internal_7620 9 75192102 75210593 89 89.1738 0.981448 8.64898 0.225709 0.130477 0.875622 0.893221
ENSG00000200922.1 9 74517466 74517466 - 8 -400185 9_internal_7060 9 74917651 74933101 89 85.1584 1.11278 8.11332 0.10184 -0.163704 0.567164 0.563033
ENSG00000107362.9 9 74525847 74525847 - 8 -530861 9_internal_8299 9 75056708 75088609 89 85.6973 1.03548 7.27555 0.0495569 0.203713 0.338308 0.316375
ENSG00000155621.9 9 74526426 74526426 + 8 530282 9_internal_8299 9 75056708 75088609 89 83.4723 1.08745 7.91904 0.17456 0.14926 0.800995 0.785303
ENSG00000198100.1 9 74576469 74576469 - 9 267847 9_internal_9160 9 74252743 74308622 89 74.5723 1.13529 7.61043 0.0272679 0.232189 0.20398 0.231796
ENSG00000225434.1 9 74920345 74920345 + 11 0 9_internal_7060 9 74917651 74933101 89 79.874 1.06677 10.4841 0.0148589 0.236525 0.164179 0.175589
ENSG00000107372.8 9 74980163 74980163 - 11 671541 9_internal_9160 9 74252743 74308622 89 89.8865 0.99465 10.7469 0.0394493 0.23839 0.343284 0.346542
ENSG00000165092.8 9 75695358 75695358 - 9 762257 9_internal_7060 9 74917651 74933101 89 103.688 0.92308 12.299 0.0016972 -0.33022 0.0298507 0.0127316
ENSG00000135046.9 9 75766673 75766673 + 9 -563882 9_internal_9713 9 74956340 75202791 89 76.1715 1.01655 7.13659 0.0732611 -0.199187 0.527363 0.51221
ENSG00000202217.1 9 77414811 77414811 + 5 -241040 9_internal_10168 9 75815566 77173771 89 85.1236 0.999944 4.09893 0.150458 -0.142173 0.527363 0.509955
ENSG00000135045.6 9 77567802 77567802 - 6 394031 9_internal_10168 9 75815566 77173771 89 97.7783 1.1021 8.16602 0.25173 0.130589 0.855721 0.861629
ENSG00000203321.2 9 77567884 77567884 + 6 502139 9_internal_11247 9 78070023 78913423 89 81.9078 1.04242 5.91277 0.049512 0.201223 0.313433 0.286207
ENSG00000229587.1 9 77630953 77630953 - 7 -991239 9_internal_9107 9 78622192 78644893 89 77.3188 1.01415 5.715 0.0869945 0.185118 0.477612 0.482482
ENSG00000156017.8 9 77643339 77643339 - 7 -60664 9_internal_9944 9 77704003 77802327 89 85.4713 0.972429 5.5051 0.0610663 0.217971 0.313433 0.327703
ENSG00000106733.16 9 77703133 77703133 - 7 -366890 9_internal_11247 9 78070023 78913423 89 87.8527 0.999613 6.71661 0.448144 -0.0822991 0.99005 0.982219
ENSG00000134996.11 9 77703459 77703459 + 7 544 9_internal_9944 9 77704003 77802327 89 105.67 0.8957 7.27599 0.0169677 0.241817 0.129353 0.0898208
ENSG00000200041.1 9 77796537 77796537 - 7 -56498 9_internal_7197 9 77853035 77861470 89 90.4775 0.905806 6.52933 0.290035 0.107788 0.910448 0.904824
ENSG00000099139.8 9 78505560 78505560 + 13 116632 9_internal_9107 9 78622192 78644893 89 90.5818 1.006 11.597 2.5589e-06 0.494207 0.00497512 2.26099e-05
ENSG00000135002.7 9 79009433 79009433 - 11 513480 9_internal_8451 9 78482721 78495953 89 87.818 0.973801 10.7535 0.0563002 0.207842 0.482587 0.486354
ENSG00000234618.1 9 79013615 79013615 + 11 162628 9_internal_7454 9 79176243 79212072 89 98.0043 0.870435 11.7076 0.00309981 -0.276053 0.0547264 0.037825
ENSG00000187210.8 9 79034752 79034752 + 12 241856 9_internal_7513 9 79276608 79333068 89 88.5654 0.909296 9.84321 0.00872293 0.291098 0.109453 0.108509
ENSG00000241781.2 9 79186731 79186731 + 12 0 9_internal_7454 9 79176243 79212072 89 100.646 1.1033 15.7377 0.0230843 -0.237166 0.174129 0.1811
ENSG00000106772.12 9 79521003 79521003 - 12 274014 9_internal_10756 9 79062120 79246989 89 113.979 0.828501 16.1109 0.000317311 0.374896 0.00995025 0.00268169
ENSG00000197969.6 9 79792269 79792269 + 14 911721 9_internal_7626 9 80703990 80723352 89 100.125 1.00172 15.9976 0.0626643 0.19078 0.552239 0.545925
ENSG00000232998.1 9 79792910 79792910 - 14 -238298 9_internal_6994 9 80031208 80042919 89 98.8561 0.923345 16.5551 0.0452364 0.211957 0.472637 0.481235
ENSG00000156049.6 9 80263223 80263223 - 7 -629183 9_internal_7550 9 80892406 80919960 89 94.9275 0.984399 7.81258 0.296508 0.119992 0.900498 0.925886
ENSG00000156052.6 9 80646374 80646374 - 7 555 9_internal_7569 9 80456614 80645819 89 101.689 0.886193 7.1962 0.000116796 0.429455 0.00497512 0.000720729
ENSG00000148019.8 9 80850978 80850978 + 8 -205159 9_internal_7569 9 80456614 80645819 89 79.7697 1.09556 7.51183 0.0161934 -0.253651 0.114428 0.129501
ENSG00000135069.9 9 80912059 80912059 + 9 -266240 9_internal_7569 9 80456614 80645819 89 81.1604 1.03774 7.98343 0.019654 0.253342 0.179104 0.175541
ENSG00000106829.13 9 82186688 82186688 + 6 -425480 9_internal_9727 9 81755605 81761208 89 88.1482 1.11425 6.68566 0.200482 0.13497 0.751244 0.746176
ENSG00000240979.1 9 82340984 82340984 + 7 937748 9_internal_10391 9 83278732 85196331 89 101.064 1.03511 8.53532 0.0152792 0.249429 0.079602 0.0722709
ENSG00000196781.9 9 84304220 84304220 - 1 0 9_internal_10391 9 83278732 85196331 89 85.3496 1.00003 0.940799 0.391647 0.0944782 0.373134 0.383112
ENSG00000172159.11 9 86153461 86153461 - 6 189283 9_internal_8295 9 85955052 85964178 89 90.6514 0.999926 5.32595 0.100126 0.167588 0.422886 0.419321
ENSG00000148057.11 9 86237964 86237964 + 5 516108 9_internal_10451 9 86754072 87034344 89 88.8783 0.999963 4.42484 0.0192483 -0.231192 0.0895522 0.0827592
ENSG00000254473.1 9 86322509 86322509 + 5 -518436 9_internal_7649 9 85626999 85804073 89 84.7586 1.00003 4.11625 0.196029 -0.138633 0.606965 0.615253
ENSG00000135018.9 9 86323118 86323118 - 5 168511 9_internal_9073 9 86020625 86154607 89 100.49 0.999905 5.14137 0.227103 0.138132 0.686567 0.68087
ENSG00000165113.8 9 86444431 86444431 - 5 229666 9_internal_9460 9 86183778 86214765 89 90.2342 0.999979 4.5765 0.0417688 0.201203 0.169154 0.171871
ENSG00000226877.1 9 86444571 86444571 + 5 -229806 9_internal_9460 9 86183778 86214765 89 112.919 0.862131 5.79158 0.208281 0.140513 0.641791 0.682269
ENSG00000231616.3 9 86446501 86446501 + 5 -642428 9_internal_7649 9 85626999 85804073 89 94.5451 0.9999 5.22369 0.264449 -0.117942 0.781095 0.777503
ENSG00000165115.9 9 86536342 86536342 - 5 732269 9_internal_7649 9 85626999 85804073 89 80.0826 1.00011 4.40968 0.246691 -0.126362 0.761194 0.753307
ENSG00000165118.9 9 86571901 86571901 - 5 -182171 9_internal_10451 9 86754072 87034344 89 90.7035 1.00002 4.87332 0.671677 -0.0468539 1 0.99541
ENSG00000207603.1 9 86584772 86584772 - 5 620594 9_internal_8295 9 85955052 85964178 89 85.002 0.999909 4.54144 0.334056 -0.110624 0.845771 0.853863
ENSG00000235298.1 9 86587148 86587148 + 5 -622970 9_internal_8295 9 85955052 85964178 89 90.2516 0.99991 4.8234 0.245393 0.1231 0.701493 0.737385
ENSG00000165119.12 9 86595569 86595569 - 5 440962 9_internal_9073 9 86020625 86154607 89 88.2004 1.00011 4.6607 0.0245952 0.229338 0.139303 0.112343
ENSG00000178966.11 9 86595626 86595626 + 5 -441019 9_internal_9073 9 86020625 86154607 89 83.4723 0.999995 4.15064 0.0209796 0.258654 0.114428 0.101326
ENSG00000135049.11 9 88356944 88356944 - 6 7088 9_internal_7348 9 88327771 88349856 89 81.0213 1.00007 4.93583 0.00128384 0.33202 0.0149254 0.0104816
ENSG00000165121.10 9 88430881 88430881 + 7 -104572 9_internal_7717 9 88314731 88326309 89 106.574 1.00413 8.06166 0.0069028 0.288829 0.0348259 0.0243138
ENSG00000213711.3 9 88513818 88513818 + 7 586251 9_internal_6616 9 89100069 89116410 89 83.0551 1.14776 7.35452 0.0279888 -0.21481 0.19403 0.170372
ENSG00000135040.11 9 88556061 88556061 + 7 821322 9_internal_7132 9 89377383 89763939 89 83.4896 1.01089 6.83173 0.187253 -0.140085 0.79602 0.782059
ENSG00000135052.11 9 88715088 88715088 - 7 -662295 9_internal_7132 9 89377383 89763939 89 94.1801 1.04059 9.03407 0.0347351 -0.226315 0.218905 0.222933
ENSG00000223012.1 9 88873561 88873561 - 7 -54582 9_internal_8283 9 88928143 88949251 89 81.2125 1.19498 8.18203 0.129553 -0.152822 0.701493 0.662475
ENSG00000187753.7 9 88874572 88874572 - 7 548263 9_internal_7717 9 88314731 88326309 89 99.4818 0.884367 7.65228 0.128564 -0.162481 0.626866 0.633818
ENSG00000135070.9 9 88897676 88897676 - 7 -30467 9_internal_8283 9 88928143 88949251 89 93.5543 1.00206 6.79182 0.00387956 -0.304213 0.0298507 0.0204529
ENSG00000083223.13 9 88969369 88969369 - 7 -130700 9_internal_6616 9 89100069 89116410 89 83.4723 0.926044 6.16689 0.0364309 -0.220791 0.258706 0.268413
ENSG00000222293.1 9 89038043 89038043 - 7 711734 9_internal_7717 9 88314731 88326309 89 82.7248 0.999895 5.81109 0.296406 0.118055 0.885572 0.888287
ENSG00000180447.5 9 89562104 89562104 - 7 846518 9_internal_8114 9 88674794 88715586 89 89.2607 1.01039 6.67062 0.284817 0.109065 0.880597 0.890677
ENSG00000196730.8 9 90112143 90112143 + 6 99 9_internal_10730 9 90112242 90301820 89 94.493 1.00453 5.9844 0.368949 0.100021 0.925373 0.926623
ENSG00000219928.2 9 90140217 90140217 + 5 0 9_internal_10730 9 90112242 90301820 89 84.6369 1.00004 4.62474 0.0360525 0.221973 0.19403 0.175818
ENSG00000135047.10 9 90340434 90340434 + 6 -82520 9_internal_8438 9 90204685 90257914 89 81.2646 0.999883 5.26443 1.9816e-05 0.441134 0.00497512 0.000241172
ENSG00000156345.11 9 90589695 90589695 - 9 287875 9_internal_10730 9 90112242 90301820 89 98.3693 1.05618 9.74953 0.373799 -0.0973092 0.985075 0.983166
ENSG00000217716.3 9 90631215 90631215 + 9 160748 9_internal_6949 9 90791963 90836580 89 96.3355 0.914364 9.34483 0.0220777 0.239335 0.199005 0.18106
ENSG00000106723.11 9 91003334 91003334 + 12 143345 9_internal_7670 9 91146679 91153242 89 83.6809 1.03175 10.3934 0.000120962 0.412902 0.00995025 0.00163297
ENSG00000227638.1 9 91026363 91026363 - 12 915270 9_internal_6864 9 90103755 90111093 89 81.6992 1.13372 10.8468 0.0930303 -0.160712 0.691542 0.660573
ENSG00000224945.1 9 91724849 91724849 - 13 -246733 9_internal_7427 9 91971582 92115196 89 94.0758 1.01947 15.0367 0.118022 0.168842 0.835821 0.815469
ENSG00000123975.4 9 91926113 91926113 + 13 780478 9_internal_7751 9 92706591 92740833 89 91.8334 0.934004 14.1621 0.134421 -0.172723 0.865672 0.87135
ENSG00000187742.10 9 91933421 91933421 + 13 -780179 9_internal_7670 9 91146679 91153242 89 88.4437 1.07576 12.6407 0.126275 -0.167793 0.81592 0.801555
ENSG00000231799.1 9 92064473 92064473 + 14 -56104 9_internal_7101 9 91964604 92008369 89 81.0387 1.12563 13.0439 0.17756 0.150398 0.930348 0.930695
ENSG00000225460.1 9 92087152 92087152 + 14 -433771 9_internal_7662 9 91637906 91653381 89 83.7156 1.05234 12.359 0.0644344 0.202373 0.606965 0.585495
ENSG00000264913.1 9 92112853 92112853 + 14 -959611 9_internal_7670 9 91146679 91153242 89 76.6061 1.08235 10.9864 0.0526828 0.203059 0.542289 0.525455
ENSG00000187764.7 9 92113045 92113045 - 14 -49367 9_internal_8588 9 92162412 92173873 89 93.2414 0.957495 14.5595 0.00421839 0.317775 0.0696517 0.0558748
ENSG00000165025.10 9 93564069 93564069 + 10 910044 9_internal_7970 9 94474113 94477243 89 79.0396 1.04488 7.91519 0.00210109 -0.320028 0.0348259 0.02469
ENSG00000235641.2 9 93922051 93922051 + 7 -960464 9_internal_8541 9 92942044 92961587 89 104.697 0.913181 7.37793 0.166144 0.145941 0.681592 0.685524
ENSG00000148090.7 9 94124195 94124195 - 6 -349918 9_internal_7970 9 94474113 94477243 89 91.6248 0.988452 5.43162 0.184639 -0.13509 0.661692 0.6602
ENSG00000165030.2 9 94186144 94186144 - 6 163873 9_internal_10582 9 93798898 94022271 89 87.9918 0.991125 5.84717 0.00280678 0.317185 0.0199005 0.0179129
ENSG00000232179.1 9 94871140 94871140 + 9 -848869 9_internal_10582 9 93798898 94022271 89 107.947 0.923472 10.7167 0.105838 -0.153361 0.597015 0.599804
ENSG00000228069.1 9 94871295 94871295 + 9 424641 9_internal_7676 9 95295936 95339413 89 82.7074 1.13806 9.67172 0.115155 0.164825 0.731343 0.689642
ENSG00000238288.1 9 94872450 94872450 + 9 -592613 9_internal_7319 9 94265377 94279837 89 97.674 0.89195 9.31894 0.0234294 0.212326 0.19403 0.192776
ENSG00000240791.1 9 94872857 94872857 + 9 -811576 9_internal_7680 9 93908610 94061281 89 91.8855 0.998712 8.99712 0.0296301 0.211383 0.189055 0.219475
ENSG00000227321.2 9 94873147 94873147 + 9 800693 9_internal_7573 9 95673840 95701262 89 92.4244 0.994919 9.14054 0.157063 0.156139 0.761194 0.773372
ENSG00000090054.9 9 94877666 94877666 - 9 597829 9_internal_7319 9 94265377 94279837 89 81.1082 1.0616 7.29908 0.00902061 0.280346 0.0696517 0.0750877
ENSG00000236115.1 9 94967638 94967638 + 9 -906357 9_internal_7680 9 93908610 94061281 89 91.2076 1.07665 9.39773 0.0618349 0.204054 0.402985 0.398086
ENSG00000239183.1 9 95054875 95054875 - 8 -418172 9_internal_7729 9 95473047 95544922 89 76.2932 1.03829 6.4928 0.0572814 -0.204673 0.40796 0.394268
ENSG00000196305.12 9 95056038 95056038 - 8 -417009 9_internal_7729 9 95473047 95544922 89 89.0174 1.01178 7.73066 0.00280695 0.299932 0.039801 0.0204388
ENSG00000188312.9 9 95087766 95087766 + 7 586074 9_internal_7573 9 95673840 95701262 89 77.4404 1.00001 5.09746 0.0830289 0.187154 0.442786 0.435284
ENSG00000198000.7 9 95087918 95087918 - 7 -215918 9_internal_9148 9 95303836 95326370 89 82.5684 1.07491 7.12632 0.00531455 -0.290677 0.0447761 0.0394511
ENSG00000229530.1 9 95103945 95103945 - 7 -199891 9_internal_9148 9 95303836 95326370 89 78.6225 1.02206 5.7939 0.0725541 0.197444 0.402985 0.416647
ENSG00000106809.6 9 95166978 95166978 - 7 -506862 9_internal_7573 9 95673840 95701262 89 94.9275 0.941284 7.18199 0.119303 0.171545 0.58209 0.584789
ENSG00000127083.7 9 95186743 95186743 - 7 906906 9_internal_7319 9 94265377 94279837 89 104.193 1.0274 8.78726 0.0711919 0.203221 0.333333 0.354969
ENSG00000106819.7 9 95244788 95244788 - 7 -429052 9_internal_7573 9 95673840 95701262 89 89.2434 0.976983 7.19834 0.258634 0.118886 0.890547 0.887378
ENSG00000106823.8 9 95298937 95298937 - 6 -374903 9_internal_7573 9 95673840 95701262 89 91.2945 1.07161 6.56136 0.117194 0.165016 0.532338 0.511699
ENSG00000127080.5 9 95432547 95432547 - 6 -241293 9_internal_7573 9 95673840 95701262 89 100.942 0.934305 7.05125 0.0574679 0.208556 0.283582 0.295933
ENSG00000185963.9 9 95527094 95527094 - 5 200724 9_internal_9148 9 95303836 95326370 89 98.943 0.999986 4.97216 0.132366 -0.164879 0.437811 0.447522
ENSG00000187984.7 9 95571670 95571670 + 5 102170 9_internal_7573 9 95673840 95701262 89 80.4477 1.00003 4.38407 0.0247517 -0.234325 0.129353 0.136175
ENSG00000226721.1 9 95599983 95599983 - 5 -73857 9_internal_7573 9 95673840 95701262 89 105.427 0.914909 5.54416 0.0112771 -0.280466 0.0547264 0.0436632
ENSG00000127081.9 9 95640304 95640304 - 5 -33536 9_internal_7573 9 95673840 95701262 89 91.7812 1.00001 5.00284 0.123068 -0.157842 0.472637 0.464408
ENSG00000127084.12 9 95709733 95709733 + 5 -8471 9_internal_7573 9 95673840 95701262 89 80.8475 1.00011 4.60673 0.183027 0.15005 0.651741 0.651505
ENSG00000157303.5 9 95820989 95820989 + 6 889399 9_internal_6848 9 96710388 96723823 89 81.4732 1.00005 5.50684 0.153828 0.151877 0.661692 0.647528
ENSG00000165233.13 9 95858500 95858500 + 6 -519087 9_internal_7676 9 95295936 95339413 89 92.7895 1.00006 6.31296 0.101396 0.175711 0.462687 0.46509
ENSG00000131669.5 9 95896570 95896570 - 6 0 9_internal_10504 9 95774495 95898902 89 80.3781 1.09012 6.06277 0.0223598 0.256687 0.149254 0.139472
ENSG00000227603.1 9 96199403 96199403 - 10 -891020 9_internal_7400 9 97090423 97095325 89 91.9551 1.01668 11.3426 0.0763693 -0.178843 0.552239 0.562139
ENSG00000048828.11 9 96214173 96214173 + 10 894874 9_internal_10184 9 97109047 97144362 89 85.141 0.926449 9.19696 0.0789411 0.179959 0.557214 0.594866
ENSG00000188938.11 9 96215874 96215874 - 10 -902517 9_internal_8945 9 97118391 97148550 89 89.8865 0.995965 10.8858 0.171257 0.141992 0.875622 0.867766
ENSG00000234543.1 9 96301210 96301210 + 10 845101 9_internal_6593 9 97146311 97155060 89 96.7701 1.11208 12.4945 0.0780623 0.192173 0.567164 0.525319
ENSG00000263875.1 9 96328082 96328082 - 9 626820 9_internal_7573 9 95673840 95701262 89 84.5848 1.03748 8.08553 0.348555 0.106127 0.960199 0.971279
ENSG00000197724.6 9 96338689 96338689 + 10 -439787 9_internal_10504 9 95774495 95898902 89 79.1266 1.05351 8.61229 0.138024 0.170585 0.776119 0.766064
ENSG00000158079.10 9 96793076 96793076 + 11 829613 9_internal_7521 9 97622689 98173215 89 96.0053 0.966156 12.3847 0.127369 -0.155606 0.78607 0.784694
ENSG00000227666.1 9 96800312 96800312 + 11 598899 9_internal_7489 9 97399211 97407432 89 90.8426 1.04492 10.782 0.086442 -0.184442 0.59204 0.589048
ENSG00000199165.2 9 96938234 96938234 + 10 -214411 9_internal_6848 9 96710388 96723823 89 71.791 1.147 8.80708 0.0451339 -0.212081 0.442786 0.417024
ENSG00000199072.1 9 96938629 96938629 + 10 207682 9_internal_6593 9 97146311 97155060 89 90.0951 1.01 9.90828 0.0136111 0.257164 0.119403 0.119028
ENSG00000199133.1 9 96941116 96941116 + 10 177275 9_internal_8945 9 97118391 97148550 89 76.7277 1.03319 8.15007 0.0753451 0.183969 0.577114 0.557321
ENSG00000230262.1 9 96966818 96966818 - 11 -655871 9_internal_7521 9 97622689 98173215 89 90.5645 0.958291 10.7919 0.0364715 0.246256 0.318408 0.337689
ENSG00000175787.11 9 97021593 97021593 + 11 96798 9_internal_8945 9 97118391 97148550 89 82.6727 1.06342 9.53821 0.013567 0.25223 0.124378 0.133725
ENSG00000237679.1 9 97050830 97050830 - 11 -375750 9_internal_7653 9 97426580 97432452 89 92.407 0.948403 10.6642 0.0154241 0.243154 0.159204 0.152902
ENSG00000130950.9 9 97090926 97090926 - 11 -55385 9_internal_6593 9 97146311 97155060 89 99.5861 1.05175 12.8372 0.00839365 0.234936 0.0497512 0.0560249
ENSG00000232063.1 9 97094758 97094758 + 11 14289 9_internal_10184 9 97109047 97144362 89 93.4152 1.002 13.0453 0.00621428 0.262709 0.0547264 0.0635443
ENSG00000148110.11 9 97136833 97136833 + 11 289747 9_internal_7653 9 97426580 97432452 89 85.6625 0.952682 10.3276 0.00921609 0.270882 0.124378 0.118242
ENSG00000165140.5 9 97402531 97402531 - 12 -24049 9_internal_7653 9 97426580 97432452 89 84.2545 1.06734 13.9938 0.000903977 0.321507 0.0149254 0.0127858
ENSG00000148120.10 9 97488983 97488983 + 12 0 9_internal_8415 9 97488196 97497244 89 88.1656 0.980412 11.107 0.00271654 0.281116 0.0348259 0.0335849
ENSG00000230815.1 9 97586554 97586554 + 12 36135 9_internal_7521 9 97622689 98173215 89 92.2854 1.03287 12.6948 0.108869 0.163621 0.716418 0.735643
ENSG00000236095.1 9 97662711 97662711 + 12 -165467 9_internal_8415 9 97488196 97497244 89 87.4355 1.0194 12.4666 0.0462674 0.207706 0.467662 0.450902
ENSG00000229065.1 9 97875990 97875990 + 14 311991 9_internal_7536 9 98187981 98279742 89 79.3352 1.04831 11.6643 0.0474154 -0.20494 0.482587 0.499811
ENSG00000230221.1 9 98055086 98055086 + 15 -18508 9_internal_7306 9 97950518 98036578 89 83.1072 1.08609 14.5544 0.00581737 0.288588 0.0895522 0.0849818
ENSG00000158169.6 9 98079991 98079991 - 15 43413 9_internal_7306 9 97950518 98036578 89 86.8271 1.04289 13.6821 0.000172087 0.362877 0.00995025 0.00216094
ENSG00000185920.10 9 98279339 98279339 - 11 -503236 9_internal_10510 9 98782575 98913528 89 78.6746 1.0358 9.67487 0.00038692 0.337699 0.00995025 0.00681951
ENSG00000252847.1 9 98622186 98622186 + 8 160389 9_internal_10510 9 98782575 98913528 89 85.367 1.06536 8.20178 0.164201 -0.15387 0.791045 0.770748
ENSG00000182150.10 9 98637983 98637983 + 8 -464768 9_internal_7521 9 97622689 98173215 89 98.7344 0.939017 9.29412 0.00553686 -0.277865 0.0597015 0.0400825
ENSG00000175611.6 9 98638259 98638259 - 8 -53551 9_internal_7220 9 98691810 98773707 89 85.8363 0.974694 6.97643 0.211996 0.129529 0.855721 0.830136
ENSG00000199202.1 9 98667287 98667287 + 9 -387545 9_internal_7536 9 98187981 98279742 89 89.2434 0.980364 8.54069 0.0978004 0.18914 0.597015 0.591577
ENSG00000237631.1 9 98680418 98680418 + 9 -643840 9_internal_7306 9 97950518 98036578 89 80.3434 1.08345 8.24566 0.0559998 0.218677 0.457711 0.409601
ENSG00000225194.2 9 98790247 98790247 - 9 0 9_internal_10510 9 98782575 98913528 89 87.8701 1.04163 9.39495 0.0286187 0.24446 0.228856 0.229294
ENSG00000224546.1 9 98908307 98908307 + 9 540253 9_internal_7465 9 99448560 99482564 89 90.8947 0.990454 10.1204 0.231298 -0.123585 0.915423 0.926746
ENSG00000130948.5 9 99064434 99064434 - 8 -577387 9_internal_8309 9 99641821 99647677 89 89.0348 1.04465 8.21437 0.153365 -0.139857 0.746269 0.730357
ENSG00000130958.7 9 99145992 99145992 - 8 232464 9_internal_10510 9 98782575 98913528 89 92.8416 0.991641 8.85138 0.0387601 0.221997 0.268657 0.272536
ENSG00000238251.1 9 99169566 99169566 + 8 278994 9_internal_7465 9 99448560 99482564 89 92.9633 0.963339 7.33462 0.09299 0.177678 0.507463 0.500022
ENSG00000165244.6 9 99180611 99180611 - 7 -461210 9_internal_8309 9 99641821 99647677 89 86.9314 1.06423 7.00786 0.00441838 -0.277591 0.0298507 0.0266293
ENSG00000130956.9 9 99212483 99212483 + 8 -298955 9_internal_10510 9 98782575 98913528 89 72.3473 1.04728 5.88796 0.0754821 0.182514 0.487562 0.47264
ENSG00000234687.1 9 99265149 99265149 + 8 183411 9_internal_7465 9 99448560 99482564 89 75.4414 1.09763 8.16004 0.119096 0.169208 0.711443 0.705484
ENSG00000081377.12 9 99382112 99382112 - 7 468584 9_internal_10510 9 98782575 98913528 89 83.733 1.10166 6.66894 0.145482 0.150996 0.666667 0.644643
ENSG00000158122.7 9 99417585 99417585 - 7 -30975 9_internal_7465 9 99448560 99482564 89 78.2922 0.9713 6.07114 0.057377 -0.190724 0.393035 0.389677
ENSG00000224848.1 9 99449338 99449338 + 8 995145 9_internal_8469 9 100444483 100462548 89 97.2742 0.985524 9.64728 0.0306344 -0.229556 0.228856 0.212997
ENSG00000233820.1 9 99488172 99488172 + 8 -574644 9_internal_10510 9 98782575 98913528 89 94.493 0.9537 8.5372 0.00127606 0.326453 0.0199005 0.00976207
ENSG00000081386.8 9 99540411 99540411 - 8 639886 9_internal_7021 9 98789163 98900525 89 88.6176 1.01149 7.79038 0.204913 -0.140126 0.820896 0.831275
ENSG00000196597.7 9 99637905 99637905 - 9 864198 9_internal_7220 9 98691810 98773707 89 88.635 1.04602 9.33828 0.150881 0.157645 0.756219 0.771268
ENSG00000188152.7 9 99690592 99690592 + 9 -42915 9_internal_8309 9 99641821 99647677 89 85.593 1.01929 9.63631 0.145524 -0.147149 0.80597 0.793886
ENSG00000249044.1 9 99711867 99711867 - 10 -486248 9_internal_8147 9 100198115 100320767 89 92.5982 0.991977 10.0254 0.128183 0.145512 0.716418 0.72735
ENSG00000236745.1 9 99717359 99717359 + 10 727124 9_internal_8469 9 100444483 100462548 89 80.3434 1.0463 8.60754 0.00348407 0.289998 0.0348259 0.0396994
ENSG00000196312.5 9 99775862 99775862 - 9 862334 9_internal_10510 9 98782575 98913528 89 92.6504 0.962997 9.20176 0.225543 0.1266 0.890547 0.899931
ENSG00000188801.8 9 99961910 99961910 - 8 -729024 9_internal_8703 9 100690934 100921757 89 92.4766 1.03196 8.18694 0.00614779 -0.286713 0.0547264 0.0374702
ENSG00000159712.9 9 99983538 99983538 - 8 -850101 9_internal_9681 9 100833639 100956269 89 105.027 1.02734 10.5221 0.384754 0.0842478 0.99005 0.987652
ENSG00000254876.1 9 100000731 100000731 + 9 197384 9_internal_8147 9 100198115 100320767 89 81.0734 1.03591 7.66015 0.102702 -0.177272 0.60199 0.607766
ENSG00000197816.9 9 100000765 100000765 + 9 -518201 9_internal_7465 9 99448560 99482564 89 84.4979 1.07968 8.01126 0.153018 -0.150465 0.711443 0.73646
ENSG00000255036.1 9 100000779 100000779 + 9 832860 9_internal_9681 9 100833639 100956269 89 79.648 0.984534 6.98624 0.189037 0.142968 0.810945 0.81837
