ENSG00000234750.1 19 12395152 12395152 + 12 -433878 19_internal_6985 19 11907970 11961274 89 93.4848 1.06203 14.1566 0.133866 0.147613 0.855721 0.832889
ENSG00000197857.9 19 12405702 12405702 - 12 444428 19_internal_6985 19 11907970 11961274 89 86.8098 1.03023 11.3657 0.0082578 0.271657 0.0995025 0.0909584
ENSG00000188868.9 19 12444534 12444534 - 11 0 19_internal_7497 19 12174771 12445321 89 86.775 0.968916 9.17801 0.0492898 0.21818 0.457711 0.403719
ENSG00000261280.2 19 12458752 12458752 - 10 -790378 19_internal_7348 19 13249130 13263859 89 85.7842 0.947181 8.31701 0.0602533 0.189265 0.457711 0.454228
ENSG00000198342.5 19 12476719 12476719 - 9 271519 19_internal_8180 19 12104101 12205200 89 87.9223 1.06573 8.8376 0.373071 0.099645 0.985075 0.982415
ENSG00000248406.1 19 12494501 12494501 - 9 -754629 19_internal_7348 19 13249130 13263859 89 109.981 1.00794 12.1225 0.198553 -0.142164 0.865672 0.864219
ENSG00000196466.6 19 12512085 12512085 - 9 411892 19_internal_6891 19 12080666 12100193 89 79.0049 1.0615 8.32495 0.164482 -0.150179 0.81592 0.812296
ENSG00000268744.1 19 12512088 12512088 - 9 411895 19_internal_6891 19 12080666 12100193 89 93.5543 1.02934 9.88058 0.16607 -0.156204 0.820896 0.803998
ENSG00000268870.1 19 12551896 12551896 - 9 276639 19_internal_6576 19 12175029 12275257 89 81.4732 1.08932 8.91781 0.152728 -0.144842 0.781095 0.788922
ENSG00000180855.11 19 12551926 12551926 - 9 -399413 19_internal_7300 19 12951339 12979257 89 81.508 1.10784 8.78437 0.0627328 0.211895 0.477612 0.446979
ENSG00000234848.1 19 12561749 12561749 + 9 687381 19_internal_7348 19 13249130 13263859 89 98.126 0.903883 9.35584 0.00074258 -0.313393 0.00995025 0.00654218
ENSG00000269755.1 19 12595630 12595630 - 9 -355709 19_internal_7300 19 12951339 12979257 89 88.2699 1.03358 8.53312 0.11616 0.169203 0.656716 0.643132
ENSG00000236483.1 19 12613489 12613489 + 9 -338232 19_internal_6576 19 12175029 12275257 89 88.3916 0.982264 8.30145 0.101742 0.17753 0.60199 0.601758
ENSG00000232579.1 19 12615479 12615479 + 9 -916412 19_internal_9675 19 11667510 11699067 89 90.2689 0.990978 10.4447 0.241686 -0.119991 0.950249 0.942709
ENSG00000230321.1 19 12615719 12615719 + 9 -340462 19_internal_6576 19 12175029 12275257 89 89.0348 0.998874 9.27444 0.0694282 0.202241 0.462687 0.487183
ENSG00000234003.1 19 12617063 12617063 + 9 259473 19_internal_6083 19 12876536 12913862 89 82.4293 1.05432 8.14307 0.197818 -0.128582 0.860697 0.849658
ENSG00000235686.1 19 12618943 12618943 + 9 -343686 19_internal_6576 19 12175029 12275257 89 103.358 0.925892 9.03876 0.292564 -0.114801 0.940299 0.939792
ENSG00000242852.2 19 12624668 12624668 - 9 524475 19_internal_6891 19 12080666 12100193 89 79.9783 1.13698 9.34191 0.35426 -0.0837385 0.9801 0.985011
ENSG00000269560.1 19 12643787 12643787 - 9 198466 19_internal_7497 19 12174771 12445321 89 87.227 0.994435 8.41557 0.0914169 0.172853 0.577114 0.569674
ENSG00000196826.7 19 12662288 12662288 - 9 562095 19_internal_6891 19 12080666 12100193 89 84.1328 1.1622 8.7746 0.174393 -0.126278 0.81592 0.796931
ENSG00000249709.2 19 12662356 12662356 - 9 387099 19_internal_6576 19 12175029 12275257 89 99.2385 0.90718 10.1726 0.307759 0.103991 0.99005 0.971021
ENSG00000213290.4 19 12670385 12670385 + 9 -225064 19_internal_7497 19 12174771 12445321 89 90.2863 0.935949 8.21008 0.0520045 0.204039 0.368159 0.376205
ENSG00000269693.1 19 12691789 12691789 - 9 -557341 19_internal_7348 19 13249130 13263859 89 110.381 0.886309 11.0098 0.257584 0.117272 0.950249 0.936666
ENSG00000173875.9 19 12721732 12721732 + 8 527398 19_internal_7348 19 13249130 13263859 89 86.7055 1.09347 8.88726 0.0839634 -0.175802 0.542289 0.518278
ENSG00000221343.1 19 12740548 12740548 + 8 -295227 19_internal_7497 19 12174771 12445321 89 75.8412 1.10786 7.29908 0.0590918 0.186888 0.432836 0.413994
ENSG00000188033.5 19 12750912 12750912 - 8 -498218 19_internal_7348 19 13249130 13263859 89 94.9623 0.956775 8.65372 0.139319 0.1664 0.676617 0.706433
ENSG00000178464.6 19 12754733 12754733 - 8 793459 19_internal_6985 19 11907970 11961274 89 115.318 0.9354 11.4298 0.0956618 -0.174182 0.502488 0.523986
ENSG00000269242.1 19 12759211 12759211 - 8 797937 19_internal_6985 19 11907970 11961274 89 82.8465 0.987928 8.17575 0.10567 -0.172074 0.631841 0.6486
ENSG00000104774.8 19 12777556 12777556 - 8 -173783 19_internal_7300 19 12951339 12979257 89 89.4693 0.983324 7.29535 0.039911 0.202302 0.233831 0.261244
ENSG00000123154.7 19 12777614 12777614 + 8 471516 19_internal_7348 19 13249130 13263859 89 94.7711 1.07295 8.52651 0.208867 -0.13232 0.81592 0.824848
ENSG00000269590.1 19 12780211 12780211 - 8 -171128 19_internal_7300 19 12951339 12979257 89 91.1033 0.902169 7.50369 0.00212525 0.330967 0.0298507 0.0219893
ENSG00000105583.5 19 12782170 12782170 - 8 -94366 19_internal_6083 19 12876536 12913862 89 90.4602 0.97162 7.48156 0.0680782 -0.188181 0.41791 0.412759
ENSG00000095059.11 19 12792716 12792716 - 8 587516 19_internal_8180 19 12104101 12205200 89 93.6934 0.969697 8.31646 0.105314 0.163027 0.587065 0.583462
ENSG00000268945.1 19 12798093 12798093 - 8 697900 19_internal_6891 19 12080666 12100193 89 89.9213 0.912238 6.54782 0.002615 -0.306819 0.039801 0.0238635
ENSG00000267791.1 19 12799736 12799736 + 8 -594536 19_internal_8180 19 12104101 12205200 89 84.7934 1.07119 7.47828 0.0505995 0.219526 0.308458 0.320397
ENSG00000132004.8 19 12807457 12807457 - 8 362136 19_internal_7497 19 12174771 12445321 89 88.3395 1.02663 7.45921 0.0740299 -0.193971 0.457711 0.429083
ENSG00000105576.11 19 12834825 12834825 - 8 873551 19_internal_6985 19 11907970 11961274 89 83.9416 0.962962 6.70147 0.0723616 -0.185897 0.427861 0.449952
ENSG00000123144.6 19 12845589 12845589 - 8 -105750 19_internal_7300 19 12951339 12979257 89 83.5766 0.990522 7.0796 0.0857537 0.175334 0.527363 0.51477
ENSG00000198356.7 19 12847953 12847953 + 8 -642753 19_internal_8180 19 12104101 12205200 89 87.8527 1.05104 8.09331 0.163696 0.158637 0.756219 0.75522
ENSG00000039987.2 19 12862516 12862516 + 8 -417195 19_internal_7497 19 12174771 12445321 89 117.421 0.764127 9.49911 0.236719 -0.128358 0.895522 0.890081
ENSG00000267212.1 19 12895915 12895915 - 8 934641 19_internal_6985 19 11907970 11961274 89 82.9508 1.02569 6.69986 0.103059 -0.18252 0.557214 0.549667
ENSG00000263800.1 19 12897942 12897942 + 8 -797749 19_internal_6891 19 12080666 12100193 89 93.7281 1.0112 8.62559 0.477219 0.067603 0.995025 0.995403
ENSG00000171223.4 19 12902310 12902310 + 8 -627053 19_internal_6576 19 12175029 12275257 89 89.817 1.03282 7.71516 0.00167689 -0.345129 0.0149254 0.010473
ENSG00000267062.1 19 12907637 12907637 + 8 0 19_internal_6083 19 12876536 12913862 89 84.2545 1.05416 6.81402 0.0413894 -0.193829 0.258706 0.258013
ENSG00000167815.7 19 12912694 12912694 - 8 0 19_internal_6083 19 12876536 12913862 89 81.143 1.03917 7.3523 0.000298501 -0.395065 0.00995025 0.00324133
ENSG00000104889.4 19 12917394 12917394 + 8 -817201 19_internal_6891 19 12080666 12100193 89 77.7359 1.01422 6.12158 0.0542349 0.18771 0.378109 0.361101
ENSG00000105613.5 19 12944765 12944765 + 8 -739565 19_internal_8180 19 12104101 12205200 89 94.0932 0.9327 8.1497 0.0129064 -0.2724 0.0895522 0.100195
ENSG00000095066.7 19 12983554 12983554 - 7 708297 19_internal_6576 19 12175029 12275257 89 89.3824 0.99079 6.35349 0.00147605 -0.330082 0.00497512 0.00955656
ENSG00000267735.1 19 12991783 12991783 + 8 -786583 19_internal_8180 19 12104101 12205200 89 93.5891 0.950073 7.79307 0.133126 -0.171847 0.656716 0.662129
ENSG00000105612.4 19 12992282 12992282 - 8 717025 19_internal_6576 19 12175029 12275257 89 83.2289 1.01435 7.38638 0.0489 -0.21051 0.353234 0.344597
ENSG00000105607.7 19 13001840 13001840 + 8 -796640 19_internal_8180 19 12104101 12205200 89 87.0705 0.905918 7.58333 0.139333 -0.157964 0.736318 0.726365
ENSG00000240616.1 19 13004947 13004947 + 8 -91085 19_internal_6083 19 12876536 12913862 89 96.3529 0.997831 10.3576 0.298191 0.105815 0.960199 0.966343
ENSG00000161860.7 19 13030090 13030090 - 8 754833 19_internal_6576 19 12175029 12275257 89 88.0266 1.07263 7.80489 0.11855 0.152147 0.621891 0.603742
ENSG00000266975.1 19 13041336 13041336 + 8 -62079 19_internal_7300 19 12951339 12979257 89 90.5471 0.91212 7.40511 0.113802 -0.164289 0.597015 0.619095
ENSG00000179115.6 19 13044851 13044851 - 8 -944935 19_internal_6991 19 13989786 14050024 89 89.0348 0.985883 9.09122 0.2717 -0.116365 0.940299 0.945309
ENSG00000179218.8 19 13049392 13049392 + 8 -844192 19_internal_8180 19 12104101 12205200 89 104.836 0.823087 7.96733 0.0509843 0.223022 0.318408 0.325157
ENSG00000267458.1 19 13055301 13055301 - 8 850101 19_internal_8180 19 12104101 12205200 89 85.5582 1.01769 8.00163 0.0175196 0.245687 0.159204 0.142534
ENSG00000179262.4 19 13056669 13056669 + 8 -956476 19_internal_6891 19 12080666 12100193 89 94.3713 1.00488 8.33996 0.157364 0.147687 0.736318 0.728402
ENSG00000179271.1 19 13068050 13068050 - 8 -921736 19_internal_6991 19 13989786 14050024 89 89.2781 1.08355 7.29823 0.0988465 0.170009 0.542289 0.493006
ENSG00000008441.12 19 13106422 13106422 + 7 -661101 19_internal_7497 19 12174771 12445321 89 82.6727 1.0331 7.02446 0.0233079 -0.225687 0.189055 0.173859
ENSG00000104903.4 19 13213975 13213975 - 6 938718 19_internal_6576 19 12175029 12275257 89 87.3486 1.05435 6.04942 0.0590637 -0.200878 0.308458 0.295026
ENSG00000104907.8 19 13228381 13228381 - 6 783060 19_internal_7497 19 12174771 12445321 89 71.9648 0.999845 4.73019 0.153524 -0.156315 0.701493 0.651354
ENSG00000160877.5 19 13228917 13228917 + 6 20213 19_internal_7348 19 13249130 13263859 89 80.552 0.999966 5.48619 0.106697 0.17893 0.512438 0.51922
ENSG00000266897.1 19 13242385 13242385 + 6 -797064 19_internal_7497 19 12174771 12445321 89 70.9914 1.00008 4.5115 0.172919 0.144107 0.686567 0.681197
ENSG00000267512.1 19 13251961 13251961 - 7 338099 19_internal_6083 19 12876536 12913862 89 87.4355 1.03185 6.81584 0.080467 0.197602 0.452736 0.432037
ENSG00000104915.10 19 13261197 13261197 - 7 815876 19_internal_7497 19 12174771 12445321 89 89.3998 1.05105 7.13803 0.0409703 -0.214662 0.243781 0.234746
ENSG00000160888.6 19 13261229 13261229 + 7 -815908 19_internal_7497 19 12174771 12445321 89 88.0613 1.05471 7.46701 0.0572694 0.199105 0.328358 0.338168
ENSG00000267598.1 19 13265007 13265007 - 7 989750 19_internal_6576 19 12175029 12275257 89 90.86 0.945246 6.9437 0.106115 -0.177216 0.552239 0.553157
ENSG00000213253.5 19 13269602 13269602 - 7 355740 19_internal_6083 19 12876536 12913862 89 98.7344 0.934745 6.73116 0.252677 -0.122489 0.800995 0.840924
ENSG00000141837.13 19 13734804 13734804 - 9 755547 19_internal_7300 19 12951339 12979257 89 88.6176 1.03265 8.3671 0.1199 -0.153603 0.651741 0.646293
ENSG00000104957.9 19 13842574 13842574 + 12 929230 19_internal_6206 19 14771804 14788241 89 88.2873 1.04741 11.0754 0.0548417 -0.204393 0.437811 0.448566
ENSG00000037757.9 19 13875346 13875346 + 13 924394 19_internal_7068 19 14799740 14898574 89 94.493 0.911992 13.2177 0.1536 -0.164114 0.885572 0.884558
ENSG00000267633.1 19 13884932 13884932 - 13 -104854 19_internal_6991 19 13989786 14050024 89 69.2705 1.07976 8.99055 0.186283 -0.158562 0.910448 0.908028
ENSG00000104979.4 19 13884982 13884982 + 13 -971120 19_internal_6083 19 12876536 12913862 89 97.3264 1.00184 15.3974 0.0722197 -0.194915 0.577114 0.613864
ENSG00000214109.3 19 13900972 13900972 - 13 -347098 19_internal_7140 19 14248070 14279592 89 82.69 1.01661 11.2709 0.0162025 -0.256394 0.21393 0.201748
ENSG00000132003.5 19 13906274 13906274 + 13 341796 19_internal_7140 19 14248070 14279592 89 84.2371 1.12696 11.8158 0.0841396 -0.188816 0.676617 0.635642
ENSG00000267519.1 19 13947103 13947103 - 12 -927907 19_internal_8464 19 14875010 14899886 89 84.6891 0.993771 11.0737 0.118489 -0.165495 0.756219 0.782016
ENSG00000132024.13 19 14017014 14017014 + 11 551666 19_internal_6137 19 14568680 14573882 89 88.7566 0.987427 10.9486 0.037438 0.218537 0.338308 0.349359
ENSG00000132016.7 19 14017265 14017265 - 11 0 19_internal_6991 19 13989786 14050024 89 94.9102 1.028 13.7188 0.0187002 0.255988 0.18408 0.178629
ENSG00000132017.6 19 14063304 14063304 + 11 736436 19_internal_7068 19 14799740 14898574 89 81.6818 1.03198 9.95912 0.00847761 -0.289441 0.0995025 0.10186
ENSG00000132000.7 19 14064204 14064204 - 11 -810806 19_internal_8464 19 14875010 14899886 89 82.2381 1.0839 9.87218 0.0203014 -0.228664 0.19403 0.194703
ENSG00000132005.4 19 14117851 14117851 - 11 853992 19_internal_7348 19 13249130 13263859 89 94.9102 0.987682 10.8396 0.0287281 0.231722 0.253731 0.235614
ENSG00000171136.6 19 14138960 14138960 + 11 -88936 19_internal_6991 19 13989786 14050024 89 78.7615 1.09572 8.22863 0.0788257 0.179952 0.572139 0.5321
ENSG00000267670.1 19 14142369 14142369 - 11 92345 19_internal_6991 19 13989786 14050024 89 90.8078 1.00122 10.5125 0.0946942 0.170059 0.61194 0.634361
ENSG00000104998.2 19 14142560 14142560 + 11 657180 19_internal_7068 19 14799740 14898574 89 83.7852 1.08603 11.877 0.16483 -0.15348 0.895522 0.887998
ENSG00000187867.4 19 14169971 14169971 - 12 -302120 19_internal_6761 19 14472091 14514200 89 94.1453 0.981392 11.7781 0.0567934 -0.196544 0.457711 0.46276
ENSG00000228887.2 19 14181154 14181154 + 12 968045 19_internal_7572 19 15149199 15219448 89 84.185 0.956111 9.40079 0.0197292 -0.247148 0.21393 0.216991
ENSG00000141854.3 19 14183348 14183348 + 12 582732 19_internal_9725 19 14766080 14892394 89 90.408 0.995258 11.5314 0.065727 -0.21025 0.522388 0.533563
ENSG00000188032.5 19 14196687 14196687 - 12 -483301 19_internal_8420 19 14679988 14797982 89 98.126 0.829088 10.5898 0.18163 -0.138342 0.905473 0.881584
ENSG00000141858.7 19 14201848 14201848 - 12 -947351 19_internal_7572 19 15149199 15219448 89 99.1342 0.925177 13.0471 0.0519361 -0.212929 0.412935 0.451223
ENSG00000072062.8 19 14228896 14228896 - 12 -243195 19_internal_6761 19 14472091 14514200 89 104.992 1.03611 17.9442 0.019741 -0.248385 0.174129 0.171398
ENSG00000105011.4 19 14247768 14247768 - 12 -627242 19_internal_8464 19 14875010 14899886 89 86.7229 1.10597 13.1713 0.08862 -0.173605 0.716418 0.685015
ENSG00000267169.1 19 14247991 14247991 + 12 -984132 19_internal_7348 19 13249130 13263859 89 84.8803 1.03042 9.66579 0.0725756 0.201871 0.572139 0.537646
ENSG00000072071.12 19 14316999 14316999 - 12 -343663 19_internal_8768 19 14660662 14669858 89 94.7537 0.922691 10.3626 0.0562903 0.207541 0.422886 0.442847
ENSG00000266913.1 19 14481008 14481008 - 12 430984 19_internal_6991 19 13989786 14050024 89 100.212 0.94015 13.0382 0.0425135 0.212216 0.393035 0.368368
ENSG00000123146.14 19 14491313 14491313 + 12 657886 19_internal_7572 19 15149199 15219448 89 80.7432 0.993178 9.8513 0.160285 -0.146792 0.865672 0.861942
ENSG00000267379.1 19 14519535 14519535 - 12 -252269 19_internal_6206 19 14771804 14788241 89 84.7238 0.979178 9.00743 0.398893 -0.0923582 0.995025 0.991803
ENSG00000123136.10 19 14530192 14530192 - 12 -130470 19_internal_8768 19 14660662 14669858 89 107.965 1.01669 15.029 0.097104 -0.170671 0.656716 0.643476
ENSG00000123143.8 19 14543865 14543865 + 12 -493841 19_internal_6991 19 13989786 14050024 89 96.3877 0.912838 12.0487 0.0621451 -0.204121 0.477612 0.518143
ENSG00000267474.1 19 14569213 14569213 + 12 196867 19_internal_9725 19 14766080 14892394 89 106.348 0.817033 13.6544 0.145863 -0.151418 0.840796 0.851353
ENSG00000224543.3 19 14599758 14599758 + 12 275252 19_internal_8464 19 14875010 14899886 89 83.6635 1.03069 11.0718 0.000640797 -0.324334 0.0149254 0.00885408
ENSG00000123159.10 19 14606944 14606944 - 12 -698882 19_internal_7133 19 15305826 15312186 89 96.3182 0.979117 13.1499 0.0264894 -0.236192 0.248756 0.251985
ENSG00000099797.7 19 14627897 14627897 + 13 138183 19_internal_9725 19 14766080 14892394 89 84.9846 1.04917 11.1565 0.0654252 0.197965 0.547264 0.542881
ENSG00000207707.1 19 14640355 14640355 + 13 508844 19_internal_7572 19 15149199 15219448 89 104.697 0.875141 13.1954 0.00969 -0.30271 0.104478 0.0941355
ENSG00000132002.3 19 14640582 14640582 - 13 -508617 19_internal_7572 19 15149199 15219448 89 90.7904 1.06266 12.6008 0.0826491 -0.172763 0.626866 0.622925
ENSG00000099795.2 19 14682874 14682874 - 13 632850 19_internal_6991 19 13989786 14050024 89 80.0652 1.04559 10.018 0.244641 0.119983 0.955224 0.953597
ENSG00000269378.1 19 14733054 14733054 - 14 -961935 19_internal_9470 19 15694989 15814390 89 86.1318 1.03934 13.9364 0.076303 0.185256 0.676617 0.678016
ENSG00000160961.7 19 14800613 14800613 + 15 74397 19_internal_8464 19 14875010 14899886 89 95.8314 0.874127 14.6419 0.110623 -0.168931 0.80597 0.816035
ENSG00000127507.12 19 14889353 14889353 - 15 219495 19_internal_8768 19 14660662 14669858 89 84.0111 1.03038 14.1902 0.0316489 0.220979 0.427861 0.398648
ENSG00000105137.8 19 15218214 15218214 + 14 -644332 19_internal_6137 19 14568680 14573882 89 92.2158 0.952369 13.8007 0.00882929 0.286454 0.139303 0.114499
ENSG00000268564.1 19 15234971 15234971 + 15 -446730 19_internal_6206 19 14771804 14788241 89 85.9928 0.94829 12.5081 0.0246073 0.233498 0.318408 0.315501
ENSG00000105135.11 19 15236596 15236596 - 15 -458393 19_internal_9470 19 15694989 15814390 89 95.1014 0.959628 19.4968 0.141286 0.16962 0.940299 0.93608
ENSG00000141867.12 19 15443356 15443356 - 17 -175417 19_internal_7249 19 15618773 15626592 89 98.5779 0.959776 20.5991 0.0542247 -0.188295 0.61194 0.610993
ENSG00000268189.1 19 15489887 15489887 + 17 -701646 19_internal_6206 19 14771804 14788241 89 83.142 0.91964 12.3621 0.124908 -0.17612 0.875622 0.859554
ENSG00000105127.3 19 15490612 15490612 - 17 -283947 19_internal_9104 19 15774559 15784205 89 86.8967 0.989264 13.5427 0.0898936 0.172265 0.721393 0.740236
ENSG00000269311.1 19 15494623 15494623 - 17 920741 19_internal_6137 19 14568680 14573882 89 94.7711 0.912422 16.3774 0.0437906 0.217614 0.492537 0.507907
ENSG00000269589.1 19 15509379 15509379 + 17 -721138 19_internal_6206 19 14771804 14788241 89 81.3168 1.08149 15.6786 0.0382071 -0.223754 0.492537 0.497594
ENSG00000011243.11 19 15529952 15529952 - 17 956070 19_internal_6137 19 14568680 14573882 89 91.3293 0.981987 18.0161 0.00616801 0.300916 0.104478 0.0998238
ENSG00000011451.10 19 15560762 15560762 - 17 -674173 19_internal_6640 19 16234935 16248170 89 83.5592 0.972252 14.0939 0.0314647 0.240299 0.402985 0.42706
ENSG00000105122.7 19 15575377 15575377 - 16 676803 19_internal_7068 19 14799740 14898574 89 89.3129 0.838996 15.4122 0.0151649 -0.262271 0.298507 0.280438
ENSG00000161031.8 19 15609767 15609767 - 16 -625168 19_internal_6640 19 16234935 16248170 89 81.5428 1.04015 14.4576 0.0498256 0.212797 0.587065 0.576912
ENSG00000171954.6 19 15619304 15619304 + 16 774207 19_internal_6734 19 16393511 16428297 89 83.1941 1.09151 16.7352 0.0308433 -0.204693 0.452736 0.424154
ENSG00000225067.2 19 15722467 15722467 + 16 -822581 19_internal_8464 19 14875010 14899886 89 100.403 0.918201 19.4961 0.103139 -0.178062 0.825871 0.83833
ENSG00000267135.1 19 15722720 15722720 - 16 934479 19_internal_6206 19 14771804 14788241 89 83.7504 1.06771 14.1828 0.0558644 -0.209553 0.577114 0.577513
ENSG00000186204.8 19 15783567 15783567 + 17 -156975 19_internal_7249 19 15618773 15626592 89 87.6963 1.04145 15.8675 0.0112242 0.290924 0.134328 0.157718
ENSG00000214049.5 19 15939757 15939757 + 13 -313165 19_internal_7249 19 15618773 15626592 89 101.568 0.955125 18.419 0.209369 -0.138813 0.975124 0.976277
ENSG00000248453.1 19 15947865 15947865 - 13 728417 19_internal_7572 19 15149199 15219448 89 87.6789 0.969928 13.4542 0.080312 -0.192791 0.701493 0.698012
ENSG00000167460.10 19 16177831 16177831 + 16 57104 19_internal_6640 19 16234935 16248170 89 78.7615 1.10378 14.3041 0.0206809 -0.257699 0.303483 0.302646
ENSG00000167461.7 19 16222439 16222439 + 16 -408049 19_internal_9470 19 15694989 15814390 89 78.4139 1.10893 14.8394 0.0924044 -0.172455 0.810945 0.807386
ENSG00000196684.7 19 16244838 16244838 + 16 468888 19_internal_7978 19 16713726 16738900 89 90.5297 0.91668 14.0489 0.0483782 0.214826 0.512438 0.527972
ENSG00000267068.1 19 16244838 16244838 + 16 468888 19_internal_7978 19 16713726 16738900 89 88.1309 0.901383 15.3612 0.0560121 0.20434 0.606965 0.639304
ENSG00000269243.1 19 16250702 16250702 - 16 436312 19_internal_9470 19 15694989 15814390 89 82.7943 0.986783 12.9195 0.0128398 -0.259003 0.20398 0.197717
ENSG00000105058.7 19 16296191 16296191 + 16 -48021 19_internal_6640 19 16234935 16248170 89 88.4785 1.06064 15.2201 0.0219632 -0.255704 0.243781 0.264808
ENSG00000267033.1 19 16300269 16300269 - 16 -657082 19_internal_6353 19 16957351 16974922 89 93.1719 1.09747 17.4302 0.0304329 0.223622 0.348259 0.33223
ENSG00000072958.4 19 16308389 16308389 + 16 -60219 19_internal_6640 19 16234935 16248170 89 84.4283 0.913912 13.1042 0.00676072 -0.301959 0.134328 0.130169
ENSG00000267275.1 19 16435325 16435325 - 16 -748902 19_internal_6257 19 17184227 17241126 89 104.471 0.920476 20.3663 0.020855 0.252748 0.278607 0.256942
ENSG00000127528.5 19 16435628 16435628 + 16 -621238 19_internal_9470 19 15694989 15814390 89 84.2719 0.988451 13.2333 0.213107 -0.133457 0.965174 0.966899
ENSG00000243745.2 19 16509770 16509770 - 16 81473 19_internal_6734 19 16393511 16428297 89 86.8445 0.865943 14.0229 0.163264 0.13779 0.935323 0.941251
ENSG00000240418.1 19 16523495 16523495 + 16 -238860 19_internal_7191 19 16278629 16284635 89 90.2342 0.99493 14.9973 0.214423 -0.116461 0.970149 0.971816
ENSG00000127527.9 19 16582896 16582896 - 17 -762068 19_internal_6573 19 17344964 17358517 89 101.255 0.841608 19.8978 0.00199094 -0.309654 0.0497512 0.0378462
ENSG00000105072.4 19 16607122 16607122 + 17 737842 19_internal_6573 19 17344964 17358517 89 85.958 0.982113 14.7089 0.125812 0.155282 0.870647 0.879921
ENSG00000240106.2 19 16650795 16650795 - 16 402625 19_internal_6640 19 16234935 16248170 89 88.2004 0.914991 12.7572 0.0186526 -0.261788 0.248756 0.255838
ENSG00000085872.10 19 16653341 16653341 - 16 -691623 19_internal_6573 19 17344964 17358517 89 92.0246 1.01372 15.443 0.00844089 0.28715 0.0995025 0.104512
ENSG00000269399.1 19 16655625 16655625 - 16 227328 19_internal_6734 19 16393511 16428297 89 77.8924 1.03842 14.0444 0.0341516 0.229562 0.477612 0.477917
ENSG00000268309.1 19 16662584 16662584 + 16 -234287 19_internal_6734 19 16393511 16428297 89 84.776 0.946157 15.2209 0.0457499 0.208109 0.58209 0.575842
ENSG00000269085.1 19 16676362 16676362 + 16 322501 19_internal_8093 19 16998863 17134570 89 86.4969 1.02759 15.5485 0.0897684 -0.182316 0.78607 0.777817
ENSG00000127526.9 19 16683193 16683193 - 16 -30533 19_internal_7978 19 16713726 16738900 89 89.9387 1.09652 16.9222 0.0340529 0.23662 0.39801 0.389479
ENSG00000269578.1 19 16698796 16698796 - 16 -300067 19_internal_8093 19 16998863 17134570 89 89.4693 1.09603 17.5844 0.0313155 -0.233281 0.412935 0.379151
ENSG00000268087.1 19 16721222 16721222 + 16 -473052 19_internal_6640 19 16234935 16248170 89 95.2404 1.08095 22.5498 0.00250047 0.293898 0.0348259 0.0289514
ENSG00000141979.4 19 16739015 16739015 - 16 454380 19_internal_7191 19 16278629 16284635 89 96.04 0.948489 15.8173 0.0312966 0.217575 0.343284 0.357645
ENSG00000105085.6 19 16739873 16739873 - 16 198991 19_internal_6477 19 16526345 16540882 89 87.2617 0.963588 15.7486 0.0635648 0.204698 0.671642 0.674767
ENSG00000269427.1 19 16741554 16741554 + 16 -456919 19_internal_7191 19 16278629 16284635 89 96.1791 0.900583 15.978 0.118246 0.163277 0.830846 0.852786
ENSG00000269044.1 19 16746080 16746080 - 16 -211271 19_internal_6353 19 16957351 16974922 89 88.9479 0.972629 17.5809 0.0813116 0.181476 0.761194 0.78373
ENSG00000267904.1 19 16751479 16751479 - 16 967274 19_internal_9104 19 15774559 15784205 89 88.4959 0.942068 14.9151 0.0146001 0.265742 0.223881 0.224153
ENSG00000268790.1 19 16770926 16770926 - 16 230044 19_internal_6477 19 16526345 16540882 89 91.5031 0.998777 15.0988 0.0106595 0.284805 0.134328 0.136071
ENSG00000214046.4 19 16771253 16771253 - 16 -186098 19_internal_6353 19 16957351 16974922 89 93.7803 1.04985 15.7661 0.0014501 0.350756 0.00995025 0.0134828
ENSG00000072954.2 19 16771938 16771938 + 16 231955 19_internal_8629 19 17003893 17080335 89 87.7484 1.02482 16.5368 0.0109094 -0.237194 0.18408 0.165058
ENSG00000127511.5 19 16940211 16940211 + 15 58652 19_internal_8093 19 16998863 17134570 89 73.7553 1.15192 12.2174 0.129812 0.15209 0.845771 0.867067
ENSG00000268743.1 19 16954836 16954836 + 15 623757 19_internal_6971 19 17578593 17593564 89 93.676 0.962528 16.554 0.0351203 -0.213991 0.437811 0.420735
ENSG00000127533.3 19 16999671 16999671 + 15 4222 19_internal_8629 19 17003893 17080335 89 98.4736 0.903186 15.27 0.000586402 0.390094 0.0199005 0.00792421
ENSG00000160111.7 19 17137625 17137625 - 16 57290 19_internal_8629 19 17003893 17080335 89 98.4736 0.999144 19.8267 2.39372e-05 0.437116 0.00497512 0.000175655
ENSG00000131351.10 19 17186435 17186435 - 17 938265 19_internal_6640 19 16234935 16248170 89 98.8734 0.959847 18.8262 0.0754031 -0.194121 0.731343 0.708635
ENSG00000099331.9 19 17186591 17186591 + 17 663374 19_internal_7391 19 17849965 17867701 89 85.1932 1.02718 16.5105 0.0382996 -0.201527 0.512438 0.500817
ENSG00000269066.1 19 17210117 17210117 - 17 961947 19_internal_6640 19 16234935 16248170 89 97.8479 0.827255 17.5834 0.0484642 -0.216205 0.552239 0.583743
ENSG00000268056.1 19 17278861 17278861 - 18 -299732 19_internal_6971 19 17578593 17593564 89 77.3188 1.08328 15.3519 0.0300882 -0.21638 0.442786 0.454586
ENSG00000269836.1 19 17289285 17289285 - 17 -55679 19_internal_6573 19 17344964 17358517 89 88.6002 1.15064 17.6766 0.0206068 -0.262219 0.288557 0.24787
ENSG00000269480.1 19 17318819 17318819 - 17 -898734 19_internal_8851 19 18217553 18249146 89 95.223 0.981542 18.7634 0.0417691 -0.18698 0.497512 0.498251
ENSG00000053501.8 19 17326155 17326155 + 17 -587255 19_internal_7978 19 16713726 16738900 89 77.9619 1.07649 14.5169 0.0550368 -0.194902 0.656716 0.635047
ENSG00000099330.4 19 17337013 17337013 + 17 -598113 19_internal_7978 19 16713726 16738900 89 87.5398 0.942729 17.2798 0.0194176 -0.243796 0.363184 0.327235
ENSG00000160113.5 19 17356749 17356749 - 17 0 19_internal_6573 19 17344964 17358517 89 92.633 0.888506 16.0028 1.23235e-07 0.523155 0.00497512 5.24309e-06
ENSG00000105393.11 19 17378159 17378159 + 17 745334 19_internal_7627 19 18123493 18143462 89 92.0941 0.905987 16.0556 0.131174 0.164978 0.915423 0.899335
ENSG00000269307.1 19 17378227 17378227 + 17 -588205 19_internal_7876 19 16766755 16790022 89 88.0439 1.04344 16.6305 0.0167649 0.252772 0.238806 0.234589
ENSG00000160117.10 19 17392454 17392454 + 17 731039 19_internal_7627 19 18123493 18143462 89 93.45 0.930349 16.5128 0.0424318 0.215548 0.507463 0.502585
ENSG00000130307.7 19 17393595 17393595 - 17 -729898 19_internal_7627 19 18123493 18143462 89 93.6064 1.03685 17.3005 0.00196933 0.326796 0.0298507 0.022099
ENSG00000130312.2 19 17403418 17403418 + 18 -613396 19_internal_7876 19 16766755 16790022 89 73.4945 1.0894 12.8721 0.0325938 0.222985 0.482587 0.457856
ENSG00000269815.1 19 17407504 17407504 - 18 459397 19_internal_8305 19 16889497 16948107 89 97.8305 0.871973 18.2023 0.000854291 0.326537 0.0149254 0.0164289
ENSG00000130311.6 19 17420327 17420327 + 18 -630305 19_internal_7876 19 16766755 16790022 89 87.2617 1.07092 17.2488 0.0579261 0.215144 0.631841 0.630188
ENSG00000127220.5 19 17421045 17421045 - 18 -941560 19_internal_5877 19 18362605 18366497 89 90.043 0.942259 13.4333 0.0254058 -0.239922 0.293532 0.310686
ENSG00000074855.6 19 17445638 17445638 - 17 706738 19_internal_7978 19 16713726 16738900 89 87.2965 1.04124 16.4295 0.0554923 0.207792 0.621891 0.607161
ENSG00000130299.12 19 17445729 17445729 + 17 953313 19_internal_7170 19 18399042 18419376 89 88.4264 1.05703 16.3367 0.0718709 0.195897 0.681592 0.688042
ENSG00000269720.1 19 17503093 17503093 - 18 -895949 19_internal_7170 19 18399042 18419376 89 79.1266 1.07423 14.2183 0.103273 0.162206 0.835821 0.831906
ENSG00000130303.8 19 17516457 17516457 - 18 568350 19_internal_8305 19 16889497 16948107 89 83.8025 1.01666 16.4443 0.0451039 -0.216008 0.587065 0.576318
ENSG00000269640.1 19 17516503 17516503 + 18 979780 19_internal_6520 19 18496283 18519545 89 92.3201 1.13518 22.2041 0.0496058 -0.199256 0.577114 0.588706
ENSG00000141971.8 19 17516531 17516531 + 18 979752 19_internal_6520 19 18496283 18519545 89 92.0594 1.00304 18.1308 0.0624508 -0.182982 0.651741 0.660898
ENSG00000254503.1 19 17529097 17529097 - 18 790197 19_internal_7978 19 16713726 16738900 89 88.7219 0.945447 17.8279 0.014913 0.239094 0.283582 0.261077
ENSG00000269053.1 19 17530583 17530583 - 18 -592910 19_internal_7627 19 18123493 18143462 89 96.1443 1.0118 22.3102 0.0350175 -0.204042 0.457711 0.468626
ENSG00000269481.1 19 17533133 17533133 - 18 -45460 19_internal_6971 19 17578593 17593564 89 97.4133 0.814354 17.1503 0.102699 -0.163503 0.835821 0.84527
ENSG00000188051.6 19 17559376 17559376 - 17 820476 19_internal_7978 19 16713726 16738900 89 91.2076 1.07786 17.8642 0.036534 -0.218614 0.457711 0.42714
ENSG00000130304.12 19 17579578 17579578 + 18 -499243 19_internal_8629 19 17003893 17080335 89 92.5635 0.913235 16.901 0.0474371 0.222965 0.557214 0.567046
ENSG00000130313.2 19 17622438 17622438 + 18 595115 19_internal_8851 19 18217553 18249146 89 85.4191 0.987848 18.5393 0.130912 0.150556 0.935323 0.938944
ENSG00000269439.1 19 17622698 17622698 - 18 -739907 19_internal_5877 19 18362605 18366497 89 89.6953 0.994781 16.507 0.0226685 -0.235852 0.318408 0.311408
ENSG00000269161.1 19 17631374 17631374 - 18 -943465 19_internal_7867 19 18574839 18702017 89 96.2486 0.965 20.1396 0.0507447 -0.206571 0.58209 0.59568
ENSG00000167483.13 19 17634110 17634110 + 18 -499540 19_internal_8093 19 16998863 17134570 89 82.5857 1.07642 17.7016 0.0142555 0.257864 0.253731 0.245921
ENSG00000130309.6 19 17666403 17666403 + 18 829880 19_internal_6520 19 18496283 18519545 89 83.8721 0.944045 13.2233 0.00687642 -0.271699 0.144279 0.126027
ENSG00000130477.10 19 17799401 17799401 - 16 205837 19_internal_6971 19 17578593 17593564 89 94.3191 0.856092 14.4899 0.0725669 0.192101 0.636816 0.681261
ENSG00000130479.6 19 17830051 17830051 + 16 -471534 19_internal_6573 19 17344964 17358517 89 97.7783 1.0279 18.4607 0.0200675 0.219853 0.223881 0.228808
ENSG00000268112.1 19 17845322 17845322 - 16 251758 19_internal_6971 19 17578593 17593564 89 82.3771 0.958079 14.2564 0.0954265 -0.175312 0.81592 0.817838
ENSG00000130475.10 19 17858527 17858527 + 16 637756 19_internal_6520 19 18496283 18519545 89 87.14 1.0483 15.3388 0.0501886 -0.204229 0.512438 0.542166
ENSG00000179913.6 19 17905637 17905637 + 16 -664511 19_internal_6257 19 17184227 17241126 89 80.0652 1.00965 14.61 0.0303355 -0.217008 0.432836 0.444833
ENSG00000248099.3 19 17932383 17932383 - 16 573866 19_internal_6573 19 17344964 17358517 89 89.4867 1.02279 16.767 0.029148 -0.216313 0.402985 0.375567
ENSG00000105639.14 19 17958880 17958880 - 15 -185918 19_internal_7749 19 18144798 18162337 89 83.4549 1.10239 15.2542 0.0356081 -0.233376 0.452736 0.432122
ENSG00000105640.7 19 17970685 17970685 + 15 174113 19_internal_7749 19 18144798 18162337 89 92.7547 1.02443 16.1867 0.018648 -0.250267 0.223881 0.223697
ENSG00000207166.1 19 17973397 17973397 + 15 -379833 19_internal_6971 19 17578593 17593564 89 95.3273 0.86936 15.5997 0.127048 -0.156929 0.885572 0.878321
ENSG00000105641.3 19 17982782 17982782 + 14 416260 19_internal_7170 19 18399042 18419376 89 95.8662 0.948345 14.8077 0.0269458 -0.223783 0.288557 0.300492
ENSG00000007080.6 19 18043825 18043825 + 15 -450261 19_internal_6971 19 17578593 17593564 89 80.3955 1.07602 12.8356 0.0537187 -0.203445 0.60199 0.555201
ENSG00000105643.4 19 18111941 18111941 + 14 11552 19_internal_7627 19 18123493 18143462 89 95.1535 0.97839 15.0365 0.0145618 0.258862 0.159204 0.167563
ENSG00000268032.1 19 18133212 18133212 + 14 363071 19_internal_6520 19 18496283 18519545 89 93.7977 0.982817 17.474 0.049477 -0.19514 0.527363 0.549896
ENSG00000268298.1 19 18142348 18142348 - 13 -2450 19_internal_7749 19 18144798 18162337 89 93.1197 0.976036 13.4301 0.00889986 0.278638 0.119403 0.101938
ENSG00000099308.5 19 18208603 18208603 + 13 -340902 19_internal_7391 19 17849965 17867701 89 86.775 1.01444 10.4834 0.021942 -0.259513 0.199005 0.216314
ENSG00000096996.10 19 18209759 18209759 - 13 -7794 19_internal_8851 19 18217553 18249146 89 89.452 0.972486 12.7691 0.117498 0.165976 0.791045 0.802469
ENSG00000269145.1 19 18262498 18262498 - 12 -312341 19_internal_7867 19 18574839 18702017 89 86.6533 1.04044 10.686 0.0264467 0.247357 0.253731 0.248893
ENSG00000105647.9 19 18263626 18263626 + 12 -905109 19_internal_6573 19 17344964 17358517 89 91.7117 1.04452 13.4381 0.175025 0.144077 0.925373 0.909852
ENSG00000268173.1 19 18263968 18263968 + 12 -905451 19_internal_6573 19 17344964 17358517 89 101.724 1.08594 14.7117 0.170919 0.144997 0.875622 0.881806
ENSG00000216490.2 19 18283972 18283972 + 12 290867 19_internal_7867 19 18574839 18702017 89 80.7258 1.15425 11.4498 0.0600784 -0.186568 0.557214 0.515847
