ENSG00000260774.1 5 217394 217394 - 5 0 5_internal_9552 5 214848 273145 89 77.4578 1.00009 4.51538 0.0980154 0.163451 0.472637 0.446679
ENSG00000164366.2 5 218330 218330 - 5 0 5_internal_9552 5 214848 273145 89 94.7537 1.00366 5.72951 0.320004 0.0982099 0.860697 0.874729
ENSG00000073578.11 5 218356 218356 + 5 252285 5_internal_12608 5 470641 545563 89 88.1309 0.999983 4.04089 0.148724 0.167555 0.492537 0.483266
ENSG00000248925.1 5 271631 271631 - 5 -199010 5_internal_12608 5 470641 545563 89 108.573 1.00008 5.7767 0.333229 0.104389 0.835821 0.85591
ENSG00000249915.2 5 271736 271736 + 5 0 5_internal_9552 5 214848 273145 89 87.0705 1.00001 4.78069 0.0848462 -0.174093 0.373134 0.357267
ENSG00000250848.1 5 290436 290436 - 5 -168332 5_internal_10109 5 458768 615189 89 78.3791 0.999878 4.77325 0.14298 -0.149649 0.626866 0.587764
ENSG00000063438.12 5 304291 304291 + 6 989682 5_internal_8955 5 1293973 1317646 89 106.487 0.880763 6.63161 0.492989 -0.067941 0.99005 0.985579
ENSG00000221990.2 5 443258 443258 - 8 -15510 5_internal_10109 5 458768 615189 89 94.267 0.96829 8.36751 0.0525126 0.200987 0.298507 0.340211
ENSG00000180104.10 5 443273 443273 + 8 850700 5_internal_8955 5 1293973 1317646 89 88.635 0.897868 6.49572 0.0501659 -0.202452 0.323383 0.334248
ENSG00000188242.3 5 473213 473213 - 8 0 5_internal_10109 5 458768 615189 89 77.51 1.03604 6.58273 0.00621172 0.302149 0.0646766 0.0612586
ENSG00000225138.2 5 478238 478238 + 10 -205093 5_internal_9552 5 214848 273145 89 78.5529 1.01781 8.10765 0.0378122 0.212854 0.353234 0.33834
ENSG00000066230.6 5 524447 524447 - 11 0 5_internal_10109 5 458768 615189 89 91.0859 1.13954 13.5164 0.0296382 0.222802 0.238806 0.257295
ENSG00000112877.6 5 612387 612387 + 12 -66824 5_internal_12608 5 470641 545563 89 96.1096 0.85662 10.1422 0.0971968 0.173527 0.616915 0.65579
ENSG00000268885.1 5 667759 667759 + 12 806399 5_internal_8662 5 1474158 1525218 89 89.365 1.00219 10.7613 0.0538906 0.207291 0.447761 0.444935
ENSG00000171368.10 5 693510 693510 - 12 243927 5_internal_11969 5 320522 449583 89 83.2811 0.989355 10.28 0.282915 0.119236 0.970149 0.974599
ENSG00000206077.6 5 767067 767067 - 12 221504 5_internal_12608 5 470641 545563 89 85.8189 1.00198 12.8354 0.10044 -0.174201 0.746269 0.76459
ENSG00000188818.8 5 851101 851101 - 12 -482254 5_internal_11783 5 1333355 1337037 89 86.6012 1.02156 10.2084 0.0326674 -0.219988 0.303483 0.296101
ENSG00000071539.9 5 892758 892758 + 12 -347195 5_internal_12608 5 470641 545563 89 104.523 0.91777 14.3914 0.162991 0.163067 0.880597 0.882956
ENSG00000028310.13 5 892939 892939 - 12 -581219 5_internal_8662 5 1474158 1525218 89 91.6422 1.01773 11.3691 0.0081428 0.260379 0.0845771 0.0753835
ENSG00000113504.14 5 1112150 1112150 - 12 0 5_internal_9773 5 1003468 1169110 89 90.8078 1.11253 11.9386 3.4946e-14 0.720495 0.00497512 8.29846e-15
ENSG00000164362.14 5 1295184 1295184 - 11 679995 5_internal_10109 5 458768 615189 89 94.5451 0.932741 10.4603 0.0210799 -0.235953 0.199005 0.193432
ENSG00000049656.9 5 1345214 1345214 - 11 -129002 5_internal_8844 5 1474216 1508790 89 94.1453 1.01316 11.6363 0.0629475 0.177467 0.472637 0.480934
ENSG00000153395.5 5 1524092 1524092 - 10 0 5_internal_12063 5 1507107 1525430 89 84.6543 0.9698 8.34716 0.000917706 0.330604 0.0149254 0.0118487
ENSG00000185986.10 5 1594735 1594735 - 9 85945 5_internal_8844 5 1474216 1508790 89 77.1275 1.15054 7.4575 0.00571004 -0.290262 0.039801 0.0465085
ENSG00000248126.1 5 1598242 1598242 + 9 -72812 5_internal_12063 5 1507107 1525430 89 86.6359 1.07626 8.5281 0.00175853 0.297737 0.00995025 0.0122242
ENSG00000232615.4 5 1614951 1614951 + 9 -106161 5_internal_8844 5 1474216 1508790 89 95.0318 1.02578 11.2224 0.21781 -0.129124 0.900498 0.917906
ENSG00000188002.6 5 1634120 1634120 - 8 316474 5_internal_8955 5 1293973 1317646 89 113.388 0.837334 10.6776 0.024385 -0.248381 0.164179 0.167463
ENSG00000171421.7 5 1801480 1801480 - 8 206035 5_internal_9277 5 1568347 1595445 89 100.247 1.02197 9.78628 0.0687784 -0.187005 0.39801 0.404898
ENSG00000145494.7 5 1801514 1801514 + 8 -166755 5_internal_8828 5 1385372 1634759 89 81.2299 1.00005 7.53536 0.0577049 -0.196447 0.437811 0.420626
ENSG00000145536.11 5 5140443 5140443 + 1 339826 5_internal_9287 5 5480269 5495560 89 94.9449 0.999942 0.929843 0.735139 0.0321056 0.676617 0.700709
ENSG00000164151.7 5 5420777 5420777 + 1 59492 5_internal_9287 5 5480269 5495560 89 101.185 1.00003 1.02733 0.249692 0.127897 0.233831 0.224787
ENSG00000250490.1 5 6339997 6339997 - 5 844437 5_internal_9287 5 5480269 5495560 89 78.0141 1.00009 4.58085 0.00589806 0.269141 0.0646766 0.0448507
ENSG00000133398.3 5 6378707 6378707 - 5 -254974 5_internal_8581 5 6633681 6650304 89 85.2801 0.999922 4.45532 0.0175298 -0.252502 0.0696517 0.0864066
ENSG00000037474.10 5 6633404 6633404 - 4 -140984 5_internal_10782 5 6774388 6794569 89 75.5805 0.99993 3.52266 0.11813 0.165859 0.452736 0.436049
ENSG00000145545.7 5 6633456 6633456 + 4 615669 5_internal_13077 5 7249125 7803947 89 98.4041 1.00005 4.2801 0.348036 -0.0938795 0.81592 0.812425
ENSG00000248677.1 5 6707824 6707824 - 4 -6660 5_internal_12442 5 6714484 6738038 89 109.581 1.00004 4.93389 0.0487489 0.202152 0.149254 0.133695
ENSG00000112941.8 5 6714718 6714718 + 4 0 5_internal_12442 5 6714484 6738038 89 86.41 0.999964 3.74622 8.5877e-05 0.393031 0.00497512 0.000408634
ENSG00000200243.1 5 6848575 6848575 - 4 54006 5_internal_10782 5 6774388 6794569 89 98.1434 1.00008 4.63177 0.0741924 0.180431 0.253731 0.251884
ENSG00000124275.10 5 7851299 7851299 + 1 -47352 5_internal_13077 5 7249125 7803947 89 85.8711 0.99998 1.02702 0.732572 -0.038142 0.741294 0.74649
ENSG00000124279.7 5 7869150 7869150 - 1 65203 5_internal_13077 5 7249125 7803947 89 85.002 1.00007 0.950605 0.352291 0.0997951 0.338308 0.349015
ENSG00000247516.2 5 8457606 8457606 + 1 -653659 5_internal_13077 5 7249125 7803947 89 87.1227 1.00007 0.926194 0.0466503 0.199039 0.0497512 0.0454934
ENSG00000112902.7 5 9546187 9546187 - 3 -906775 5_internal_10785 5 10452962 10457516 89 98.6996 0.999917 3.86244 0.0506514 0.185336 0.179104 0.144245
ENSG00000250786.1 5 9546312 9546312 + 3 906650 5_internal_10785 5 10452962 10457516 89 81.6818 1.00002 2.9218 0.0134401 0.217237 0.0547264 0.051429
ENSG00000260515.1 5 10197740 10197740 - 8 -483881 5_internal_9227 5 10681621 10857938 89 89.7822 1.07153 7.62809 0.0546875 -0.182506 0.328358 0.311427
ENSG00000150756.8 5 10250009 10250009 - 8 -431612 5_internal_9227 5 10681621 10857938 89 83.3854 1.01929 7.20841 0.244459 -0.134498 0.885572 0.882453
ENSG00000150753.7 5 10250033 10250033 + 8 453398 5_internal_12698 5 10703431 10747983 89 74.3637 1.16694 7.27443 0.0623226 0.198075 0.442786 0.417067
ENSG00000164237.4 5 10308138 10308138 - 8 -313562 5_internal_9461 5 10621700 10646198 89 73.2512 1.13553 6.59008 0.228036 0.123396 0.860697 0.853472
ENSG00000259802.1 5 10353713 10353713 - 8 77139 5_internal_11629 5 10263587 10276574 89 83.8199 0.947719 6.84422 0.148896 -0.153978 0.716418 0.718935
ENSG00000145495.9 5 10353815 10353815 + 8 241421 5_internal_11537 5 10595236 10609977 89 97.1178 1.03581 10.039 0.0636015 0.188382 0.402985 0.401879
ENSG00000145491.7 5 10441636 10441636 + 8 354381 5_internal_8614 5 10796017 10801670 89 82.7248 1.08844 8.08638 0.0305695 -0.232615 0.233831 0.227612
ENSG00000112977.11 5 10761384 10761384 - 8 13401 5_internal_12698 5 10703431 10747983 89 94.8232 1.01017 7.83042 0.0418497 0.216535 0.233831 0.24318
ENSG00000038382.13 5 14143811 14143811 + 6 839890 5_internal_9805 5 14983701 15000386 89 94.8928 1.01561 6.20023 0.0846398 0.175971 0.368159 0.375833
ENSG00000145569.4 5 14581884 14581884 + 6 0 5_internal_13799 5 14462608 14602154 89 90.3211 1.00598 6.34592 0.000187912 0.392415 0.00497512 0.00102211
ENSG00000248791.1 5 14620129 14620129 + 6 103627 5_internal_11624 5 14723756 14938274 89 95.5533 1.01042 6.67061 0.0441225 -0.208165 0.248756 0.218047
ENSG00000250182.2 5 14653438 14653438 - 6 -70318 5_internal_11624 5 14723756 14938274 89 90.86 0.956962 5.77802 0.154533 -0.155235 0.621891 0.627589
ENSG00000261360.1 5 14664713 14664713 - 6 62559 5_internal_13799 5 14462608 14602154 89 86.8098 0.999997 5.38785 0.0739595 -0.180781 0.353234 0.35298
ENSG00000154124.4 5 14664773 14664773 + 6 -301507 5_internal_9411 5 14330713 14363266 89 87.7311 1.02685 5.67372 0.148673 0.170453 0.59204 0.595488
ENSG00000249485.1 5 14798509 14798509 - 6 196355 5_internal_13799 5 14462608 14602154 89 97.1525 0.961428 7.04797 0.015715 0.251253 0.0845771 0.0881277
ENSG00000264792.1 5 14826121 14826121 - 6 223967 5_internal_13799 5 14462608 14602154 89 81.4732 0.99889 5.54089 0.0147445 0.235893 0.0945274 0.104528
ENSG00000154122.8 5 14871887 14871887 - 6 0 5_internal_11624 5 14723756 14938274 89 104.001 0.942202 7.4193 0.00126845 0.320066 0.00995025 0.00513472
ENSG00000249928.2 5 14874820 14874820 - 6 511554 5_internal_9411 5 14330713 14363266 89 92.1463 0.91514 5.87635 0.00504249 0.301431 0.0348259 0.0352747
ENSG00000248150.1 5 16440190 16440190 - 2 -285940 5_internal_9687 5 16726130 16760234 89 98.5953 1.00006 1.96118 0.448928 0.0764725 0.656716 0.662567
ENSG00000173545.4 5 16465901 16465901 - 3 -260229 5_internal_9687 5 16726130 16760234 89 82.7074 1.00008 2.69779 0.000984843 -0.316743 0.00497512 0.00402776
ENSG00000246214.1 5 16616035 16616035 + 3 0 5_internal_12215 5 16507665 16631784 89 79.057 1.00003 2.44419 2.36688e-12 0.614779 0.00497512 9.67524e-11
ENSG00000154153.9 5 16617167 16617167 - 3 0 5_internal_12215 5 16507665 16631784 89 90.0256 0.999962 2.94728 1.10297e-22 0.787019 0.00497512 1.85661e-22
ENSG00000250415.1 5 16617334 16617334 + 3 0 5_internal_12215 5 16507665 16631784 89 94.8754 0.999922 3.44722 0.000288686 0.403662 0.00497512 0.00062547
ENSG00000145555.10 5 16936372 16936372 - 4 176138 5_internal_9687 5 16726130 16760234 89 118.255 1.00007 5.07268 0.000446462 0.325392 0.00497512 0.000259771
ENSG00000176788.6 5 17217669 17217669 + 4 -585885 5_internal_12215 5 16507665 16631784 89 84.6891 1.00011 3.72034 0.126052 0.164436 0.402985 0.418603
ENSG00000223361.5 5 17354733 17354733 - 5 -380735 5_internal_12825 5 17735468 18135146 89 84.915 0.999901 4.22661 0.359364 0.0925411 0.840796 0.858808
ENSG00000248693.1 5 18746282 18746282 - 3 0 5_internal_9840 5 18697761 18747484 89 77.6838 0.999985 2.64622 0.0096814 0.26786 0.0348259 0.0409959
ENSG00000214132.4 5 20305557 20305557 - 0 NA NA NA NA NA NA NA NA NA NA NA NA NA
ENSG00000183666.11 5 21341942 21341942 + 0 NA NA NA NA NA NA NA NA NA NA NA NA NA
ENSG00000233974.3 5 21484120 21484120 - 0 NA NA NA NA NA NA NA NA NA NA NA NA NA
ENSG00000203563.1 5 21493692 21493692 + 0 NA NA NA NA NA NA NA NA NA NA NA NA NA
ENSG00000213430.5 5 21882694 21882694 + 0 NA NA NA NA NA NA NA NA NA NA NA NA NA
ENSG00000248874.1 5 23951457 23951457 + 0 NA NA NA NA NA NA NA NA NA NA NA NA NA
ENSG00000226432.3 5 24170479 24170479 + 0 NA NA NA NA NA NA NA NA NA NA NA NA NA
ENSG00000251593.1 5 25909612 25909612 + 0 NA NA NA NA NA NA NA NA NA NA NA NA NA
ENSG00000113360.12 5 31532303 31532303 - 7 -622037 5_internal_9155 5 32154340 32166721 89 82.6379 1.09138 7.01039 0.150582 0.154844 0.701493 0.688407
ENSG00000082213.13 5 31532373 31532373 + 7 975468 5_internal_10919 5 32507841 32552367 89 97.7957 0.99435 7.26502 0.0459127 -0.208357 0.273632 0.23817
ENSG00000133401.11 5 31639517 31639517 + 7 514823 5_internal_9155 5 32154340 32166721 89 94.5799 1.01216 7.13783 0.011267 -0.254889 0.0547264 0.0600099
ENSG00000250764.1 5 32122047 32122047 - 8 -32293 5_internal_9155 5 32154340 32166721 89 75.4762 1.11228 7.24537 0.00976608 -0.252571 0.0995025 0.0903253
ENSG00000113384.8 5 32174456 32174456 - 8 140108 5_internal_13081 5 30725385 32034348 89 85.002 0.931562 6.97497 0.134546 0.153387 0.691542 0.68769
ENSG00000150712.6 5 32313115 32313115 - 9 -928510 5_internal_8780 5 33241625 33365203 89 83.1594 0.898325 7.23231 0.106946 0.184527 0.626866 0.644358
ENSG00000222961.1 5 32379573 32379573 - 9 -128268 5_internal_10919 5 32507841 32552367 89 106.122 0.868188 10.1787 0.109085 -0.172827 0.621891 0.631745
ENSG00000207956.1 5 32394581 32394581 - 9 -113260 5_internal_10919 5 32507841 32552367 89 85.4539 1.02113 8.61622 0.193956 0.142347 0.870647 0.854117
ENSG00000056097.11 5 32444867 32444867 - 9 410519 5_internal_13081 5 30725385 32034348 89 88.5828 0.951296 8.27162 0.212206 -0.135096 0.870647 0.872504
ENSG00000113387.7 5 32531739 32531739 + 9 0 5_internal_10919 5 32507841 32552367 89 81.1082 0.990132 8.02349 0.0155471 0.269354 0.174129 0.159587
ENSG00000113389.11 5 32689176 32689176 + 8 19685 5_internal_9416 5 32708861 32735461 89 73.4771 1.04982 6.74854 0.0342652 0.230281 0.333333 0.293358
ENSG00000181495.1 5 32788945 32788945 + 8 -53484 5_internal_9416 5 32708861 32735461 89 89.0869 0.856756 7.5538 0.0817299 0.192137 0.527363 0.543772
ENSG00000240376.1 5 33162285 33162285 + 8 899989 5_internal_10564 5 34062274 34184502 89 87.4008 1.03922 8.58801 0.00164848 -0.300548 0.0199005 0.0129692
ENSG00000249572.1 5 33440725 33440725 - 7 -621549 5_internal_10564 5 34062274 34184502 89 82.6205 1.00007 5.94829 0.131912 -0.164751 0.606965 0.610766
ENSG00000113407.9 5 33440802 33440802 + 7 621472 5_internal_10564 5 34062274 34184502 89 74.468 0.987551 6.16548 0.0904137 0.179496 0.547264 0.555987
ENSG00000164175.10 5 33984835 33984835 - 5 -16021 5_internal_10456 5 34000856 34008078 89 96.5789 0.99991 4.75275 0.108289 0.168389 0.39801 0.375415
ENSG00000250767.1 5 33997829 33997829 - 5 632626 5_internal_8780 5 33241625 33365203 89 86.7055 0.99707 5.92229 0.210467 -0.129668 0.776119 0.765096
ENSG00000242110.3 5 34008220 34008220 - 5 -54054 5_internal_10564 5 34062274 34184502 89 91.0859 0.999937 4.55905 0.0969153 -0.15508 0.358209 0.35943
ENSG00000082196.15 5 34124633 34124633 - 5 116555 5_internal_10456 5 34000856 34008078 89 92.268 0.999965 4.90432 0.0174423 -0.252796 0.0895522 0.0737074
ENSG00000215156.4 5 34190138 34190138 + 6 0 5_internal_10230 5 34179577 34194227 89 103.897 0.999915 6.85398 2.85464e-21 0.814591 0.00497512 9.66994e-24
ENSG00000215158.5 5 34244901 34244901 - 8 50674 5_internal_10230 5 34179577 34194227 89 93.1371 0.952266 8.33758 3.5599e-08 -0.570374 0.00497512 3.08217e-07
ENSG00000039560.9 5 34656342 34656342 + 9 662333 5_internal_9637 5 35318675 35485199 89 94.4756 0.963895 9.83776 0.182219 -0.144857 0.855721 0.847185
ENSG00000205838.8 5 34838938 34838938 + 10 -180703 5_internal_9271 5 34498048 34658235 89 81.508 0.991655 8.41839 0.116226 0.161583 0.721393 0.701933
ENSG00000113460.8 5 34915481 34915481 + 11 -721254 5_internal_10230 5 34179577 34194227 89 100.49 0.929171 12.8079 0.128177 0.145147 0.791045 0.783967
ENSG00000113456.14 5 34919094 34919094 - 11 -310685 5_internal_13577 5 35229779 35618755 89 86.7924 1.00096 9.9269 0.226791 0.134786 0.930348 0.927738
ENSG00000168724.10 5 34929698 34929698 + 11 -735471 5_internal_10230 5 34179577 34194227 89 77.4926 1.12317 10.093 0.192281 0.133353 0.905473 0.905674
ENSG00000152582.8 5 35617946 35617946 + 10 0 5_internal_13577 5 35229779 35618755 89 79.057 1.07364 9.18342 0.00839422 0.286473 0.104478 0.0940297
ENSG00000248969.1 5 35827120 35827120 - 12 -238706 5_internal_9563 5 36065826 36072462 89 83.507 1.04669 11.1493 0.0449515 0.202249 0.40796 0.427721
ENSG00000168685.10 5 35852797 35852797 + 12 -15608 5_internal_10004 5 35779342 35837189 89 82.3424 0.997237 9.82835 7.13365e-05 0.407003 0.00497512 0.00133923
ENSG00000164187.6 5 36152063 36152063 - 14 666864 5_internal_9637 5 35318675 35485199 89 96.4225 0.948623 14.7197 0.0397665 0.227269 0.378109 0.408385
ENSG00000145604.11 5 36152091 36152091 + 14 -533336 5_internal_13577 5 35229779 35618755 89 84.2893 0.963932 11.7251 0.0548535 0.203003 0.572139 0.543067
ENSG00000245711.2 5 36221157 36221157 + 14 -933227 5_internal_10157 5 35127655 35287930 89 100.142 1.03291 17.1101 0.0779275 0.174443 0.646766 0.648649
ENSG00000152620.8 5 36242381 36242381 - 14 -446197 5_internal_10676 5 36688578 36704214 89 112.241 0.816218 16.9044 0.0179729 0.25745 0.238806 0.193441
ENSG00000079215.8 5 36606457 36606457 + 10 -215072 5_internal_9196 5 36384623 36391385 89 83.3332 1.08732 9.73394 0.0408368 -0.210721 0.338308 0.339913
ENSG00000250155.1 5 36725297 36725297 - 10 21083 5_internal_10676 5 36688578 36704214 89 85.8016 1.02518 8.87941 0.478501 -0.0811785 1 0.997161
ENSG00000248044.1 5 36876759 36876759 - 9 -232746 5_internal_10245 5 37109505 37208397 89 77.875 1.08604 8.11171 0.00754548 -0.308103 0.0696517 0.0768151
ENSG00000164190.11 5 36876861 36876861 + 9 892 5_internal_10515 5 36877753 36941629 89 104.245 0.829917 10.0894 0.00510758 -0.311465 0.0746269 0.0482258
ENSG00000249850.1 5 36885308 36885308 + 9 0 5_internal_10515 5 36877753 36941629 89 103.115 0.940042 10.5464 0.0582322 0.216671 0.39801 0.388859
ENSG00000244073.1 5 37085158 37085158 + 7 24347 5_internal_10245 5 37109505 37208397 89 72.3125 0.999882 5.26041 0.12105 0.153648 0.631841 0.606709
ENSG00000228212.1 5 37209466 37209466 + 7 -1069 5_internal_10245 5 37109505 37208397 89 86.8271 0.988816 5.81264 0.104791 0.178349 0.527363 0.494359
ENSG00000197603.8 5 37249530 37249530 - 7 41133 5_internal_10245 5 37109505 37208397 89 95.2057 0.962007 7.17608 0.00176442 0.306944 0.0199005 0.0105496
ENSG00000251880.1 5 37327237 37327237 + 7 -118840 5_internal_10245 5 37109505 37208397 89 88.6002 1.0636 7.25409 0.0856914 -0.172089 0.472637 0.451806
ENSG00000113569.11 5 37371283 37371283 - 7 683690 5_internal_11053 5 36654381 36687593 89 98.3172 0.999948 6.54727 0.0211175 -0.254622 0.154229 0.0962826
ENSG00000082068.4 5 37379314 37379314 + 7 -691721 5_internal_11053 5 36654381 36687593 89 80.8475 1.03295 7.01631 0.0979258 -0.176761 0.587065 0.560737
ENSG00000248216.1 5 37506959 37506959 - 6 298562 5_internal_10245 5 37109505 37208397 89 101.968 0.926176 6.98271 0.492015 0.0737979 0.9801 0.988614
ENSG00000222743.1 5 37620190 37620190 - 6 915976 5_internal_10676 5 36688578 36704214 89 90.8773 1.09321 6.78596 0.0993421 0.174254 0.477612 0.453358
ENSG00000206743.1 5 37700539 37700539 - 4 758910 5_internal_10515 5 36877753 36941629 89 95.7793 1.00008 4.749 0.0584654 -0.203348 0.238806 0.214625
ENSG00000145623.8 5 38845960 38845960 + 4 809057 5_internal_9236 5 39655017 39761512 89 83.8199 0.999975 3.3953 0.0101134 0.272914 0.0447761 0.0420669
ENSG00000249089.1 5 39022513 39022513 + 5 992855 5_internal_8728 5 40015368 40026584 89 92.2158 1.00009 5.16729 0.0464413 0.218395 0.218905 0.201585
ENSG00000164327.8 5 39074510 39074510 - 5 -580507 5_internal_9236 5 39655017 39761512 89 77.3883 1.00005 4.00696 0.077212 0.200151 0.353234 0.343007
ENSG00000269215.1 5 39105358 39105358 + 5 129921 5_internal_9309 5 39235279 39259543 89 92.0941 1.00002 5.2508 0.30788 0.114995 0.830846 0.845813
ENSG00000251215.1 5 39170437 39170437 - 5 -484580 5_internal_9236 5 39655017 39761512 89 94.9275 1.0001 5.3404 0.0576365 -0.196908 0.243781 0.239054
ENSG00000082074.11 5 39274630 39274630 - 5 -380387 5_internal_9236 5 39655017 39761512 89 107.669 0.920249 6.08845 0.472123 -0.0786762 0.975124 0.971463
ENSG00000199552.1 5 40655065 40655065 + 10 0 5_internal_9375 5 40652050 40692748 89 107.878 0.970836 12.4878 0.000510823 0.38914 0.00497512 0.00196824
ENSG00000171522.5 5 40679600 40679600 + 10 0 5_internal_9375 5 40652050 40692748 89 91.0859 0.963787 9.53886 8.26983e-05 0.423554 0.00497512 0.000859211
ENSG00000113638.8 5 40756077 40756077 - 10 341724 5_internal_10723 5 40364273 40414353 89 90.2168 0.945201 9.19116 0.0958646 -0.186082 0.606965 0.618614
ENSG00000212567.1 5 40790306 40790306 - 9 376726 5_internal_9139 5 40391306 40413580 89 101.185 0.926584 9.9823 0.108575 0.167578 0.621891 0.628822
ENSG00000132356.7 5 40798476 40798476 - 9 384896 5_internal_9139 5 40391306 40413580 89 80.9344 1.11187 7.57498 0.0885571 -0.177006 0.537313 0.518114
ENSG00000212296.1 5 40832837 40832837 - 9 260263 5_internal_10373 5 40514123 40572574 89 76.241 0.979116 7.07235 0.0752669 0.194016 0.527363 0.53426
ENSG00000145592.9 5 40835437 40835437 - 9 262863 5_internal_10373 5 40514123 40572574 89 104.818 0.905477 7.7772 0.0834403 -0.196158 0.39801 0.429151
ENSG00000132357.9 5 40841286 40841286 + 10 -270489 5_internal_9688 5 40502494 40570797 89 82.8639 1.00455 7.62891 0.0376738 0.226447 0.298507 0.293948
ENSG00000248668.1 5 41870132 41870132 + 3 720332 5_internal_8530 5 42590464 42622751 89 89.5736 0.999951 3.10324 0.637108 0.049571 0.955224 0.95656
ENSG00000083720.8 5 41870621 41870621 - 3 25110 5_internal_10512 5 41839492 41845511 89 68.8533 1.0001 2.22121 0.519295 0.0693035 0.865672 0.847483
ENSG00000205765.4 5 41904290 41904290 + 3 0 5_internal_9512 5 41869248 41926504 89 84.2893 1.00009 2.902 0.442648 -0.080889 0.830846 0.828228
ENSG00000151876.8 5 41925356 41925356 + 3 0 5_internal_9512 5 41869248 41926504 89 90.8426 1.00006 3.52663 0.0214707 -0.255916 0.0845771 0.0692816
ENSG00000198865.5 5 42756903 42756903 + 6 -911392 5_internal_10512 5 41839492 41845511 89 91.9898 0.945837 5.7281 0.425237 0.0817758 0.965174 0.958861
ENSG00000250722.1 5 42887494 42887494 - 5 -313106 5_internal_10802 5 43200600 43215669 89 85.2105 0.985932 5.40818 0.28622 -0.108569 0.855721 0.854035
ENSG00000249516.1 5 42917516 42917516 + 5 283084 5_internal_10802 5 43200600 43215669 89 91.3119 1.00002 5.23316 0.0125253 -0.248061 0.0746269 0.0583627
ENSG00000250711.1 5 42972726 42972726 + 4 227874 5_internal_10802 5 43200600 43215669 89 80.5172 1.00004 3.93691 0.714164 -0.0357555 0.995025 0.994026
ENSG00000251131.1 5 43018531 43018531 + 4 -395780 5_internal_8530 5 42590464 42622751 89 87.8701 0.999913 4.10949 0.250612 -0.121398 0.731343 0.699535
ENSG00000215068.3 5 43041677 43041677 + 4 0 5_internal_8274 5 42988180 43068784 89 102.42 0.999926 4.53164 0.128821 0.172915 0.373134 0.389401
ENSG00000177721.3 5 43043272 43043272 - 4 0 5_internal_9460 5 43014219 43043739 89 81.0561 1.0001 3.79018 0.414996 0.0872187 0.895522 0.886453
ENSG00000172262.6 5 43065278 43065278 + 4 0 5_internal_8274 5 42988180 43068784 89 94.8754 1.00002 4.41374 0.0593087 0.196469 0.20398 0.208043
ENSG00000177738.3 5 43067521 43067521 - 4 0 5_internal_8274 5 42988180 43068784 89 91.5553 0.999982 3.77486 0.124356 0.171516 0.378109 0.380286
ENSG00000177453.3 5 43192173 43192173 + 4 -148434 5_internal_9460 5 43014219 43043739 89 92.3723 1.00008 3.97364 0.294196 0.113965 0.726368 0.736563
ENSG00000261604.1 5 43287703 43287703 + 4 -243964 5_internal_9460 5 43014219 43043739 89 76.4844 0.999949 3.29954 0.175837 -0.147715 0.547264 0.540064
ENSG00000112972.10 5 43313614 43313614 - 4 244830 5_internal_8274 5 42988180 43068784 89 114.813 0.999985 4.61396 0.0529072 0.191777 0.19403 0.122034
ENSG00000151882.7 5 43412493 43412493 - 4 368754 5_internal_9460 5 43014219 43043739 89 89.7475 1.00011 4.00024 0.140952 -0.1634 0.432836 0.451138
ENSG00000151881.10 5 43483995 43483995 - 4 861244 5_internal_8530 5 42590464 42622751 89 83.0377 0.99997 3.24612 0.242613 -0.124152 0.61194 0.622305
ENSG00000249492.1 5 43484061 43484061 + 4 -415277 5_internal_8274 5 42988180 43068784 89 92.8416 1.00004 4.3127 0.00051989 -0.341483 0.00497512 0.00169291
ENSG00000249855.1 5 43496556 43496556 - 4 873805 5_internal_8530 5 42590464 42622751 89 97.9521 1.00006 4.34519 0.445293 0.0850737 0.925373 0.908421
ENSG00000248554.1 5 43511160 43511160 + 4 -467421 5_internal_9460 5 43014219 43043739 89 74.0855 0.999949 3.61173 0.0789178 -0.193472 0.38806 0.341228
ENSG00000172244.3 5 43515247 43515247 - 4 892496 5_internal_8530 5 42590464 42622751 89 85.3322 0.999938 3.58013 0.066759 0.176356 0.258706 0.236723
ENSG00000248240.1 5 43515376 43515376 + 4 -471637 5_internal_9460 5 43014219 43043739 89 87.2617 0.999959 3.78089 0.222879 0.136203 0.616915 0.623137
ENSG00000172239.9 5 43557860 43557860 - 4 514121 5_internal_9460 5 43014219 43043739 89 73.3729 1.00006 3.18403 0.03335 0.235264 0.174129 0.16058
ENSG00000249286.1 5 43588325 43588325 - 4 519541 5_internal_8274 5 42988180 43068784 89 89.1391 0.999992 3.67877 0.0630896 0.180103 0.20398 0.212529
ENSG00000112992.11 5 43602795 43602795 + 4 -559056 5_internal_9460 5 43014219 43043739 89 112.171 0.999999 5.27062 0.0891016 0.180067 0.298507 0.262608
ENSG00000248092.2 5 43603332 43603332 - 4 534548 5_internal_8274 5 42988180 43068784 89 91.8855 0.999921 3.77162 0.681955 -0.0450127 0.99005 0.985929
ENSG00000224993.2 5 43667334 43667334 - 3 598550 5_internal_8274 5 42988180 43068784 89 84.7412 0.999954 2.71144 0.607888 0.055415 0.910448 0.925716
ENSG00000251141.1 5 44808879 44808879 - 0 NA NA NA NA NA NA NA NA NA NA NA NA NA
ENSG00000112996.5 5 44809027 44809027 + 0 NA NA NA NA NA NA NA NA NA NA NA NA NA
ENSG00000170571.6 5 49739082 49739082 - 5 0 5_internal_12181 5 49658885 50266055 89 92.0246 1.0407 5.79187 0.000280915 0.370606 0.00497512 0.000961347
ENSG00000151883.11 5 49961733 49961733 + 5 0 5_internal_12181 5 49658885 50266055 89 93.6586 0.9999 5.55215 4.12885e-09 0.554537 0.00497512 9.02716e-09
ENSG00000249405.1 5 50155854 50155854 - 5 0 5_internal_12181 5 49658885 50266055 89 94.2322 1.00856 5.54809 0.351046 0.100789 0.910448 0.896549
ENSG00000213949.3 5 52083730 52083730 + 3 218759 5_internal_9202 5 52302489 52349279 89 90.9469 1.00009 3.02875 0.0010532 0.306454 0.00995025 0.00280386
ENSG00000152684.10 5 52083774 52083774 + 3 0 5_internal_9494 5 52079192 52086712 89 87.2965 1.00002 2.96101 0.0376982 -0.224751 0.149254 0.112722
ENSG00000164171.5 5 52285156 52285156 + 4 689124 5_internal_9093 5 52974280 53027524 89 97.1873 0.999936 3.7398 0.0577026 -0.206353 0.179104 0.165694
ENSG00000247796.2 5 52405672 52405672 + 4 -318960 5_internal_9494 5 52079192 52086712 89 91.5379 1.00001 3.99625 0.0202336 0.265197 0.109453 0.0719828
ENSG00000164172.14 5 52405893 52405893 - 4 56614 5_internal_9202 5 52302489 52349279 89 86.7402 1.00003 3.70473 0.000593248 0.344106 0.00497512 0.00258115
ENSG00000134363.6 5 52776239 52776239 + 5 -689527 5_internal_9494 5 52079192 52086712 89 108.782 0.934885 6.13307 0.451709 -0.082696 0.9801 0.963217
ENSG00000164258.7 5 52856463 52856463 + 8 957818 5_internal_13303 5 53814281 53988956 89 103.828 0.974794 10.6195 0.0161222 0.282933 0.114428 0.101387
ENSG00000238508.1 5 52905417 52905417 + 9 68863 5_internal_9093 5 52974280 53027524 89 90.1646 0.978151 9.41567 0.0268415 -0.233187 0.218905 0.227543
ENSG00000250854.1 5 52968075 52968075 - 10 -898595 5_internal_10030 5 53866670 53960768 89 75.5109 1.12389 7.90971 0.157957 -0.149879 0.825871 0.785095
ENSG00000222960.1 5 53207953 53207953 - 10 -658717 5_internal_10030 5 53866670 53960768 89 98.0391 0.948309 9.69381 0.0162869 -0.250979 0.129353 0.122748
ENSG00000241230.2 5 53344138 53344138 - 10 -500866 5_internal_9178 5 53845004 53878628 89 89.5215 1.06518 10.8207 0.00164458 -0.340144 0.00995025 0.0127908
ENSG00000185305.5 5 53606412 53606412 - 10 -865012 5_internal_11776 5 54471424 54519931 89 80.6736 1.11859 9.9652 0.113989 -0.180773 0.721393 0.718906
ENSG00000178996.8 5 53813589 53813589 + 10 -212441 5_internal_12876 5 53544377 53601148 89 82.5336 0.933541 8.6252 0.0119523 -0.277985 0.169154 0.147941
ENSG00000164283.8 5 54318499 54318499 - 12 844677 5_internal_12997 5 53236211 53473822 89 82.4293 1.0463 10.0204 0.014965 -0.253354 0.144279 0.160557
ENSG00000113088.5 5 54320081 54320081 + 12 -846259 5_internal_12997 5 53236211 53473822 89 85.4713 1.07876 12.7353 0.00494569 -0.290597 0.0497512 0.0571439
ENSG00000240535.3 5 54330098 54330098 - 12 856276 5_internal_12997 5 53236211 53473822 89 91.7986 1.00819 11.9528 0.0038818 -0.303624 0.0497512 0.0382607
ENSG00000249454.1 5 54368843 54368843 + 12 900161 5_internal_12793 5 55269004 55502779 89 97.6566 0.878996 11.4651 0.153056 0.147741 0.810945 0.840998
ENSG00000145649.7 5 54398476 54398476 + 12 870528 5_internal_12793 5 55269004 55502779 89 113.892 0.821351 14.5615 0.108259 0.168387 0.706468 0.720723
ENSG00000251307.1 5 54529762 54529762 + 12 304221 5_internal_8970 5 54833983 54838379 89 90.5297 1.04701 12.0929 0.0761793 0.202966 0.562189 0.583496
ENSG00000067248.5 5 54603550 54603550 - 11 614594 5_internal_13303 5 53814281 53988956 89 89.5389 0.872061 8.7184 0.302323 -0.113898 0.985075 0.965393
ENSG00000039123.11 5 54603588 54603588 + 11 -499683 5_internal_9828 5 53843279 54103905 89 89.4867 0.969738 9.91822 0.233645 -0.13599 0.925373 0.931101
ENSG00000250853.1 5 54826529 54826529 - 15 -890175 5_internal_10584 5 55716704 55779523 89 91.0164 0.932499 14.633 0.113953 0.178733 0.820896 0.835689
ENSG00000067113.12 5 54830878 54830878 - 15 -604824 5_internal_8660 5 55435702 55489722 89 97.4307 0.878293 15.6539 0.00759497 -0.291659 0.119403 0.11148
ENSG00000177058.7 5 55069022 55069022 - 14 -366680 5_internal_8660 5 55435702 55489722 89 91.3467 0.916109 13.1979 0.0642919 -0.20385 0.59204 0.601716
ENSG00000262211.1 5 55231971 55231971 + 12 37033 5_internal_12793 5 55269004 55502779 89 104.158 0.832604 11.3805 0.00201599 0.302227 0.039801 0.0217515
ENSG00000264281.2 5 55240458 55240458 + 12 28546 5_internal_12793 5 55269004 55502779 89 86.0275 1.02873 9.3486 0.114988 0.161303 0.656716 0.690833
ENSG00000134352.15 5 55290821 55290821 - 12 0 5_internal_12793 5 55269004 55502779 89 90.7209 1.01595 10.4671 0.00175459 0.31158 0.0248756 0.0153022
ENSG00000227908.3 5 55290995 55290995 + 12 414242 5_internal_8482 5 55705237 55978215 89 106.504 1.00067 11.6898 0.00288735 0.340222 0.0298507 0.0128682
ENSG00000249236.1 5 55354877 55354877 + 12 0 5_internal_12793 5 55269004 55502779 89 90.2342 0.966588 9.35848 9.25162e-05 0.400843 0.00497512 0.000994253
ENSG00000253032.1 5 55421498 55421498 + 12 0 5_internal_12793 5 55269004 55502779 89 100.351 0.889921 9.8331 0.0120357 0.233592 0.114428 0.100572
ENSG00000243592.1 5 55432806 55432806 + 12 283898 5_internal_10584 5 55716704 55779523 89 91.0512 0.919336 8.62086 0.066618 -0.179466 0.437811 0.471462
ENSG00000164512.12 5 55529186 55529186 - 11 26407 5_internal_12793 5 55269004 55502779 89 83.0551 0.999981 7.73655 1.40995e-07 0.492902 0.00497512 2.85829e-06
ENSG00000267982.1 5 55762524 55762524 - 11 0 5_internal_8482 5 55705237 55978215 89 91.7639 0.950927 8.32258 0.0024755 0.297476 0.0348259 0.0216961
ENSG00000248727.1 5 55777773 55777773 - 11 -81853 5_internal_9591 5 55859626 56154923 89 89.6432 0.976366 9.1929 1.09392e-10 0.654516 0.00497512 1.42297e-09
ENSG00000226221.1 5 55800899 55800899 - 11 0 5_internal_8482 5 55705237 55978215 89 90.9643 0.850834 7.38869 0.0237016 -0.24317 0.228856 0.21107
ENSG00000095015.5 5 56111401 56111401 + 10 0 5_internal_9591 5 55859626 56154923 89 85.1932 0.952037 6.60674 6.88117e-13 0.693869 0.00497512 4.74191e-11
ENSG00000238717.1 5 56152975 56152975 + 10 -174760 5_internal_8482 5 55705237 55978215 89 81.6818 1.06743 7.80823 2.12388e-07 0.583592 0.00497512 2.25617e-06
ENSG00000237705.1 5 56157991 56157991 - 10 3068 5_internal_9591 5 55859626 56154923 89 88.548 0.933333 7.20581 6.59405e-12 0.642258 0.00497512 2.65826e-10
ENSG00000155542.6 5 56205087 56205087 + 9 -226872 5_internal_8482 5 55705237 55978215 89 97.2047 0.947288 6.82332 0.0018986 0.331157 0.0199005 0.0104376
ENSG00000225230.1 5 56206541 56206541 - 9 427018 5_internal_10584 5 55716704 55779523 89 80.7258 1.02975 5.98721 0.107593 0.167444 0.532338 0.538985
ENSG00000235635.1 5 56237134 56237134 + 9 -120827 5_internal_9073 5 55961729 56116307 89 83.1768 1.11099 7.00177 0.0869856 -0.174959 0.497512 0.465314
ENSG00000155545.14 5 56267502 56267502 - 9 623615 5_internal_9291 5 55621843 55643887 89 89.6258 0.99499 6.86074 0.152688 0.14036 0.651741 0.677263
ENSG00000062194.10 5 56469775 56469775 + 9 -980053 5_internal_8660 5 55435702 55489722 89 82.4814 0.90858 5.98146 0.342517 0.0915692 0.960199 0.941259
ENSG00000145632.10 5 57756087 57756087 - 4 -6291 5_internal_10045 5 57762378 58157206 89 98.0564 0.999968 4.01817 0.080225 0.195156 0.233831 0.240778
ENSG00000175857.4 5 57787262 57787262 + 4 0 5_internal_10045 5 57762378 58157206 89 79.2482 1 3.93494 0.210887 -0.13895 0.661692 0.656702
ENSG00000247345.2 5 58335588 58335588 + 7 742360 5_internal_8457 5 59077948 59678747 89 95.1535 0.921009 7.71505 0.184383 0.132768 0.776119 0.786543
ENSG00000113448.12 5 59817947 59817947 - 9 -634799 5_internal_11228 5 60452746 60626899 89 94.6494 1.02283 10.4371 0.116218 -0.173194 0.691542 0.67785
ENSG00000035499.8 5 59996017 59996017 - 9 431445 5_internal_11260 5 59457933 59564572 89 82.7943 1.01972 6.93569 0.100121 0.18909 0.542289 0.555476
ENSG00000164181.9 5 60140216 60140216 - 9 -312530 5_internal_11228 5 60452746 60626899 89 86.5664 1.01513 8.8131 0.0343965 -0.236737 0.253731 0.275887
ENSG00000215032.2 5 60189404 60189404 - 9 510657 5_internal_8457 5 59077948 59678747 89 90.6861 0.994205 10.0451 0.0399651 -0.210868 0.363184 0.32588
ENSG00000233847.1 5 60213317 60213317 + 9 243646 5_internal_8976 5 60456963 60479024 89 85.3322 1.03298 8.93504 0.0172753 -0.255117 0.174129 0.152123
ENSG00000049167.9 5 60240900 60240900 - 9 421267 5_internal_14184 5 58473391 59819633 89 87.7311 1.05712 7.9806 0.110201 0.157254 0.587065 0.59141
ENSG00000164182.6 5 60240956 60240956 + 9 -676384 5_internal_11260 5 59457933 59564572 89 97.6045 1.0584 12.1566 0.307527 0.108873 0.960199 0.981024
ENSG00000251279.1 5 60457897 60457897 + 7 0 5_internal_11228 5 60452746 60626899 89 102.958 0.917743 9.38693 0.0836323 0.192176 0.512438 0.495321
ENSG00000188725.3 5 60458301 60458301 - 7 779554 5_internal_8457 5 59077948 59678747 89 86.184 0.97915 6.93554 0.0863429 0.175038 0.472637 0.49573
ENSG00000130449.5 5 60628100 60628100 + 5 -949353 5_internal_8457 5 59077948 59678747 89 89.3477 0.999998 4.87659 0.190897 -0.135473 0.641791 0.642197
ENSG00000251682.1 5 60642953 60642953 + 5 -16054 5_internal_11228 5 60452746 60626899 89 92.2158 1.00007 4.58149 0.178026 0.147685 0.562189 0.57492
ENSG00000250461.1 5 60670939 60670939 + 5 -191915 5_internal_8976 5 60456963 60479024 89 89.9561 1.00007 5.12934 0.245698 -0.132504 0.731343 0.76045
ENSG00000213891.3 5 60687698 60687698 - 4 208674 5_internal_8976 5 60456963 60479024 89 84.776 0.999974 4.19371 0.0529282 -0.21332 0.248756 0.224856
ENSG00000068796.11 5 61601989 61601989 + 3 124511 5_internal_10679 5 61726500 61940367 89 78.8484 1.00003 2.70332 0.0318303 -0.238695 0.0845771 0.113064
ENSG00000086189.5 5 61699766 61699766 - 2 -26734 5_internal_10679 5 61726500 61940367 89 88.7219 1.00001 2.12534 0.387323 -0.0977301 0.676617 0.647894
ENSG00000086200.11 5 61699799 61699799 + 2 26701 5_internal_10679 5 61726500 61940367 89 79.2656 0.999957 1.92076 0.241544 -0.136885 0.472637 0.452543
ENSG00000241991.1 5 61858043 61858043 - 2 -77833 5_internal_12153 5 61935876 62029109 89 85.4887 0.99998 1.86142 0.355639 0.0972212 0.58209 0.571045
ENSG00000240436.1 5 61872098 61872098 - 2 -63778 5_internal_12153 5 61935876 62029109 89 74.3637 1.00006 1.71094 0.189986 0.123789 0.38806 0.362206
ENSG00000186105.7 5 61874562 61874562 + 2 61314 5_internal_12153 5 61935876 62029109 89 89.9039 0.999999 2.08844 0.17006 0.136825 0.303483 0.318766
ENSG00000153006.9 5 64064512 64064512 - 2 -266138 5_internal_9089 5 64330650 64338156 89 84.4283 1.00007 2.05234 0.346598 -0.104653 0.606965 0.599015
ENSG00000153015.10 5 64064757 64064757 + 2 899864 5_internal_8737 5 64964621 64973230 89 96.6137 0.999941 2.2639 0.320735 0.103069 0.557214 0.555154
ENSG00000248288.1 5 64505748 64505748 + 3 591370 5_internal_11945 5 65097118 65118578 89 85.8189 0.999962 2.98144 0.22709 0.133816 0.552239 0.551189
ENSG00000205644.5 5 64711180 64711180 + 4 -373024 5_internal_9089 5 64330650 64338156 89 82.8291 0.999925 3.87653 0.00106382 0.346128 0.00995025 0.00616935
ENSG00000049192.10 5 64777747 64777747 - 4 439591 5_internal_9089 5 64330650 64338156 89 86.6359 1.00004 4.55032 0.000265206 0.387736 0.00497512 0.00145748
ENSG00000250081.1 5 64782875 64782875 - 4 -181746 5_internal_8737 5 64964621 64973230 89 95.2057 1.00003 4.40144 0.0024937 0.322782 0.0149254 0.00771372
ENSG00000123219.7 5 64858998 64858998 - 4 520842 5_internal_9089 5 64330650 64338156 89 89.452 0.999922 4.01646 0.000675224 0.374156 0.00497512 0.002626
ENSG00000113593.7 5 64859063 64859063 + 4 -520907 5_internal_9089 5 64330650 64338156 89 100.351 1.00004 5.27664 0.000556705 0.381434 0.00995025 0.00129618
ENSG00000207352.1 5 64900588 64900588 - 4 -196530 5_internal_11945 5 65097118 65118578 89 90.4428 0.999967 4.12293 0.0240104 0.23394 0.114428 0.0910589
ENSG00000113597.12 5 64920543 64920543 + 4 655497 5_internal_10348 5 65576040 66055913 89 87.9918 1.00006 4.1493 0.241049 0.124851 0.671642 0.686251
ENSG00000253251.1 5 64920592 64920592 + 4 44029 5_internal_8737 5 64964621 64973230 89 102.524 0.999981 3.97343 0.262892 -0.116265 0.631841 0.644806
ENSG00000113595.10 5 64921802 64921802 - 4 583646 5_internal_9089 5 64330650 64338156 89 98.1955 0.999993 4.64672 0.00204858 0.3396 0.00995025 0.00555592
ENSG00000123213.17 5 65018023 65018023 + 4 -679867 5_internal_9089 5 64330650 64338156 89 78.3965 0.99991 3.52619 0.248704 -0.1307 0.681592 0.684745
ENSG00000197860.5 5 65018862 65018862 - 4 680706 5_internal_9089 5 64330650 64338156 89 86.0449 0.999896 3.83745 0.00271429 0.308512 0.0149254 0.0122283
ENSG00000112851.10 5 65222303 65222303 + 4 -249073 5_internal_8737 5 64964621 64973230 89 83.2115 0.999947 4.15038 0.214061 0.138757 0.691542 0.661472
ENSG00000252904.1 5 65257147 65257147 - 4 283917 5_internal_8737 5 64964621 64973230 89 85.593 1.00004 3.76801 0.0603415 -0.186932 0.228856 0.22529
ENSG00000153914.11 5 65435799 65435799 + 4 879153 5_internal_9971 5 66314952 66331618 89 85.5061 1.00009 3.92936 0.0273412 0.243322 0.124378 0.114823
ENSG00000253744.1 5 65440623 65440623 - 4 -135417 5_internal_10348 5 65576040 66055913 89 79.1439 0.999956 3.30661 0.0140229 0.283432 0.0746269 0.0664153
ENSG00000251391.3 5 65492117 65492117 + 5 83923 5_internal_10348 5 65576040 66055913 89 87.3312 1.00006 4.74416 0.264845 -0.109975 0.79602 0.774412
ENSG00000069020.13 5 65892176 65892176 + 8 567847 5_internal_10900 5 66460023 66505717 89 80.691 0.965984 6.00071 1.52343e-07 0.539525 0.00497512 5.41199e-06
ENSG00000229666.1 5 66299781 66299781 - 7 -160242 5_internal_10900 5 66460023 66505717 89 90.3211 0.971845 6.41243 0.0101579 0.270343 0.0845771 0.0655991
ENSG00000134061.4 5 66492627 66492627 - 7 161009 5_internal_9971 5 66314952 66331618 89 89.2434 1.05146 6.50196 0.177928 0.143867 0.711443 0.701161
