ENSG00000196861.4 17 59668541 59668541 - 6 -578775 17_internal_8010 17 60247316 60297167 89 93.1719 1.08395 6.7721 0.0954937 -0.185741 0.442786 0.426111
ENSG00000253506.1 17 59668563 59668563 - 6 -578753 17_internal_8010 17 60247316 60297167 89 94.9449 0.955735 6.87173 0.0969196 -0.182386 0.532338 0.483404
ENSG00000136492.4 17 59940882 59940882 - 7 473134 17_internal_8947 17 59450379 59467748 89 87.2791 1.20133 7.6655 0.0782373 0.200477 0.427861 0.389247
ENSG00000108506.7 17 60005377 60005377 - 8 -879619 17_internal_10788 17 60884996 60897659 89 92.4244 1.0238 7.50672 0.0770364 0.174404 0.432836 0.416091
ENSG00000242398.2 17 60083348 60083348 - 10 -604281 17_internal_8441 17 60687629 60730868 89 77.2492 1.07983 8.4789 0.0891692 0.168583 0.587065 0.607467
ENSG00000200842.1 17 60114194 60114194 + 10 -875461 17_internal_11184 17 59221376 59238733 89 89.9213 0.976584 10.4718 0.0672336 -0.177679 0.477612 0.520811
ENSG00000108510.5 17 60142643 60142643 - 10 -104673 17_internal_8010 17 60247316 60297167 89 78.7094 0.997738 8.35239 0.0454981 0.228231 0.38806 0.405108
ENSG00000266066.1 17 60218000 60218000 - 10 -824232 17_internal_10318 17 61042232 61161274 89 97.3264 0.931021 10.4288 0.0212367 0.236379 0.199005 0.179702
ENSG00000087995.11 17 60501228 60501228 + 8 -204061 17_internal_8010 17 60247316 60297167 89 78.8137 1.21134 7.63455 0.142704 0.151386 0.716418 0.68589
ENSG00000146872.12 17 60536019 60536019 + 9 991563 17_internal_9508 17 61527582 61539197 89 74.7287 1.06446 6.82693 0.00782883 -0.288405 0.0895522 0.0818159
ENSG00000239246.2 17 60594128 60594128 - 9 -921908 17_internal_8151 17 61516036 61525091 89 91.0512 1.05579 9.63041 0.0270808 -0.220086 0.199005 0.197681
ENSG00000264546.1 17 60627087 60627087 + 9 -329920 17_internal_8010 17 60247316 60297167 89 86.323 0.891167 7.84335 0.0461076 -0.211805 0.373134 0.381438
ENSG00000011028.9 17 60704762 60704762 + 9 0 17_internal_8441 17 60687629 60730868 89 84.6021 1.08585 10.1494 0.00238638 0.292688 0.0348259 0.0220088
ENSG00000173838.7 17 60885705 60885705 - 10 -630331 17_internal_8151 17 61516036 61525091 89 89.6605 0.989341 9.18968 0.0254229 0.252713 0.20398 0.210908
ENSG00000263931.1 17 61044171 61044171 - 12 -483411 17_internal_9508 17 61527582 61539197 89 82.5857 1.09029 10.8807 0.0166687 -0.27028 0.199005 0.174342
ENSG00000266411.1 17 61045910 61045910 - 12 748743 17_internal_8010 17 60247316 60297167 89 80.7605 1.02459 10.3594 0.0243024 0.240982 0.258706 0.274949
ENSG00000170921.10 17 61086917 61086917 + 13 0 17_internal_10318 17 61042232 61161274 89 87.0705 1.02919 11.3666 0.00183106 0.304256 0.0248756 0.0204726
ENSG00000264513.1 17 61208308 61208308 - 15 125855 17_internal_9607 17 61071387 61082453 89 95.1883 1.09083 19.1673 0.00690066 0.251031 0.0746269 0.0740486
ENSG00000233635.2 17 61416414 61416414 - 15 -94498 17_internal_9690 17 61510912 61518773 89 95.6402 1.01122 15.2961 0.0912699 -0.178488 0.731343 0.716451
ENSG00000226797.1 17 61491673 61491673 - 15 -24363 17_internal_8151 17 61516036 61525091 89 111.372 0.912466 24.0526 0.0466613 -0.201864 0.507463 0.512223
ENSG00000263644.1 17 61508450 61508450 - 15 533923 17_internal_8194 17 60959146 60974527 89 85.6973 0.963422 14.1421 0.08859 0.187298 0.761194 0.767283
ENSG00000008283.11 17 61523739 61523739 - 15 0 17_internal_8151 17 61516036 61525091 89 80.3086 1.04249 11.985 3.53093e-06 0.444594 0.00497512 8.56905e-05
ENSG00000159640.10 17 61554422 61554422 + 15 -29331 17_internal_8151 17 61516036 61525091 89 88.3221 0.970935 13.5753 0.01848 0.229329 0.268657 0.240831
ENSG00000264813.1 17 61562184 61562184 + 15 -22987 17_internal_9508 17 61527582 61539197 89 89.452 0.879297 12.8883 0.0297744 0.221826 0.422886 0.378371
ENSG00000173826.10 17 61600695 61600695 + 15 -75604 17_internal_8151 17 61516036 61525091 89 90.9295 0.966721 15.6304 0.0763419 0.174213 0.686567 0.707844
ENSG00000136485.9 17 61627822 61627822 + 15 -102731 17_internal_8151 17 61516036 61525091 89 88.1482 0.952492 15.0488 0.262364 -0.111728 0.985075 0.991175
ENSG00000200560.1 17 61650706 61650706 - 15 -732619 17_internal_8553 17 62383325 62410908 89 93.6412 0.923361 15.6188 0.077967 0.18554 0.721393 0.710886
ENSG00000136463.7 17 61678231 61678231 + 15 222831 17_internal_8566 17 61901062 62103989 89 83.0725 1.12958 15.0544 0.0132847 0.268755 0.19403 0.176656
ENSG00000198909.3 17 61699775 61699775 + 15 -968907 17_internal_8441 17 60687629 60730868 89 92.6156 0.890079 12.6179 0.0220176 0.239895 0.288557 0.268285
ENSG00000263883.1 17 61713961 61713961 + 15 443127 17_internal_8532 17 62157088 62199906 89 83.4723 0.953178 13.2047 0.145357 -0.149284 0.905473 0.905427
ENSG00000136490.4 17 61778532 61778532 - 14 -76676 17_internal_8465 17 61855208 61893584 89 86.549 0.92889 12.8086 0.0304712 -0.243369 0.358209 0.382815
ENSG00000266173.1 17 61819330 61819330 - 15 -337758 17_internal_8532 17 62157088 62199906 89 82.325 1.0848 13.1307 0.028858 -0.22213 0.368159 0.339904
ENSG00000125695.12 17 61829457 61829457 - 15 -553868 17_internal_8553 17 62383325 62410908 89 85.732 0.984795 12.3545 0.00798798 0.268251 0.109453 0.112651
ENSG00000198231.7 17 61850963 61850963 + 15 50099 17_internal_8566 17 61901062 62103989 89 91.8682 0.968819 14.4285 0.00334284 0.322132 0.0497512 0.0453879
ENSG00000108588.8 17 61853711 61853711 - 15 328620 17_internal_8151 17 61516036 61525091 89 94.9623 0.976559 14.4212 0.0708149 -0.178521 0.616915 0.612715
ENSG00000087191.8 17 61904512 61904512 + 14 0 17_internal_8566 17 61901062 62103989 89 86.9314 0.996516 12.1805 0.00960975 0.302258 0.139303 0.121622
ENSG00000108592.10 17 61907372 61907372 - 14 0 17_internal_8566 17 61901062 62103989 89 89.817 1.02431 13.9896 0.00352413 0.328804 0.0447761 0.042472
ENSG00000264756.1 17 61917343 61917343 + 14 -378146 17_internal_9508 17 61527582 61539197 89 86.2709 1.05953 14.6156 0.00674368 -0.300824 0.0895522 0.0908224
ENSG00000108604.11 17 61920425 61920425 - 14 381228 17_internal_9508 17 61527582 61539197 89 96.0574 0.971577 14.998 0.0118764 -0.272312 0.159204 0.135052
ENSG00000007312.8 17 62009714 62009714 - 14 -373611 17_internal_8553 17 62383325 62410908 89 85.5408 0.996533 12.7297 0.144 -0.16045 0.890547 0.87822
ENSG00000224383.3 17 62075711 62075711 + 14 -536514 17_internal_9508 17 61527582 61539197 89 86.7055 0.95333 13.6516 0.0995123 -0.186183 0.81592 0.790947
ENSG00000264954.1 17 62077259 62077259 - 14 -892734 17_internal_7918 17 62969993 62983843 89 87.957 1.0257 13.4808 0.0732212 0.164879 0.666667 0.63961
ENSG00000108622.6 17 62097994 62097994 - 13 0 17_internal_9379 17 62007859 62105408 89 92.1463 1.03912 14.7597 0.102412 0.181972 0.766169 0.764248
ENSG00000263899.1 17 62119203 62119203 - 13 -31700 17_internal_8185 17 62150903 62171461 89 92.1289 1.05168 13.785 4.5292e-08 0.482097 0.00497512 1.6475e-07
ENSG00000178607.9 17 62207504 62207504 - 12 36043 17_internal_8185 17 62150903 62171461 89 84.6891 1.04048 10.6111 3.30499e-07 0.465957 0.00497512 4.1174e-06
ENSG00000266402.1 17 62223330 62223330 + 12 -329746 17_internal_8465 17 61855208 61893584 89 96.8396 0.952491 12.9142 0.0847741 0.189088 0.626866 0.639903
ENSG00000199753.1 17 62223443 62223443 + 12 580500 17_internal_11395 17 62803943 62920914 89 85.593 1.03256 11.5852 0.042487 0.21603 0.422886 0.409805
ENSG00000221462.2 17 62223699 62223699 + 12 -698608 17_internal_8151 17 61516036 61525091 89 88.5654 0.992813 10.1974 0.127775 -0.156009 0.746269 0.756972
ENSG00000136478.3 17 62340661 62340661 - 12 -42664 17_internal_8553 17 62383325 62410908 89 91.2424 0.95316 11.4178 0.0174786 0.262691 0.19403 0.186789
ENSG00000256525.2 17 62493154 62493154 - 12 387746 17_internal_9379 17 62007859 62105408 89 95.675 0.854745 10.7129 0.0213034 0.223819 0.218905 0.226567
ENSG00000265695.1 17 62496957 62496957 - 12 603373 17_internal_8465 17 61855208 61893584 89 90.4949 0.967769 11.1443 0.000174585 0.424904 0.00497512 0.00212879
ENSG00000266241.1 17 62497431 62497431 - 12 603847 17_internal_8465 17 61855208 61893584 89 89.7996 0.965698 11.2594 0.00882046 0.307404 0.0845771 0.100882
ENSG00000258890.2 17 62502706 62502706 + 12 -331245 17_internal_8185 17 62150903 62171461 89 85.0367 0.926308 10.811 0.00131076 0.309922 0.0348259 0.0249189
ENSG00000108654.6 17 62504317 62504317 - 12 610733 17_internal_8465 17 61855208 61893584 89 80.465 1.00683 10.0083 0.0102694 0.285295 0.124378 0.135567
ENSG00000266566.1 17 62526975 62526975 - 10 633391 17_internal_8465 17 61855208 61893584 89 95.7445 0.937706 10.4223 0.00668249 -0.265419 0.079602 0.0614362
ENSG00000108854.11 17 62658186 62658186 - 10 -145757 17_internal_11395 17 62803943 62920914 89 88.3916 1.02135 12.0429 0.0991198 -0.187997 0.721393 0.712317
ENSG00000265298.1 17 62746538 62746538 + 10 -641130 17_internal_9379 17 62007859 62105408 89 85.3322 0.962989 8.85024 0.131318 0.166457 0.751244 0.748149
ENSG00000266820.1 17 62754721 62754721 - 10 -49222 17_internal_11395 17 62803943 62920914 89 82.8291 1.01926 9.18731 0.00822545 0.261408 0.114428 0.0901798
ENSG00000263647.1 17 62758828 62758828 - 10 -45115 17_internal_11395 17 62803943 62920914 89 100.664 0.946769 12.2057 0.164968 0.141522 0.835821 0.853
ENSG00000265982.1 17 62775055 62775055 - 10 -759059 17_internal_9679 17 63534114 63544305 89 77.9793 1.07471 8.4292 0.053244 0.214295 0.457711 0.42576
ENSG00000215769.4 17 62778117 62778117 - 10 578211 17_internal_8532 17 62157088 62199906 89 83.6809 1.03733 9.51519 0.017556 0.248524 0.154229 0.171875
ENSG00000214176.5 17 62833272 62833272 - 10 422364 17_internal_8553 17 62383325 62410908 89 85.5061 1.03323 9.84929 0.157993 0.157347 0.78607 0.8254
ENSG00000265218.1 17 62888847 62888847 + 10 0 17_internal_11395 17 62803943 62920914 89 94.2322 0.959788 10.5849 3.95784e-05 0.417651 0.00497512 0.000351007
ENSG00000266644.1 17 62895884 62895884 + 9 638230 17_internal_9679 17 63534114 63544305 89 85.6973 1.04387 9.53407 0.0251849 0.244163 0.21393 0.220005
ENSG00000176809.6 17 62915598 62915598 - 9 0 17_internal_11395 17 62803943 62920914 89 88.2004 0.997854 9.02036 1.75451e-05 0.445346 0.00497512 0.000176091
ENSG00000264057.1 17 62923752 62923752 + 9 -2838 17_internal_11395 17 62803943 62920914 89 86.7924 1.07028 8.09438 0.000388008 0.34943 0.00497512 0.0024373
ENSG00000232457.3 17 62936720 62936720 + 9 33273 17_internal_7918 17 62969993 62983843 89 95.8488 0.859134 8.4149 0.0860519 0.184937 0.522388 0.548524
ENSG00000265912.1 17 62939380 62939380 + 9 -835391 17_internal_8566 17 61901062 62103989 89 87.4008 1.10039 8.81573 0.0748368 -0.19581 0.482587 0.463696
ENSG00000214174.4 17 62971694 62971694 - 9 0 17_internal_7918 17 62969993 62983843 89 107.791 0.813932 9.18158 0.0983563 0.172154 0.527363 0.571832
ENSG00000266598.1 17 63048027 63048027 + 9 -876566 17_internal_8185 17 62150903 62171461 89 84.8803 1.11533 9.15917 0.200612 -0.14168 0.870647 0.865041
ENSG00000120063.5 17 63052957 63052957 - 9 976722 17_internal_9295 17 62067780 62076235 89 102.333 0.93081 9.55849 0.0428416 -0.224591 0.298507 0.282157
ENSG00000108370.11 17 63133549 63133549 + 6 -933643 17_internal_8532 17 62157088 62199906 89 104.071 0.893215 6.88924 0.353317 0.102077 0.945274 0.938887
ENSG00000168646.8 17 63557765 63557765 - 5 13460 17_internal_9679 17 63534114 63544305 89 80.2738 1.00008 4.9371 4.97463e-06 0.441971 0.00497512 7.19184e-05
ENSG00000266076.1 17 63637151 63637151 - 5 92846 17_internal_9679 17 63534114 63544305 89 101.081 0.961589 5.89814 5.9067e-06 0.45431 0.00497512 1.28631e-05
ENSG00000154240.12 17 64188202 64188202 - 4 -904901 17_internal_8697 17 65093103 65123806 89 80.9518 1.0001 3.61416 0.106629 -0.163108 0.363184 0.38009
ENSG00000154229.7 17 64298754 64298754 + 5 0 17_internal_12283 17 64241292 64630262 89 91.9203 0.999928 4.82745 0.354456 0.101235 0.855721 0.871878
ENSG00000244044.2 17 64360147 64360147 + 5 109925 17_internal_9188 17 64470072 64482134 89 98.9256 0.999962 5.51756 0.276598 -0.112883 0.79602 0.797369
ENSG00000264630.1 17 64412972 64412972 - 7 -959211 17_internal_12419 17 65372183 65567487 89 89.226 0.997716 7.32564 0.0119358 0.257103 0.0646766 0.0840107
ENSG00000252685.1 17 64634389 64634389 + 6 725896 17_internal_8740 17 65360285 65507061 89 93.6586 0.88496 5.63908 0.00704299 0.295835 0.0597015 0.0488127
ENSG00000229330.2 17 64672490 64672490 + 6 -42228 17_internal_12283 17 64241292 64630262 89 88.0266 1.01782 5.73041 0.0054212 0.300411 0.0348259 0.0300409
ENSG00000207943.1 17 64783190 64783190 + 6 577095 17_internal_8740 17 65360285 65507061 89 91.9898 0.908612 5.63954 0.24391 -0.126978 0.81592 0.806977
ENSG00000108878.3 17 65040706 65040706 + 6 -558572 17_internal_9188 17 64470072 64482134 89 98.943 0.888353 5.65693 0.0688219 0.20045 0.323383 0.325378
ENSG00000264421.1 17 65220419 65220419 + 8 860781 17_internal_10026 17 66081200 66130663 89 89.5562 1.05443 8.93176 0.0365422 -0.202879 0.253731 0.255854
ENSG00000213180.4 17 65220844 65220844 + 8 -2043 17_internal_9301 17 65212459 65218801 89 83.2289 1.07456 6.96937 0.00327377 0.287441 0.00995025 0.0230482
ENSG00000266473.1 17 65240953 65240953 + 9 991641 17_internal_8329 17 66232594 66246999 89 93.3805 0.910585 8.32638 0.0271204 -0.209889 0.223881 0.215788
ENSG00000198265.7 17 65242105 65242105 - 9 -990489 17_internal_8329 17 66232594 66246999 89 79.9436 1.19126 8.91451 0.195218 -0.134123 0.885572 0.855335
ENSG00000197170.5 17 65362743 65362743 - 11 880609 17_internal_9188 17 64470072 64482134 89 84.0459 1.00012 9.36883 0.0370445 -0.211075 0.323383 0.335897
ENSG00000154217.10 17 65373575 65373575 + 11 0 17_internal_12419 17 65372183 65567487 89 88.4437 0.859508 8.39995 7.41435e-07 0.506225 0.00497512 3.7619e-05
ENSG00000238612.1 17 65404062 65404062 - 11 -796848 17_internal_8217 17 66200910 66232092 89 103.097 0.868591 12.1009 0.229194 -0.122763 0.960199 0.943471
ENSG00000201547.1 17 65404997 65404997 - 11 186196 17_internal_9301 17 65212459 65218801 89 96.0574 0.861576 9.83931 0.0555109 -0.18138 0.422886 0.444276
ENSG00000244610.2 17 65453406 65453406 - 11 971272 17_internal_9188 17 64470072 64482134 89 105.618 0.997844 12.4293 0.130765 -0.162213 0.746269 0.729271
ENSG00000264754.1 17 65520597 65520597 + 10 0 17_internal_12419 17 65372183 65567487 89 94.0758 1.06473 11.4366 0.00358534 0.306947 0.0298507 0.0241025
ENSG00000130935.5 17 65713949 65713949 + 10 486961 17_internal_8217 17 66200910 66232092 89 83.9416 1.00906 8.59159 0.222353 -0.141467 0.865672 0.899624
ENSG00000200394.1 17 65736785 65736785 + 10 464125 17_internal_8217 17 66200910 66232092 89 86.3926 1.07805 8.81188 0.0570414 0.195523 0.38806 0.388862
ENSG00000171634.12 17 65821640 65821640 + 11 713650 17_internal_11258 17 66535290 66702917 89 79.6133 1.01914 8.28842 0.0693127 0.203769 0.537313 0.516344
ENSG00000266717.1 17 65947862 65947862 - 11 -253048 17_internal_8217 17 66200910 66232092 89 90.7209 1.09497 11.724 0.0827961 -0.167379 0.616915 0.583424
ENSG00000186665.8 17 65989765 65989765 - 11 -242829 17_internal_8329 17 66232594 66246999 89 81.0908 1.06311 10.4159 0.171573 -0.140764 0.900498 0.880249
ENSG00000182481.4 17 66031635 66031635 + 11 200959 17_internal_8329 17 66232594 66246999 89 98.5258 0.874568 11.2014 0.0921402 0.173205 0.587065 0.644656
ENSG00000237854.2 17 66098049 66098049 + 13 161286 17_internal_8821 17 66259335 66357031 89 81.9252 1.21398 12.1319 3.96531e-05 0.435901 0.00497512 0.000202699
ENSG00000267352.1 17 66131745 66131745 - 12 1082 17_internal_10026 17 66081200 66130663 89 91.9029 0.99742 11.3914 0.000107042 0.391095 0.00497512 0.000957181
ENSG00000267023.1 17 66148609 66148609 - 12 -110726 17_internal_8821 17 66259335 66357031 89 93.5369 0.988409 12.2738 7.42481e-05 0.404594 0.00497512 0.000652062
ENSG00000267708.1 17 66155184 66155184 - 12 936383 17_internal_9301 17 65212459 65218801 89 93.5717 1.04159 14.2068 0.112021 0.165324 0.781095 0.774621
ENSG00000267731.1 17 66186025 66186025 + 12 46569 17_internal_8329 17 66232594 66246999 89 95.7967 1.00831 11.0609 2.51698e-05 0.423674 0.00497512 0.000126024
ENSG00000196704.7 17 66243715 66243715 + 11 0 17_internal_8329 17 66232594 66246999 89 88.5828 0.894198 8.13981 0.00563089 0.287714 0.0746269 0.0656999
ENSG00000265100.1 17 66244079 66244079 - 11 0 17_internal_8329 17 66232594 66246999 89 83.3506 0.97619 9.14954 0.000585867 0.357585 0.0149254 0.00907033
ENSG00000141337.8 17 66255323 66255323 + 11 -687836 17_internal_12419 17 65372183 65567487 89 82.3598 1.03844 9.84108 0.0614066 -0.209478 0.517413 0.503162
ENSG00000108932.7 17 66287408 66287408 - 11 55316 17_internal_8217 17 66200910 66232092 89 99.534 0.97984 12.3187 0.169037 0.147967 0.845771 0.860715
ENSG00000108946.8 17 66409764 66409764 + 12 -162765 17_internal_8329 17 66232594 66246999 89 85.6625 1.08729 11.6045 0.465102 -0.0738001 1 0.999285
ENSG00000267009.1 17 66409783 66409783 + 12 649443 17_internal_9093 17 67059226 67173665 89 103.428 0.837473 12.1371 0.0302956 0.234355 0.288557 0.286338
ENSG00000207561.1 17 66420689 66420689 - 13 39043 17_internal_9318 17 66283274 66381646 89 86.3752 0.923664 12.2263 0.0297487 0.235787 0.368159 0.367368
ENSG00000070540.8 17 66453654 66453654 - 13 886167 17_internal_12419 17 65372183 65567487 89 81.9947 1.05514 11.2952 0.084098 -0.177608 0.651741 0.664678
ENSG00000269657.1 17 66539369 66539369 + 12 -408706 17_internal_10026 17 66081200 66130663 89 86.7229 0.994146 9.27876 0.292967 -0.102845 0.965174 0.963503
ENSG00000108950.7 17 66597530 66597530 - 11 466867 17_internal_10026 17 66081200 66130663 89 89.0521 0.977131 9.43194 0.094559 0.175653 0.641791 0.617529
ENSG00000154258.12 17 67057205 67057205 - 12 247372 17_internal_9811 17 66787708 66809833 89 81.5602 1.15502 11.3401 0.0151602 0.272174 0.149254 0.152144
ENSG00000154262.8 17 67138029 67138029 - 12 -281163 17_internal_10619 17 67419192 67427865 89 80.9518 1.07818 9.91585 0.117447 0.151291 0.741294 0.739173
ENSG00000154263.12 17 67240987 67240987 - 13 125535 17_internal_9455 17 67058815 67115452 89 84.8281 1.05033 12.0782 0.0541847 0.19546 0.522388 0.504464
ENSG00000267203.1 17 67314874 67314874 + 14 -957843 17_internal_8821 17 66259335 66357031 89 95.1883 0.845652 11.2211 0.00914368 0.273545 0.129353 0.118726
ENSG00000154265.11 17 67323385 67323385 - 14 966354 17_internal_8821 17 66259335 66357031 89 85.7146 1.05355 13.7686 0.000896925 0.373403 0.00497512 0.0119697
ENSG00000108984.9 17 67410839 67410839 + 12 -295387 17_internal_9455 17 67058815 67115452 89 74.7982 1.11847 10.3934 0.0699659 0.198053 0.626866 0.605733
ENSG00000267653.1 17 67497896 67497896 - 12 -702713 17_internal_8451 17 68200609 68293188 89 93.3979 0.991066 12.0841 0.045373 0.204726 0.412935 0.39624
ENSG00000267194.1 17 67547499 67547499 + 12 -119634 17_internal_10619 17 67419192 67427865 89 90.7209 0.932945 11.9251 0.0133981 0.264803 0.169154 0.162844
ENSG00000227517.2 17 67573392 67573392 + 12 -457940 17_internal_9455 17 67058815 67115452 89 94.5799 1.0075 11.7835 0.174317 0.147206 0.860697 0.872716
ENSG00000227036.2 17 70636611 70636611 - 6 0 17_internal_8394 17 70598898 70641089 89 90.2863 1.05254 6.40498 0.144425 0.166841 0.616915 0.602378
ENSG00000200783.1 17 70660291 70660291 - 7 19202 17_internal_8394 17 70598898 70641089 89 91.2424 1.0668 7.12695 0.143184 0.15216 0.621891 0.627378
ENSG00000264196.1 17 70835178 70835178 + 7 -194089 17_internal_8394 17 70598898 70641089 89 82.4293 1.06674 7.08411 0.100218 -0.160833 0.552239 0.546119
ENSG00000133195.7 17 71088851 71088851 - 8 -240121 17_internal_8314 17 71328972 71336932 89 77.284 1.05528 6.29456 0.0259105 0.239093 0.238806 0.195462
ENSG00000264860.1 17 71161116 71161116 + 8 381379 17_internal_8557 17 71542495 71592427 89 95.1361 1.05188 7.34843 0.206334 -0.129628 0.756219 0.77501
ENSG00000166685.6 17 71189129 71189129 + 8 805352 17_internal_10439 17 71994481 72017313 89 92.407 0.944761 7.34407 0.0935391 0.182226 0.532338 0.515341
ENSG00000141219.11 17 71228372 71228372 + 9 409533 17_internal_11857 17 71637905 71981902 89 83.6461 0.923318 6.74178 0.0482803 0.216242 0.383085 0.356174
ENSG00000133193.8 17 71232892 71232892 - 9 -405013 17_internal_11857 17 71637905 71981902 89 74.4854 1.11245 7.47276 0.00724739 0.307324 0.0597015 0.074554
ENSG00000187959.5 17 71258491 71258491 - 9 22755 17_internal_9547 17 71228952 71235736 89 98.0564 1.01668 9.08631 0.0354025 0.23375 0.208955 0.214939
ENSG00000179604.8 17 71308314 71308314 - 9 667225 17_internal_8394 17 70598898 70641089 89 88.2873 1.04374 8.00816 0.00242214 0.323028 0.0149254 0.0166025
ENSG00000264985.1 17 71509824 71509824 + 13 32671 17_internal_8557 17 71542495 71592427 89 84.3762 1.11536 13.0706 1.03525e-05 0.47308 0.00497512 8.35678e-05
ENSG00000069188.12 17 71640228 71640228 - 16 47801 17_internal_8557 17 71542495 71592427 89 76.0498 1.15054 13.2953 2.71436e-14 0.730831 0.00497512 6.48051e-13
ENSG00000172809.8 17 72199721 72199721 + 18 28553 17_internal_9198 17 72228274 72237857 89 92.2158 0.928516 17.2853 0.0126323 0.26942 0.248756 0.203794
ENSG00000246731.2 17 72209481 72209481 - 18 -703445 17_internal_8766 17 72912926 72916494 89 86.1492 0.923599 14.9389 0.0178837 0.242592 0.308458 0.293492
ENSG00000141540.6 17 72209653 72209653 + 18 289189 17_internal_8995 17 72498842 72589595 89 88.2873 0.920965 16.8362 0.000692551 0.331199 0.0348259 0.0177719
ENSG00000264272.1 17 72258159 72258159 - 17 -855915 17_internal_11830 17 73114074 73270691 89 94.7711 0.796167 15.8007 0.00762393 -0.279925 0.159204 0.155375
ENSG00000171595.9 17 72270386 72270386 + 17 228456 17_internal_8995 17 72498842 72589595 89 87.9918 0.971111 14.6912 0.00424713 0.281578 0.0746269 0.0697188
ENSG00000196169.10 17 72322349 72322349 + 19 296596 17_internal_7821 17 72618945 72639348 89 93.3109 1.01662 19.7903 0.0338458 0.22503 0.422886 0.442313
ENSG00000167851.9 17 72462555 72462555 + 18 0 17_internal_11748 17 72436039 72471179 89 94.1105 0.970351 18.6585 3.61502e-06 0.486653 0.00497512 4.8487e-05
ENSG00000172794.14 17 72666717 72666717 + 20 136257 17_internal_8066 17 72802974 72839947 89 90.0777 0.964808 19.6421 0.00602598 -0.28439 0.119403 0.116896
ENSG00000264624.1 17 72744752 72744752 + 20 0 17_internal_8271 17 72683577 72783737 89 87.0879 1.01946 18.0745 0.0142149 0.261278 0.228856 0.235086
ENSG00000109062.5 17 72744791 72744791 + 20 896901 17_internal_8069 17 73641692 73664638 89 85.593 1.01068 17.0617 0.0546404 -0.205187 0.641791 0.644584
ENSG00000266036.1 17 72745051 72745051 - 20 -167875 17_internal_8766 17 72912926 72916494 89 85.8189 0.946146 15.0965 0.00439262 0.270773 0.0845771 0.0880493
ENSG00000109065.7 17 72772506 72772506 - 20 -869186 17_internal_8069 17 73641692 73664638 89 84.9324 1.04969 16.6379 0.0325655 0.237104 0.432836 0.440857
ENSG00000109066.9 17 72772622 72772622 + 20 0 17_internal_8271 17 72683577 72783737 89 88.2178 0.949036 17.7226 0.000501059 0.34102 0.0248756 0.0121107
ENSG00000161509.9 17 72857627 72857627 - 20 268032 17_internal_8995 17 72498842 72589595 89 75.8934 1.02963 15.1742 0.00700769 0.300323 0.154229 0.167138
ENSG00000161513.7 17 72869156 72869156 - 20 631299 17_internal_9198 17 72228274 72237857 89 89.6258 1.03249 20.364 0.0843019 -0.151153 0.840796 0.82115
ENSG00000167861.11 17 72969261 72969261 - 20 -512453 17_internal_8983 17 73481714 73495582 89 79.9436 1.13131 18.0893 0.024297 -0.25737 0.427861 0.392834
ENSG00000167862.5 17 73008765 73008765 + 20 -225028 17_internal_8271 17 72683577 72783737 89 81.2473 1.09943 19.7043 0.0061443 0.285812 0.129353 0.129158
ENSG00000180901.6 17 73028670 73028670 + 19 -790813 17_internal_9198 17 72228274 72237857 89 85.3496 0.855166 14.8742 0.00912822 0.27734 0.19403 0.203826
ENSG00000239607.2 17 73037830 73037830 + 19 528610 17_internal_7751 17 73566440 73587433 89 86.8271 1.00722 18.8044 0.0529751 0.200806 0.666667 0.658576
ENSG00000167863.7 17 73043080 73043080 - 19 162171 17_internal_8406 17 72829604 72880909 89 104.714 0.879623 23.15 0.0481079 -0.21241 0.572139 0.586477
ENSG00000170190.11 17 73083822 73083822 + 19 199943 17_internal_7681 17 73283765 73315669 89 84.2545 1.12104 17.6735 0.0110512 0.263959 0.159204 0.168518
ENSG00000125449.2 17 73106047 73106047 + 19 535645 17_internal_8069 17 73641692 73664638 89 99.0994 0.953181 20.8665 0.0818478 -0.189056 0.756219 0.776008
ENSG00000125458.2 17 73127890 73127890 - 19 488542 17_internal_7821 17 72618945 72639348 89 87.1574 1.01813 16.9616 0.144682 -0.158856 0.930348 0.933005
ENSG00000265800.1 17 73137445 73137445 - 19 0 17_internal_11830 17 73114074 73270691 89 88.1135 0.910677 15.2135 0.0390675 -0.189711 0.502488 0.507056
ENSG00000263786.1 17 73142641 73142641 - 19 226147 17_internal_8766 17 72912926 72916494 89 88.409 0.937958 17.0922 0.0260292 -0.223821 0.40796 0.398925
ENSG00000265242.1 17 73163344 73163344 - 19 774360 17_internal_9010 17 72382270 72388984 89 93.7977 1.01906 20.2252 0.112845 -0.160671 0.910448 0.88689
ENSG00000189159.10 17 73164376 73164376 - 19 926519 17_internal_9198 17 72228274 72237857 89 82.9334 0.990463 17.3743 0.0119048 0.280151 0.228856 0.237865
ENSG00000188612.7 17 73179078 73179078 - 19 941221 17_internal_9198 17 72228274 72237857 89 95.0492 0.871631 17.1523 0.0502948 0.212234 0.567164 0.591143
ENSG00000125450.6 17 73201754 73201754 + 19 82011 17_internal_7681 17 73283765 73315669 89 98.8039 0.784643 19.8585 0.0309286 0.227307 0.452736 0.48242
ENSG00000125445.6 17 73257755 73257755 + 18 223959 17_internal_8983 17 73481714 73495582 89 90.8947 0.99469 17.7493 0.00981649 0.285969 0.124378 0.150994
ENSG00000125447.12 17 73258444 73258444 - 18 619096 17_internal_7821 17 72618945 72639348 89 84.2719 1.06874 17.509 0.00346836 0.336696 0.0746269 0.0613142
ENSG00000125457.9 17 73267308 73267308 - 18 -299132 17_internal_7751 17 73566440 73587433 89 89.6258 1.00332 19.1778 1.06087e-05 -0.445679 0.00497512 0.00018379
ENSG00000263843.1 17 73267450 73267450 + 18 -737480 17_internal_7911 17 72507813 72529970 89 103.862 0.957533 25.63 0.0117039 -0.291361 0.169154 0.167826
ENSG00000125454.7 17 73285591 73285591 - 18 814412 17_internal_11748 17 72436039 72471179 89 89.365 0.898344 15.5404 0.0415964 0.201439 0.507463 0.529562
ENSG00000257073.1 17 73315410 73315410 - 18 0 17_internal_7876 17 73288212 73317179 89 89.2607 1.10211 19.0739 0.0153766 0.270749 0.218905 0.212643
ENSG00000228007.1 17 73334908 73334908 + 18 231532 17_internal_7751 17 73566440 73587433 89 82.6727 1.09423 17.5014 0.110889 0.159524 0.895522 0.88643
ENSG00000265987.1 17 73340486 73340486 + 18 301206 17_internal_8069 17 73641692 73664638 89 85.0541 1.01809 17.602 0.0223375 0.247015 0.358209 0.3573
ENSG00000264853.1 17 73369817 73369817 - 18 -614535 17_internal_11653 17 73984352 73994850 89 93.1023 0.981241 20.6211 0.0678347 0.192722 0.741294 0.73807
ENSG00000265342.1 17 73390204 73390204 + 18 -919025 17_internal_11748 17 72436039 72471179 89 98.4389 0.905388 20.095 0.0822978 0.17994 0.771144 0.785858
ENSG00000177885.9 17 73401790 73401790 - 18 84611 17_internal_7876 17 73288212 73317179 89 90.4254 0.916214 16.5344 0.00437928 0.311988 0.0945274 0.0845158
ENSG00000177728.10 17 73437240 73437240 + 18 -166549 17_internal_11830 17 73114074 73270691 89 89.6953 0.954926 17.9968 0.00140988 0.325187 0.039801 0.0289007
ENSG00000265636.1 17 73492726 73492726 + 18 -869815 17_internal_9611 17 72538892 72622911 89 77.3188 1.09073 13.8072 0.0683408 -0.210234 0.686567 0.693645
ENSG00000177303.5 17 73511664 73511664 - 18 240973 17_internal_11830 17 73114074 73270691 89 96.8918 0.943436 21.7216 0.00802126 0.2958 0.159204 0.133687
ENSG00000182173.8 17 73512141 73512141 + 18 -728404 17_internal_8271 17 72683577 72783737 89 82.6031 1.11043 16.3353 0.0261297 -0.234869 0.343284 0.362825
ENSG00000073350.9 17 73521161 73521161 + 18 -205492 17_internal_7681 17 73283765 73315669 89 106.922 0.861154 20.9672 0.03152 0.235973 0.378109 0.391764
ENSG00000266714.1 17 73584139 73584139 + 18 0 17_internal_7751 17 73566440 73587433 89 85.1584 1.0466 18.083 3.29789e-07 0.500411 0.00497512 6.16977e-06
ENSG00000188126.7 17 73584139 73584139 + 18 0 17_internal_7751 17 73566440 73587433 89 84.5152 1.12733 17.1163 3.53364e-07 0.503989 0.00497512 2.67253e-06
ENSG00000204323.5 17 73629514 73629514 + 17 832053 17_internal_9158 17 74461567 74477716 89 92.268 0.979473 18.9993 0.00961889 -0.264694 0.189055 0.154695
ENSG00000259120.2 17 73642323 73642323 + 16 342029 17_internal_11653 17 73984352 73994850 89 91.9551 1.00987 18.1394 0.158231 0.154575 0.955224 0.948226
ENSG00000161526.10 17 73663196 73663196 + 15 798371 17_internal_9158 17 74461567 74477716 89 87.5225 1.02535 13.1063 0.0174542 0.249444 0.223881 0.206237
ENSG00000108469.10 17 73663269 73663269 - 15 75836 17_internal_7751 17 73566440 73587433 89 87.9918 0.915685 12.3652 0.030324 0.240135 0.348259 0.365802
ENSG00000264829.1 17 73676047 73676047 - 15 180465 17_internal_8983 17 73481714 73495582 89 75.9281 1.00716 10.6575 0.147085 0.163705 0.880597 0.879128
ENSG00000264270.1 17 73680879 73680879 - 15 799970 17_internal_8406 17 72829604 72880909 89 93.9193 1.00951 16.8809 0.0712959 -0.187807 0.681592 0.668085
ENSG00000132470.9 17 73717408 73717408 + 15 -836499 17_internal_8406 17 72829604 72880909 89 82.69 1.16657 16.4279 0.00602545 0.259543 0.0895522 0.0829848
ENSG00000108479.7 17 73761792 73761792 - 15 -845630 17_internal_9221 17 74607422 74715295 89 94.3887 0.984118 16.5002 0.101984 -0.183626 0.79602 0.801568
ENSG00000132478.5 17 73780681 73780681 + 15 -285099 17_internal_8983 17 73481714 73495582 89 73.5814 1.11803 12.4645 0.137793 -0.171243 0.870647 0.894233
ENSG00000132475.4 17 73781974 73781974 - 15 117336 17_internal_8069 17 73641692 73664638 89 73.7379 1.06482 11.7903 0.0392757 0.220412 0.492537 0.492873
ENSG00000266980.1 17 73816136 73816136 - 14 976189 17_internal_8066 17 72802974 72839947 89 92.0246 1.00006 13.3983 0.0351062 -0.231032 0.328358 0.354327
ENSG00000178932.2 17 73818071 73818071 - 14 978124 17_internal_8066 17 72802974 72839947 89 84.4283 1.11924 13.761 0.00674303 -0.272956 0.079602 0.079641
ENSG00000092929.7 17 73840798 73840798 - 13 345216 17_internal_8983 17 73481714 73495582 89 74.0855 0.993159 9.08448 0.168989 -0.143132 0.880597 0.883449
ENSG00000132471.7 17 73852588 73852588 - 13 -608979 17_internal_9158 17 74461567 74477716 89 93.7977 1.03331 11.9419 0.0318844 0.232119 0.258706 0.269375
ENSG00000267801.1 17 73872453 73872453 + 13 497905 17_internal_8454 17 74370358 74373263 89 102.663 0.980513 15.4137 0.083108 -0.19689 0.60199 0.639119
ENSG00000132481.2 17 73874656 73874656 - 13 210018 17_internal_8069 17 73641692 73664638 89 84.9498 1.01458 11.6628 0.0106704 0.280452 0.144279 0.133106
ENSG00000141569.6 17 73893084 73893084 - 12 -714338 17_internal_9221 17 74607422 74715295 89 84.6543 0.977754 10.8015 0.0865424 0.187865 0.671642 0.66729
ENSG00000267342.1 17 73893141 73893141 + 12 658299 17_internal_11156 17 74551440 74602022 89 86.1145 0.985351 11.2646 0.179812 -0.152854 0.905473 0.905327
ENSG00000204316.8 17 73905899 73905899 - 12 -78453 17_internal_11653 17 73984352 73994850 89 91.5031 1.04455 10.9749 0.0433877 0.221624 0.373134 0.34437
ENSG00000267426.1 17 73926210 73926210 - 11 -625230 17_internal_11156 17 74551440 74602022 89 104.679 0.907864 12.9685 0.0944127 -0.194655 0.621891 0.647509
ENSG00000188878.11 17 73937221 73937221 - 11 -614219 17_internal_11156 17 74551440 74602022 89 84.6717 1.09173 9.41775 0.299687 -0.121923 0.950249 0.964997
