ENSG00000258260.1 12 56663888 56663888 - 15 551117 12_internal_12899 12 56033632 56112771 89 84.3936 1.01451 12.735 0.199216 -0.129782 0.935323 0.950059
ENSG00000257303.1 12 56693926 56693926 + 15 -581155 12_internal_12899 12 56033632 56112771 89 85.0367 1.08994 13.8012 0.00836356 -0.287736 0.0945274 0.103694
ENSG00000062485.13 12 56694176 56694176 - 15 -923887 12_internal_10186 12 57618063 57625587 89 86.9314 1.00887 14.2955 0.0153624 0.241802 0.223881 0.209402
ENSG00000257740.1 12 56702652 56702652 + 15 618964 12_internal_9146 12 57321616 57336135 89 81.8035 1.01348 12.5193 0.0284004 0.22551 0.353234 0.359
ENSG00000144785.4 12 56709843 56709843 - 15 597072 12_internal_12899 12 56033632 56112771 89 82.9334 1.16581 16.0267 0.0878417 -0.181932 0.781095 0.767039
ENSG00000257727.1 12 56710120 56710120 - 15 597349 12_internal_12899 12 56033632 56112771 89 87.366 0.953434 13.8074 0.0345529 -0.234634 0.422886 0.422246
ENSG00000135473.10 12 56727837 56727837 - 16 615066 12_internal_12899 12 56033632 56112771 89 79.0918 1.09826 14.017 0.00235023 0.302948 0.0547264 0.041036
ENSG00000110944.4 12 56732663 56732663 + 16 336380 12_internal_9784 12 57069043 57098349 89 111.806 0.915623 22.429 0.0392691 0.211158 0.402985 0.417842
ENSG00000170581.8 12 56753939 56753939 - 16 -804358 12_internal_9690 12 57558297 57560969 89 102.385 0.909868 20.1131 0.0455426 0.21309 0.507463 0.523431
ENSG00000111602.7 12 56843187 56843187 - 16 -636287 12_internal_9089 12 57479474 57534547 89 86.4273 1.01409 15.0401 0.0348321 -0.233714 0.40796 0.431169
ENSG00000176422.10 12 56862301 56862301 + 16 206742 12_internal_9784 12 57069043 57098349 89 86.1666 1.04753 16.2192 0.0501275 0.200584 0.552239 0.572367
ENSG00000135517.5 12 56862950 56862950 - 16 619865 12_internal_11202 12 56235918 56243085 89 88.1309 0.952277 16.7113 0.0498595 0.193025 0.587065 0.604422
ENSG00000135423.8 12 56882198 56882198 - 16 769427 12_internal_12899 12 56033632 56112771 89 89.6432 0.961344 14.6988 0.00324727 0.289525 0.0597015 0.0516029
ENSG00000257576.1 12 56904786 56904786 + 16 0 12_internal_10272 12 56873659 56933242 89 84.324 1.00832 14.2376 0.158479 -0.144317 0.910448 0.92843
ENSG00000076067.6 12 56915713 56915713 + 16 0 12_internal_10272 12 56873659 56933242 89 98.4041 1.00612 20.3587 4.70168e-09 0.59109 0.00497512 1.31735e-08
ENSG00000076108.7 12 57030600 57030600 - 15 -587463 12_internal_10186 12 57618063 57625587 89 83.0551 1.09052 13.791 0.00718341 0.270464 0.0845771 0.097756
ENSG00000207031.1 12 57038885 57038885 - 15 105643 12_internal_10272 12 56873659 56933242 89 78.918 1.02684 11.8983 0.0335903 -0.219808 0.402985 0.412482
ENSG00000110955.3 12 57039798 57039798 - 15 -439676 12_internal_9089 12 57479474 57534547 89 103.358 0.91545 18.5904 0.0314743 0.234238 0.378109 0.359366
ENSG00000241217.2 12 57064530 57064530 - 14 -493767 12_internal_9690 12 57558297 57560969 89 81.4211 1.05883 12.1193 0.0477281 -0.215617 0.482587 0.490357
ENSG00000110958.10 12 57082159 57082159 - 14 -397315 12_internal_9089 12 57479474 57534547 89 92.9285 0.985246 12.285 0.077396 -0.210218 0.616915 0.602395
ENSG00000196531.6 12 57125412 57125412 - 12 387249 12_internal_8617 12 56689749 56738163 89 86.0449 1.02306 10.7371 0.106078 -0.17465 0.706468 0.712823
ENSG00000025423.7 12 57145945 57145945 + 13 -47596 12_internal_9784 12 57069043 57098349 89 87.8006 1.03279 12.5719 0.00449381 -0.282061 0.0646766 0.0525335
ENSG00000198056.7 12 57146157 57146157 - 13 47808 12_internal_9784 12 57069043 57098349 89 114.083 0.864657 15.9084 0.215689 -0.1443 0.965174 0.952446
ENSG00000139547.6 12 57353158 57353158 - 12 -779081 12_internal_9623 12 58132239 58150542 89 89.7301 1.06789 12.263 0.0361027 -0.219895 0.308458 0.325815
ENSG00000166856.1 12 57388230 57388230 + 12 -454988 12_internal_10272 12 56873659 56933242 89 72.7818 1.05744 8.7571 0.0225444 0.250818 0.278607 0.270965
ENSG00000166860.2 12 57400230 57400230 - 12 64095 12_internal_9146 12 57321616 57336135 89 98.8387 0.884258 10.356 0.0811658 0.198948 0.577114 0.562355
ENSG00000166863.7 12 57422667 57422667 - 12 324318 12_internal_9784 12 57069043 57098349 89 81.4559 1.02638 10.1287 0.117218 0.156727 0.756219 0.759001
ENSG00000166866.8 12 57444982 57444982 - 12 -99594 12_internal_10024 12 57544576 57556963 89 104.627 0.958693 14.3027 0.00503604 0.294568 0.0348259 0.0386477
ENSG00000166881.5 12 57481846 57481846 - 12 548604 12_internal_10272 12 56873659 56933242 89 79.7697 1.035 10.2364 0.115717 -0.166086 0.781095 0.766898
ENSG00000166886.8 12 57482677 57482677 + 12 135386 12_internal_10186 12 57618063 57625587 89 82.3598 1.08872 10.775 0.0617557 -0.20629 0.527363 0.515606
ENSG00000123384.9 12 57522276 57522276 + 12 36021 12_internal_9690 12 57558297 57560969 89 77.1623 1.0472 8.81323 0.0717895 0.197745 0.562189 0.559676
ENSG00000166888.5 12 57525922 57525922 - 12 592680 12_internal_10272 12 56873659 56933242 89 81.1951 1.14141 11.4995 0.00546398 -0.282096 0.0597015 0.0590011
ENSG00000259125.1 12 57541402 57541402 - 11 -680797 12_internal_13403 12 58222199 58293792 89 99.1689 0.908341 11.6497 0.0115035 -0.251442 0.109453 0.110234
ENSG00000182199.6 12 57623110 57623110 + 11 599089 12_internal_13403 12 58222199 58293792 89 100.455 0.913791 11.9176 0.126678 -0.172228 0.751244 0.761417
ENSG00000185633.6 12 57634498 57634498 - 11 896335 12_internal_8617 12 56689749 56738163 89 93.5717 1.00108 12.7359 0.047113 -0.20324 0.447761 0.418636
ENSG00000185482.3 12 57644976 57644976 - 11 -487263 12_internal_9623 12 58132239 58150542 89 76.0498 1.00085 8.68701 0.0700387 -0.190552 0.587065 0.576055
ENSG00000258830.1 12 57690267 57690267 - 11 133304 12_internal_10024 12 57544576 57556963 89 88.4611 0.994913 11.6748 0.0282435 -0.233459 0.303483 0.290732
ENSG00000201198.1 12 57809079 57809079 + 10 -183492 12_internal_10186 12 57618063 57625587 89 85.8016 0.941811 9.66812 0.0886718 -0.158947 0.616915 0.642214
ENSG00000268367.1 12 57810198 57810198 + 10 -35348 12_internal_13084 12 57718789 57774850 89 84.6891 1.05383 9.86435 0.105966 0.167951 0.696517 0.680002
ENSG00000179912.14 12 57824788 57824788 - 10 267825 12_internal_10024 12 57544576 57556963 89 79.4047 1.17749 9.91649 0.112066 -0.167365 0.726368 0.700878
ENSG00000139269.2 12 57846106 57846106 + 10 286133 12_internal_9623 12 58132239 58150542 89 82.69 1.0292 9.60892 0.0112423 -0.257399 0.104478 0.122673
ENSG00000111087.5 12 57853918 57853918 + 10 -517783 12_internal_9146 12 57321616 57336135 89 80.3607 1.01237 7.96286 0.0209186 -0.245586 0.208955 0.199252
ENSG00000166986.8 12 57869228 57869228 + 10 -935986 12_internal_10272 12 56873659 56933242 89 86.8619 1.20047 12.3626 0.152054 -0.155433 0.845771 0.838274
ENSG00000123329.13 12 57882597 57882597 - 10 321628 12_internal_9690 12 57558297 57560969 89 103.184 0.916805 11.9727 0.11249 0.166741 0.686567 0.698192
ENSG00000208028.1 12 57913042 57913042 - 10 576907 12_internal_9146 12 57321616 57336135 89 108.086 0.938858 13.1465 0.0139295 -0.266429 0.109453 0.10052
ENSG00000175197.5 12 57914300 57914300 - 10 288713 12_internal_10186 12 57618063 57625587 89 76.8842 0.913985 7.82266 0.256051 0.118809 0.935323 0.94188
ENSG00000166987.10 12 57914493 57914493 + 10 -288906 12_internal_10186 12 57618063 57625587 89 97.2047 0.9683 11.365 0.018031 0.216931 0.179104 0.153141
ENSG00000175203.10 12 57941114 57941114 - 9 -281085 12_internal_13403 12 58222199 58293792 89 84.098 1.0918 9.20496 0.202645 -0.140994 0.890547 0.876925
ENSG00000155980.6 12 57943781 57943781 + 9 -382812 12_internal_9690 12 57558297 57560969 89 104.801 0.88 10.239 0.429538 0.0842093 1 0.995242
ENSG00000166908.13 12 57984957 57984957 + 9 -648822 12_internal_9146 12 57321616 57336135 89 83.1594 0.940818 8.7073 0.0394994 -0.221107 0.363184 0.368292
ENSG00000178498.11 12 57998405 57998405 + 9 -372818 12_internal_10186 12 57618063 57625587 89 90.8078 1.01095 9.60006 0.10388 -0.176344 0.641791 0.633433
ENSG00000240771.2 12 58003963 58003963 + 9 -447000 12_internal_10024 12 57544576 57556963 89 82.777 1.13352 9.5827 0.0265715 -0.239579 0.199005 0.217908
ENSG00000224713.2 12 58013421 58013421 - 9 -208778 12_internal_13403 12 58222199 58293792 89 98.491 0.959874 8.63023 0.226577 -0.128974 0.875622 0.867662
ENSG00000135506.11 12 58087738 58087738 + 9 -526769 12_internal_9690 12 57558297 57560969 89 91.3119 0.944772 8.82111 0.121112 0.169571 0.666667 0.68584
ENSG00000257342.1 12 58115293 58115293 - 8 554324 12_internal_9690 12 57558297 57560969 89 94.7016 0.969871 8.23963 0.386807 0.0916957 0.985075 0.979569
ENSG00000257499.1 12 58119448 58119448 - 8 783313 12_internal_9146 12 57321616 57336135 89 89.3477 0.942576 7.4412 0.185951 -0.140604 0.78607 0.798631
ENSG00000255737.2 12 58120054 58120054 + 8 -783919 12_internal_9146 12 57321616 57336135 89 85.8711 1.00212 8.20763 0.0327283 -0.216469 0.248756 0.258746
ENSG00000135452.5 12 58131796 58131796 + 8 443 12_internal_9623 12 58132239 58150542 89 92.4766 1.01344 8.47151 0.209862 0.141345 0.835821 0.847788
ENSG00000135439.6 12 58135940 58135940 - 8 799805 12_internal_9146 12 57321616 57336135 89 94.8232 0.950951 8.45049 0.109185 -0.164896 0.606965 0.603958
ENSG00000139266.5 12 58148881 58148881 + 8 -614334 12_internal_9089 12 57479474 57534547 89 92.4766 1.10126 9.66864 0.0701379 0.205457 0.447761 0.430813
ENSG00000135446.11 12 58149796 58149796 - 8 524209 12_internal_10186 12 57618063 57625587 89 94.9275 0.957974 8.78706 0.0501327 -0.210495 0.348259 0.34026
ENSG00000111012.4 12 58161034 58161034 - 8 10492 12_internal_9623 12 58132239 58150542 89 91.9725 0.964579 7.65918 0.0148766 0.256346 0.104478 0.107002
ENSG00000257152.1 12 58162769 58162769 - 8 -59430 12_internal_13403 12 58222199 58293792 89 96.9266 0.971903 9.54044 0.0564571 -0.202559 0.353234 0.378297
ENSG00000123427.11 12 58165275 58165275 + 8 -608312 12_internal_10024 12 57544576 57556963 89 78.8484 0.993877 6.51501 0.055667 -0.204794 0.353234 0.387314
ENSG00000037897.12 12 58166576 58166576 - 8 830441 12_internal_9146 12 57321616 57336135 89 91.1033 1.05846 9.09878 0.0528283 0.209263 0.358209 0.346688
ENSG00000257921.1 12 58166811 58166811 + 8 -605842 12_internal_9690 12 57558297 57560969 89 91.6074 1.05475 8.65748 0.244523 0.126324 0.915423 0.895978
ENSG00000123297.11 12 58176372 58176372 + 8 -25830 12_internal_9623 12 58132239 58150542 89 78.3791 1.06688 6.6944 0.198767 -0.149471 0.825871 0.806305
ENSG00000135407.6 12 58212487 58212487 - 8 437637 12_internal_13084 12 57718789 57774850 89 79.8393 1.07309 7.27317 0.0560048 0.19634 0.368159 0.378527
ENSG00000257953.1 12 58230875 58230875 + 8 -456025 12_internal_13084 12 57718789 57774850 89 99.1168 0.996036 9.46652 0.336117 0.0967024 0.965174 0.97038
ENSG00000175215.5 12 58240522 58240522 - 8 705975 12_internal_9089 12 57479474 57534547 89 109.147 0.764138 9.78631 0.214213 -0.122265 0.905473 0.88956
ENSG00000257698.1 12 58329958 58329958 - 8 993823 12_internal_9146 12 57321616 57336135 89 85.958 1.02439 8.80542 0.0912406 -0.188893 0.59204 0.58226
ENSG00000166896.3 12 58335324 58335324 + 8 -41532 12_internal_13403 12 58222199 58293792 89 95.5359 0.961647 7.94762 0.280683 -0.113514 0.905473 0.917547
ENSG00000118596.7 12 59989848 59989848 + 2 -16031 12_internal_9552 12 59953455 59973817 89 83.6982 1.00008 1.74809 0.131661 0.166255 0.253731 0.237675
ENSG00000257146.1 12 60113725 60113725 - 2 139908 12_internal_9552 12 59953455 59973817 89 90.3732 1.00006 2.07268 0.585017 -0.05714 0.840796 0.836096
ENSG00000213363.4 12 62415955 62415955 - 6 -188359 12_internal_9831 12 62604314 62665113 89 101.22 0.984747 7.21757 0.00476982 0.286909 0.0298507 0.0199333
ENSG00000257880.1 12 62539424 62539424 - 6 -64890 12_internal_9831 12 62604314 62665113 89 105.062 0.919689 6.12297 0.0239264 0.250701 0.109453 0.104209
ENSG00000258316.1 12 62629296 62629296 - 6 -388544 12_internal_10525 12 63017840 63188246 89 95.5012 0.924754 6.02541 0.0841729 0.17077 0.38806 0.405013
ENSG00000135655.9 12 62654119 62654119 + 6 0 12_internal_9831 12 62604314 62665113 89 91.1381 1.06362 7.07773 0.000164581 0.393168 0.00497512 0.000609652
ENSG00000198673.6 12 62672931 62672931 - 6 0 12_internal_13221 12 62602606 62738610 89 91.7812 1.00008 5.38491 3.16224e-06 0.540426 0.00497512 1.19226e-05
ENSG00000200814.1 12 62727978 62727978 - 6 0 12_internal_13221 12 62602606 62738610 89 84.5152 1.00006 4.81975 0.00499794 0.310198 0.0248756 0.0296916
ENSG00000061987.10 12 62860597 62860597 + 6 -195484 12_internal_9831 12 62604314 62665113 89 83.2811 1.00002 5.65903 0.199717 -0.133507 0.746269 0.745656
ENSG00000257568.1 12 62878712 62878712 - 6 213599 12_internal_9831 12 62604314 62665113 89 89.2086 0.999965 5.18307 0.184752 -0.138909 0.671642 0.65197
ENSG00000257354.1 12 62996532 62996532 + 6 21308 12_internal_10525 12 63017840 63188246 89 99.7426 0.955669 6.80874 0.0508153 -0.202532 0.253731 0.254041
ENSG00000221949.2 12 62997214 62997214 - 6 -241761 12_internal_11534 12 63238975 63329664 89 89.0348 0.945569 6.01301 0.204817 -0.137267 0.751244 0.765061
ENSG00000199179.1 12 62997466 62997466 + 6 -332353 12_internal_9831 12 62604314 62665113 89 93.7629 1.04706 6.18249 0.0383107 -0.211634 0.19403 0.172905
ENSG00000111110.6 12 63328817 63328817 - 7 590207 12_internal_13221 12 62602606 62738610 89 92.8937 0.950557 6.72646 0.0339378 0.230235 0.20398 0.205747
ENSG00000139239.6 12 63359095 63359095 + 7 878536 12_internal_14111 12 64237631 64482951 89 103.063 0.99155 7.54753 0.0640146 0.18731 0.333333 0.303889
ENSG00000177990.7 12 64062719 64062719 - 4 -174912 12_internal_14111 12 64237631 64482951 89 105.774 0.999943 4.7412 0.157764 0.142382 0.482587 0.464434
ENSG00000118600.6 12 64173583 64173583 + 5 -843919 12_internal_11534 12 63238975 63329664 89 93.1719 1.00001 4.65926 0.125925 -0.164029 0.442786 0.440969
ENSG00000249753.2 12 64189498 64189498 - 4 -48133 12_internal_14111 12 64237631 64482951 89 117.404 1.00033 5.6659 0.333446 0.0983639 0.80597 0.826926
ENSG00000255642.1 12 64215801 64215801 + 5 768176 12_internal_9815 12 64983977 65097498 89 74.8852 0.999882 4.5355 0.0138876 -0.263283 0.109453 0.10479
ENSG00000255850.1 12 64215936 64215936 - 5 886272 12_internal_11534 12 63238975 63329664 89 75.8586 1.00014 4.33514 0.0616972 0.201953 0.328358 0.318509
ENSG00000196935.4 12 64238073 64238073 + 5 866797 12_internal_13071 12 65104870 65196438 89 89.3477 1.00004 4.57798 0.539416 -0.0697654 0.970149 0.97102
ENSG00000174206.8 12 64616076 64616076 - 4 133125 12_internal_14111 12 64237631 64482951 89 91.6248 1.00006 4.30502 0.157133 0.155695 0.497512 0.506011
ENSG00000243024.2 12 64616117 64616117 + 4 573510 12_internal_11958 12 65189627 65220593 89 100.82 1.00007 4.86339 0.0923168 0.179113 0.303483 0.308675
ENSG00000185306.7 12 64784471 64784471 - 4 -405156 12_internal_11958 12 65189627 65220593 89 96.5789 1.00002 4.2093 0.0743958 0.203604 0.20398 0.239686
ENSG00000184575.7 12 64798130 64798130 + 4 391497 12_internal_11958 12 65189627 65220593 89 86.3404 0.99998 3.77228 0.00561056 0.293709 0.0248756 0.0238428
ENSG00000255566.1 12 64837110 64837110 - 4 -267760 12_internal_13071 12 65104870 65196438 89 92.2854 0.999947 4.1177 0.207195 -0.127139 0.60199 0.598904
ENSG00000183735.5 12 64845660 64845660 + 4 138317 12_internal_9815 12 64983977 65097498 89 87.8701 0.99995 4.00372 0.192589 0.134391 0.557214 0.581367
ENSG00000256670.1 12 65003239 65003239 - 4 -186388 12_internal_11958 12 65189627 65220593 89 86.2883 0.999911 3.77541 0.038771 -0.227277 0.154229 0.149182
ENSG00000153179.7 12 65004293 65004293 + 4 -521342 12_internal_14111 12 64237631 64482951 89 92.8937 1.00002 4.3321 0.3213 0.11237 0.79602 0.800712
ENSG00000207546.1 12 65016289 65016289 + 4 0 12_internal_9815 12 64983977 65097498 89 83.2289 0.999908 3.98722 0.198612 0.142683 0.646766 0.617004
ENSG00000225195.2 12 65022124 65022124 + 4 0 12_internal_9815 12 64983977 65097498 89 103.793 1.00002 4.27741 0.5854 -0.0649387 0.9801 0.968863
ENSG00000256314.1 12 65048799 65048799 - 4 565848 12_internal_14111 12 64237631 64482951 89 88.8262 1.00007 4.10513 0.136474 -0.156346 0.472637 0.453449
ENSG00000268028.1 12 65090329 65090329 - 4 -14541 12_internal_13071 12 65104870 65196438 89 100.351 1.00002 4.78283 0.357592 -0.0974604 0.865672 0.85111
ENSG00000135677.5 12 65153227 65153227 - 4 0 12_internal_13071 12 65104870 65196438 89 85.1584 0.999945 3.85806 0.0383389 0.240762 0.149254 0.155272
ENSG00000111490.8 12 65174589 65174589 + 4 0 12_internal_13071 12 65104870 65196438 89 94.5451 0.999989 4.30746 0.199261 -0.133578 0.557214 0.58734
ENSG00000174106.2 12 65563351 65563351 + 6 -366913 12_internal_13071 12 65104870 65196438 89 88.548 1 5.34623 0.132137 -0.15903 0.542289 0.534101
ENSG00000174099.6 12 65672423 65672423 + 9 889215 12_internal_8486 12 66561638 66586300 89 90.1473 1.00413 9.25665 0.0516552 0.206905 0.38806 0.377036
ENSG00000149948.9 12 66217911 66217911 + 9 629354 12_internal_9684 12 66847265 67014911 89 88.1482 0.978769 8.68595 0.0199736 0.256733 0.179104 0.17286
ENSG00000239335.4 12 66524531 66524531 + 9 147557 12_internal_13154 12 66672088 66803704 89 84.098 1.05596 8.69387 0.0583447 0.203552 0.422886 0.42058
ENSG00000139233.2 12 66524548 66524548 - 9 -147540 12_internal_13154 12 66672088 66803704 89 85.6973 1.12556 8.87859 0.170434 -0.160465 0.810945 0.793432
ENSG00000228144.2 12 66563765 66563765 - 9 -36120 12_internal_9241 12 66599885 66643005 89 93.3979 0.906221 8.54402 0.0922295 -0.179108 0.542289 0.573318
ENSG00000155957.11 12 66563852 66563852 - 9 -36033 12_internal_9241 12 66599885 66643005 89 98.8908 0.956171 9.57151 0.0399405 -0.218646 0.288557 0.27443
ENSG00000090376.4 12 66582659 66582659 + 9 710312 12_internal_12164 12 67292971 67359874 89 72.0518 1.11636 7.3411 0.0100076 0.277124 0.129353 0.108164
ENSG00000225422.3 12 66629014 66629014 - 9 42714 12_internal_8486 12 66561638 66586300 89 83.8721 0.952508 7.58779 0.0374418 0.222476 0.323383 0.307498
ENSG00000127311.5 12 66696325 66696325 + 9 596646 12_internal_12164 12 67292971 67359874 89 85.1584 0.988246 9.25223 0.00375106 0.337874 0.0447761 0.0434021
ENSG00000238528.1 12 66739499 66739499 + 9 553472 12_internal_12164 12 67292971 67359874 89 90.3906 1.04128 10.4669 0.0186073 0.228515 0.134328 0.156286
ENSG00000155974.7 12 67197966 67197966 - 10 -95005 12_internal_12164 12 67292971 67359874 89 86.6359 0.971962 8.79996 1.10217e-12 0.667616 0.00497512 3.8985e-11
ENSG00000256248.1 12 67462942 67462942 - 9 103068 12_internal_12164 12 67292971 67359874 89 77.1275 1.10284 8.397 5.00096e-12 0.63771 0.00497512 1.26831e-10
ENSG00000111530.7 12 67663061 67663061 + 6 -303187 12_internal_12164 12 67292971 67359874 89 98.1434 1.00001 5.96539 0.0108132 0.284278 0.079602 0.0434905
ENSG00000256037.1 12 67745216 67745216 + 6 -385342 12_internal_12164 12 67292971 67359874 89 100.212 0.873169 6.74411 0.0362825 0.219374 0.243781 0.214101
ENSG00000127334.10 12 68042118 68042118 + 5 587756 12_internal_13923 12 68629874 68997600 89 94.4582 0.999963 4.82169 0.075901 0.197572 0.283582 0.285773
ENSG00000235872.2 12 68064699 68064699 - 5 -565175 12_internal_13923 12 68629874 68997600 89 97.1178 1.00001 5.13799 0.161435 0.154989 0.577114 0.548669
ENSG00000255970.1 12 68123255 68123255 - 5 -506619 12_internal_13923 12 68629874 68997600 89 78.2922 0.999935 4.39648 0.318133 0.107753 0.845771 0.848812
ENSG00000255733.1 12 68383225 68383225 + 5 782859 12_internal_10235 12 69166084 69183518 89 85.2279 1.00002 4.60452 0.0140535 0.273109 0.0696517 0.0727088
ENSG00000236946.2 12 68429547 68429547 + 5 736537 12_internal_10235 12 69166084 69183518 89 90.0604 0.999912 4.87847 0.0347313 0.248171 0.164179 0.153872
ENSG00000111537.4 12 68553527 68553527 - 6 -245067 12_internal_9181 12 68798594 68806418 89 88.9305 1.07205 6.03394 0.125482 0.171012 0.517413 0.523954
ENSG00000111536.4 12 68619601 68619601 - 6 -546483 12_internal_10235 12 69166084 69183518 89 80.1174 1.00005 4.84985 0.0868409 0.18425 0.39801 0.414017
ENSG00000111554.10 12 68726161 68726161 - 7 -722469 12_internal_9025 12 69448630 69454257 89 89.8691 1.07677 7.02324 0.0729581 0.193687 0.383085 0.371463
ENSG00000251301.2 12 68845443 68845443 - 7 -603187 12_internal_9025 12 69448630 69454257 89 80.1521 0.974515 5.86872 0.288669 0.114224 0.895522 0.894838
ENSG00000240087.3 12 68947662 68947662 - 6 -500968 12_internal_9025 12 69448630 69454257 89 91.0512 0.973291 5.76442 0.374159 -0.101244 0.930348 0.932477
ENSG00000127314.12 12 69004619 69004619 + 6 -7019 12_internal_13923 12 68629874 68997600 89 98.2129 0.949858 6.15123 0.25831 -0.122547 0.825871 0.820501
ENSG00000234040.3 12 69020967 69020967 - 6 -427663 12_internal_9025 12 69448630 69454257 89 114.535 0.947368 8.07934 0.0218214 -0.226509 0.0995025 0.0843625
ENSG00000206650.1 12 69021155 69021155 - 6 -427475 12_internal_9025 12 69448630 69454257 89 108.451 1.00002 6.69144 0.161355 -0.149716 0.597015 0.581019
ENSG00000234925.2 12 69036773 69036773 - 6 -411857 12_internal_9025 12 69448630 69454257 89 86.3926 1.00911 5.55104 0.00105165 -0.353012 0.00497512 0.00658094
ENSG00000241825.2 12 69078375 69078375 + 6 87709 12_internal_10235 12 69166084 69183518 89 88.3395 0.999964 4.78786 0.234217 -0.144355 0.706468 0.724368
ENSG00000111581.5 12 69080514 69080514 + 6 -82914 12_internal_13923 12 68629874 68997600 89 82.2033 0.999905 5.15627 0.0947681 -0.170875 0.447761 0.44668
ENSG00000247363.2 12 69081535 69081535 - 6 -84549 12_internal_10235 12 69166084 69183518 89 89.3824 1.02864 6.15851 0.0518382 -0.20966 0.273632 0.264958
ENSG00000233560.2 12 69099414 69099414 + 6 584832 12_internal_10177 12 69684246 69754713 89 109.546 0.90937 7.29649 0.15667 0.15512 0.597015 0.632162
ENSG00000175782.7 12 69139886 69139886 + 6 -142286 12_internal_13923 12 68629874 68997600 89 86.8793 1.00004 5.79498 0.249591 0.127941 0.80597 0.818862
ENSG00000251695.2 12 69186125 69186125 + 6 -2607 12_internal_10235 12 69166084 69183518 89 101.307 0.934407 6.28566 0.118176 0.165446 0.487562 0.498533
ENSG00000135679.16 12 69201956 69201956 + 6 -395538 12_internal_9181 12 68798594 68806418 89 99.3254 1.00844 6.71737 0.0332583 0.221166 0.154229 0.15048
ENSG00000256325.1 12 69221898 69221898 + 6 -415480 12_internal_9181 12 68798594 68806418 89 95.31 0.959671 6.1712 0.400499 0.0873562 0.965174 0.953214
ENSG00000256664.1 12 69235726 69235726 + 6 448520 12_internal_10177 12 69684246 69754713 89 99.0646 0.955886 6.56124 0.330526 -0.0964062 0.900498 0.914037
ENSG00000257181.1 12 69237017 69237017 - 6 430599 12_internal_9181 12 68798594 68806418 89 82.0816 0.999892 5.04591 0.0621132 0.190751 0.323383 0.318921
ENSG00000135678.6 12 69365350 69365350 - 7 -318896 12_internal_10177 12 69684246 69754713 89 86.2709 1.01261 7.59466 0.110336 0.18088 0.616915 0.60259
ENSG00000111605.12 12 69633317 69633317 + 7 -698298 12_internal_11161 12 68925714 68935019 89 120.585 0.954604 10.1362 0.0775783 0.17615 0.348259 0.359014
ENSG00000257818.1 12 69678177 69678177 + 7 -680577 12_internal_13923 12 68629874 68997600 89 86.7576 0.96358 6.32488 0.112216 -0.172863 0.577114 0.560665
ENSG00000090382.2 12 69742121 69742121 + 7 -287864 12_internal_9025 12 69448630 69454257 89 76.1541 1.03283 6.58882 0.190164 0.145282 0.776119 0.806267
ENSG00000257764.1 12 69748005 69748005 - 7 941587 12_internal_9181 12 68798594 68806418 89 87.6615 1.05183 6.73412 0.169294 0.151937 0.706468 0.702825
ENSG00000127337.2 12 69753483 69753483 + 7 0 12_internal_10177 12 69684246 69754713 89 102.454 0.976873 7.96117 0.000403349 0.401562 0.00497512 0.00137218
ENSG00000166225.4 12 69864129 69864129 + 6 -866529 12_internal_13923 12 68629874 68997600 89 90.9469 1.00001 5.26268 0.0583851 0.214819 0.253731 0.260306
ENSG00000166226.7 12 69979114 69979114 + 5 -224401 12_internal_10177 12 69684246 69754713 89 81.1256 0.999973 4.41546 0.0734985 0.198719 0.333333 0.332866
ENSG00000127328.17 12 70132461 70132461 + 4 145960 12_internal_10201 12 70278421 71004160 89 101.342 1.00001 4.6955 0.061276 0.213351 0.21393 0.197372
ENSG00000258052.1 12 70195449 70195449 + 3 82972 12_internal_10201 12 70278421 71004160 89 103.376 1.00004 3.43287 0.0488055 0.212542 0.149254 0.11084
ENSG00000257613.1 12 70615642 70615642 - 2 0 12_internal_10201 12 70278421 71004160 89 101.098 0.999947 2.10108 0.723445 0.0358475 0.930348 0.923615
ENSG00000111596.7 12 70636774 70636774 + 2 0 12_internal_10201 12 70278421 71004160 89 96.9613 0.999947 2.14145 0.0666189 0.218682 0.139303 0.115106
ENSG00000257815.1 12 70637140 70637140 - 2 0 12_internal_10201 12 70278421 71004160 89 86.0623 0.999941 1.98599 0.351882 0.0988271 0.577114 0.587854
ENSG00000135643.4 12 70760056 70760056 + 1 0 12_internal_10201 12 70278421 71004160 89 101.533 1.00002 0.989337 0.761703 -0.031894 0.736318 0.74219
ENSG00000212461.1 12 72033135 72033135 + 3 22161 12_internal_8546 12 72055296 72150979 89 71.1826 1.0001 2.39829 0.623381 -0.0530634 0.915423 0.925171
ENSG00000173451.2 12 72056789 72056789 + 3 116534 12_internal_9842 12 72173323 72185292 89 104.975 1.00001 3.95785 0.308712 -0.114388 0.741294 0.710237
ENSG00000133858.11 12 72061505 72061505 - 3 -111818 12_internal_9842 12 72173323 72185292 89 106.209 1.00004 3.29981 0.201651 0.147625 0.437811 0.443775
ENSG00000258064.1 12 72067984 72067984 + 4 -16264 12_internal_9854 12 72038342 72051720 89 88.2004 0.999898 4.04277 0.0680494 -0.200522 0.248756 0.252057
ENSG00000139291.8 12 72079867 72079867 + 4 -28147 12_internal_9854 12 72038342 72051720 89 72.1561 1.00005 3.49161 0.306691 -0.104148 0.776119 0.786812
ENSG00000257515.1 12 72104154 72104154 - 4 -962714 12_internal_10086 12 73066868 73143187 89 99.1342 0.999938 4.00107 0.129395 -0.154274 0.368159 0.370947
ENSG00000080371.4 12 72148654 72148654 + 4 918214 12_internal_10086 12 73066868 73143187 89 71.2521 0.99991 3.07547 0.0994784 -0.164157 0.38806 0.372883
ENSG00000257410.1 12 72193407 72193407 - 4 -873461 12_internal_10086 12 73066868 73143187 89 77.5795 1.00012 3.66473 0.043446 -0.204819 0.169154 0.201231
ENSG00000121749.11 12 72233487 72233487 + 4 -82508 12_internal_8546 12 72055296 72150979 89 81.7514 0.999972 3.55744 0.0955489 0.189381 0.348259 0.340019
ENSG00000257802.1 12 72244208 72244208 - 4 -822660 12_internal_10086 12 73066868 73143187 89 99.7078 1.00005 4.07819 0.0360946 0.245198 0.114428 0.103675
ENSG00000253719.2 12 74931551 74931551 + 3 825002 12_internal_11680 12 75756553 75785982 89 104.575 1 3.08219 0.275794 -0.116452 0.562189 0.566052
ENSG00000257386.1 12 74932413 74932413 - 3 -824140 12_internal_11680 12 75756553 75785982 89 83.9937 1.00001 3.01148 0.118674 -0.173504 0.338308 0.341685
ENSG00000173401.5 12 75728419 75728419 + 8 158106 12_internal_14108 12 75886525 77187226 89 91.0164 0.950391 7.89702 0.114898 0.182164 0.636816 0.625707
ENSG00000180881.15 12 75784708 75784708 - 8 -552646 12_internal_9233 12 76337354 76354555 89 96.5268 1.04508 8.13632 0.117699 -0.172423 0.58209 0.568288
ENSG00000180481.6 12 75784850 75784850 + 8 0 12_internal_11680 12 75756553 75785982 89 85.1584 1.07039 9.07951 8.26769e-05 0.40598 0.00497512 0.000644221
ENSG00000139278.5 12 75874460 75874460 + 8 -88478 12_internal_11680 12 75756553 75785982 89 94.8059 0.955046 9.54404 0.00150623 0.355336 0.00497512 0.012507
ENSG00000257497.1 12 75883600 75883600 - 8 -473624 12_internal_11044 12 76357224 76373834 89 99.8295 0.8787 7.7636 0.19153 -0.145509 0.756219 0.794652
ENSG00000111615.8 12 75905416 75905416 - 8 119434 12_internal_11680 12 75756553 75785982 89 84.4805 0.990635 7.08254 0.0106648 0.267728 0.109453 0.0899387
ENSG00000257453.1 12 76424274 76424274 + 9 -48498 12_internal_10114 12 76327275 76375776 89 90.3385 1.04418 8.85387 0.00977814 0.280794 0.0696517 0.069415
ENSG00000257839.1 12 76426438 76426438 + 9 0 12_internal_14108 12 75886525 77187226 89 81.1604 1.01757 7.41811 0.0361757 -0.225973 0.313433 0.284377
ENSG00000139289.8 12 76427712 76427712 - 9 1150 12_internal_12213 12 76337708 76426562 89 77.5969 0.954443 6.82502 0.0145257 0.263773 0.149254 0.159624
ENSG00000257941.1 12 76451318 76451318 + 9 0 12_internal_14108 12 75886525 77187226 89 81.0387 1.01231 7.79765 0.0742466 -0.195287 0.542289 0.509213
ENSG00000187109.8 12 76478813 76478813 - 9 103037 12_internal_10114 12 76327275 76375776 89 80.2217 0.999877 7.81669 0.00216096 0.320466 0.0298507 0.0278232
ENSG00000179941.5 12 76742222 76742222 - 10 956240 12_internal_11680 12 75756553 75785982 89 105.218 0.943476 12.3592 0.215352 0.131445 0.920398 0.919221
ENSG00000091039.12 12 76953589 76953589 - 8 0 12_internal_14108 12 75886525 77187226 89 90.3906 0.956098 6.80919 0.0458403 0.223502 0.268657 0.284169
ENSG00000243071.1 12 77054185 77054185 + 8 -680351 12_internal_11044 12 76357224 76373834 89 94.5104 1.04785 7.5437 0.0083373 -0.310358 0.0547264 0.0411153
ENSG00000186908.10 12 77157368 77157368 + 8 560586 12_internal_9456 12 77717954 77778809 89 96.7527 1.06376 9.68523 0.0440801 -0.217514 0.298507 0.269619
ENSG00000257445.1 12 77252003 77252003 + 8 -88716 12_internal_9408 12 76944602 77163287 89 85.4191 0.950441 7.31206 0.140908 0.163942 0.691542 0.7114
ENSG00000175183.5 12 77272840 77272840 - 8 897064 12_internal_10114 12 76327275 76375776 89 93.4152 0.956799 7.57276 0.0430531 0.213768 0.278607 0.274149
ENSG00000258048.1 12 80083924 80083924 + 1 -584611 12_internal_8821 12 78808804 79499313 89 78.3965 1.00007 0.954997 0.596736 0.0551197 0.59204 0.602685
ENSG00000177425.6 12 80084877 80084877 - 1 585564 12_internal_8821 12 78808804 79499313 89 102.054 0.999982 0.975547 0.926081 -0.0100017 0.920398 0.91577
ENSG00000269531.1 12 80198742 80198742 + 2 -699429 12_internal_8821 12 78808804 79499313 89 100.525 1 2.08743 0.577521 -0.0612968 0.825871 0.814415
ENSG00000258044.1 12 80217558 80217558 + 2 954158 12_internal_11189 12 81171716 81472477 89 94.2148 1.00008 1.82512 0.452333 0.0808255 0.641791 0.652127
ENSG00000201942.1 12 80272199 80272199 - 2 772886 12_internal_8821 12 78808804 79499313 89 100.142 1.00006 1.93404 0.510285 0.0682085 0.706468 0.722677
ENSG00000257557.1 12 80328681 80328681 + 2 -829368 12_internal_8821 12 78808804 79499313 89 85.0889 1 1.93058 0.263425 0.126936 0.452736 0.461423
ENSG00000058272.11 12 80329240 80329240 - 2 829927 12_internal_8821 12 78808804 79499313 89 111.493 1.00007 2.54062 0.637466 0.0510865 0.895522 0.901051
ENSG00000230291.4 12 80497113 80497113 - 2 -674603 12_internal_11189 12 81171716 81472477 89 79.057 0.99992 1.8851 0.589157 -0.0639531 0.825871 0.831256
ENSG00000127720.3 12 82752276 82752276 + 5 533711 12_internal_9596 12 83285987 83363382 89 87.8875 1.00001 4.4082 0.133732 -0.166423 0.452736 0.475555
ENSG00000133773.7 12 82752584 82752584 - 5 -486380 12_internal_9920 12 83238964 83252240 89 95.901 1.00008 4.84231 0.0584973 0.194735 0.233831 0.21788
ENSG00000257875.1 12 82862235 82862235 + 5 423752 12_internal_9596 12 83285987 83363382 89 80.4824 0.999998 4.36512 0.0848804 0.185789 0.378109 0.37298
ENSG00000179104.3 12 83080659 83080659 + 5 168404 12_internal_11113 12 83249063 83265006 89 79.0396 1.00009 4.0533 0.0883683 0.183738 0.368159 0.371934
ENSG00000133641.11 12 88427623 88427623 + 1 603585 12_internal_9135 12 89031208 89053112 89 87.8875 1.00007 1.0607 0.287289 -0.114876 0.308458 0.304934
ENSG00000257752.1 12 88452355 88452355 - 1 -578853 12_internal_9135 12 89031208 89053112 89 84.6891 0.999996 0.959126 0.278018 -0.123348 0.283582 0.280031
ENSG00000198707.8 12 88535993 88535993 - 1 -495215 12_internal_9135 12 89031208 89053112 89 95.223 0.999986 1.07856 0.104669 0.182764 0.109453 0.100156
ENSG00000139324.7 12 88536073 88536073 + 1 495135 12_internal_9135 12 89031208 89053112 89 85.0715 1 0.8962 0.242003 -0.136612 0.233831 0.229791
ENSG00000139318.6 12 89747048 89747048 - 10 693936 12_internal_9135 12 89031208 89053112 89 92.633 1.08247 11.0894 0.130558 -0.165962 0.761194 0.740299
ENSG00000226982.4 12 89893870 89893870 + 10 220511 12_internal_8975 12 90114381 90164185 89 91.59 0.884827 9.45017 0.202889 -0.142695 0.870647 0.895173
ENSG00000257594.1 12 89918583 89918583 - 10 284838 12_internal_10161 12 89569946 89633745 89 92.5982 0.901356 9.68897 0.0940232 -0.191535 0.60199 0.632059
ENSG00000139323.9 12 89919801 89919801 - 10 154486 12_internal_12805 12 89608049 89765315 89 85.3322 1.06208 9.02792 0.00939536 -0.267203 0.0945274 0.0802317
ENSG00000259075.1 12 89920039 89920039 - 10 286294 12_internal_10161 12 89569946 89633745 89 98.3867 1.08694 11.5689 0.0932709 -0.186904 0.58209 0.569884
ENSG00000258302.1 12 89954906 89954906 + 10 0 12_internal_9288 12 89817313 90276618 89 93.8672 1.04422 10.3344 0.20425 0.142021 0.890547 0.881991
ENSG00000266347.1 12 89986604 89986604 + 10 0 12_internal_9288 12 89817313 90276618 89 83.8373 1.03595 10.0273 0.036182 0.247261 0.378109 0.333595
ENSG00000070961.10 12 90103077 90103077 - 9 0 12_internal_8847 12 89548491 90259440 89 91.3988 0.92242 7.63901 0.00520653 0.292319 0.0547264 0.046384
ENSG00000257725.1 12 90341470 90341470 + 9 -19704 12_internal_10810 12 89548694 90321766 89 88.9826 0.957991 8.9459 0.00971662 0.29962 0.114428 0.0942227
ENSG00000257893.1 12 92271167 92271167 + 12 350457 12_internal_9560 12 92621624 92736637 89 94.2322 1.01085 14.1508 0.0649663 -0.193616 0.562189 0.562744
ENSG00000257242.1 12 92536690 92536690 - 14 -13044 12_internal_9203 12 92549734 92760021 89 92.8764 0.895081 13.6389 0.0422686 0.234326 0.472637 0.462795
ENSG00000257922.1 12 92539009 92539009 - 14 -10725 12_internal_9203 12 92549734 92760021 89 83.2463 0.969614 10.6235 0.000533111 0.350714 0.0248756 0.0100259
ENSG00000245904.2 12 92539349 92539349 + 14 944103 12_internal_9536 12 93483452 93489946 89 79.3525 1.0058 11.1375 0.0123258 0.265741 0.19403 0.182475
ENSG00000133639.3 12 92539673 92539673 - 14 -10061 12_internal_9203 12 92549734 92760021 89 85.4713 0.973197 12.2858 0.000134027 0.41565 0.00497512 0.00266488
ENSG00000257127.2 12 92815307 92815307 + 16 9542 12_internal_10687 12 92824849 92964693 89 92.5287 0.914725 13.6473 0.00199899 -0.335572 0.0447761 0.0313388
ENSG00000187510.3 12 93115281 93115281 + 16 176589 12_internal_9608 12 93291870 93309528 89 93.224 0.988159 13.1687 7.24699e-06 0.457662 0.00497512 6.51552e-05
ENSG00000258012.1 12 93251855 93251855 + 19 40015 12_internal_9608 12 93291870 93309528 89 83.4896 1.12079 19.1492 0.000147213 0.412999 0.00497512 0.00224227
ENSG00000257195.1 12 93277549 93277549 + 19 14321 12_internal_9608 12 93291870 93309528 89 79.735 1.01278 14.5765 0.00247879 0.293007 0.0597015 0.0570465
ENSG00000102189.12 12 93323107 93323107 - 19 13579 12_internal_9608 12 93291870 93309528 89 90.9295 0.931701 16.4463 4.71623e-13 0.711557 0.00497512 2.65838e-11
ENSG00000256393.1 12 93477451 93477451 - 17 512758 12_internal_10687 12 92824849 92964693 89 85.0889 1.02646 14.5515 0.0762653 0.192202 0.711443 0.70732
ENSG00000173598.9 12 93771659 93771659 + 16 -833268 12_internal_10985 12 92895473 92938391 89 76.5018 1.06775 12.38 0.0323766 0.208802 0.432836 0.420033
ENSG00000177889.5 12 93836038 93836038 - 14 -316285 12_internal_11042 12 94152323 94172643 89 89.5041 0.99394 12.3941 0.0327865 0.236367 0.363184 0.33709
ENSG00000198015.7 12 93861264 93861264 + 14 -896571 12_internal_10687 12 92824849 92964693 89 85.3148 0.979413 10.0665 0.00643357 0.308125 0.0845771 0.0789711
ENSG00000243015.2 12 93903263 93903263 + 14 -259401 12_internal_11746 12 93631164 93643862 89 86.2014 1.01403 14.0644 0.0800416 0.192382 0.706468 0.708078
ENSG00000120833.9 12 93963590 93963590 + 13 188733 12_internal_11042 12 94152323 94172643 89 76.7277 1.00471 8.78802 1.01634e-11 0.684638 0.00497512 2.15932e-09
ENSG00000246985.2 12 93965544 93965544 - 12 -186779 12_internal_11042 12 94152323 94172643 89 89.2955 0.979093 11.3539 1.45491e-11 0.670419 0.00497512 2.47088e-10
ENSG00000169372.7 12 94071151 94071151 + 13 81172 12_internal_11042 12 94152323 94172643 89 98.3867 0.961067 15.0989 0.00858311 0.28362 0.109453 0.0925235
ENSG00000258274.1 12 94131599 94131599 - 13 822071 12_internal_9608 12 93291870 93309528 89 94.0584 0.998738 13.6236 0.0618675 -0.188791 0.557214 0.537057
ENSG00000257196.1 12 94208912 94208912 + 12 799907 12_internal_11390 12 95008819 95115549 89 90.1473 0.916501 10.7599 0.0890216 0.178385 0.651741 0.659547
ENSG00000264978.1 12 94224852 94224852 + 12 -654141 12_internal_10773 12 93556975 93570711 89 92.2158 0.996383 12.5528 0.0292287 -0.205518 0.303483 0.287282
ENSG00000258303.1 12 94229943 94229943 + 12 845902 12_internal_13926 12 95075845 95268732 89 79.1439 1.07671 9.27957 0.0667233 -0.18484 0.532338 0.522662
ENSG00000257283.1 12 94337379 94337379 - 10 164736 12_internal_11042 12 94152323 94172643 89 81.8035 1.0208 9.03449 0.109794 0.164504 0.696517 0.694175
ENSG00000136040.4 12 94542499 94542499 + 11 -369856 12_internal_11042 12 94152323 94172643 89 85.732 0.981093 11.0216 0.000349508 0.383218 0.00497512 0.00550903
ENSG00000258172.1 12 94670971 94670971 - 9 -810680 12_internal_12415 12 95481651 95498935 89 90.4775 0.945222 8.02205 0.188795 0.137806 0.825871 0.821132
ENSG00000258365.1 12 94676620 94676620 - 9 503977 12_internal_11042 12 94152323 94172643 89 90.6687 0.918899 7.23878 0.0226797 0.252134 0.174129 0.174009
ENSG00000244391.2 12 94754996 94754996 + 9 -219168 12_internal_10635 12 94504879 94535828 89 92.4592 1.01775 10.9089 0.125945 -0.16456 0.741294 0.742394
ENSG00000173588.9 12 94853764 94853764 - 10 317936 12_internal_10635 12 94504879 94535828 89 76.2758 1.19641 8.77674 0.00369076 0.297069 0.0348259 0.0329227
ENSG00000258357.1 12 94915645 94915645 - 10 666052 12_internal_9311 12 94244855 94249593 89 83.733 1.03636 9.47645 0.108193 -0.160902 0.671642 0.686494
ENSG00000236349.1 12 94942017 94942017 + 10 133828 12_internal_13926 12 95075845 95268732 89 109.442 0.910213 14.7068 0.0104696 -0.286428 0.0895522 0.0848696
ENSG00000057704.6 12 95044338 95044338 - 10 794745 12_internal_9311 12 94244855 94249593 89 86.7924 1.0219 9.3255 0.0960835 -0.171943 0.61194 0.617834
ENSG00000184752.8 12 95397546 95397546 - 10 -84105 12_internal_12415 12 95481651 95498935 89 94.7885 0.950875 9.54927 0.00677201 0.282509 0.0646766 0.0572134
ENSG00000120798.11 12 95467479 95467479 - 10 -354231 12_internal_11198 12 95821710 95908637 89 95.0666 0.928859 10.9376 0.101709 -0.179264 0.656716 0.675473
ENSG00000180263.9 12 95611258 95611258 - 11 -899887 12_internal_11428 12 96511145 96531413 89 81.3689 1.001 8.34423 0.0109218 0.277369 0.124378 0.118003
ENSG00000028203.13 12 95611522 95611522 + 11 733708 12_internal_11458 12 96345230 96358961 89 97.4133 1.15815 15.1761 0.196614 0.136089 0.950249 0.931282
ENSG00000265917.1 12 95703699 95703699 + 11 783390 12_internal_9713 12 96487089 96497557 89 91.2076 1.03722 12.33 0.062338 0.204989 0.527363 0.511462
ENSG00000241556.1 12 95861637 95861637 - 12 -649508 12_internal_11428 12 96511145 96531413 89 105.983 0.941755 16.6259 0.125764 -0.169801 0.80597 0.824436
ENSG00000111142.9 12 95867296 95867296 + 12 643849 12_internal_11428 12 96511145 96531413 89 92.2158 1.05479 13.5777 0.00588012 0.283762 0.0746269 0.0560334
ENSG00000136014.7 12 95945266 95945266 - 12 -399964 12_internal_11458 12 96345230 96358961 89 92.1463 1.06303 13.0974 0.110401 -0.171819 0.736318 0.743303
ENSG00000074527.7 12 96184930 96184930 - 11 276293 12_internal_11198 12 95821710 95908637 89 95.9184 0.939758 12.2396 0.0954439 -0.170545 0.686567 0.679858
ENSG00000139343.6 12 96252706 96252706 + 11 134762 12_internal_12730 12 96387468 96452232 89 88.2352 0.912721 10.0987 0.0327086 -0.234659 0.303483 0.332087
ENSG00000165972.8 12 96336752 96336752 - 11 -8478 12_internal_11458 12 96345230 96358961 89 80.326 1.01428 9.51899 0.0205241 -0.255894 0.208955 0.229481
ENSG00000139344.3 12 96337071 96337071 + 11 -838136 12_internal_12415 12 95481651 95498935 89 83.9764 1.13214 10.1079 0.102022 0.176831 0.681592 0.651119
ENSG00000084110.6 12 96390143 96390143 - 11 481506 12_internal_11198 12 95821710 95908637 89 80.9518 1.00847 10.2668 0.151303 0.160197 0.850746 0.852792
ENSG00000257878.1 12 96390299 96390299 + 11 120846 12_internal_11428 12 96511145 96531413 89 78.3443 1.08146 10.0494 0.0530078 -0.207512 0.457711 0.478529
ENSG00000257715.1 12 96419101 96419101 + 11 880597 12_internal_8774 12 97299698 97314238 89 103.115 0.938387 12.4569 0.0860304 -0.174204 0.587065 0.592321
ENSG00000111144.5 12 96437298 96437298 - 11 -82629 12_internal_10995 12 96519927 96578067 89 90.5992 1.03881 11.5033 0.0558119 -0.211918 0.462687 0.451452
ENSG00000111145.3 12 96588160 96588160 + 10 711538 12_internal_8774 12 97299698 97314238 89 84.7412 1.07558 9.43528 0.00233082 -0.299187 0.0298507 0.0205329
ENSG00000258177.1 12 96617751 96617751 - 9 -681947 12_internal_8774 12 97299698 97314238 89 87.8875 1.01441 9.35548 0.116048 -0.157271 0.676617 0.686905
ENSG00000201435.1 12 96697291 96697291 - 9 165878 12_internal_11428 12 96511145 96531413 89 88.635 0.977041 8.87727 0.0485444 -0.200176 0.358209 0.370745
ENSG00000257169.1 12 96780972 96780972 - 9 328740 12_internal_12730 12 96387468 96452232 89 102.385 1.02717 11.0664 0.0464429 0.210882 0.288557 0.295085
ENSG00000059758.3 12 96794338 96794338 - 9 262925 12_internal_11428 12 96511145 96531413 89 83.0551 0.980943 7.8627 0.0189941 -0.253352 0.19403 0.177331
ENSG00000188596.3 12 96883349 96883349 + 9 -233129 12_internal_13200 12 96629302 96650220 89 92.042 0.988358 8.56103 0.0469043 0.198162 0.318408 0.320618
ENSG00000139350.7 12 97301001 97301001 + 8 -722934 12_internal_10995 12 96519927 96578067 89 72.2604 1.11114 7.01858 0.0430565 -0.21581 0.383085 0.342598
ENSG00000206899.1 12 98115494 98115494 + 5 724107 12_internal_9450 12 98839601 98860304 89 83.6635 1 4.46266 0.0689551 0.183589 0.288557 0.303652
ENSG00000245017.2 12 98897633 98897633 - 5 -101122 12_internal_12818 12 98998755 99038235 89 83.4723 1.00008 4.4042 0.107076 -0.18133 0.422886 0.426692
ENSG00000120802.8 12 98909290 98909290 + 5 89465 12_internal_12818 12 98998755 99038235 89 86.0275 0.999988 4.97383 0.118143 0.177377 0.497512 0.48384
ENSG00000257167.2 12 98910200 98910200 - 5 44167 12_internal_9651 12 98830430 98866033 89 88.0439 1.00006 5.05869 0.278243 0.11682 0.810945 0.811326
ENSG00000264461.1 12 98918535 98918535 - 5 -80220 12_internal_12818 12 98998755 99038235 89 85.2453 0.999911 5.23628 0.0200724 0.23346 0.0895522 0.114249
ENSG00000075415.8 12 98987369 98987369 + 5 -127065 12_internal_9450 12 98839601 98860304 89 76.102 0.999989 4.09133 0.158515 -0.156763 0.621891 0.582997
ENSG00000212443.1 12 98993413 98993413 + 5 -179982 12_internal_12703 12 98790641 98813431 89 101.255 1.01129 6.52429 0.0369317 0.206238 0.159204 0.15408
ENSG00000221625.1 12 98999652 98999652 + 5 -139348 12_internal_9450 12 98839601 98860304 89 97.8131 0.991527 5.73754 0.0565647 0.19057 0.243781 0.238272
ENSG00000166130.10 12 99038891 99038891 - 5 656 12_internal_12818 12 98998755 99038235 89 89.1912 0.999986 5.01914 0.000490297 0.37258 0.00497512 0.00242434
ENSG00000120868.9 12 99038919 99038919 + 5 -225488 12_internal_12703 12 98790641 98813431 89 87.957 0.99998 5.51735 0.524015 0.0689943 0.99005 0.983828
ENSG00000185046.12 12 100378432 100378432 - 3 -623223 12_internal_12961 12 101001655 101111643 89 83.0725 0.999911 2.63093 0.032708 0.217315 0.104478 0.099695
ENSG00000214203.4 12 100403616 100403616 - 3 -598039 12_internal_12961 12 101001655 101111643 89 84.3936 1.00007 3.47461 0.0241534 0.231875 0.104478 0.0944262
ENSG00000111647.8 12 100536626 100536626 - 3 994622 12_internal_9405 12 99523800 99542004 89 77.4752 0.999961 2.71752 0.116744 0.162024 0.353234 0.343582
ENSG00000221770.1 12 100551116 100551116 - 2 -276607 12_internal_8882 12 100827723 100830480 89 82.1164 1.00004 1.93882 0.128696 -0.160826 0.253731 0.261197
ENSG00000266610.1 12 100552521 100552521 - 2 -275202 12_internal_8882 12 100827723 100830480 89 109.616 1.00002 2.57543 0.512848 -0.0644619 0.79602 0.80263
ENSG00000238105.3 12 100567437 100567437 - 2 -434218 12_internal_12961 12 101001655 101111643 89 106.018 0.999958 2.34364 0.542089 0.0657985 0.810945 0.808134
ENSG00000075089.5 12 100592900 100592900 + 2 234823 12_internal_8882 12 100827723 100830480 89 88.6871 1.00009 1.99653 0.198278 -0.148523 0.383085 0.357984
ENSG00000257489.1 12 100593561 100593561 - 2 -234162 12_internal_8882 12 100827723 100830480 89 90.2342 0.999964 1.71215 0.452244 0.0852438 0.656716 0.639712
ENSG00000166153.12 12 100660857 100660857 - 2 -340798 12_internal_12961 12 101001655 101111643 89 80.7953 1.00002 1.68206 0.258805 0.11299 0.437811 0.427342
ENSG00000136021.13 12 100660918 100660918 + 2 166805 12_internal_8882 12 100827723 100830480 89 87.9918 0.999925 1.91152 0.475214 0.076959 0.696517 0.711132
ENSG00000120800.4 12 101673887 101673887 + 5 472495 12_internal_14266 12 102146382 102406192 89 82.7248 0.999917 4.78058 0.0853863 0.191764 0.373134 0.386982
ENSG00000120805.9 12 101801598 101801598 - 5 -62913 12_internal_10336 12 101864511 102110169 89 100.925 1.02791 6.02137 0.478134 0.082694 0.975124 0.971241
ENSG00000257543.1 12 101802838 101802838 - 5 -61673 12_internal_10336 12 101864511 102110169 89 85.7842 1.00005 4.05372 0.0994857 0.169589 0.343284 0.36459
ENSG00000111666.6 12 102090725 102090725 + 5 0 12_internal_10336 12 101864511 102110169 89 76.1367 1.00008 4.37095 2.32546e-13 0.656884 0.00497512 5.41597e-11
ENSG00000199933.1 12 102113586 102113586 + 4 -3417 12_internal_10336 12 101864511 102110169 89 103.341 1.00009 4.63605 4.74001e-07 0.484552 0.00497512 2.6201e-07
ENSG00000139351.10 12 102133250 102133250 - 4 23081 12_internal_10336 12 101864511 102110169 89 93.3109 1.00002 4.55234 5.2191e-09 0.5964 0.00497512 1.01194e-08
ENSG00000222255.1 12 102159287 102159287 - 4 -732652 12_internal_9872 12 102891939 102898028 89 80.8475 1.00005 3.99556 0.112074 0.170564 0.432836 0.426801
ENSG00000258230.2 12 102167533 102167533 - 4 0 12_internal_13470 12 102102735 102225820 89 84.8977 0.999929 3.48716 0.000336632 0.402936 0.00995025 0.00161456
ENSG00000201168.1 12 102173592 102173592 + 4 718347 12_internal_9872 12 102891939 102898028 89 89.9561 1.00003 4.22377 0.548208 -0.0601533 0.970149 0.964414
ENSG00000238940.1 12 102183593 102183593 + 4 0 12_internal_13470 12 102102735 102225820 89 103.81 1.00001 4.20825 0.00242132 0.307996 0.00497512 0.00440809
ENSG00000222932.1 12 102190280 102190280 - 4 0 12_internal_14266 12 102146382 102406192 89 83.3158 0.999991 3.80497 0.491356 -0.0742261 0.955224 0.931461
ENSG00000111670.9 12 102224716 102224716 - 4 0 12_internal_13470 12 102102735 102225820 89 89.7822 0.999997 4.26988 7.2724e-07 0.4881 0.00497512 2.77481e-06
ENSG00000136048.9 12 102271129 102271129 + 4 0 12_internal_14266 12 102146382 102406192 89 94.8406 1.00008 4.3953 0.380386 0.0863395 0.860697 0.864217
ENSG00000120860.6 12 102455927 102455927 - 4 -436012 12_internal_9872 12 102891939 102898028 89 90.2342 1.00002 3.89506 0.204588 0.132794 0.58209 0.583663
ENSG00000257222.1 12 102457133 102457133 + 4 434806 12_internal_9872 12 102891939 102898028 89 113.04 0.999942 4.49611 0.280195 -0.119831 0.681592 0.679012
ENSG00000075188.3 12 102513902 102513902 - 4 -378037 12_internal_9872 12 102891939 102898028 89 69.8789 1.0001 3.3182 0.149607 0.167197 0.522388 0.527041
ENSG00000185480.7 12 102513956 102513956 + 4 -107764 12_internal_14266 12 102146382 102406192 89 98.6996 0.999952 4.57394 0.328562 -0.10643 0.80597 0.808673
ENSG00000183395.4 12 102591623 102591623 - 4 185431 12_internal_14266 12 102146382 102406192 89 92.7895 0.999963 4.13813 0.0979571 -0.179384 0.333333 0.326362
ENSG00000257703.1 12 103572453 103572453 - 3 -618798 12_internal_11385 12 104191251 104236301 89 79.6828 1.00003 2.68144 0.279761 0.118651 0.641791 0.625353
ENSG00000179088.10 12 103889749 103889749 - 5 0 12_internal_9898 12 103793275 104093881 89 91.5379 0.999966 5.51809 0.00306797 0.301397 0.00995025 0.0146654
ENSG00000136011.10 12 103981051 103981051 + 6 0 12_internal_9898 12 103793275 104093881 89 90.2863 1.07138 6.47871 0.00746855 0.289878 0.0348259 0.0349853
ENSG00000257681.1 12 104162636 104162636 - 10 -963715 12_internal_8701 12 105126351 105147692 89 102.524 0.806918 7.27058 0.0118419 -0.258865 0.114428 0.0928391
ENSG00000111696.7 12 104234975 104234975 - 10 -891376 12_internal_8701 12 105126351 105147692 89 89.452 0.918492 7.50088 0.0417605 -0.237439 0.298507 0.308137
ENSG00000166598.8 12 104323885 104323885 + 10 663135 12_internal_9545 12 104987020 105091765 89 100.142 0.878436 8.99347 0.075042 0.176527 0.492537 0.480952
ENSG00000214198.3 12 104323989 104323989 - 10 -528435 12_internal_9446 12 104852424 104920526 89 91.8682 1.02043 9.54109 0.00429585 0.312009 0.0497512 0.032323
ENSG00000265072.1 12 104324203 104324203 + 10 662817 12_internal_9545 12 104987020 105091765 89 90.7383 0.928855 8.46455 0.0424156 0.214912 0.303483 0.328062
ENSG00000204954.5 12 104359486 104359486 - 10 -771344 12_internal_9871 12 105130830 105146164 89 106.07 0.888418 8.99457 0.135941 0.174112 0.656716 0.672074
ENSG00000139372.10 12 104359582 104359582 + 10 492842 12_internal_9446 12 104852424 104920526 89 98.1434 0.981383 10.4195 0.209375 -0.137878 0.880597 0.888204
ENSG00000120820.8 12 104457961 104457961 - 12 -394463 12_internal_9446 12 104852424 104920526 89 112.415 0.836126 11.8267 0.0330918 -0.216165 0.253731 0.249249
ENSG00000111727.7 12 104458235 104458235 + 12 546587 12_internal_9376 12 105004822 105010232 89 83.8199 1.02049 8.3888 0.0382056 -0.204622 0.328358 0.307102
ENSG00000120837.3 12 104532067 104532067 - 12 -81188 12_internal_13485 12 104613255 104701777 89 91.59 1.02133 11.3363 0.0905722 0.18065 0.641791 0.630348
ENSG00000198431.10 12 104609557 104609557 + 12 -373256 12_internal_11385 12 104191251 104236301 89 83.0029 1.11834 11.64 0.00766975 -0.288337 0.0746269 0.0816369
