ENSG00000149646.7 20 34556512 34556512 + 9 990826 20_internal_5746 20 35547338 35640210 89 93.3805 1.15149 11.6958 0.0217426 -0.245308 0.169154 0.146777
ENSG00000260032.1 20 34638882 34638882 - 9 -890366 20_internal_6588 20 35529248 35534203 89 89.7475 1.00959 9.7227 0.158083 0.156101 0.781095 0.805902
ENSG00000088367.15 20 34679426 34679426 + 9 -312838 20_internal_5544 20 34330610 34366588 89 98.8387 0.881248 9.85797 0.0291786 -0.246447 0.258706 0.242887
ENSG00000131043.7 20 34824381 34824381 + 10 891261 20_internal_5264 20 35715642 35721004 89 86.2014 1.10369 9.15921 0.0255697 -0.245108 0.174129 0.189873
ENSG00000080845.13 20 34894258 34894258 + 10 -527670 20_internal_5544 20 34330610 34366588 89 92.4244 1.07766 10.58 0.138453 0.153817 0.741294 0.749703
ENSG00000259729.1 20 35154533 35154533 - 14 -743113 20_internal_4872 20 35897646 35967069 89 78.6398 1.02838 11.7237 0.0581339 0.202023 0.59204 0.586904
ENSG00000101335.5 20 35169887 35169887 + 14 377451 20_internal_5746 20 35547338 35640210 89 87.8354 1.02167 13.849 0.0720696 -0.204868 0.636816 0.646249
ENSG00000232907.2 20 35201794 35201794 - 14 -345544 20_internal_5746 20 35547338 35640210 89 97.674 0.988416 16.9012 0.106322 0.168773 0.810945 0.802456
ENSG00000118707.4 20 35201891 35201891 + 14 -718030 20_internal_5245 20 34474318 34483861 89 84.5326 0.99143 12.2099 0.088984 0.191471 0.711443 0.717163
ENSG00000259399.1 20 35202956 35202956 + 14 58805 20_internal_5399 20 35261761 35271816 89 88.6697 0.948371 14.8994 0.000916263 -0.362298 0.0298507 0.017629
ENSG00000101084.12 20 35234137 35234137 + 14 27624 20_internal_5399 20 35261761 35271816 89 86.9488 1.06831 13.6723 0.0158609 -0.273623 0.20398 0.184616
ENSG00000227688.2 20 35248806 35248806 + 14 -667546 20_internal_6511 20 34564944 34581260 89 76.3105 1.10844 12.0235 0.0372842 -0.218194 0.452736 0.436688
ENSG00000101082.9 20 35274619 35274619 - 14 -254629 20_internal_6588 20 35529248 35534203 89 87.1227 0.987724 12.1868 0.0584798 -0.210282 0.522388 0.54259
ENSG00000101079.16 20 35374481 35374481 - 13 102665 20_internal_5399 20 35261761 35271816 89 92.268 1.001 12.8876 0.0110533 -0.284728 0.124378 0.117386
ENSG00000149636.10 20 35402230 35402230 - 13 130414 20_internal_5399 20 35261761 35271816 89 88.2352 0.998965 12.9048 0.0107093 -0.266328 0.154229 0.133956
ENSG00000149639.9 20 35492089 35492089 - 12 -451488 20_internal_4994 20 35943577 35966539 89 91.0686 0.941035 12.7373 0.0203346 0.216919 0.243781 0.240848
ENSG00000101342.4 20 35504534 35504534 + 12 24714 20_internal_6588 20 35529248 35534203 89 79.9262 0.964532 10.0728 0.019493 0.236036 0.283582 0.255398
ENSG00000101347.7 20 35580246 35580246 - 12 46043 20_internal_6588 20 35529248 35534203 89 93.9193 1.06202 13.8111 0.00127019 0.322208 0.00995025 0.00949949
ENSG00000231241.1 20 35650387 35650387 - 11 -247259 20_internal_4872 20 35897646 35967069 89 85.6799 1.01579 10.1205 0.0388809 0.207989 0.378109 0.349877
ENSG00000226144.2 20 35677657 35677657 + 11 -143454 20_internal_6588 20 35529248 35534203 89 85.3322 1.04894 11.4833 0.171589 -0.138263 0.880597 0.890407
ENSG00000269846.1 20 35724188 35724188 + 10 -189985 20_internal_6588 20 35529248 35534203 89 78.5008 1.10903 8.30627 0.102245 0.163906 0.646766 0.628198
ENSG00000080839.7 20 35724398 35724398 - 10 190195 20_internal_6588 20 35529248 35534203 89 82.8639 1.07589 10.219 0.0929715 0.185888 0.646766 0.649304
ENSG00000118705.12 20 35806813 35806813 + 12 973168 20_internal_4985 20 36779981 36827227 89 94.3539 1.03051 11.6865 0.241526 -0.132086 0.945274 0.948495
ENSG00000101353.10 20 35807991 35807991 - 12 167781 20_internal_5746 20 35547338 35640210 89 81.8904 1.03304 11.2208 0.0237549 0.214583 0.298507 0.276065
ENSG00000101363.8 20 35918041 35918041 + 14 932718 20_internal_6975 20 36850759 36937353 89 89.3998 1.00243 13.012 0.00725221 -0.261511 0.0845771 0.0882081
ENSG00000197122.7 20 35973088 35973088 + 14 877671 20_internal_6975 20 36850759 36937353 89 96.4051 1.05122 19.0063 0.0114996 -0.258518 0.149254 0.133616
ENSG00000235167.1 20 36137633 36137633 - 14 -604185 20_internal_7069 20 36741818 36840515 89 82.1512 1.00825 13.1854 0.0134645 -0.261435 0.208955 0.205604
ENSG00000053438.7 20 36149617 36149617 + 14 -182548 20_internal_4872 20 35897646 35967069 89 84.0807 1.00407 12.8177 0.220721 0.137369 0.960199 0.966934
ENSG00000166619.7 20 36156333 36156333 - 14 160280 20_internal_5729 20 35936156 35996053 89 81.7861 0.896214 11.0269 0.0345085 -0.242556 0.412935 0.433856
ENSG00000132792.14 20 36322408 36322408 + 13 -308428 20_internal_6208 20 35943163 36013980 89 84.5674 0.946947 10.9418 0.0611328 0.183482 0.547264 0.561769
ENSG00000199683.1 20 36603883 36603883 - 12 637344 20_internal_4994 20 35943577 35966539 89 86.0623 1.21711 12.58 0.0305873 0.225606 0.258706 0.257275
ENSG00000101407.8 20 36661870 36661870 - 11 -188889 20_internal_6975 20 36850759 36937353 89 101.029 0.952441 12.9695 0.200354 0.129791 0.930348 0.920743
ENSG00000101413.7 20 36661948 36661948 + 11 -694879 20_internal_4872 20 35897646 35967069 89 94.9797 0.998018 11.9183 0.264327 0.120245 0.965174 0.967062
ENSG00000252791.1 20 36681148 36681148 - 11 961593 20_internal_6132 20 35686981 35719555 89 79.3873 1.10055 10.0718 0.119518 0.151001 0.781095 0.755082
ENSG00000224635.1 20 37045444 37045444 - 5 -306016 20_internal_5868 20 37351460 37523035 89 90.043 1.00006 5.41675 0.0683216 0.197575 0.298507 0.311993
ENSG00000199452.1 20 37050421 37050421 - 5 -301039 20_internal_5868 20 37351460 37523035 89 73.0252 0.999941 3.99984 0.0242508 -0.221284 0.154229 0.155548
ENSG00000235408.1 20 37053978 37053978 - 5 -297482 20_internal_5868 20 37351460 37523035 89 98.1086 0.999982 4.68997 0.147296 -0.153101 0.452736 0.474063
ENSG00000201416.1 20 37053979 37053979 - 5 -297481 20_internal_5868 20 37351460 37523035 89 96.4746 1.00001 5.2377 0.139801 -0.155991 0.517413 0.500552
ENSG00000201599.1 20 37056085 37056085 - 5 220145 20_internal_5512 20 36819717 36835940 89 81.508 0.999929 4.55814 0.0749038 0.182371 0.338308 0.344151
ENSG00000225091.1 20 37056086 37056086 - 5 220146 20_internal_5512 20 36819717 36835940 89 109.877 0.954398 6.58886 0.0664962 0.186155 0.273632 0.262423
ENSG00000201512.1 20 37058446 37058446 - 5 231219 20_internal_4985 20 36779981 36827227 89 93.6238 1.02225 5.71886 0.305326 0.0950241 0.830846 0.857849
ENSG00000200354.1 20 37062641 37062641 - 5 125288 20_internal_6975 20 36850759 36937353 89 98.4736 1.00003 5.7313 0.0526126 0.194751 0.243781 0.21534
ENSG00000196756.6 20 37063996 37063996 - 5 228056 20_internal_5512 20 36819717 36835940 89 78.3965 0.999903 4.55223 0.0837444 -0.191026 0.38806 0.395623
ENSG00000174365.14 20 37075221 37075221 + 5 -234706 20_internal_7069 20 36741818 36840515 89 80.9518 0.999986 4.28989 0.151292 -0.138852 0.562189 0.553288
ENSG00000199266.1 20 37078013 37078013 + 5 -242073 20_internal_5512 20 36819717 36835940 89 87.8701 1.0001 5.02093 0.0386523 -0.196582 0.18408 0.184925
ENSG00000170471.10 20 37101459 37101459 + 5 -265519 20_internal_5512 20 36819717 36835940 89 94.6494 1.00001 4.89271 0.405403 -0.0880255 0.900498 0.911515
ENSG00000231307.1 20 37166401 37166401 + 5 -229048 20_internal_6975 20 36850759 36937353 89 96.5268 0.999935 5.36383 0.110453 -0.158258 0.41791 0.419389
ENSG00000101442.8 20 37377085 37377085 + 5 0 20_internal_5868 20 37351460 37523035 89 112.919 0.897278 6.26853 0.25653 -0.12358 0.776119 0.786883
ENSG00000199691.1 20 37390171 37390171 + 5 0 20_internal_5868 20 37351460 37523035 89 76.9537 0.999863 4.05428 0.047465 -0.203978 0.223881 0.239991
ENSG00000101445.4 20 37434348 37434348 + 5 0 20_internal_5868 20 37351460 37523035 89 87.227 0.999932 4.76605 0.000300226 0.405193 0.00497512 0.00164536
ENSG00000240474.2 20 37501413 37501413 + 5 -674186 20_internal_4985 20 36779981 36827227 89 93.8498 0.960949 5.86635 0.215851 0.118257 0.726368 0.749913
ENSG00000101447.9 20 37554955 37554955 + 5 -31920 20_internal_5868 20 37351460 37523035 89 80.3955 0.999921 4.4296 0.110774 -0.180708 0.447761 0.459626
ENSG00000101452.9 20 37590942 37590942 + 5 -67907 20_internal_5868 20 37351460 37523035 89 83.4549 1.00012 4.8172 0.0932959 -0.165754 0.422886 0.411376
ENSG00000223864.1 20 37607065 37607065 - 5 766550 20_internal_7069 20 36741818 36840515 89 99.1863 1.00006 5.02839 0.0202818 0.226368 0.0696517 0.0695904
ENSG00000198900.5 20 39657458 39657458 + 8 -84016 20_internal_7213 20 39325958 39573442 89 99.7947 0.962663 9.64464 0.0604837 0.202298 0.368159 0.387804
ENSG00000124181.8 20 39765600 39765600 + 8 -624799 20_internal_4702 20 38967364 39140801 89 77.3535 1.13326 7.52108 0.235965 -0.120742 0.860697 0.884611
ENSG00000226648.1 20 39766643 39766643 - 8 -414716 20_internal_5561 20 40181359 40223009 89 102.524 0.935276 9.70692 0.0178014 0.253463 0.109453 0.120086
ENSG00000242748.1 20 39825331 39825331 + 8 -253223 20_internal_6044 20 39320863 39572108 89 88.548 0.899152 6.08938 0.157401 -0.140875 0.676617 0.68996
ENSG00000174306.16 20 39946312 39946312 - 8 313238 20_internal_5117 20 39619132 39633074 89 79.5264 1.03207 7.03505 0.0593918 0.208326 0.41791 0.406525
ENSG00000132793.7 20 39969560 39969560 + 8 -336486 20_internal_5117 20 39619132 39633074 89 87.1574 0.942867 7.17247 0.0493017 -0.195789 0.343284 0.343493
ENSG00000183798.4 20 39995467 39995467 - 8 362393 20_internal_5117 20 39619132 39633074 89 82.5162 0.972032 6.5533 0.311728 -0.100886 0.920398 0.930912
ENSG00000235088.1 20 40090584 40090584 - 8 517142 20_internal_7213 20 39325958 39573442 89 92.3723 0.991457 8.49942 0.222475 -0.138689 0.880597 0.872338
ENSG00000232493.2 20 40176061 40176061 + 7 -856936 20_internal_6109 20 38906796 39319125 89 79.4047 1.04693 6.72174 0.0262025 -0.233446 0.164179 0.199361
ENSG00000124177.10 20 40247133 40247133 - 7 675025 20_internal_6044 20 39320863 39572108 89 91.7639 1.00057 6.38357 0.183833 -0.145707 0.711443 0.711726
ENSG00000124193.9 20 42086568 42086568 + 6 78649 20_internal_6727 20 42165217 42213419 89 89.0521 0.977054 5.3321 0.0421803 -0.229035 0.199005 0.214008
ENSG00000185513.9 20 42136320 42136320 + 6 -908324 20_internal_5026 20 41112040 41227996 89 78.6051 1.00002 5.04331 0.138647 0.162015 0.606965 0.595225
ENSG00000234271.1 20 42152212 42152212 - 6 924216 20_internal_5026 20 41112040 41227996 89 78.3965 1.0001 5.31922 0.298167 0.108047 0.880597 0.880258
ENSG00000226143.1 20 42179589 42179589 - 6 -891535 20_internal_5693 20 43071124 43084579 89 83.142 0.999907 5.06218 0.17704 0.138573 0.681592 0.66032
ENSG00000101049.10 20 42187608 42187608 + 6 883516 20_internal_5693 20 43071124 43084579 89 85.593 1.10175 6.56243 0.027399 -0.217417 0.154229 0.149953
ENSG00000101052.8 20 42219571 42219571 + 6 -6152 20_internal_6727 20 42165217 42213419 89 81.6645 0.999974 5.07701 0.0432905 0.205606 0.253731 0.24135
ENSG00000101057.11 20 42295754 42295754 + 7 257317 20_internal_5188 20 42553071 42594469 89 94.4234 0.969541 7.20629 0.0283167 -0.219162 0.174129 0.170641
ENSG00000124196.5 20 42355638 42355638 - 7 0 20_internal_6446 20 42349647 42382579 89 99.2906 1.00008 8.04868 0.00489673 0.30491 0.0248756 0.023496
ENSG00000124191.12 20 42543492 42543492 + 8 149796 20_internal_6049 20 42693288 42709979 89 77.7533 1.04174 6.7009 0.00198306 0.35247 0.0298507 0.0216157
ENSG00000132823.6 20 42839431 42839431 - 8 -231693 20_internal_5693 20 43071124 43084579 89 103.845 0.92948 10.298 0.176257 -0.140706 0.825871 0.817784
ENSG00000223891.1 20 42839600 42839600 + 8 385838 20_internal_5404 20 43225438 43231211 89 105.114 0.836679 8.57063 0.0745601 -0.199347 0.437811 0.452739
ENSG00000124194.11 20 42875887 42875887 + 8 195237 20_internal_5693 20 43071124 43084579 89 79.9957 1.17606 7.94984 0.134923 -0.135479 0.686567 0.682745
ENSG00000197296.5 20 42939809 42939809 - 8 -285629 20_internal_5404 20 43225438 43231211 89 87.9223 1.024 7.78839 0.00620022 0.293469 0.0547264 0.0458432
ENSG00000226243.1 20 43095482 43095482 - 9 -416671 20_internal_5473 20 43512153 43591600 89 87.5225 0.985786 7.82527 0.141681 0.1496 0.706468 0.711727
ENSG00000124120.6 20 43104526 43104526 + 9 120912 20_internal_5404 20 43225438 43231211 89 92.042 0.966482 9.50259 0.0493637 0.181562 0.383085 0.374285
ENSG00000132824.9 20 43150750 43150750 - 9 -74688 20_internal_5404 20 43225438 43231211 89 79.6654 1.10605 8.07947 0.00916835 0.28163 0.0696517 0.0800659
ENSG00000168734.9 20 43160426 43160426 + 9 65012 20_internal_5404 20 43225438 43231211 89 79.1787 1.09927 8.35525 0.000535272 0.340844 0.00497512 0.00550416
ENSG00000196839.8 20 43280874 43280874 - 8 -11533 20_internal_5625 20 43292407 43302005 89 76.6061 1.11437 6.47205 0.0107004 0.265787 0.0646766 0.0825622
ENSG00000132832.5 20 43324737 43324737 - 8 22732 20_internal_5625 20 43292407 43302005 89 83.5418 1.12005 7.52152 0.00288194 0.312649 0.00995025 0.0180488
ENSG00000064205.6 20 43343485 43343485 + 8 -41480 20_internal_5625 20 43292407 43302005 89 89.9734 1.04627 8.12803 0.0581233 0.180631 0.402985 0.356808
ENSG00000166913.8 20 43514317 43514317 + 8 457736 20_internal_5029 20 43972053 43977510 89 81.3689 0.979901 7.28845 0.177417 -0.147366 0.78607 0.803994
ENSG00000101104.8 20 43538703 43538703 + 9 433350 20_internal_5029 20 43972053 43977510 89 78.8311 1.09216 7.35798 0.0680123 0.183477 0.462687 0.442329
ENSG00000025772.7 20 43589127 43589127 - 9 0 20_internal_5473 20 43512153 43591600 89 93.7107 0.958783 8.92566 0.033293 0.229691 0.243781 0.247958
ENSG00000101109.7 20 43595115 43595115 + 8 376938 20_internal_5029 20 43972053 43977510 89 88.3916 0.983752 6.87557 0.163108 0.150072 0.721393 0.715265
ENSG00000252021.1 20 43632989 43632989 + 8 339064 20_internal_5029 20 43972053 43977510 89 89.8865 1.00473 9.14507 0.272412 0.115775 0.935323 0.943305
ENSG00000124134.4 20 43729753 43729753 - 7 -242300 20_internal_5029 20 43972053 43977510 89 96.5789 0.898959 6.95444 0.0683011 0.210438 0.383085 0.386393
ENSG00000124145.5 20 43977064 43977064 - 9 385464 20_internal_5473 20 43512153 43591600 89 88.409 0.951731 8.47342 0.0562369 0.217455 0.412935 0.415427
ENSG00000204070.5 20 43990577 43990577 + 9 -905998 20_internal_5693 20 43071124 43084579 89 97.5523 0.972893 10.5565 0.352551 -0.106273 0.99005 0.986263
ENSG00000254806.1 20 43991840 43991840 + 9 -14330 20_internal_5029 20 43972053 43977510 89 82.7596 1.00454 7.42437 0.112513 -0.177605 0.631841 0.630257
ENSG00000232880.1 20 44017345 44017345 - 9 786134 20_internal_5404 20 43225438 43231211 89 94.9797 0.887051 9.0001 0.00145001 -0.350342 0.0298507 0.0158666
ENSG00000244274.3 20 44034697 44034697 + 9 -443097 20_internal_5473 20 43512153 43591600 89 91.2076 1.03047 9.23192 0.035405 -0.212715 0.283582 0.254762
ENSG00000124251.6 20 44036529 44036529 - 9 -790914 20_internal_4989 20 44827443 44830196 89 89.3998 1.05649 7.7721 0.11954 -0.178845 0.587065 0.602292
ENSG00000124155.11 20 44044707 44044707 + 9 -960128 20_internal_5693 20 43071124 43084579 89 87.2443 1.01523 8.56918 0.117676 -0.167604 0.651741 0.664175
ENSG00000269549.1 20 44074071 44074071 + 9 662548 20_internal_5269 20 44736619 44750824 89 101.046 0.815288 8.84226 0.126514 -0.157962 0.651741 0.697214
ENSG00000234011.2 20 44076042 44076042 + 9 382751 20_internal_7440 20 44458793 44600420 89 99.5514 0.953849 11.4119 0.126437 0.165332 0.711443 0.737582
ENSG00000235508.2 20 44270009 44270009 - 8 -466610 20_internal_5269 20 44736619 44750824 89 91.816 0.900042 8.09704 0.0258209 -0.232328 0.243781 0.21527
ENSG00000101457.8 20 44420576 44420576 + 7 38217 20_internal_7440 20 44458793 44600420 89 96.5441 0.983511 8.40108 0.244028 0.128986 0.870647 0.885381
ENSG00000175063.12 20 44441215 44441215 + 7 -463705 20_internal_5029 20 43972053 43977510 89 92.5982 1.03178 7.41808 0.232105 0.127206 0.830846 0.83869
ENSG00000101470.5 20 44462384 44462384 - 7 -274235 20_internal_5269 20 44736619 44750824 89 94.3191 0.94051 7.15403 0.228034 0.111652 0.835821 0.837067
ENSG00000124104.14 20 44462449 44462449 + 7 -870849 20_internal_5473 20 43512153 43591600 89 84.8455 1.17071 7.58297 0.0186833 0.256642 0.0945274 0.104469
ENSG00000101473.12 20 44486045 44486045 - 7 894445 20_internal_5473 20 43512153 43591600 89 83.1768 1.13469 7.45398 0.0889543 0.187442 0.532338 0.485949
ENSG00000132801.5 20 44486256 44486256 + 7 51501 20_internal_6162 20 44537757 44549784 89 96.9961 0.930181 6.88899 0.114099 -0.164092 0.527363 0.544652
ENSG00000168612.4 20 44509866 44509866 + 7 226753 20_internal_5269 20 44736619 44750824 89 91.5379 0.981194 6.84606 0.0869766 0.182853 0.467662 0.454546
ENSG00000149634.4 20 44516274 44516274 - 7 0 20_internal_7440 20 44458793 44600420 89 95.084 0.907949 7.08936 0.028158 0.240619 0.179104 0.18759
ENSG00000064601.11 20 44519591 44519591 + 7 -542081 20_internal_5029 20 43972053 43977510 89 90.6514 0.997067 6.91324 0.132994 0.160773 0.61194 0.617647
ENSG00000124257.6 20 44519926 44519926 - 7 -17831 20_internal_6162 20 44537757 44549784 89 82.4641 1.0553 6.6716 0.227244 0.121002 0.855721 0.834491
ENSG00000100979.10 20 44540794 44540794 - 7 949194 20_internal_5473 20 43512153 43591600 89 91.7812 1.01222 7.22193 0.295249 0.106623 0.920398 0.912072
ENSG00000100982.7 20 44563267 44563267 + 7 -971667 20_internal_5473 20 43512153 43591600 89 92.3896 1.00682 7.65378 0.0596362 0.207541 0.383085 0.348054
ENSG00000198026.6 20 44600833 44600833 - 6 413 20_internal_7440 20 44458793 44600420 89 87.1227 0.92848 5.66334 0.0510927 0.220871 0.283582 0.300139
ENSG00000124140.7 20 44650329 44650329 + 6 86290 20_internal_5269 20 44736619 44750824 89 83.142 1.0159 5.58329 0.125413 0.17461 0.552239 0.558518
ENSG00000124160.7 20 44718591 44718591 - 7 -934353 20_internal_6128 20 45652944 45776899 89 84.1328 1.00954 5.95919 0.299971 -0.102618 0.880597 0.892282
ENSG00000213820.3 20 44728157 44728157 + 7 -750647 20_internal_5029 20 43972053 43977510 89 92.3549 0.997083 6.8613 0.313988 -0.0996074 0.900498 0.918002
ENSG00000101017.9 20 44746911 44746911 + 7 0 20_internal_5269 20 44736619 44750824 89 86.1492 1.01652 7.50733 0.000198286 0.371189 0.00497512 0.00169043
ENSG00000080189.10 20 44993043 44993043 - 7 443259 20_internal_6162 20 44537757 44549784 89 96.0227 1.00035 8.21972 0.110871 -0.166408 0.567164 0.570131
ENSG00000062598.13 20 45061704 45061704 - 8 -690675 20_internal_4983 20 45752379 45773635 89 81.6992 1.01898 7.6185 0.107538 -0.168429 0.656716 0.624939
ENSG00000198185.7 20 45142198 45142198 - 8 -510746 20_internal_6128 20 45652944 45776899 89 83.5766 1.01277 7.25478 0.0190374 0.247533 0.18408 0.151656
ENSG00000158296.9 20 45304714 45304714 - 9 754930 20_internal_6162 20 44537757 44549784 89 113.388 0.898094 11.5697 0.164727 -0.147226 0.80597 0.793879
ENSG00000172315.5 20 45318418 45318418 - 9 717998 20_internal_7440 20 44458793 44600420 89 89.226 1.05144 10.7177 0.15395 0.166809 0.820896 0.81939
ENSG00000267882.1 20 45947246 45947246 + 8 -764871 20_internal_5109 20 45172459 45182375 89 105.688 0.862374 8.72782 0.0490366 -0.185254 0.273632 0.310238
ENSG00000231119.2 20 45981305 45981305 + 8 -798930 20_internal_5109 20 45172459 45182375 89 89.1391 1.06199 8.19867 0.0600442 0.212553 0.412935 0.368568
ENSG00000101040.15 20 45985567 45985567 - 8 208668 20_internal_6128 20 45652944 45776899 89 84.3414 1.01896 7.42784 0.235982 0.124143 0.880597 0.876955
ENSG00000124151.13 20 46130601 46130601 + 8 223582 20_internal_5099 20 46354183 46415768 89 105.479 0.972703 10.5207 0.124814 -0.157868 0.641791 0.659513
ENSG00000229853.1 20 46260182 46260182 - 9 166092 20_internal_5872 20 46040718 46094090 89 101.098 0.940543 9.60549 0.00156643 0.316573 0.0248756 0.00981268
ENSG00000255438.2 20 46306645 46306645 + 10 -212555 20_internal_5872 20 46040718 46094090 89 82.5684 0.988482 9.27016 0.0471635 0.186248 0.427861 0.419139
ENSG00000196562.10 20 46415360 46415360 - 12 -903293 20_internal_4619 20 47318653 47443195 89 89.2955 1.01923 9.68576 0.00348698 -0.259983 0.0298507 0.0304562
ENSG00000124126.9 20 47444420 47444420 - 17 1225 20_internal_4619 20 47318653 47443195 89 97.6566 1.0111 16.1265 2.1622e-21 0.810806 0.00497512 2.3362e-22
ENSG00000124198.8 20 47538427 47538427 + 18 -901855 20_internal_5336 20 46600995 46636572 89 96.2834 0.897127 16.101 0.00847804 0.280892 0.114428 0.125158
ENSG00000124207.12 20 47662849 47662849 + 20 589294 20_internal_5332 20 48252143 48436248 89 86.4795 1.00527 16.7827 0.0762488 0.189442 0.736318 0.754014
ENSG00000226284.1 20 47751017 47751017 + 20 -228838 20_internal_5184 20 47499123 47522179 89 90.6861 1.02639 19.9855 0.0456759 0.22024 0.59204 0.578564
ENSG00000124214.15 20 47804904 47804904 - 23 -122278 20_internal_4894 20 47927182 47943231 89 102.437 0.932832 25.9822 0.110984 -0.164927 0.915423 0.91696
ENSG00000124228.10 20 47835884 47835884 + 24 -313705 20_internal_5184 20 47499123 47522179 89 88.8957 0.88675 19.3363 0.0376023 0.223606 0.557214 0.578771
ENSG00000177410.8 20 47894715 47894715 + 25 703538 20_internal_5430 20 48598253 48607449 89 91.0686 0.955674 19.5517 0.01701 0.247864 0.293532 0.28722
ENSG00000124201.10 20 47894963 47894963 - 25 -969088 20_internal_5707 20 48864051 48870016 89 96.1096 0.964702 26.4223 0.115215 0.180124 0.945274 0.944775
ENSG00000209042.1 20 47895477 47895477 + 25 939735 20_internal_7274 20 48835212 49075581 89 76.8146 0.971073 15.1781 0.00502452 -0.300248 0.139303 0.139991
ENSG00000222365.1 20 47896856 47896856 + 25 -417436 20_internal_5496 20 47444873 47479420 89 84.4979 1.03097 20.6467 0.0930465 0.182466 0.880597 0.885344
ENSG00000212304.1 20 47897220 47897220 + 25 313501 20_internal_4651 20 48210721 48213144 89 92.0072 0.947752 25.8807 0.0507676 -0.214503 0.746269 0.731525
ENSG00000158470.5 20 48330415 48330415 - 27 850995 20_internal_5496 20 47444873 47479420 89 89.9213 1.02736 22.9194 0.000877521 0.326202 0.0199005 0.0166146
ENSG00000197818.7 20 48429250 48429250 + 26 -486019 20_internal_4894 20 47927182 47943231 89 108.556 0.831788 30.0233 0.065932 0.188084 0.761194 0.785029
ENSG00000237788.1 20 48445662 48445662 + 25 38704 20_internal_5854 20 48484366 48534469 89 93.815 0.869374 23.6238 0.0113042 -0.250079 0.253731 0.254797
ENSG00000158480.6 20 48532080 48532080 - 22 95832 20_internal_5332 20 48252143 48436248 89 76.7799 1.07864 18.6039 0.0291295 0.2156 0.517413 0.521421
ENSG00000124226.7 20 48552948 48552948 + 21 -308479 20_internal_5949 20 48236470 48244469 89 99.899 0.924243 23.2008 0.00947482 0.269424 0.174129 0.155402
ENSG00000239157.1 20 48556937 48556937 - 21 -437851 20_internal_5223 20 48994788 49009412 89 99.082 0.955389 28.4874 0.136871 0.154333 0.965174 0.973137
ENSG00000229222.1 20 48573282 48573282 + 21 476792 20_internal_5416 20 49050074 49070667 89 90.4949 0.981906 19.1474 0.0469936 -0.216807 0.562189 0.595379
ENSG00000124216.3 20 48599536 48599536 + 21 -163288 20_internal_5332 20 48252143 48436248 89 87.8875 1.03019 19.9953 0.00380863 -0.306087 0.0746269 0.0710729
ENSG00000244687.7 20 48732496 48732496 - 21 816489 20_internal_5827 20 47895153 47916007 89 88.1482 1.02877 18.5358 0.072537 0.165737 0.766169 0.749702
ENSG00000124208.16 20 48770174 48770174 - 21 854167 20_internal_5827 20 47895153 47916007 89 81.6992 0.940653 17.284 0.02605 0.218291 0.472637 0.469591
ENSG00000240849.6 20 48770335 48770335 - 21 -32191 20_internal_5790 20 48802526 49077946 89 82.2555 0.967857 14.2859 0.0558029 -0.188852 0.646766 0.636774
ENSG00000172216.4 20 48807376 48807376 + 21 -140524 20_internal_6661 20 48609654 48666852 89 92.2332 0.909783 21.3519 0.0237315 0.225723 0.412935 0.413705
ENSG00000196396.5 20 49126891 49126891 + 21 -256875 20_internal_5707 20 48864051 48870016 89 85.5234 0.979053 17.4614 0.11014 -0.173037 0.900498 0.890821
ENSG00000239742.2 20 49174535 49174535 - 21 640066 20_internal_5854 20 48484366 48534469 89 102.437 0.986434 27.3968 0.00461659 -0.281071 0.0746269 0.0655628
ENSG00000201501.1 20 49179546 49179546 + 21 -108879 20_internal_5416 20 49050074 49070667 89 92.9807 0.941329 19.0649 0.038631 -0.230439 0.497512 0.516468
ENSG00000232043.1 20 49194578 49194578 - 21 981434 20_internal_4651 20 48210721 48213144 89 84.6021 1.06549 19.3153 0.015256 -0.269689 0.253731 0.267534
ENSG00000208018.1 20 49202323 49202323 + 21 -737822 20_internal_7441 20 48263993 48464501 89 87.592 1.01388 20.3787 0.00239913 0.324446 0.0696517 0.0493072
ENSG00000042062.7 20 49308065 49308065 - 20 187858 20_internal_4827 20 49113590 49120207 89 85.002 1.07118 18.3751 0.0521901 0.207651 0.631841 0.636603
ENSG00000124171.4 20 49348081 49348081 + 20 -911833 20_internal_5332 20 48252143 48436248 89 95.7445 1.0055 24.5855 0.099454 -0.159567 0.865672 0.893551
ENSG00000124243.12 20 49411431 49411431 + 19 799153 20_internal_5524 20 50210584 50418722 89 95.2404 0.962674 20.3257 0.00580521 -0.289507 0.0945274 0.0935567
ENSG00000230043.1 20 49457286 49457286 - 18 535558 20_internal_6791 20 48797578 48921728 89 95.7619 0.997179 21.4356 0.0105172 -0.29874 0.159204 0.158202
ENSG00000228663.1 20 49530268 49530268 + 17 485835 20_internal_7492 20 50016103 50160149 89 97.5523 0.957719 19.9648 0.0402906 -0.215722 0.507463 0.495423
ENSG00000259456.1 20 49547521 49547521 + 16 -471940 20_internal_7274 20 48835212 49075581 89 85.3148 1.08108 14.7137 0.0653226 0.176013 0.636816 0.630227
ENSG00000101126.9 20 49547958 49547958 - 16 -468145 20_internal_7492 20 50016103 50160149 89 79.1787 0.985047 11.7263 0.0255687 -0.234589 0.363184 0.350742
ENSG00000000419.8 20 49575092 49575092 - 16 565680 20_internal_5223 20 48994788 49009412 89 80.4129 1.02291 11.2169 0.0716909 0.195623 0.641791 0.630315
ENSG00000124217.3 20 49575363 49575363 + 16 -479093 20_internal_6171 20 49084606 49096270 89 90.4254 1.07523 17.1175 0.0120914 0.249571 0.164179 0.152477
ENSG00000101096.14 20 50179168 50179168 - 6 -540429 20_internal_4871 20 50719597 50745040 89 88.2525 0.999894 5.83361 0.187108 -0.137672 0.701493 0.705375
ENSG00000054793.9 20 50385173 50385173 - 6 -334424 20_internal_4871 20 50719597 50745040 89 100.959 0.987394 6.46129 0.104411 0.18132 0.452736 0.437109
ENSG00000233347.1 20 50727588 50727588 - 6 567439 20_internal_7492 20 50016103 50160149 89 90.5123 1.04861 6.59408 0.227951 0.132319 0.835821 0.799474
ENSG00000020256.15 20 50820847 50820847 - 6 897138 20_internal_6023 20 49836559 49923709 89 85.5756 1.00011 5.60239 0.323733 0.0995669 0.890547 0.896782
ENSG00000234948.1 20 50827184 50827184 + 6 0 20_internal_5442 20 50807184 51016600 89 90.2168 1.06579 6.01918 0.199296 0.134409 0.716418 0.709531
ENSG00000182463.8 20 51588946 51588946 + 10 -287606 20_internal_5777 20 50921927 51301340 89 97.083 0.911477 11.6426 3.2697e-12 0.647253 0.00497512 4.19805e-11
ENSG00000252629.1 20 51679156 51679156 + 10 658045 20_internal_5006 20 52337201 52344759 89 97.7436 1.04386 12.9509 0.00975031 0.262404 0.0845771 0.0740339
ENSG00000199218.1 20 51714191 51714191 + 10 -412851 20_internal_5777 20 50921927 51301340 89 85.7842 1.07296 9.65486 0.00323513 0.30242 0.0298507 0.0278989
ENSG00000223492.1 20 51796089 51796089 - 10 494749 20_internal_5777 20 50921927 51301340 89 92.2854 1.05804 10.6095 0.00208069 0.304777 0.0149254 0.0140025
ENSG00000227705.1 20 51825244 51825244 - 10 523904 20_internal_5777 20 50921927 51301340 89 98.5258 0.976339 9.45513 0.000565773 0.344315 0.0149254 0.00312594
ENSG00000231703.2 20 52029448 52029448 - 9 728108 20_internal_5777 20 50921927 51301340 89 92.5809 0.864754 7.15587 1.19942e-07 0.509944 0.00497512 3.57215e-06
ENSG00000224530.1 20 52037738 52037738 + 9 412213 20_internal_5612 20 52449951 52511365 89 78.7441 1.06699 8.51474 0.045046 0.212567 0.393035 0.375993
ENSG00000227164.2 20 52105495 52105495 + 9 -804155 20_internal_5777 20 50921927 51301340 89 87.6441 0.974521 7.92296 2.00794e-08 0.557636 0.00497512 3.04732e-07
ENSG00000259723.1 20 52120853 52120853 - 9 -329098 20_internal_5612 20 52449951 52511365 89 86.6186 0.959811 7.95473 0.0147245 0.262759 0.119403 0.133774
ENSG00000197670.5 20 52169309 52169309 + 9 19036 20_internal_5113 20 52188345 52559058 89 79.3004 0.952717 6.01611 0.00846971 0.30451 0.104478 0.0866917
ENSG00000235415.1 20 52224893 52224893 + 9 10657 20_internal_5044 20 52235550 52281191 89 70.7828 1.18575 6.98124 0.0669179 0.205431 0.467662 0.449669
ENSG00000171940.9 20 52226446 52226446 - 9 -9104 20_internal_5044 20 52235550 52281191 89 86.8271 1.05782 9.63595 0.00310839 0.312224 0.0248756 0.0266682
ENSG00000064787.8 20 52687304 52687304 - 8 128246 20_internal_5113 20 52188345 52559058 89 92.8242 0.937654 7.75189 0.209948 0.138178 0.845771 0.838779
ENSG00000101132.5 20 52824386 52824386 + 8 -265328 20_internal_5113 20 52188345 52559058 89 88.3742 1.01007 6.89672 0.053966 0.210495 0.328358 0.317621
ENSG00000185834.9 20 53691155 53691155 + 1 -940649 20_internal_7271 20 52728710 52750506 89 94.6146 0.999988 1.11972 0.234403 0.126842 0.248756 0.242985
ENSG00000124098.9 20 54933971 54933971 + 2 43443 20_internal_5297 20 54977414 54982842 89 92.6678 1.00007 2.08386 0.356625 0.100201 0.577114 0.588333
ENSG00000087586.13 20 54967393 54967393 - 3 -10021 20_internal_5297 20 54977414 54982842 89 92.3201 0.999926 3.31498 0.231692 0.12818 0.547264 0.567017
ENSG00000101138.7 20 54967427 54967427 + 3 7003 20_internal_7281 20 54974430 55064236 89 89.8518 1.0001 2.88252 0.572518 -0.0621987 0.915423 0.912591
ENSG00000087589.12 20 54987168 54987168 + 3 0 20_internal_7281 20 54974430 55064236 89 98.126 0.999987 3.17435 0.042175 0.209259 0.119403 0.10059
ENSG00000228601.1 20 55034639 55034639 - 5 51797 20_internal_5297 20 54977414 54982842 89 80.6736 0.999986 4.63871 0.0731058 -0.172777 0.358209 0.347895
ENSG00000212084.2 20 55035413 55035413 - 5 -988670 20_internal_5072 20 56024083 56040863 89 100.629 0.897346 5.53189 0.518882 -0.0657495 0.985075 0.98069
ENSG00000022277.8 20 55043647 55043647 + 5 980436 20_internal_5072 20 56024083 56040863 89 109.164 1.00003 5.82467 0.0980819 0.166115 0.378109 0.331477
ENSG00000238294.1 20 55050699 55050699 + 5 973384 20_internal_5072 20 56024083 56040863 89 92.7199 0.973306 6.24106 0.321563 -0.105313 0.910448 0.906773
ENSG00000124103.8 20 55092243 55092243 + 5 -109401 20_internal_5297 20 54977414 54982842 89 89.9213 0.999974 4.906 0.204376 0.137111 0.681592 0.669541
ENSG00000179467.1 20 55097413 55097413 + 5 926670 20_internal_5072 20 56024083 56040863 89 72.1387 0.999975 4.53399 0.0930613 -0.176437 0.452736 0.470325
ENSG00000124091.5 20 55100981 55100981 - 5 -930971 20_internal_6351 20 56031952 56158597 89 93.7977 0.999991 4.66529 0.259715 -0.119463 0.716418 0.734108
ENSG00000213714.1 20 55108302 55108302 + 5 -44066 20_internal_7281 20 54974430 55064236 89 78.4486 0.999906 4.65545 0.0983874 0.181948 0.437811 0.451118
ENSG00000214541.3 20 55176757 55176757 + 5 -193915 20_internal_5297 20 54977414 54982842 89 92.9285 1.00008 5.00884 0.000829225 -0.370883 0.00497512 0.00317469
ENSG00000101146.8 20 55926066 55926066 + 7 -861830 20_internal_7281 20 54974430 55064236 89 84.2371 1.06843 6.53605 0.13046 -0.158538 0.60199 0.602883
ENSG00000228995.1 20 55933425 55933425 - 7 -98527 20_internal_6351 20 56031952 56158597 89 105.705 1.02907 8.70653 0.114506 -0.169898 0.527363 0.526742
ENSG00000256222.1 20 55934878 55934878 - 7 -348756 20_internal_5145 20 56283634 56325111 89 89.7475 1.03221 7.32762 0.348465 -0.0938058 0.965174 0.95313
ENSG00000132819.12 20 55966463 55966463 + 7 317171 20_internal_5145 20 56283634 56325111 89 97.5523 1.0349 8.35186 0.0542098 0.227333 0.303483 0.296537
ENSG00000218018.2 20 55968118 55968118 - 7 0 20_internal_5935 20 55954302 55981722 89 100.038 0.966747 8.77357 0.0853068 0.194461 0.467662 0.476869
ENSG00000124097.7 20 56064083 56064083 - 6 0 20_internal_6351 20 56031952 56158597 89 85.4018 1.00003 5.38082 0.019816 -0.237817 0.0945274 0.1152
ENSG00000227297.1 20 56176256 56176256 - 5 135393 20_internal_5072 20 56024083 56040863 89 93.224 0.999953 5.13414 0.182565 0.145977 0.636816 0.621653
ENSG00000124256.10 20 56195632 56195632 - 5 -375598 20_internal_5067 20 56571230 56576035 89 94.0758 0.999986 5.45427 0.190207 0.138528 0.61194 0.656644
ENSG00000124225.11 20 56286592 56286592 - 5 127995 20_internal_6351 20 56031952 56158597 89 82.6205 1.0001 4.8649 0.506453 -0.0684363 0.965174 0.972477
ENSG00000124224.11 20 56884495 56884495 - 11 -835026 20_internal_6021 20 57719521 57754527 89 83.4549 0.863694 7.90012 0.109002 -0.167224 0.666667 0.69378
ENSG00000124209.3 20 56884752 56884752 + 11 -559641 20_internal_5145 20 56283634 56325111 89 83.7852 1.11423 10.5429 0.0897298 0.178973 0.641791 0.625185
ENSG00000124164.11 20 56964178 56964178 + 11 -388143 20_internal_5067 20 56571230 56576035 89 93.8672 0.991017 10.9806 0.127728 0.165417 0.751244 0.750185
ENSG00000198768.6 20 57090187 57090187 - 9 -372963 20_internal_4689 20 57463150 57484140 89 83.0898 1.00968 7.52463 0.0622224 -0.185942 0.412935 0.423896
ENSG00000124222.15 20 57226328 57226328 + 8 -650293 20_internal_5067 20 56571230 56576035 89 96.2486 0.900296 8.2034 0.130784 0.150268 0.666667 0.677232
ENSG00000254995.4 20 57226490 57226490 + 8 236660 20_internal_4689 20 57463150 57484140 89 92.0768 0.98552 8.10607 0.0304627 0.222468 0.223881 0.209424
ENSG00000215440.7 20 57264187 57264187 + 8 -939076 20_internal_5145 20 56283634 56325111 89 91.3467 1.00117 7.48393 0.205036 0.142459 0.80597 0.809908
ENSG00000254419.1 20 57285851 57285851 + 8 227084 20_internal_5525 20 57512935 57560944 89 87.9918 1.11672 9.62044 0.0336629 -0.220305 0.20398 0.239682
ENSG00000087460.17 20 57414773 57414773 + 8 48377 20_internal_4689 20 57463150 57484140 89 80.7258 1.1435 7.18665 0.00128881 0.333958 0.00497512 0.00810693
ENSG00000235590.3 20 57425958 57425958 - 8 -866844 20_internal_4824 20 58292802 58363476 89 79.1092 1.057 7.03047 0.0721573 0.172847 0.497512 0.459289
ENSG00000225806.2 20 57463864 57463864 - 8 -189087 20_internal_5224 20 57652951 57758590 89 79.0396 1.00895 6.28944 0.190122 0.144622 0.766169 0.78291
ENSG00000101158.7 20 57556296 57556296 + 9 0 20_internal_5525 20 57512935 57560944 89 75.6326 1.00534 6.78267 0.0820618 0.198614 0.557214 0.54091
ENSG00000101160.9 20 57582302 57582302 - 9 98162 20_internal_4689 20 57463150 57484140 89 84.8803 1.14994 8.46391 0.117543 0.163509 0.641791 0.624831
ENSG00000101162.3 20 57594309 57594309 + 9 58642 20_internal_5224 20 57652951 57758590 89 88.9826 0.939787 8.2971 0.0534873 0.208906 0.373134 0.395361
ENSG00000124172.5 20 57607437 57607437 - 10 -112084 20_internal_6021 20 57719521 57754527 89 82.2207 0.947731 9.60157 0.114696 0.1797 0.756219 0.753787
ENSG00000101166.11 20 57617964 57617964 - 10 -34987 20_internal_5224 20 57652951 57758590 89 78.3791 1.05775 8.48821 0.203605 0.140412 0.910448 0.884945
ENSG00000124203.5 20 57766075 57766075 + 12 0 20_internal_5832 20 57643766 58004941 89 84.776 1.05824 11.2064 0.00291698 0.32738 0.0298507 0.0328225
ENSG00000124205.11 20 57875482 57875482 + 14 -120955 20_internal_6021 20 57719521 57754527 89 87.957 0.881243 11.0525 0.0781171 -0.172822 0.646766 0.653421
ENSG00000196074.7 20 58508710 58508710 - 12 -96779 20_internal_5433 20 58605489 58637727 89 88.548 0.962597 10.3188 0.00544393 0.305704 0.0696517 0.0631475
ENSG00000196227.6 20 58508819 58508819 + 12 20982 20_internal_6649 20 58529801 58587499 89 77.9793 1.11192 9.55863 0.00349067 0.305678 0.0298507 0.0407022
ENSG00000132825.5 20 58515352 58515352 - 12 510411 20_internal_5832 20 57643766 58004941 89 90.2516 0.988376 11.6148 0.0522035 0.21864 0.452736 0.458233
ENSG00000124215.12 20 58533471 58533471 + 12 -972527 20_internal_5525 20 57512935 57560944 89 91.3641 0.997776 11.7267 0.0847717 -0.186255 0.621891 0.628236
ENSG00000176659.5 20 58630980 58630980 + 11 -626039 20_internal_5832 20 57643766 58004941 89 83.4896 0.924754 8.66599 0.126888 -0.154197 0.741294 0.753377
ENSG00000228340.1 20 58662895 58662895 + 11 56910 20_internal_4899 20 58719805 58737972 89 84.6021 0.981709 8.7814 2.79715e-05 0.410323 0.00497512 0.000451716
ENSG00000179242.10 20 59827559 59827559 + 4 0 20_internal_7403 20 58872809 60295477 89 74.6418 0.999901 3.27223 0.0096391 0.288702 0.0646766 0.0571684
ENSG00000179253.3 20 60294804 60294804 - 8 0 20_internal_7403 20 58872809 60295477 89 96.8396 0.959328 8.22619 1.21893e-09 0.595728 0.00497512 4.30905e-09
ENSG00000130699.11 20 60640866 60640866 - 13 345389 20_internal_7403 20 58872809 60295477 89 78.4486 1.03184 10.4687 0.187424 -0.128313 0.920398 0.917478
ENSG00000149657.15 20 60697517 60697517 + 13 892479 20_internal_5469 20 61589996 61596423 89 82.0295 0.988617 10.7789 0.0248377 0.244208 0.313433 0.295016
ENSG00000101182.10 20 60718496 60718496 - 13 -699818 20_internal_5485 20 61418314 61429898 89 78.8658 1.0685 10.2995 0.0108621 -0.278412 0.139303 0.135717
ENSG00000184402.10 20 60718822 60718822 + 13 428555 20_internal_6094 20 61147377 61159067 89 85.8016 0.987156 11.7493 0.0840153 0.190399 0.671642 0.674098
ENSG00000101181.13 20 60758085 60758085 + 13 514214 20_internal_5122 20 61272299 61492968 89 83.0203 1.02908 11.9185 0.00173466 0.318326 0.0149254 0.0261231
ENSG00000130703.11 20 60813580 60813580 + 13 776416 20_internal_5469 20 61589996 61596423 89 91.3119 0.896229 10.8149 0.0022429 0.314451 0.0348259 0.032538
ENSG00000130706.8 20 60877149 60877149 + 13 641037 20_internal_5513 20 61518186 61532770 89 81.3689 1.04133 11.3826 0.119379 -0.180214 0.81592 0.80077
ENSG00000226332.2 20 60881381 60881381 - 13 -536933 20_internal_5485 20 61418314 61429898 89 93.7107 0.890465 15.0055 0.0287918 -0.24879 0.343284 0.368132
ENSG00000130702.9 20 60942368 60942368 - 13 -242312 20_internal_5151 20 61184680 61207215 89 85.4539 0.943434 10.0008 0.00646614 0.293946 0.104478 0.0871164
ENSG00000171858.13 20 60962172 60962172 + 13 456142 20_internal_5485 20 61418314 61429898 89 89.5389 1.00226 11.652 0.118979 -0.160473 0.766169 0.767341
ENSG00000149679.7 20 60982341 60982341 - 13 262365 20_internal_4785 20 60695992 60719976 89 86.9662 0.989355 12.0398 0.0466919 0.198862 0.477612 0.460945
ENSG00000101187.11 20 61273797 61273797 + 17 -978320 20_internal_7403 20 58872809 60295477 89 81.9078 1.05009 15.0659 0.0297229 -0.230154 0.432836 0.410417
ENSG00000167046.4 20 61274656 61274656 - 17 -143658 20_internal_5485 20 61418314 61429898 89 83.7156 0.934795 13.976 0.000715859 0.37354 0.0298507 0.0194017
ENSG00000101188.4 20 61340189 61340189 + 16 78125 20_internal_5485 20 61418314 61429898 89 86.6533 0.926729 14.3083 0.00508982 0.314628 0.104478 0.0972508
ENSG00000223669.1 20 61366699 61366699 - 16 -51615 20_internal_5485 20 61418314 61429898 89 90.8426 0.973219 16.2056 0.0148343 0.239603 0.218905 0.212782
ENSG00000228705.1 20 61406764 61406764 - 16 0 20_internal_5122 20 61272299 61492968 89 77.7533 1.10785 12.7455 0.007661 0.2756 0.104478 0.117877
ENSG00000101189.5 20 61427805 61427805 + 16 0 20_internal_5485 20 61418314 61429898 89 89.591 1.04449 14.5753 0.135006 0.149227 0.885572 0.86769
ENSG00000060491.11 20 61436187 61436187 + 16 732123 20_internal_5301 20 62168310 62575800 89 87.2617 1.03041 13.9292 0.0999486 -0.17164 0.78607 0.771886
ENSG00000229873.1 20 61436939 61436939 - 16 -81247 20_internal_5513 20 61518186 61532770 89 96.1096 0.936867 16.217 0.14558 0.16174 0.905473 0.906792
ENSG00000092758.11 20 61447596 61447596 + 16 0 20_internal_4803 20 61445105 61470554 89 90.634 0.987088 14.5332 4.17541e-05 0.414781 0.00497512 0.000571033
ENSG00000233838.4 20 61476490 61476490 + 17 691820 20_internal_5301 20 62168310 62575800 89 93.2762 0.954245 17.0276 0.00698735 0.29449 0.109453 0.105916
ENSG00000101190.8 20 61493115 61493115 - 17 -675195 20_internal_5301 20 62168310 62575800 89 97.674 1.0344 20.6127 0.0360493 0.226596 0.422886 0.427171
ENSG00000101191.12 20 61569304 61569304 - 20 -905843 20_internal_5618 20 62475147 62487406 89 84.8455 0.984523 15.5792 0.00469291 0.304943 0.0945274 0.0901382
ENSG00000101193.6 20 61569471 61569471 + 20 -410404 20_internal_6094 20 61147377 61159067 89 90.5471 0.938589 16.6175 0.0174736 -0.241849 0.243781 0.268966
ENSG00000101194.13 20 61584052 61584052 + 20 -51282 20_internal_5513 20 61518186 61532770 89 92.3201 0.938858 15.9723 0.00326969 -0.322849 0.0696517 0.0530981
ENSG00000238820.1 20 61733483 61733483 + 20 778856 20_internal_5147 20 62512339 62517534 89 84.8455 1.08674 21.237 0.119548 -0.164431 0.935323 0.937223
ENSG00000225978.1 20 61733557 61733557 + 20 -263003 20_internal_4803 20 61445105 61470554 89 90.5645 1.05804 20.9921 0.00666658 0.27762 0.104478 0.105977
ENSG00000231133.1 20 61733631 61733631 - 20 263077 20_internal_4803 20 61445105 61470554 89 94.1627 0.991822 22.5515 0.24366 0.123611 1 0.997327
ENSG00000149658.13 20 61847586 61847586 - 20 314816 20_internal_5513 20 61518186 61532770 89 88.5133 0.986867 17.9406 0.101851 0.185487 0.850746 0.860079
ENSG00000101199.8 20 61904137 61904137 + 20 -696922 20_internal_5151 20 61184680 61207215 89 73.9986 1.18836 16.5895 0.00267212 0.322717 0.0547264 0.0585178
ENSG00000101210.6 20 62130505 62130505 - 19 -389672 20_internal_5205 20 62520177 62547378 89 96.857 0.83189 18.9973 0.0136772 0.25796 0.238806 0.247199
ENSG00000125534.5 20 62152077 62152077 + 19 0 20_internal_7462 20 62150607 62157959 89 86.8271 1.03277 14.9191 0.0558777 0.219495 0.587065 0.581899
ENSG00000101213.5 20 62168723 62168723 - 18 10764 20_internal_7462 20 62150607 62157959 89 79.0049 1.12623 12.9115 0.038624 0.221139 0.467662 0.436667
ENSG00000125508.3 20 62178857 62178857 - 18 685889 20_internal_5122 20 61272299 61492968 89 94.1975 0.93583 17.78 0.186797 0.140926 0.970149 0.970835
ENSG00000125531.5 20 62184373 62184373 + 18 -691405 20_internal_5122 20 61272299 61492968 89 90.9469 0.989109 16.9537 0.232748 -0.134276 0.99005 0.987762
ENSG00000241624.1 20 62199958 62199958 - 18 0 20_internal_5727 20 62183454 62207214 89 93.085 0.94822 15.4934 0.0159516 0.270286 0.21393 0.213189
ENSG00000130589.11 20 62205592 62205592 - 18 0 20_internal_5727 20 62183454 62207214 89 93.3979 1.07819 22.727 0.00576159 0.300959 0.079602 0.081804
ENSG00000101216.6 20 62258394 62258394 - 17 100435 20_internal_7462 20 62150607 62157959 89 80.1695 1.012 16.0694 0.0228431 -0.254632 0.373134 0.389479
ENSG00000232442.1 20 62258580 62258580 + 17 -765612 20_internal_5122 20 61272299 61492968 89 111.389 0.854422 22.0056 0.0201684 0.265442 0.233831 0.248655
ENSG00000197457.5 20 62284780 62284780 - 17 -283894 20_internal_4673 20 62568674 62589693 89 93.6934 0.962906 17.1811 0.0504106 -0.214479 0.527363 0.561257
ENSG00000258366.3 20 62289163 62289163 + 17 223176 20_internal_5147 20 62512339 62517534 89 86.3752 1.03991 15.8617 0.116901 0.168028 0.870647 0.865988
ENSG00000026036.16 20 62290653 62290653 + 17 -83439 20_internal_5727 20 62183454 62207214 89 83.1594 1.03799 14.7762 0.0704322 0.193872 0.721393 0.696199
ENSG00000243509.4 20 62328021 62328021 + 17 -120807 20_internal_5727 20 62183454 62207214 89 83.2289 1.13312 16.915 0.00987438 0.29457 0.169154 0.147518
ENSG00000197114.6 20 62338794 62338794 + 17 -806024 20_internal_5513 20 61518186 61532770 89 78.24 1.02806 12.4885 0.057522 -0.199773 0.636816 0.61073
ENSG00000101246.14 20 62339355 62339355 - 17 64594 20_internal_5230 20 62233137 62274761 89 78.2053 1.02944 14.2792 0.188187 0.144107 0.960199 0.968138
ENSG00000203896.5 20 62366815 62366815 + 17 -834045 20_internal_5513 20 61518186 61532770 89 104.523 0.824242 19.1605 0.053559 -0.204618 0.557214 0.594472
ENSG00000125520.8 20 62369623 62369623 + 17 -773200 20_internal_5469 20 61589996 61596423 89 97.9695 1.00217 17.7898 0.0132373 -0.25834 0.144279 0.152811
ENSG00000229299.2 20 62376042 62376042 + 17 -883074 20_internal_5122 20 61272299 61492968 89 102.646 0.879273 18.8459 0.0489091 0.18685 0.517413 0.542195
ENSG00000130584.6 20 62462597 62462597 - 15 -12550 20_internal_5618 20 62475147 62487406 89 90.4428 1.02533 14.8407 0.148363 0.159121 0.905473 0.898206
ENSG00000183260.5 20 62492566 62492566 + 14 -285352 20_internal_5727 20 62183454 62207214 89 101.064 0.93138 16.6592 0.0109736 0.287156 0.129353 0.126596
ENSG00000268858.1 20 62493217 62493217 - 13 286003 20_internal_5727 20 62183454 62207214 89 110.016 0.932933 15.5953 0.0138142 0.259911 0.134328 0.110477
ENSG00000101150.11 20 62496596 62496596 + 13 23581 20_internal_5205 20 62520177 62547378 89 92.5113 1.0645 14.3896 0.0794889 0.191271 0.661692 0.642403
ENSG00000101152.6 20 62526518 62526518 + 13 0 20_internal_5205 20 62520177 62547378 89 85.7494 0.985619 11.2766 0.00442836 0.313536 0.0646766 0.0600213
ENSG00000199805.1 20 62540308 62540308 + 12 -52902 20_internal_5618 20 62475147 62487406 89 95.0666 0.896614 10.5543 0.0666391 -0.195734 0.497512 0.518019
ENSG00000215946.2 20 62551365 62551365 + 12 17309 20_internal_4673 20 62568674 62589693 89 88.7393 1.12383 12.8152 0.0226238 0.241958 0.218905 0.207173
ENSG00000223010.1 20 62572897 62572897 - 11 414938 20_internal_7462 20 62150607 62157959 89 86.9662 0.952635 10.2999 0.305006 0.109362 0.985075 0.980274
ENSG00000207554.1 20 62574079 62574079 - 11 0 20_internal_4673 20 62568674 62589693 89 91.9029 0.966989 10.2182 0.062043 0.175213 0.492537 0.472267
ENSG00000267848.1 20 62585007 62585007 + 11 -427048 20_internal_7462 20 62150607 62157959 89 85.2453 1.0064 10.3635 0.253723 -0.116855 0.940299 0.957811
ENSG00000198276.8 20 62587769 62587769 - 11 0 20_internal_4673 20 62568674 62589693 89 77.8576 1.07335 8.98674 0.00143665 0.34742 0.0298507 0.0190435
ENSG00000130590.9 20 62611361 62611361 - 10 -55633 20_internal_5547 20 62666994 62686384 89 84.1502 0.915908 8.04242 4.88405e-08 0.559651 0.00497512 3.02059e-06
ENSG00000101161.6 20 62612488 62612488 + 10 54506 20_internal_5547 20 62666994 62686384 89 93.4326 1.05186 10.8539 3.52424e-11 0.64104 0.00497512 3.74205e-11
ENSG00000196421.3 20 62665697 62665697 + 10 1297 20_internal_5547 20 62666994 62686384 89 91.9725 0.937818 9.81632 2.39063e-07 0.534386 0.00497512 3.47776e-06
ENSG00000196700.3 20 62680113 62680113 - 10 472899 20_internal_5727 20 62183454 62207214 89 98.4562 0.944337 9.94245 0.062861 0.202222 0.422886 0.428699
ENSG00000171703.12 20 62681189 62681189 + 10 0 20_internal_5547 20 62666994 62686384 89 85.6104 1.02518 8.95263 0.00247874 0.313106 0.0149254 0.0240232
ENSG00000171700.9 20 62711323 62711323 - 10 24939 20_internal_5547 20 62666994 62686384 89 91.5727 0.997339 10.1241 0.200728 0.132165 0.870647 0.888261
ENSG00000125510.11 20 62711526 62711526 + 10 -64366 20_internal_6001 20 62643903 62647160 89 92.4592 1.08305 10.4691 0.142584 0.163898 0.776119 0.75577
ENSG00000203880.6 20 62887048 62887048 + 10 -339670 20_internal_5205 20 62520177 62547378 89 94.5277 0.994974 9.21067 0.091085 0.187109 0.547264 0.545565
ENSG00000149656.4 20 62921738 62921738 + 10 -374360 20_internal_5205 20 62520177 62547378 89 88.9479 1.09386 8.42023 0.0568349 0.209388 0.363184 0.346945
ENSG00000232852.1 20 62924351 62924351 - 10 277191 20_internal_6001 20 62643903 62647160 89 78.9527 1.13224 7.77367 0.0066611 0.262776 0.0646766 0.0542908
