ENSG00000136068.10 3 57994127 57994127 + 9 64970 3_internal_10935 3 58059097 58072810 6.57341e-06 0.438765 1
ENSG00000269415.1 3 59957583 59957583 - 10 -26122 3_internal_15435 3 59983705 59988680 3.85908e-05 0.450554 1
ENSG00000114405.6 3 62304648 62304648 + 1 0 3_internal_11851 3 62266213 62305280 0.000115135 0.38598 1
ENSG00000144741.12 3 66119285 66119285 + 5 328496 3_internal_15124 3 66447781 66854898 1.53029e-06 0.488682 1
ENSG00000144749.9 3 66551687 66551687 - 5 0 3_internal_15124 3 66447781 66854898 3.86732e-07 0.541388 1
ENSG00000114541.10 3 69591734 69591734 - 7 304599 3_internal_12983 3 69275028 69287135 1.69034e-07 0.558557 1
ENSG00000163412.7 3 71803924 71803924 - 18 0 3_internal_16974 3 71688355 71909258 4.34905e-11 0.611404 1
ENSG00000238278.3 3 75464221 75464221 + 7 0 3_internal_15651 3 75290544 75629695 1.1681e-05 0.412789 1
ENSG00000233280.1 3 97540884 97540884 + 5 0 3_internal_16129 3 97539457 97733496 1.10201e-05 0.443806 1
ENSG00000080200.5 3 97595819 97595819 + 5 0 3_internal_16129 3 97539457 97733496 8.35594e-07 0.488816 1
ENSG00000080819.2 3 98312567 98312567 - 6 5609 3_internal_13742 3 98280404 98306958 9.06121e-06 0.424638 1
