ENSG00000177963.7 11 207511 207511 + 15 0 11_internal_8165 11 205693 238380 1.2381e-08 0.554832 1
ENSG00000174885.8 11 278365 278365 + 15 0 11_internal_8292 11 274447 291875 4.35104e-08 0.546675 1
ENSG00000255026.1 11 287305 287305 + 15 0 11_internal_8292 11 274447 291875 1.10523e-05 0.405634 1
ENSG00000142102.11 11 289135 289135 + 15 0 11_internal_8292 11 274447 291875 3.07001e-05 0.389137 1
ENSG00000205531.7 11 3013607 3013607 - 19 -9600 11_internal_8887 11 3023207 3045914 3.8376e-07 0.545227 1
ENSG00000255390.1 11 6642682 6642682 + 13 0 11_internal_11209 11 6621202 6674847 9.52284e-06 0.44727 1
ENSG00000255410.1 11 6651834 6651834 + 13 0 11_internal_11209 11 6621202 6674847 6.96429e-06 0.433364 1
ENSG00000166341.6 11 6677085 6677085 - 13 2238 11_internal_11209 11 6621202 6674847 3.50953e-07 0.488725 1
ENSG00000166387.7 11 7534529 7534529 + 8 0 11_internal_9684 11 7532117 7695952 3.99582e-25 0.821392 1
ENSG00000166394.10 11 7698453 7698453 - 8 2501 11_internal_9684 11 7532117 7695952 2.82196e-16 0.697795 1
ENSG00000166471.6 11 9336327 9336327 - 15 0 11_internal_9534 11 9334651 9415244 6.2486e-08 0.538508 1
ENSG00000133805.10 11 10329860 10329860 + 18 132909 11_internal_11500 11 10462769 10529136 4.36493e-06 0.453402 1
ENSG00000133794.13 11 13298199 13298199 + 7 0 11_internal_10908 11 13297669 13363226 1.40702e-07 0.511851 1
ENSG00000152219.4 11 30344598 30344598 + 2 0 11_internal_11925 11 30343608 30944210 2.83686e-09 0.581595 1
