ENSG00000122033.9 13 28024739 28024739 - 10 0 13_internal_5259 13 28013858 28051946 2.03281e-05 0.465966 1
ENSG00000132965.5 13 31309645 31309645 + 9 0 13_internal_4238 13 31264150 31323799 1.02703e-05 0.454908 1
ENSG00000132965.5 13 31309645 31309645 + 9 0 13_internal_3901 13 31285081 31330496 2.69239e-05 0.433907 0
ENSG00000073910.14 13 32605437 32605437 + 14 0 13_internal_4978 13 32496971 32617340 1.7559e-07 0.44657 0
ENSG00000073910.14 13 32605437 32605437 + 14 0 13_internal_4077 13 32521751 32625976 2.71451e-08 0.476971 1
ENSG00000073910.14 13 32605437 32605437 + 14 56895 13_internal_4725 13 32662332 32673382 1.8552e-05 0.369503 0
ENSG00000073910.14 13 32605437 32605437 + 14 81951 13_internal_3849 13 32687388 32701016 3.39473e-05 0.371451 0
ENSG00000133106.10 13 43566407 43566407 - 7 98244 13_internal_4528 13 43449466 43468163 6.24068e-07 0.499918 1
ENSG00000133106.10 13 43566407 43566407 - 7 0 13_internal_4124 13 43543486 43571309 2.84015e-06 0.472279 0
ENSG00000120675.4 13 43597339 43597339 + 7 0 13_internal_4805 13 43596810 43647205 5.10542e-16 0.790222 1
ENSG00000179630.5 13 44453420 44453420 + 8 0 13_internal_4203 13 44404352 44454670 5.93732e-09 0.622548 1
ENSG00000151773.6 13 44453864 44453864 - 8 0 13_internal_4203 13 44404352 44454670 2.35117e-07 0.514745 1
ENSG00000136141.9 13 47127303 47127303 + 13 112146 13_internal_4436 13 47239449 47254716 8.15985e-06 0.441829 1
ENSG00000136156.7 13 48807294 48807294 + 16 -7956 13_internal_4618 13 48716021 48799338 1.46429e-06 0.498924 1
