ENSG00000234516.1 20 629157 629157 - 13 0 20_internal_7381 20 625756 660862 1.19424e-06 0.488397 1
ENSG00000172070.5 20 656444 656444 - 13 0 20_internal_7381 20 625756 660862 3.98796e-08 0.549752 1
ENSG00000233578.1 20 5529486 5529486 + 15 35566 20_internal_5573 20 5565052 5590818 1.27952e-07 0.524143 1
ENSG00000125772.8 20 5591672 5591672 - 15 22232 20_internal_5906 20 5533829 5569440 3.23628e-05 0.422448 0
ENSG00000125772.8 20 5591672 5591672 - 15 854 20_internal_5573 20 5565052 5590818 1.2931e-08 0.563748 1
ENSG00000125772.8 20 5591672 5591672 - 15 -221966 20_internal_6156 20 5813638 5900306 9.21158e-07 0.49081 0
ENSG00000089195.10 20 5931182 5931182 - 14 30876 20_internal_6156 20 5813638 5900306 3.68026e-09 0.607667 1
ENSG00000088766.6 20 5986736 5986736 + 13 -86430 20_internal_6156 20 5813638 5900306 8.60287e-06 0.475868 1
ENSG00000182621.12 20 8112824 8112824 + 9 18545 20_internal_5765 20 8131369 8143431 3.73843e-05 0.401647 1
ENSG00000089177.13 20 16554078 16554078 - 3 0 20_internal_6923 20 16298388 16557053 1.15105e-08 0.57195 1
ENSG00000100994.7 20 25228705 25228705 + 10 0 20_internal_6640 20 25207229 25523189 2.20257e-05 0.426638 0
ENSG00000100994.7 20 25228705 25228705 + 10 60350 20_internal_7534 20 25289055 25372262 2.52049e-08 0.553072 1
ENSG00000205611.3 20 29521213 29521213 - 9 0 20_internal_5619 20 29518306 29638974 5.92071e-07 0.452106 1
ENSG00000225490.1 20 29522987 29522987 - 9 0 20_internal_5619 20 29518306 29638974 1.45187e-05 0.462321 1
ENSG00000149531.10 20 29611857 29611857 + 9 0 20_internal_5619 20 29518306 29638974 2.63798e-13 0.609545 1
ENSG00000221319.1 20 29637162 29637162 + 11 0 20_internal_5619 20 29518306 29638974 8.2341e-05 0.424641 1
ENSG00000238151.1 20 29638060 29638060 - 11 0 20_internal_5619 20 29518306 29638974 3.16143e-08 0.483767 1
