ENSG00000114529.8 3 111805182 111805182 + 8 30395 3_internal_11933 3 111835577 111857759 2.28878e-06 0.503904 1
ENSG00000114529.8 3 111805182 111805182 + 8 648135 3_internal_14992 3 112453317 112487301 1.03862e-05 0.464467 0
ENSG00000174500.8 3 111852152 111852152 - 9 0 3_internal_11933 3 111835577 111857759 2.19396e-06 0.535746 1
ENSG00000241490.1 3 113933160 113933160 + 5 0 3_internal_12223 3 113931305 113946425 1.11212e-07 0.55068 1
ENSG00000174255.5 3 113956425 113956425 - 5 10000 3_internal_12223 3 113931305 113946425 1.76654e-06 0.495922 1
ENSG00000189366.5 3 125655882 125655882 - 10 -34846 3_internal_12747 3 125690728 125710639 4.02134e-05 0.400369 1
ENSG00000114547.4 3 125687987 125687987 + 10 2741 3_internal_12747 3 125690728 125710639 1.25842e-06 0.490708 1
ENSG00000177311.6 3 141043055 141043055 + 9 43639 3_internal_13609 3 141086694 141134762 2.99877e-06 0.519302 1
ENSG00000175040.4 3 142838173 142838173 + 4 0 3_internal_16434 3 142837562 143393650 8.08471e-09 0.560347 1
ENSG00000241679.2 3 142842204 142842204 + 4 0 3_internal_16434 3 142837562 143393650 2.79137e-05 0.405471 1
ENSG00000163754.12 3 148709128 148709128 + 9 0 3_internal_12457 3 148706570 148720072 3.55604e-06 0.481114 1
