ENSG00000173744.12 2 228336868 228336868 + 9 -72447 2_internal_15611 2 228257868 228264421 2.63808e-06 0.489397 1
ENSG00000135932.6 2 231577560 231577560 + 10 -31824 2_internal_15327 2 231506554 231545736 1.09256e-06 0.54837 1
ENSG00000230385.1 2 231773567 231773567 + 9 0 2_internal_18630 2 231728690 231823183 5.81939e-07 0.549024 1
ENSG00000135898.5 2 231825781 231825781 - 9 2598 2_internal_18630 2 231728690 231823183 2.5983e-07 0.559221 1
ENSG00000188042.5 2 235405697 235405697 - 3 0 2_internal_21382 2 235196824 235409127 4.1779e-09 0.610168 1
ENSG00000132329.6 2 238767536 238767536 + 17 0 2_internal_20549 2 238767514 238900242 8.58151e-07 0.531682 1
ENSG00000068024.12 2 240323348 240323348 - 18 0 2_internal_20636 2 240204276 240361117 4.23314e-13 0.640753 1
ENSG00000142330.15 2 241526133 241526133 + 11 17109 2_internal_18160 2 241543242 241596567 2.50585e-06 0.483403 1
ENSG00000162804.9 2 241938255 241938255 + 9 0 2_internal_18827 2 241898698 241951819 1.28337e-05 0.440915 1
ENSG00000180902.12 2 242673994 242673994 + 7 27847 2_internal_16059 2 242701841 242711789 4.69291e-07 0.495832 1
