ENSG00000091181.15 3 3168297 3168297 - 3 -64171 3_internal_18274 3 3232468 4027447 156 140.385 0.999979 2.60132 0.0363866 -0.163342 0.0945274 0.118129
ENSG00000072756.12 3 3168600 3168600 + 3 63868 3_internal_18274 3 3232468 4027447 156 141.893 1.00002 2.65313 0.0875998 0.136209 0.258706 0.251278
ENSG00000113851.9 3 3221394 3221394 - 3 92472 3_internal_12767 3 2950244 3128922 156 167.502 0.999999 2.64102 0.215406 -0.0999402 0.427861 0.443832
ENSG00000223727.2 3 3668980 3668980 - 4 0 3_internal_18274 3 3232468 4027447 156 150.089 1.00001 3.68507 1.19641e-06 0.38791 0.00497512 7.02675e-06
ENSG00000223036.1 3 3688140 3688140 + 4 0 3_internal_12504 3 3183334 3788256 156 171.417 1.00003 4.61248 0.00255356 0.238424 0.00995025 0.00718244
ENSG00000175928.5 3 3841121 3841121 + 5 0 3_internal_18274 3 3232468 4027447 156 159.397 0.999966 5.4305 1.17487e-11 0.507181 0.00497512 3.82306e-11
ENSG00000229241.1 3 4025979 4025979 - 8 0 3_internal_18274 3 3232468 4027447 156 141.009 1.08169 6.9692 8.66327e-06 0.350285 0.00497512 7.81095e-05
ENSG00000170364.8 3 4344988 4344988 + 12 -317541 3_internal_18274 3 3232468 4027447 156 166.893 1.02527 12.6773 3.76848e-06 0.356627 0.00497512 1.65334e-05
ENSG00000234325.1 3 4456644 4456644 - 12 668388 3_internal_12504 3 3183334 3788256 156 171.691 0.958982 13.4882 0.0850455 -0.137788 0.641791 0.645732
ENSG00000144455.9 3 4508965 4508965 - 13 0 3_internal_17888 3 4502554 4537805 156 157.28 1.08072 14.2655 0.0273343 0.172958 0.288557 0.284645
ENSG00000231249.1 3 4534847 4534847 - 13 0 3_internal_17888 3 4502554 4537805 156 175.942 1.05369 16.9403 0.0195206 0.182224 0.19403 0.180313
ENSG00000150995.13 3 4535032 4535032 + 13 0 3_internal_17888 3 4502554 4537805 156 153.197 1.05678 13.8876 0.000175615 0.29645 0.00497512 0.00195101
ENSG00000235947.1 3 4793274 4793274 - 12 54900 3_internal_13912 3 4710592 4738374 156 140.583 1.08351 10.1636 0.0270708 -0.179597 0.268657 0.274119
ENSG00000235978.2 3 4928977 4928977 - 12 391172 3_internal_17888 3 4502554 4537805 156 154.461 1.0376 12.7852 0.0245596 0.176592 0.248756 0.262877
ENSG00000134107.4 3 5020801 5020801 + 12 0 3_internal_16797 3 4908147 5068836 156 162.2 0.986664 13.7078 3.55923e-10 0.488538 0.00497512 2.8663e-09
ENSG00000235831.2 3 5021646 5021646 - 12 0 3_internal_16797 3 4908147 5068836 156 154.614 1.14438 14.4771 3.28422e-07 0.39301 0.00497512 8.74043e-07
ENSG00000134108.8 3 5163905 5163905 + 11 0 3_internal_14129 3 5072962 5188372 156 149.266 1.07498 10.056 0.00796196 0.204877 0.0845771 0.0739367
ENSG00000233912.1 3 5229014 5229014 - 11 24700 3_internal_13666 3 5163415 5204314 156 163.709 0.983698 10.6469 0.0330135 0.159189 0.308458 0.275808
ENSG00000134109.6 3 5229331 5229331 + 11 -350934 3_internal_14864 3 4855180 4878397 156 166.314 0.973621 11.9542 0.107103 -0.128255 0.706468 0.711018
ENSG00000268509.1 3 5229982 5229982 - 11 95655 3_internal_12185 3 5112422 5134327 156 149.449 0.944426 9.16557 0.0468977 -0.157268 0.39801 0.412653
ENSG00000196277.11 3 6811688 6811688 + 1 -486213 3_internal_12802 3 6261453 6325475 156 143.813 0.999973 0.991989 0.465362 0.0569485 0.477612 0.480664
ENSG00000236202.1 3 7602020 7602020 - 1 -526316 3_internal_11855 3 8128336 8138108 156 177.557 0.999986 1.0171 0.187626 0.105807 0.134328 0.162224
ENSG00000180914.6 3 8811314 8811314 - 3 -944898 3_internal_11888 3 9756212 9769925 156 156.229 1.00004 3.12188 0.0802955 -0.135955 0.238806 0.229364
ENSG00000199815.1 3 8973179 8973179 + 3 783033 3_internal_11888 3 9756212 9769925 156 165.72 0.999966 3.05365 0.234271 0.0945094 0.552239 0.532085
ENSG00000070950.5 3 9005457 9005457 - 3 -750755 3_internal_11888 3 9756212 9769925 156 156.32 1.00003 2.97526 0.0599292 0.147016 0.174129 0.167254
ENSG00000224808.1 3 9055807 9055807 + 5 739587 3_internal_12587 3 9795394 9834200 156 166.954 1.00001 5.1835 0.166743 -0.109449 0.58209 0.575956
ENSG00000228723.2 3 9234177 9234177 + 6 948541 3_internal_12272 3 10182718 10298428 156 178.318 0.99447 6.81731 0.0766446 -0.140719 0.338308 0.338652
ENSG00000227929.2 3 9258579 9258579 + 6 943589 3_internal_17857 3 10202168 10329245 156 159.534 1.07926 5.98898 0.0109585 -0.203701 0.0497512 0.045797
ENSG00000134077.10 3 9404526 9404526 + 8 778192 3_internal_12272 3 10182718 10298428 156 169.482 0.946251 9.10819 0.0491352 0.147642 0.318408 0.337505
ENSG00000196220.10 3 9404737 9404737 - 8 -613204 3_internal_11839 3 10017941 10053907 156 164.333 0.943029 8.24687 0.138347 -0.119638 0.661692 0.699207
ENSG00000254485.1 3 9404987 9404987 - 8 -612954 3_internal_11839 3 10017941 10053907 156 173.779 1.0474 10.2985 0.0809323 -0.134829 0.492537 0.479937
ENSG00000168137.11 3 9439299 9439299 + 8 588070 3_internal_10761 3 10027369 10069274 156 157.98 1.0118 7.5829 0.11611 -0.12604 0.577114 0.594957
ENSG00000206573.4 3 9440263 9440263 - 8 -355131 3_internal_12587 3 9795394 9834200 156 161.363 0.999961 8.32839 0.0730337 -0.13917 0.462687 0.445057
ENSG00000163719.13 3 9691117 9691117 + 8 65095 3_internal_11888 3 9756212 9769925 156 149.754 0.979158 7.03908 0.0572116 0.154591 0.358209 0.374636
ENSG00000144550.8 3 9745491 9745491 + 8 519073 3_internal_12271 3 10264564 10320443 156 239.408 0.862961 14.993 0.00682907 0.216784 0.0199005 0.0229368
ENSG00000156983.11 3 9773413 9773413 + 8 -3488 3_internal_11888 3 9756212 9769925 156 154.141 0.918799 6.88576 3.87068e-05 0.304987 0.00995025 0.000589034
ENSG00000114026.16 3 9791628 9791628 + 8 3766 3_internal_12587 3 9795394 9834200 156 189.744 0.908254 8.24728 7.65958e-05 0.310566 0.00497512 0.000252919
ENSG00000134072.6 3 9811676 9811676 - 8 0 3_internal_12587 3 9795394 9834200 156 142.457 0.993349 6.24365 9.80509e-09 0.447374 0.00497512 2.96537e-07
ENSG00000241553.5 3 9834179 9834179 + 8 0 3_internal_12587 3 9795394 9834200 156 159.001 0.974818 6.94999 0.0116773 0.198952 0.0895522 0.078967
ENSG00000171148.9 3 9834695 9834695 - 8 64770 3_internal_11888 3 9756212 9769925 156 163.541 0.822199 7.16554 0.00538409 0.229631 0.0696517 0.0605323
ENSG00000250151.3 3 9834798 9834798 + 8 -64873 3_internal_11888 3 9756212 9769925 156 188.739 0.925416 9.19231 0.031814 0.173844 0.19403 0.18256
ENSG00000214021.10 3 9849770 9849770 + 8 168171 3_internal_11839 3 10017941 10053907 156 145.976 1.03156 7.50912 0.00132829 0.259532 0.0149254 0.012291
ENSG00000268528.1 3 9870693 9870693 - 8 -147248 3_internal_11839 3 10017941 10053907 156 178.059 1.00972 9.67054 0.0287269 0.175056 0.149254 0.169345
ENSG00000156990.10 3 9886286 9886286 - 8 116361 3_internal_11888 3 9756212 9769925 156 159.595 0.96911 7.70335 0.100078 -0.132351 0.547264 0.555352
ENSG00000171135.10 3 9932238 9932238 + 8 85703 3_internal_11839 3 10017941 10053907 156 164.973 0.97463 8.27639 0.0421267 0.164704 0.318408 0.276737
ENSG00000163701.14 3 9944296 9944296 + 8 257872 3_internal_17857 3 10202168 10329245 156 156.67 1.03266 7.4159 0.0737459 -0.143308 0.467662 0.415404
ENSG00000163702.14 3 9958758 9958758 + 8 -188833 3_internal_11888 3 9756212 9769925 156 150.394 1.128 8.39613 0.00314907 0.226938 0.0248756 0.0188989
ENSG00000212327.1 3 9960837 9960837 - 8 -221881 3_internal_12272 3 10182718 10298428 156 160.54 0.959131 6.97359 0.0408068 -0.162018 0.273632 0.253942
ENSG00000163703.12 3 9975506 9975506 + 8 226662 3_internal_17857 3 10202168 10329245 156 137.825 1.11884 7.56446 0.0728748 -0.136684 0.537313 0.464859
ENSG00000230082.1 3 9989088 9989088 + 8 28853 3_internal_11839 3 10017941 10053907 156 175.881 0.925408 8.32038 0.00486641 0.217484 0.0497512 0.0311935
ENSG00000163704.7 3 9994078 9994078 - 8 -23863 3_internal_11839 3 10017941 10053907 156 146.463 0.958862 7.18892 7.43471e-06 0.339285 0.00497512 0.00015075
ENSG00000180385.4 3 10028577 10028577 + 8 0 3_internal_11839 3 10017941 10053907 156 157.31 0.969261 8.07359 3.12608e-07 0.400887 0.00497512 3.39476e-06
ENSG00000232901.1 3 10042624 10042624 - 8 0 3_internal_11839 3 10017941 10053907 156 142.731 1.13427 7.43331 0.0236741 0.176685 0.159204 0.158816
ENSG00000125037.7 3 10052800 10052800 - 8 0 3_internal_11839 3 10017941 10053907 156 153.304 0.903921 6.94926 1.96434e-09 0.447243 0.00497512 1.07221e-07
ENSG00000206567.4 3 10052893 10052893 - 8 0 3_internal_11839 3 10017941 10053907 156 159.23 1.00555 7.56468 1.2453e-06 0.37693 0.00497512 6.83141e-06
ENSG00000186162.6 3 10068049 10068049 - 8 14142 3_internal_11839 3 10017941 10053907 156 172.956 0.970759 8.56705 0.00152573 0.247069 0.0199005 0.00840888
ENSG00000144554.6 3 10068098 10068098 + 8 -14191 3_internal_11839 3 10017941 10053907 156 161.637 1.00685 9.48061 3.43453e-10 0.483536 0.00497512 1.3605e-09
ENSG00000163705.8 3 10149915 10149915 - 9 96008 3_internal_11839 3 10017941 10053907 156 209.975 0.868805 11.2855 0.000574161 0.280004 0.00497512 0.00195639
ENSG00000254999.2 3 10157276 10157276 + 9 -103369 3_internal_11839 3 10017941 10053907 156 166.436 1.00822 10.3415 1.9713e-08 0.429269 0.00497512 5.97604e-08
ENSG00000269201.1 3 10171292 10171292 + 9 30876 3_internal_17857 3 10202168 10329245 156 150.5 1.08002 8.79638 0.0761336 0.146128 0.512438 0.490713
ENSG00000238642.1 3 10175069 10175069 + 9 927078 3_internal_17399 3 11102147 11334820 156 146.326 0.985128 8.3183 0.119343 -0.128051 0.686567 0.695954
ENSG00000134086.7 3 10182692 10182692 + 9 919455 3_internal_17399 3 11102147 11334820 156 171.158 1.01263 9.89639 0.000567949 -0.257744 0.00995025 0.00279314
ENSG00000238345.1 3 10182834 10182834 + 9 89841 3_internal_13244 3 10272675 10281324 156 150.851 0.929634 7.64679 0.00165376 0.230728 0.0348259 0.0206612
ENSG00000134070.4 3 10206549 10206549 + 9 0 3_internal_17857 3 10202168 10329245 156 168.233 1.00083 10.0092 7.6867e-05 0.306554 0.00497512 0.000399212
ENSG00000157014.5 3 10289707 10289707 + 10 0 3_internal_17857 3 10202168 10329245 156 144.209 1.06908 9.48004 0.000869518 -0.268542 0.0199005 0.00930817
ENSG00000231177.4 3 10326103 10326103 + 10 0 3_internal_17857 3 10202168 10329245 156 154.08 0.965611 9.20926 0.0070238 -0.222647 0.0746269 0.0733042
ENSG00000240288.1 3 10327472 10327472 + 10 0 3_internal_17857 3 10202168 10329245 156 142.304 1.01224 8.9976 3.68625e-05 -0.333396 0.00497512 0.000666717
ENSG00000157017.11 3 10334631 10334631 - 10 -767516 3_internal_17399 3 11102147 11334820 156 157.95 0.962152 11.0658 0.157359 -0.108274 0.860697 0.85319
ENSG00000157020.13 3 10362862 10362862 - 11 -866449 3_internal_12124 3 11229311 11738017 156 179.065 0.983459 13.3701 0.205218 0.0991284 0.925373 0.925316
ENSG00000157087.12 3 10749716 10749716 - 14 420471 3_internal_17857 3 10202168 10329245 156 164.866 0.961523 13.7202 0.00254876 -0.246691 0.0248756 0.0303761
ENSG00000196639.6 3 11178779 11178779 + 10 533833 3_internal_15481 3 11712612 11812959 156 161.088 0.949888 9.87323 0.181295 0.102579 0.855721 0.860285
ENSG00000197548.7 3 11313995 11313995 + 12 45614 3_internal_17567 3 11359609 11685894 156 129.05 1.09539 9.82028 0.000197234 0.288722 0.00497512 0.00418366
ENSG00000226621.1 3 11332349 11332349 - 10 0 3_internal_12124 3 11229311 11738017 156 174.342 0.898102 8.7792 0.18744 -0.104247 0.810945 0.819893
ENSG00000144560.9 3 11762220 11762220 - 14 178662 3_internal_12738 3 11533909 11583558 156 153.456 0.990147 12.5315 0.00306131 0.237178 0.0597015 0.0421802
ENSG00000144559.6 3 11888393 11888393 - 14 -773172 3_internal_11381 3 12661565 12704632 156 152.481 1.02922 12.9576 0.122003 0.127575 0.840796 0.818645
ENSG00000157152.11 3 12045862 12045862 + 15 171341 3_internal_17348 3 12217203 12605038 156 159.123 0.97778 13.7851 0.00637106 0.229757 0.109453 0.0830822
ENSG00000132170.15 3 12328867 12328867 + 16 0 3_internal_17348 3 12217203 12605038 156 157.28 1.00942 16.9526 1.18874e-16 0.614567 0.00497512 1.09327e-15
ENSG00000154743.12 3 12525931 12525931 + 14 0 3_internal_13035 3 12306318 12529897 156 171.6 0.938671 16.1799 0.00463354 0.22192 0.0497512 0.0580813
ENSG00000200114.1 3 12552712 12552712 - 14 -108853 3_internal_11381 3 12661565 12704632 156 168.05 0.904983 15.8788 0.00398942 -0.227436 0.0696517 0.0607273
ENSG00000251774.1 3 12556205 12556205 + 14 -259758 3_internal_14132 3 12199463 12296447 156 206.868 0.870817 18.741 0.196911 0.10394 0.9801 0.95075
ENSG00000075975.11 3 12598513 12598513 + 13 0 3_internal_17348 3 12217203 12605038 156 162.2 0.928685 12.3816 0.0572355 -0.155824 0.532338 0.521448
ENSG00000225526.2 3 12602558 12602558 - 13 -59007 3_internal_11381 3 12661565 12704632 156 151.887 1.02245 11.2733 0.07637 0.141488 0.60199 0.601554
ENSG00000239140.1 3 12674233 12674233 + 13 435630 3_internal_15532 3 13109863 13239222 156 141.192 1.07446 11.0679 0.0159148 0.19161 0.19403 0.18857
ENSG00000132155.7 3 12705725 12705725 - 12 0 3_internal_11249 3 12682853 12725432 156 149.464 1.00658 10.9284 0.00339309 0.230947 0.0547264 0.0432973
ENSG00000088726.11 3 12810956 12810956 - 11 281059 3_internal_13035 3 12306318 12529897 156 151.658 0.994896 9.07186 0.135655 0.121352 0.741294 0.750425
ENSG00000144712.7 3 12837971 12837971 + 10 -541524 3_internal_14132 3 12199463 12296447 156 181.518 0.906782 10.7992 0.124729 0.122234 0.666667 0.706739
ENSG00000207496.1 3 12881949 12881949 - 10 585502 3_internal_14132 3 12199463 12296447 156 162.079 0.940738 8.96675 0.196609 0.107143 0.830846 0.858977
ENSG00000144713.8 3 12883087 12883087 - 10 353190 3_internal_13035 3 12306318 12529897 156 143.02 1.02515 8.71592 0.0100653 0.203367 0.114428 0.106663
ENSG00000144711.9 3 13114617 13114617 - 10 53418 3_internal_12517 3 12944205 13061199 156 177.511 0.900646 10.3944 2.82381e-07 0.40417 0.00497512 1.97331e-06
ENSG00000132182.7 3 13461809 13461809 - 11 736377 3_internal_11249 3 12682853 12725432 156 172.575 0.906889 11.4236 0.0387799 0.156635 0.338308 0.335717
ENSG00000163517.10 3 13521224 13521224 + 11 -769246 3_internal_11675 3 12737441 12751978 156 154.736 0.932534 9.09384 0.252115 0.0853182 0.930348 0.938211
ENSG00000244502.2 3 13521553 13521553 - 11 460354 3_internal_12517 3 12944205 13061199 156 180.543 1.07267 13.4053 0.220758 0.095893 0.930348 0.930074
ENSG00000163520.9 3 13573824 13573824 + 10 771104 3_internal_14428 3 14344928 14408562 156 175.668 0.846549 11.248 0.07751 -0.139901 0.537313 0.581376
ENSG00000154764.5 3 13921618 13921618 - 6 682396 3_internal_15532 3 13109863 13239222 156 135.038 1.00006 4.93575 0.145793 -0.117699 0.59204 0.615505
ENSG00000163528.8 3 14166370 14166370 - 5 -78427 3_internal_14950 3 14244797 14296193 156 186.713 0.99998 5.65605 0.0107379 -0.198976 0.0447761 0.0292985
ENSG00000170876.7 3 14166440 14166440 + 5 178488 3_internal_14428 3 14344928 14408562 156 160.494 0.999971 4.70351 0.180272 0.106579 0.60199 0.593321
ENSG00000268279.1 3 14178644 14178644 + 5 166284 3_internal_14428 3 14344928 14408562 156 161.576 1.00001 5.38638 0.0435248 0.162175 0.223881 0.197053
ENSG00000228242.1 3 14186320 14186320 + 5 158608 3_internal_14428 3 14344928 14408562 156 137.048 0.999969 4.88487 0.228624 0.0971674 0.746269 0.769141
ENSG00000170860.3 3 14219858 14219858 + 5 24939 3_internal_14950 3 14244797 14296193 156 177.389 0.95737 5.7095 0.423565 0.0629289 0.945274 0.946402
ENSG00000154767.10 3 14220283 14220283 - 5 -374761 3_internal_14843 3 14595044 14644758 156 157.721 0.999993 4.90741 0.104272 0.129258 0.38806 0.411402
ENSG00000131389.12 3 14444076 14444076 + 5 -147883 3_internal_14950 3 14244797 14296193 156 158.468 0.99999 4.95476 0.0621335 -0.147537 0.233831 0.264416
ENSG00000144596.7 3 14583588 14583588 - 6 175026 3_internal_14428 3 14344928 14408562 156 178.12 0.961094 7.40829 0.110453 -0.127338 0.547264 0.512884
ENSG00000235629.1 3 14690939 14690939 - 7 -615574 3_internal_17619 3 15306513 15451667 156 184.229 0.894756 7.70339 0.278011 0.087661 0.895522 0.896436
ENSG00000154781.11 3 14693271 14693271 + 7 772844 3_internal_16962 3 15466115 15572108 156 158.94 1.05073 7.88538 0.159252 0.111868 0.701493 0.718824
ENSG00000131379.5 3 14716606 14716606 + 7 -420413 3_internal_14950 3 14244797 14296193 156 144.681 1.03656 6.71017 0.19345 0.0995848 0.79602 0.785036
ENSG00000154783.6 3 14860469 14860469 + 8 827430 3_internal_13012 3 15687899 16016419 156 152.237 1.04783 7.91876 0.165471 -0.112424 0.781095 0.758252
ENSG00000177463.11 3 14989091 14989091 + 8 -344333 3_internal_14843 3 14595044 14644758 156 163.663 0.971901 8.51927 0.0644701 -0.145288 0.412935 0.41363
ENSG00000225733.1 3 14989931 14989931 - 8 581369 3_internal_14428 3 14344928 14408562 156 131.549 1.08338 6.99246 0.095864 0.127798 0.587065 0.576555
ENSG00000131368.3 3 15106842 15106842 - 8 671284 3_internal_11209 3 14410630 14435558 156 171.128 0.900975 8.33857 0.0745609 0.142345 0.472637 0.461036
ENSG00000131381.8 3 15140670 15140670 - 8 -165843 3_internal_17619 3 15306513 15451667 156 161.637 0.935523 7.26634 0.0453246 0.158406 0.283582 0.294537
ENSG00000230524.4 3 15247466 15247466 - 8 -440433 3_internal_13012 3 15687899 16016419 156 150.455 0.97315 7.34024 0.118912 -0.125795 0.621891 0.637973
ENSG00000131375.5 3 15247659 15247659 + 8 58854 3_internal_17619 3 15306513 15451667 156 158.651 1.02435 8.17404 0.0195679 0.18284 0.159204 0.13426
ENSG00000252085.1 3 15278600 15278600 - 8 870038 3_internal_14428 3 14344928 14408562 156 150.775 0.922982 6.82815 0.194645 0.102051 0.791045 0.808193
ENSG00000224660.1 3 15295691 15295691 + 8 10822 3_internal_17619 3 15306513 15451667 156 136.378 1.15719 7.77161 3.17483e-14 0.547286 0.00497512 1.74896e-13
ENSG00000238891.1 3 15358127 15358127 + 7 0 3_internal_17619 3 15306513 15451667 156 186.286 0.926554 8.63872 4.59575e-05 0.317138 0.00497512 0.00015004
ENSG00000131370.11 3 15382875 15382875 - 7 0 3_internal_17619 3 15306513 15451667 156 165.963 0.954471 7.5486 1.06449e-14 0.54838 0.00497512 5.03377e-14
ENSG00000144597.9 3 15468862 15468862 + 5 340961 3_internal_11365 3 15809823 15853992 156 148.825 1.00005 4.78115 0.0152037 0.189077 0.079602 0.082047
ENSG00000206926.1 3 15474723 15474723 - 5 829965 3_internal_14843 3 14595044 14644758 156 145.382 0.999973 4.52707 0.0208652 0.182131 0.119403 0.111351
ENSG00000206562.7 3 15482073 15482073 - 5 -327750 3_internal_11365 3 15809823 15853992 156 132.097 0.999927 4.40186 0.000999513 0.254822 0.0149254 0.010823
ENSG00000249786.2 3 15485576 15485576 - 5 -324247 3_internal_11365 3 15809823 15853992 156 156.868 0.99995 4.90609 0.00817666 0.209083 0.0298507 0.0386481
ENSG00000206561.6 3 15563258 15563258 - 6 0 3_internal_16962 3 15466115 15572108 156 167.807 0.973116 6.51872 1.20853e-05 0.31676 0.00497512 4.88978e-05
ENSG00000169814.8 3 15642848 15642848 + 6 -191181 3_internal_17619 3 15306513 15451667 156 152.725 1.03127 6.37074 0.0666229 0.142852 0.348259 0.353986
ENSG00000131373.10 3 15643338 15643338 - 6 71230 3_internal_16962 3 15466115 15572108 156 205.39 0.811674 8.49365 0.0365047 -0.168119 0.238806 0.20249
ENSG00000263740.1 3 15780022 15780022 + 5 0 3_internal_13012 3 15687899 16016419 156 169.787 0.999974 5.35146 0.166116 0.103226 0.59204 0.576947
ENSG00000206560.6 3 15901278 15901278 - 5 329170 3_internal_16962 3 15466115 15572108 156 184.58 0.878941 5.52355 0.307015 0.080324 0.845771 0.848731
ENSG00000154813.5 3 16306479 16306479 - 7 -610725 3_internal_13936 3 16917204 16952148 156 151.354 1.00767 7.76333 0.0109525 -0.20355 0.0895522 0.0891019
ENSG00000154814.8 3 16306706 16306706 + 7 600656 3_internal_14626 3 16907362 17024498 156 148.291 0.977588 6.29218 0.00916403 -0.204998 0.0945274 0.072385
ENSG00000131378.8 3 16555533 16555533 - 6 539114 3_internal_13012 3 15687899 16016419 156 134.261 0.999957 5.10832 0.00282789 0.231382 0.00995025 0.0283736
ENSG00000154822.11 3 16844159 16844159 + 7 63203 3_internal_14626 3 16907362 17024498 156 156.548 0.978114 6.30283 2.82487e-21 0.680719 0.00497512 4.15063e-20
ENSG00000264818.1 3 16974688 16974688 + 6 645526 3_internal_12484 3 17620214 17669399 156 182.401 0.903226 6.34403 0.0267009 -0.173735 0.139303 0.129172
ENSG00000226441.1 3 17085684 17085684 - 5 61186 3_internal_14626 3 16907362 17024498 156 129.005 0.999938 3.9606 4.38647e-08 0.441214 0.00497512 2.56318e-06
ENSG00000252976.1 3 17177214 17177214 - 5 225066 3_internal_13936 3 16917204 16952148 156 147.971 0.99999 4.51894 0.268691 0.0885215 0.79602 0.775389
ENSG00000231780.1 3 17374618 17374618 + 5 -350120 3_internal_14626 3 16907362 17024498 156 166.634 0.999972 4.98631 0.064724 0.156905 0.283582 0.250667
ENSG00000227309.1 3 17506642 17506642 + 5 -965527 3_internal_12306 3 16521112 16541115 156 153.471 1.00005 4.74878 0.135836 -0.120762 0.517413 0.508842
ENSG00000239088.1 3 17706455 17706455 + 5 81955 3_internal_14290 3 17788410 17816807 156 152.13 1.00001 4.40067 0.0329402 0.177912 0.159204 0.145867
ENSG00000233133.1 3 17747725 17747725 - 5 -40685 3_internal_14290 3 17788410 17816807 156 133.819 1.00004 3.69201 0.282663 -0.082958 0.78607 0.759
ENSG00000131374.9 3 18486309 18486309 - 3 816910 3_internal_12484 3 17620214 17669399 156 158.438 0.999962 2.72592 0.32354 -0.0826513 0.641791 0.650213
ENSG00000228956.3 3 18486516 18486516 + 3 147741 3_internal_12099 3 18634257 18790130 156 135.83 0.999952 2.49671 3.44551e-09 0.451026 0.00497512 8.84837e-08
ENSG00000182568.11 3 18487080 18487080 - 3 -147177 3_internal_12099 3 18634257 18790130 156 154.096 0.999951 2.62119 0.00478407 0.230672 0.0199005 0.013183
ENSG00000183960.4 3 19189946 19189946 + 3 -399816 3_internal_12099 3 18634257 18790130 156 199.738 0.999966 3.39314 0.283779 0.0866171 0.572139 0.578954
ENSG00000163576.13 3 19988517 19988517 - 2 -93952 3_internal_11202 3 20082469 20103331 156 147.804 0.999971 1.76178 0.227461 -0.0959008 0.383085 0.383561
ENSG00000144566.5 3 19988571 19988571 + 2 0 3_internal_11034 3 19987465 20229747 156 171.813 0.999992 2.44352 0.31207 0.0805891 0.562189 0.56496
ENSG00000183977.9 3 20053822 20053822 - 2 0 3_internal_11034 3 19987465 20229747 156 170.396 0.999986 2.21359 0.575682 -0.0451054 0.825871 0.836331
ENSG00000114166.7 3 20081515 20081515 + 2 954 3_internal_11202 3 20082469 20103331 156 151.354 1.00004 1.88879 0.000324272 0.285997 0.00497512 0.000752602
ENSG00000266745.1 3 20179057 20179057 + 2 0 3_internal_11034 3 19987465 20229747 156 145.351 1.00004 1.95935 0.349161 0.0757951 0.606965 0.590781
ENSG00000237485.1 3 20215736 20215736 + 2 0 3_internal_11034 3 19987465 20229747 156 144.224 0.999996 1.91517 0.79426 -0.0213837 0.960199 0.955038
ENSG00000129810.10 3 20227784 20227784 - 2 0 3_internal_11034 3 19987465 20229747 156 139.105 0.999974 2.1571 0.450522 -0.0613505 0.746269 0.752175
ENSG00000261734.1 3 20429741 20429741 + 2 -199994 3_internal_11034 3 19987465 20229747 156 139.227 0.999987 1.73518 0.00297199 0.226261 0.0149254 0.00869257
ENSG00000132967.9 3 22423310 22423310 + 2 0 3_internal_13591 3 21525877 22776989 156 136.774 0.99998 1.78186 0.036616 -0.168877 0.0845771 0.0880332
ENSG00000182247.5 3 23244511 23244511 + 2 0 3_internal_14047 3 23153756 23497772 156 167.045 0.99999 2.06088 1.87961e-05 0.334337 0.00497512 1.95965e-05
ENSG00000206728.1 3 23315298 23315298 + 2 0 3_internal_14047 3 23153756 23497772 156 133.651 0.999952 1.93724 0.235254 0.0971785 0.442786 0.459455
ENSG00000228171.1 3 23431400 23431400 - 2 0 3_internal_14047 3 23153756 23497772 156 170.671 1.00004 2.39612 0.080002 0.132922 0.109453 0.153177
ENSG00000221506.1 3 23441060 23441060 - 2 664071 3_internal_13591 3 21525877 22776989 156 164.866 0.999972 2.16999 0.129992 0.115176 0.218905 0.2414
ENSG00000265645.1 3 23522069 23522069 - 2 24297 3_internal_14047 3 23153756 23497772 156 150.759 1.00004 1.93491 0.034124 0.16169 0.0845771 0.0708814
ENSG00000252562.1 3 23655250 23655250 - 3 157478 3_internal_14047 3 23153756 23497772 156 151.216 0.999973 3.06088 0.0362726 0.165589 0.109453 0.115397
ENSG00000170142.7 3 23847394 23847394 + 2 -349622 3_internal_14047 3 23153756 23497772 156 208.3 0.99997 2.08291 0.787812 0.0219901 0.955224 0.946899
ENSG00000223791.1 3 23848396 23848396 - 2 350624 3_internal_14047 3 23153756 23497772 156 172.027 1.00001 1.93444 0.302986 0.08007 0.472637 0.469352
ENSG00000231395.1 3 23920989 23920989 - 2 423217 3_internal_14047 3 23153756 23497772 156 177.572 0.999992 2.18629 0.366123 0.0726458 0.58209 0.589926
ENSG00000174748.13 3 23958036 23958036 + 2 -460264 3_internal_14047 3 23153756 23497772 156 168.218 1.00004 2.10514 0.0157005 0.191982 0.0298507 0.0253195
ENSG00000174738.7 3 23986751 23986751 + 2 548507 3_internal_11845 3 24535258 24564258 156 142.015 1.00002 1.85265 0.727316 -0.0281628 0.900498 0.917202
ENSG00000197885.6 3 23988082 23988082 - 2 490310 3_internal_14047 3 23153756 23497772 156 159.382 1.00001 2.17944 0.470264 -0.0586702 0.726368 0.744657
ENSG00000224074.2 3 24144738 24144738 - 2 646966 3_internal_14047 3 23153756 23497772 156 158.575 0.999979 2.17726 0.392174 -0.0694268 0.661692 0.657031
ENSG00000151090.13 3 24536773 24536773 - 1 0 3_internal_11845 3 24535258 24564258 156 152.435 1.00001 0.989211 0.011599 0.202026 0.0149254 0.0124597
ENSG00000077092.14 3 25215823 25215823 + 2 425408 3_internal_12740 3 25641231 25649712 156 170.381 0.999974 2.10112 0.19643 -0.10439 0.358209 0.335809
ENSG00000077097.9 3 25706398 25706398 - 1 56686 3_internal_12740 3 25641231 25649712 156 162.718 1 0.948241 0.000223997 0.294244 0.00497512 0.000155317
ENSG00000264219.1 3 25706430 25706430 - 1 56718 3_internal_12740 3 25641231 25649712 156 140.324 1.00004 0.957756 0.671316 0.033268 0.691542 0.671651
ENSG00000213872.3 3 25790979 25790979 + 1 -141267 3_internal_12740 3 25641231 25649712 156 162.795 1 1.05342 0.065861 -0.149386 0.0696517 0.0633399
ENSG00000213871.3 3 25796416 25796416 + 1 -146704 3_internal_12740 3 25641231 25649712 156 177.45 1.00003 1.03959 0.983516 -0.00162492 0.995025 0.985015
ENSG00000151093.3 3 25824408 25824408 + 1 -174696 3_internal_12740 3 25641231 25649712 156 140.613 1.00003 1.07321 0.160744 -0.106836 0.199005 0.195059
ENSG00000151092.12 3 25831530 25831530 - 1 181818 3_internal_12740 3 25641231 25649712 156 184.001 0.999976 0.987777 0.296818 -0.0809583 0.268657 0.254382
ENSG00000163491.12 3 27410951 27410951 - 4 -130309 3_internal_17209 3 27541260 27577480 156 139.699 0.999966 3.46495 6.82654e-06 0.338549 0.00497512 7.19085e-05
ENSG00000227523.1 3 27503997 27503997 + 4 37263 3_internal_17209 3 27541260 27577480 156 152.481 1.00002 3.84445 0.000653497 0.261619 0.00497512 0.00289071
ENSG00000033867.12 3 27525911 27525911 - 4 -15349 3_internal_17209 3 27541260 27577480 156 152.115 0.999947 3.91085 4.82723e-18 0.610925 0.00497512 4.88349e-17
ENSG00000213846.3 3 27674467 27674467 + 4 -96987 3_internal_17209 3 27541260 27577480 156 135.51 0.999961 3.41604 2.41499e-05 0.325897 0.00497512 0.000284762
ENSG00000163508.8 3 27764206 27764206 - 4 125341 3_internal_11766 3 27630529 27638865 156 174.129 0.999996 4.5209 0.086061 0.137538 0.283582 0.278649
ENSG00000187118.8 3 28283075 28283075 + 5 0 3_internal_13942 3 28281543 28295431 156 149.129 1 4.99378 0.0409238 0.161167 0.208955 0.208102
ENSG00000163512.9 3 28390618 28390618 - 5 751753 3_internal_11766 3 27630529 27638865 156 167.289 0.999969 5.20319 0.0191125 -0.185268 0.0945274 0.0767493
ENSG00000206559.3 3 28390637 28390637 + 5 804142 3_internal_11429 3 29194779 29813422 156 174.738 1.02928 6.72753 0.0266546 0.176937 0.114428 0.112494
ENSG00000163513.13 3 30647994 30647994 + 9 403326 3_internal_11711 3 31051320 31059961 156 131.412 1.07884 6.72761 0.0284183 0.174195 0.228856 0.231076
ENSG00000224618.1 3 30668289 30668289 - 9 854867 3_internal_11429 3 29194779 29813422 156 132.6 1.14831 7.16941 0.0186857 0.196776 0.149254 0.147397
ENSG00000261468.1 3 30739153 30739153 + 9 -199826 3_internal_16497 3 30267276 30539327 156 167.929 0.953787 9.13953 0.0303736 0.167769 0.223881 0.22275
ENSG00000144644.10 3 30936257 30936257 - 8 125427 3_internal_11775 3 30775250 30810830 156 145.427 0.988385 7.39518 0.185376 0.104098 0.835821 0.81291
ENSG00000227339.1 3 31494324 31494324 + 9 -434363 3_internal_11711 3 31051320 31059961 156 169.939 0.901353 9.13465 0.0121618 0.200932 0.0945274 0.103685
ENSG00000163527.5 3 31574130 31574130 + 9 856730 3_internal_11540 3 32430860 32491580 156 144.681 0.962758 8.75305 0.0229074 0.179068 0.253731 0.238981
ENSG00000197385.5 3 32023263 32023263 + 10 -746117 3_internal_11320 3 31250930 31277146 156 144.833 1.05714 9.70873 0.0472622 0.161657 0.412935 0.401647
ENSG00000144645.9 3 32119072 32119072 - 9 842480 3_internal_12416 3 31253805 31276592 156 163.8 0.933551 9.65428 0.0899992 -0.130336 0.572139 0.593631
ENSG00000152642.6 3 32147181 32147181 + 9 299 3_internal_14771 3 32147480 32204674 156 148.596 1.05174 9.20651 5.77097e-12 0.520958 0.00497512 5.14346e-11
ENSG00000236732.1 3 32193387 32193387 - 9 0 3_internal_14771 3 32147480 32204674 156 172.682 0.940113 9.75101 0.000718012 0.264977 0.00497512 0.00517551
ENSG00000170293.4 3 32280171 32280171 + 7 207623 3_internal_14307 3 32487794 32516190 156 187.688 0.951743 8.67343 0.177635 0.105895 0.731343 0.743857
ENSG00000234737.1 3 32300432 32300432 + 7 207828 3_internal_13116 3 32508260 32545563 156 163.084 0.973954 7.9235 0.231524 0.0985069 0.875622 0.867398
ENSG00000153551.9 3 32433163 32433163 + 8 0 3_internal_11540 3 32430860 32491580 156 148.261 1.07013 7.70318 0.00774667 0.220045 0.0646766 0.0570143
ENSG00000091317.7 3 32544900 32544900 - 8 28710 3_internal_14307 3 32487794 32516190 156 163.084 0.96358 8.68242 0.0448619 0.162767 0.308458 0.316763
ENSG00000213849.3 3 32549447 32549447 + 8 -344773 3_internal_14771 3 32147480 32204674 156 172.225 0.992714 9.1453 0.0136271 -0.196108 0.0945274 0.0855886
ENSG00000144635.4 3 32612366 32612366 - 8 0 3_internal_14749 3 32586141 32704900 156 160.662 0.974391 7.54533 1.53516e-17 0.619469 0.00497512 1.02066e-16
ENSG00000237676.1 3 32677046 32677046 - 8 131483 3_internal_13116 3 32508260 32545563 156 131.671 1.05437 6.62228 0.0268644 -0.184323 0.199005 0.225765
ENSG00000182973.14 3 32726637 32726637 + 9 -521963 3_internal_14771 3 32147480 32204674 156 143.706 0.969903 7.4729 0.0424427 -0.162176 0.348259 0.340369
ENSG00000251224.1 3 32778946 32778946 - 9 574272 3_internal_14771 3 32147480 32204674 156 147.347 0.979171 8.32167 0.0142984 -0.199626 0.144279 0.141794
ENSG00000213842.2 3 32794402 32794402 + 9 -302822 3_internal_11540 3 32430860 32491580 156 144.666 1.05655 8.23699 0.0597448 0.147604 0.427861 0.42316
ENSG00000227337.1 3 32827138 32827138 + 9 877649 3_internal_12338 3 33704787 33876292 156 144.315 1.06895 8.44584 0.0199047 0.180645 0.139303 0.168938
ENSG00000206557.3 3 32859510 32859510 + 10 0 3_internal_14243 3 32797005 32916208 156 195.488 0.847757 11.9979 4.33109e-11 0.503765 0.00497512 1.20224e-10
ENSG00000183813.6 3 32993066 32993066 + 10 -288166 3_internal_14749 3 32586141 32704900 156 143.569 1.0545 7.84637 0.0368617 -0.172062 0.278607 0.281029
ENSG00000223899.1 3 33075355 33075355 + 10 -529792 3_internal_13116 3 32508260 32545563 156 160.601 0.933508 10.3314 0.0341823 0.176788 0.308458 0.313327
ENSG00000235424.1 3 33118696 33118696 + 10 -413796 3_internal_14749 3 32586141 32704900 156 169.361 0.961678 11.4112 0.018332 0.188856 0.18408 0.161602
ENSG00000188167.4 3 33138293 33138293 - 10 592730 3_internal_13116 3 32508260 32545563 156 183.011 0.935914 12.4477 0.0270981 -0.178497 0.223881 0.214229
ENSG00000170266.10 3 33138722 33138722 - 10 -179887 3_internal_12686 3 33318609 33360073 156 161.804 1.11249 10.2405 0.123796 0.120935 0.721393 0.680417
ENSG00000170275.9 3 33155471 33155471 + 10 -450571 3_internal_14749 3 32586141 32704900 156 179.674 0.918792 12.2447 0.0855804 0.130661 0.587065 0.597844
ENSG00000173705.4 3 33260707 33260707 - 9 715144 3_internal_13116 3 32508260 32545563 156 151.765 1.06141 9.82578 0.00877123 0.190706 0.079602 0.0774165
ENSG00000153558.9 3 33318517 33318517 + 9 -772954 3_internal_13116 3 32508260 32545563 156 183.254 0.956511 10.1407 0.00855584 0.204163 0.0547264 0.0505149
ENSG00000252700.1 3 33455642 33455642 + 8 -750742 3_internal_14749 3 32586141 32704900 156 152.648 0.961347 7.79386 0.000643098 -0.263106 0.0199005 0.00708135
ENSG00000153560.7 3 33482863 33482863 - 8 966673 3_internal_14307 3 32487794 32516190 156 144.894 1.1007 8.61025 0.390446 0.0690611 0.9801 0.986648
ENSG00000238008.1 3 33596128 33596128 + 5 -891228 3_internal_14749 3 32586141 32704900 156 156.823 0.999986 5.28112 0.347213 -0.0786128 0.875622 0.893771
ENSG00000163539.11 3 33759848 33759848 - 4 0 3_internal_12338 3 33704787 33876292 156 161.302 0.999979 3.99773 0.0105264 0.203885 0.0696517 0.0366186
ENSG00000170248.8 3 33839844 33839844 + 4 0 3_internal_12338 3 33704787 33876292 156 146.57 1 4.03343 3.79595e-06 0.369933 0.00497512 3.01174e-05
ENSG00000144681.6 3 36421836 36421836 + 5 541612 3_internal_16668 3 36963448 37749672 156 151.948 1.00004 4.74849 0.21358 0.102218 0.706468 0.691989
ENSG00000201315.1 3 36726531 36726531 + 6 189972 3_internal_14450 3 36916503 37000714 156 163.922 0.999975 5.7481 0.189342 0.103333 0.686567 0.676929
ENSG00000234073.1 3 36922220 36922220 - 6 -19346 3_internal_12115 3 36941566 36987289 156 144.132 0.999986 5.33219 0.118501 0.125388 0.537313 0.53431
ENSG00000168016.9 3 36986548 36986548 - 8 0 3_internal_12115 3 36941566 36987289 156 170.122 1.02193 10.1305 8.65254e-19 0.630942 0.00497512 9.28098e-20
ENSG00000236165.1 3 37017807 37017807 + 8 -78384 3_internal_11624 3 36923186 36939423 156 148.032 1.00978 7.30295 0.0624316 -0.144773 0.393035 0.404699
ENSG00000178567.5 3 37034795 37034795 - 8 -391437 3_internal_11782 3 37426232 37438048 156 140.766 1.07039 7.59888 0.0049924 0.223442 0.0497512 0.045241
ENSG00000076242.10 3 37034823 37034823 + 8 0 3_internal_16668 3 36963448 37749672 156 147.408 1.0677 6.52418 0.00130733 0.247368 0.00995025 0.00834835
ENSG00000224858.4 3 37058505 37058505 - 8 119082 3_internal_11624 3 36923186 36939423 156 171.463 0.933111 8.16907 0.206261 -0.100812 0.810945 0.82957
ENSG00000206645.1 3 37134725 37134725 - 9 0 3_internal_16668 3 36963448 37749672 156 164.699 1.06977 9.66894 0.0352819 0.173622 0.21393 0.230409
ENSG00000225558.1 3 37176149 37176149 + 9 -188860 3_internal_12115 3 36941566 36987289 156 180.192 1.09315 10.301 0.00133889 0.248677 0.00995025 0.00346059
ENSG00000199594.1 3 37181818 37181818 + 9 -194529 3_internal_12115 3 36941566 36987289 156 141.466 1.068 7.96948 0.00972613 0.205643 0.079602 0.0879835
ENSG00000224080.1 3 37185449 37185449 - 9 0 3_internal_16668 3 36963448 37749672 156 159.55 0.969652 8.70749 0.000461389 0.259682 0.00995025 0.00414576
ENSG00000093167.13 3 37225180 37225180 - 10 0 3_internal_16668 3 36963448 37749672 156 167.045 0.983495 11.5289 1.70499e-15 0.58492 0.00497512 3.52295e-15
ENSG00000144674.12 3 37284668 37284668 + 11 141564 3_internal_11782 3 37426232 37438048 156 144.65 1.21761 11.9128 0.035387 0.168097 0.318408 0.311169
ENSG00000176354.2 3 37285686 37285686 - 11 -943389 3_internal_12488 3 38229075 38325259 156 136.226 0.956456 8.29983 0.0189752 0.185046 0.199005 0.230506
ENSG00000230409.2 3 37317087 37317087 + 11 890187 3_internal_12092 3 38207274 38254567 156 149.967 0.960228 8.74841 0.139357 -0.114351 0.761194 0.764683
ENSG00000222208.1 3 37383140 37383140 + 12 545448 3_internal_17394 3 37928588 37999955 156 136.698 1.03582 9.77782 0.0614114 -0.148605 0.542289 0.541582
ENSG00000198590.7 3 37427760 37427760 + 12 642150 3_internal_17068 3 38069910 38140426 156 140.735 1.16249 10.2865 0.062845 0.145264 0.512438 0.492153
ENSG00000144668.7 3 37493606 37493606 + 12 0 3_internal_16668 3 36963448 37749672 156 160.586 1.00423 12.4237 1.41457e-21 0.683445 0.00497512 3.70794e-21
ENSG00000235257.3 3 37903271 37903271 - 13 153599 3_internal_16668 3 36963448 37749672 156 123.414 1.05088 8.80262 2.6857e-11 0.517836 0.00497512 1.12056e-08
ENSG00000144677.10 3 37903451 37903451 + 13 448424 3_internal_14378 3 38351875 38390823 156 151.125 0.99646 12.0232 0.0345244 0.169099 0.378109 0.369949
ENSG00000136059.10 3 38029550 38029550 + 9 660380 3_internal_11459 3 38689930 38726403 156 162.688 1.02072 9.37183 0.0122182 0.186741 0.0995025 0.0889873
ENSG00000200579.1 3 38056059 38056059 + 9 -306387 3_internal_16668 3 36963448 37749672 156 168.096 0.929918 8.9615 0.405651 -0.0676663 0.995025 0.989381
ENSG00000187091.9 3 38071253 38071253 - 9 633205 3_internal_11782 3 37426232 37438048 156 136.546 1.01457 7.8761 0.0189654 0.191625 0.19403 0.196135
ENSG00000008226.15 3 38080696 38080696 + 9 -642648 3_internal_11782 3 37426232 37438048 156 149.312 1.03286 8.88009 0.181422 0.107508 0.855721 0.840422
ENSG00000239685.1 3 38164574 38164574 - 10 726526 3_internal_11782 3 37426232 37438048 156 159.839 0.964228 9.96104 0.285138 0.0861352 0.970149 0.964179
ENSG00000201965.1 3 38166885 38166885 - 10 -62190 3_internal_12488 3 38229075 38325259 156 182.736 0.930644 11.5291 0.0971963 0.130952 0.587065 0.611396
ENSG00000060971.12 3 38178733 38178733 - 10 740685 3_internal_11782 3 37426232 37438048 156 134.961 1.13716 8.98703 0.352028 0.074947 0.985075 0.983949
ENSG00000172936.8 3 38179969 38179969 + 10 -191935 3_internal_13674 3 37976443 37988034 156 151.902 1.02947 9.39543 0.099113 0.129042 0.666667 0.630441
ENSG00000172939.4 3 38206580 38206580 + 11 973772 3_internal_15283 3 39180352 39223404 156 150.333 1.08453 10.7294 0.00233082 0.251317 0.0348259 0.0213215
ENSG00000172940.7 3 38307303 38307303 + 14 -319269 3_internal_13674 3 37976443 37988034 156 169.025 0.926417 15.7598 0.163608 0.114093 0.930348 0.928404
ENSG00000093217.5 3 38388251 38388251 + 15 0 3_internal_14378 3 38351875 38390823 156 156.792 1.06374 14.6966 0.0074142 0.215709 0.0895522 0.0857202
ENSG00000114739.8 3 38495342 38495342 + 14 -104519 3_internal_14378 3 38351875 38390823 156 178.151 0.982364 17.1913 0.0307654 0.166966 0.333333 0.313307
ENSG00000229589.1 3 38496311 38496311 - 14 -684041 3_internal_15283 3 39180352 39223404 156 137.78 1.03886 11.3795 0.027884 0.168763 0.378109 0.344734
ENSG00000157036.8 3 38537618 38537618 + 14 610128 3_internal_11417 3 39147746 39196073 156 171.006 0.912351 15.2523 0.0882767 -0.137617 0.751244 0.725094
ENSG00000230683.1 3 38557321 38557321 - 14 807649 3_internal_16668 3 36963448 37749672 156 147.606 1.12588 14.5779 0.0261794 -0.178627 0.338308 0.307716
ENSG00000232439.1 3 38568816 38568816 - 14 -578930 3_internal_11417 3 39147746 39196073 156 162.932 1.00335 14.3526 0.241679 0.0959205 0.985075 0.97699
ENSG00000168356.7 3 38992052 38992052 - 12 851626 3_internal_17068 3 38069910 38140426 156 164.059 1.00882 16.7409 0.0157164 -0.185824 0.18408 0.196575
ENSG00000114742.9 3 39093489 39093489 + 11 86863 3_internal_15283 3 39180352 39223404 156 151.597 0.962603 8.61846 0.000909971 0.250587 0.0149254 0.0111572
ENSG00000168026.12 3 39149152 39149152 + 10 31200 3_internal_15283 3 39180352 39223404 156 164.455 1.0022 9.99213 8.30096e-05 0.303767 0.00497512 0.000522256
ENSG00000114745.9 3 39149854 39149854 - 10 -30498 3_internal_15283 3 39180352 39223404 156 158.925 1.00645 10.7933 0.000972099 0.254232 0.0149254 0.00905568
ENSG00000144655.10 3 39196053 39196053 - 10 0 3_internal_15283 3 39180352 39223404 156 192.563 0.890984 11.6172 0.000559267 0.268513 0.00995025 0.00308704
ENSG00000168329.9 3 39323226 39323226 - 9 0 3_internal_13077 3 39307969 39327734 156 165.872 0.966938 9.79226 0.000894331 0.259616 0.0149254 0.00717983
ENSG00000223668.1 3 39400036 39400036 + 7 -203963 3_internal_11417 3 39147746 39196073 156 151.521 0.991263 6.86795 0.0841639 -0.142335 0.477612 0.475926
ENSG00000144659.5 3 39424839 39424839 + 7 -698436 3_internal_11459 3 38689930 38726403 156 181.853 0.901385 7.28034 0.00643691 0.210168 0.0597015 0.0350796
ENSG00000168028.8 3 39448180 39448180 + 7 -120446 3_internal_13077 3 39307969 39327734 156 168.157 0.940709 7.16587 0.0136205 -0.1841 0.0895522 0.0860977
ENSG00000206760.1 3 39449880 39449880 + 7 -225916 3_internal_12970 3 39207617 39223964 156 178.684 0.982967 7.3088 0.27144 0.0856944 0.880597 0.867733
ENSG00000202363.1 3 39452545 39452545 + 7 -124811 3_internal_13077 3 39307969 39327734 156 176.643 0.922318 7.67848 0.382571 0.0690083 0.970149 0.969376
ENSG00000264724.1 3 39458971 39458971 + 7 -199039 3_internal_11234 3 39249371 39259932 156 169.909 1.07351 7.33976 0.193535 0.101249 0.736318 0.732361
ENSG00000170011.9 3 39850405 39850405 + 6 -522671 3_internal_13077 3 39307969 39327734 156 169.894 0.897502 6.08098 0.0379507 -0.16293 0.218905 0.210548
ENSG00000265327.1 3 40250496 40250496 + 3 -922762 3_internal_13077 3 39307969 39327734 156 126.918 0.999994 2.59886 0.22536 -0.0916562 0.577114 0.565401
ENSG00000114784.3 3 40351175 40351175 + 0 NA NA NA NA NA NA NA NA NA NA NA NA NA
ENSG00000168032.4 3 40428647 40428647 + 0 NA NA NA NA NA NA NA NA NA NA NA NA NA
ENSG00000223797.1 3 40494820 40494820 - 0 NA NA NA NA NA NA NA NA NA NA NA NA NA
ENSG00000188846.9 3 40498783 40498783 + 0 NA NA NA NA NA NA NA NA NA NA NA NA NA
ENSG00000177873.8 3 40518604 40518604 + 0 NA NA NA NA NA NA NA NA NA NA NA NA NA
ENSG00000199906.1 3 40540494 40540494 - 0 NA NA NA NA NA NA NA NA NA NA NA NA NA
ENSG00000177842.7 3 40547483 40547483 + 0 NA NA NA NA NA NA NA NA NA NA NA NA NA
ENSG00000172888.7 3 40566369 40566369 + 0 NA NA NA NA NA NA NA NA NA NA NA NA NA
ENSG00000234287.1 3 40803036 40803036 + 0 NA NA NA NA NA NA NA NA NA NA NA NA NA
ENSG00000233096.1 3 41013069 41013069 - 0 NA NA NA NA NA NA NA NA NA NA NA NA NA
ENSG00000168036.12 3 41236328 41236328 + 2 916707 3_internal_17373 3 42153035 42581878 156 132.311 0.999956 1.84619 0.297299 -0.0849804 0.547264 0.532114
ENSG00000222942.1 3 41808411 41808411 - 5 -303100 3_internal_14453 3 42111511 42140344 156 169.818 1.00002 5.65811 0.0226391 0.180492 0.124378 0.0944299
ENSG00000223513.1 3 41901086 41901086 - 5 -886305 3_internal_16311 3 42787391 43155878 156 193.522 0.954526 6.74185 0.133149 0.11801 0.457711 0.508359
ENSG00000251986.1 3 41910587 41910587 - 5 -829526 3_internal_13245 3 42740113 42762559 156 141.375 1.00003 4.41546 0.0601374 0.148829 0.313433 0.286413
ENSG00000204772.3 3 41916531 41916531 - 5 -823582 3_internal_13245 3 42740113 42762559 156 140.324 1.00002 4.4214 0.0269865 0.178307 0.139303 0.149525
ENSG00000168038.6 3 42003922 42003922 - 5 -654296 3_internal_12829 3 42658218 42671563 156 162.536 0.999989 4.84419 0.18729 -0.107856 0.60199 0.613726
ENSG00000182606.10 3 42055294 42055294 + 5 602924 3_internal_12829 3 42658218 42671563 156 153.684 0.999983 5.38834 0.0269784 -0.180457 0.159204 0.142574
ENSG00000229339.1 3 42093186 42093186 - 5 -59849 3_internal_17373 3 42153035 42581878 156 175.271 0.93123 5.75554 0.0983971 -0.13183 0.40796 0.413029
ENSG00000234562.1 3 42187863 42187863 - 5 -599528 3_internal_16311 3 42787391 43155878 156 161.85 1.02496 5.56686 0.120561 -0.124718 0.467662 0.478266
ENSG00000222872.1 3 42263332 42263332 + 7 939993 3_internal_11491 3 43203325 43238416 156 154.233 0.987138 7.69002 0.0330991 -0.170203 0.238806 0.239597
ENSG00000114812.8 3 42530791 42530791 + 8 0 3_internal_17373 3 42153035 42581878 156 163.373 1.07974 8.56825 5.46836e-10 0.447532 0.00497512 3.58778e-10
ENSG00000232354.2 3 42574098 42574098 - 8 0 3_internal_17373 3 42153035 42581878 156 140.522 1.01727 7.58047 2.07604e-11 0.478565 0.00497512 1.08188e-09
ENSG00000008324.6 3 42623332 42623332 + 9 116781 3_internal_13245 3 42740113 42762559 156 144.285 1.00328 7.75296 0.229698 0.0970855 0.880597 0.889805
ENSG00000114857.13 3 42642106 42642106 + 9 575779 3_internal_13539 3 43217885 43260598 156 171.173 0.895794 9.41111 0.0101488 -0.20303 0.0945274 0.0889911
ENSG00000093183.9 3 42642572 42642572 - 9 60694 3_internal_17373 3 42153035 42581878 156 181.7 0.838271 9.07924 0.0388304 0.156519 0.273632 0.283605
ENSG00000114853.9 3 42695176 42695176 + 9 44937 3_internal_13245 3 42740113 42762559 156 165.811 1.0049 9.2336 0.0212731 0.178993 0.154229 0.149312
ENSG00000230084.1 3 42695880 42695880 - 9 114002 3_internal_17373 3 42153035 42581878 156 157.082 1.02425 9.78618 0.0564736 0.147488 0.427861 0.417388
ENSG00000173811.6 3 42774067 42774067 + 11 13324 3_internal_16311 3 42787391 43155878 156 161.682 0.996321 12.2438 0.0323783 -0.167049 0.288557 0.307494
ENSG00000225611.1 3 42812104 42812104 + 11 391221 3_internal_11491 3 43203325 43238416 156 172.027 0.835535 10.5627 0.0237576 -0.181981 0.268657 0.239523
ENSG00000244607.1 3 42814745 42814745 - 12 0 3_internal_16311 3 42787391 43155878 156 165.384 0.941279 12.0927 0.00802612 -0.205902 0.0995025 0.0880069
ENSG00000181061.9 3 42846023 42846023 - 12 83464 3_internal_13245 3 42740113 42762559 156 148.581 1.03236 11.3014 0.0045567 0.225304 0.0447761 0.0558581
ENSG00000144648.9 3 42846244 42846244 + 12 898740 3_internal_12247 3 43744984 43751687 156 157.097 1.03549 11.6088 0.00799899 -0.211516 0.0696517 0.0784444
ENSG00000240747.2 3 42850938 42850938 + 12 -179375 3_internal_12829 3 42658218 42671563 156 148.794 1.1042 11.9781 0.0710077 0.145717 0.587065 0.577742
ENSG00000182983.10 3 42947223 42947223 + 12 -275660 3_internal_12829 3 42658218 42671563 156 169.97 0.981732 12.8792 0.0187313 0.189412 0.169154 0.174003
ENSG00000144649.4 3 43020759 43020759 + 12 -880415 3_internal_14453 3 42111511 42140344 156 159.961 0.945939 12.2459 0.113895 0.122367 0.776119 0.775346
ENSG00000227245.1 3 43128971 43128971 + 12 0 3_internal_16311 3 42787391 43155878 156 176.825 0.9171 13.6515 0.0419064 0.163205 0.38806 0.383352
ENSG00000144647.5 3 43147568 43147568 - 11 -216972 3_internal_15030 3 43364540 43413283 156 163.495 1.01365 11.1914 0.0909835 0.13612 0.626866 0.617577
ENSG00000163788.9 3 43328004 43328004 + 11 416732 3_internal_12367 3 43744736 43752496 156 162.642 1.01797 11.4646 0.112326 -0.125399 0.676617 0.713036
ENSG00000241939.2 3 43356443 43356443 + 11 -593884 3_internal_13245 3 42740113 42762559 156 163.175 0.997906 12.3488 0.151428 -0.116454 0.865672 0.850273
ENSG00000234617.1 3 43393454 43393454 - 12 237576 3_internal_16311 3 42787391 43155878 156 154.416 1.00935 11.0624 0.0354185 0.163029 0.343284 0.331892
ENSG00000251811.1 3 43513969 43513969 + 12 -751410 3_internal_13245 3 42740113 42762559 156 159.275 1.06286 12.6782 0.100437 -0.132404 0.716418 0.703193
ENSG00000223916.1 3 43527372 43527372 - 13 -217612 3_internal_12247 3 43744984 43751687 156 164.668 1.08479 16.6697 0.0621025 0.148881 0.572139 0.575986
ENSG00000011198.3 3 43731605 43731605 + 12 13379 3_internal_12247 3 43744984 43751687 156 139.882 0.989325 10.1607 0.00344503 0.232218 0.0696517 0.0576083
ENSG00000160746.8 3 43733086 43733086 - 12 107506 3_internal_13396 3 43613464 43625580 156 158.346 1.03045 14.3956 0.00321736 0.235926 0.0298507 0.0379214
ENSG00000179152.14 3 44379611 44379611 + 11 -627924 3_internal_12247 3 43744984 43751687 156 174.068 1.00106 12.6746 0.0546312 0.151304 0.427861 0.421413
ENSG00000225873.1 3 44465499 44465499 - 11 13692 3_internal_13815 3 44378669 44451807 156 162.688 1.03358 12.1487 0.00422301 -0.218214 0.039801 0.036781
ENSG00000185219.11 3 44519162 44519162 - 11 -498706 3_internal_13711 3 45017868 45254201 156 157.417 1.0398 11.2909 0.000752463 -0.267377 0.0149254 0.00650567
ENSG00000178917.9 3 44552128 44552128 - 11 -43816 3_internal_16157 3 44595944 44668844 156 172.621 0.987584 13.7619 0.0101912 0.211517 0.0746269 0.0936661
ENSG00000196345.7 3 44596685 44596685 + 12 0 3_internal_16157 3 44595944 44668844 156 163.343 0.995385 12.0091 2.65519e-06 0.371617 0.00497512 1.95352e-05
ENSG00000144792.5 3 44619715 44619715 + 12 0 3_internal_16157 3 44595944 44668844 156 159.946 0.854136 10.3777 2.56001e-10 0.486289 0.00497512 3.18969e-08
ENSG00000186448.10 3 44626380 44626380 + 11 0 3_internal_16157 3 44595944 44668844 156 130.467 1.02414 7.63973 1.0258e-16 0.617537 0.00497512 1.20429e-13
ENSG00000169981.6 3 44690219 44690219 + 11 -21375 3_internal_16157 3 44595944 44668844 156 154.964 0.95298 9.72912 1.08621e-11 0.516391 0.00497512 3.67591e-10
ENSG00000236869.1 3 44727145 44727145 - 11 58301 3_internal_16157 3 44595944 44668844 156 183.589 0.852397 13.5995 3.53743e-06 0.36582 0.00497512 4.0492e-05
ENSG00000196653.7 3 44754135 44754135 + 10 -85291 3_internal_16157 3 44595944 44668844 156 182.477 0.92569 11.4465 1.8701e-14 0.561917 0.00497512 1.7589e-14
ENSG00000186446.7 3 44771088 44771088 + 10 -102244 3_internal_16157 3 44595944 44668844 156 140.766 1.02511 8.85257 2.6889e-05 0.329514 0.00497512 0.000486008
ENSG00000163807.4 3 44803154 44803154 - 10 351347 3_internal_13815 3 44378669 44451807 156 159.611 1.03207 10.8657 0.0178142 0.187929 0.18408 0.154727
ENSG00000163808.12 3 44803209 44803209 + 10 333353 3_internal_13359 3 45136562 45188552 156 135.952 1.16936 10.3832 0.0278659 -0.173891 0.293532 0.273853
ENSG00000169964.5 3 44903361 44903361 + 10 -451554 3_internal_13815 3 44378669 44451807 156 182.173 1.01957 12.9887 0.0491721 0.15919 0.358209 0.348347
ENSG00000163810.7 3 44916100 44916100 + 10 -247256 3_internal_16157 3 44595944 44668844 156 163.206 1.0986 11.807 0.00175146 -0.253542 0.0248756 0.0102576
ENSG00000227123.1 3 44979165 44979165 + 11 416669 3_internal_12168 3 45395834 45405502 156 162.688 0.988192 12.2348 0.333805 -0.0722489 0.985075 0.991845
ENSG00000075914.8 3 45016733 45016733 + 12 1135 3_internal_13711 3 45017868 45254201 156 167.761 0.987523 12.8278 2.06193e-11 0.515293 0.00497512 6.31876e-11
ENSG00000163812.9 3 45017677 45017677 - 12 -191 3_internal_13711 3 45017868 45254201 156 177.846 0.961585 14.9719 0.000433146 0.281222 0.00497512 0.00326722
ENSG00000163815.5 3 45043040 45043040 + 12 0 3_internal_13711 3 45017868 45254201 156 137.384 1.00742 9.34337 3.6695e-09 0.472804 0.00497512 2.60653e-07
ENSG00000163814.3 3 45187914 45187914 - 18 79254 3_internal_11271 3 45094440 45108660 156 160.037 0.958132 19.1399 0.000254305 0.266641 0.0149254 0.00516755
ENSG00000224094.1 3 45201667 45201667 - 19 -927646 3_internal_10989 3 46129313 46174899 156 157.828 1.03065 19.5761 0.068403 -0.146987 0.726368 0.731084
ENSG00000249992.1 3 45267770 45267770 - 20 159110 3_internal_11271 3 45094440 45108660 156 157.204 1.02795 19.0032 0.00853923 0.214128 0.144279 0.137204
ENSG00000011376.5 3 45429998 45429998 + 22 311100 3_internal_16225 3 45741098 45784265 156 174.936 0.940173 27.518 0.0079204 -0.20175 0.144279 0.146582
ENSG00000232455.2 3 45551037 45551037 - 25 -766495 3_internal_14857 3 46317532 46410340 156 139.09 1.065 19.2647 0.0196325 0.18932 0.38806 0.386256
ENSG00000144791.5 3 45596886 45596886 + 24 0 3_internal_12341 3 45585409 45611279 156 135.891 1.04079 17.0235 0.0123465 0.203058 0.263682 0.267699
ENSG00000211456.5 3 45730548 45730548 + 23 10550 3_internal_16225 3 45741098 45784265 156 146.189 0.97542 18.3813 0.00187055 0.251102 0.0497512 0.0510281
ENSG00000230530.1 3 45730626 45730626 - 23 -586906 3_internal_14857 3 46317532 46410340 156 176.795 0.912598 25.1666 0.0106376 -0.213263 0.208955 0.18465
ENSG00000244357.2 3 45784167 45784167 + 23 0 3_internal_16225 3 45741098 45784265 156 166.954 0.932641 23.0052 0.00323816 0.232901 0.0746269 0.0650464
ENSG00000163817.11 3 45838027 45838027 - 23 53762 3_internal_16225 3 45741098 45784265 156 173.139 0.913163 23.716 0.0029179 0.235786 0.0597015 0.0544081
ENSG00000236930.1 3 45925605 45925605 - 23 41464 3_internal_12893 3 45880116 45884141 156 175.805 0.941705 30.2972 0.0331225 -0.176142 0.532338 0.544259
ENSG00000173585.11 3 45927996 45927996 + 23 76809 3_internal_16188 3 46004805 46060716 156 145.595 1.08934 18.7994 0.0684711 -0.14582 0.756219 0.757188
ENSG00000201635.1 3 45944679 45944679 + 23 201254 3_internal_14309 3 46145933 46177803 156 177.755 0.918389 25.5013 0.0556524 -0.148516 0.656716 0.689879
ENSG00000163818.12 3 45957534 45957534 - 23 -276907 3_internal_12968 3 46234441 46404420 156 152.298 0.957805 20.03 0.00344183 -0.213925 0.109453 0.0842651
ENSG00000172215.5 3 45982425 45982425 + 23 517873 3_internal_11633 3 46500298 46531684 156 145.001 1.01707 18.6089 0.0130603 0.199789 0.288557 0.261912
ENSG00000163820.10 3 46037316 46037316 - 23 -145137 3_internal_17023 3 46182453 46414266 156 175.211 0.95324 33.8405 0.0227916 0.18217 0.39801 0.439829
ENSG00000173578.6 3 46069234 46069234 - 23 -217057 3_internal_13706 3 46286291 46360490 156 175.18 0.981618 27.4599 0.0240062 0.177157 0.38806 0.38003
ENSG00000183625.10 3 46205096 46205096 + 21 0 3_internal_17023 3 46182453 46414266 156 142.99 1.13985 17.7499 0.0104981 0.210002 0.179104 0.173868
ENSG00000163823.3 3 46249887 46249887 - 21 74988 3_internal_10989 3 46129313 46174899 156 149.815 1.01649 19.1049 5.56702e-06 0.359587 0.00497512 0.000140506
ENSG00000121807.5 3 46395225 46395225 + 20 0 3_internal_14857 3 46317532 46410340 156 160.433 0.982219 19.0249 0.000600847 0.277568 0.0149254 0.0103955
ENSG00000160791.12 3 46411633 46411633 + 20 -1293 3_internal_14857 3 46317532 46410340 156 159.108 0.892106 16.4998 0.00404371 0.230579 0.0945274 0.0833893
ENSG00000223552.1 3 46448550 46448550 - 20 38210 3_internal_14857 3 46317532 46410340 156 157.889 0.856395 18.8244 0.000269947 0.284896 0.0298507 0.0105818
ENSG00000121797.8 3 46448654 46448654 + 20 0 3_internal_12007 3 46436855 46451556 156 158.712 0.995378 19.9012 0.00862913 0.197825 0.139303 0.150457
ENSG00000240310.1 3 46451005 46451005 + 20 -323282 3_internal_13835 3 46125409 46127723 156 166.009 0.995583 22.4083 0.0281014 0.162777 0.437811 0.415042
ENSG00000178038.12 3 46735194 46735194 - 21 -667681 3_internal_10956 3 47402875 47415471 156 149.419 1.13504 19.7468 0.0161905 0.182108 0.263682 0.252408
ENSG00000181585.3 3 46742823 46742823 + 21 -332483 3_internal_14857 3 46317532 46410340 156 179.217 0.881703 27.6945 0.132792 -0.118666 0.955224 0.965779
ENSG00000160796.11 3 47021173 47021173 + 19 -843370 3_internal_14309 3 46145933 46177803 156 149.708 1.03034 15.8564 0.0388651 -0.15459 0.487562 0.487916
ENSG00000160799.6 3 47023500 47023500 - 19 619080 3_internal_12968 3 46234441 46404420 156 156.731 0.958958 17.5126 0.00135604 -0.250431 0.0348259 0.027138
ENSG00000236409.1 3 47053032 47053032 + 19 -531797 3_internal_11223 3 46500340 46521235 156 157.386 0.956147 16.7871 0.180607 -0.106099 0.965174 0.966291
ENSG00000251938.1 3 47130098 47130098 + 17 -715832 3_internal_17023 3 46182453 46414266 156 146.631 0.955296 15.7122 0.0106363 -0.210078 0.223881 0.207089
