ENSG00000162944.5 2 198540769 198540769 - 6 366074 2_internal_13311 2 197991949 198174695 156 133.484 1.00003 4.72953 0.325281 -0.0805493 0.895522 0.881506
ENSG00000247626.3 2 198570087 198570087 + 6 -392737 2_internal_13378 2 198055206 198177350 156 165.765 1.04437 6.79604 0.103748 -0.133941 0.457711 0.466539
ENSG00000152430.13 2 198651486 198651486 - 6 986398 2_internal_15728 2 197503939 197665088 156 183.163 0.92454 6.2702 0.280903 -0.0873524 0.810945 0.843033
ENSG00000115896.11 2 198669426 198669426 + 5 0 2_internal_20481 2 198667618 201943971 156 133.164 1.00005 3.83541 1.60097e-44 0.866322 0.00497512 1.16642e-37
ENSG00000257045.1 2 200190033 200190033 + 3 130089 2_internal_13900 2 200320122 200336633 156 145.214 1.00005 2.88256 0.0165525 0.19132 0.0646766 0.0587364
ENSG00000225953.2 2 200322423 200322423 + 4 0 2_internal_16036 2 198812040 200528480 156 136.561 1.00005 4.00264 0.337594 -0.0789264 0.835821 0.842374
ENSG00000119042.11 2 200335989 200335989 - 4 0 2_internal_13900 2 200320122 200336633 156 170.077 0.999992 4.13564 1.718e-07 0.417747 0.00497512 1.98061e-07
ENSG00000226124.2 2 200715896 200715896 - 7 187416 2_internal_16036 2 198812040 200528480 156 181.076 0.966682 7.59754 0.0422413 0.162584 0.20398 0.211036
ENSG00000232732.4 2 200775882 200775882 - 7 -426415 2_internal_21912 2 201202297 201322845 156 164.943 1.00539 5.84867 0.0800736 0.136531 0.333333 0.351093
ENSG00000178074.5 2 200775979 200775979 + 7 0 2_internal_20481 2 198667618 201943971 156 171.097 0.933965 6.08076 0.0578367 -0.150374 0.303483 0.28253
ENSG00000162972.6 2 200820040 200820040 + 7 382257 2_internal_21912 2 201202297 201322845 156 164.409 0.952822 6.80661 0.00324161 0.226014 0.0248756 0.0208683
ENSG00000162971.6 2 200820459 200820459 - 7 -738102 2_internal_15921 2 201558561 201579137 156 155.269 1.00702 7.5769 0.0189445 -0.183468 0.169154 0.134585
ENSG00000196141.7 2 201170604 201170604 + 7 31693 2_internal_21912 2 201202297 201322845 156 159.519 0.972662 7.41358 4.00287e-11 0.503287 0.00497512 3.34226e-10
ENSG00000163535.13 2 201374731 201374731 + 6 145578 2_internal_15620 2 201520309 201647378 156 159.367 1.02858 6.88596 0.0423848 0.168811 0.258706 0.234487
ENSG00000155729.8 2 201384507 201384507 - 6 -174054 2_internal_15921 2 201558561 201579137 156 127.496 1.00002 4.4546 0.0138518 0.195366 0.0895522 0.111293
ENSG00000138356.9 2 201450591 201450591 + 6 18301 2_internal_16899 2 201468892 201501169 156 146.905 1.00006 5.27645 7.93952e-08 0.407812 0.00497512 1.00019e-06
ENSG00000237166.1 2 201599900 201599900 - 5 20763 2_internal_15921 2 201558561 201579137 156 161.164 1.00004 4.73556 0.000131749 0.271721 0.00497512 0.000482102
ENSG00000082153.13 2 201675317 201675317 + 5 -27939 2_internal_15620 2 201520309 201647378 156 159.169 0.999992 4.91862 0.0350286 0.168595 0.129353 0.153108
ENSG00000230408.3 2 201676893 201676893 - 5 0 2_internal_20481 2 198667618 201943971 156 190.399 0.999991 5.78765 0.0825363 0.138325 0.293532 0.279369
ENSG00000260006.1 2 201689396 201689396 + 5 -366551 2_internal_21912 2 201202297 201322845 156 130.284 1.00003 4.24229 0.0275775 0.174616 0.129353 0.174248
ENSG00000224346.1 2 201708963 201708963 + 5 -129826 2_internal_15921 2 201558561 201579137 156 151.125 1.00003 5.24957 0.084502 -0.135312 0.39801 0.388812
ENSG00000252759.1 2 201727970 201727970 - 5 80592 2_internal_15620 2 201520309 201647378 156 160.083 0.999995 5.0543 0.0370166 -0.159447 0.159204 0.163124
ENSG00000013441.11 2 201729422 201729422 - 5 406577 2_internal_21912 2 201202297 201322845 156 148.23 0.999986 4.25613 0.0321856 0.158578 0.144279 0.147529
ENSG00000201499.1 2 201746544 201746544 - 5 245375 2_internal_16899 2 201468892 201501169 156 180.649 0.966512 5.61826 0.216485 0.0987274 0.691542 0.692096
ENSG00000240344.4 2 201754026 201754026 - 5 0 2_internal_20481 2 198667618 201943971 156 163.571 1.00001 5.15671 0.167517 -0.110588 0.577114 0.586847
ENSG00000196290.10 2 201754050 201754050 + 5 -174913 2_internal_15921 2 201558561 201579137 156 161.317 0.999957 5.16014 0.0285108 -0.17396 0.114428 0.126776
ENSG00000252916.1 2 201763743 201763743 + 5 -262574 2_internal_16899 2 201468892 201501169 156 157.021 0.999965 4.64106 0.0346157 0.167248 0.129353 0.14844
ENSG00000183308.6 2 201827986 201827986 + 5 -505141 2_internal_21912 2 201202297 201322845 156 150.15 0.99995 4.29827 0.07171 0.143604 0.308458 0.292267
ENSG00000115942.4 2 201828403 201828403 - 5 327234 2_internal_16899 2 201468892 201501169 156 145.823 0.999969 3.98169 0.113539 0.12558 0.41791 0.415226
ENSG00000225695.1 2 201927812 201927812 + 5 0 2_internal_20481 2 198667618 201943971 156 141.405 0.999954 3.97023 0.147363 -0.11888 0.517413 0.517803
ENSG00000226658.1 2 201931414 201931414 + 5 -430245 2_internal_16899 2 201468892 201501169 156 148.505 1.00001 4.44549 0.23171 -0.0934807 0.721393 0.710419
ENSG00000119013.4 2 201936156 201936156 + 5 0 2_internal_20481 2 198667618 201943971 156 169.696 1.04891 5.81578 0.136835 0.121119 0.512438 0.505073
ENSG00000155744.4 2 201936394 201936394 - 5 613549 2_internal_21912 2 201202297 201322845 156 173.154 1.00002 4.72438 0.174386 0.112566 0.537313 0.542044
ENSG00000232719.1 2 201966105 201966105 + 5 -464936 2_internal_16899 2 201468892 201501169 156 154.751 1.00005 5.3378 0.355852 0.070398 0.895522 0.905931
ENSG00000224672.3 2 201967859 201967859 - 5 645014 2_internal_21912 2 201202297 201322845 156 172.133 1.00004 4.81142 0.322997 0.0768212 0.810945 0.819137
ENSG00000268622.1 2 201979300 201979300 - 5 656455 2_internal_21912 2 201202297 201322845 156 140.979 1.00002 4.09375 7.06071e-06 -0.342304 0.00497512 8.02237e-05
ENSG00000003402.14 2 201980827 201980827 + 5 -657982 2_internal_21912 2 201202297 201322845 156 163.648 0.999956 4.8039 0.00306427 -0.22857 0.039801 0.0115749
ENSG00000232133.1 2 202004750 202004750 - 5 681905 2_internal_21912 2 201202297 201322845 156 136.789 1.00002 3.97321 0.00091013 -0.255853 0.00497512 0.00753049
ENSG00000238829.1 2 202006627 202006627 + 5 -427490 2_internal_15921 2 201558561 201579137 156 158.209 1.00005 5.35693 0.0770202 -0.141284 0.338308 0.341192
ENSG00000226312.3 2 202022546 202022546 - 5 699701 2_internal_21912 2 201202297 201322845 156 167.03 0.984442 5.3882 0.000462984 -0.266194 0.00497512 0.00174038
ENSG00000235579.1 2 202027403 202027403 - 5 704558 2_internal_21912 2 201202297 201322845 156 149.068 0.999999 5.10639 0.00022277 -0.289647 0.00497512 0.0015718
ENSG00000234431.2 2 202031688 202031688 + 5 -384310 2_internal_15620 2 201520309 201647378 156 188.876 1.00004 5.90759 0.0365157 -0.160311 0.164179 0.11973
ENSG00000003400.10 2 202047604 202047604 + 5 -724759 2_internal_21912 2 201202297 201322845 156 131.899 0.999985 4.23702 0.40512 -0.0667106 0.920398 0.916914
ENSG00000227348.1 2 202077804 202077804 - 5 133833 2_internal_20481 2 198667618 201943971 156 152.511 0.999957 5.18729 0.230531 -0.0990178 0.751244 0.752235
ENSG00000225796.2 2 202079383 202079383 - 5 756538 2_internal_21912 2 201202297 201322845 156 162.094 1.00004 4.5368 0.17447 -0.11124 0.572139 0.561716
ENSG00000235318.3 2 202079673 202079673 - 5 500536 2_internal_15921 2 201558561 201579137 156 140.171 1.00002 3.78701 0.0570258 -0.157949 0.233831 0.244257
ENSG00000064012.16 2 202098166 202098166 + 5 -450788 2_internal_15620 2 201520309 201647378 156 143.797 1.00002 5.05924 0.0996514 -0.135893 0.462687 0.457812
ENSG00000155749.8 2 202222121 202222121 - 5 720952 2_internal_16899 2 201468892 201501169 156 153.288 0.999976 4.96016 0.0244709 -0.17536 0.124378 0.121385
ENSG00000082146.7 2 202252581 202252581 + 5 -673444 2_internal_15921 2 201558561 201579137 156 155.436 0.99995 4.69725 0.374476 -0.0708755 0.895522 0.890341
ENSG00000213090.2 2 202278031 202278031 - 5 698894 2_internal_15921 2 201558561 201579137 156 154.568 1.00002 3.98814 0.134941 0.123414 0.437811 0.4437
ENSG00000115993.7 2 202316302 202316302 - 5 993457 2_internal_21912 2 201202297 201322845 156 169.102 0.999975 5.30293 0.0966193 -0.137328 0.373134 0.370673
ENSG00000155754.10 2 202483901 202483901 - 5 539930 2_internal_20481 2 198667618 201943971 156 145.488 0.999985 4.08344 0.0158992 -0.198518 0.119403 0.0787909
ENSG00000241790.2 2 202488153 202488153 - 5 909016 2_internal_15921 2 201558561 201579137 156 140.171 1.00003 4.08121 0.140523 0.116749 0.522388 0.514973
ENSG00000155755.14 2 202508293 202508293 - 4 564322 2_internal_20481 2 198667618 201943971 156 162.109 0.999992 4.17906 0.233137 -0.0907333 0.621891 0.653804
ENSG00000082126.12 2 202563417 202563417 - 4 619446 2_internal_20481 2 198667618 201943971 156 149.571 0.999953 4.16588 0.0351892 -0.163947 0.169154 0.153435
ENSG00000230799.1 2 202627460 202627460 + 3 -683489 2_internal_20481 2 198667618 201943971 156 144.026 0.99999 2.86154 0.0051252 -0.224201 0.0149254 0.020364
ENSG00000003393.10 2 202645912 202645912 - 3 701941 2_internal_20481 2 198667618 201943971 156 137.429 0.999954 3.01606 0.0349735 -0.1651 0.129353 0.137468
ENSG00000155760.1 2 202899310 202899310 + 2 -955339 2_internal_20481 2 198667618 201943971 156 157.082 0.99996 1.92025 0.439644 -0.0604284 0.641791 0.669382
ENSG00000223825.4 2 203066609 203066609 - 1 -405978 2_internal_15395 2 203472587 203714889 156 126.247 0.999994 0.947103 0.452064 0.0566318 0.477612 0.480248
ENSG00000224463.1 2 203096419 203096419 + 1 376168 2_internal_15395 2 203472587 203714889 156 175.47 1 0.996468 0.485683 0.0558817 0.462687 0.458395
ENSG00000116030.12 2 203103331 203103331 - 1 -369256 2_internal_15395 2 203472587 203714889 156 149.312 0.999965 0.939805 0.207516 0.0992386 0.21393 0.205938
ENSG00000055044.5 2 203130439 203130439 + 1 342148 2_internal_15395 2 203472587 203714889 156 163.373 1.00003 0.932347 0.489404 0.055901 0.437811 0.455768
ENSG00000212534.1 2 203141154 203141154 + 1 331433 2_internal_15395 2 203472587 203714889 156 133.941 1.00004 1.09342 0.264471 0.0837073 0.308458 0.32427
ENSG00000212309.1 2 203142831 203142831 + 1 329756 2_internal_15395 2 203472587 203714889 156 170.854 1 0.977012 0.232843 -0.0932883 0.199005 0.207433
ENSG00000238505.2 2 203156055 203156055 + 1 316532 2_internal_15395 2 203472587 203714889 156 158.712 1.00003 1.01207 0.608284 0.0414646 0.60199 0.609568
ENSG00000238317.1 2 203157772 203157772 + 1 314815 2_internal_15395 2 203472587 203714889 156 145.778 1 1.00465 0.260059 0.0889202 0.288557 0.277416
ENSG00000264275.1 2 203198162 203198162 + 1 274425 2_internal_15395 2 203472587 203714889 156 167.7 1.00001 1.08598 0.988964 0.00111976 0.985075 0.992208
ENSG00000242696.2 2 203222140 203222140 - 1 -250447 2_internal_15395 2 203472587 203714889 156 160.129 0.999975 0.984427 0.831112 -0.0167185 0.830846 0.824154
ENSG00000204217.8 2 203241659 203241659 + 1 230928 2_internal_15395 2 203472587 203714889 156 129.69 0.999995 1.02268 0.0993117 0.133392 0.124378 0.13582
ENSG00000236047.1 2 203385124 203385124 + 2 87463 2_internal_15395 2 203472587 203714889 156 141.908 1.00002 1.98765 0.0914673 -0.133762 0.21393 0.202361
ENSG00000138439.10 2 203499901 203499901 + 2 0 2_internal_15395 2 203472587 203714889 156 139.455 1.00001 1.92428 2.25907e-24 0.691147 0.00497512 1.14631e-21
ENSG00000240761.1 2 203639083 203639083 - 2 0 2_internal_15395 2 203472587 203714889 156 152.054 1.00001 1.96232 2.42572e-14 0.571905 0.00497512 1.0074e-13
ENSG00000233579.1 2 203706504 203706504 - 3 0 2_internal_15395 2 203472587 203714889 156 136.013 0.999946 2.64017 0.00358572 0.225134 0.00995025 0.0172059
ENSG00000163596.12 2 203736708 203736708 - 3 21819 2_internal_15395 2 203472587 203714889 156 181.868 0.999983 3.31933 7.82247e-23 0.697204 0.00497512 7.71466e-26
ENSG00000138380.12 2 203776937 203776937 + 3 533702 2_internal_14280 2 204310639 204317259 156 162.673 0.999998 2.98573 0.00346566 -0.230107 0.0199005 0.00843889
ENSG00000232479.2 2 203789332 203789332 + 3 521307 2_internal_14280 2 204310639 204317259 156 135.114 1.00004 2.72648 0.209734 -0.101063 0.512438 0.5322
ENSG00000138442.4 2 203879521 203879521 - 3 -780467 2_internal_17536 2 204659988 204816614 156 125.851 0.99998 2.68545 0.11251 0.130329 0.402985 0.362195
ENSG00000144426.14 2 203879602 203879602 + 3 780386 2_internal_17536 2 204659988 204816614 156 143.98 1.00002 2.48281 0.0409689 -0.170976 0.0845771 0.118686
ENSG00000232994.1 2 203904831 203904831 + 3 755157 2_internal_17536 2 204659988 204816614 156 169.528 1 3.26773 0.0724389 0.151841 0.208955 0.186146
ENSG00000228513.1 2 203927126 203927126 - 3 212237 2_internal_15395 2 203472587 203714889 156 115.111 0.99994 2.25542 0.000568132 -0.275518 0.00497512 0.00695444
ENSG00000225124.1 2 203939865 203939865 - 3 -370774 2_internal_14280 2 204310639 204317259 156 160.494 0.99995 2.90848 0.137611 -0.11579 0.318408 0.337644
ENSG00000204196.4 2 204055503 204055503 + 3 604485 2_internal_17536 2 204659988 204816614 156 162.536 1.00004 3.26503 0.0868767 -0.136819 0.273632 0.239701
ENSG00000119004.10 2 204103663 204103663 + 4 206976 2_internal_14280 2 204310639 204317259 156 172.164 1.00002 4.44285 0.000459891 0.281793 0.00497512 0.00103302
ENSG00000238285.1 2 204180594 204180594 - 4 465705 2_internal_15395 2 203472587 203714889 156 172.682 1.00002 4.06053 0.605229 -0.0430459 0.9801 0.972286
ENSG00000138443.10 2 204192942 204192942 + 4 -478053 2_internal_15395 2 203472587 203714889 156 151.658 1.00003 3.5393 0.221984 -0.096077 0.60199 0.600831
ENSG00000256458.1 2 204193949 204193949 - 4 479060 2_internal_15395 2 203472587 203714889 156 151.171 0.999979 4.243 0.00963514 -0.210935 0.0497512 0.0451539
ENSG00000173166.12 2 204400133 204400133 - 4 -259855 2_internal_17536 2 204659988 204816614 156 162.429 1.00001 4.82021 0.0605458 0.155252 0.248756 0.240472
ENSG00000178562.12 2 204571198 204571198 + 4 88790 2_internal_17536 2 204659988 204816614 156 142.898 0.999975 3.5135 0.00012957 0.311651 0.00497512 0.000877437
ENSG00000163599.10 2 204732509 204732509 + 3 -415250 2_internal_14280 2 204310639 204317259 156 160.845 0.999978 3.33058 0.0316643 0.175098 0.0995025 0.0937485
ENSG00000163600.8 2 204801471 204801471 + 3 0 2_internal_17536 2 204659988 204816614 156 148.048 0.999945 2.91672 0.00123667 0.263589 0.00497512 0.00481164
ENSG00000118257.12 2 206546714 206546714 + 1 -133716 2_internal_16301 2 206399829 206412998 156 140.964 1.00002 0.993035 0.932193 0.0069541 0.920398 0.934303
ENSG00000225216.2 2 206628730 206628730 - 1 215732 2_internal_16301 2 206399829 206412998 156 173.413 1 0.955367 0.771974 0.0246161 0.756219 0.744132
ENSG00000180672.4 2 206642540 206642540 + 1 -229542 2_internal_16301 2 206399829 206412998 156 151.445 0.999996 1.04078 0.794352 0.0214446 0.81592 0.810094
ENSG00000201875.1 2 206765354 206765354 + 1 -352356 2_internal_16301 2 206399829 206412998 156 167.075 0.999986 1.05959 0.655869 -0.0355013 0.661692 0.665893
ENSG00000225610.1 2 206854309 206854309 + 2 999386 2_internal_19747 2 207853695 207917169 156 139.136 1.00003 1.82062 0.74567 0.0253475 0.920398 0.925257
ENSG00000207386.1 2 206890317 206890317 + 2 -477319 2_internal_16301 2 206399829 206412998 156 151.811 0.999985 2.04245 0.519897 -0.0514069 0.766169 0.781937
ENSG00000237041.1 2 206905156 206905156 + 2 948539 2_internal_19747 2 207853695 207917169 156 124.495 0.999974 1.88741 0.292672 0.0829083 0.562189 0.553151
ENSG00000227946.1 2 206949329 206949329 + 2 904366 2_internal_19747 2 207853695 207917169 156 163.389 1.00002 1.93012 0.458948 -0.0599204 0.706468 0.682891
ENSG00000114933.11 2 206951027 206951027 - 2 538029 2_internal_16301 2 206399829 206412998 156 158.483 0.999961 2.29009 0.712674 -0.0295135 0.950249 0.941503
ENSG00000231955.1 2 206980271 206980271 + 3 972353 2_internal_17031 2 207952624 208029705 156 154.675 1 2.82972 0.223029 -0.0984828 0.512438 0.513887
ENSG00000237580.1 2 206981224 206981224 - 3 568226 2_internal_16301 2 206399829 206412998 156 163.328 0.999991 3.10269 0.0953302 0.135478 0.278607 0.248247
ENSG00000114942.9 2 207024309 207024309 + 3 -611311 2_internal_16301 2 206399829 206412998 156 172.24 1.00004 3.21538 0.23675 0.0968397 0.562189 0.538411
ENSG00000023228.8 2 207024327 207024327 - 3 -928297 2_internal_17031 2 207952624 208029705 156 156.442 1.00004 2.87613 0.182947 -0.0984412 0.437811 0.439492
ENSG00000207047.2 2 207026602 207026602 + 3 926022 2_internal_17031 2 207952624 208029705 156 166.877 1.00004 2.93802 0.258137 -0.0919843 0.557214 0.557137
ENSG00000207406.1 2 207026952 207026952 + 3 -613954 2_internal_16301 2 206399829 206412998 156 150.973 1.00005 2.85148 0.0497713 0.159552 0.129353 0.14539
ENSG00000204186.3 2 207139387 207139387 + 4 714308 2_internal_19747 2 207853695 207917169 156 170.488 0.999959 4.47581 0.212715 0.10115 0.572139 0.616205
ENSG00000114948.8 2 207308263 207308263 + 4 -895265 2_internal_16301 2 206399829 206412998 156 129.66 0.999975 3.28623 0.127925 -0.127733 0.437811 0.447794
ENSG00000118246.9 2 207630081 207630081 + 4 223614 2_internal_19747 2 207853695 207917169 156 135.936 1.00005 3.2439 0.0239053 0.173814 0.0995025 0.109245
ENSG00000260171.1 2 207687018 207687018 - 4 -166677 2_internal_19747 2 207853695 207917169 156 153.471 1.00002 3.83773 0.144539 0.115992 0.442786 0.458807
ENSG00000253008.2 2 207974797 207974797 - 6 0 2_internal_17031 2 207952624 208029705 156 144.163 0.999966 4.65729 0.00484636 0.221062 0.0199005 0.0311662
ENSG00000237892.1 2 207986768 207986768 - 6 69599 2_internal_19747 2 207853695 207917169 156 145.9 1.0457 5.91654 0.0818692 -0.131617 0.467662 0.415882
ENSG00000118263.10 2 208031991 208031991 - 6 114822 2_internal_19747 2 207853695 207917169 156 151.673 0.99994 5.51054 0.0308385 -0.174368 0.139303 0.170089
ENSG00000224342.1 2 208038358 208038358 + 7 304276 2_internal_14417 2 208342634 208394258 156 155.299 1.01479 6.65075 0.0404076 0.159833 0.248756 0.236231
ENSG00000225916.1 2 208091673 208091673 + 7 250961 2_internal_14417 2 208342634 208394258 156 143.096 1.0251 5.56698 0.0693248 0.148424 0.38806 0.36739
ENSG00000234902.2 2 208100790 208100790 - 7 -241844 2_internal_14417 2 208342634 208394258 156 141.969 1.00185 6.31196 0.0112519 0.20031 0.0845771 0.0941145
ENSG00000240440.1 2 208102599 208102599 - 7 -933789 2_internal_17808 2 209036388 209040652 156 158.361 0.93815 6.67074 0.018324 -0.190737 0.149254 0.129484
ENSG00000229647.1 2 208104374 208104374 + 7 0 2_internal_17424 2 208098999 208124200 156 184.382 0.990982 9.34399 0.00438434 0.226712 0.0199005 0.018772
ENSG00000225064.1 2 208125169 208125169 + 7 217465 2_internal_14417 2 208342634 208394258 156 170.351 0.911428 7.99045 0.087061 0.136718 0.497512 0.500491
ENSG00000118260.9 2 208394461 208394461 + 8 -203 2_internal_14417 2 208342634 208394258 156 141.451 1.10108 7.46975 0.000171086 0.291378 0.00497512 0.00135998
ENSG00000223725.1 2 208394519 208394519 - 8 261 2_internal_14417 2 208342634 208394258 156 174.693 1.00296 8.98671 0.0446098 0.156567 0.293532 0.262744
ENSG00000242128.1 2 208461889 208461889 + 8 -67631 2_internal_14417 2 208342634 208394258 156 159.169 1.13229 8.60654 9.21738e-05 0.293474 0.00497512 0.000242703
ENSG00000144401.9 2 208490652 208490652 - 8 -448538 2_internal_15740 2 208939190 209272109 156 146.783 1.03593 7.15059 0.0191246 -0.180204 0.144279 0.141909
ENSG00000224137.1 2 208527099 208527099 + 8 509289 2_internal_17808 2 209036388 209040652 156 164.394 1.07227 8.48523 0.0159778 -0.188172 0.0845771 0.0895808
ENSG00000163249.5 2 208576264 208576264 + 8 634791 2_internal_18689 2 209211055 209232107 156 175.089 0.937086 7.89372 0.0657385 -0.146209 0.373134 0.369498
ENSG00000264900.1 2 208619531 208619531 + 8 -225273 2_internal_14417 2 208342634 208394258 156 162.627 0.928431 8.29367 0.185211 0.106602 0.800995 0.819069
ENSG00000163251.3 2 208634287 208634287 - 8 604582 2_internal_17031 2 207952624 208029705 156 172.255 0.92529 9.00327 0.0733461 -0.141151 0.462687 0.462659
ENSG00000244567.1 2 208687493 208687493 - 8 -348895 2_internal_17808 2 209036388 209040652 156 128.624 1.06615 6.45332 0.00788568 -0.214517 0.079602 0.0822761
ENSG00000225111.1 2 208734639 208734639 - 8 -215982 2_internal_14606 2 208950621 208960956 156 174.891 0.943154 9.11525 0.0406169 -0.160406 0.258706 0.268293
ENSG00000212246.1 2 208884465 208884465 - 8 490207 2_internal_14417 2 208342634 208394258 156 171.829 0.997882 9.15473 0.210279 0.0993947 0.845771 0.852715
ENSG00000178385.9 2 208890284 208890284 - 8 766084 2_internal_17424 2 208098999 208124200 156 152.664 1.02077 7.67508 0.0429085 0.16253 0.268657 0.289672
ENSG00000231908.1 2 209119971 209119971 + 6 -725713 2_internal_14417 2 208342634 208394258 156 166.771 0.936613 5.85953 0.235357 -0.0983185 0.771144 0.78544
ENSG00000138413.9 2 209130798 209130798 - 5 90146 2_internal_17808 2 209036388 209040652 156 160.189 0.999961 4.89493 0.0766781 0.140877 0.283582 0.309332
ENSG00000115020.12 2 209130991 209130991 + 5 -736733 2_internal_14417 2 208342634 208394258 156 142.457 0.999963 4.66198 0.0440382 -0.158425 0.243781 0.229367
ENSG00000228380.1 2 209134681 209134681 - 5 740423 2_internal_14417 2 208342634 208394258 156 185.585 0.999975 5.37176 0.247508 -0.0950288 0.691542 0.712472
ENSG00000144407.5 2 209224438 209224438 + 5 0 2_internal_15740 2 208939190 209272109 156 163.983 1.00004 4.97362 9.73511e-05 0.303719 0.00497512 0.000320432
ENSG00000213081.3 2 209226094 209226094 - 5 0 2_internal_15740 2 208939190 209272109 156 161.957 1.00001 4.72072 0.161957 0.106631 0.552239 0.546272
ENSG00000144406.12 2 210636717 210636717 + 0 NA NA NA NA NA NA NA NA NA NA NA NA NA
ENSG00000197713.9 2 210867289 210867289 + 0 NA NA NA NA NA NA NA NA NA NA NA NA NA
ENSG00000229127.1 2 210895457 210895457 + 0 NA NA NA NA NA NA NA NA NA NA NA NA NA
ENSG00000231063.1 2 210952950 210952950 + 0 NA NA NA NA NA NA NA NA NA NA NA NA NA
ENSG00000144445.10 2 211036107 211036107 - 0 NA NA NA NA NA NA NA NA NA NA NA NA NA
ENSG00000231294.1 2 211036242 211036242 + 0 NA NA NA NA NA NA NA NA NA NA NA NA NA
ENSG00000234281.1 2 211189483 211189483 + 0 NA NA NA NA NA NA NA NA NA NA NA NA NA
ENSG00000115365.7 2 211342376 211342376 - 0 NA NA NA NA NA NA NA NA NA NA NA NA NA
ENSG00000030419.12 2 214017151 214017151 - 1 22070 2_internal_20243 2 213822205 213995081 156 130.162 1.00003 0.959734 0.0332837 0.17111 0.0298507 0.0498803
ENSG00000144451.13 2 214149113 214149113 + 1 -154032 2_internal_20243 2 213822205 213995081 156 184.016 1.00002 1.04518 0.144109 0.116832 0.129353 0.11733
ENSG00000138376.6 2 215674428 215674428 - 4 0 2_internal_19388 2 215662221 215675430 156 143.919 1.00002 3.26178 2.12383e-08 0.450361 0.00497512 2.43403e-07
ENSG00000230076.1 2 215711852 215711852 + 4 771991 2_internal_18375 2 216483843 216678371 156 169.315 0.99999 4.63857 0.113137 -0.125048 0.412935 0.382803
ENSG00000138363.10 2 216176540 216176540 + 9 353212 2_internal_16581 2 216529752 216589257 156 146.402 1.03511 7.75115 0.144866 -0.120094 0.696517 0.724259
ENSG00000115414.14 2 216300895 216300895 - 9 -57166 2_internal_17897 2 216358061 216445268 156 163.48 1.00214 10.1784 4.19888e-07 0.389383 0.00497512 2.19495e-06
ENSG00000237525.2 2 216397856 216397856 + 9 -722426 2_internal_19388 2 215662221 215675430 156 175.835 0.914317 9.58136 0.00247561 -0.238746 0.0149254 0.0187312
ENSG00000235770.1 2 216708445 216708445 - 10 119188 2_internal_16581 2 216529752 216589257 156 144.864 1.08356 8.30103 8.94336e-05 0.293359 0.00497512 0.000739884
ENSG00000118242.10 2 216898819 216898819 - 10 -43571 2_internal_15230 2 216942390 216986298 156 155.497 0.918054 8.37807 1.81766e-07 0.407401 0.00497512 4.89419e-06
ENSG00000163449.6 2 216946589 216946589 + 10 -5098 2_internal_16184 2 216837985 216941491 156 158.163 1.16297 11.0842 0.00918125 0.209449 0.0646766 0.0587307
ENSG00000115425.9 2 216947678 216947678 - 10 0 2_internal_15230 2 216942390 216986298 156 142.152 1.19464 9.80467 2.93402e-06 0.364706 0.00497512 1.16537e-05
ENSG00000079246.11 2 216972187 216972187 + 10 97452 2_internal_14902 2 217069639 217076310 156 132.859 1.03748 8.13263 0.0706969 -0.145729 0.557214 0.540986
ENSG00000232970.1 2 217021534 217021534 - 10 576266 2_internal_17897 2 216358061 216445268 156 159.839 0.955696 10.0936 0.224178 0.0995979 0.930348 0.923064
ENSG00000236478.2 2 217040755 217040755 - 10 362384 2_internal_18375 2 216483843 216678371 156 123.993 1.1116 7.73462 0.0140104 -0.196331 0.174129 0.161578
ENSG00000260804.2 2 217081768 217081768 + 10 401812 2_internal_18238 2 217483580 217549405 156 163.465 0.992462 10.8769 0.0817013 -0.139867 0.577114 0.573661
ENSG00000138375.8 2 217277137 217277137 + 11 805481 2_internal_17107 2 218082618 218656581 156 125.089 1.03891 8.59731 0.0703986 -0.144224 0.606965 0.599624
ENSG00000235042.1 2 217277419 217277419 - 11 599048 2_internal_18375 2 216483843 216678371 156 201.81 0.759519 15.9388 0.0438486 0.151851 0.412935 0.42213
ENSG00000241520.1 2 217351919 217351919 - 11 -278517 2_internal_16375 2 217630436 217955813 156 160.129 1.00372 10.5635 0.0338375 -0.161536 0.273632 0.28566
ENSG00000197756.5 2 217362912 217362912 + 11 120668 2_internal_18238 2 217483580 217549405 156 151.871 1.00329 11.1635 0.0265031 -0.17515 0.323383 0.275158
ENSG00000232485.2 2 217363484 217363484 - 11 -266952 2_internal_16375 2 217630436 217955813 156 169.178 0.953168 13.2463 0.0142588 -0.188718 0.164179 0.148309
ENSG00000224414.1 2 218558618 218558618 + 7 0 2_internal_17107 2 218082618 218656581 156 158.011 0.988475 7.02324 0.00205633 0.247614 0.00995025 0.0141699
ENSG00000231672.2 2 218621316 218621316 - 8 0 2_internal_17107 2 218082618 218656581 156 175.637 1.01443 9.28394 0.000534667 0.281937 0.00995025 0.00200963
ENSG00000231035.1 2 218626014 218626014 - 8 -171936 2_internal_19407 2 218797950 218939431 156 152.77 1.04256 8.41835 0.0185232 0.198062 0.119403 0.140967
ENSG00000256309.1 2 218665979 218665979 - 8 -131971 2_internal_19407 2 218797950 218939431 156 167.182 1.05058 8.88893 8.22642e-09 0.456321 0.00497512 8.60504e-09
ENSG00000223923.1 2 218843430 218843430 + 9 0 2_internal_19407 2 218797950 218939431 156 151.125 1.00471 8.04515 0.0168041 0.192207 0.129353 0.138779
ENSG00000079308.11 2 218867718 218867718 - 9 0 2_internal_19407 2 218797950 218939431 156 132.265 1.0804 8.22357 9.50493e-10 0.47579 0.00497512 4.02432e-08
ENSG00000188282.8 2 218899683 218899683 + 9 0 2_internal_19407 2 218797950 218939431 156 152.923 1.03886 9.34329 0.000405304 0.276793 0.00995025 0.00344115
ENSG00000229754.1 2 218930452 218930452 - 9 0 2_internal_19407 2 218797950 218939431 156 139.364 1.01521 8.39347 1.10337e-06 0.377038 0.00497512 2.95542e-05
ENSG00000180871.3 2 218990012 218990012 + 9 0 2_internal_16924 2 218988718 219033086 156 135.159 0.945631 6.80362 0.0314798 0.16597 0.283582 0.29496
ENSG00000163464.7 2 219031718 219031718 - 9 0 2_internal_14080 2 218988455 219034443 156 168.035 0.944433 10.8446 4.81842e-05 0.304825 0.00497512 0.000429645
ENSG00000163466.11 2 219081817 219081817 + 11 492994 2_internal_15015 2 219574811 219712848 156 150.714 1.01971 10.3836 0.108004 -0.12436 0.706468 0.709005
ENSG00000261338.1 2 219120042 219120042 + 11 52159 2_internal_14986 2 219172201 219264317 156 158.514 0.991005 10.4418 0.00929259 0.197575 0.0945274 0.0898171
ENSG00000179921.10 2 219124219 219124219 + 12 -184788 2_internal_19407 2 218797950 218939431 156 156.32 1.06779 13.073 0.0402534 0.16253 0.373134 0.382287
ENSG00000127837.5 2 219134980 219134980 - 12 -588480 2_internal_19053 2 219723460 219926414 156 148.2 0.986128 9.98813 0.00108861 -0.241297 0.0248756 0.0153865
ENSG00000127838.9 2 219135115 219135115 + 12 986952 2_internal_15042 2 220122067 220128887 156 154.233 0.920851 10.8634 0.046047 -0.157224 0.427861 0.448179
ENSG00000135926.7 2 219157309 219157309 - 12 -14892 2_internal_14986 2 219172201 219264317 156 167.182 1.04882 13.6073 0.171686 0.107141 0.890547 0.894114
ENSG00000238736.1 2 219193303 219193303 + 12 -158860 2_internal_14080 2 218988455 219034443 156 166.527 1.04259 15.8963 0.03605 -0.167579 0.393035 0.366777
ENSG00000158428.3 2 219221579 219221579 + 12 813976 2_internal_15507 2 220035555 220077152 156 181.883 0.960834 14.6763 0.0206338 0.185804 0.189055 0.182181
ENSG00000237281.1 2 219222689 219222689 - 12 -722880 2_internal_14205 2 219945569 219976163 156 146.189 1.01082 10.5177 0.0276899 -0.166741 0.268657 0.293175
ENSG00000225062.1 2 219232558 219232558 - 12 -802997 2_internal_15507 2 220035555 220077152 156 144.65 0.98295 11.3918 0.0162131 0.193266 0.233831 0.218259
ENSG00000018280.12 2 219246752 219246752 + 12 0 2_internal_14986 2 219172201 219264317 156 153.197 1.03543 11.7767 1.10109e-07 0.390908 0.00497512 1.03831e-06
ENSG00000144579.3 2 219262979 219262979 + 13 0 2_internal_14986 2 219172201 219264317 156 144.909 1.0458 11.6537 0.000736122 0.262631 0.00995025 0.0106519
ENSG00000199121.2 2 219267369 219267369 + 13 -3052 2_internal_14986 2 219172201 219264317 156 148.17 0.897099 10.7974 0.045404 0.15669 0.442786 0.483834
ENSG00000127831.6 2 219283815 219283815 + 13 838252 2_internal_15042 2 220122067 220128887 156 147.636 1.09313 14.3694 0.00102799 0.255878 0.0199005 0.0133918
ENSG00000135913.6 2 219433084 219433084 - 14 -141727 2_internal_15015 2 219574811 219712848 156 143.873 1.01347 11.5526 4.68955e-05 0.311418 0.00497512 0.000972362
ENSG00000144580.9 2 219433303 219433303 + 14 141508 2_internal_15015 2 219574811 219712848 156 176.46 1.01057 18.6481 0.025715 -0.171643 0.288557 0.277984
ENSG00000207393.1 2 219454043 219454043 - 14 -585127 2_internal_14484 2 220039170 220146978 156 146.25 0.916977 10.4543 0.00762926 -0.208948 0.129353 0.121886
ENSG00000115556.9 2 219472488 219472488 + 14 102323 2_internal_15015 2 219574811 219712848 156 153.151 1.08851 14.2065 0.0322371 -0.167156 0.368159 0.346251
ENSG00000074582.8 2 219523487 219523487 + 14 515683 2_internal_14484 2 220039170 220146978 156 195.32 0.768327 17.644 0.00497654 -0.223803 0.0895522 0.0709378
ENSG00000115568.11 2 219524378 219524378 - 14 491292 2_internal_16924 2 218988718 219033086 156 147.728 1.11713 14.3211 0.00323469 0.228821 0.0447761 0.0396703
ENSG00000163482.6 2 219536749 219536749 + 14 408820 2_internal_14205 2 219945569 219976163 156 162.612 0.867815 12.1162 0.0119624 -0.205421 0.199005 0.162898
ENSG00000163481.3 2 219537134 219537134 - 14 -498421 2_internal_15507 2 220035555 220077152 156 159.093 0.941682 12.1326 0.0247305 0.184296 0.253731 0.275042
ENSG00000135912.6 2 219575568 219575568 + 14 -319760 2_internal_14754 2 219224908 219255808 156 157.721 1.03227 13.6568 0.0439382 -0.153962 0.427861 0.43434
ENSG00000135929.4 2 219646472 219646472 + 14 0 2_internal_15015 2 219574811 219712848 156 194.025 0.817844 17.2442 9.97689e-23 0.656124 0.00497512 6.70154e-22
ENSG00000115592.7 2 219696809 219696809 - 13 0 2_internal_15015 2 219574811 219712848 156 153.532 0.913011 11.6775 6.84652e-16 0.562624 0.00497512 2.24229e-13
ENSG00000115596.3 2 219724544 219724544 + 13 0 2_internal_19053 2 219723460 219926414 156 173.657 0.867817 14.5052 0.00829795 0.209036 0.0995025 0.110091
ENSG00000163501.5 2 219925189 219925189 - 13 -480845 2_internal_13913 2 220406034 220418320 156 154.385 0.983459 13.0975 0.0447397 -0.156626 0.492537 0.467254
ENSG00000187736.8 2 220025587 220025587 - 12 -9968 2_internal_15507 2 220035555 220077152 156 171.463 1.00001 14.5628 0.0056754 0.231826 0.0646766 0.0529485
ENSG00000213901.6 2 220035549 220035549 - 10 -6 2_internal_15507 2 220035555 220077152 156 147.53 1.03827 9.26421 0.00105178 0.272012 0.0149254 0.0111055
ENSG00000144567.6 2 220040947 220040947 + 10 0 2_internal_15507 2 220035555 220077152 156 136.729 1.07093 8.36889 2.49075e-09 0.45539 0.00497512 6.54487e-08
ENSG00000115649.11 2 220042828 220042828 - 10 0 2_internal_15507 2 220035555 220077152 156 186.819 0.940191 12.9744 0.0203017 0.181727 0.129353 0.154775
ENSG00000158552.8 2 220059959 220059959 + 10 201224 2_internal_14666 2 220261183 220268314 156 159.016 1.04938 10.3493 0.129726 -0.11431 0.736318 0.735857
ENSG00000115657.8 2 220083712 220083712 - 10 0 2_internal_14484 2 220039170 220146978 156 171.493 0.961564 11.4865 0.00768117 0.203686 0.0497512 0.0655397
ENSG00000221344.1 2 220088827 220088827 - 10 824510 2_internal_14986 2 219172201 219264317 156 159.382 1.09433 12.4569 0.0143248 0.196931 0.134328 0.124359
