ENSG00000258980.1 14 65996292 65996292 - 10 260429 14_internal_6564 14 65705695 65735863 156 157.935 0.993288 9.51781 0.00311924 -0.229946 0.0248756 0.0283661
ENSG00000224861.1 14 66480507 66480507 - 7 744644 14_internal_6564 14 65705695 65735863 156 153.684 0.916314 5.6906 0.0137331 -0.193139 0.114428 0.100789
ENSG00000196553.9 14 66953072 66953072 + 3 937044 14_internal_7625 14 67890116 67988054 156 153.212 1.00001 3.19121 0.483546 -0.0543981 0.885572 0.881534
ENSG00000171723.11 14 66974125 66974125 + 3 -578374 14_internal_6306 14 66343509 66395751 156 146.372 0.999963 2.65456 0.12982 0.124777 0.323383 0.334754
ENSG00000258561.1 14 66976112 66976112 - 3 -914004 14_internal_7625 14 67890116 67988054 156 157.6 0.999983 3.18791 0.0183839 -0.188437 0.0646766 0.0556302
ENSG00000258796.1 14 67227250 67227250 + 3 0 14_internal_8528 14 67094760 67468957 156 169.833 0.999994 3.36575 0.0292019 0.175104 0.0746269 0.0748999
ENSG00000258490.1 14 67436533 67436533 - 3 0 14_internal_8528 14 67094760 67468957 156 170.945 1.00004 3.0404 0.708105 0.0298376 0.9801 0.972974
ENSG00000172717.10 14 67656110 67656110 + 3 -187153 14_internal_8528 14 67094760 67468957 156 148.657 0.999961 2.64368 0.0883668 0.140684 0.248756 0.234741
ENSG00000072415.4 14 67707826 67707826 + 3 -238869 14_internal_8528 14 67094760 67468957 156 186.834 0.999978 3.14408 0.582349 -0.0427651 0.945274 0.91716
ENSG00000199755.1 14 67806785 67806785 + 4 -337828 14_internal_8528 14 67094760 67468957 156 161.728 0.99997 4.4749 0.0961522 -0.134706 0.333333 0.345052
ENSG00000134001.8 14 67826714 67826714 + 5 919354 14_internal_7456 14 68746068 68794598 156 136.53 0.999978 3.96423 0.0299057 -0.176116 0.169154 0.157361
ENSG00000100554.7 14 67826982 67826982 - 5 -402937 14_internal_8199 14 68229919 68288850 156 155.025 1.00001 5.03792 0.0147125 0.189999 0.0696517 0.073442
ENSG00000100558.4 14 67878917 67878917 - 6 409960 14_internal_8528 14 67094760 67468957 156 149.297 0.961823 5.58713 0.332763 0.0798346 0.935323 0.91026
ENSG00000054690.9 14 68000018 68000018 + 6 229901 14_internal_8199 14 68229919 68288850 156 147.575 0.958837 5.68202 0.0510915 0.159434 0.318408 0.305498
ENSG00000198133.4 14 68000456 68000456 - 6 12402 14_internal_7625 14 67890116 67988054 156 175.622 0.850749 6.75371 2.57781e-28 0.730868 0.00497512 2.48274e-26
ENSG00000100564.4 14 68067004 68067004 - 8 -162915 14_internal_8199 14 68229919 68288850 156 149.19 0.960528 6.39592 0.0370886 0.16638 0.253731 0.25409
ENSG00000081181.3 14 68086515 68086515 + 8 954413 14_internal_5404 14 69040928 69153742 156 158.407 0.940729 7.43045 0.0690534 0.144076 0.437811 0.430931
ENSG00000258626.2 14 68119331 68119331 - 8 -921597 14_internal_5404 14 69040928 69153742 156 139.836 1.09628 6.91657 0.201173 0.101625 0.81592 0.806759
ENSG00000199438.1 14 68123928 68123928 - 8 -716024 14_internal_8608 14 68839952 68872192 156 171.966 0.838493 8.62286 0.00307664 0.23326 0.0348259 0.0330395
ENSG00000100568.6 14 68141548 68141548 - 8 -698404 14_internal_8608 14 68839952 68872192 156 151.536 1.06212 7.80487 0.0220068 0.183894 0.154229 0.151664
ENSG00000258466.1 14 68157084 68157084 - 8 -682868 14_internal_8608 14 68839952 68872192 156 133.59 1.20263 7.83938 0.0209066 0.184694 0.159204 0.158089
ENSG00000072042.8 14 68162531 68162531 - 8 -67388 14_internal_8199 14 68229919 68288850 156 152.816 1.02363 7.04455 0.00640987 0.211467 0.0447761 0.0444217
ENSG00000139988.5 14 68168603 68168603 + 8 671349 14_internal_8608 14 68839952 68872192 156 146.524 0.973278 8.14159 0.00146486 0.244127 0.0298507 0.0186493
ENSG00000252792.1 14 68212191 68212191 - 9 -533877 14_internal_7456 14 68746068 68794598 156 164.958 1.06828 10.184 0.0590707 0.14999 0.402985 0.389202
ENSG00000239820.2 14 68218261 68218261 - 9 -823393 14_internal_6162 14 69041654 69264513 156 173.55 0.939955 8.92801 0.0714949 0.145142 0.402985 0.438429
ENSG00000258759.1 14 68265721 68265721 + 11 558700 14_internal_6188 14 68824421 68831744 156 132.204 0.982623 8.54233 0.186002 0.106747 0.870647 0.887971
ENSG00000072121.11 14 68283307 68283307 - 11 0 14_internal_8199 14 68229919 68288850 156 142.898 1.2096 11.1945 8.46996e-08 0.392394 0.00497512 2.14556e-07
ENSG00000182185.13 14 68286496 68286496 + 11 0 14_internal_8199 14 68229919 68288850 156 165.735 1.00012 11.0025 0.11785 0.127588 0.736318 0.711869
ENSG00000258837.1 14 68596913 68596913 - 11 -647307 14_internal_8008 14 69244220 69284286 156 151.247 1.07029 10.5512 0.00775613 -0.212009 0.0646766 0.0727857
ENSG00000244677.2 14 68616625 68616625 - 11 -861024 14_internal_5665 14 69477649 69521191 156 169.376 0.957401 10.393 0.0247303 -0.179594 0.20398 0.199574
ENSG00000243546.2 14 68703256 68703256 - 11 -774393 14_internal_5665 14 69477649 69521191 156 155.909 0.997508 9.26598 0.121103 -0.121294 0.711443 0.698905
ENSG00000240210.2 14 68806258 68806258 - 11 -235396 14_internal_6162 14 69041654 69264513 156 143.31 1.06676 9.1591 0.0100313 0.209629 0.104478 0.0998308
ENSG00000258477.1 14 68888913 68888913 - 13 -330882 14_internal_6990 14 69219795 69227198 156 176.079 0.868491 14.8555 0.0252961 0.179137 0.268657 0.290404
ENSG00000258623.1 14 69152282 69152282 - 17 0 14_internal_6162 14 69041654 69264513 156 150.135 0.967517 12.5745 0.0405047 0.163198 0.467662 0.451395
ENSG00000185650.8 14 69263190 69263190 - 17 0 14_internal_6162 14 69041654 69264513 156 140.156 1.10913 17.9495 2.20363e-06 0.383703 0.00497512 4.67951e-05
ENSG00000258565.1 14 69336668 69336668 - 16 -789769 14_internal_6143 14 70126437 70181675 156 167.761 1.12136 22.7869 0.00522717 -0.221652 0.0597015 0.0580104
ENSG00000258967.1 14 69354801 69354801 - 16 560203 14_internal_7456 14 68746068 68794598 156 124.693 1.07842 11.9619 0.0775088 0.142642 0.771144 0.74203
ENSG00000258531.2 14 69403319 69403319 + 16 675595 14_internal_5447 14 70078914 70187271 156 158.986 1.01465 16.2488 0.013931 -0.193333 0.189055 0.186595
ENSG00000072110.9 14 69446157 69446157 - 16 292415 14_internal_5404 14 69040928 69153742 156 146.433 1.00079 14.0676 0.0595083 0.142748 0.621891 0.627898
ENSG00000259062.1 14 69446399 69446399 + 16 680038 14_internal_6143 14 70126437 70181675 156 163.054 1.04122 16.249 0.0451172 -0.163215 0.467662 0.469909
ENSG00000259165.1 14 69550115 69550115 + 16 -28924 14_internal_5665 14 69477649 69521191 156 147.21 0.848368 12.27 0.00780108 -0.211171 0.159204 0.165386
ENSG00000206768.1 14 69610670 69610670 - 16 -465167 14_internal_5429 14 70075837 70235735 156 164.836 0.914416 14.5928 0.0785228 0.142564 0.681592 0.690649
ENSG00000139990.13 14 69619867 69619867 - 16 -455970 14_internal_5429 14 70075837 70235735 156 150.165 0.959621 13.2347 0.126315 -0.122779 0.865672 0.859371
ENSG00000081177.13 14 69658228 69658228 + 16 -137037 14_internal_5665 14 69477649 69521191 156 159.275 0.974682 16.0851 0.020495 0.187882 0.258706 0.279336
ENSG00000258957.1 14 69680809 69680809 - 16 -333866 14_internal_5890 14 70014675 70071044 156 149.19 1.05588 14.5807 0.0626414 -0.152099 0.61194 0.62273
ENSG00000100626.11 14 69725994 69725994 + 16 -461481 14_internal_6162 14 69041654 69264513 156 141.451 0.97987 12.9846 0.0283182 0.176101 0.442786 0.395295
ENSG00000029364.7 14 69864732 69864732 + 15 0 14_internal_6422 14 69853324 69907905 156 177.953 0.997619 16.6722 5.34879e-10 0.476833 0.00497512 5.80387e-10
ENSG00000100632.6 14 69865344 69865344 - 15 711602 14_internal_5404 14 69040928 69153742 156 174.83 0.975042 19.002 0.0131774 -0.19772 0.144279 0.161266
ENSG00000175985.8 14 69951409 69951409 + 14 -43504 14_internal_6422 14 69853324 69907905 156 135.54 1.00187 10.3236 0.000943255 0.259051 0.0199005 0.020879
ENSG00000100647.7 14 70078313 70078313 + 15 -924571 14_internal_5404 14 69040928 69153742 156 174.434 0.975126 17.7614 0.00959387 -0.209092 0.104478 0.110892
ENSG00000100650.10 14 70193617 70193617 + 14 -672426 14_internal_5665 14 69477649 69521191 156 163.77 1.10369 18.6182 0.0963952 0.130173 0.791045 0.793702
ENSG00000100652.4 14 70264006 70264006 - 12 356101 14_internal_6422 14 69853324 69907905 156 144.696 1.01413 10.9654 0.0359684 0.16347 0.378109 0.378738
ENSG00000242071.2 14 70352869 70352869 - 11 831678 14_internal_5665 14 69477649 69521191 156 158.118 0.882667 10.1476 0.150046 -0.114421 0.81592 0.833482
ENSG00000133983.9 14 70826448 70826448 - 17 -650775 14_internal_6149 14 71477223 71538226 156 174.053 0.988933 19.6592 0.000852995 -0.264756 0.0199005 0.00883899
ENSG00000258889.1 14 70833571 70833571 + 17 232938 14_internal_7754 14 71066509 71270720 156 164.745 0.965495 16.3691 0.0232224 0.18289 0.283582 0.293234
ENSG00000258644.1 14 70883701 70883701 - 17 -400029 14_internal_8119 14 71283730 71341035 156 148.291 1.03504 16.8587 0.0024628 0.242203 0.039801 0.0461849
ENSG00000213463.3 14 70883778 70883778 - 17 0 14_internal_5767 14 70825700 70884213 156 159.763 1.02121 18.7766 0.0155914 0.192945 0.21393 0.229429
ENSG00000139985.4 14 70924217 70924217 + 16 451019 14_internal_5865 14 71375236 71472796 156 147.118 1.03227 13.1724 0.0834432 0.135712 0.731343 0.711227
ENSG00000176082.5 14 70937825 70937825 - 15 -592102 14_internal_8316 14 71529927 71846552 156 162.216 0.959365 14.6163 0.0131714 -0.194422 0.164179 0.169651
ENSG00000259158.1 14 70950473 70950473 - 15 -579454 14_internal_8316 14 71529927 71846552 156 149.16 1.13706 14.2819 0.0192156 -0.18241 0.189055 0.217592
ENSG00000134007.2 14 71001732 71001732 - 15 -64777 14_internal_7754 14 71066509 71270720 156 162.749 1.05233 16.0135 0.0555246 0.150405 0.562189 0.540195
ENSG00000258951.1 14 71061269 71061269 + 17 5240 14_internal_7754 14 71066509 71270720 156 132.874 0.974159 10.9418 5.64648e-05 0.308635 0.00497512 0.0026197
ENSG00000133997.7 14 71067384 71067384 - 17 0 14_internal_7754 14 71066509 71270720 156 169.757 0.882606 17.2698 3.15498e-08 0.407079 0.00497512 9.02757e-07
ENSG00000259115.1 14 71107921 71107921 - 16 0 14_internal_7754 14 71066509 71270720 156 171.63 1.07138 20.1992 0.00024679 0.287974 0.00995025 0.00153365
ENSG00000245466.1 14 71108015 71108015 - 16 -907967 14_internal_5932 14 72015982 72161014 156 155.543 1.09537 16.4447 0.0274804 0.172779 0.313433 0.326522
ENSG00000133985.2 14 71108504 71108504 + 16 0 14_internal_7754 14 71066509 71270720 156 167.121 0.911441 17.2765 2.55325e-28 0.717911 0.00497512 1.80125e-26
ENSG00000258689.1 14 71165415 71165415 + 16 0 14_internal_7754 14 71066509 71270720 156 168.721 0.922543 17.0109 0.000690014 0.27176 0.00497512 0.0106572
ENSG00000006432.11 14 71276251 71276251 - 13 5531 14_internal_7754 14 71066509 71270720 156 146.357 0.968357 11.5705 1.45644e-07 0.40207 0.00497512 6.13104e-06
ENSG00000100731.10 14 71374122 71374122 + 13 -18148 14_internal_5758 14 70108478 71355974 156 142.761 1.0684 10.7295 0.000359147 0.284767 0.00497512 0.00475564
ENSG00000258930.1 14 71498687 71498687 - 13 -528404 14_internal_6223 14 72027091 72034254 156 160.007 1.08067 13.6623 0.0104133 -0.204453 0.104478 0.0997769
ENSG00000258966.1 14 71511357 71511357 - 13 240637 14_internal_7754 14 71066509 71270720 156 140.263 1.00281 10.2655 0.00405158 0.224701 0.0547264 0.063555
ENSG00000258571.1 14 71552550 71552550 - 13 196576 14_internal_5758 14 70108478 71355974 156 167.883 0.897128 13.0092 0.00716678 0.21819 0.109453 0.0909792
ENSG00000257692.2 14 71693933 71693933 - 13 809720 14_internal_5767 14 70825700 70884213 156 146.677 1.0304 10.0743 0.231314 0.0925685 0.945274 0.938546
ENSG00000197555.5 14 71787166 71787166 + 13 37957 14_internal_8550 14 71825123 71955752 156 159.702 0.979762 12.9415 1.42052e-09 0.458926 0.00497512 1.71389e-08
ENSG00000259146.1 14 71788531 71788531 - 13 -15688 14_internal_5722 14 71804219 72065917 156 133.362 1.10295 10.2744 8.18105e-06 0.340941 0.00497512 0.000164049
ENSG00000259079.1 14 71797455 71797455 - 13 -6764 14_internal_5722 14 71804219 72065917 156 162.307 0.993274 12.91 1.38693e-06 0.367383 0.00497512 1.18643e-05
ENSG00000207444.1 14 71865054 71865054 + 13 0 14_internal_5722 14 71804219 72065917 156 135.281 0.989422 9.72447 2.57228e-06 0.364082 0.00497512 0.000128756
ENSG00000242330.2 14 71915406 71915406 + 12 0 14_internal_8550 14 71825123 71955752 156 158.377 1.01118 11.4528 3.86575e-06 0.356378 0.00497512 3.31849e-05
ENSG00000182732.12 14 72399156 72399156 + 9 -364902 14_internal_6223 14 72027091 72034254 156 152.222 1.00108 8.87856 0.0942411 -0.140174 0.60199 0.600633
ENSG00000205683.6 14 73360809 73360809 - 10 -826299 14_internal_6151 14 74187108 74214999 156 158.041 0.954728 10.5034 0.0183978 0.185547 0.199005 0.187513
ENSG00000119599.12 14 73393040 73393040 + 10 233293 14_internal_8829 14 73626333 73920140 156 142.061 1.08314 8.24633 9.96326e-06 0.346023 0.00497512 9.83447e-05
ENSG00000259015.1 14 73427303 73427303 + 11 988722 14_internal_6076 14 74416025 74487055 156 152.816 1.01424 10.775 0.0163944 0.190531 0.19403 0.16845
ENSG00000239544.1 14 73430716 73430716 - 11 -756392 14_internal_6151 14 74187108 74214999 156 142.914 1.09649 9.86848 0.0428509 0.166781 0.353234 0.369213
ENSG00000165861.9 14 73493920 73493920 - 11 -922105 14_internal_6076 14 74416025 74487055 156 152.968 0.949919 10.3304 0.00309479 0.237968 0.0646766 0.0416306
ENSG00000119707.9 14 73525144 73525144 + 11 890881 14_internal_6076 14 74416025 74487055 156 164.303 0.990743 12.2586 0.12169 -0.125943 0.751244 0.77033
ENSG00000258813.1 14 73526123 73526123 - 11 -825734 14_internal_6150 14 74351857 74367056 156 165.659 0.967063 12.622 0.0509365 0.152553 0.482587 0.451134
ENSG00000258448.1 14 73535326 73535326 - 11 -324181 14_internal_7718 14 73859507 73903174 156 176.201 0.861246 11.3776 0.228194 -0.0999901 0.945274 0.938824
ENSG00000080815.13 14 73603126 73603126 + 11 23207 14_internal_8829 14 73626333 73920140 156 156.868 0.964144 10.6006 1.55227e-18 0.634932 0.00497512 5.40044e-17
ENSG00000259109.1 14 73656471 73656471 + 11 0 14_internal_7137 14 73602385 73924448 156 176.231 0.952155 14.7833 5.94054e-05 0.319571 0.00497512 0.000437487
ENSG00000100767.11 14 73704205 73704205 + 11 0 14_internal_8829 14 73626333 73920140 156 166.314 0.909376 11.1192 5.92639e-11 0.494161 0.00497512 1.23454e-09
ENSG00000258376.1 14 73712687 73712687 - 11 0 14_internal_8829 14 73626333 73920140 156 157.219 0.954057 9.1141 1.71993e-14 0.524839 0.00497512 4.93797e-13
ENSG00000258944.1 14 73740789 73740789 - 11 0 14_internal_8829 14 73626333 73920140 156 147.56 0.966567 9.16136 6.04935e-08 0.415711 0.00497512 2.01081e-06
ENSG00000259014.1 14 73769589 73769589 - 11 -417519 14_internal_6151 14 74187108 74214999 156 189.942 0.817943 11.3947 0.0115712 -0.201319 0.119403 0.104552
ENSG00000251393.3 14 73929129 73929129 + 11 -8989 14_internal_8829 14 73626333 73920140 156 140.583 1.14917 11.0276 0.01289 0.195774 0.139303 0.135163
ENSG00000133961.14 14 73930348 73930348 - 11 10208 14_internal_8829 14 73626333 73920140 156 161.545 1.02422 10.093 1.89458e-07 0.392619 0.00497512 8.25018e-07
ENSG00000170468.5 14 73957644 73957644 + 11 -37504 14_internal_8829 14 73626333 73920140 156 160.951 0.997319 11.7711 0.031957 0.172062 0.328358 0.296936
ENSG00000255242.1 14 73957669 73957669 + 11 -37529 14_internal_8829 14 73626333 73920140 156 150.912 1.0372 12.7181 0.0328904 0.171368 0.328358 0.354365
ENSG00000258443.1 14 73987352 73987352 - 11 75145 14_internal_6703 14 73835164 73912207 156 170.503 0.90791 10.6067 0.109608 0.13077 0.681592 0.687716
ENSG00000258695.2 14 73989582 73989582 + 11 -77375 14_internal_6703 14 73835164 73912207 156 150.211 0.945449 7.67496 0.263315 -0.0923225 0.920398 0.920472
ENSG00000184227.3 14 74003818 74003818 + 11 -79370 14_internal_7137 14 73602385 73924448 156 149.038 1.13354 10.9314 0.0317606 -0.157897 0.298507 0.2715
ENSG00000187105.4 14 74025651 74025651 - 11 492158 14_internal_6865 14 73523974 73533493 156 143.813 1.04938 10.586 0.126163 -0.122931 0.776119 0.788565
ENSG00000119673.10 14 74034324 74034324 + 11 -114184 14_internal_8829 14 73626333 73920140 156 141.482 1.05602 10.2396 0.0126562 0.194073 0.139303 0.147387
ENSG00000258524.1 14 74038371 74038371 - 11 140257 14_internal_6570 14 73790460 73898114 156 145.168 1.02163 10.412 0.0647032 0.145258 0.562189 0.545095
ENSG00000205669.2 14 74077649 74077649 + 12 -165442 14_internal_6703 14 73835164 73912207 156 142.883 0.95628 9.30984 0.135769 0.12054 0.791045 0.800593
ENSG00000258603.1 14 74100644 74100644 - 12 180504 14_internal_8829 14 73626333 73920140 156 136.683 1.01415 9.25292 0.0529966 0.148686 0.492537 0.483346
ENSG00000119661.8 14 74111578 74111578 + 12 -578085 14_internal_6865 14 73523974 73533493 156 171.676 0.85256 10.9755 0.0267457 -0.176656 0.248756 0.26458
ENSG00000258660.1 14 74167054 74167054 - 13 242606 14_internal_7137 14 73602385 73924448 156 135.814 1.1664 11.4687 0.0371951 -0.1639 0.38806 0.382575
ENSG00000176903.3 14 74181128 74181128 - 13 256680 14_internal_7137 14 73602385 73924448 156 175.226 0.980194 15.5372 0.00277305 0.236591 0.0298507 0.0253044
ENSG00000264741.1 14 74225450 74225450 + 13 -301002 14_internal_7137 14 73602385 73924448 156 159.687 1.13105 14.3449 0.156351 0.115919 0.880597 0.88354
ENSG00000259065.1 14 74254063 74254063 + 13 -341856 14_internal_6703 14 73835164 73912207 156 149.114 1.03397 12.9792 0.0455152 -0.151449 0.467662 0.4742
ENSG00000156030.8 14 74256988 74256988 - 13 723495 14_internal_6865 14 73523974 73533493 156 182.767 0.928791 15.0143 0.0319974 -0.166199 0.323383 0.297116
ENSG00000140043.6 14 74318547 74318547 + 13 -40178 14_internal_8153 14 74260654 74278369 156 143.599 0.994892 10.9303 0.028242 -0.180548 0.358209 0.327402
ENSG00000258653.1 14 74318674 74318674 + 13 33183 14_internal_6150 14 74351857 74367056 156 146.159 1.01553 11.2007 9.63085e-06 0.342939 0.00497512 0.000179957
ENSG00000119725.11 14 74353320 74353320 + 13 0 14_internal_6150 14 74351857 74367056 156 135.754 1.04619 10.8215 2.112e-07 0.390727 0.00497512 8.25277e-06
ENSG00000199472.1 14 74373130 74373130 - 13 448682 14_internal_7137 14 73602385 73924448 156 171.874 0.969815 13.8748 0.0141999 -0.194204 0.139303 0.14045
ENSG00000258891.1 14 74404817 74404817 - 13 37761 14_internal_6150 14 74351857 74367056 156 141.802 1.02527 11.7492 0.0167745 0.183917 0.21393 0.225368
ENSG00000119723.11 14 74416629 74416629 + 14 -138260 14_internal_8153 14 74260654 74278369 156 153.105 0.976952 12.9098 0.0239111 -0.181409 0.278607 0.291674
ENSG00000156050.4 14 74417117 74417117 - 14 50061 14_internal_6150 14 74351857 74367056 156 169.437 0.905546 13.4024 1.17269e-05 0.338673 0.00497512 0.000169435
ENSG00000119636.11 14 74486056 74486056 + 14 -207687 14_internal_8153 14 74260654 74278369 156 154.187 1.02539 13.511 0.127773 0.113653 0.820896 0.84177
ENSG00000187097.8 14 74486102 74486102 - 14 207733 14_internal_8153 14 74260654 74278369 156 162.855 1.02315 15.5322 0.0119035 -0.201212 0.149254 0.139323
ENSG00000259114.1 14 74498500 74498500 + 14 -131444 14_internal_6150 14 74351857 74367056 156 146.905 0.962385 11.5057 0.0949962 -0.130747 0.721393 0.735016
ENSG00000119711.8 14 74551196 74551196 - 13 653082 14_internal_6570 14 73790460 73898114 156 153.639 0.94188 11.6378 0.0276496 0.176925 0.318408 0.315748
ENSG00000205659.5 14 74551499 74551499 + 13 -627051 14_internal_7137 14 73602385 73924448 156 150.561 1.1472 14.2313 0.113616 0.127095 0.80597 0.801176
ENSG00000258559.1 14 74761128 74761128 - 16 546129 14_internal_6151 14 74187108 74214999 156 150.836 0.9508 14.6948 0.0300585 -0.172093 0.422886 0.412632
ENSG00000119688.15 14 74769759 74769759 - 16 -635083 14_internal_6786 14 75404842 75595183 156 162.094 1.01598 15.6178 0.0100434 0.209202 0.144279 0.122494
ENSG00000259005.1 14 74941567 74941567 - 14 -796599 14_internal_5454 14 75738166 75770686 156 171.036 0.962486 16.0383 0.149333 -0.119709 0.915423 0.901312
ENSG00000265649.1 14 74946907 74946907 - 14 668538 14_internal_8153 14 74260654 74278369 156 152.161 1.09791 12.9332 0.00317632 0.23596 0.0348259 0.0321334
ENSG00000258769.1 14 74949688 74949688 + 14 886295 14_internal_7144 14 75835983 75851881 156 136.454 1.09402 13.6875 0.18468 -0.106903 0.955224 0.956667
ENSG00000165898.9 14 74960423 74960423 + 14 875560 14_internal_7144 14 75835983 75851881 156 143.036 1.0593 13.6347 0.0840744 -0.140772 0.741294 0.735933
ENSG00000119655.4 14 74960880 74960880 - 14 -718729 14_internal_8735 14 75679609 75719575 156 144.909 1.00439 13.0087 0.0662455 0.142978 0.646766 0.644173
ENSG00000258579.1 14 74964886 74964886 + 14 639648 14_internal_5838 14 75604534 75770519 156 135.19 1.04377 11.3635 0.0361913 -0.168642 0.38806 0.429283
ENSG00000119681.7 14 75079306 75079306 - 16 -756677 14_internal_7144 14 75835983 75851881 156 141.223 1.09938 12.5211 0.0358984 0.169671 0.427861 0.399133
ENSG00000258976.1 14 75083350 75083350 - 16 -521184 14_internal_5838 14 75604534 75770519 156 159.443 1.108 16.9942 0.142986 -0.116824 0.900498 0.905328
ENSG00000258439.1 14 75124752 75124752 + 16 711231 14_internal_7144 14 75835983 75851881 156 152.207 0.992144 13.969 0.212543 -0.101384 0.965174 0.968378
ENSG00000222604.1 14 75178654 75178654 + 17 -11346 14_internal_6238 14 75077552 75167308 156 155.878 1.05489 17.0334 0.165776 -0.113506 0.945274 0.949724
ENSG00000214670.3 14 75179800 75179800 - 17 901431 14_internal_8153 14 74260654 74278369 156 175.805 0.915389 21.3454 0.000970362 0.254841 0.0298507 0.0149328
ENSG00000119682.11 14 75179818 75179818 - 17 12510 14_internal_6238 14 75077552 75167308 156 164.836 1.02617 18.6634 0.0157411 0.186094 0.189055 0.206947
ENSG00000119616.7 14 75179847 75179847 + 17 224995 14_internal_6786 14 75404842 75595183 156 157.066 1.11143 17.3243 0.0103966 0.201622 0.104478 0.126555
ENSG00000119596.12 14 75230069 75230069 + 16 508097 14_internal_5454 14 75738166 75770686 156 149.343 0.945941 12.9986 0.012166 0.19606 0.21393 0.189677
ENSG00000259606.1 14 75283941 75283941 + 15 120901 14_internal_6786 14 75404842 75595183 156 137.764 1.21061 14.1863 0.0683962 -0.147484 0.621891 0.649102
ENSG00000119608.8 14 75330537 75330537 - 15 -668969 14_internal_7911 14 75999506 76083318 156 166.618 1.03383 15.9935 0.139021 0.114427 0.880597 0.878057
ENSG00000119689.10 14 75348594 75348594 + 15 56248 14_internal_6786 14 75404842 75595183 156 139.882 1.0964 13.1683 0.0472965 -0.145805 0.557214 0.516669
ENSG00000198208.6 14 75390099 75390099 - 14 -445884 14_internal_7144 14 75835983 75851881 156 176.216 0.971185 16.0487 0.213076 0.0995993 0.975124 0.964959
ENSG00000119630.8 14 75422487 75422487 - 14 -354550 14_internal_6695 14 75777037 75796560 156 164.653 0.931938 13.4249 0.228577 0.0985949 0.975124 0.96663
ENSG00000119718.5 14 75469614 75469614 + 14 0 14_internal_6786 14 75404842 75595183 156 179.872 0.955522 17.0358 2.67558e-13 -0.546174 0.00497512 2.75437e-13
ENSG00000258646.1 14 75475184 75475184 - 14 0 14_internal_6786 14 75404842 75595183 156 158.102 0.975996 12.3699 2.9298e-08 -0.426759 0.00497512 4.23574e-07
ENSG00000119684.11 14 75518235 75518235 - 13 0 14_internal_6786 14 75404842 75595183 156 162.383 0.819867 11.2706 0.00278259 -0.24089 0.0646766 0.0520891
ENSG00000119703.12 14 75530873 75530873 + 13 455423 14_internal_6771 14 75986296 76011135 156 176.963 0.939365 14.2172 0.0832109 -0.137734 0.631841 0.641334
ENSG00000119640.4 14 75536186 75536186 - 13 -143423 14_internal_8735 14 75679609 75719575 156 152.389 1.1257 13.9265 0.0592061 0.151124 0.537313 0.536912
ENSG00000258978.1 14 75583303 75583303 - 13 -580582 14_internal_6279 14 76163885 76170262 156 144.589 0.931503 9.31028 0.0646739 0.144903 0.512438 0.549785
ENSG00000259138.1 14 75593856 75593856 + 13 10279 14_internal_6648 14 75604135 75627562 156 161.652 0.936115 11.5773 0.000740933 0.269089 0.0199005 0.00963126
ENSG00000119638.8 14 75594047 75594047 - 13 -182990 14_internal_6695 14 75777037 75796560 156 148.703 1.08325 11.4069 0.0619046 -0.13868 0.532338 0.516959
ENSG00000170348.4 14 75643334 75643334 - 13 15772 14_internal_6648 14 75604135 75627562 156 161.332 0.973267 13.5946 0.0108343 0.20506 0.159204 0.130722
ENSG00000258820.1 14 75726114 75726114 + 14 12052 14_internal_5454 14 75738166 75770686 156 161.865 0.967303 13.4196 0.00762851 -0.208488 0.0945274 0.0928413
ENSG00000258740.1 14 75735986 75735986 - 14 -2180 14_internal_5454 14 75738166 75770686 156 158.224 0.911573 12.4968 0.00783694 -0.201506 0.109453 0.113249
ENSG00000170345.4 14 75745477 75745477 + 14 0 14_internal_5454 14 75738166 75770686 156 130.513 1.12434 11.2328 0.00673177 -0.215635 0.0945274 0.103629
ENSG00000119660.3 14 75761016 75761016 - 14 -895154 14_internal_6827 14 76656170 77240817 156 188.205 0.934464 19.1301 0.00777358 -0.210415 0.0945274 0.0784663
ENSG00000259687.1 14 75761107 75761107 + 14 895063 14_internal_6827 14 76656170 77240817 156 170.031 1.10035 19.128 0.00559411 -0.208385 0.0547264 0.0518793
ENSG00000140044.8 14 75894419 75894419 + 14 91877 14_internal_6771 14 75986296 76011135 156 162.825 0.915888 14.266 0.00352103 -0.22892 0.0696517 0.0542092
ENSG00000259319.1 14 75894444 75894444 - 14 -91852 14_internal_6771 14 75986296 76011135 156 154.705 0.96376 13.0402 0.00233605 -0.238852 0.0497512 0.0359752
ENSG00000156127.6 14 75988768 75988768 + 14 -269193 14_internal_8735 14 75679609 75719575 156 155.543 1.01363 12.9672 0.000623668 -0.256317 0.0248756 0.00764649
ENSG00000119686.5 14 76044960 76044960 + 14 0 14_internal_7911 14 75999506 76083318 156 142.67 0.988346 11.2596 7.77279e-07 0.390549 0.00497512 2.95072e-05
ENSG00000224721.1 14 76045931 76045931 - 14 0 14_internal_7911 14 75999506 76083318 156 156.152 0.922844 13.0759 3.43943e-06 0.36061 0.00497512 9.91035e-05
ENSG00000242951.1 14 76062549 76062549 - 14 0 14_internal_7911 14 75999506 76083318 156 160.692 0.991031 13.3596 0.000465472 0.27342 0.00995025 0.00535514
ENSG00000119685.13 14 76099968 76099968 + 14 -932660 14_internal_6238 14 75077552 75167308 156 141.619 0.979558 11.1775 0.0759752 0.140197 0.676617 0.663706
ENSG00000133935.6 14 76127532 76127532 - 14 960567 14_internal_6040 14 75149285 75166965 156 166.938 0.983708 12.6802 0.0177649 0.191995 0.159204 0.171612
ENSG00000242488.2 14 76305457 76305457 - 13 534771 14_internal_5454 14 75738166 75770686 156 169.955 0.94229 15.5132 0.0642808 0.145055 0.59204 0.599472
ENSG00000259103.1 14 76314041 76314041 - 13 -867899 14_internal_8141 14 77181940 77280110 156 143.416 1.17496 12.7713 0.0463125 -0.16105 0.472637 0.443576
ENSG00000119650.8 14 76368479 76368479 + 13 -357344 14_internal_6771 14 75986296 76011135 156 151.582 1.10006 12.6378 0.0119178 0.197568 0.134328 0.123459
ENSG00000258876.1 14 76437267 76437267 + 16 -717692 14_internal_8735 14 75679609 75719575 156 143.325 1.06273 14.0302 0.0757324 0.139545 0.741294 0.70638
ENSG00000119699.3 14 76449334 76449334 - 16 -206836 14_internal_6827 14 76656170 77240817 156 151.811 0.959529 15.0393 0.0581156 0.146546 0.626866 0.633083
ENSG00000258578.2 14 76480022 76480022 + 16 -852460 14_internal_6648 14 75604135 75627562 156 151.582 1.03592 16.4332 0.111829 0.127103 0.860697 0.863262
ENSG00000089916.13 14 76618259 76618259 + 15 -684225 14_internal_5615 14 75892123 75934034 156 133.666 1.05633 10.8273 0.0204736 -0.177304 0.278607 0.272117
ENSG00000259027.1 14 76669600 76669600 + 14 -898914 14_internal_5454 14 75738166 75770686 156 147.195 0.960186 12.4789 0.0233614 0.181009 0.313433 0.313572
ENSG00000258756.1 14 76673228 76673228 - 14 902709 14_internal_5838 14 75604534 75770519 156 144.422 1.07973 12.9187 0.0100553 -0.198034 0.139303 0.132983
ENSG00000258454.1 14 76702160 76702160 + 14 681048 14_internal_7406 14 77383208 77561749 156 158.879 0.99856 13.6938 0.0238312 -0.176179 0.233831 0.269079
ENSG00000071246.5 14 77228532 77228532 + 10 0 14_internal_8141 14 77181940 77280110 156 160.327 0.98231 9.81884 4.67073e-27 0.699663 0.00497512 2.6196e-26
ENSG00000258610.1 14 77245295 77245295 + 10 0 14_internal_8141 14 77181940 77280110 156 162.429 0.958034 8.7768 1.51707e-26 0.693044 0.00497512 1.54438e-25
ENSG00000259081.1 14 77247861 77247861 - 10 0 14_internal_8141 14 77181940 77280110 156 164.044 0.972413 10.764 4.14566e-29 0.71809 0.00497512 1.06792e-28
ENSG00000258301.2 14 77253067 77253067 - 10 0 14_internal_8141 14 77181940 77280110 156 167.989 1.04424 9.93097 1.25468e-26 0.708484 0.00497512 9.45513e-29
ENSG00000013523.5 14 77292589 77292589 - 10 12479 14_internal_8141 14 77181940 77280110 156 168.736 0.913349 10.2913 6.0116e-07 0.386057 0.00497512 6.86743e-06
ENSG00000100565.11 14 77292715 77292715 + 10 933173 14_internal_6046 14 78225888 78267519 156 160.814 0.847388 8.72995 0.0374688 0.171965 0.343284 0.337872
ENSG00000258602.1 14 77425981 77425981 + 10 -185164 14_internal_6827 14 76656170 77240817 156 135.921 0.975865 7.4193 0.0759838 -0.131399 0.547264 0.544705
ENSG00000119669.3 14 77495034 77495034 - 10 0 14_internal_7406 14 77383208 77561749 156 164.486 1.04479 10.8776 3.0778e-05 0.307675 0.00497512 0.00013661
ENSG00000246548.2 14 77507407 77507407 + 10 718481 14_internal_6046 14 78225888 78267519 156 166.314 1.06282 11.2397 0.00794905 -0.213442 0.0646766 0.0549916
ENSG00000258819.1 14 77542687 77542687 - 10 0 14_internal_7406 14 77383208 77561749 156 142.944 1.174 9.39461 0.00341376 0.228309 0.0298507 0.0255266
ENSG00000198894.3 14 77564440 77564440 + 10 -2691 14_internal_7406 14 77383208 77561749 156 165.43 0.96669 9.75606 0.0347058 0.168499 0.303483 0.268951
ENSG00000259164.1 14 77564654 77564654 + 10 -2905 14_internal_7406 14 77383208 77561749 156 159.885 1.04842 11.5508 0.0173157 0.193379 0.169154 0.153141
ENSG00000165548.6 14 77582911 77582911 + 10 -201278 14_internal_7242 14 77374849 77381633 156 166.664 0.978056 10.9521 0.0685651 0.145089 0.512438 0.501056
ENSG00000009830.6 14 77787227 77787227 - 10 -434354 14_internal_6535 14 78221581 78267954 156 177.77 0.856359 10.2048 0.086411 -0.130219 0.542289 0.577004
ENSG00000100577.14 14 77787227 77787227 + 10 176852 14_internal_8531 14 77964079 78127870 156 150.851 1.0339 9.76594 0.127875 -0.124044 0.741294 0.744676
ENSG00000258510.2 14 77825766 77825766 + 10 138313 14_internal_8531 14 77964079 78127870 156 163.008 0.986585 11.5337 0.00493444 0.229234 0.0696517 0.04794
ENSG00000100583.4 14 77843032 77843032 + 10 121047 14_internal_8531 14 77964079 78127870 156 145.412 0.95954 8.31789 0.00763828 0.211726 0.079602 0.090175
ENSG00000100580.7 14 77843452 77843452 - 10 410111 14_internal_6051 14 77379385 77433341 156 171.554 0.933676 10.7566 0.00885735 -0.21356 0.0845771 0.0775925
ENSG00000165555.5 14 77889860 77889860 - 10 -74219 14_internal_8531 14 77964079 78127870 156 159.214 1.06962 10.6788 0.0420364 -0.15642 0.358209 0.321568
ENSG00000100591.3 14 77924213 77924213 + 10 -362464 14_internal_7406 14 77383208 77561749 156 180.009 0.899654 10.3135 0.180192 -0.104069 0.830846 0.838933
ENSG00000151445.10 14 77924295 77924295 - 10 -39784 14_internal_8531 14 77964079 78127870 156 162.566 0.996265 10.8715 0.0396869 -0.15851 0.328358 0.328427
ENSG00000212371.1 14 77932627 77932627 + 10 96874 14_internal_6269 14 78029501 78051393 156 162.277 0.927282 9.76335 0.106296 0.125289 0.631841 0.670323
ENSG00000240233.2 14 78014212 78014212 - 10 0 14_internal_8531 14 77964079 78127870 156 163.236 1.04025 9.1621 0.00745799 0.210493 0.0447761 0.048546
ENSG00000100596.2 14 78083116 78083116 - 10 0 14_internal_8531 14 77964079 78127870 156 166.466 0.966961 10.4173 4.91545e-10 0.479712 0.00497512 2.68165e-09
ENSG00000239272.1 14 78150332 78150332 - 10 588583 14_internal_7406 14 77383208 77561749 156 157.356 0.981067 8.68808 0.103862 -0.129878 0.61194 0.616733
ENSG00000258917.1 14 78162934 78162934 + 10 -601185 14_internal_7406 14 77383208 77561749 156 165.811 0.991551 10.4406 0.0818278 0.137585 0.542289 0.549499
ENSG00000100601.5 14 78174363 78174363 - 10 894253 14_internal_8141 14 77181940 77280110 156 145.763 1.0538 7.74394 0.0472039 -0.162974 0.348259 0.330938
ENSG00000119705.5 14 78174414 78174414 + 10 -894304 14_internal_8141 14 77181940 77280110 156 162.033 0.933677 9.00464 0.0454577 -0.159228 0.363184 0.348472
ENSG00000197734.4 14 78227173 78227173 + 10 -947063 14_internal_8141 14 77181940 77280110 156 152.481 1.0114 8.50388 0.0142605 -0.194709 0.129353 0.120289
ENSG00000100603.9 14 78227550 78227550 - 10 99680 14_internal_8531 14 77964079 78127870 156 177.557 0.912471 9.95075 0.00699309 0.208687 0.0746269 0.0535119
ENSG00000268208.1 14 78228033 78228033 - 10 947923 14_internal_8141 14 77181940 77280110 156 150.622 0.969172 8.28682 0.0770098 -0.138509 0.512438 0.523553
ENSG00000063761.11 14 78266426 78266426 + 9 -833085 14_internal_6051 14 77379385 77433341 156 140.476 1.03122 7.49959 0.0351002 0.159494 0.278607 0.281585
ENSG00000165409.11 14 81421333 81421333 + 6 0 14_internal_8059 14 81391562 81632256 156 149.221 1.01601 5.92685 0.00048653 0.2764 0.00995025 0.00348194
ENSG00000100629.12 14 81425861 81425861 - 6 0 14_internal_8059 14 81391562 81632256 156 172.804 0.96383 6.3498 8.11975e-06 0.346194 0.00497512 2.52711e-05
ENSG00000258999.1 14 81636758 81636758 - 6 4502 14_internal_8059 14 81391562 81632256 156 189.531 0.903116 6.67706 0.0142632 0.195681 0.0895522 0.0628394
ENSG00000221303.1 14 81669178 81669178 - 6 -365624 14_internal_8590 14 82034802 83934682 156 158.575 0.926214 6.1999 0.0580132 0.151422 0.333333 0.334542
ENSG00000165417.7 14 81687721 81687721 - 6 -347081 14_internal_8590 14 82034802 83934682 156 168.294 1.0745 6.97916 0.370231 -0.0713893 0.945274 0.94508
ENSG00000242163.1 14 81799705 81799705 - 6 -78898 14_internal_5850 14 81878603 81891614 156 177.389 0.913171 5.67971 0.00480472 0.224626 0.0447761 0.0220161
ENSG00000140022.5 14 81902809 81902809 - 6 11195 14_internal_5850 14 81878603 81891614 156 195.457 0.981599 6.94458 2.07165e-19 0.639316 0.00497512 1.12826e-22
ENSG00000071537.9 14 82000205 82000205 - 6 391627 14_internal_7291 14 81425091 81608578 156 138.237 1.02895 6.00735 0.371407 -0.0725047 0.950249 0.951282
ENSG00000258733.1 14 86401054 86401054 + 5 7767 14_internal_6164 14 86408821 86415747 156 185.936 1.10568 6.79432 3.05206e-08 0.402996 0.00497512 1.3657e-09
ENSG00000258912.1 14 86529304 86529304 - 5 113557 14_internal_6164 14 86408821 86415747 156 143.934 1.00004 4.32993 2.04368e-05 0.324262 0.00497512 0.000185535
ENSG00000259096.1 14 88418871 88418871 + 4 80940 14_internal_6287 14 88499811 88597608 156 147.758 1.00001 3.95353 0.052816 0.153167 0.233831 0.215385
ENSG00000054983.12 14 88460009 88460009 - 4 -39802 14_internal_6287 14 88499811 88597608 156 161.82 0.999995 4.51846 0.0501355 0.150835 0.19403 0.191782
ENSG00000140030.4 14 88471468 88471468 + 4 -252597 14_internal_7453 14 87264350 88218871 156 173.763 1.00002 4.20334 0.0339254 0.165039 0.114428 0.101595
ENSG00000258407.1 14 88481955 88481955 - 4 263084 14_internal_7453 14 87264350 88218871 156 194.116 0.999995 4.99513 0.00453879 0.214819 0.00995025 0.00767406
ENSG00000258867.1 14 88490894 88490894 + 4 8917 14_internal_6287 14 88499811 88597608 156 176.064 1.00004 5.39085 0.100971 0.130654 0.41791 0.367156
ENSG00000258826.1 14 88502663 88502663 - 4 0 14_internal_7003 14 88500318 88508360 156 172.788 1.00003 4.39482 0.553145 -0.047148 0.955224 0.964607
ENSG00000042317.12 14 88851268 88851268 + 8 -342908 14_internal_7003 14 88500318 88508360 156 176.003 1.03911 9.77206 0.00474721 0.222549 0.0248756 0.0222891
ENSG00000070778.8 14 89021077 89021077 - 12 423469 14_internal_6287 14 88499811 88597608 156 147.347 1.04613 10.0441 0.00349157 0.237895 0.0248756 0.0379968
ENSG00000100722.13 14 89029253 89029253 + 13 -431645 14_internal_6287 14 88499811 88597608 156 165.72 1.01418 13.2765 0.0731513 0.148957 0.59204 0.582543
