ENSG00000166762.11 15 43960316 43960316 - 4 533433 15_internal_6248 15 43395728 43426883 156 158.255 1.00004 3.62442 0.00113836 -0.252872 0.0149254 0.00379121
ENSG00000249839.1 15 43976537 43976537 - 4 412442 15_internal_5967 15 43541346 43564095 156 157.737 1.00002 3.69404 0.00299193 -0.236662 0.0149254 0.0104315
ENSG00000167004.8 15 44038590 44038590 + 4 -611707 15_internal_6248 15 43395728 43426883 156 134.733 1 3.46592 0.196971 0.103782 0.61194 0.59694
ENSG00000205771.2 15 44039292 44039292 - 4 612409 15_internal_6248 15 43395728 43426883 156 132.539 1.00002 3.65787 0.367049 0.0701402 0.855721 0.851095
ENSG00000140264.15 15 44069285 44069285 + 4 -505190 15_internal_5967 15 43541346 43564095 156 140.979 1.00006 3.76837 0.0933625 0.134492 0.353234 0.357436
ENSG00000128886.7 15 44069741 44069741 - 4 -509321 15_internal_6411 15 44579062 44594046 156 136.287 0.999943 3.28353 0.0693311 -0.140881 0.278607 0.265416
ENSG00000221792.1 15 44085957 44085957 - 4 521862 15_internal_5967 15 43541346 43564095 156 166.116 1.00002 4.34548 0.0710272 0.142584 0.223881 0.244369
ENSG00000242028.1 15 44088340 44088340 + 4 490722 15_internal_6411 15 44579062 44594046 156 157.767 1.00002 4.05046 0.259687 -0.0927179 0.696517 0.699763
ENSG00000262560.1 15 44091331 44091331 - 4 664448 15_internal_6248 15 43395728 43426883 156 168.523 1.00001 3.73137 0.0438241 0.154234 0.159204 0.128326
ENSG00000184716.9 15 44092419 44092419 - 4 -486643 15_internal_6411 15 44579062 44594046 156 168.507 1.00001 4.39397 0.368919 -0.0706004 0.865672 0.849697
ENSG00000140259.6 15 44117000 44117000 - 4 -462062 15_internal_6411 15 44579062 44594046 156 169.528 0.999976 4.24566 0.144641 -0.11056 0.467662 0.441765
ENSG00000092470.7 15 44119161 44119161 + 4 -555066 15_internal_5967 15 43541346 43564095 156 185.402 0.999987 5.06273 0.0767573 -0.141889 0.258706 0.243473
ENSG00000171877.14 15 44487450 44487450 - 5 -970422 15_internal_6414 15 45457872 45572420 156 169.909 0.999961 5.90737 0.458324 0.0601396 0.965174 0.967077
ENSG00000166734.13 15 44580927 44580927 + 3 0 15_internal_6411 15 44579062 44594046 156 177.983 0.99996 3.14299 0.0168194 0.191592 0.0199005 0.0330925
ENSG00000259653.1 15 44581547 44581547 - 3 -758156 15_internal_5951 15 45339703 45354152 156 165.613 1 3.29553 0.000561153 0.275646 0.00995025 0.00124625
ENSG00000250130.1 15 44646889 44646889 + 3 692814 15_internal_5951 15 45339703 45354152 156 123.475 0.999971 2.60592 0.359863 0.0710686 0.736318 0.753256
ENSG00000259499.1 15 44682649 44682649 - 3 -657054 15_internal_5951 15 45339703 45354152 156 165.552 0.999992 3.09632 0.0845349 -0.141181 0.218905 0.2159
ENSG00000259595.1 15 44719342 44719342 - 3 125296 15_internal_6411 15 44579062 44594046 156 168.431 1.00001 2.97868 0.0255625 0.18207 0.0945274 0.0593252
ENSG00000137770.9 15 44719432 44719432 + 3 -125386 15_internal_6411 15 44579062 44594046 156 155.223 0.999949 3.01673 0.56639 0.043565 0.935323 0.920154
ENSG00000265191.1 15 44726452 44726452 + 3 613251 15_internal_5951 15 45339703 45354152 156 151.506 0.999983 2.80307 0.214129 -0.102577 0.502488 0.503221
ENSG00000259335.1 15 44741542 44741542 - 3 -716330 15_internal_6414 15 45457872 45572420 156 139.867 1.00004 2.58171 0.258147 -0.0944047 0.542289 0.57846
ENSG00000259563.1 15 44809681 44809681 - 3 215635 15_internal_6411 15 44579062 44594046 156 152.786 1.00002 2.88144 0.592159 -0.0417862 0.930348 0.926585
ENSG00000179523.4 15 44829121 44829121 - 3 -628751 15_internal_6414 15 45457872 45572420 156 155.055 1 2.69205 0.278009 -0.0875016 0.58209 0.586202
ENSG00000104131.8 15 44829255 44829255 + 3 510448 15_internal_5951 15 45339703 45354152 156 138.359 1.00006 2.80267 0.0254716 0.175335 0.0547264 0.0960927
ENSG00000259659.1 15 44850027 44850027 + 3 489676 15_internal_5951 15 45339703 45354152 156 141.238 1.00005 2.88436 0.312744 -0.0794312 0.676617 0.69419
ENSG00000104133.10 15 44955876 44955876 - 4 -383827 15_internal_5951 15 45339703 45354152 156 155.497 0.999997 4.25177 0.000194092 0.304552 0.00497512 0.000844936
ENSG00000229474.2 15 45003514 45003514 - 4 -454358 15_internal_6414 15 45457872 45572420 156 166.329 1.00002 4.61816 0.00591258 0.209074 0.0298507 0.0205005
ENSG00000166710.12 15 45003675 45003675 + 4 336028 15_internal_5951 15 45339703 45354152 156 172.133 1.00004 4.88623 0.00414899 0.226638 0.00995025 0.01263
ENSG00000185880.8 15 45021186 45021186 + 4 318517 15_internal_5951 15 45339703 45354152 156 157.859 1.00002 4.29263 0.127735 0.118741 0.427861 0.437603
ENSG00000259479.2 15 45176892 45176892 - 4 -746354 15_internal_5990 15 45923246 45948125 156 152.953 1.00004 4.31184 0.246235 0.0924214 0.701493 0.71225
ENSG00000140263.9 15 45315302 45315302 + 4 24401 15_internal_5951 15 45339703 45354152 156 129.705 0.999972 3.36227 0.111972 0.12151 0.402985 0.415013
ENSG00000259418.1 15 45350905 45350905 - 4 0 15_internal_5951 15 45339703 45354152 156 188.053 0.999995 4.22534 0.198403 0.103269 0.537313 0.516029
ENSG00000259352.1 15 45366246 45366246 - 4 -557000 15_internal_5990 15 45923246 45948125 156 154.202 0.999993 3.66221 0.371147 -0.0689971 0.835821 0.820032
ENSG00000137857.11 15 45422131 45422131 + 4 501115 15_internal_5990 15 45923246 45948125 156 165.689 0.999975 4.4735 0.0846715 -0.137678 0.273632 0.296326
ENSG00000259539.1 15 45459724 45459724 - 4 105572 15_internal_5951 15 45339703 45354152 156 163.678 0.999963 4.26345 0.0909293 -0.137058 0.293532 0.309903
ENSG00000259519.1 15 45462542 45462542 + 4 460704 15_internal_5990 15 45923246 45948125 156 159.397 1.00001 4.36925 0.165046 -0.104303 0.502488 0.534387
ENSG00000259932.1 15 45491337 45491337 - 4 0 15_internal_6414 15 45457872 45572420 156 149.084 0.99996 3.51554 0.00136245 0.237574 0.00995025 0.00612359
ENSG00000260035.1 15 45492830 45492830 - 4 0 15_internal_6414 15 45457872 45572420 156 142.35 1.00003 3.81553 0.104514 0.122727 0.393035 0.388714
ENSG00000138606.14 15 45493373 45493373 - 4 0 15_internal_6414 15 45457872 45572420 156 163.983 1.00002 4.467 0.00516163 0.198898 0.0348259 0.0183382
ENSG00000171766.10 15 45694416 45694416 - 3 121996 15_internal_6414 15 45457872 45572420 156 173.398 1.00004 3.56134 2.78981e-06 0.360208 0.00497512 2.76819e-06
ENSG00000230288.4 15 45694525 45694525 - 3 122105 15_internal_6414 15 45457872 45572420 156 142.518 1.00003 3.05017 0.00533731 0.19805 0.0298507 0.0234725
ENSG00000171763.13 15 45694529 45694529 + 3 228717 15_internal_5990 15 45923246 45948125 156 138.404 1.00004 2.60545 0.0639281 -0.143555 0.179104 0.197608
ENSG00000166920.6 15 45722727 45722727 + 3 200519 15_internal_5990 15 45923246 45948125 156 163.648 0.999986 2.9988 0.0542251 -0.157513 0.144279 0.138869
ENSG00000211519.1 15 45725248 45725248 + 3 -371096 15_internal_5951 15 45339703 45354152 156 168.157 0.999997 3.17602 0.25231 -0.0920844 0.606965 0.572165
ENSG00000259342.1 15 45734006 45734006 - 3 -189240 15_internal_5990 15 45923246 45948125 156 142.792 1.00003 3.18875 0.154004 -0.118465 0.462687 0.453623
ENSG00000252285.1 15 45738722 45738722 - 3 -184524 15_internal_5990 15 45923246 45948125 156 160.174 0.999991 3.28766 0.218313 -0.0958972 0.557214 0.543563
ENSG00000259354.1 15 45740625 45740625 + 3 182621 15_internal_5990 15 45923246 45948125 156 171.219 1.00004 3.34982 0.139556 -0.122044 0.353234 0.352293
ENSG00000179362.10 15 45803334 45803334 + 3 -230914 15_internal_6414 15 45457872 45572420 156 156.67 1.00003 2.86745 0.425082 0.0620217 0.81592 0.794481
ENSG00000104154.5 15 45815005 45815005 - 3 460853 15_internal_5951 15 45339703 45354152 156 166.344 0.999959 2.98394 0.0789028 0.135189 0.199005 0.193652
ENSG00000104164.5 15 45879321 45879321 + 3 -525169 15_internal_5951 15 45339703 45354152 156 198.55 1 3.8673 0.101794 0.132884 0.238806 0.228283
ENSG00000260170.1 15 45879549 45879549 + 3 43697 15_internal_5990 15 45923246 45948125 156 150.714 1.00001 3.12086 0.168479 0.110995 0.462687 0.453244
ENSG00000200419.1 15 45884182 45884182 + 3 -530030 15_internal_5951 15 45339703 45354152 156 160.083 1 2.92827 0.401305 0.0678062 0.781095 0.770639
ENSG00000137767.9 15 45923346 45923346 + 3 0 15_internal_5990 15 45923246 45948125 156 150.424 0.999989 3.16422 0.105329 0.129523 0.323383 0.312764
ENSG00000188467.6 15 48413169 48413169 + 4 -447023 15_internal_6164 15 47796040 47966146 156 126.582 1.00002 3.57683 0.00110006 0.258431 0.0199005 0.0117364
ENSG00000104177.13 15 48470714 48470714 - 5 504568 15_internal_6164 15 47796040 47966146 156 140.034 0.999969 4.62788 0.00030775 0.280108 0.00497512 0.00291213
ENSG00000128951.8 15 48623208 48623208 + 5 0 15_internal_5500 15 48577608 48628165 156 149.464 1.00002 4.88536 6.61785e-08 0.397709 0.00497512 6.08787e-07
ENSG00000259488.1 15 48624053 48624053 - 5 0 15_internal_5500 15 48577608 48628165 156 147.103 0.999958 4.53946 5.73632e-05 0.306201 0.00497512 0.00042496
ENSG00000166147.9 15 48938046 48938046 - 5 0 15_internal_6291 15 48765021 48938842 156 157.661 0.999981 5.19408 0.0066683 0.206501 0.0348259 0.0327164
ENSG00000259216.2 15 49017535 49017535 + 4 -78693 15_internal_6291 15 48765021 48938842 156 196.691 0.999999 4.71442 0.155298 0.113104 0.402985 0.424053
ENSG00000259469.1 15 49022041 49022041 - 4 -63849 15_internal_6123 15 49085890 49094109 156 158.422 0.999978 4.72665 0.145794 0.113495 0.502488 0.516997
ENSG00000259670.1 15 49075387 49075387 + 4 10503 15_internal_6123 15 49085890 49094109 156 169.086 1.00004 4.4366 0.000757371 0.258136 0.00497512 0.0020102
ENSG00000259700.1 15 49102898 49102898 + 4 -8789 15_internal_6123 15 49085890 49094109 156 174.738 1.00004 4.17183 0.217793 0.0979448 0.577114 0.589175
ENSG00000103995.9 15 49103343 49103343 - 4 9234 15_internal_6123 15 49085890 49094109 156 169.178 1.00002 4.10014 0.0236409 0.173558 0.0895522 0.0734329
ENSG00000255302.2 15 49170083 49170083 + 5 -231241 15_internal_6291 15 48765021 48938842 156 154.248 0.999982 4.93818 0.148723 -0.111612 0.572139 0.5545
ENSG00000235883.2 15 49170346 49170346 + 5 -76237 15_internal_6123 15 49085890 49094109 156 183.27 0.907512 5.87789 0.120023 0.124493 0.482587 0.476996
ENSG00000185634.7 15 49255641 49255641 - 5 627476 15_internal_5500 15 48577608 48628165 156 148.794 0.999966 4.30652 0.37193 0.0714508 0.870647 0.875235
ENSG00000207105.1 15 49288219 49288219 - 7 -143231 15_internal_8626 15 49431450 49450532 156 148.748 1.1009 6.54889 0.0725462 -0.143044 0.39801 0.373514
ENSG00000265942.1 15 49334840 49334840 - 7 -929743 15_internal_7510 15 50264583 50290112 156 155.924 0.99995 5.44072 0.0633417 -0.150235 0.283582 0.299829
ENSG00000138593.4 15 49338760 49338760 - 7 399918 15_internal_6291 15 48765021 48938842 156 159.138 0.940188 5.91485 0.079896 0.134146 0.40796 0.405561
ENSG00000259656.1 15 49393988 49393988 + 7 37462 15_internal_8626 15 49431450 49450532 156 144.529 0.999973 5.43004 0.0216158 0.18256 0.18408 0.138389
ENSG00000200120.1 15 49430060 49430060 - 8 801895 15_internal_5500 15 48577608 48628165 156 169.117 0.869772 6.28548 0.0663007 -0.143209 0.343284 0.365703
ENSG00000156958.10 15 49447853 49447853 + 8 816730 15_internal_7510 15 50264583 50290112 156 151.369 1.01339 6.45739 0.00241704 -0.247625 0.0149254 0.0169717
ENSG00000166200.10 15 49447858 49447858 - 8 -675887 15_internal_9014 15 50123745 50394343 156 162.551 0.975917 7.09679 0.16277 0.105888 0.731343 0.704076
ENSG00000259467.1 15 49448526 49448526 + 8 828840 15_internal_6658 15 50277366 50394339 156 155.116 0.974469 7.09435 0.0542719 -0.156574 0.353234 0.342201
ENSG00000259545.2 15 49470938 49470938 - 8 -943623 15_internal_6244 15 50414561 50431014 156 185.661 0.835112 6.87489 0.367186 0.0723975 0.955224 0.950262
ENSG00000259531.2 15 49658882 49658882 - 8 -605701 15_internal_7510 15 50264583 50290112 156 167.35 0.961537 7.35005 0.00614067 -0.21601 0.0497512 0.0379525
ENSG00000140285.4 15 49715293 49715293 + 8 562073 15_internal_6658 15 50277366 50394339 156 159.854 0.913552 6.68669 0.000196067 0.305107 0.0149254 0.00202476
ENSG00000166262.11 15 49913128 49913128 - 9 -501433 15_internal_6244 15 50414561 50431014 156 164.623 0.9907 8.50063 0.00553916 -0.224385 0.0447761 0.0378564
ENSG00000104047.10 15 49913177 49913177 + 9 -819068 15_internal_6123 15 49085890 49094109 156 160.327 0.998678 8.40165 0.148566 0.109687 0.731343 0.727073
ENSG00000261597.1 15 49944336 49944336 + 8 794197 15_internal_8346 15 50738533 50745685 156 148.642 1.1228 7.57943 0.0382317 0.16908 0.233831 0.2339
ENSG00000259388.1 15 50086443 50086443 + 8 -635911 15_internal_8626 15 49431450 49450532 156 135.053 1.02898 5.96206 0.00517637 -0.222794 0.0547264 0.0493229
ENSG00000259739.1 15 50144908 50144908 + 7 0 15_internal_9014 15 50123745 50394343 156 151.765 0.999985 5.50874 4.8108e-10 0.472067 0.00497512 4.55282e-09
ENSG00000259188.1 15 50171801 50171801 + 8 0 15_internal_9014 15 50123745 50394343 156 151.78 1.03928 7.4943 9.13569e-13 0.544756 0.00497512 5.11758e-12
ENSG00000201086.1 15 50274640 50274640 + 8 2726 15_internal_6658 15 50277366 50394339 156 139.532 1.05907 6.48408 3.33758e-07 0.384285 0.00497512 4.46279e-06
ENSG00000104043.10 15 50475014 50475014 - 7 80671 15_internal_9014 15 50123745 50394343 156 148.642 0.979818 6.52097 5.43402e-20 0.6653 0.00497512 6.00624e-18
ENSG00000241175.2 15 50537128 50537128 - 9 106114 15_internal_6244 15 50414561 50431014 156 145.092 1.05827 6.64012 0.0236467 -0.178487 0.149254 0.158074
ENSG00000140287.5 15 50558259 50558259 - 9 -917534 15_internal_7921 15 51475793 51628399 156 175.226 0.944345 9.19541 0.0658423 -0.141701 0.38806 0.4101
ENSG00000207498.1 15 50639726 50639726 - 10 -964260 15_internal_6499 15 51603986 51683551 156 165.872 1.02928 10.4315 0.379551 0.0699755 0.985075 0.990664
ENSG00000244879.2 15 50647156 50647156 + 10 -252813 15_internal_9014 15 50123745 50394343 156 166.192 0.992693 9.59057 0.0387685 0.161901 0.283582 0.277688
ENSG00000104064.11 15 50647605 50647605 - 10 253262 15_internal_9014 15 50123745 50394343 156 151.902 0.918292 7.1707 0.0239579 0.175505 0.20398 0.202889
ENSG00000259715.1 15 50652391 50652391 - 10 221377 15_internal_6244 15 50414561 50431014 156 129.538 1.10537 7.07652 0.134443 0.120955 0.711443 0.703548
ENSG00000264109.1 15 50652526 50652526 + 10 -110316 15_internal_6044 15 50524608 50542210 156 161.82 0.964763 9.66955 0.213876 0.0996188 0.880597 0.897894
ENSG00000138592.9 15 50716577 50716577 + 10 21956 15_internal_8346 15 50738533 50745685 156 139.151 1.01487 7.15979 0.00198109 0.257294 0.0199005 0.0232929
ENSG00000252376.1 15 50755578 50755578 + 10 -361239 15_internal_6658 15 50277366 50394339 156 140.43 0.993298 6.82677 0.20141 0.102758 0.81592 0.826996
ENSG00000242737.1 15 50758935 50758935 + 10 -216725 15_internal_6044 15 50524608 50542210 156 149.068 0.987242 8.35643 0.0250805 0.174524 0.218905 0.220101
ENSG00000259618.1 15 50789277 50789277 - 10 43592 15_internal_8346 15 50738533 50745685 156 127.938 0.986682 6.32382 0.00418374 0.22985 0.0646766 0.0612398
ENSG00000259298.1 15 50790941 50790941 - 10 -684804 15_internal_6460 15 51475745 51615954 156 172.499 0.959776 10.5373 0.0076477 -0.207661 0.0696517 0.0591188
ENSG00000170236.10 15 50838905 50838905 - 10 93220 15_internal_8346 15 50738533 50745685 156 184.976 0.964843 12.2533 0.0823402 0.143782 0.542289 0.538459
ENSG00000259684.1 15 50849798 50849798 + 10 -455455 15_internal_9014 15 50123745 50394343 156 143.889 0.975917 7.31828 0.042656 0.160402 0.358209 0.332447
ENSG00000092439.8 15 50979012 50979012 - 13 -186307 15_internal_7682 15 51165319 51205164 156 138.816 1.03032 9.91163 5.8691e-06 0.33794 0.00497512 0.000145496
ENSG00000259773.1 15 51038906 51038906 + 14 887359 15_internal_7512 15 51926265 51940524 156 145.397 1.01672 13.1485 0.0620255 0.14541 0.587065 0.616678
ENSG00000138600.5 15 51058005 51058005 - 14 -107314 15_internal_7682 15 51165319 51205164 156 149.647 0.938124 11.9261 0.105101 0.129532 0.78607 0.778801
ENSG00000081014.6 15 51200869 51200869 + 15 0 15_internal_7682 15 51165319 51205164 156 152.496 0.997492 13.2725 3.3654e-16 0.607203 0.00497512 1.03776e-14
ENSG00000259378.1 15 51236860 51236860 + 15 884369 15_internal_7659 15 52121229 52158377 156 142.853 1.00673 11.5846 0.0110575 0.206485 0.139303 0.158807
ENSG00000186417.9 15 51633826 51633826 + 10 246435 15_internal_7769 15 51880261 51906507 156 189.988 0.970743 13.3765 0.0115177 0.195376 0.0945274 0.0748146
ENSG00000259678.1 15 51706294 51706294 + 11 173967 15_internal_7769 15 51880261 51906507 156 159.93 1.05329 12.103 0.000591405 0.261302 0.00497512 0.00453725
ENSG00000259668.1 15 51749483 51749483 + 11 130778 15_internal_7769 15 51880261 51906507 156 138.008 1.08812 9.54549 0.000453003 0.265569 0.00497512 0.00591895
ENSG00000263437.1 15 51901963 51901963 - 11 0 15_internal_7769 15 51880261 51906507 156 155.208 1.06109 12.2434 3.52024e-08 0.412649 0.00497512 1.86971e-07
ENSG00000104093.9 15 51915030 51915030 - 11 8523 15_internal_7769 15 51880261 51906507 156 176.414 0.975097 13.246 0.0004637 0.270005 0.00497512 0.00304208
ENSG00000104112.4 15 51973550 51973550 + 11 -55278 15_internal_6022 15 51866352 51918272 156 162.17 1.04137 14.01 0.00630172 0.224033 0.0746269 0.0638991
ENSG00000128872.5 15 52043758 52043758 + 11 0 15_internal_7892 15 52021052 52177002 156 155.421 1.12044 11.6908 1.929e-08 0.444676 0.00497512 3.63465e-08
ENSG00000140280.9 15 52043782 52043782 - 11 0 15_internal_7892 15 52021052 52177002 156 139.151 1.00158 9.4273 0.000417032 0.283256 0.0149254 0.0080219
ENSG00000259377.1 15 52044682 52044682 + 11 -361131 15_internal_6499 15 51603986 51683551 156 156 0.915763 9.67337 0.0771724 -0.147931 0.562189 0.579111
ENSG00000138594.8 15 52121825 52121825 + 12 0 15_internal_7659 15 52121229 52158377 156 153.273 0.864781 9.92823 0.00841562 0.213761 0.139303 0.124984
ENSG00000259632.2 15 52153490 52153490 - 12 235218 15_internal_6022 15 51866352 51918272 156 168.675 1.04967 14.8406 0.0296298 0.172921 0.288557 0.277597
ENSG00000207484.1 15 52176753 52176753 + 12 -493202 15_internal_6499 15 51603986 51683551 156 147.591 1.11444 11.0883 0.0315699 -0.169086 0.308458 0.287992
ENSG00000259201.1 15 52193320 52193320 - 12 -887209 15_internal_6270 15 53080529 53098871 156 151.475 0.952024 9.92085 0.099861 -0.128405 0.636816 0.685859
ENSG00000202323.1 15 52199397 52199397 + 12 528794 15_internal_7889 15 52728191 52862075 156 146.905 1.08348 11.6716 0.308661 -0.0818131 0.985075 0.987569
ENSG00000259185.1 15 52201839 52201839 - 12 43462 15_internal_7659 15 52121229 52158377 156 147.804 1.00693 10.6399 4.04268e-05 0.319402 0.00497512 0.000651477
ENSG00000259748.1 15 52207768 52207768 - 11 30766 15_internal_7892 15 52021052 52177002 156 127.877 1.16983 9.14913 0.00778996 -0.210395 0.0696517 0.0919458
ENSG00000259556.1 15 52222824 52222824 - 11 304552 15_internal_6022 15 51866352 51918272 156 168.294 0.980323 11.9237 0.0132779 0.196239 0.139303 0.119843
ENSG00000259679.1 15 52237616 52237616 + 11 -79239 15_internal_7659 15 52121229 52158377 156 163.785 1.04353 12.0508 0.316224 0.0789408 0.975124 0.986235
ENSG00000069956.7 15 52244303 52244303 + 11 -326031 15_internal_6022 15 51866352 51918272 156 154.141 1.02541 10.6036 0.0133416 0.192465 0.129353 0.130054
ENSG00000166477.8 15 52264003 52264003 - 11 -379166 15_internal_6996 15 52643169 52654511 156 161.408 0.915539 11.2744 0.0190363 0.180723 0.228856 0.209757
ENSG00000259438.1 15 52311292 52311292 - 11 393020 15_internal_6022 15 51866352 51918272 156 180.451 0.990673 13.7411 0.0128522 0.190404 0.0945274 0.100056
ENSG00000259398.1 15 52325904 52325904 + 11 -642353 15_internal_6499 15 51603986 51683551 156 152.313 0.926557 11.2518 0.0861347 0.132547 0.656716 0.683336
ENSG00000259712.1 15 52392720 52392720 - 11 -687809 15_internal_6270 15 53080529 53098871 156 144.62 1.03499 10.4396 0.018539 0.179284 0.199005 0.20526
ENSG00000259327.1 15 52408771 52408771 + 11 -780372 15_internal_7921 15 51475793 51628399 156 148.032 1.09771 10.4727 0.0310129 0.175862 0.288557 0.273903
ENSG00000259709.1 15 52416758 52416758 + 11 226411 15_internal_6996 15 52643169 52654511 156 167.67 0.938876 12.8533 0.271729 -0.0867751 0.985075 0.979725
ENSG00000259577.1 15 52472290 52472290 + 11 170879 15_internal_6996 15 52643169 52654511 156 164.927 0.924109 11.6018 0.0510615 -0.154187 0.447761 0.450015
ENSG00000069966.14 15 52483566 52483566 - 11 543042 15_internal_7512 15 51926265 51940524 156 152.329 1.01679 9.85059 0.016537 0.190263 0.179104 0.156927
ENSG00000128833.8 15 52587995 52587995 - 11 -140196 15_internal_7889 15 52728191 52862075 156 181.777 0.876932 13.6589 0.0110993 0.207825 0.144279 0.114059
ENSG00000260553.1 15 52602996 52602996 + 11 125195 15_internal_7889 15 52728191 52862075 156 188.662 0.809051 14.0259 8.1736e-07 0.388908 0.00497512 1.26323e-05
ENSG00000231169.3 15 52797386 52797386 + 8 -639009 15_internal_7659 15 52121229 52158377 156 151.171 1.08079 8.79511 0.144568 -0.115595 0.741294 0.737329
ENSG00000197535.10 15 52821247 52821247 - 8 0 15_internal_7889 15 52728191 52862075 156 148.352 0.984607 7.70836 2.264e-14 0.5835 0.00497512 1.15844e-12
ENSG00000128989.5 15 52862080 52862080 - 8 5 15_internal_7889 15 52728191 52862075 156 173.047 0.90796 9.09254 1.17984e-07 0.405617 0.00497512 9.29014e-07
ENSG00000260618.1 15 52870039 52870039 + 8 -711662 15_internal_7659 15 52121229 52158377 156 154.172 1.00575 8.09725 0.100137 0.127391 0.577114 0.579609
ENSG00000259935.1 15 52942063 52942063 - 5 783686 15_internal_7659 15 52121229 52158377 156 157.615 1.00195 5.44569 0.0389565 0.161547 0.164179 0.189272
ENSG00000047346.8 15 53002014 53002014 - 5 843637 15_internal_7659 15 52121229 52158377 156 155.467 0.999979 4.92667 0.0970016 0.132967 0.378109 0.397003
ENSG00000259612.1 15 53230715 53230715 - 3 368640 15_internal_7889 15 52728191 52862075 156 150.82 0.999983 2.75879 0.7069 -0.0302556 0.970149 0.967624
ENSG00000137876.5 15 55489265 55489265 - 4 -295883 15_internal_6637 15 55785148 55791482 156 154.568 1.00001 3.85909 0.163561 0.113832 0.497512 0.502546
ENSG00000069943.5 15 55611158 55611158 + 4 173990 15_internal_6637 15 55785148 55791482 156 148.063 1.00003 3.87139 0.197145 0.102256 0.572139 0.596484
ENSG00000069974.11 15 55611311 55611311 - 4 25853 15_internal_6004 15 55485311 55585458 156 163.861 0.999995 4.01964 0.0135085 0.201487 0.0497512 0.0448473
ENSG00000225973.3 15 55611359 55611359 - 4 25901 15_internal_6004 15 55485311 55585458 156 163.389 1.00005 4.50344 0.435278 0.0627692 0.905473 0.916984
ENSG00000207964.1 15 55665232 55665232 - 4 -568602 15_internal_6958 15 56233834 56287082 156 133.925 0.999949 3.44395 0.455004 -0.0606958 0.900498 0.900907
ENSG00000260916.1 15 55700708 55700708 - 4 -178670 15_internal_6315 15 55879378 56036174 156 174.266 0.999965 4.90808 0.0368907 -0.166297 0.119403 0.127367
ENSG00000261652.2 15 55700746 55700746 + 4 -115288 15_internal_6004 15 55485311 55585458 156 152.222 0.999982 3.86956 0.0749571 0.138671 0.298507 0.271458
ENSG00000261771.1 15 55790558 55790558 - 4 -88820 15_internal_6315 15 55879378 56036174 156 153.867 0.999961 3.67968 0.0485274 -0.157707 0.174129 0.172321
ENSG00000256061.3 15 55800432 55800432 - 4 8950 15_internal_6637 15 55785148 55791482 156 166.283 1.00002 4.22698 0.00493683 0.216289 0.0199005 0.015549
ENSG00000069869.11 15 56285944 56285944 - 6 0 15_internal_6958 15 56233834 56287082 156 166.146 1.03656 6.83898 3.68217e-16 0.59819 0.00497512 7.46116e-17
ENSG00000261072.2 15 56485460 56485460 - 7 449286 15_internal_6315 15 55879378 56036174 156 150.836 1.06364 7.03157 0.138421 0.119503 0.631841 0.643643
ENSG00000181827.10 15 56535483 56535483 - 7 499309 15_internal_6315 15 55879378 56036174 156 149.708 0.984365 7.3287 0.0343848 0.162841 0.288557 0.255182
ENSG00000151575.10 15 56536207 56536207 + 7 -950749 15_internal_6004 15 55485311 55585458 156 174.388 0.965737 8.10939 0.0803823 0.135844 0.437811 0.433864
ENSG00000259941.1 15 56688983 56688983 - 6 -319885 15_internal_6584 15 57008868 57026750 156 146.661 0.995938 5.4855 0.374971 -0.0705622 0.940299 0.933825
ENSG00000138587.5 15 56757335 56757335 - 6 965853 15_internal_6637 15 55785148 55791482 156 137.429 0.99996 4.79108 0.259403 0.0907807 0.820896 0.806087
ENSG00000260392.1 15 56921790 56921790 - 6 885616 15_internal_6315 15 55879378 56036174 156 139.212 1.00004 4.90361 0.0384527 -0.166288 0.21393 0.224673
ENSG00000259484.1 15 57210697 57210697 - 5 0 15_internal_5779 15 57178334 57212609 156 146.311 0.999981 4.59018 0.000627128 0.261876 0.0199005 0.00425512
ENSG00000137871.14 15 57210769 57210769 - 5 184019 15_internal_6584 15 57008868 57026750 156 152.572 0.999967 4.75422 0.163154 0.109561 0.572139 0.582592
ENSG00000140262.13 15 57210821 57210821 + 5 -184071 15_internal_6584 15 57008868 57026750 156 154.675 1.00003 4.93357 0.178445 0.104481 0.646766 0.625023
ENSG00000222586.1 15 57258595 57258595 - 5 971513 15_internal_6958 15 56233834 56287082 156 149.723 0.99998 4.36764 0.106258 -0.12639 0.39801 0.409386
ENSG00000260689.2 15 57540091 57540091 - 5 513341 15_internal_6584 15 57008868 57026750 156 188.068 0.916767 5.86096 0.10393 0.128876 0.383085 0.403094
ENSG00000239035.1 15 57570871 57570871 - 5 544121 15_internal_6584 15 57008868 57026750 156 181.533 0.999967 6.05075 0.213427 0.0987361 0.686567 0.69782
ENSG00000247982.2 15 57592563 57592563 + 5 -565813 15_internal_6584 15 57008868 57026750 156 140.05 1.00003 4.07032 0.016545 0.182719 0.114428 0.0910451
ENSG00000137878.12 15 57884106 57884106 + 7 -25686 15_internal_6072 15 57853100 57858420 156 160.068 0.992956 7.42685 0.000643165 0.270366 0.00497512 0.00421926
ENSG00000263155.1 15 57884139 57884139 + 7 -25719 15_internal_6072 15 57853100 57858420 156 164.272 0.840892 6.57279 1.34826e-23 0.715697 0.00497512 3.12319e-20
ENSG00000255529.3 15 57884231 57884231 + 7 870303 15_internal_7525 15 58754534 58780404 156 159.611 1.0132 7.05881 0.000598222 0.267628 0.00497512 0.00336432
ENSG00000261219.1 15 58012493 58012493 + 8 784619 15_internal_6196 15 58797112 58820362 156 134.763 1.13761 6.82285 0.119982 0.125203 0.626866 0.613517
ENSG00000103569.5 15 58430368 58430368 + 6 93782 15_internal_8066 15 58524150 58626813 156 155.116 0.97606 5.8186 0.00344604 -0.229807 0.0199005 0.02259
ENSG00000259651.2 15 58442474 58442474 + 6 476397 15_internal_6500 15 58918871 58926655 156 150.302 1.01165 5.7187 0.139556 0.11879 0.606965 0.592356
ENSG00000259626.2 15 58442834 58442834 + 6 837757 15_internal_6453 15 59280591 59297971 156 173.748 0.945735 6.49526 0.0331517 0.175985 0.159204 0.167999
ENSG00000259600.2 15 58443232 58443232 + 6 837359 15_internal_6453 15 59280591 59297971 156 153.182 1.04429 6.41116 0.0599294 0.153077 0.348259 0.31814
ENSG00000259379.1 15 58444805 58444805 + 6 835786 15_internal_6453 15 59280591 59297971 156 141.162 1.06524 6.15038 0.0760407 0.144942 0.412935 0.416214
ENSG00000259671.1 15 58447159 58447159 + 6 76991 15_internal_8066 15 58524150 58626813 156 162.749 1.06925 6.07186 0.0299011 -0.177114 0.144279 0.129296
ENSG00000240934.2 15 58492805 58492805 + 8 31345 15_internal_8066 15 58524150 58626813 156 132.326 1.02399 5.93544 0.01093 -0.205244 0.104478 0.101839
ENSG00000166035.6 15 58702768 58702768 + 9 51766 15_internal_7525 15 58754534 58780404 156 151.689 1.02201 8.37047 0.000325248 0.284296 0.00497512 0.0028796
ENSG00000128918.10 15 58790065 58790065 - 9 163252 15_internal_8066 15 58524150 58626813 156 171.722 1.0356 9.73833 0.00904113 -0.207093 0.0497512 0.0520727
ENSG00000259476.1 15 58813510 58813510 + 10 0 15_internal_6196 15 58797112 58820362 156 134.321 0.953763 7.69303 0.00135492 0.257068 0.0447761 0.0272539
ENSG00000259250.1 15 58879706 58879706 + 9 -99302 15_internal_7525 15 58754534 58780404 156 142.015 0.987985 6.74121 0.010638 0.195355 0.0995025 0.0988633
ENSG00000239100.1 15 58892434 58892434 - 9 -918872 15_internal_5982 15 59811306 59837171 156 153.304 1.00015 8.05904 0.329571 -0.0782341 0.945274 0.962109
ENSG00000182625.3 15 58978610 58978610 + 9 488824 15_internal_7678 15 59467434 59836953 156 155.909 0.961248 7.37278 0.0249076 0.17057 0.179104 0.184236
ENSG00000199730.1 15 58996353 58996353 - 9 -576572 15_internal_5970 15 59572925 59594332 156 156.823 1.00888 8.13053 0.165803 0.107771 0.776119 0.765746
ENSG00000137845.9 15 59042177 59042177 - 9 261773 15_internal_7525 15 58754534 58780404 156 161.043 0.953265 9.51934 0.00333155 0.228703 0.0447761 0.0323584
ENSG00000245975.2 15 59063173 59063173 - 9 242811 15_internal_6196 15 58797112 58820362 156 174.373 0.948333 8.19076 0.0976239 0.129648 0.532338 0.518496
ENSG00000128923.6 15 59063391 59063391 + 9 -136736 15_internal_6500 15 58918871 58926655 156 155.817 0.991014 8.88952 0.121142 -0.12068 0.676617 0.68681
ENSG00000259402.1 15 59107471 59107471 + 9 -480658 15_internal_8066 15 58524150 58626813 156 143.569 1.02426 8.75303 0.156861 -0.11364 0.781095 0.80688
ENSG00000259353.1 15 59157262 59157262 - 9 376858 15_internal_7525 15 58754534 58780404 156 156.472 1.02318 10.3067 0.107725 0.126176 0.676617 0.680452
ENSG00000157450.11 15 59157374 59157374 + 9 309177 15_internal_7058 15 59466551 59479805 156 147.332 1.07301 8.73183 0.0813523 0.142868 0.557214 0.530437
ENSG00000242747.1 15 59161858 59161858 + 9 649448 15_internal_5982 15 59811306 59837171 156 156.488 0.914415 7.58731 0.0119815 -0.195918 0.114428 0.109553
ENSG00000225798.1 15 59182166 59182166 + 9 285268 15_internal_7678 15 59467434 59836953 156 126.72 1.05638 6.51703 0.158132 -0.109941 0.731343 0.756121
ENSG00000137776.12 15 59225852 59225852 - 9 -54739 15_internal_6453 15 59280591 59297971 156 159.26 0.857336 7.49973 0.0235249 -0.179454 0.218905 0.209973
ENSG00000241640.2 15 59342584 59342584 - 9 44613 15_internal_6453 15 59280591 59297971 156 179.872 0.895828 9.70798 0.0877599 -0.134468 0.512438 0.538523
ENSG00000157456.3 15 59397277 59397277 + 9 414029 15_internal_5982 15 59811306 59837171 156 167.167 0.92541 8.30587 0.182995 -0.103242 0.80597 0.80469
ENSG00000259732.1 15 59413233 59413233 + 9 -786420 15_internal_8066 15 58524150 58626813 156 133.072 1.07792 8.11504 0.0398005 -0.158763 0.378109 0.347085
ENSG00000268327.1 15 59439899 59439899 + 9 -619537 15_internal_6196 15 58797112 58820362 156 174.373 0.947614 10.0663 0.205527 0.102099 0.885572 0.876151
ENSG00000253030.1 15 59463461 59463461 - 9 -109464 15_internal_5970 15 59572925 59594332 156 190.856 0.871304 10.0974 0.00240468 0.249485 0.0298507 0.015376
ENSG00000171989.4 15 59499042 59499042 + 9 -678680 15_internal_6196 15 58797112 58820362 156 153.364 0.971609 8.33 0.0164191 0.194096 0.149254 0.144973
ENSG00000200070.1 15 59504987 59504987 - 9 724583 15_internal_7525 15 58754534 58780404 156 144.452 1.08399 8.17494 0.045296 0.157755 0.333333 0.327549
ENSG00000259771.1 15 59563361 59563361 - 9 -9564 15_internal_5970 15 59572925 59594332 156 144.3 0.997302 6.74465 0.00445737 0.226525 0.039801 0.0417516
ENSG00000259735.1 15 59652088 59652088 - 8 57756 15_internal_5970 15 59572925 59594332 156 160.921 0.9374 7.20394 0.0836389 0.136275 0.467662 0.476788
ENSG00000157470.7 15 59664892 59664892 + 9 0 15_internal_7678 15 59467434 59836953 156 137.902 1.14874 8.66108 0.00917782 0.196004 0.079602 0.0807719
ENSG00000157483.4 15 59665099 59665099 - 9 70767 15_internal_5970 15 59572925 59594332 156 147.987 0.980031 7.69207 0.000433534 0.277286 0.00995025 0.00525282
ENSG00000259674.1 15 59700353 59700353 - 9 106021 15_internal_5970 15 59572925 59594332 156 148.474 1.01905 8.51519 0.0645357 0.145508 0.462687 0.458729
ENSG00000140297.8 15 59887074 59887074 + 8 942180 15_internal_8224 15 60829254 60844756 156 167.045 1.02923 7.92681 0.00406811 0.230718 0.0199005 0.020501
ENSG00000140307.6 15 59949740 59949740 - 7 112787 15_internal_7678 15 59467434 59836953 156 162.734 0.989056 7.76605 0.1471 0.119874 0.661692 0.690274
ENSG00000227161.1 15 59964501 59964501 - 8 666530 15_internal_6453 15 59280591 59297971 156 144.041 1.09447 6.7382 0.0701376 -0.147149 0.432836 0.394824
ENSG00000259657.1 15 59968956 59968956 + 8 -670985 15_internal_6453 15 59280591 59297971 156 176.384 0.998751 8.76683 0.222197 -0.0942125 0.860697 0.849652
ENSG00000259238.1 15 59980716 59980716 + 8 -682745 15_internal_6453 15 59280591 59297971 156 162.2 0.989218 7.63495 0.00199928 -0.243801 0.0248756 0.0129898
ENSG00000140299.6 15 59981733 59981733 - 8 683762 15_internal_6453 15 59280591 59297971 156 156.076 1.06627 9.5811 0.0462251 -0.163413 0.343284 0.334056
ENSG00000234797.4 15 60060543 60060543 + 8 768711 15_internal_8224 15 60829254 60844756 156 154.218 1.01775 8.35456 0.151436 0.113426 0.741294 0.746486
ENSG00000240163.1 15 60682570 60682570 + 5 -845617 15_internal_7678 15 59467434 59836953 156 142.685 1 4.99 0.148029 -0.118589 0.626866 0.597224
ENSG00000182718.11 15 60695082 60695082 - 5 858129 15_internal_7678 15 59467434 59836953 156 177.267 0.92013 5.92224 0.115591 -0.126699 0.482587 0.478669
ENSG00000128915.7 15 60771359 60771359 - 5 934406 15_internal_7678 15 59467434 59836953 156 182.112 0.999986 5.17785 0.137046 0.11121 0.442786 0.446921
ENSG00000245534.2 15 60771377 60771377 + 5 -69557 15_internal_6949 15 60654201 60701820 156 131.945 1 3.90859 0.112425 0.133013 0.462687 0.456506
ENSG00000259274.1 15 60822172 60822172 + 5 -985219 15_internal_7678 15 59467434 59836953 156 154.827 0.99997 5.21972 0.270244 -0.0923266 0.810945 0.809381
ENSG00000259513.1 15 60850279 60850279 + 3 102470 15_internal_7151 15 60952749 61014807 156 163.252 0.999989 3.06703 0.586054 -0.0430461 0.925373 0.928788
ENSG00000069667.11 15 61521518 61521518 - 4 819698 15_internal_6949 15 60654201 60701820 156 159.245 0.999947 4.39315 0.179451 0.107528 0.567164 0.570464
ENSG00000259564.1 15 62126951 62126951 + 3 210284 15_internal_8806 15 62337235 62516783 156 166.009 0.999972 3.35905 0.0571489 0.1542 0.144279 0.157423
ENSG00000264376.1 15 62206624 62206624 + 3 864118 15_internal_9107 15 63070742 63397792 156 122.378 0.999999 2.32708 0.0819835 -0.131199 0.248756 0.26437
ENSG00000129003.11 15 62352672 62352672 - 3 0 15_internal_8806 15 62337235 62516783 156 179.37 0.999959 3.02863 3.97103e-05 0.32168 0.00497512 3.17396e-05
ENSG00000259251.2 15 62352702 62352702 + 3 718040 15_internal_9107 15 63070742 63397792 156 188.861 1.00002 3.8214 0.0858196 -0.1329 0.189055 0.206276
ENSG00000171914.10 15 62682725 62682725 + 3 -165942 15_internal_8806 15 62337235 62516783 156 142.335 0.999974 2.65161 0.0541581 0.150783 0.189055 0.165407
ENSG00000259370.1 15 63176233 63176233 - 6 -710429 15_internal_5994 15 63886662 64006676 156 173.413 1.00894 6.6995 0.0935611 0.138436 0.402985 0.411254
ENSG00000140416.14 15 63334831 63334831 + 10 0 15_internal_9107 15 63070742 63397792 156 157.249 0.924853 8.56899 2.31428e-15 0.574363 0.00497512 1.71983e-13
ENSG00000259498.1 15 63341586 63341586 - 11 0 15_internal_9107 15 63070742 63397792 156 154.736 1.16657 12.5008 0.000546007 0.275717 0.00497512 0.00293247
ENSG00000259627.1 15 63364110 63364110 - 12 0 15_internal_9107 15 63070742 63397792 156 154.263 0.871717 10.9063 3.17944e-10 0.46518 0.00497512 5.36963e-08
ENSG00000103642.7 15 63413999 63413999 + 13 -16207 15_internal_9107 15 63070742 63397792 156 156.152 1.07224 13.5863 0.00584268 0.215264 0.0646766 0.061539
ENSG00000185088.8 15 63450220 63450220 - 13 -885517 15_internal_5794 15 64335737 64352402 156 161.667 1.0557 12.5477 0.0152667 -0.199138 0.159204 0.138802
ENSG00000166128.8 15 63481668 63481668 + 13 404994 15_internal_5994 15 63886662 64006676 156 180.07 0.842856 12.1937 0.0173875 0.184181 0.179104 0.177986
ENSG00000138613.9 15 63568217 63568217 + 13 229767 15_internal_5574 15 63797984 63841051 156 158.818 0.889832 10.8493 0.0219579 0.188584 0.258706 0.251018
ENSG00000140455.12 15 63796793 63796793 + 12 89869 15_internal_5994 15 63886662 64006676 156 135.982 1.01064 8.72655 0.00532909 -0.221277 0.0945274 0.0759036
ENSG00000197361.4 15 63889552 63889552 + 13 393069 15_internal_6374 15 64282621 64406484 156 160.738 1.00836 12.4644 0.00229662 0.239978 0.0199005 0.0234374
ENSG00000259662.1 15 63889592 63889592 + 13 469754 15_internal_8975 15 64359346 64644345 156 148.017 0.984303 9.98553 0.0413409 -0.16196 0.432836 0.388602
ENSG00000259248.1 15 63893788 63893788 - 13 0 15_internal_5994 15 63886662 64006676 156 177.511 0.862409 12.6088 0.0172081 -0.190353 0.199005 0.180381
ENSG00000259589.1 15 63970080 63970080 + 13 365657 15_internal_5794 15 64335737 64352402 156 161.378 0.990225 13.7496 0.000376628 0.286255 0.00497512 0.00433375
ENSG00000103657.9 15 64126141 64126141 - 15 -209596 15_internal_5794 15 64335737 64352402 156 163.175 1.08067 17.9153 0.00678966 0.214052 0.0646766 0.0771138
ENSG00000259351.1 15 64220473 64220473 + 15 0 15_internal_6179 15 64190366 64297660 156 176.17 0.973027 19.3359 0.00451842 0.237753 0.0597015 0.0526968
ENSG00000035664.7 15 64364232 64364232 - 15 17733 15_internal_8429 15 64230305 64346499 156 153.486 0.98814 14.4373 2.79142e-06 0.388644 0.00497512 5.48004e-05
ENSG00000166797.6 15 64386217 64386217 - 15 -720522 15_internal_8040 15 65106739 65198618 156 148.2 0.99068 14.9153 0.0141588 0.192313 0.233831 0.227236
