ENSG00000267262.1 19 6067964 6067964 + 11 -161919 19_internal_6382 19 4246131 5906045 156 152.024 1.02471 9.08961 0.0700584 -0.141682 0.487562 0.490137
ENSG00000267589.1 19 6072834 6072834 + 11 568064 19_internal_9931 19 6640898 6741505 156 164.668 0.887869 11.4221 0.186648 -0.108736 0.910448 0.907917
ENSG00000267299.1 19 6109333 6109333 + 11 -203288 19_internal_6382 19 4246131 5906045 156 148.794 1.10051 12.0784 0.099267 -0.130445 0.736318 0.712816
ENSG00000130377.9 19 6135258 6135258 + 10 -283725 19_internal_6882 19 5801865 5851533 156 162.063 1.05441 10.7612 0.0414952 -0.156197 0.333333 0.314206
ENSG00000087903.8 19 6199583 6199583 - 11 93238 19_internal_7932 19 6055707 6106345 156 167.441 0.984789 13.088 3.76154e-05 0.304441 0.00497512 0.000291026
ENSG00000267427.1 19 6212492 6212492 - 11 0 19_internal_8727 19 926715 6818845 156 168.325 0.982945 11.3005 0.101188 -0.121835 0.636816 0.65641
ENSG00000267563.1 19 6259168 6259168 + 12 0 19_internal_8321 19 6231957 6280909 156 141.329 1.18911 12.1358 0.0320995 0.169819 0.333333 0.317912
ENSG00000130382.7 19 6279959 6279959 - 12 0 19_internal_8727 19 926715 6818845 156 169.62 0.930634 12.3601 0.00128868 -0.249342 0.0248756 0.0137361
ENSG00000125656.4 19 6361463 6361463 + 11 279435 19_internal_9931 19 6640898 6741505 156 167.426 0.867313 10.7782 0.0326651 -0.171599 0.293532 0.316763
ENSG00000125652.3 19 6372444 6372444 + 11 -91535 19_internal_8321 19 6231957 6280909 156 150.302 1.01266 9.95649 0.197388 0.104586 0.905473 0.89708
ENSG00000125650.4 19 6379069 6379069 - 11 98160 19_internal_8321 19 6231957 6280909 156 187.977 0.821805 13.0215 0.023493 -0.170798 0.248756 0.228121
ENSG00000269444.1 19 6390411 6390411 - 11 -768148 19_internal_7492 19 7158559 7184212 156 151.232 0.993419 9.99893 0.00331149 -0.226671 0.0497512 0.0385535
ENSG00000125651.9 19 6393992 6393992 - 11 113083 19_internal_8321 19 6231957 6280909 156 145.564 0.944526 8.81773 0.0163388 -0.189437 0.218905 0.186648
ENSG00000266722.1 19 6416522 6416522 - 11 0 19_internal_8727 19 926715 6818845 156 179.232 0.861134 11.5559 0.131944 0.119482 0.756219 0.775006
ENSG00000088247.11 19 6424805 6424805 - 11 -733754 19_internal_7492 19 7158559 7184212 156 172.804 1.07641 12.6766 0.151545 0.113667 0.80597 0.812343
ENSG00000130545.11 19 6463788 6463788 + 11 -182879 19_internal_8321 19 6231957 6280909 156 150.729 1.05583 9.59031 0.0834919 0.139067 0.557214 0.566461
ENSG00000125648.10 19 6465214 6465214 - 11 -531817 19_internal_6949 19 6997031 7010280 156 156.274 0.973107 9.60282 0.129353 0.126301 0.736318 0.743717
ENSG00000205744.5 19 6482568 6482568 - 11 576523 19_internal_6382 19 4246131 5906045 156 142.396 1.08721 10.4929 0.0438083 -0.150743 0.383085 0.402083
ENSG00000125657.3 19 6531010 6531010 + 12 709301 19_internal_9645 19 7240311 7276689 156 162.109 1.01449 12.9225 0.117412 -0.125318 0.791045 0.775206
ENSG00000125735.6 19 6670599 6670599 - 13 0 19_internal_9931 19 6640898 6741505 156 163.343 1.03893 12.4002 3.23217e-07 0.382028 0.00497512 1.25397e-06
ENSG00000125730.11 19 6730573 6730573 - 14 0 19_internal_9931 19 6640898 6741505 156 147.149 1.0114 13.2178 2.35049e-05 0.338424 0.00497512 0.00048475
ENSG00000125734.9 19 6737614 6737614 - 14 886081 19_internal_6882 19 5801865 5851533 156 155.162 1.11542 15.4698 0.079687 -0.138429 0.681592 0.685933
ENSG00000125733.12 19 6737936 6737936 + 14 128602 19_internal_6996 19 6866538 6894896 156 167.243 0.931357 15.3038 8.7032e-05 0.311748 0.00995025 0.00124409
ENSG00000269680.1 19 6751478 6751478 - 14 -115060 19_internal_6996 19 6866538 6894896 156 170.244 0.873268 13.5961 0.0054486 0.212541 0.0845771 0.0749366
ENSG00000125731.8 19 6767599 6767599 - 15 -98939 19_internal_6996 19 6866538 6894896 156 175.546 0.917363 16.8833 0.0687949 0.14676 0.626866 0.641133
ENSG00000141968.3 19 6772725 6772725 + 15 -866680 19_internal_6382 19 4246131 5906045 156 152.846 1.00315 13.8997 0.00822075 -0.211678 0.119403 0.115912
ENSG00000174837.10 19 6887577 6887577 + 14 0 19_internal_6996 19 6866538 6894896 156 149.419 1.09252 15.5061 3.10166e-12 0.513084 0.00497512 1.61727e-11
ENSG00000265353.1 19 6895733 6895733 + 15 -837 19_internal_6996 19 6866538 6894896 156 153.075 1.01058 15.1486 0.0281915 0.175761 0.353234 0.361783
ENSG00000269385.1 19 6898310 6898310 + 15 -3414 19_internal_6996 19 6866538 6894896 156 133.758 1.06845 11.8519 1.51217e-05 0.34012 0.00497512 0.00043521
ENSG00000268845.1 19 6953222 6953222 + 14 43809 19_internal_6949 19 6997031 7010280 156 152.77 1.07226 15.0211 3.01444e-09 0.466228 0.00497512 1.93664e-08
ENSG00000268758.1 19 6990857 6990857 - 14 -6174 19_internal_6949 19 6997031 7010280 156 163.45 0.999249 13.9456 4.78778e-10 0.484813 0.00497512 2.61958e-09
ENSG00000130544.7 19 7069455 7069455 + 14 647406 19_internal_7519 19 7716861 7748066 156 153.197 1.07028 15.5618 0.00199782 -0.246686 0.00995025 0.025739
ENSG00000269163.1 19 7087063 7087063 + 14 -76783 19_internal_6949 19 6997031 7010280 156 145.412 1.05603 11.9948 0.0247498 0.17783 0.308458 0.282987
ENSG00000171105.9 19 7294045 7294045 - 14 -220242 19_internal_9663 19 7514287 7538748 156 158.011 1.02009 15.7295 0.0309086 -0.16967 0.368159 0.369572
ENSG00000263264.1 19 7413848 7413848 + 14 -137159 19_internal_9645 19 7240311 7276689 156 155.802 0.902794 11.7602 0.028989 0.160534 0.313433 0.339708
ENSG00000268861.1 19 7445850 7445850 + 14 -435570 19_internal_6949 19 6997031 7010280 156 168.188 0.987366 18.0061 0.0141532 -0.194261 0.189055 0.182987
ENSG00000267852.1 19 7459925 7459925 - 15 -138001 19_internal_9539 19 7597926 7612596 156 159.321 0.861348 12.0098 0.0243144 0.183597 0.298507 0.306912
ENSG00000104880.13 19 7459999 7459999 + 15 -449719 19_internal_6949 19 6997031 7010280 156 163.693 0.969815 16.6673 0.00315644 -0.22844 0.0547264 0.0453889
ENSG00000198723.6 19 7557862 7557862 + 16 -19114 19_internal_9663 19 7514287 7538748 156 150.15 0.899467 11.4391 4.93049e-06 0.360541 0.00497512 0.000225899
ENSG00000104883.3 19 7562335 7562335 - 16 23587 19_internal_9663 19 7514287 7538748 156 174.357 1.01012 19.8685 3.77004e-13 0.544057 0.00497512 2.34655e-13
ENSG00000267952.1 19 7571938 7571938 + 16 973620 19_internal_6347 19 8545558 8588916 156 165.064 0.99599 19.1692 0.01638 -0.186485 0.233831 0.231606
ENSG00000198816.5 19 7580178 7580178 + 16 965380 19_internal_6347 19 8545558 8588916 156 167.411 1.02506 19.3002 0.0233244 -0.171632 0.273632 0.295109
ENSG00000269371.1 19 7585346 7585346 - 16 766501 19_internal_8727 19 926715 6818845 156 157.021 1.04645 16.0241 0.0472877 0.159733 0.527363 0.512903
ENSG00000090674.11 19 7587512 7587512 + 16 -48764 19_internal_9663 19 7514287 7538748 156 153.045 1.0517 14.5766 1.01009e-06 0.364694 0.00497512 1.03985e-05
ENSG00000268614.1 19 7598481 7598481 + 16 -59733 19_internal_9663 19 7514287 7538748 156 144.376 1.15184 16.9536 0.00650681 0.203791 0.119403 0.0977845
ENSG00000032444.11 19 7598890 7598890 + 16 -60142 19_internal_9663 19 7514287 7538748 156 144.483 0.999996 12.9527 0.0161692 0.187183 0.238806 0.236846
ENSG00000076826.5 19 7660788 7660788 + 18 793470 19_internal_5935 19 8454258 9931173 156 197.895 0.883028 25.0597 0.0539935 0.147905 0.567164 0.588988
ENSG00000076924.7 19 7694451 7694451 - 18 -58957 19_internal_9120 19 7753408 7962913 156 148.154 1.06472 17.0327 0.0210855 -0.179928 0.278607 0.316259
ENSG00000229833.3 19 7694623 7694623 + 18 -799727 19_internal_6996 19 6866538 6894896 156 161.591 0.982843 19.7608 0.0253121 0.17547 0.383085 0.374536
ENSG00000268400.1 19 7694682 7694682 + 18 -799786 19_internal_6996 19 6866538 6894896 156 157.965 0.926327 16.2863 0.00163193 0.252412 0.0447761 0.0331276
ENSG00000174788.5 19 7698634 7698634 - 18 126785 19_internal_6952 19 7562814 7571849 156 155.589 0.949554 16.1915 0.0787894 0.133986 0.741294 0.754378
ENSG00000076944.9 19 7701767 7701767 + 18 -806871 19_internal_6996 19 6866538 6894896 156 141.939 1.17179 15.7782 0.0617998 0.144262 0.676617 0.643275
ENSG00000268204.1 19 7701876 7701876 - 18 -428134 19_internal_6995 19 8130010 8138460 156 148.139 1.00754 16.4775 0.00200465 -0.252577 0.0497512 0.0410142
ENSG00000104918.4 19 7733930 7733930 + 18 396080 19_internal_6995 19 8130010 8138460 156 164.181 0.991409 21.6122 0.0455677 0.16175 0.631841 0.5922
ENSG00000183019.3 19 7741514 7741514 + 17 0 19_internal_7519 19 7716861 7748066 156 147.865 1.06288 15.7754 0.00700476 0.216435 0.109453 0.110053
ENSG00000269711.1 19 7743387 7743387 + 17 386623 19_internal_6995 19 8130010 8138460 156 169.68 1.03081 16.9567 0.00325273 0.229324 0.039801 0.0318659
ENSG00000181029.7 19 7745729 7745729 + 17 384281 19_internal_6995 19 8130010 8138460 156 140.507 1.04579 14.3806 0.00331194 0.232122 0.079602 0.064385
ENSG00000104921.10 19 7767032 7767032 - 17 -482973 19_internal_7333 19 8250005 8309542 156 154.842 1.08365 17.215 0.0482906 -0.158238 0.512438 0.542902
ENSG00000182566.8 19 7798792 7798792 - 17 0 19_internal_9120 19 7753408 7962913 156 155.634 0.998949 13.8099 0.0032323 0.225707 0.0547264 0.0443696
ENSG00000090659.13 19 7812464 7812464 - 17 0 19_internal_9120 19 7753408 7962913 156 160.022 0.95816 15.6793 1.71333e-06 0.35829 0.00497512 3.15628e-05
ENSG00000142459.4 19 7895119 7895119 + 15 -356371 19_internal_9663 19 7514287 7538748 156 135.129 1.1933 12.5218 0.0756003 0.141247 0.706468 0.657636
ENSG00000171017.6 19 7953390 7953390 + 16 296615 19_internal_7333 19 8250005 8309542 156 176.216 0.890202 17.2016 0.0577084 0.148659 0.557214 0.587863
ENSG00000214248.2 19 7968427 7968427 - 16 -281578 19_internal_7333 19 8250005 8309542 156 147.621 0.964902 12.7101 0.037803 0.164618 0.452736 0.447743
ENSG00000076984.13 19 7968728 7968728 + 16 -692039 19_internal_9645 19 7240311 7276689 156 135.525 0.988319 12.6385 0.0292839 -0.167617 0.432836 0.426091
ENSG00000268149.1 19 7978403 7978403 - 16 -151607 19_internal_6995 19 8130010 8138460 156 136.287 1.17433 13.3398 0.0204925 0.183606 0.273632 0.262939
ENSG00000260001.2 19 7981030 7981030 + 16 -409181 19_internal_6952 19 7562814 7571849 156 163.191 0.940902 15.8033 0.0895391 -0.137867 0.761194 0.763246
ENSG00000104976.7 19 7985201 7985201 + 16 144809 19_internal_6995 19 8130010 8138460 156 178.852 0.87385 17.2725 0.00348225 0.226364 0.0696517 0.0486169
ENSG00000269139.1 19 7990886 7990886 + 16 -806674 19_internal_7492 19 7158559 7184212 156 174.464 0.830896 17.2276 0.00431582 0.229993 0.0895522 0.0771958
ENSG00000104980.3 19 8008805 8008805 - 16 -595635 19_internal_7007 19 8604440 8615392 156 144.772 1.00204 13.4524 0.0561438 -0.160576 0.606965 0.59894
ENSG00000269813.1 19 8024007 8024007 + 15 -83795 19_internal_6769 19 7895185 7940212 156 157.523 0.931354 12.1267 0.0257915 0.186478 0.298507 0.296376
ENSG00000066044.9 19 8070543 8070543 - 15 130331 19_internal_6769 19 7895185 7940212 156 159.839 1.10001 17.6295 0.019962 0.191155 0.263682 0.238475
ENSG00000090661.7 19 8271620 8271620 + 14 0 19_internal_7333 19 8250005 8309542 156 181.274 1.01231 17.5599 6.35877e-05 0.316563 0.00497512 0.00025583
ENSG00000167775.6 19 8373240 8373240 - 13 234780 19_internal_6995 19 8130010 8138460 156 140.857 1.15009 13.8115 0.086666 0.134388 0.761194 0.73244
ENSG00000233927.3 19 8386042 8386042 + 13 -847294 19_internal_9663 19 7514287 7538748 156 162.749 1.10118 16.3515 0.0762783 0.134922 0.686567 0.657317
ENSG00000167774.2 19 8386263 8386263 - 13 76721 19_internal_7333 19 8250005 8309542 156 158.468 0.985786 14.4061 0.285756 0.0824314 0.99005 0.991792
ENSG00000267855.1 19 8386280 8386280 - 13 76738 19_internal_7333 19 8250005 8309542 156 167.852 1.0329 13.8379 0.31605 0.0778468 0.99005 0.992023
ENSG00000186994.7 19 8408146 8408146 - 13 467934 19_internal_6769 19 7895185 7940212 156 161.911 0.990242 15.7305 0.0551079 -0.145541 0.572139 0.563232
ENSG00000167772.7 19 8428173 8428173 + 13 -815577 19_internal_9539 19 7597926 7612596 156 182.645 0.943318 16.9764 0.0602489 -0.152535 0.567164 0.544219
ENSG00000265390.1 19 8454264 8454264 - 13 514052 19_internal_6769 19 7895185 7940212 156 160.982 1.00587 14.383 0.0961554 -0.133818 0.741294 0.74444
ENSG00000185236.7 19 8454865 8454865 + 13 149575 19_internal_7007 19 8604440 8615392 156 174.357 0.834798 12.5564 0.0166234 -0.186164 0.19403 0.195601
ENSG00000269386.1 19 8455569 8455569 - 13 883720 19_internal_6952 19 7562814 7571849 156 157.036 1.07889 13.5065 0.0185732 0.188001 0.189055 0.189466
ENSG00000099785.6 19 8478154 8478154 + 13 -906305 19_internal_6952 19 7562814 7571849 156 140.522 0.982274 11.0613 0.0427451 0.161284 0.462687 0.470569
ENSG00000268931.1 19 8492711 8492711 - 13 354251 19_internal_6995 19 8130010 8138460 156 166.131 1.01415 14.0195 0.0462036 -0.1569 0.422886 0.426072
ENSG00000099783.7 19 8509651 8509651 + 13 0 19_internal_5935 19 8454258 9931173 156 154.416 0.932429 12.9473 0.00736728 -0.205547 0.104478 0.113913
ENSG00000133246.7 19 8567996 8567996 - 13 0 19_internal_5935 19 8454258 9931173 156 151.658 0.915146 10.702 0.021636 -0.182673 0.268657 0.262079
ENSG00000133250.9 19 8579048 8579048 - 12 0 19_internal_6347 19 8545558 8588916 156 166.405 0.985923 14.6866 0.0228719 -0.178673 0.258706 0.248713
ENSG00000265528.1 19 8611743 8611743 + 12 -473283 19_internal_6995 19 8130010 8138460 156 151.902 0.988156 11.8062 0.0276262 -0.182496 0.308458 0.305368
ENSG00000268618.1 19 8614390 8614390 + 11 327508 19_internal_6985 19 8941898 9880460 156 149.647 1.08668 10.4141 0.00358689 0.232302 0.039801 0.0326868
ENSG00000142347.12 19 8642461 8642461 - 11 679548 19_internal_9120 19 7753408 7962913 156 147.073 1.06454 10.0093 0.00110434 -0.25556 0.00995025 0.0113821
ENSG00000142303.8 19 8675620 8675620 - 11 -266278 19_internal_6985 19 8941898 9880460 156 161.088 0.926462 10.7364 0.00542563 -0.216012 0.0497512 0.0633302
ENSG00000269300.1 19 8932177 8932177 + 12 963027 19_internal_6268 19 9895204 9904591 156 140.552 1.04733 10.8153 0.229231 -0.0965275 0.960199 0.954111
ENSG00000167785.4 19 8943004 8943004 - 11 0 19_internal_5935 19 8454258 9931173 156 128.38 1.04037 8.68708 0.117652 -0.127517 0.791045 0.758198
ENSG00000130803.10 19 9251056 9251056 + 11 0 19_internal_6985 19 8941898 9880460 156 174.555 0.907626 12.2548 0.0532338 0.155132 0.442786 0.445929
ENSG00000267510.1 19 9402191 9402191 + 12 0 19_internal_6985 19 8941898 9880460 156 154.827 0.983878 11.1283 0.0354419 0.163918 0.363184 0.34368
ENSG00000196110.3 19 9420514 9420514 - 12 0 19_internal_6985 19 8941898 9880460 156 161.21 1.18271 15.1638 0.0620142 0.143538 0.562189 0.516196
ENSG00000188321.8 19 9434448 9434448 + 12 0 19_internal_6985 19 8941898 9880460 156 143.813 1.06767 10.8861 0.00079388 0.264019 0.0149254 0.0100802
ENSG00000188629.6 19 9435017 9435017 + 12 0 19_internal_6985 19 8941898 9880460 156 128.624 1.08506 8.53903 0.000152391 0.29781 0.00497512 0.00308253
ENSG00000266912.1 19 9455460 9455460 + 12 924555 19_internal_6250 19 10380015 11438786 156 157.6 0.932716 11.3938 0.123943 -0.124944 0.80597 0.793555
ENSG00000174652.13 19 9546254 9546254 - 13 0 19_internal_6985 19 8941898 9880460 156 164.257 0.964942 12.5977 0.00894229 0.211062 0.119403 0.0972208
ENSG00000130818.6 19 9649303 9649303 - 10 0 19_internal_8276 19 9543604 9929560 156 136.988 1.04563 8.21099 0.00786971 0.212014 0.0945274 0.0888
ENSG00000197961.6 19 9695209 9695209 - 12 -2027 19_internal_8206 19 9697236 9910556 156 164.166 0.870667 11.6939 0.00120774 0.262344 0.0248756 0.0196843
ENSG00000267106.1 19 9731967 9731967 + 13 464116 19_internal_9747 19 10196083 10298972 156 172.971 0.987528 15.8556 0.0405687 0.166968 0.437811 0.399299
ENSG00000171469.6 19 9732075 9732075 - 13 -212786 19_internal_7539 19 9944861 10266232 156 160.189 1.00003 11.8648 0.11908 -0.124046 0.771144 0.762837
ENSG00000171466.5 19 9785776 9785776 - 15 0 19_internal_6985 19 8941898 9880460 156 162.993 0.981624 14.7663 0.000378956 0.287589 0.00995025 0.00459303
ENSG00000239830.1 19 9794749 9794749 - 15 -899465 19_internal_7834 19 10694214 10728417 156 143.447 0.977793 12.2843 0.00357411 0.227924 0.0696517 0.066707
ENSG00000267370.1 19 9867539 9867539 - 16 0 19_internal_5935 19 8454258 9931173 156 139.09 0.969702 12.3933 0.000445707 -0.281956 0.0199005 0.0130883
ENSG00000267741.1 19 9885173 9885173 + 16 0 19_internal_5935 19 8454258 9931173 156 159.504 1.0123 15.5547 0.0123612 -0.20195 0.179104 0.15926
ENSG00000196605.3 19 9903856 9903856 - 16 0 19_internal_8276 19 9543604 9929560 156 146.387 0.933138 12.663 0.00981991 0.205147 0.174129 0.169727
ENSG00000267119.1 19 9930817 9930817 + 16 14044 19_internal_7539 19 9944861 10266232 156 133.682 1.1649 14.3925 0.00740029 0.206963 0.129353 0.122267
ENSG00000127452.4 19 9938492 9938492 - 16 -755722 19_internal_7834 19 10694214 10728417 156 164.15 0.989055 18.5781 0.0109758 0.191674 0.164179 0.159597
ENSG00000198258.6 19 9938568 9938568 + 16 -7395 19_internal_5935 19 8454258 9931173 156 154.583 0.889951 11.9098 0.0142386 0.196866 0.189055 0.20438
ENSG00000267289.1 19 9945689 9945689 - 17 -434326 19_internal_6250 19 10380015 11438786 156 157.402 0.952606 17.5652 0.108596 -0.129352 0.845771 0.873107
ENSG00000127445.9 19 9945933 9945933 + 17 -14760 19_internal_5935 19 8454258 9931173 156 141.512 1.21187 15.5044 0.116273 0.123562 0.890547 0.854315
ENSG00000105088.4 19 10047228 10047228 - 17 -898296 19_internal_7326 19 10945524 10981847 156 156.838 0.969054 16.4825 0.0355339 -0.168724 0.472637 0.459576
ENSG00000080573.6 19 10121147 10121147 - 17 210591 19_internal_8206 19 9697236 9910556 156 135.83 1.07357 14.9216 0.00493334 0.225582 0.104478 0.102124
ENSG00000130813.13 19 10196798 10196798 + 18 0 19_internal_9747 19 10196083 10298972 156 149.845 0.959619 14.4148 0.000394959 0.272954 0.0149254 0.00916426
ENSG00000267387.1 19 10201053 10201053 - 18 0 19_internal_9747 19 10196083 10298972 156 141.04 1.02165 15.6689 0.00799702 0.204879 0.169154 0.160648
ENSG00000130812.6 19 10213472 10213472 - 18 0 19_internal_9747 19 10196083 10298972 156 152.07 0.954618 15.4239 3.23679e-06 0.361405 0.00497512 0.000104566
ENSG00000243207.2 19 10216899 10216899 + 18 528370 19_internal_7764 19 10745269 10943295 156 148.078 1.01124 18.4023 0.00127208 -0.244544 0.0248756 0.0294252
ENSG00000130810.15 19 10216965 10216965 + 18 528304 19_internal_7764 19 10745269 10943295 156 161.088 0.914167 15.6475 0.00298078 -0.228827 0.0597015 0.0532409
ENSG00000209645.1 19 10218327 10218327 + 18 0 19_internal_9747 19 10196083 10298972 156 169.147 1.03512 20.0676 0.000842352 0.265429 0.0199005 0.00850384
ENSG00000238531.1 19 10220433 10220433 + 18 524836 19_internal_7764 19 10745269 10943295 156 155.132 1.17331 21.3047 0.0126949 0.19783 0.20398 0.177471
ENSG00000244165.1 19 10222214 10222214 + 18 923891 19_internal_7287 19 11146105 11250621 156 134.413 0.920824 11.8841 0.0300667 -0.17069 0.447761 0.454006
ENSG00000130811.6 19 10230596 10230596 - 18 -714928 19_internal_7326 19 10945524 10981847 156 156.137 1.09462 16.6054 0.0114173 0.201759 0.139303 0.141513
ENSG00000175898.4 19 10333870 10333870 - 18 429279 19_internal_6268 19 9895204 9904591 156 149.434 0.979166 17.0406 0.00162027 0.245694 0.0348259 0.036909
ENSG00000267534.1 19 10341948 10341948 - 18 42976 19_internal_9747 19 10196083 10298972 156 159.519 0.976002 16.4266 0.0158512 0.185653 0.21393 0.225938
ENSG00000130816.10 19 10341962 10341962 - 18 -403131 19_internal_6216 19 10745093 10756195 156 157.584 0.951654 17.1597 0.00346755 -0.23913 0.0696517 0.0646724
ENSG00000105364.9 19 10362577 10362577 + 18 -431404 19_internal_5935 19 8454258 9931173 156 152.816 1.04386 15.7888 0.0349414 -0.167094 0.442786 0.426519
ENSG00000267105.1 19 10370721 10370721 - 18 -374548 19_internal_7764 19 10745269 10943295 156 160.479 0.974921 20.2378 0.0763003 -0.140918 0.810945 0.788181
ENSG00000090339.4 19 10381511 10381511 + 18 764594 19_internal_7287 19 11146105 11250621 156 158.895 0.981203 18.0162 0.00647173 -0.200446 0.124378 0.107884
ENSG00000266978.1 19 10395784 10395784 - 18 -258163 19_internal_8990 19 10653947 10668027 156 156.823 0.861223 15.2573 0.0545594 0.140275 0.59204 0.634328
ENSG00000105371.8 19 10397643 10397643 + 18 0 19_internal_7890 19 10378575 10494458 156 147.073 0.949573 15.8744 9.26244e-14 0.547631 0.00497512 2.7623e-11
ENSG00000267607.1 19 10399695 10399695 - 18 0 19_internal_7890 19 10378575 10494458 156 150.226 0.967382 15.6627 1.56202e-06 0.341723 0.00497512 5.39098e-05
ENSG00000105376.4 19 10400657 10400657 + 19 544867 19_internal_7326 19 10945524 10981847 156 131.229 1.00988 14.1771 0.018637 0.183199 0.368159 0.35535
ENSG00000220201.3 19 10420556 10420556 - 20 0 19_internal_7890 19 10378575 10494458 156 161.241 0.978214 22.7523 0.00433631 0.218333 0.0945274 0.0867572
ENSG00000167807.10 19 10426685 10426685 - 20 0 19_internal_7890 19 10378575 10494458 156 156.655 1.08356 21.2116 0.0371808 0.164384 0.502488 0.510371
ENSG00000267673.1 19 10426691 10426691 - 20 -267523 19_internal_7834 19 10694214 10728417 156 182.264 0.892373 25.4467 0.0368035 -0.166744 0.497512 0.514531
ENSG00000267303.1 19 10431354 10431354 - 20 -313739 19_internal_6216 19 10745093 10756195 156 154.141 0.967919 18.5628 0.012299 -0.194933 0.208955 0.226392
ENSG00000161847.9 19 10444316 10444316 - 20 -300777 19_internal_6216 19 10745093 10756195 156 152.953 0.979118 15.5373 0.00338787 -0.2263 0.0696517 0.0601509
ENSG00000076662.5 19 10450499 10450499 - 20 0 19_internal_6250 19 10380015 11438786 156 152.389 0.935858 18.7977 0.00783577 0.212049 0.174129 0.172813
ENSG00000105397.9 19 10491352 10491352 - 20 0 19_internal_7890 19 10378575 10494458 156 153.486 1.00405 20.1102 0.0385342 0.164607 0.59204 0.559394
ENSG00000221566.1 19 10514214 10514214 - 20 603658 19_internal_8206 19 9697236 9910556 156 134.2 0.988402 14.5061 0.027013 0.174998 0.437811 0.455112
ENSG00000065989.11 19 10527449 10527449 + 20 166765 19_internal_7834 19 10694214 10728417 156 166.801 1.00203 22.7531 0.0170079 0.195779 0.253731 0.266569
ENSG00000105401.2 19 10530797 10530797 - 20 -181392 19_internal_6001 19 10712189 10737192 156 149.647 1.11807 18.6848 0.0195564 -0.18569 0.308458 0.290461
ENSG00000267197.1 19 10601676 10601676 - 20 107218 19_internal_7890 19 10378575 10494458 156 136.332 1.13881 14.8767 0.14149 -0.117765 0.935323 0.920144
ENSG00000079999.9 19 10614417 10614417 - 20 -79797 19_internal_7834 19 10694214 10728417 156 176.307 0.889581 19.6248 0.00710173 -0.201496 0.124378 0.109058
ENSG00000180739.12 19 10628607 10628607 - 20 -25340 19_internal_8990 19 10653947 10668027 156 161.393 1.02737 20.0402 0.0013171 0.250199 0.0248756 0.0191666
ENSG00000130734.5 19 10654571 10654571 + 20 290953 19_internal_7326 19 10945524 10981847 156 137.17 1.04953 16.8299 0.058838 -0.148791 0.751244 0.720872
ENSG00000238364.1 19 10661768 10661768 - 20 395536 19_internal_7539 19 9944861 10266232 156 151.475 1.01866 18.8763 0.0487807 -0.159522 0.641791 0.628559
ENSG00000221410.1 19 10662798 10662798 + 20 49391 19_internal_6001 19 10712189 10737192 156 164.348 0.977109 21.2035 0.0543957 0.153737 0.641791 0.659474
ENSG00000129347.15 19 10676713 10676713 - 21 -17501 19_internal_7834 19 10694214 10728417 156 151.658 1.02553 20.7864 3.40004e-07 -0.384747 0.00497512 7.60101e-06
ENSG00000129355.6 19 10679735 10679735 - 21 748562 19_internal_5935 19 8454258 9931173 156 142.274 1.10559 18.7054 0.20967 0.100202 0.985075 0.990789
ENSG00000129353.10 19 10713133 10713133 + 21 0 19_internal_7834 19 10694214 10728417 156 170.808 1.00822 22.7138 1.71897e-10 0.486317 0.00497512 4.48878e-10
ENSG00000226104.1 19 10751715 10751715 + 21 193809 19_internal_7326 19 10945524 10981847 156 155.33 1.06951 20.1086 0.0866705 0.139329 0.845771 0.823686
ENSG00000267100.1 19 10764520 10764520 - 21 96493 19_internal_8990 19 10653947 10668027 156 167.03 0.9782 21.2146 0.00824495 -0.214383 0.129353 0.131511
ENSG00000129351.13 19 10764937 10764937 + 21 635535 19_internal_6574 19 11400472 11459018 156 152.42 0.966302 19.1167 0.04623 0.15169 0.621891 0.630416
ENSG00000213339.4 19 10812106 10812106 + 21 333999 19_internal_7287 19 11146105 11250621 156 171.006 0.889118 24.3038 0.0253939 -0.16901 0.437811 0.432396
ENSG00000079805.11 19 10828755 10828755 + 21 116769 19_internal_7326 19 10945524 10981847 156 160.281 1.0492 24.444 0.0568472 0.150775 0.736318 0.722347
ENSG00000265879.1 19 10890930 10890930 + 22 -362815 19_internal_7223 19 10510391 10528115 156 151.689 0.986359 18.9996 0.0960319 -0.136767 0.880597 0.869931
ENSG00000207752.1 19 10928172 10928172 - 20 -948931 19_internal_6914 19 11877103 12277902 156 161.545 0.896921 20.6374 0.0840507 0.135417 0.81592 0.843129
ENSG00000099203.2 19 10946994 10946994 - 18 0 19_internal_6797 19 10834000 11186985 156 149.084 1.10935 17.9277 0.0180395 0.177867 0.288557 0.266483
ENSG00000214212.4 19 10947251 10947251 + 18 0 19_internal_7326 19 10945524 10981847 156 142.304 1.04107 15.8143 0.0534466 0.147299 0.651741 0.638697
ENSG00000267544.1 19 10952515 10952515 + 18 924563 19_internal_9828 19 11877078 12596313 156 150.668 0.868654 14.733 0.0106824 0.202151 0.20398 0.217114
ENSG00000142453.7 19 10982189 10982189 + 18 0 19_internal_6250 19 10380015 11438786 156 207.035 1.00231 33.3362 0.0132722 -0.201901 0.109453 0.133592
ENSG00000130733.6 19 11039357 11039357 - 18 -106748 19_internal_7287 19 11146105 11250621 156 160.966 0.892476 17.8194 0.0395357 -0.162327 0.517413 0.537351
ENSG00000142444.6 19 11039409 11039409 + 18 629669 19_internal_6972 19 11669078 11681502 156 164.623 1.0213 19.258 0.131315 0.115375 0.915423 0.91364
ENSG00000127616.11 19 11071598 11071598 + 18 0 19_internal_6250 19 10380015 11438786 156 179.187 0.913549 22.524 0.00396273 -0.23597 0.0646766 0.0599167
ENSG00000266352.1 19 11122384 11122384 + 18 0 19_internal_6797 19 10834000 11186985 156 133.849 1.07645 13.142 0.0241488 0.184129 0.373134 0.353717
ENSG00000266936.1 19 11126687 11126687 - 18 370492 19_internal_6216 19 10745093 10756195 156 166.42 0.875168 18.1811 0.0487281 -0.153528 0.59204 0.598649
ENSG00000130164.6 19 11200038 11200038 + 18 -256743 19_internal_7764 19 10745269 10943295 156 170.259 0.957105 17.6349 0.00196553 0.241638 0.0199005 0.0255275
ENSG00000161888.6 19 11266484 11266484 - 17 967512 19_internal_9747 19 10196083 10298972 156 153.197 0.940784 15.1757 0.0126599 0.187142 0.228856 0.209759
ENSG00000197256.6 19 11308467 11308467 - 16 -360611 19_internal_6972 19 11669078 11681502 156 157.874 0.921598 14.9846 0.033465 0.162686 0.393035 0.4285
ENSG00000130158.9 19 11373157 11373157 - 16 878699 19_internal_7890 19 10378575 10494458 156 131.823 1.13946 13.3907 0.0290329 0.170338 0.39801 0.395283
ENSG00000130167.9 19 11406824 11406824 + 16 3932 19_internal_7069 19 11410756 11421013 156 148.962 0.916816 14.1505 5.71346e-08 0.40711 0.00497512 5.03137e-06
ENSG00000267576.1 19 11432832 11432832 + 16 -704415 19_internal_7834 19 10694214 10728417 156 159.306 1.04729 16.3121 0.0207241 -0.184843 0.238806 0.253426
ENSG00000267174.1 19 11435117 11435117 - 16 14104 19_internal_7069 19 11410756 11421013 156 186.286 0.939961 22.5586 1.07181e-05 0.336961 0.00497512 6.40741e-05
ENSG00000183401.7 19 11455360 11455360 + 16 -34347 19_internal_7069 19 11410756 11421013 156 138.816 1.17638 15.8395 0.00025311 -0.29261 0.00497512 0.00353912
ENSG00000105514.3 19 11456946 11456946 - 16 728529 19_internal_7834 19 10694214 10728417 156 157.158 1.06953 16.364 0.0648262 -0.150454 0.661692 0.632219
ENSG00000105518.8 19 11457194 11457194 - 16 929079 19_internal_7223 19 10510391 10528115 156 172.636 0.978647 16.8949 0.00392235 -0.228607 0.0547264 0.0430967
ENSG00000105520.6 19 11466062 11466062 + 16 -728870 19_internal_6001 19 10712189 10737192 156 176.186 0.882185 19.1629 0.00448922 -0.225259 0.079602 0.0705984
ENSG00000173928.2 19 11485361 11485361 + 16 391742 19_internal_6914 19 11877103 12277902 156 191.755 0.794283 18.0065 0.094461 -0.134184 0.771144 0.771284
ENSG00000267277.1 19 11485611 11485611 - 16 26593 19_internal_6574 19 11400472 11459018 156 145.153 0.97289 13.2059 0.0540682 -0.147596 0.587065 0.589777
ENSG00000187266.8 19 11495018 11495018 - 15 -382060 19_internal_9828 19 11877078 12596313 156 152.938 0.923702 12.8734 0.055123 -0.147251 0.537313 0.569636
ENSG00000205517.8 19 11530018 11530018 - 14 -347060 19_internal_9828 19 11877078 12596313 156 139.273 1.05698 12.9892 0.0180391 -0.190724 0.238806 0.2603
ENSG00000130175.5 19 11546109 11546109 + 14 -808917 19_internal_6001 19 10712189 10737192 156 159.428 1.00835 12.8858 0.0192656 -0.188596 0.21393 0.2052
ENSG00000198003.7 19 11546603 11546603 - 14 878576 19_internal_8990 19 10653947 10668027 156 177.541 0.978499 16.2848 0.0211989 0.184969 0.218905 0.212959
ENSG00000238349.1 19 11549997 11549997 + 14 -299376 19_internal_7287 19 11146105 11250621 156 168.568 0.943842 17.2347 0.246577 0.0928315 1 0.989849
ENSG00000267477.1 19 11616513 11616513 - 15 879321 19_internal_6001 19 10712189 10737192 156 160.144 1.08451 17.8559 0.0715964 -0.144921 0.681592 0.68426
ENSG00000161914.4 19 11616738 11616738 - 15 157720 19_internal_6574 19 11400472 11459018 156 145.488 1.1229 14.1019 0.0834433 0.137867 0.736318 0.712883
ENSG00000244080.2 19 11627150 11627150 - 15 -249953 19_internal_6914 19 11877103 12277902 156 158.148 0.949678 12.1374 0.0147672 0.19219 0.20398 0.176572
ENSG00000213304.3 19 11632783 11632783 + 15 -445798 19_internal_6797 19 10834000 11186985 156 137.14 0.991066 11.1643 0.109938 0.126749 0.81592 0.801946
ENSG00000213303.3 19 11634251 11634251 + 15 -966224 19_internal_8990 19 10653947 10668027 156 150.074 0.969484 12.8461 0.0650507 -0.146225 0.61194 0.621607
ENSG00000130159.8 19 11639987 11639987 - 15 -952852 19_internal_7038 19 12592839 12662006 156 162.216 0.995895 17.5568 0.10295 0.132087 0.855721 0.832072
ENSG00000130165.6 19 11670051 11670051 - 14 231265 19_internal_6250 19 10380015 11438786 156 130.482 0.95749 10.0827 0.0163818 -0.187671 0.243781 0.269152
ENSG00000198551.5 19 11670189 11670189 + 14 206889 19_internal_9828 19 11877078 12596313 156 173.596 0.84474 13.3607 0.0223591 0.187352 0.258706 0.261299
ENSG00000102575.6 19 11689823 11689823 - 14 961406 19_internal_7834 19 10694214 10728417 156 137.003 1.11635 12.3329 0.0133762 0.181751 0.19403 0.181611
ENSG00000249840.2 19 11696061 11696061 + 14 -967644 19_internal_7834 19 10694214 10728417 156 162.033 1.10667 17.3758 0.0271949 0.167267 0.293532 0.300917
ENSG00000197332.7 19 11750591 11750591 + 12 -291573 19_internal_6574 19 11400472 11459018 156 198.473 0.841571 14.8161 0.155639 -0.1151 0.860697 0.859819
ENSG00000267500.1 19 11759179 11759179 + 11 -815884 19_internal_7764 19 10745269 10943295 156 163.252 0.890936 10.0394 0.076896 -0.142761 0.537313 0.570714
ENSG00000266922.1 19 11841598 11841598 - 11 -751241 19_internal_7038 19 12592839 12662006 156 150.028 1.12482 12.7997 0.00900749 -0.207651 0.0845771 0.0923941
ENSG00000197933.7 19 11849824 11849824 - 11 -27254 19_internal_9828 19 11877078 12596313 156 168.233 0.980023 13.3983 0.113591 0.125749 0.761194 0.763892
ENSG00000197044.6 19 11877815 11877815 + 12 -895968 19_internal_7326 19 10945524 10981847 156 147.895 1.23257 14.5383 0.113676 0.128747 0.830846 0.797307
ENSG00000177599.8 19 11908482 11908482 + 13 0 19_internal_9828 19 11877078 12596313 156 158.102 0.905479 11.1499 0.0168636 0.1955 0.208955 0.202533
ENSG00000171295.8 19 11925099 11925099 + 13 0 19_internal_9828 19 11877078 12596313 156 153.121 0.913733 11.0261 5.40764e-06 0.364048 0.00497512 0.000170811
ENSG00000171291.4 19 11959541 11959541 + 12 0 19_internal_9828 19 11877078 12596313 156 170.046 0.893143 11.5571 1.07343e-13 0.552856 0.00497512 2.50306e-12
ENSG00000198429.5 19 11998599 11998599 + 11 0 19_internal_6914 19 11877103 12277902 156 146.646 1.01279 9.43575 0.0001719 0.284842 0.00497512 0.00234779
ENSG00000197054.6 19 12035890 12035890 + 11 0 19_internal_9828 19 11877078 12596313 156 158.316 0.947628 9.60768 9.47612e-07 0.389251 0.00497512 1.42856e-05
ENSG00000267179.1 19 12035890 12035890 + 11 0 19_internal_9828 19 11877078 12596313 156 141.04 1.09308 10.1442 4.98164e-06 0.359764 0.00497512 6.10281e-05
ENSG00000196757.2 19 12035900 12035900 + 11 0 19_internal_9828 19 11877078 12596313 156 159.687 0.951636 11.5028 0.000423409 0.277441 0.0149254 0.00550989
ENSG00000267274.1 19 12050774 12050774 + 12 0 19_internal_6914 19 11877103 12277902 156 177.953 0.987489 14.0447 0.0256691 0.180575 0.233831 0.220786
ENSG00000219665.4 19 12098432 12098432 + 12 0 19_internal_9828 19 11877078 12596313 156 135.814 1.0087 8.41206 0.000104772 0.308626 0.00497512 0.00235368
ENSG00000252060.1 19 12107624 12107624 + 12 -857003 19_internal_7287 19 11146105 11250621 156 166.177 0.959099 12.6716 0.0456558 0.156384 0.412935 0.416778
ENSG00000212497.1 19 12138836 12138836 - 13 0 19_internal_9828 19 11877078 12596313 156 167.38 0.930978 11.7423 0.00291297 0.234227 0.0348259 0.0314956
ENSG00000197647.7 19 12146556 12146556 - 13 0 19_internal_9828 19 11877078 12596313 156 140.034 1.12534 12.311 2.95059e-07 0.396556 0.00497512 3.46516e-06
ENSG00000257355.1 19 12163782 12163782 - 13 0 19_internal_9828 19 11877078 12596313 156 159.87 0.97758 13.8274 0.00187364 0.252197 0.039801 0.024696
ENSG00000257446.2 19 12167127 12167127 - 13 0 19_internal_9828 19 11877078 12596313 156 157.95 0.97188 13.1843 0.000142128 0.296706 0.0199005 0.00205608
ENSG00000223547.5 19 12175514 12175514 + 13 0 19_internal_9828 19 11877078 12596313 156 182.995 0.93478 16.5985 6.73863e-08 0.409919 0.00497512 2.45428e-07
ENSG00000214189.3 19 12203078 12203078 + 12 0 19_internal_9828 19 11877078 12596313 156 160.951 1.00098 11.8702 2.12549e-12 0.502652 0.00497512 1.10444e-11
ENSG00000188474.6 19 12203078 12203078 + 12 0 19_internal_9828 19 11877078 12596313 156 147.575 1.13113 12.2092 3.28474e-14 0.519713 0.00497512 5.40505e-14
ENSG00000237273.1 19 12207239 12207239 + 13 669297 19_internal_6290 19 12876536 12913862 156 173.855 0.928844 16.3097 0.0312036 0.16846 0.338308 0.349055
ENSG00000132010.11 19 12251222 12251222 - 12 -634159 19_internal_6748 19 12885381 13962873 156 155.726 1.01702 11.9482 0.000309528 -0.286077 0.00995025 0.00337601
ENSG00000242615.1 19 12254137 12254137 - 12 0 19_internal_9828 19 11877078 12596313 156 168.599 0.988154 11.851 0.00320729 0.237347 0.0348259 0.0268134
ENSG00000213297.4 19 12267546 12267546 - 12 -617835 19_internal_6748 19 12885381 13962873 156 182.584 1.03704 16.842 0.000905754 -0.258793 0.00497512 0.00450179
ENSG00000257591.1 19 12267546 12267546 - 12 0 19_internal_9828 19 11877078 12596313 156 141.497 1.09171 10.8035 8.29581e-06 0.343652 0.00497512 0.000106082
ENSG00000196646.7 19 12273879 12273879 + 12 0 19_internal_9828 19 11877078 12596313 156 169.467 0.834962 10.9175 0.00127096 0.254508 0.0348259 0.0197167
ENSG00000234773.1 19 12305830 12305830 + 12 0 19_internal_9828 19 11877078 12596313 156 177.861 1.05162 15.3733 0.0557709 0.146557 0.467662 0.450874
ENSG00000234750.1 19 12395152 12395152 + 12 481384 19_internal_6290 19 12876536 12913862 156 150.836 0.985769 10.6256 0.153708 0.109828 0.865672 0.847884
ENSG00000197857.9 19 12405702 12405702 - 12 0 19_internal_9828 19 11877078 12596313 156 150.988 1.1243 10.5586 0.000844922 0.257727 0.0149254 0.00583309
ENSG00000188868.9 19 12444534 12444534 - 10 -440847 19_internal_6748 19 12885381 13962873 156 178.638 1.00834 14.4825 0.0171179 -0.181507 0.134328 0.141739
ENSG00000198342.5 19 12476719 12476719 - 9 0 19_internal_9828 19 11877078 12596313 156 151.064 1.07595 8.71102 0.038467 0.156802 0.283582 0.276898
