ENSG00000012124.10 19 35810164 35810164 + 13 0 19_internal_7561 19 35807709 35820838 156 163.556 0.964548 14.0343 0.033667 0.15449 0.358209 0.361284
ENSG00000185897.6 19 35849362 35849362 + 14 0 19_internal_7290 19 35836209 35849746 156 157.965 0.895018 12.3633 0.000580798 0.245007 0.0199005 0.0116099
ENSG00000268222.1 19 35873074 35873074 + 14 245606 19_internal_7195 19 36118680 36142837 156 167.365 0.868067 14.6661 0.164676 0.114295 0.935323 0.927227
ENSG00000232680.2 19 35925544 35925544 - 15 -367973 19_internal_6668 19 36293517 36300043 156 169.528 0.969654 15.8959 0.0234913 0.177523 0.238806 0.266374
ENSG00000126262.3 19 35934809 35934809 + 15 -85063 19_internal_7290 19 35836209 35849746 156 144.925 0.978636 11.4301 0.00759517 0.213969 0.129353 0.115603
ENSG00000105679.4 19 36024314 36024314 + 15 -759628 19_internal_7239 19 35223441 35264686 156 130.498 1.11846 11.0912 0.0404211 -0.157072 0.462687 0.4484
ENSG00000267875.1 19 36031641 36031641 + 15 674545 19_internal_8752 19 36706186 36870773 156 165.521 1.003 14.513 0.0702576 -0.142601 0.626866 0.604958
ENSG00000105677.7 19 36036497 36036497 + 15 -215659 19_internal_7561 19 35807709 35820838 156 160.54 1.01937 15.8819 0.0525507 0.151416 0.557214 0.542536
ENSG00000236144.2 19 36036931 36036931 - 15 -81749 19_internal_7195 19 36118680 36142837 156 152.237 1.00681 14.2128 0.00808729 -0.205201 0.114428 0.11722
ENSG00000105675.3 19 36054560 36054560 - 15 -651626 19_internal_8752 19 36706186 36870773 156 158.255 0.999955 14.8664 0.18338 0.109448 0.970149 0.947901
ENSG00000249115.3 19 36103646 36103646 + 15 528253 19_internal_8325 19 36631899 36705630 156 184.641 0.956591 22.3614 0.0470184 -0.149165 0.507463 0.52259
ENSG00000126254.7 19 36119932 36119932 + 15 -855427 19_internal_8045 19 35167283 35264505 156 154.796 0.979021 14.7114 0.212 0.095976 0.985075 0.972115
ENSG00000105672.10 19 36132647 36132647 + 15 573539 19_internal_8752 19 36706186 36870773 156 173.398 0.938031 16.7235 0.0347227 0.165492 0.39801 0.386342
ENSG00000126267.4 19 36139125 36139125 + 15 154392 19_internal_6668 19 36293517 36300043 156 168.858 0.954454 13.9614 0.0199549 0.187365 0.243781 0.213707
ENSG00000011590.9 19 36195429 36195429 + 15 0 19_internal_6361 19 35919160 36408121 156 146.798 1.13818 14.0745 0.113986 -0.125347 0.825871 0.814845
ENSG00000105663.9 19 36208921 36208921 + 15 699821 19_internal_7366 19 36908742 38271151 156 136.485 0.977692 10.3965 0.0202951 0.180293 0.278607 0.281192
ENSG00000126246.5 19 36233354 36233354 - 15 -60163 19_internal_6668 19 36293517 36300043 156 144.026 1.11608 11.8378 0.0579757 0.148103 0.557214 0.51751
ENSG00000205155.2 19 36236015 36236015 + 15 -386269 19_internal_7290 19 35836209 35849746 156 152.389 1.03375 15.4228 0.0369213 0.16254 0.452736 0.444137
ENSG00000267120.2 19 36236333 36236333 - 15 386587 19_internal_7290 19 35836209 35849746 156 167.411 0.892697 13.9974 0.125485 0.119671 0.80597 0.840175
ENSG00000161265.9 19 36236346 36236346 - 15 276201 19_internal_7318 19 35910793 35960145 156 186.728 0.785037 16.0306 0.306539 -0.0809626 1 0.995516
ENSG00000188223.8 19 36236579 36236579 + 15 -276434 19_internal_7318 19 35910793 35960145 156 180.817 0.995901 18.1083 0.0611321 0.14698 0.567164 0.557105
ENSG00000267796.2 19 36239262 36239262 + 15 582804 19_internal_10163 19 36822066 38271364 156 141.451 1.0567 12.256 0.0294361 0.16717 0.373134 0.352906
ENSG00000267439.1 19 36244316 36244316 - 15 -577750 19_internal_10163 19 36822066 38271364 156 155.375 0.991033 14.0534 0.0417477 0.158342 0.487562 0.458425
ENSG00000167595.10 19 36249044 36249044 + 15 457142 19_internal_8752 19 36706186 36870773 156 146.311 1.17547 15.303 0.0282754 -0.170363 0.333333 0.329418
ENSG00000267049.1 19 36261930 36261930 - 15 -369969 19_internal_8325 19 36631899 36705630 156 142.487 0.959731 11.1189 0.0135547 -0.191587 0.199005 0.201439
ENSG00000004777.12 19 36265434 36265434 + 13 -122597 19_internal_7195 19 36118680 36142837 156 164.486 0.900985 10.5659 0.050655 -0.161866 0.442786 0.432501
ENSG00000105290.5 19 36358801 36358801 + 13 273098 19_internal_8325 19 36631899 36705630 156 160.007 0.997397 12.4553 0.00405621 0.215689 0.0447761 0.0444242
ENSG00000243968.1 19 36372792 36372792 + 13 449274 19_internal_10163 19 36822066 38271364 156 170.183 0.916901 16.3557 0.111543 0.123807 0.830846 0.832182
ENSG00000267403.1 19 36378574 36378574 + 13 -418429 19_internal_7318 19 35910793 35960145 156 147.987 0.979189 10.0972 0.10496 -0.127329 0.706468 0.714139
ENSG00000167604.8 19 36393185 36393185 - 13 -238714 19_internal_8325 19 36631899 36705630 156 154.4 1.06732 14.8675 0.11164 -0.124077 0.830846 0.816187
ENSG00000126264.5 19 36393382 36393382 + 13 312804 19_internal_8752 19 36706186 36870773 156 145.046 1.0523 10.7518 0.0162607 -0.189851 0.189055 0.180368
ENSG00000011600.5 19 36399211 36399211 - 13 921997 19_internal_7903 19 35464084 35477214 156 144.635 0.993242 11.61 0.0216032 -0.184796 0.298507 0.27509
ENSG00000205138.2 19 36486090 36486090 + 12 -665252 19_internal_7561 19 35807709 35820838 156 151.658 0.955493 10.1479 0.0522817 -0.156802 0.457711 0.462371
ENSG00000181392.10 19 36499695 36499695 - 12 539550 19_internal_7318 19 35910793 35960145 156 158.971 0.996402 12.5074 0.0277023 -0.17987 0.278607 0.28468
ENSG00000248101.2 19 36505137 36505137 - 12 97016 19_internal_6361 19 35919160 36408121 156 144.666 1.15131 12.0398 0.0226346 -0.177857 0.218905 0.229237
ENSG00000239382.5 19 36505145 36505145 - 12 97024 19_internal_6361 19 35919160 36408121 156 168.721 0.988205 11.9772 0.0366524 -0.166444 0.283582 0.308929
ENSG00000267698.1 19 36505410 36505410 + 12 -205367 19_internal_6668 19 36293517 36300043 156 159.687 1.01538 12.7537 0.070327 -0.135986 0.59204 0.580763
ENSG00000105270.9 19 36524245 36524245 - 12 224202 19_internal_6668 19 36293517 36300043 156 152.679 0.952054 11.198 0.191458 0.101361 0.930348 0.920244
ENSG00000161277.7 19 36545664 36545664 - 12 -160522 19_internal_8752 19 36706186 36870773 156 155.497 1.0421 11.965 0.304587 -0.0819871 0.985075 0.986075
ENSG00000075702.10 19 36545783 36545783 + 12 160403 19_internal_8752 19 36706186 36870773 156 157.798 1.01664 11.4766 0.0134368 -0.198848 0.119403 0.133282
ENSG00000105261.5 19 36602104 36602104 + 12 -459267 19_internal_7195 19 36118680 36142837 156 169.939 0.948023 12.5192 0.152724 -0.117001 0.840796 0.850861
ENSG00000105254.6 19 36605191 36605191 + 12 -305148 19_internal_6668 19 36293517 36300043 156 163.145 1.01705 10.738 0.00501794 0.224936 0.0547264 0.0407432
ENSG00000266974.1 19 36605264 36605264 + 12 -305221 19_internal_6668 19 36293517 36300043 156 139.73 1.08361 10.2332 0.00805747 0.216581 0.0995025 0.0954839
ENSG00000105258.4 19 36606248 36606248 - 12 306205 19_internal_6668 19 36293517 36300043 156 142.639 1.02526 9.7866 0.00570303 0.226197 0.104478 0.072074
ENSG00000266902.1 19 36618669 36618669 + 12 203397 19_internal_10163 19 36822066 38271364 156 163.419 0.927332 9.67131 0.0402996 -0.164548 0.303483 0.331351
ENSG00000126247.5 19 36630477 36630477 + 12 -487640 19_internal_7195 19 36118680 36142837 156 160.616 0.847594 9.93743 0.0861529 0.138433 0.626866 0.639968
ENSG00000161281.6 19 36643771 36643771 - 12 23077 19_internal_6512 19 36604639 36620694 156 156.731 0.965301 10.4499 0.00858767 -0.204833 0.0995025 0.0933875
ENSG00000267005.1 19 36664755 36664755 - 12 -41431 19_internal_8752 19 36706186 36870773 156 146.448 0.936069 10.9552 0.0682995 -0.144202 0.60199 0.614414
ENSG00000167635.7 19 36705504 36705504 + 12 -855758 19_internal_7290 19 35836209 35849746 156 154.766 0.919169 11.5614 0.0890952 -0.13793 0.716418 0.69747
ENSG00000196357.7 19 36737159 36737159 - 12 777014 19_internal_7318 19 35910793 35960145 156 160.448 0.979467 10.449 0.0710219 0.145006 0.527363 0.525633
ENSG00000232677.2 19 36822620 36822620 - 11 0 19_internal_10163 19 36822066 38271364 156 150.439 1.07046 11.2311 1.31274e-09 0.445268 0.00497512 8.28782e-09
ENSG00000142065.9 19 36870101 36870101 - 10 0 19_internal_10163 19 36822066 38271364 156 159.458 1.09683 10.3226 2.01047e-06 0.365736 0.00497512 5.27574e-06
ENSG00000181007.7 19 36909558 36909558 - 10 0 19_internal_10163 19 36822066 38271364 156 173.794 0.97365 11.2796 1.20395e-06 0.373633 0.00497512 4.71874e-06
ENSG00000267309.1 19 36980551 36980551 + 9 -680508 19_internal_6668 19 36293517 36300043 156 142.609 1.15166 10.0178 0.0225395 -0.176672 0.208955 0.198329
ENSG00000186017.10 19 36980804 36980804 - 9 529491 19_internal_6449 19 36437872 36451313 156 128.167 1.10995 7.66072 0.00868078 0.205097 0.104478 0.0963774
ENSG00000254004.2 19 37019562 37019562 - 9 0 19_internal_10163 19 36822066 38271364 156 171.57 0.96776 9.1823 2.16616e-05 0.329122 0.00497512 0.000105964
ENSG00000233527.3 19 37063972 37063972 + 9 0 19_internal_7366 19 36908742 38271151 156 149.419 1.13793 9.14012 0.0120918 0.202136 0.079602 0.0861658
ENSG00000161298.12 19 37095719 37095719 + 9 0 19_internal_10163 19 36822066 38271364 156 135.129 1.08761 7.06164 2.18398e-07 0.405289 0.00497512 3.53115e-06
ENSG00000186020.8 19 37096178 37096178 - 9 0 19_internal_10163 19 36822066 38271364 156 144.391 1.04674 8.04648 0.00392925 0.21495 0.0348259 0.0371029
ENSG00000197808.7 19 37157755 37157755 - 8 0 19_internal_10163 19 36822066 38271364 156 151.049 1.07814 7.73416 3.81286e-07 0.383334 0.00497512 1.67471e-06
ENSG00000225975.2 19 37178351 37178351 - 8 0 19_internal_7366 19 36908742 38271151 156 150.394 1.01908 7.95338 0.0241168 0.18463 0.174129 0.187263
ENSG00000189042.9 19 37178514 37178514 + 8 0 19_internal_10163 19 36822066 38271364 156 161.256 0.956677 6.97455 1.26546e-05 0.338834 0.00497512 9.7197e-05
ENSG00000267041.1 19 37263727 37263727 - 8 0 19_internal_10163 19 36822066 38271364 156 146.722 0.980838 7.54182 8.4007e-06 0.354678 0.00497512 0.000141032
ENSG00000267254.1 19 37288420 37288420 + 8 0 19_internal_10163 19 36822066 38271364 156 157.386 0.985251 8.22539 1.00498e-06 0.377536 0.00497512 8.85502e-06
ENSG00000251247.5 19 37341263 37341263 + 7 0 19_internal_10163 19 36822066 38271364 156 164.227 1.06168 7.63983 4.74453e-07 0.372987 0.00497512 7.82006e-07
ENSG00000197863.4 19 37341689 37341689 - 7 0 19_internal_7366 19 36908742 38271151 156 165.948 1.03214 8.00184 4.96476e-06 0.349006 0.00497512 1.38263e-05
ENSG00000185869.9 19 37407193 37407193 - 7 0 19_internal_7366 19 36908742 38271151 156 160.875 0.993737 6.3525 0.0199224 0.190159 0.119403 0.111179
ENSG00000198453.8 19 37407231 37407231 + 7 0 19_internal_10163 19 36822066 38271364 156 153.608 1.00039 6.57563 3.74614e-06 0.366661 0.00497512 2.91239e-05
ENSG00000197050.6 19 37498759 37498759 + 7 0 19_internal_10163 19 36822066 38271364 156 153.486 0.988499 6.80802 3.88772e-06 0.360188 0.00497512 3.58336e-05
ENSG00000267345.1 19 37569507 37569507 - 8 0 19_internal_10163 19 36822066 38271364 156 145.686 1.17827 8.52888 0.0206812 0.181377 0.114428 0.138125
ENSG00000267672.1 19 37582243 37582243 + 8 0 19_internal_7366 19 36908742 38271151 156 131.671 1.12294 7.24681 0.053502 0.154295 0.393035 0.38157
ENSG00000267437.1 19 37632542 37632542 - 7 0 19_internal_10163 19 36822066 38271364 156 159.123 0.947801 7.29376 0.0412489 0.159765 0.263682 0.276247
ENSG00000196967.5 19 37697976 37697976 - 7 0 19_internal_10163 19 36822066 38271364 156 173.916 1.02144 7.37459 9.8746e-08 0.410717 0.00497512 9.52361e-08
ENSG00000267360.1 19 37701414 37701414 - 7 0 19_internal_10163 19 36822066 38271364 156 178.943 0.903941 7.22144 1.96837e-06 0.367391 0.00497512 8.94828e-06
ENSG00000188283.7 19 37708828 37708828 + 6 0 19_internal_10163 19 36822066 38271364 156 171.554 1.0155 6.05595 0.00397904 0.228708 0.0149254 0.0141595
ENSG00000245680.5 19 37709055 37709055 - 6 0 19_internal_10163 19 36822066 38271364 156 186.347 0.863966 6.24714 2.85034e-12 0.524388 0.00497512 8.17978e-12
ENSG00000181666.13 19 37803739 37803739 + 8 0 19_internal_10163 19 36822066 38271364 156 167.213 0.824366 6.74635 4.81501e-11 0.477403 0.00497512 4.27694e-09
ENSG00000267682.1 19 37828138 37828138 + 8 0 19_internal_10163 19 36822066 38271364 156 164.135 0.872241 6.47299 0.040262 0.158784 0.253731 0.263118
ENSG00000189164.10 19 37861963 37861963 + 8 0 19_internal_10163 19 36822066 38271364 156 162.642 0.987553 8.2788 0.000508925 0.260558 0.00995025 0.00344315
ENSG00000171827.6 19 37958487 37958487 + 8 0 19_internal_10163 19 36822066 38271364 156 146.798 1.02051 7.516 1.24924e-05 0.332111 0.00497512 0.000141056
ENSG00000196437.6 19 37960177 37960177 - 8 0 19_internal_7366 19 36908742 38271151 156 150.668 1.08524 8.12972 0.00941629 0.201113 0.0746269 0.0658451
ENSG00000267381.1 19 37978901 37978901 + 8 0 19_internal_10163 19 36822066 38271364 156 168.614 0.952887 7.58959 0.182782 0.10906 0.766169 0.763028
ENSG00000188227.8 19 37997841 37997841 + 8 0 19_internal_10163 19 36822066 38271364 156 144.772 1.04635 6.78918 0.0645006 0.150245 0.39801 0.389477
ENSG00000267470.1 19 38039816 38039816 + 9 0 19_internal_10163 19 36822066 38271364 156 156.792 1.03381 7.83902 0.000684705 0.271877 0.0199005 0.00428947
ENSG00000171817.12 19 38042308 38042308 + 9 711262 19_internal_9320 19 38753570 38780139 156 148.55 1.0344 8.68001 0.0400274 0.157944 0.328358 0.314552
ENSG00000180479.9 19 38085673 38085673 - 9 0 19_internal_10163 19 36822066 38271364 156 163.617 0.937678 9.19936 2.46502e-08 0.400553 0.00497512 2.88363e-07
ENSG00000196381.5 19 38183216 38183216 - 10 0 19_internal_10163 19 36822066 38271364 156 171.63 0.85164 9.73905 0.000149124 0.295958 0.00497512 0.00209408
ENSG00000120784.11 19 38183238 38183238 - 10 0 19_internal_10163 19 36822066 38271364 156 159.793 1.06119 10.934 0.0556004 0.152531 0.462687 0.418214
ENSG00000267552.1 19 38210089 38210089 - 10 0 19_internal_10163 19 36822066 38271364 156 134.367 1.09393 7.84001 0.0015081 0.25 0.0149254 0.0171434
ENSG00000198182.7 19 38210691 38210691 - 10 0 19_internal_10163 19 36822066 38271364 156 165.095 0.989172 10.8143 0.00418195 0.225519 0.039801 0.035609
ENSG00000267152.1 19 38221544 38221544 - 10 -532026 19_internal_9320 19 38753570 38780139 156 157.889 1.01772 10.5963 0.027273 0.173124 0.233831 0.239074
ENSG00000267422.1 19 38270326 38270326 + 10 151438 19_internal_8432 19 38421764 38477678 156 151.871 1.0488 10.5716 0.179446 0.105958 0.910448 0.876433
ENSG00000189144.8 19 38307940 38307940 - 10 36576 19_internal_10163 19 36822066 38271364 156 173.809 0.966028 11.6705 0.0032996 0.23704 0.0199005 0.0255822
ENSG00000105738.6 19 38397868 38397868 + 10 23896 19_internal_8432 19 38421764 38477678 156 141.07 1.11044 9.50751 0.0011423 0.257496 0.00995025 0.0115287
ENSG00000268051.1 19 38454493 38454493 + 10 -183129 19_internal_10163 19 36822066 38271364 156 137.643 1.04263 8.90525 0.133272 0.12321 0.800995 0.772492
ENSG00000268764.1 19 38600173 38600173 - 10 122495 19_internal_8432 19 38421764 38477678 156 146.798 1.01634 8.34639 0.0568624 0.154255 0.457711 0.42024
ENSG00000269653.1 19 38675016 38675016 + 10 -123444 19_internal_8347 19 38416643 38551572 156 166.146 1.05489 10.8028 0.00712781 0.216633 0.039801 0.0482901
ENSG00000268499.1 19 38690476 38690476 + 10 63094 19_internal_9320 19 38753570 38780139 156 160.372 0.994886 9.19528 0.127381 -0.12146 0.706468 0.700087
ENSG00000266428.1 19 38690874 38690874 + 10 -139302 19_internal_8347 19 38416643 38551572 156 142.685 1.01762 9.73133 0.021254 0.190352 0.263682 0.23133
ENSG00000011332.15 19 38720354 38720354 - 10 -307097 19_internal_8152 19 39027451 39056924 156 169.711 0.961298 12.4268 7.63804e-05 0.311636 0.00497512 0.000626012
ENSG00000167642.7 19 38734675 38734675 + 10 18895 19_internal_9320 19 38753570 38780139 156 172.24 1.02293 11.7558 1.54305e-05 0.335654 0.00497512 5.19187e-05
ENSG00000267748.1 19 38779804 38779804 + 10 0 19_internal_9320 19 38753570 38780139 156 177.42 0.878774 9.08515 0.000368136 0.27634 0.00497512 0.00306542
ENSG00000167644.6 19 38794801 38794801 + 10 3949 19_internal_6937 19 38798750 38814940 156 158.27 1.01564 9.75984 0.16949 -0.113106 0.825871 0.826881
ENSG00000167645.12 19 38807913 38807913 - 10 0 19_internal_6937 19 38798750 38814940 156 173.459 0.966963 12.1968 1.06468e-08 0.43084 0.00497512 3.57956e-08
ENSG00000099337.3 19 38810484 38810484 + 10 0 19_internal_6937 19 38798750 38814940 156 154.08 0.984621 10.6359 2.61618e-05 0.319332 0.00497512 0.000355319
ENSG00000268913.1 19 38822274 38822274 + 11 -7334 19_internal_6937 19 38798750 38814940 156 198.87 0.823387 13.7342 0.00146576 0.239988 0.0248756 0.0123401
ENSG00000099338.16 19 38826415 38826415 + 11 -11475 19_internal_6937 19 38798750 38814940 156 161.393 1.08161 11.7024 0.0949245 -0.131581 0.621891 0.633471
ENSG00000238838.1 19 38839750 38839750 - 11 -187701 19_internal_8152 19 39027451 39056924 156 170.762 0.964954 11.3378 0.279986 0.0886792 0.970149 0.968405
ENSG00000266963.1 19 38853124 38853124 - 11 375446 19_internal_8432 19 38421764 38477678 156 164.79 0.8641 10.846 0.110338 -0.128038 0.711443 0.735639
ENSG00000099341.6 19 38865176 38865176 + 11 948429 19_internal_5985 19 39813605 39905427 156 138.008 1.16583 11.2705 0.117588 0.125408 0.800995 0.775309
ENSG00000267090.1 19 38876162 38876162 + 11 -324590 19_internal_8347 19 38416643 38551572 156 167.624 0.85242 9.28995 0.0618817 -0.149778 0.467662 0.470655
ENSG00000179168.10 19 38878722 38878722 - 11 607571 19_internal_7366 19 36908742 38271151 156 136.637 1.02279 8.71795 0.000923042 0.267149 0.0149254 0.0151343
ENSG00000188766.7 19 38879061 38879061 + 12 -607910 19_internal_7366 19 36908742 38271151 156 186.042 0.949593 17.4317 0.0480607 0.163557 0.452736 0.445355
ENSG00000130244.8 19 38893775 38893775 + 12 133676 19_internal_8152 19 39027451 39056924 156 162.977 0.93536 13.255 0.0198204 0.193105 0.223881 0.232816
ENSG00000171777.11 19 38916945 38916945 - 12 353157 19_internal_8237 19 38548714 38563788 156 146.585 1.14775 13.3492 0.0646368 -0.137794 0.631841 0.577389
ENSG00000196218.7 19 38924339 38924339 + 13 103112 19_internal_8152 19 39027451 39056924 156 147.377 1.0828 11.6837 2.79496e-13 0.557863 0.00497512 1.80653e-12
ENSG00000267291.1 19 39086986 39086986 + 13 -30062 19_internal_8152 19 39027451 39056924 156 165.689 0.888191 13.9297 8.62588e-07 0.387231 0.00497512 2.21433e-05
ENSG00000104814.8 19 39109522 39109522 - 13 52598 19_internal_8152 19 39027451 39056924 156 116.482 1.08196 8.51254 1.27507e-08 0.442342 0.00497512 2.80674e-06
ENSG00000178982.5 19 39109735 39109735 + 13 -52811 19_internal_8152 19 39027451 39056924 156 154.37 1.02739 13.9688 0.00273337 0.23139 0.0447761 0.0357362
ENSG00000130402.7 19 39138289 39138289 + 13 0 19_internal_6397 19 39137417 39190787 156 191.77 0.82906 15.6147 0.0454724 0.160321 0.422886 0.430287
ENSG00000267375.1 19 39184246 39184246 - 13 912882 19_internal_10163 19 36822066 38271364 156 169.696 1.00467 14.0305 0.0433687 0.164932 0.39801 0.392022
ENSG00000182472.4 19 39260544 39260544 - 14 708972 19_internal_8347 19 38416643 38551572 156 148.809 0.985529 12.9547 0.108621 0.133674 0.810945 0.804995
ENSG00000171747.4 19 39304004 39304004 - 12 -575035 19_internal_5928 19 39879039 39940478 156 162.566 0.961268 13.7517 0.0249471 -0.182799 0.278607 0.281679
ENSG00000268756.1 19 39310806 39310806 + 12 502799 19_internal_5985 19 39813605 39905427 156 139.791 1.04039 10.3329 0.0295275 0.178862 0.308458 0.321599
ENSG00000104823.4 19 39322645 39322645 - 12 -903019 19_internal_6123 19 40225664 40257608 156 152.572 0.921594 9.0373 0.0897707 -0.129395 0.606965 0.622119
ENSG00000268083.1 19 39330818 39330818 - 12 550679 19_internal_9320 19 38753570 38780139 156 151.704 1.07332 11.5027 0.0475219 -0.149552 0.432836 0.416208
ENSG00000269688.1 19 39336139 39336139 - 12 279215 19_internal_8152 19 39027451 39056924 156 160.829 0.997889 12.4915 0.0325648 0.169601 0.303483 0.317271
ENSG00000104824.10 19 39342987 39342987 - 12 562848 19_internal_9320 19 38753570 38780139 156 145.839 0.878001 10.3041 0.0073285 -0.198572 0.134328 0.130369
ENSG00000269050.1 19 39360799 39360799 + 12 452806 19_internal_5985 19 39813605 39905427 156 179.766 0.999996 13.6746 0.00438873 0.217815 0.0348259 0.0299713
ENSG00000187994.8 19 39368919 39368919 - 12 817347 19_internal_8347 19 38416643 38551572 156 147.438 1.04195 11.2922 0.0379382 0.169387 0.368159 0.376138
ENSG00000104825.12 19 39390340 39390340 + 12 530423 19_internal_9337 19 39920763 39994142 156 162.063 0.959869 10.8617 0.00109164 -0.256664 0.0149254 0.0115404
ENSG00000068903.15 19 39390502 39390502 - 12 575562 19_internal_6937 19 38798750 38814940 156 156.731 1.15274 13.7538 0.00306395 -0.231276 0.0199005 0.0232266
ENSG00000262484.1 19 39402798 39402798 - 12 622659 19_internal_9320 19 38753570 38780139 156 160.646 1.10852 12.9544 0.00237336 0.24286 0.0199005 0.0168298
ENSG00000128626.7 19 39421188 39421188 + 13 457851 19_internal_5928 19 39879039 39940478 156 159.093 1.03228 13.6897 0.00430745 0.220426 0.0348259 0.0472446
ENSG00000269486.1 19 39429272 39429272 - 13 614332 19_internal_6937 19 38798750 38814940 156 170.777 0.844412 14.5378 0.119602 -0.127293 0.80597 0.838983
ENSG00000269547.1 19 39440495 39440495 - 13 625555 19_internal_6937 19 38798750 38814940 156 156.137 1.01972 14.4519 0.0515672 0.153202 0.517413 0.524905
ENSG00000104835.10 19 39440495 39440495 - 13 625555 19_internal_6937 19 38798750 38814940 156 144.62 1.16886 13.4304 0.0457217 0.155775 0.452736 0.452974
ENSG00000130669.13 19 39616410 39616410 + 10 304353 19_internal_9337 19 39920763 39994142 156 173.321 0.916469 11.7977 0.0874084 -0.139462 0.597015 0.620774
ENSG00000269172.1 19 39627103 39627103 - 10 -776542 19_internal_8057 19 40403645 40478671 156 161.012 0.99106 10.172 0.0432986 0.162101 0.333333 0.344419
ENSG00000182393.2 19 39786965 39786965 + 9 -596178 19_internal_6397 19 39137417 39190787 156 157.935 0.884656 7.93962 0.0666263 0.153105 0.437811 0.470151
ENSG00000128011.4 19 39805976 39805976 - 9 -73063 19_internal_5928 19 39879039 39940478 156 161.82 1.00554 9.98957 0.0363965 0.161893 0.303483 0.282863
ENSG00000268262.1 19 39811498 39811498 - 9 -109265 19_internal_9337 19 39920763 39994142 156 204.704 0.885626 11.724 0.125353 -0.119366 0.621891 0.667869
ENSG00000269246.1 19 39832585 39832585 - 8 641798 19_internal_6397 19 39137417 39190787 156 159.763 0.944163 7.69805 0.0299056 -0.169475 0.228856 0.218618
ENSG00000130755.8 19 39833012 39833012 - 8 -46027 19_internal_5928 19 39879039 39940478 156 149.708 1.17915 10.0421 0.124428 0.118409 0.706468 0.701407
ENSG00000179134.10 19 39833036 39833036 + 8 392628 19_internal_6123 19 40225664 40257608 156 153.73 1.07225 7.73487 0.0178459 -0.189183 0.124378 0.114704
ENSG00000241983.2 19 39859793 39859793 + 8 -802869 19_internal_8152 19 39027451 39056924 156 157.356 1.03294 7.81251 0.0873714 -0.133384 0.502488 0.489616
ENSG00000006712.10 19 39881835 39881835 - 8 824911 19_internal_8152 19 39027451 39056924 156 141.817 1.08686 8.36407 0.126027 -0.122203 0.691542 0.699596
ENSG00000063322.8 19 39881943 39881943 + 8 -691156 19_internal_6397 19 39137417 39190787 156 129.858 1.11123 6.67214 0.0197359 0.185742 0.174129 0.16409
ENSG00000128016.4 19 39897453 39897453 + 8 -706666 19_internal_6397 19 39137417 39190787 156 167.822 0.944842 7.92211 0.000242909 0.276256 0.00497512 0.00165474
ENSG00000266559.1 19 39900318 39900318 - 8 0 19_internal_5985 19 39813605 39905427 156 187.977 0.819059 9.31063 0.0219526 0.177368 0.174129 0.166953
ENSG00000090924.9 19 39903225 39903225 + 8 0 19_internal_5928 19 39879039 39940478 156 164.257 1.06001 9.25024 0.0884819 -0.130499 0.532338 0.512708
ENSG00000269410.1 19 39916575 39916575 + 9 309089 19_internal_6123 19 40225664 40257608 156 155.863 0.972344 7.36447 0.0819757 -0.133874 0.457711 0.480956
ENSG00000105193.4 19 39926588 39926588 - 9 -299076 19_internal_6123 19 40225664 40257608 156 174.51 0.930348 9.86255 0.14095 0.116044 0.741294 0.739333
ENSG00000196235.9 19 39926796 39926796 + 9 -869872 19_internal_8152 19 39027451 39056924 156 134.687 1.10715 7.64113 0.0216112 0.187633 0.169154 0.185318
ENSG00000105197.5 19 39971052 39971052 + 11 938382 19_internal_8355 19 40909434 40924475 156 147.316 1.04393 10.3393 0.0847544 -0.140242 0.631841 0.621467
ENSG00000269792.1 19 40023052 40023052 + 11 -117625 19_internal_5985 19 39813605 39905427 156 154.598 1.10487 12.5768 0.0316821 0.169254 0.308458 0.293258
ENSG00000176401.5 19 40023494 40023494 - 11 83016 19_internal_5928 19 39879039 39940478 156 157.569 1.0284 10.5343 0.0218775 -0.186362 0.218905 0.191447
ENSG00000176396.9 19 40030870 40030870 - 11 36728 19_internal_9337 19 39920763 39994142 156 155.421 1.13138 11.9499 0.0406617 0.169633 0.333333 0.334694
ENSG00000105204.9 19 40324841 40324841 - 11 -600808 19_internal_6498 19 40925649 40942860 156 161.85 0.963263 10.5995 0.125832 -0.121015 0.726368 0.751099
ENSG00000105202.3 19 40337054 40337054 - 12 396576 19_internal_5928 19 39879039 39940478 156 150.668 1.09828 13.1175 0.0113911 -0.198718 0.134328 0.125751
ENSG00000090920.9 19 40440533 40440533 - 14 0 19_internal_8057 19 40403645 40478671 156 141.055 0.941266 12.2183 5.09798e-10 0.446802 0.00497512 1.1596e-07
ENSG00000187534.5 19 40449634 40449634 - 14 -476015 19_internal_6498 19 40925649 40942860 156 147.545 1.03931 12.7163 0.0555594 0.150716 0.552239 0.543086
ENSG00000013275.3 19 40476912 40476912 + 14 0 19_internal_8057 19 40403645 40478671 156 162.383 1.00952 13.8233 0.000254098 0.292786 0.00995025 0.00246517
ENSG00000187187.9 19 40490041 40490041 + 14 -495899 19_internal_9337 19 39920763 39994142 156 137.932 1.08514 11.7469 0.095148 -0.127305 0.731343 0.740075
ENSG00000268166.1 19 40526292 40526292 + 14 -47621 19_internal_8057 19 40403645 40478671 156 148.581 1.09056 13.4067 0.159181 0.111448 0.895522 0.903824
ENSG00000269069.1 19 40531409 40531409 - 14 -434888 19_internal_8154 19 40966297 41118058 156 147.789 0.958268 13.1996 0.0286323 0.176659 0.383085 0.379524
ENSG00000128000.11 19 40562116 40562116 - 14 83445 19_internal_8057 19 40403645 40478671 156 149.007 0.955815 11.9235 5.99443e-05 0.304178 0.00497512 0.00144189
ENSG00000269296.1 19 40596661 40596661 + 14 312773 19_internal_8355 19 40909434 40924475 156 162.079 0.952187 13.6716 0.018288 -0.183536 0.248756 0.218974
ENSG00000269749.1 19 40596832 40596832 - 14 -369465 19_internal_8154 19 40966297 41118058 156 149.678 1.03046 13.9193 0.00520548 -0.228272 0.0696517 0.0760792
ENSG00000197782.9 19 40596845 40596845 - 14 -369452 19_internal_8154 19 40966297 41118058 156 161.469 0.904264 13.5434 0.00112383 -0.261825 0.0248756 0.0194886
ENSG00000130758.3 19 40697651 40697651 + 14 555893 19_internal_7087 19 41253544 41317882 156 174.693 1.02763 17.5978 0.0357514 -0.16681 0.368159 0.360863
ENSG00000221051.1 19 40710019 40710019 + 14 -769541 19_internal_5928 19 39879039 39940478 156 152.009 1.06261 12.7979 0.126722 -0.120549 0.820896 0.820365
ENSG00000174521.7 19 40724306 40724306 - 14 245635 19_internal_8057 19 40403645 40478671 156 151.155 1.08273 15.5505 0.215784 0.09538 0.975124 0.976768
ENSG00000205041.1 19 40781386 40781386 - 15 -985000 19_internal_5919 19 41766386 42777057 156 138.922 1.00972 13.0475 0.00992423 0.206867 0.174129 0.175245
ENSG00000207631.1 19 40788548 40788548 - 15 -150016 19_internal_7010 19 40938564 40949217 156 138.328 1.04258 13.7652 0.00790586 0.217837 0.129353 0.143649
ENSG00000105221.11 19 40791443 40791443 - 15 -974943 19_internal_5919 19 41766386 42777057 156 143.736 1.03504 13.0966 0.0837897 0.13552 0.711443 0.725169
ENSG00000105223.14 19 40854363 40854363 + 16 55071 19_internal_8355 19 40909434 40924475 156 150.973 1.01959 14.1254 0.0266832 0.171703 0.308458 0.333478
ENSG00000160392.9 19 40854434 40854434 - 16 -399110 19_internal_7087 19 41253544 41317882 156 163.054 0.928561 14.7312 0.0215633 -0.183982 0.268657 0.275774
ENSG00000160396.8 19 40896094 40896094 - 17 -42470 19_internal_7010 19 40938564 40949217 156 159.93 1.03258 17.6159 0.0145642 0.193783 0.20398 0.198407
ENSG00000105227.10 19 40919273 40919273 - 16 661665 19_internal_6123 19 40225664 40257608 156 145.427 1.13575 14.7321 0.0389541 0.164493 0.467662 0.440267
ENSG00000197019.4 19 40931932 40931932 - 16 -34365 19_internal_8154 19 40966297 41118058 156 146.143 1.17148 14.9231 0.0311638 -0.169315 0.368159 0.353098
ENSG00000268366.1 19 40949343 40949343 + 15 16954 19_internal_8154 19 40966297 41118058 156 167.563 0.885592 15.5066 0.0877568 0.138178 0.716418 0.751889
ENSG00000167565.8 19 40950612 40950612 - 15 1395 19_internal_7010 19 40938564 40949217 156 154.309 0.964122 14.2039 0.0233161 0.182832 0.283582 0.309192
ENSG00000090013.5 19 40971747 40971747 - 15 0 19_internal_8154 19 40966297 41118058 156 167.502 0.906089 15.9525 0.017851 -0.186798 0.243781 0.242557
ENSG00000160460.11 19 40972148 40972148 + 15 433548 19_internal_6339 19 41405696 41415315 156 154.568 0.985332 14.84 0.00421243 0.223489 0.0597015 0.0661951
ENSG00000160410.10 19 41082757 41082757 + 17 0 19_internal_8154 19 40966297 41118058 156 142.655 1.05944 14.0709 0.000271679 -0.268414 0.00995025 0.00509003
ENSG00000090006.13 19 41098789 41098789 + 17 0 19_internal_7032 19 41079844 41101318 156 175.881 0.833306 16.6874 0.000133558 0.289148 0.00995025 0.0028682
ENSG00000105245.5 19 41196877 41196877 - 17 -56667 19_internal_7087 19 41253544 41317882 156 172.773 0.840046 18.1749 0.180732 0.0979755 0.9801 0.968847
ENSG00000223284.1 19 41214068 41214068 - 17 -113817 19_internal_6422 19 41327885 42402919 156 147.347 1.00182 13.4577 0.0436722 0.15121 0.522388 0.497439
ENSG00000086544.2 19 41223008 41223008 + 17 -744337 19_internal_8057 19 40403645 40478671 156 163.952 0.955951 18.7786 0.0964121 0.131688 0.80597 0.835152
ENSG00000123815.7 19 41224112 41224112 - 17 -808078 19_internal_6813 19 42032190 42042578 156 170.975 0.915342 17.3528 0.0029902 -0.224509 0.0547264 0.0443374
ENSG00000077312.4 19 41256542 41256542 + 17 0 19_internal_7087 19 41253544 41317882 156 156.533 1.02226 15.824 0.000181257 0.289641 0.00995025 0.00242801
ENSG00000188493.9 19 41257458 41257458 - 17 -96746 19_internal_8891 19 41354204 41383206 156 156.015 0.992267 17.2369 0.00116665 -0.254601 0.0149254 0.0205829
ENSG00000268975.1 19 41277553 41277553 + 16 50332 19_internal_6422 19 41327885 42402919 156 152.42 1.00867 14.8808 0.0443847 -0.163167 0.557214 0.506681
ENSG00000261857.2 19 41277553 41277553 + 16 0 19_internal_7087 19 41253544 41317882 156 171.113 0.994208 18.6021 0.24447 0.0924791 0.995025 0.990917
ENSG00000167578.12 19 41284121 41284121 + 16 748069 19_internal_6813 19 42032190 42042578 156 155.832 0.994369 13.4787 0.0403059 -0.162967 0.432836 0.429231
ENSG00000171570.6 19 41284147 41284147 + 16 482239 19_internal_5919 19 41766386 42777057 156 158.498 1.01694 15.5813 0.0588272 0.144447 0.597015 0.590737
ENSG00000269858.1 19 41304901 41304901 + 16 -826230 19_internal_8057 19 40403645 40478671 156 155.528 0.90377 14.4388 0.0306619 0.173898 0.373134 0.41232
ENSG00000268797.1 19 41307202 41307202 + 16 98494 19_internal_6339 19 41405696 41415315 156 154.675 0.998956 14.9834 0.0838034 -0.136586 0.726368 0.736722
ENSG00000233622.1 19 41317295 41317295 - 16 0 19_internal_7087 19 41253544 41317882 156 157.935 0.937969 14.6026 0.000166063 0.299297 0.00497512 0.00329838
ENSG00000268339.1 19 41319515 41319515 + 16 -840844 19_internal_8057 19 40403645 40478671 156 160.646 1.03329 16.9096 0.0310999 0.176891 0.383085 0.372953
ENSG00000237118.2 19 41332677 41332677 - 16 -743454 19_internal_7740 19 42076131 42092875 156 146.418 1.06269 13.4697 0.0121353 -0.204018 0.174129 0.163161
ENSG00000269843.1 19 41343115 41343115 - 16 -738491 19_internal_7664 19 42081606 42098888 156 143.843 1.00937 13.016 0.156066 -0.110804 0.925373 0.9146
ENSG00000255974.2 19 41356352 41356352 - 16 -725254 19_internal_7664 19 42081606 42098888 156 171.036 0.970319 18.7334 0.0287223 0.170945 0.328358 0.354849
ENSG00000256612.2 19 41430124 41430124 + 17 -14809 19_internal_6339 19 41405696 41415315 156 163.571 0.97861 16.3285 1.35232e-23 0.689266 0.00497512 5.80711e-23
ENSG00000197446.4 19 41620337 41620337 + 16 -695862 19_internal_8355 19 40909434 40924475 156 153.045 1.02843 15.9269 0.000251614 -0.280158 0.00497512 0.00388602
ENSG00000167600.9 19 41698954 41698954 + 17 382652 19_internal_7664 19 42081606 42098888 156 143.066 0.937903 10.9437 0.0343793 -0.17372 0.422886 0.410648
ENSG00000167601.7 19 41725108 41725108 + 17 351023 19_internal_7740 19 42076131 42092875 156 142.761 1.00931 13.3281 0.0323758 -0.164864 0.447761 0.420744
ENSG00000105323.12 19 41768401 41768401 + 17 113301 19_internal_6342 19 41881702 42135137 156 144.117 1.02909 15.2364 0.000961395 -0.257248 0.0149254 0.0201451
ENSG00000239868.2 19 41792599 41792599 - 17 843382 19_internal_7010 19 40938564 40949217 156 145.458 0.926113 11.6733 0.00804328 0.21619 0.169154 0.13935
ENSG00000142039.3 19 41816094 41816094 + 17 0 19_internal_5919 19 41766386 42777057 156 171.905 0.866363 17.9577 0.0533284 0.158994 0.547264 0.604729
ENSG00000142046.9 19 41856816 41856816 + 17 -932341 19_internal_8355 19 40909434 40924475 156 153.943 1.0418 17.2989 0.0901181 -0.138013 0.800995 0.801119
ENSG00000105329.5 19 41859816 41859816 - 17 444501 19_internal_6339 19 41405696 41415315 156 163.069 1.05323 19.0854 0.0379202 -0.165509 0.462687 0.456169
ENSG00000123810.3 19 41870078 41870078 - 17 752020 19_internal_8154 19 40966297 41118058 156 147.469 1.00248 16.6993 0.0288492 -0.164783 0.437811 0.433779
ENSG00000255730.1 19 41882662 41882662 + 17 149528 19_internal_6813 19 42032190 42042578 156 150.12 1.012 16.7601 0.00972783 0.196965 0.18408 0.16789
ENSG00000248098.4 19 41884215 41884215 + 17 147975 19_internal_6813 19 42032190 42042578 156 155.558 0.897401 14.9929 0.011581 0.192139 0.223881 0.201548
ENSG00000077348.4 19 41903384 41903384 - 17 15651 19_internal_6686 19 41801877 41887733 156 150.439 0.859549 13.3354 0.000187311 0.279632 0.0199005 0.00763225
ENSG00000268987.1 19 41905277 41905277 + 17 170854 19_internal_7740 19 42076131 42092875 156 145.458 0.91982 12.6357 0.0345886 0.16471 0.442786 0.452888
ENSG00000268475.1 19 41931264 41931264 + 17 -813206 19_internal_8154 19 40966297 41118058 156 159.093 1.07572 18.0662 0.00812367 -0.206555 0.0995025 0.105881
ENSG00000177191.2 19 41934635 41934635 - 17 816577 19_internal_8154 19 40966297 41118058 156 131.214 1.12639 14.1638 0.160684 -0.110177 0.950249 0.945424
ENSG00000105341.14 19 41946622 41946622 - 16 997405 19_internal_7010 19 40938564 40949217 156 143.706 1.06161 12.8242 0.00407974 -0.232781 0.0696517 0.0602202
ENSG00000268034.1 19 42012068 42012068 + 18 -894010 19_internal_8154 19 40966297 41118058 156 145.245 1.00768 15.6637 0.0011812 -0.253657 0.0248756 0.026286
ENSG00000269800.1 19 42028349 42028349 - 19 -995799 19_internal_6448 19 43024148 43061580 156 177.922 0.952655 24.4353 0.024541 -0.182622 0.358209 0.353777
ENSG00000268355.1 19 42037566 42037566 + 19 986582 19_internal_6448 19 43024148 43061580 156 140.202 0.987457 14.8563 0.0201255 -0.179918 0.333333 0.34621
ENSG00000007129.11 19 42041545 42041545 + 19 0 19_internal_6342 19 41881702 42135137 156 154.766 1.03321 20.5215 0.00661614 0.214395 0.144279 0.121209
ENSG00000268027.1 19 42051554 42051554 + 19 -8976 19_internal_6813 19 42032190 42042578 156 146.204 1.12406 17.0923 0.0657031 0.144224 0.686567 0.69183
ENSG00000239736.2 19 42106090 42106090 + 18 817404 19_internal_7574 19 42923494 42947664 156 155.558 0.988383 17.7556 0.0165029 0.193867 0.253731 0.262969
ENSG00000269266.1 19 42112026 42112026 - 18 -811468 19_internal_7574 19 42923494 42947664 156 142.594 1.05727 15.6021 0.00534399 0.215123 0.114428 0.0987942
