ENSG00000177197.7 13 48902700 48902700 - 12 0 13_internal_3755 13 48722332 49155117 156 153.547 1.02518 10.5192 0.0380202 0.156461 0.368159 0.33442
ENSG00000139679.9 13 49018840 49018840 - 12 248985 13_internal_5856 13 48745787 48769855 156 146.661 1.05186 9.84258 0.0165136 0.188827 0.18408 0.162957
ENSG00000136161.8 13 49107369 49107369 - 12 24836 13_internal_3962 13 49060282 49082533 156 141.573 1.01425 10.2549 0.00109383 0.259279 0.0298507 0.0178771
ENSG00000233456.1 13 49147453 49147453 - 12 65139 13_internal_3952 13 49060575 49082314 156 131.64 1.12962 9.30048 0.00147866 0.260059 0.0149254 0.0195678
ENSG00000233610.1 13 49152224 49152224 - 12 69910 13_internal_3952 13 49060575 49082314 156 164.029 0.899948 11.3312 1.58976e-05 0.329476 0.00497512 0.00028088
ENSG00000152207.3 13 49280951 49280951 + 14 -79721 13_internal_4025 13 49188524 49201230 156 160.89 0.963933 12.7012 1.73094e-08 0.431695 0.00497512 2.35953e-07
ENSG00000225131.1 13 49345264 49345264 + 14 -652518 13_internal_3838 13 48687685 48692746 156 149.084 0.995271 11.6326 0.0537801 0.157509 0.532338 0.511718
ENSG00000102531.10 13 49550048 49550048 + 15 -82783 13_internal_4063 13 49457454 49467265 156 143.432 0.982913 12.2246 0.00289213 0.226016 0.0845771 0.0541966
ENSG00000201662.1 13 49562051 49562051 + 15 682108 13_internal_4496 13 50244159 50268898 156 121.555 1.11441 10.9741 0.0176517 0.186776 0.283582 0.283537
ENSG00000223724.1 13 49620930 49620930 - 15 182784 13_internal_6012 13 49226325 49438146 156 153.623 0.951849 13.1013 0.00529464 0.221895 0.114428 0.0826972
ENSG00000199788.1 13 49669527 49669527 + 16 -189880 13_internal_4041 13 49431795 49479647 156 141.954 1.16996 14.8773 0.150783 0.116641 0.910448 0.917837
ENSG00000235957.1 13 49761806 49761806 - 15 -482353 13_internal_4496 13 50244159 50268898 156 136.652 1.03977 13.4758 0.032353 0.169825 0.437811 0.445325
ENSG00000231665.1 13 49786430 49786430 - 14 631818 13_internal_3894 13 49105039 49154612 156 161.728 0.944098 12.1344 0.0376236 -0.162843 0.368159 0.371957
ENSG00000102543.10 13 49822047 49822047 + 14 707211 13_internal_4887 13 50529258 50532975 156 177.206 0.850129 13.7802 0.000392064 0.279481 0.0149254 0.00571372
ENSG00000102547.14 13 50018262 50018262 - 14 580116 13_internal_6012 13 49226325 49438146 156 160.845 0.952335 12.4503 0.174387 -0.107889 0.900498 0.906259
ENSG00000136169.11 13 50018429 50018429 + 14 57630 13_internal_5642 13 50076059 50160623 156 157.371 1.03604 12.9641 3.49878e-07 0.383631 0.00497512 2.53847e-06
ENSG00000215462.1 13 50020554 50020554 - 14 938240 13_internal_3952 13 49060575 49082314 156 149.48 0.963455 13.2034 0.0206325 -0.1894 0.283582 0.285664
ENSG00000236577.1 13 50063106 50063106 + 14 12953 13_internal_5642 13 50076059 50160623 156 144.026 1.06037 12.2144 0.00581539 0.21805 0.0945274 0.0797346
ENSG00000136147.11 13 50069746 50069746 + 14 6313 13_internal_5642 13 50076059 50160623 156 163.602 0.983734 12.3962 5.39889e-15 0.58172 0.00497512 2.48073e-14
ENSG00000136144.7 13 50159719 50159719 - 11 0 13_internal_5642 13 50076059 50160623 156 164.623 1.01685 12.0682 8.29087e-33 0.767375 0.00497512 5.26373e-34
ENSG00000152213.3 13 50202435 50202435 + 10 -41812 13_internal_5642 13 50076059 50160623 156 156.777 1.07835 10.3844 0.0025037 0.227303 0.0248756 0.0182153
ENSG00000123179.8 13 50265623 50265623 - 11 0 13_internal_4496 13 50244159 50268898 156 145.412 0.991027 10.5774 2.42352e-08 0.417253 0.00497512 8.70396e-07
ENSG00000224798.1 13 50354767 50354767 - 11 -852602 13_internal_4491 13 51207369 51290752 156 168.721 0.935315 12.1408 0.0110699 0.202537 0.119403 0.113652
ENSG00000102753.5 13 50367057 50367057 - 11 -275229 13_internal_3995 13 50642286 50698465 156 150.089 0.927525 9.495 0.101335 0.133042 0.711443 0.690975
ENSG00000123178.9 13 50510626 50510626 - 9 241728 13_internal_4496 13 50244159 50268898 156 153.593 1.02226 8.41314 0.00150687 0.250301 0.0248756 0.0123633
ENSG00000204977.5 13 50570024 50570024 + 9 812943 13_internal_4406 13 51382967 51487096 156 171.676 0.915819 11.5141 0.00146119 0.247177 0.0149254 0.0146854
ENSG00000264864.1 13 50570637 50570637 - 9 37662 13_internal_4887 13 50529258 50532975 156 174.738 0.837803 9.26429 0.161905 -0.110806 0.79602 0.801337
ENSG00000198553.4 13 50589390 50589390 + 9 -428767 13_internal_5642 13 50076059 50160623 156 145.168 1.02671 8.17086 0.00388176 -0.227695 0.0248756 0.0390399
ENSG00000207718.1 13 50623337 50623337 - 9 401983 13_internal_5005 13 50180636 50221354 156 130.802 1.11516 7.87902 0.0241122 -0.175321 0.253731 0.222686
ENSG00000231862.1 13 50638816 50638816 + 9 -835790 13_internal_5136 13 49793410 49803026 156 161.363 0.960417 10.3187 0.0185538 -0.184951 0.189055 0.173196
ENSG00000176124.6 13 50656307 50656307 + 9 -853281 13_internal_5136 13 49793410 49803026 156 156.32 0.961517 8.69288 0.0257874 -0.178304 0.223881 0.217485
ENSG00000214359.3 13 50673467 50673467 + 9 -870441 13_internal_5136 13 49793410 49803026 156 158.148 0.896511 8.19205 0.00242557 -0.232886 0.039801 0.0287759
ENSG00000231607.2 13 50699856 50699856 - 9 896830 13_internal_5136 13 49793410 49803026 156 177.496 0.843996 9.76136 0.0122908 -0.193114 0.144279 0.113166
ENSG00000232150.3 13 50746225 50746225 + 9 345598 13_internal_4278 13 51091823 51104107 156 151.552 0.964667 8.85973 0.268424 -0.0908122 0.945274 0.945873
ENSG00000237152.1 13 51381992 51381992 + 7 -683527 13_internal_3995 13 50642286 50698465 156 141.329 0.956153 6.59291 0.126597 0.123911 0.651741 0.664137
ENSG00000200711.1 13 51387242 51387242 - 7 688777 13_internal_3995 13 50642286 50698465 156 182.919 0.895806 8.73173 0.03035 0.177013 0.18408 0.193457
ENSG00000186047.9 13 51418075 51418075 - 7 127323 13_internal_4491 13 51207369 51290752 156 138.023 1.03926 7.15951 0.0150831 0.195059 0.129353 0.136458
ENSG00000136104.11 13 51483814 51483814 + 7 0 13_internal_4406 13 51382967 51487096 156 165.339 1.07038 8.49064 7.92486e-23 0.698884 0.00497512 9.17644e-25
ENSG00000233672.2 13 51484848 51484848 - 7 786383 13_internal_3995 13 50642286 50698465 156 154.37 1.08596 6.63403 0.0574475 0.152514 0.318408 0.293489
ENSG00000123201.9 13 51654998 51654998 - 7 -929675 13_internal_6219 13 52584673 53607947 156 136.211 1.00292 5.96204 0.00484609 0.223018 0.0497512 0.0491108
ENSG00000150510.9 13 51796503 51796503 + 8 788170 13_internal_6219 13 52584673 53607947 156 149.845 0.989069 7.42371 0.410598 0.0634776 0.985075 0.982841
ENSG00000253309.2 13 51909909 51909909 + 8 867582 13_internal_5646 13 52777491 53174995 156 155.68 0.902537 7.86483 0.115988 0.1315 0.646766 0.662745
ENSG00000236778.2 13 52026503 52026503 + 9 558170 13_internal_6219 13 52584673 53607947 156 156.274 0.952544 8.20748 0.0118513 -0.201799 0.119403 0.105366
ENSG00000224892.2 13 52028300 52028300 + 9 749191 13_internal_5646 13 52777491 53174995 156 166.862 0.906186 8.94763 0.0998913 0.137285 0.59204 0.607063
ENSG00000102786.9 13 52028400 52028400 - 9 -556273 13_internal_6219 13 52584673 53607947 156 164.668 0.964007 9.08647 0.119512 -0.125197 0.646766 0.666442
ENSG00000243900.2 13 52043886 52043886 + 9 323011 13_internal_4330 13 52366897 52381339 156 184.717 0.883762 11.4713 0.0634083 -0.147844 0.40796 0.456484
ENSG00000139668.5 13 52158644 52158644 + 8 -867892 13_internal_4491 13 51207369 51290752 156 152.1 1.04871 8.30755 0.00129931 0.254064 0.0149254 0.00979597
ENSG00000206920.1 13 52160668 52160668 - 8 -606853 13_internal_5707 13 52767521 53228172 156 134.794 1.03483 6.10049 0.0312292 -0.179909 0.21393 0.232194
ENSG00000242893.2 13 52168351 52168351 - 8 -854625 13_internal_3854 13 53022976 53031728 156 157.493 0.959593 8.01137 0.192224 0.103621 0.820896 0.825775
ENSG00000224451.1 13 52172542 52172542 + 8 -881790 13_internal_4491 13 51207369 51290752 156 138.313 0.949803 5.84332 0.156227 0.117197 0.711443 0.708951
ENSG00000226830.1 13 52197358 52197358 - 8 62079 13_internal_5013 13 52121621 52135279 156 171.052 0.961742 8.09569 0.244613 0.0950557 0.875622 0.877828
ENSG00000102796.6 13 52378293 52378293 - 8 -206380 13_internal_6219 13 52584673 53607947 156 146.509 1.07039 8.26399 0.0245751 -0.177081 0.208955 0.191752
ENSG00000231856.1 13 52378433 52378433 + 8 -243154 13_internal_5013 13 52121621 52135279 156 154.446 1.08239 8.51809 0.0148442 0.193643 0.109453 0.10091
ENSG00000123191.9 13 52585630 52585630 - 9 -437346 13_internal_3854 13 53022976 53031728 156 176.033 0.931931 8.97488 0.233652 -0.0942483 0.880597 0.886496
ENSG00000253710.1 13 52586534 52586534 + 9 -205195 13_internal_4330 13 52366897 52381339 156 147.926 1.03295 7.56761 0.0513682 0.158143 0.363184 0.34767
ENSG00000253797.1 13 52598827 52598827 + 9 178664 13_internal_5646 13 52777491 53174995 156 157.539 0.928383 7.86922 0.0146294 0.198809 0.139303 0.127437
ENSG00000197168.6 13 52703214 52703214 - 10 -566214 13_internal_4630 13 53269428 53426289 156 137.78 1.13109 8.07842 0.113038 -0.128544 0.691542 0.646105
ENSG00000136098.11 13 52733996 52733996 - 10 -43495 13_internal_5646 13 52777491 53174995 156 139.227 0.972121 7.68186 0.012269 -0.2071 0.144279 0.139173
ENSG00000243406.1 13 52768513 52768513 - 10 387174 13_internal_4330 13 52366897 52381339 156 153.974 0.935428 9.1581 0.137041 0.124861 0.761194 0.768794
ENSG00000217576.4 13 52908412 52908412 - 10 -361016 13_internal_4630 13 53269428 53426289 156 166.999 0.962229 10.3288 0.107316 0.130576 0.666667 0.661327
ENSG00000136114.11 13 52980629 52980629 - 10 845350 13_internal_5013 13 52121621 52135279 156 157.066 0.917166 8.1798 0.0888746 -0.136705 0.557214 0.566777
ENSG00000136100.7 13 53024763 53024763 - 10 0 13_internal_5646 13 52777491 53174995 156 161.149 0.941419 9.7883 5.93584e-05 -0.315788 0.00497512 0.000703992
ENSG00000136108.9 13 53029564 53029564 + 10 0 13_internal_5646 13 52777491 53174995 156 167.548 0.941996 9.60993 5.31432e-18 0.625776 0.00497512 3.25344e-17
ENSG00000139675.10 13 53191605 53191605 + 9 -16610 13_internal_5646 13 52777491 53174995 156 161.82 1.06267 9.1819 0.000102954 0.310864 0.00497512 0.000434024
ENSG00000250299.1 13 53191693 53191693 + 9 -16698 13_internal_5646 13 52777491 53174995 156 165.643 1.04112 9.11926 0.000851953 0.270457 0.00995025 0.00424556
ENSG00000165416.9 13 53226844 53226844 + 9 -51849 13_internal_5646 13 52777491 53174995 156 171.371 0.938644 8.37394 1.00007e-10 0.481041 0.00497512 4.24786e-10
ENSG00000136110.8 13 53313947 53313947 - 9 932608 13_internal_4330 13 52366897 52381339 156 146.661 1.04627 8.39513 0.0269335 -0.181595 0.223881 0.220038
ENSG00000136149.6 13 55015450 55015450 - 0 NA NA NA NA NA NA NA NA NA NA NA NA NA
ENSG00000139734.12 13 60738119 60738119 - 1 0 13_internal_6072 13 58203364 60986383 156 204.613 1.00002 1.0913 0.612425 0.0413471 0.60199 0.593416
ENSG00000083544.8 13 60970591 60970591 + 1 0 13_internal_6072 13 58203364 60986383 156 143.98 1 1.08699 0.172121 0.108876 0.19403 0.204348
ENSG00000184226.10 13 67804468 67804468 - 0 NA NA NA NA NA NA NA NA NA NA NA NA NA
ENSG00000232380.1 13 69559190 69559190 + 0 NA NA NA NA NA NA NA NA NA NA NA NA NA
ENSG00000236534.1 13 72249199 72249199 + 2 191875 13_internal_4728 13 72441074 72454182 156 171.661 1.00002 2.21598 0.547896 -0.0498447 0.800995 0.810914
ENSG00000237816.1 13 72278313 72278313 + 2 -58489 13_internal_4562 13 72205190 72219824 156 175.546 1.00001 2.09513 0.136037 0.122236 0.228856 0.223499
ENSG00000233460.1 13 72420113 72420113 + 2 20961 13_internal_4728 13 72441074 72454182 156 163.358 0.99998 2.00947 0.0226379 0.188955 0.0497512 0.0391142
ENSG00000165659.12 13 72441330 72441330 - 2 221506 13_internal_4562 13 72205190 72219824 156 112.704 1 1.73285 0.0174066 0.192382 0.0746269 0.0739753
ENSG00000204899.5 13 73301825 73301825 - 3 -500361 13_internal_4095 13 73802186 73835182 156 146.524 1.00003 2.32983 0.128543 0.122354 0.283582 0.297795
ENSG00000136122.10 13 73302061 73302061 + 3 -847879 13_internal_4728 13 72441074 72454182 156 190.034 1.00003 3.24394 0.37429 0.072828 0.711443 0.72277
ENSG00000083535.11 13 73356197 73356197 + 4 959869 13_internal_4429 13 74316066 74320364 156 164.013 0.999977 4.07968 0.483378 -0.0541394 0.940299 0.92632
ENSG00000083520.10 13 73356234 73356234 - 4 902052 13_internal_4728 13 72441074 72454182 156 164.592 0.999967 3.60798 0.395042 -0.06788 0.845771 0.824149
ENSG00000199381.1 13 73455352 73455352 - 3 -343604 13_internal_4991 13 73798956 73833236 156 146.798 1 2.54081 0.0946481 -0.131183 0.253731 0.245578
ENSG00000102554.8 13 73629114 73629114 + 4 169842 13_internal_4991 13 73798956 73833236 156 197.468 1.00003 4.62197 4.9908e-17 0.592574 0.00497512 1.73628e-20
ENSG00000118922.12 13 74708394 74708394 - 4 873212 13_internal_4095 13 73802186 73835182 156 171.524 1.00001 4.49954 0.0840441 0.138369 0.273632 0.278597
ENSG00000235532.1 13 74805594 74805594 + 4 -485230 13_internal_4429 13 74316066 74320364 156 165.384 0.99996 3.97361 0.0814076 0.14475 0.263682 0.259302
ENSG00000225203.1 13 75949647 75949647 + 3 161529 13_internal_3957 13 76111176 76124837 156 183.513 0.999973 3.34348 0.0251582 0.173942 0.0746269 0.049738
ENSG00000136111.8 13 76056250 76056250 - 3 0 13_internal_5432 13 75989414 76113150 156 147.514 0.99998 2.7822 1.4338e-06 0.381771 0.00497512 7.71926e-06
ENSG00000188243.8 13 76123575 76123575 - 3 -325771 13_internal_5001 13 76449346 77198856 156 157.661 1.00005 3.23448 0.755624 0.0246408 0.985075 0.989335
ENSG00000118939.11 13 76123619 76123619 + 3 -10469 13_internal_5432 13 75989414 76113150 156 134.215 1.00005 2.42817 0.04032 -0.161945 0.139303 0.133359
ENSG00000261553.1 13 76123909 76123909 + 3 -10759 13_internal_5432 13 75989414 76113150 156 149.921 1 2.53979 0.0592725 -0.149445 0.179104 0.155702
ENSG00000136153.13 13 76194570 76194570 + 3 -69733 13_internal_3957 13 76111176 76124837 156 163.236 0.999994 3.00276 0.17602 -0.105809 0.422886 0.420796
ENSG00000228444.1 13 76206271 76206271 - 3 93121 13_internal_5432 13 75989414 76113150 156 139.227 1.00003 2.832 0.00704947 -0.225406 0.0348259 0.0306325
ENSG00000261105.1 13 76210130 76210130 - 3 -239216 13_internal_5001 13 76449346 77198856 156 144.315 0.999966 2.83324 0.189507 0.103388 0.507463 0.481723
ENSG00000230902.1 13 76263333 76263333 - 3 -186013 13_internal_5001 13 76449346 77198856 156 174.677 1 3.05091 0.166901 0.111968 0.363184 0.376607
ENSG00000178695.4 13 77460540 77460540 - 6 -731910 13_internal_5255 13 78192450 78354811 156 148.352 1.03275 6.12478 0.0221681 -0.18385 0.139303 0.137072
ENSG00000102794.5 13 77522632 77522632 + 6 -323776 13_internal_5001 13 76449346 77198856 156 146.418 1.06981 6.31446 0.0454146 -0.158312 0.298507 0.259712
ENSG00000228002.1 13 77559003 77559003 + 6 -159523 13_internal_4169 13 77387516 77399480 156 168.66 0.984422 6.38088 0.0762644 -0.141532 0.343284 0.357078
ENSG00000102805.9 13 77564795 77564795 + 6 522881 13_internal_4729 13 78087676 78091380 156 139.334 1.03928 6.08647 0.233655 0.0922345 0.810945 0.831575
ENSG00000005812.6 13 77601330 77601330 - 6 402474 13_internal_5001 13 76449346 77198856 156 137.429 1.00001 4.79982 0.0649421 -0.147664 0.303483 0.341223
ENSG00000236051.2 13 77649649 77649649 + 6 438027 13_internal_4729 13 78087676 78091380 156 175.668 0.915628 6.66189 0.107205 0.1345 0.487562 0.496343
ENSG00000229521.1 13 77654646 77654646 + 6 257272 13_internal_4638 13 77911918 77935334 156 160.25 1.0025 7.1305 0.0608024 0.141574 0.358209 0.342707
ENSG00000005810.12 13 77901185 77901185 - 6 702329 13_internal_5001 13 76449346 77198856 156 184.823 0.999983 6.8984 0.0975948 -0.138283 0.40796 0.399622
ENSG00000139737.15 13 78272023 78272023 + 7 0 13_internal_5861 13 78270474 78326417 156 150.241 1.02119 6.49462 0.00103639 0.270805 0.0199005 0.00746219
ENSG00000225579.1 13 78402357 78402357 + 6 767182 13_internal_4031 13 79169539 79184280 156 159.245 1.0302 6.79559 0.0717569 -0.143888 0.402985 0.370279
ENSG00000136160.10 13 78493903 78493903 - 6 167486 13_internal_5861 13 78270474 78326417 156 151.887 0.97592 5.60964 0.00481259 0.224117 0.0348259 0.0328469
ENSG00000234377.2 13 79152611 79152611 + 4 78403 13_internal_4786 13 79231014 79345315 156 125.76 0.999997 3.33693 0.000982447 0.236842 0.00995025 0.0103031
ENSG00000152193.7 13 79233314 79233314 - 4 0 13_internal_4786 13 79231014 79345315 156 164.76 1.00004 4.27996 7.00827e-06 0.311432 0.00497512 1.65538e-05
ENSG00000252496.1 13 79963766 79963766 - 6 -644126 13_internal_4350 13 80607892 80625071 156 167.517 0.997022 6.32239 0.36644 -0.074073 0.925373 0.934218
ENSG00000227354.1 13 79980444 79980444 + 6 404758 13_internal_4800 13 80385202 80461236 156 140.689 1.02768 5.70323 0.312519 0.0796741 0.895522 0.900382
ENSG00000139746.10 13 79980612 79980612 - 6 -627280 13_internal_4350 13 80607892 80625071 156 150.531 1.00004 5.62716 0.130616 -0.121752 0.59204 0.5652
ENSG00000102471.9 13 80055287 80055287 + 7 329915 13_internal_4800 13 80385202 80461236 156 161.561 0.937999 6.9806 0.0150914 -0.190073 0.0945274 0.106353
ENSG00000136158.6 13 80915086 80915086 - 5 42958 13_internal_4595 13 80849592 80872128 156 161.225 0.999999 4.67254 0.000285278 0.259356 0.00497512 0.00105248
ENSG00000214182.4 13 82264203 82264203 + 1 998117 13_internal_4548 13 83262320 83342565 156 175.972 1.00003 0.967269 0.613185 -0.0369814 0.577114 0.579101
ENSG00000215417.5 13 92000074 92000074 + 0 NA NA NA NA NA NA NA NA NA NA NA NA NA
ENSG00000207745.1 13 92002859 92002859 + 0 NA NA NA NA NA NA NA NA NA NA NA NA NA
ENSG00000199180.2 13 92002997 92002997 + 0 NA NA NA NA NA NA NA NA NA NA NA NA NA
ENSG00000207610.1 13 92003145 92003145 + 0 NA NA NA NA NA NA NA NA NA NA NA NA NA
ENSG00000088451.6 13 95248511 95248511 - 6 -607489 13_internal_4193 13 95856000 95866179 156 146.128 0.999976 5.47835 0.00628392 0.213879 0.0497512 0.0440189
ENSG00000152749.7 13 95254157 95254157 + 6 579219 13_internal_5825 13 95833376 95899147 156 166.542 0.966416 6.43002 0.00240181 0.244103 0.0149254 0.012873
ENSG00000125257.9 13 95953687 95953687 - 6 114192 13_internal_4792 13 95797923 95839495 156 154.492 0.999964 5.48195 0.00362801 0.237054 0.00995025 0.0206337
ENSG00000237796.1 13 95956401 95956401 - 6 57254 13_internal_5825 13 95833376 95899147 156 143.554 1.00002 4.88692 0.309041 0.0776105 0.855721 0.857928
ENSG00000247400.2 13 96329179 96329179 - 6 -412784 13_internal_3869 13 96741963 96876459 156 146.692 1.01226 6.23454 0.00686749 -0.210226 0.0597015 0.0513171
ENSG00000102580.9 13 96329411 96329411 + 6 -708300 13_internal_3994 13 95362559 95621111 156 162.84 0.910667 5.95199 0.0813884 -0.141962 0.41791 0.414183
ENSG00000229622.1 13 96344792 96344792 + 6 397171 13_internal_3869 13 96741963 96876459 156 146.387 0.999966 5.21399 0.00604628 -0.215534 0.0746269 0.0401929
ENSG00000227714.1 13 96346749 96346749 - 6 -395214 13_internal_3869 13 96741963 96876459 156 183.879 0.942705 7.72866 0.0616541 -0.145447 0.323383 0.310833
ENSG00000232373.1 13 96346823 96346823 + 6 395140 13_internal_3869 13 96741963 96876459 156 191.054 0.969237 8.00827 0.0443237 -0.158252 0.218905 0.202101
ENSG00000251901.1 13 96367032 96367032 - 6 467885 13_internal_5825 13 95833376 95899147 156 158.148 1.00488 6.05595 0.0187208 0.19102 0.144279 0.102432
ENSG00000226977.1 13 96461861 96461861 - 6 840750 13_internal_3994 13 95362559 95621111 156 157.325 0.94017 6.24759 0.154272 0.112864 0.651741 0.668185
ENSG00000237822.1 13 96568330 96568330 - 6 -173633 13_internal_3869 13 96741963 96876459 156 171.661 0.92293 5.6624 0.00103702 0.253804 0.0199005 0.00521049
ENSG00000102595.13 13 96705736 96705736 - 5 -36227 13_internal_3869 13 96741963 96876459 156 147.362 0.999955 5.32882 0.0044443 0.222175 0.0298507 0.0300001
ENSG00000165621.4 13 97646984 97646984 - 1 770525 13_internal_3869 13 96741963 96876459 156 169.102 0.999992 1.12134 0.475018 0.0537502 0.522388 0.495765
ENSG00000139793.14 13 97873688 97873688 + 1 -997229 13_internal_3869 13 96741963 96876459 156 185.996 1.00002 1.0905 0.00997724 0.20546 0.00995025 0.00533101
ENSG00000202290.1 13 98015355 98015355 - 0 NA NA NA NA NA NA NA NA NA NA NA NA NA
ENSG00000125249.5 13 98086476 98086476 + 1 974342 13_internal_5792 13 99060818 99326945 156 128.913 1.00002 0.964397 0.591616 0.041942 0.61194 0.612544
ENSG00000065150.13 13 98605742 98605742 + 2 956049 13_internal_5779 13 99561791 99778041 156 155.132 1.00003 2.07928 0.0944829 -0.135406 0.20398 0.188184
ENSG00000232217.1 13 98639470 98639470 - 2 -922321 13_internal_5779 13 99561791 99778041 156 147.073 1.00001 1.78841 0.0199056 -0.185814 0.0646766 0.0421666
ENSG00000152767.10 13 98794816 98794816 + 3 766975 13_internal_5779 13 99561791 99778041 156 158.133 0.99998 2.97755 0.0568476 0.153623 0.154229 0.155491
ENSG00000222969.1 13 98856446 98856446 - 3 -204372 13_internal_5792 13 99060818 99326945 156 173.245 0.999975 3.4021 0.697752 -0.0304156 0.99005 0.97978
ENSG00000231194.1 13 99088094 99088094 - 4 -567311 13_internal_5415 13 99655405 99662007 156 151.734 1.00003 3.72903 0.00894697 0.208413 0.0447761 0.0365567
ENSG00000224418.1 13 99229498 99229498 + 6 425907 13_internal_5415 13 99655405 99662007 156 158.864 1.10544 6.48411 0.0232876 -0.178958 0.124378 0.1051
ENSG00000102572.10 13 99230194 99230194 - 6 0 13_internal_5792 13 99060818 99326945 156 144.056 1.0264 5.6463 0.0034984 0.225198 0.0149254 0.0252634
ENSG00000088387.13 13 99738879 99738879 - 7 0 13_internal_5779 13 99561791 99778041 156 137.338 1.06528 6.70586 0.00248362 0.2395 0.0348259 0.0233507
ENSG00000228889.1 13 99852964 99852964 - 8 -754890 13_internal_4268 13 100607854 100635896 156 145.031 1.00724 7.90885 0.169874 0.107838 0.79602 0.801107
ENSG00000134882.11 13 99853028 99853028 + 8 134587 13_internal_5775 13 99987615 100090191 156 151.171 1.05106 7.82558 0.000425088 0.269344 0.00497512 0.00302512
ENSG00000201793.1 13 99857962 99857962 + 8 -531017 13_internal_5792 13 99060818 99326945 156 171.905 0.942716 9.79363 0.262385 -0.0892166 0.940299 0.937959
ENSG00000218502.3 13 99868012 99868012 - 9 -739842 13_internal_4268 13 100607854 100635896 156 151.445 0.962825 8.01263 0.00613018 0.217387 0.0895522 0.06115
ENSG00000125245.8 13 99913998 99913998 - 9 -693856 13_internal_4268 13 100607854 100635896 156 156.594 0.963779 8.79013 0.121444 0.122169 0.676617 0.691158
ENSG00000169508.6 13 99959659 99959659 - 10 -27956 13_internal_5775 13 99987615 100090191 156 147.134 0.951344 8.76124 0.000149884 0.298947 0.00497512 0.00279083
ENSG00000203341.3 13 99970408 99970408 + 10 17207 13_internal_5775 13 99987615 100090191 156 156 1.09241 11.4766 0.0738505 0.144626 0.557214 0.545263
ENSG00000207719.1 13 100008385 100008385 + 10 853817 13_internal_4874 13 100862202 101166999 156 204.323 0.982913 17.5327 0.0944876 0.130374 0.621891 0.640147
ENSG00000228808.1 13 100024427 100024427 + 10 151683 13_internal_3911 13 100176110 100201762 156 139.867 1.04452 8.73741 0.0191531 -0.186008 0.21393 0.192778
ENSG00000225985.1 13 100144751 100144751 - 10 366710 13_internal_5779 13 99561791 99778041 156 160.875 1.03317 10.0809 0.111023 -0.124373 0.686567 0.662459
ENSG00000203441.2 13 100153306 100153306 - 10 63115 13_internal_5775 13 99987615 100090191 156 161.789 0.945133 9.62572 0.373901 0.0696124 0.9801 0.98875
ENSG00000125304.6 13 100153671 100153671 + 10 -63480 13_internal_5775 13 99987615 100090191 156 145.123 1.04962 8.7974 0.0198191 0.17148 0.208955 0.178919
ENSG00000212197.1 13 100188650 100188650 - 10 -602379 13_internal_5676 13 100791029 101171147 156 155.284 1.02147 9.72077 0.0498488 0.158434 0.39801 0.38488
ENSG00000125246.10 13 100258919 100258919 + 10 532110 13_internal_5676 13 100791029 101171147 156 151.186 1.0932 10.5233 0.0242479 0.175103 0.21393 0.209743
ENSG00000227659.1 13 100343225 100343225 - 11 681218 13_internal_5415 13 99655405 99662007 156 159.397 0.994053 10.9762 0.0208856 0.182992 0.218905 0.197
ENSG00000175198.10 13 100741269 100741269 + 10 49760 13_internal_5676 13 100791029 101171147 156 148.215 0.954494 9.82677 0.000265452 0.29615 0.00995025 0.00487295
ENSG00000228501.2 13 100803346 100803346 - 9 672142 13_internal_4537 13 100120732 100131204 156 145.945 1.02742 8.67586 0.0542937 -0.155876 0.41791 0.417015
ENSG00000234650.1 13 101133411 101133411 - 7 0 13_internal_5676 13 100791029 101171147 156 174.845 0.959799 8.92269 0.165539 0.11202 0.776119 0.758287
ENSG00000234354.2 13 101192528 101192528 - 7 -67583 13_internal_4894 13 101260111 102302433 156 146.387 1.18053 8.39846 0.11669 0.124826 0.626866 0.61768
ENSG00000224356.2 13 101232371 101232371 - 6 -27740 13_internal_4894 13 101260111 102302433 156 144.056 0.99999 5.25119 0.00306841 0.237634 0.0199005 0.0231158
ENSG00000134864.5 13 101241782 101241782 - 6 70635 13_internal_5676 13 100791029 101171147 156 157.234 0.999992 5.93411 0.00173515 0.244687 0.039801 0.00982993
ENSG00000237082.1 13 101276683 101276683 - 7 105536 13_internal_5676 13 100791029 101171147 156 144.285 1.10462 6.84171 0.0428396 0.155942 0.283582 0.25948
ENSG00000125247.11 13 101327347 101327347 - 7 156200 13_internal_5676 13 100791029 101171147 156 165.339 1.02737 7.89679 5.41617e-06 0.358989 0.00497512 1.65222e-05
ENSG00000134900.7 13 103249353 103249353 + 4 0 13_internal_5053 13 103243425 103426910 156 155.375 0.999983 4.24795 0.00129673 0.251845 0.0149254 0.0056223
ENSG00000139780.6 13 103346854 103346854 - 3 0 13_internal_5053 13 103243425 103426910 156 149.739 0.999984 3.21869 0.51536 -0.0517335 0.910448 0.908276
ENSG00000175820.2 13 103389159 103389159 - 2 0 13_internal_5053 13 103243425 103426910 156 156.807 1.00002 2.1349 0.249148 0.0925562 0.41791 0.455698
ENSG00000151287.12 13 103426161 103426161 - 2 0 13_internal_5053 13 103243425 103426910 156 148.093 1.00001 1.78424 0.312005 0.0778333 0.517413 0.503561
ENSG00000134897.9 13 103451399 103451399 + 2 -24489 13_internal_5053 13 103243425 103426910 156 185.265 0.999967 2.33553 0.88225 0.0119087 0.99005 0.991741
ENSG00000134899.13 13 103497194 103497194 + 2 -442166 13_internal_4277 13 103045886 103055028 156 153.197 1.00001 1.70279 0.542527 0.0502904 0.741294 0.739543
ENSG00000165366.8 13 103532286 103532286 + 2 -105376 13_internal_5053 13 103243425 103426910 156 139.76 0.999981 1.82315 0.341091 0.0730888 0.567164 0.566351
ENSG00000125266.5 13 107187462 107187462 - 2 0 13_internal_4363 13 107152248 107625042 156 129.858 1.00001 1.50604 0.722608 0.0265171 0.875622 0.873128
ENSG00000134884.9 13 107220512 107220512 - 2 68900 13_internal_4412 13 107143053 107151612 156 155.086 0.999985 1.94358 0.00751195 0.220004 0.0199005 0.0148929
ENSG00000174405.8 13 108870716 108870716 - 6 -103496 13_internal_4132 13 108974212 109017755 156 136.637 0.999963 5.05835 0.0706477 -0.147708 0.383085 0.381997
ENSG00000139826.5 13 108870727 108870727 + 6 696211 13_internal_5900 13 109566938 110136180 156 148.672 1.01368 6.20233 0.136126 0.122145 0.656716 0.617913
ENSG00000102524.6 13 108903588 108903588 + 6 663350 13_internal_5900 13 109566938 110136180 156 181.518 1.03397 7.2726 0.409293 -0.0666466 0.960199 0.964483
ENSG00000223177.1 13 108953679 108953679 - 6 17271 13_internal_4305 13 108865044 108936408 156 139.196 0.999978 4.64401 0.0470809 0.154916 0.238806 0.252579
ENSG00000229792.1 13 110053043 110053043 + 8 319482 13_internal_4276 13 110372525 110384624 156 135.114 1.10877 7.46544 2.12821e-31 0.79482 0.00497512 2.33687e-29
ENSG00000234854.1 13 110380629 110380629 + 9 0 13_internal_4276 13 110372525 110384624 156 121.829 1.00582 6.13526 4.67972e-30 0.763273 0.00497512 3.71116e-23
ENSG00000255813.1 13 110407615 110407615 - 9 46559 13_internal_5931 13 110012839 110361056 156 153.913 1.0495 9.07224 0.000939026 0.268423 0.00995025 0.00714609
ENSG00000185950.7 13 110438915 110438915 - 9 77859 13_internal_5931 13 110012839 110361056 156 156.609 1.03902 8.31578 0.00440812 0.232562 0.0298507 0.0306811
ENSG00000134871.13 13 110958159 110958159 + 11 203869 13_internal_4742 13 111162028 111228907 156 154.583 1.06357 11.7871 2.52009e-05 0.311753 0.00497512 0.000189153
ENSG00000187498.9 13 110959496 110959496 - 11 84659 13_internal_4915 13 110765259 110874837 156 130.528 1.09647 8.74367 7.68032e-07 0.374738 0.00497512 2.01387e-05
ENSG00000232814.2 13 111160526 111160526 - 9 -1502 13_internal_4742 13 111162028 111228907 156 157.539 0.978394 8.87824 0.00144974 0.242281 0.0149254 0.0134403
ENSG00000139832.3 13 111214080 111214080 - 9 0 13_internal_4742 13 111162028 111228907 156 154.614 1.09119 9.63779 1.04637e-06 0.38152 0.00497512 3.84297e-06
ENSG00000213995.6 13 111267881 111267881 + 9 -38974 13_internal_4742 13 111162028 111228907 156 142.274 1.02001 8.2431 0.0128737 0.195733 0.114428 0.129618
ENSG00000255831.1 13 111291555 111291555 + 9 526117 13_internal_4749 13 111817672 111866975 156 155.985 0.99197 8.11197 0.0340568 0.169016 0.268657 0.248476
ENSG00000153487.11 13 111365083 111365083 + 8 -490246 13_internal_4915 13 110765259 110874837 156 166.177 0.987399 8.21617 0.0712334 0.147281 0.40796 0.418004
ENSG00000134905.11 13 111365950 111365950 - 8 1108 13_internal_5626 13 111306574 111364842 156 126.765 1.18162 6.65074 2.80421e-07 0.401216 0.00497512 3.32062e-06
ENSG00000225239.1 13 111415480 111415480 - 6 990512 13_internal_4052 13 110408707 110424968 156 155.208 1.09473 7.07089 0.0838274 -0.136623 0.467662 0.421943
ENSG00000255874.1 13 111522162 111522162 - 5 -295510 13_internal_4749 13 111817672 111866975 156 143.157 0.999975 4.27864 0.0753308 0.142272 0.343284 0.327288
ENSG00000229152.1 13 111551519 111551519 - 5 186677 13_internal_5626 13 111306574 111364842 156 145.717 1.00005 4.66093 0.638982 -0.0362129 0.995025 0.992531
ENSG00000088448.9 13 111567416 111567416 - 5 692579 13_internal_4915 13 110765259 110874837 156 144.848 0.999974 3.96376 0.00457093 0.229389 0.0497512 0.0247053
ENSG00000102606.12 13 111766906 111766906 + 5 60863 13_internal_4110 13 111827769 111867451 156 173.626 0.999943 5.26435 0.192955 0.106161 0.636816 0.623948
ENSG00000153495.6 13 111968531 111968531 + 4 -101556 13_internal_4749 13 111817672 111866975 156 168.934 0.999969 4.69711 0.0846273 -0.133163 0.293532 0.298498
ENSG00000126216.8 13 113242481 113242481 - 8 -184578 13_internal_3963 13 113427059 113447143 156 162.17 0.972152 8.02695 0.370772 -0.0726638 0.970149 0.974093
ENSG00000197595.1 13 113301358 113301358 + 9 104721 13_internal_3979 13 113406079 113425053 156 157.295 1.01911 9.08605 0.00867061 -0.204414 0.0746269 0.0696938
ENSG00000068650.13 13 113344643 113344643 + 9 893965 13_internal_4209 13 114238608 114273196 156 183.193 0.872632 11.1672 0.00862437 -0.210523 0.0895522 0.0739719
ENSG00000237030.1 13 113351145 113351145 + 9 75914 13_internal_3963 13 113427059 113447143 156 180.146 1.02992 11.7024 0.126406 0.117812 0.696517 0.699277
ENSG00000264726.1 13 113372228 113372228 - 9 -691781 13_internal_6346 13 114064009 114217438 156 146.524 0.959316 7.68366 0.0729901 0.146978 0.472637 0.502324
ENSG00000232684.1 13 113409007 113409007 - 9 -137796 13_internal_4589 13 113546803 113584367 156 139.821 1.11375 8.55237 0.131665 0.116099 0.721393 0.723379
ENSG00000234603.2 13 113539551 113539551 + 10 -114498 13_internal_3979 13 113406079 113425053 156 145.488 1.11564 9.02181 0.124583 0.118073 0.726368 0.699124
ENSG00000126217.16 13 113548692 113548692 + 10 -134247 13_internal_4128 13 113365494 113414445 156 153.776 0.958552 8.64239 0.0121474 -0.199657 0.114428 0.117098
ENSG00000126231.8 13 113812968 113812968 + 11 -387915 13_internal_3979 13 113406079 113425053 156 151.567 1.05992 9.95643 0.122456 -0.120957 0.736318 0.723991
ENSG00000139842.10 13 113862552 113862552 + 13 376056 13_internal_4209 13 114238608 114273196 156 146.037 1.06632 12.5122 0.0652432 -0.144369 0.59204 0.592456
ENSG00000126226.15 13 113863029 113863029 - 13 -996450 13_internal_5002 13 114859479 114929817 156 144.589 1.28833 14.3095 0.175452 0.111239 0.930348 0.923969
ENSG00000185896.9 13 113951556 113951556 + 14 -19410 13_internal_4322 13 113926235 113932146 156 147.956 1.02278 12.8865 1.7245e-09 0.451354 0.00497512 3.94794e-08
ENSG00000139835.8 13 114018446 114018446 - 14 86300 13_internal_4322 13 113926235 113932146 156 189.714 0.874528 20.3508 3.12728e-06 0.358772 0.00497512 2.63209e-05
ENSG00000153531.7 13 114107839 114107839 - 14 693394 13_internal_4128 13 113365494 113414445 156 182.934 0.923849 16.9646 0.0794097 -0.13934 0.646766 0.66551
ENSG00000227608.1 13 114110944 114110944 + 14 0 13_internal_6346 13 114064009 114217438 156 150.394 0.91181 11.655 0.00733895 0.21369 0.119403 0.119837
ENSG00000233613.1 13 114123216 114123216 + 14 0 13_internal_6346 13 114064009 114217438 156 166.801 0.896547 13.5384 0.00165483 0.239985 0.0348259 0.0244863
ENSG00000202347.1 13 114133393 114133393 - 14 708340 13_internal_3979 13 113406079 113425053 156 162.429 0.988659 14.6006 0.00686028 -0.212073 0.0646766 0.0841235
ENSG00000150401.10 13 114145267 114145267 - 14 0 13_internal_6346 13 114064009 114217438 156 152.115 1.01681 12.3011 1.44695e-05 0.330579 0.00497512 0.000196482
ENSG00000150403.13 13 114145310 114145310 + 14 111402 13_internal_4078 13 114256712 114273023 156 151.186 0.988159 12.4272 0.00296646 0.229516 0.0497512 0.043793
ENSG00000198176.7 13 114239013 114239013 + 14 17699 13_internal_4078 13 114256712 114273023 156 179.948 0.949246 15.1483 0.0150251 0.199404 0.159204 0.144472
ENSG00000184497.8 13 114462216 114462216 + 11 365809 13_internal_4865 13 114828025 114901494 156 152.039 1.02732 10.1672 0.117047 -0.126021 0.726368 0.72367
ENSG00000233695.1 13 114518603 114518603 + 11 0 13_internal_5348 13 114427166 114520659 156 144.65 1.10214 10.1597 7.19611e-11 0.491877 0.00497512 4.69953e-10
ENSG00000183087.9 13 114567046 114567046 - 11 46387 13_internal_5348 13 114427166 114520659 156 180.07 0.994858 13.8956 9.43784e-09 0.435023 0.00497512 1.05332e-08
ENSG00000260910.1 13 114631817 114631817 - 10 111158 13_internal_5348 13 114427166 114520659 156 144.468 1.11066 9.16253 0.00979379 0.20802 0.0895522 0.0847818
ENSG00000232487.1 13 114874295 114874295 - 9 -52034 13_internal_4218 13 114926329 114933874 156 176.429 0.865286 9.71983 0.0278627 0.175651 0.228856 0.227783
ENSG00000185989.9 13 114898086 114898086 - 9 0 13_internal_5002 13 114859479 114929817 156 170.214 1.07014 10.6815 0.00465653 0.224177 0.0298507 0.0250765
ENSG00000130177.10 13 115000362 115000362 + 8 -70545 13_internal_5002 13 114859479 114929817 156 139.867 0.999972 6.4212 0.13214 0.116463 0.666667 0.658377
ENSG00000264539.1 13 115009980 115009980 + 8 -792542 13_internal_6346 13 114064009 114217438 156 151.414 0.994944 7.44503 0.159584 -0.11015 0.756219 0.742513
ENSG00000169062.9 13 115047059 115047059 + 8 -145565 13_internal_4865 13 114828025 114901494 156 149.388 1.07171 7.56416 0.000448137 -0.267831 0.00497512 0.00295975
ENSG00000198824.4 13 115079988 115079988 + 8 -806792 13_internal_4209 13 114238608 114273196 156 156.579 1.01975 7.67322 0.000370373 -0.282882 0.00995025 0.00244618
