ENSG00000223972.4 1 11869 11869 + 9 223653 1_internal_22329 1 235522 240764 156 172.042 0.830743 7.57292 0.00344377 0.228556 0.0447761 0.0339064
ENSG00000227232.3 1 29806 29806 - 9 -205716 1_internal_22329 1 235522 240764 156 144.818 1.09876 8.12092 0.224111 0.0984509 0.885572 0.877004
ENSG00000233750.3 1 131025 131025 + 11 802545 1_internal_17134 1 933570 1476905 156 151.308 1.00262 8.70442 0.090023 0.139414 0.587065 0.579504
ENSG00000238009.2 1 133566 133566 - 11 -101956 1_internal_22329 1 235522 240764 156 147.423 0.97012 7.96131 0.0769635 0.14499 0.517413 0.523382
ENSG00000268903.1 1 135895 135895 - 11 -858051 1_internal_17566 1 993946 1005509 156 160.464 0.948988 10.7061 0.00736929 -0.211525 0.0845771 0.0795462
ENSG00000237683.4 1 139697 139697 - 11 -95825 1_internal_22329 1 235522 240764 156 161.88 0.943692 10.9512 0.00403815 0.23043 0.0597015 0.0449956
ENSG00000239906.1 1 140339 140339 - 11 -95183 1_internal_22329 1 235522 240764 156 149.419 1.01268 10.5154 0.00349336 0.232379 0.0447761 0.042007
ENSG00000241860.1 1 149707 149707 - 12 -85815 1_internal_22329 1 235522 240764 156 171.676 0.920804 13.0662 0.00655589 0.217673 0.0696517 0.0714359
ENSG00000241599.1 1 160446 160446 + 12 75076 1_internal_22329 1 235522 240764 156 168.02 0.886521 11.5508 0.003737 0.230571 0.0547264 0.0461621
ENSG00000239368.1 1 173864 173864 - 12 -969456 1_internal_20394 1 1143320 1151110 156 137.521 1.08997 10.6154 0.00914685 0.212107 0.0945274 0.116023
ENSG00000228463.3 1 267253 267253 - 14 26489 1_internal_22329 1 235522 240764 156 164.653 1.1252 15.9673 0.000449488 0.283995 0.00497512 0.00242164
ENSG00000237094.4 1 317720 317720 + 14 395293 1_internal_26344 1 713013 773676 156 164.196 0.853823 11.1056 0.028118 0.17798 0.303483 0.306868
ENSG00000225630.1 1 565020 565020 + 17 640149 1_internal_23576 1 1205169 1262513 156 163.419 1.01978 18.2104 0.00984562 0.212148 0.149254 0.133567
ENSG00000237973.1 1 566454 566454 + 17 146517 1_internal_17009 1 712971 763351 156 161.149 0.92202 15.375 0.0193493 -0.186918 0.268657 0.27176
ENSG00000248527.1 1 569076 569076 + 17 636093 1_internal_23576 1 1205169 1262513 156 169.086 0.875774 16.7619 0.00661336 0.214874 0.119403 0.108865
ENSG00000198744.5 1 569756 569756 + 17 670160 1_internal_15992 1 1239916 1591646 156 155.665 0.934294 17.0736 0.0657005 -0.143404 0.711443 0.713479
ENSG00000224956.4 1 663527 663527 - 21 -270043 1_internal_17134 1 933570 1476905 156 141.223 1.09501 15.929 0.0039077 -0.230432 0.0696517 0.0707653
ENSG00000235373.1 1 685396 685396 - 21 -108097 1_internal_17408 1 793493 806008 156 168.964 1.10398 25.2718 0.0174553 0.186091 0.243781 0.243998
ENSG00000240618.1 1 700305 700305 - 22 -443015 1_internal_20394 1 1143320 1151110 156 139.775 1.07533 18.4483 0.0438446 -0.162888 0.641791 0.627135
ENSG00000228327.2 1 714006 714006 - 22 -279940 1_internal_17566 1 993946 1005509 156 138.755 1.06008 18.7508 0.00489578 -0.22212 0.119403 0.121034
ENSG00000237491.3 1 714162 714162 + 22 0 1_internal_17009 1 712971 763351 156 162.155 0.90991 20.1593 1.7196e-05 0.343705 0.00497512 0.000518293
ENSG00000269831.1 1 739137 739137 - 22 -54356 1_internal_17408 1 793493 806008 156 164.257 0.973561 22.5735 0.124054 0.121132 0.925373 0.938788
ENSG00000230092.3 1 745541 745541 - 22 0 1_internal_17009 1 712971 763351 156 147.408 1.14988 18.9745 4.3692e-05 0.330157 0.00497512 0.000468919
ENSG00000177757.1 1 752751 752751 + 22 0 1_internal_17009 1 712971 763351 156 147.499 1.01814 18.5822 0.000157918 0.301756 0.00995025 0.00399123
ENSG00000240453.1 1 753092 753092 - 22 0 1_internal_17009 1 712971 763351 156 168.645 1.04504 23.2953 2.5845e-05 0.326313 0.00497512 0.000192131
ENSG00000225880.4 1 762902 762902 - 22 0 1_internal_17009 1 712971 763351 156 166.481 0.874298 19.7502 5.08176e-06 0.360459 0.00497512 0.000176246
ENSG00000228794.3 1 762988 762988 + 22 0 1_internal_17009 1 712971 763351 156 147.621 1.01353 20.0712 0.000536298 0.275484 0.00497512 0.014211
ENSG00000187634.6 1 860260 860260 + 23 0 1_internal_19629 1 839016 897684 156 142.563 1.06897 18.6573 2.33928e-05 0.3282 0.00497512 0.000593443
ENSG00000188976.6 1 894689 894689 - 23 0 1_internal_19629 1 839016 897684 156 137.566 1.02991 16.7131 1.54259e-08 0.450523 0.00497512 1.21316e-06
ENSG00000187961.9 1 895967 895967 + 23 436171 1_internal_16925 1 1332138 1345174 156 165.278 0.982107 22.0936 0.0124144 0.199843 0.19403 0.207377
ENSG00000187583.5 1 901877 901877 + 23 -128201 1_internal_26344 1 713013 773676 156 136.348 1.06907 17.1306 0.0805063 0.137567 0.845771 0.825863
ENSG00000187642.5 1 917497 917497 - 23 -16073 1_internal_17134 1 933570 1476905 156 158.209 0.917512 20.3757 0.0386935 0.165253 0.552239 0.57834
ENSG00000188290.6 1 935552 935552 - 23 56831 1_internal_16697 1 857891 878721 156 179.811 0.913778 27.544 0.00158503 -0.247078 0.0298507 0.0275427
ENSG00000187608.5 1 948803 948803 + 23 0 1_internal_17256 1 947777 955468 156 162.018 0.92689 21.0936 3.3965e-11 0.504223 0.00497512 1.53542e-09
ENSG00000188157.9 1 955503 955503 + 23 -35 1_internal_17256 1 947777 955468 156 159.23 0.947307 20.4609 3.93321e-11 0.492085 0.00497512 1.59632e-09
ENSG00000242590.1 1 990413 990413 + 24 -34945 1_internal_17256 1 947777 955468 156 144.087 0.961823 19.2516 1.28469e-07 0.413037 0.00497512 1.18993e-05
ENSG00000217801.4 1 995114 995114 + 24 -39646 1_internal_17256 1 947777 955468 156 166.618 0.874389 20.7867 4.01331e-05 0.326113 0.00497512 0.00125176
ENSG00000131591.13 1 1051741 1051741 - 25 -493516 1_internal_20095 1 1545257 1550733 156 148.124 0.986168 19.2298 0.060924 0.148309 0.756219 0.74582
ENSG00000186827.6 1 1149518 1149518 - 29 386167 1_internal_17009 1 712971 763351 156 153.502 0.891299 24.8149 0.0230078 0.178644 0.517413 0.508959
ENSG00000078808.11 1 1167411 1167411 - 29 -426581 1_internal_16980 1 1593992 1661897 156 166.695 0.831715 24.9703 0.0393767 0.160087 0.626866 0.64752
ENSG00000176022.3 1 1167629 1167629 + 29 426363 1_internal_16980 1 1593992 1661897 156 138.115 0.991874 22.9756 0.00690095 -0.217018 0.233831 0.228479
ENSG00000184163.3 1 1182102 1182102 - 29 -888716 1_internal_16822 1 2070818 2092296 156 167.152 0.998956 32.8463 0.0017672 -0.245932 0.0547264 0.0390742
ENSG00000260179.1 1 1186714 1186714 - 29 307993 1_internal_16697 1 857891 878721 156 162.109 1.08531 30.8813 0.0314565 0.178629 0.537313 0.550045
ENSG00000160087.16 1 1209265 1209265 - 30 -122873 1_internal_16925 1 1332138 1345174 156 165.613 0.930647 26.7368 0.00606083 0.2171 0.144279 0.140213
ENSG00000230415.1 1 1210603 1210603 + 31 -447252 1_internal_17009 1 712971 763351 156 159.062 0.992568 31.332 0.0334645 -0.1639 0.631841 0.639494
ENSG00000162572.14 1 1214447 1214447 + 31 995106 1_internal_17868 1 2209553 2247721 156 164.394 0.941126 29.3878 0.011952 0.194045 0.273632 0.27935
ENSG00000169972.7 1 1243947 1243947 + 30 -437939 1_internal_17408 1 793493 806008 156 161.225 0.982792 29.2346 0.0231934 -0.17749 0.472637 0.470612
ENSG00000131584.13 1 1244989 1244989 - 30 -371359 1_internal_23754 1 1616348 1655289 156 153.532 0.978532 26.5105 0.00625908 0.203502 0.144279 0.170694
ENSG00000240731.1 1 1254069 1254069 - 30 -881177 1_internal_17429 1 2135246 2159209 156 151.521 0.994493 27.1092 0.00398625 -0.224003 0.129353 0.117851
ENSG00000127054.13 1 1260071 1260071 - 30 -762651 1_internal_17520 1 2022722 2045076 156 146.021 1.04812 26.3642 0.0219122 0.180491 0.512438 0.486305
ENSG00000224051.2 1 1260136 1260136 + 30 696302 1_internal_20863 1 1956438 1983366 156 155.848 0.987387 28.5201 0.0575726 -0.148446 0.825871 0.819802
ENSG00000169962.4 1 1266694 1266694 + 30 -115584 1_internal_20394 1 1143320 1151110 156 168.614 1.07169 37.8173 0.0264099 0.165692 0.517413 0.518521
ENSG00000107404.13 1 1284730 1284730 - 30 -671708 1_internal_20863 1 1956438 1983366 156 141.512 1.05682 22.8803 0.00143447 -0.255498 0.0447761 0.044292
ENSG00000162576.11 1 1297157 1297157 - 30 171800 1_internal_17409 1 1108380 1125357 156 155.634 1.03584 31.832 0.00650465 0.205778 0.179104 0.17592
ENSG00000175756.9 1 1310875 1310875 - 30 185518 1_internal_17409 1 1108380 1125357 156 133.941 1.21111 25.4702 0.0466618 -0.155982 0.791045 0.762354
ENSG00000221978.7 1 1334708 1334708 - 30 0 1_internal_16925 1 1332138 1345174 156 152.298 1.06916 28.9948 0.00726941 0.212491 0.179104 0.181624
ENSG00000224870.3 1 1334902 1334902 + 30 -379434 1_internal_17256 1 947777 955468 156 163.145 1.12863 34.4079 0.0108439 0.193881 0.21393 0.219083
ENSG00000264293.1 1 1341132 1341132 - 30 -615306 1_internal_20863 1 1956438 1983366 156 189.043 0.771643 35.7976 1.45532e-06 0.368893 0.00497512 7.4423e-05
ENSG00000242485.1 1 1342693 1342693 - 31 -613745 1_internal_20863 1 1956438 1983366 156 149.099 1.1127 28.2318 0.0130829 0.188434 0.338308 0.30163
ENSG00000160072.13 1 1407143 1407143 + 31 -633467 1_internal_26344 1 713013 773676 156 137.917 0.935145 18.8064 0.0135244 0.193855 0.338308 0.350631
ENSG00000197785.9 1 1447531 1447531 + 31 0 1_internal_17134 1 933570 1476905 156 164.013 1.08059 33.0031 0.00568918 -0.220818 0.124378 0.116134
ENSG00000215791.2 1 1499904 1499904 - 31 -94088 1_internal_16980 1 1593992 1661897 156 147.926 1.10784 30.5135 0.0160364 0.185288 0.402985 0.393283
ENSG00000160075.9 1 1510249 1510249 - 32 -83743 1_internal_16980 1 1593992 1661897 156 175.774 0.863901 31.0881 0.0857548 0.13385 0.900498 0.912427
ENSG00000215014.3 1 1510355 1510355 + 32 -33450 1_internal_17134 1 933570 1476905 156 174.251 0.877662 37.0863 0.0340986 0.162955 0.61194 0.664551
ENSG00000228594.1 1 1535476 1535476 - 32 0 1_internal_16675 1 1532645 1544087 156 142.7 1.10078 26.4769 0.00167372 0.251228 0.0497512 0.0496616
ENSG00000197530.8 1 1550795 1550795 + 32 0 1_internal_15992 1 1239916 1591646 156 149.068 1.01906 28.44 0.0895139 0.132119 0.945274 0.943066
ENSG00000248333.3 1 1590473 1590473 - 33 -25875 1_internal_23754 1 1616348 1655289 156 165.278 0.996918 34.3058 3.79046e-10 0.466328 0.00497512 4.17279e-09
ENSG00000269737.1 1 1603429 1603429 + 33 -59342 1_internal_16675 1 1532645 1544087 156 154.492 0.977675 31.6548 0.009168 0.200763 0.268657 0.271029
ENSG00000269227.1 1 1604714 1604714 + 33 0 1_internal_16980 1 1593992 1661897 156 143.477 1.04958 26.8501 0.020241 0.176713 0.457711 0.48355
ENSG00000189339.7 1 1624167 1624167 - 33 0 1_internal_23754 1 1616348 1655289 156 133.864 1.0463 21.4608 4.34912e-07 0.363332 0.00497512 3.86381e-05
ENSG00000008128.17 1 1655777 1655777 - 33 0 1_internal_16733 1 1654706 1678203 156 156.289 1.03736 36.4773 2.86659e-10 0.469545 0.00497512 4.98108e-09
ENSG00000227775.3 1 1655951 1655951 + 33 0 1_internal_16980 1 1593992 1661897 156 148.535 0.944009 27.6855 4.13956e-07 0.358128 0.00497512 4.04437e-05
ENSG00000268575.1 1 1669127 1669127 - 33 0 1_internal_16733 1 1654706 1678203 156 138.389 1.13153 30.4454 2.40876e-08 0.421676 0.00497512 8.45411e-07
ENSG00000215790.2 1 1677431 1677431 - 33 0 1_internal_16733 1 1654706 1678203 156 132.128 1.08562 22.9245 1.00187e-15 0.573107 0.00497512 3.52265e-13
ENSG00000008130.11 1 1711896 1711896 - 33 756428 1_internal_17256 1 947777 955468 156 160.098 1.02394 29.6381 0.00577195 0.204666 0.134328 0.134553
ENSG00000078369.11 1 1822502 1822502 - 30 -684234 1_internal_16857 1 2506736 2524906 156 150.074 0.912457 20.4767 0.0111266 -0.208898 0.278607 0.270556
ENSG00000231050.1 1 1822910 1822910 + 30 519736 1_internal_18661 1 2342646 2493657 156 150.287 1.01503 23.7925 0.0197187 0.188335 0.368159 0.405343
ENSG00000169885.5 1 1846266 1846266 + 30 -890798 1_internal_17256 1 947777 955468 156 148.352 1.02236 25.7347 0.0453988 -0.157228 0.746269 0.732548
ENSG00000067606.11 1 1981909 1981909 + 27 -390263 1_internal_15992 1 1239916 1591646 156 152.374 1.22454 28.2739 0.00549675 0.217699 0.079602 0.0950268
ENSG00000182873.4 1 2115828 2115828 - 25 70752 1_internal_17520 1 2022722 2045076 156 153.121 0.88602 19.0087 7.71128e-05 0.308385 0.00995025 0.00367778
ENSG00000269554.1 1 2121237 2121237 + 25 0 1_internal_18050 1 2104785 2127801 156 147.484 1.07302 22.1581 2.04916e-11 0.512615 0.00497512 3.52634e-10
ENSG00000162585.11 1 2144159 2144159 - 24 16358 1_internal_18050 1 2104785 2127801 156 170.198 0.954177 24.7425 9.72106e-05 0.313345 0.00497512 0.00160312
ENSG00000203301.2 1 2145620 2145620 - 24 800446 1_internal_16925 1 1332138 1345174 156 142.838 0.994259 16.8701 0.067042 0.14252 0.756219 0.755789
ENSG00000157933.9 1 2160134 2160134 + 23 37048 1_internal_20528 1 2197182 2235135 156 181.761 0.918662 31.0598 0.00127303 0.24888 0.039801 0.0224779
ENSG00000178642.5 1 2316811 2316811 + 22 -333445 1_internal_20863 1 1956438 1983366 156 172.468 0.926246 23.3903 0.0344698 0.164895 0.512438 0.498586
ENSG00000116151.8 1 2323146 2323146 - 22 977972 1_internal_16925 1 1332138 1345174 156 154.05 0.940884 20.2 0.01934 -0.183757 0.338308 0.365338
ENSG00000157916.13 1 2323267 2323267 + 22 -195466 1_internal_18050 1 2104785 2127801 156 155.208 0.892972 23.0234 0.00655426 0.214195 0.199005 0.182799
ENSG00000157911.5 1 2345236 2345236 - 21 -238221 1_internal_17255 1 2583457 2629552 156 133.727 1.09025 15.5491 0.0284652 -0.169581 0.487562 0.449793
ENSG00000149527.11 1 2398898 2398898 + 21 -848165 1_internal_20095 1 1545257 1550733 156 150.668 1.02403 19.7394 0.00818148 0.209349 0.154229 0.160878
ENSG00000224387.1 1 2424697 2424697 - 22 -82039 1_internal_16857 1 2506736 2524906 156 163.191 0.99089 25.1577 0.0480805 0.154345 0.681592 0.674349
ENSG00000157881.8 1 2458039 2458039 - 22 866393 1_internal_15992 1 1239916 1591646 156 171.493 0.892998 25.517 0.0604358 0.147 0.721393 0.760543
ENSG00000157873.12 1 2487078 2487078 + 21 -503712 1_internal_20863 1 1956438 1983366 156 154.507 0.975994 20.4306 0.0399193 -0.165504 0.61194 0.584689
ENSG00000238164.2 1 2488470 2488470 - 21 -929875 1_internal_26239 1 3418345 3529116 156 177.023 0.950687 27.5655 0.000872969 -0.259503 0.0248756 0.0136513
ENSG00000225931.2 1 2497849 2497849 + 21 8887 1_internal_16857 1 2506736 2524906 156 136.789 1.04733 16.431 7.18463e-05 0.311051 0.00497512 0.00247816
ENSG00000228037.1 1 2512999 2512999 + 21 0 1_internal_16857 1 2506736 2524906 156 146.57 0.997664 19.1731 0.00581288 0.222894 0.0995025 0.135367
ENSG00000157870.10 1 2517930 2517930 + 21 0 1_internal_16857 1 2506736 2524906 156 184.504 0.870928 22.9722 1.19716e-34 0.807921 0.00497512 2.55161e-34
ENSG00000142606.11 1 2564481 2564481 - 20 39575 1_internal_16857 1 2506736 2524906 156 139.623 1.11718 16.1747 9.04973e-28 0.74009 0.00497512 1.54936e-26
ENSG00000215912.7 1 2718286 2718286 - 17 483151 1_internal_20528 1 2197182 2235135 156 173.154 0.908528 17.3235 0.0932826 0.133368 0.781095 0.780584
ENSG00000162591.10 1 3528059 3528059 - 5 0 1_internal_26239 1 3418345 3529116 156 152.923 0.99995 5.00967 5.73914e-07 0.382163 0.00497512 3.71874e-06
ENSG00000158109.9 1 3541566 3541566 + 5 0 1_internal_22075 1 3534701 3548421 156 147.85 1.00003 4.32108 1.19634e-07 0.397442 0.00497512 1.10457e-06
ENSG00000078900.9 1 3569084 3569084 + 5 11257 1_internal_24804 1 3580341 3661132 156 154.324 1.00006 4.73518 0.0178117 0.178714 0.079602 0.0843368
ENSG00000116213.10 1 3569325 3569325 - 5 -11016 1_internal_24804 1 3580341 3661132 156 156.548 0.999939 4.62326 0.000165341 0.290249 0.00497512 0.000744479
ENSG00000227372.5 1 3663900 3663900 - 4 2768 1_internal_24804 1 3580341 3661132 156 159.321 1.00003 4.37253 0.000479961 0.266266 0.0149254 0.00182379
ENSG00000235169.3 1 3689352 3689352 + 4 0 1_internal_25278 1 3687714 3823336 156 153.761 0.999972 3.56858 8.34343e-06 0.33653 0.00497512 3.45902e-05
ENSG00000266075.1 1 3699379 3699379 + 4 -150958 1_internal_22075 1 3534701 3548421 156 158.407 1.00002 4.15821 8.3409e-06 -0.350242 0.00497512 2.9525e-05
ENSG00000130764.5 1 3713068 3713068 - 4 164647 1_internal_22075 1 3534701 3548421 156 152.435 0.999973 3.95101 0.176073 -0.111302 0.542289 0.545908
ENSG00000116198.8 1 3773778 3773778 - 4 0 1_internal_25278 1 3687714 3823336 156 147.53 0.999996 3.59929 3.46583e-16 0.557597 0.00497512 7.8452e-15
ENSG00000169598.11 1 3773845 3773845 + 4 0 1_internal_25278 1 3687714 3823336 156 149.708 0.999979 3.58405 1.37565e-07 0.397813 0.00497512 8.81613e-07
ENSG00000264428.1 1 3800628 3800628 + 5 -252207 1_internal_22075 1 3534701 3548421 156 154.416 0.999965 4.92401 0.213624 0.0985188 0.646766 0.698233
ENSG00000198912.6 1 3816857 3816857 - 5 0 1_internal_25278 1 3687714 3823336 156 152.527 1.00002 4.75567 0.00411599 0.223144 0.0348259 0.0214767
ENSG00000236423.1 1 3816936 3816936 + 5 -268515 1_internal_22075 1 3534701 3548421 156 151.399 1.00005 5.21319 0.255725 -0.094179 0.81592 0.796068
ENSG00000069424.9 1 6051526 6051526 + 6 12634 1_internal_18187 1 6064160 6070113 156 132.676 1.00001 5.09809 0.00714978 0.210625 0.0348259 0.0652216
ENSG00000131697.13 1 6052533 6052533 - 6 0 1_internal_24934 1 6034925 6076254 156 173.87 0.964563 6.10413 0.000329599 -0.287994 0.00995025 0.00118448
ENSG00000268332.1 1 6101399 6101399 - 6 31286 1_internal_18187 1 6064160 6070113 156 126.811 0.999934 4.59687 0.19689 0.103779 0.746269 0.724947
ENSG00000116254.13 1 6240183 6240183 - 6 0 1_internal_21989 1 6230094 6246271 156 160.829 1.04114 6.5838 0.0161625 -0.186623 0.109453 0.0824849
ENSG00000158286.8 1 6265535 6265535 + 6 -189281 1_internal_24934 1 6034925 6076254 156 182.477 0.898081 6.0051 0.106946 -0.127629 0.432836 0.447971
ENSG00000116251.5 1 6269449 6269449 - 6 193195 1_internal_24934 1 6034925 6076254 156 162.734 1.00979 7.11677 0.10782 -0.123528 0.502488 0.52493
ENSG00000116237.10 1 6296032 6296032 - 6 219778 1_internal_24934 1 6034925 6076254 156 168.386 0.999658 7.14203 0.272604 -0.0894295 0.875622 0.877094
ENSG00000158292.6 1 6321035 6321035 - 6 250922 1_internal_18187 1 6064160 6070113 156 160.007 1.02062 6.205 0.129193 -0.119682 0.562189 0.552356
ENSG00000097021.14 1 6454451 6454451 - 6 384338 1_internal_18187 1 6064160 6070113 156 150.409 1.00409 5.96348 0.282094 0.0851839 0.865672 0.870498
ENSG00000187017.10 1 6484848 6484848 + 6 0 1_internal_21138 1 6478993 6558659 156 164.364 0.997538 5.51576 0.214761 0.0974661 0.721393 0.714462
ENSG00000215788.5 1 6526255 6526255 - 6 450001 1_internal_24934 1 6034925 6076254 156 177.1 0.958647 7.12819 0.483986 0.058127 1 0.987947
ENSG00000171680.16 1 6580121 6580121 - 6 510008 1_internal_18187 1 6064160 6070113 156 145.412 1.0278 6.10433 0.213853 0.0960115 0.791045 0.789797
ENSG00000253022.1 1 6600914 6600914 + 6 373755 1_internal_17349 1 6974669 7024002 156 149.586 1.02611 5.93264 0.0916176 -0.137876 0.447761 0.44776
ENSG00000229519.2 1 6607965 6607965 + 6 -49306 1_internal_21138 1 6478993 6558659 156 211.103 0.873707 7.53371 0.0436009 0.162992 0.164179 0.178831
ENSG00000162408.10 1 6614595 6614595 - 6 544482 1_internal_18187 1 6064160 6070113 156 150.942 1.00001 5.01172 0.0412044 -0.161837 0.189055 0.204582
ENSG00000173662.15 1 6615241 6615241 + 6 -368970 1_internal_21989 1 6230094 6246271 156 144.117 1.12943 6.49457 0.0834166 -0.137109 0.447761 0.423881
ENSG00000204859.7 1 6640061 6640061 + 6 -393790 1_internal_21989 1 6230094 6246271 156 150.516 0.999944 5.1892 0.141908 -0.115588 0.537313 0.56748
ENSG00000116273.5 1 6673745 6673745 + 6 -603632 1_internal_18187 1 6064160 6070113 156 132.371 1.13886 6.30412 0.0833714 -0.137717 0.492537 0.462518
ENSG00000162413.12 1 6674667 6674667 - 6 604554 1_internal_18187 1 6064160 6070113 156 160.799 1.05097 6.23194 0.0474736 -0.155804 0.223881 0.224978
ENSG00000041988.10 1 6684926 6684926 + 6 -608672 1_internal_24934 1 6034925 6076254 156 120.656 1.00008 4.17367 0.266988 -0.0880575 0.825871 0.811051
ENSG00000007923.11 1 6761984 6761984 - 6 685730 1_internal_24934 1 6034925 6076254 156 165.674 0.885193 5.48827 0.293166 -0.0855986 0.845771 0.859594
ENSG00000237436.1 1 6844903 6844903 - 6 768649 1_internal_24934 1 6034925 6076254 156 143.401 1.03824 5.70478 0.179657 -0.109272 0.701493 0.703525
ENSG00000171735.13 1 6845384 6845384 + 6 -286725 1_internal_21138 1 6478993 6558659 156 161.256 0.96122 6.80161 0.253324 0.0919277 0.875622 0.861046
ENSG00000227950.1 1 6894678 6894678 - 7 336019 1_internal_21138 1 6478993 6558659 156 137.902 1.12166 6.47147 0.0350945 0.169486 0.238806 0.222328
ENSG00000049245.8 1 7831329 7831329 + 11 652592 1_internal_16953 1 8483921 8691162 156 170.336 0.91918 10.4835 0.0140375 0.193432 0.139303 0.126497
ENSG00000049246.9 1 7844380 7844380 + 11 42462 1_internal_19687 1 7886842 7892155 156 144.529 1.13791 10.1212 9.63523e-19 0.639474 0.00497512 1.15067e-18
ENSG00000236266.1 1 7887402 7887402 - 11 0 1_internal_19687 1 7886842 7892155 156 178.973 0.914533 11.7897 0.00232349 0.245538 0.0348259 0.0193334
ENSG00000049247.9 1 7913572 7913572 - 11 21417 1_internal_19687 1 7886842 7892155 156 134.855 1.20828 10.876 6.5126e-11 0.500584 0.00497512 2.90988e-10
ENSG00000049249.4 1 8000926 8000926 - 12 108771 1_internal_19687 1 7886842 7892155 156 159.809 0.955484 11.0423 0.0356627 0.169859 0.338308 0.334274
ENSG00000116288.8 1 8014351 8014351 + 12 502141 1_internal_19083 1 8516492 8588258 156 155.132 0.981477 10.4553 0.0243794 -0.172902 0.243781 0.238505
ENSG00000200344.1 1 8043043 8043043 - 13 -979282 1_internal_19250 1 9022325 9130890 156 155.878 0.961443 11.3749 0.0181245 0.188406 0.199005 0.20331
ENSG00000225820.1 1 8066784 8066784 - 14 -97572 1_internal_25600 1 8164356 8375947 156 157.356 0.974184 11.7771 0.010421 0.200025 0.134328 0.120197
ENSG00000116285.8 1 8086368 8086368 - 14 -77988 1_internal_25600 1 8164356 8375947 156 142.106 1.0612 11.8133 4.4203e-08 0.42376 0.00497512 9.11534e-07
ENSG00000162426.10 1 8377886 8377886 + 19 106035 1_internal_16953 1 8483921 8691162 156 146.128 0.978751 16.5527 0.0528703 -0.157164 0.626866 0.655925
ENSG00000232912.1 1 8484705 8484705 + 20 71902 1_internal_18577 1 8556607 8588566 156 172.636 0.994531 22.9698 0.0061055 0.218648 0.0845771 0.0874863
ENSG00000234619.1 1 8810489 8810489 + 21 308030 1_internal_16445 1 9118519 9122793 156 153.029 1.12457 21.3161 0.00231061 -0.248904 0.0199005 0.0347891
ENSG00000224315.2 1 8846972 8846972 - 21 -183341 1_internal_17175 1 9030313 9049381 156 134.245 1.14234 15.7069 0.010541 -0.202943 0.199005 0.189975
ENSG00000222511.1 1 8856731 8856731 - 21 -399087 1_internal_16371 1 9255818 9264474 156 161.804 1.06253 22.6305 0.00654325 -0.214314 0.124378 0.10223
ENSG00000226545.1 1 8858534 8858534 + 21 184735 1_internal_21152 1 9043269 9071867 156 143.706 1.02952 18.6485 0.0187418 0.184703 0.378109 0.351415
ENSG00000228423.1 1 8865919 8865919 + 21 389899 1_internal_16371 1 9255818 9264474 156 166.39 1.08422 25.6142 0.12873 -0.125439 0.945274 0.9512
ENSG00000142599.13 1 8877702 8877702 - 21 403765 1_internal_16129 1 8428778 8473937 156 158.422 0.959569 20.1205 4.11034e-07 0.396077 0.00497512 1.10547e-05
ENSG00000236269.1 1 8938066 8938066 - 21 -502073 1_internal_18833 1 9440139 9499979 156 151.125 1.05109 19.6497 0.064522 0.144636 0.751244 0.736781
ENSG00000230679.1 1 8938894 8938894 + 21 -464957 1_internal_16129 1 8428778 8473937 156 172.499 0.929779 21.3662 0.0709096 -0.146951 0.736318 0.743284
ENSG00000074800.8 1 8939308 8939308 - 21 465371 1_internal_16129 1 8428778 8473937 156 172.027 0.972139 21.5942 8.75202e-09 -0.441065 0.00497512 5.35482e-08
ENSG00000131686.8 1 9005922 9005922 + 21 -314760 1_internal_16953 1 8483921 8691162 156 148.642 1.02119 19.4132 0.275253 -0.0859621 1 0.998517
ENSG00000142583.12 1 9148537 9148537 - 22 17647 1_internal_19250 1 9022325 9130890 156 158.422 1.0349 23.0239 2.40341e-15 0.591049 0.00497512 1.12533e-14
ENSG00000180758.10 1 9189229 9189229 - 22 813282 1_internal_25600 1 8164356 8375947 156 151.14 0.991469 18.8651 0.00246841 0.230102 0.0646766 0.0546069
ENSG00000049239.7 1 9294863 9294863 + 24 37103 1_internal_17422 1 9331966 9351281 156 162.002 0.92436 21.3779 0.0324384 0.168221 0.542289 0.507259
ENSG00000171621.9 1 9352939 9352939 + 24 -1658 1_internal_17422 1 9331966 9351281 156 156.32 1.06727 26.2582 5.16937e-13 0.535917 0.00497512 2.31166e-12
ENSG00000171612.5 1 9599541 9599541 + 21 -550160 1_internal_17175 1 9030313 9049381 156 153.425 1.11049 21.7385 0.0495446 0.161186 0.656716 0.63976
ENSG00000231181.1 1 9636485 9636485 + 21 -945597 1_internal_17594 1 8662371 8690888 156 157.904 0.981085 19.1208 0.0171519 0.188027 0.273632 0.280771
ENSG00000188807.8 1 9648932 9648932 + 21 -958044 1_internal_17594 1 8662371 8690888 156 181.868 0.91141 24.9092 0.071969 0.14469 0.781095 0.76623
ENSG00000171608.11 1 9711790 9711790 + 18 494892 1_internal_17938 1 10206682 10484929 156 167.121 0.844883 16.2858 0.00128698 0.236721 0.039801 0.0285412
ENSG00000179840.5 1 9714644 9714644 - 18 -594783 1_internal_19605 1 10309427 10318453 156 153.898 0.998581 16.6976 0.0154085 -0.198025 0.233831 0.238247
ENSG00000233268.2 1 9722633 9722633 - 18 -586794 1_internal_19605 1 10309427 10318453 156 148.337 1.05354 15.3209 0.0991974 -0.134453 0.820896 0.812211
ENSG00000231789.1 1 9747632 9747632 - 19 -561795 1_internal_19605 1 10309427 10318453 156 145.823 1.13331 17.1123 0.0267883 -0.180028 0.393035 0.368472
ENSG00000171603.11 1 9884584 9884584 - 19 -424843 1_internal_19605 1 10309427 10318453 156 168.812 0.915544 19.1414 0.0387456 0.164188 0.507463 0.500111
ENSG00000223989.1 1 9908376 9908376 + 19 298306 1_internal_17938 1 10206682 10484929 156 164.242 1.15046 24.9254 0.0296067 -0.160995 0.432836 0.40681
ENSG00000234374.1 1 9961518 9961518 + 19 -830628 1_internal_19250 1 9022325 9130890 156 160.875 0.925877 17.1057 0.0435334 0.165478 0.552239 0.541458
ENSG00000178585.10 1 9970394 9970394 - 19 -236288 1_internal_17938 1 10206682 10484929 156 164.684 0.959565 20.3451 0.109941 -0.119388 0.890547 0.891608
ENSG00000228150.1 1 10002981 10002981 + 19 -931114 1_internal_21152 1 9043269 9071867 156 136.226 1.09808 15.8191 0.0367281 0.16249 0.547264 0.519348
ENSG00000162441.6 1 10003465 10003465 - 19 931598 1_internal_21152 1 9043269 9071867 156 164.181 0.870188 17.4185 0.131735 0.121987 0.930348 0.917554
ENSG00000173614.9 1 10003486 10003486 + 19 -658728 1_internal_20348 1 9313901 9344758 156 154.294 1.03375 16.3037 0.00078114 0.2609 0.00995025 0.0115423
ENSG00000202415.1 1 10007376 10007376 + 19 -507397 1_internal_18833 1 9440139 9499979 156 150.18 1.1025 18.594 0.0394949 -0.162082 0.552239 0.515591
ENSG00000241326.1 1 10043199 10043199 + 19 -698441 1_internal_20348 1 9313901 9344758 156 147.149 1.11034 17.438 0.000267897 0.296161 0.00497512 0.00384745
ENSG00000162444.10 1 10057264 10057264 + 17 -436815 1_internal_18876 1 9615905 9620449 156 144.132 1.0955 15.079 0.0161722 0.194156 0.233831 0.232177
ENSG00000130939.13 1 10092890 10092890 + 16 113792 1_internal_17938 1 10206682 10484929 156 152.45 0.89028 12.8751 0.116637 0.129342 0.830846 0.838964
ENSG00000224340.1 1 10114839 10114839 - 16 850365 1_internal_16371 1 9255818 9264474 156 156.533 0.993141 16.7027 0.103499 -0.132692 0.840796 0.838665
ENSG00000233623.2 1 10118729 10118729 + 16 87953 1_internal_17938 1 10206682 10484929 156 184.351 0.902341 21.8212 0.00393603 -0.228272 0.0597015 0.0526669
ENSG00000201746.1 1 10223326 10223326 + 13 47723 1_internal_23171 1 10271049 10361300 156 149.541 1.08343 12.2052 0.00169638 0.248759 0.0149254 0.0182116
ENSG00000054523.12 1 10270863 10270863 + 12 186 1_internal_23171 1 10271049 10361300 156 160.677 0.994348 11.8664 7.61401e-20 0.656021 0.00497512 3.25615e-19
ENSG00000264881.1 1 10287776 10287776 + 12 0 1_internal_23171 1 10271049 10361300 156 147.225 0.997947 11.8348 0.000789488 0.263833 0.0298507 0.0132161
ENSG00000199562.1 1 10359024 10359024 + 11 -40571 1_internal_19605 1 10309427 10318453 156 157.28 1.13303 12.3089 0.0118891 0.20428 0.0945274 0.0967676
ENSG00000264501.1 1 10366523 10366523 + 11 -5223 1_internal_23171 1 10271049 10361300 156 162.17 1.03518 13.2214 5.75237e-05 0.311817 0.00497512 0.000410203
ENSG00000265945.1 1 10450059 10450059 + 11 -88759 1_internal_23171 1 10271049 10361300 156 188.617 0.86273 12.8436 0.00882493 0.209874 0.0995025 0.0787412
ENSG00000142657.16 1 10458649 10458649 + 11 0 1_internal_16930 1 10436815 10491912 156 166.131 0.811899 8.81329 0.01213 0.204625 0.154229 0.138491
ENSG00000251503.2 1 10490159 10490159 + 11 -316531 1_internal_24218 1 10115020 10173628 156 169.482 1.0364 15.4716 0.0656462 -0.147352 0.572139 0.567023
ENSG00000175279.15 1 10490500 10490500 + 11 -316872 1_internal_24218 1 10115020 10173628 156 156.107 0.947434 9.98399 0.0242279 -0.180319 0.233831 0.238785
ENSG00000241563.2 1 10509776 10509776 + 10 -336148 1_internal_24218 1 10115020 10173628 156 152.283 0.973931 9.17707 0.0720748 -0.140408 0.527363 0.525889
ENSG00000203469.2 1 10518612 10518612 + 10 836079 1_internal_22355 1 11354691 11445046 156 149.007 1.03724 10.4328 0.0562907 0.145634 0.477612 0.470543
ENSG00000142655.8 1 10532345 10532345 + 10 -213875 1_internal_16045 1 10263522 10318470 156 142.99 1.06675 8.6624 0.00151895 -0.240937 0.0248756 0.0155098
ENSG00000160049.7 1 10532583 10532583 - 10 -197735 1_internal_19758 1 10730318 10754065 156 165.72 0.955923 9.62551 0.0168592 0.192221 0.154229 0.138913
ENSG00000243267.2 1 10676893 10676893 + 9 -358423 1_internal_16045 1 10263522 10318470 156 171.981 1.03718 11.8849 0.222657 -0.101284 0.925373 0.925234
ENSG00000130940.9 1 10856707 10856707 - 10 102642 1_internal_19758 1 10730318 10754065 156 168.782 0.939913 9.82758 6.87809e-05 0.314438 0.00497512 0.000561358
ENSG00000175262.9 1 11042094 11042094 - 14 -772271 1_internal_17294 1 11814365 11846020 156 158.91 1.03608 13.9755 0.0400649 -0.15624 0.40796 0.403073
ENSG00000120948.10 1 11072414 11072414 + 14 -711114 1_internal_23171 1 10271049 10361300 156 175.454 0.911519 16.142 0.00730028 -0.20851 0.114428 0.0903801
ENSG00000009724.12 1 11107290 11107290 - 14 788837 1_internal_19605 1 10309427 10318453 156 137.612 1.09985 13.1075 0.228595 -0.093676 0.945274 0.975824
ENSG00000116649.5 1 11120081 11120081 - 14 635152 1_internal_17938 1 10206682 10484929 156 141.588 1.10969 11.8059 0.0868952 -0.138624 0.691542 0.68367
ENSG00000226849.1 1 11128528 11128528 + 14 -643599 1_internal_17938 1 10206682 10484929 156 176.505 0.927192 14.5285 0.00591633 -0.216532 0.0497512 0.0619257
ENSG00000230337.1 1 11159732 11159732 + 14 805259 1_internal_18144 1 11964991 12083115 156 167.106 0.937426 13.23 0.10433 0.12623 0.731343 0.74604
ENSG00000171824.9 1 11159938 11159938 - 14 798638 1_internal_23171 1 10271049 10361300 156 136.896 1.07027 10.5755 0.00644745 -0.21613 0.079602 0.0898549
ENSG00000225602.1 1 11203955 11203955 + 15 -885502 1_internal_19605 1 10309427 10318453 156 137.673 1.04716 12.0957 0.0527551 0.150323 0.547264 0.557401
ENSG00000253086.1 1 11212407 11212407 + 15 -458342 1_internal_19758 1 10730318 10754065 156 183.742 0.85275 16.8263 0.0650747 -0.148784 0.59204 0.610775
ENSG00000238547.1 1 11229670 11229670 - 15 -807897 1_internal_26498 1 12037567 12099745 156 154.08 0.974184 15.5089 0.11001 -0.128636 0.860697 0.8483
ENSG00000171819.4 1 11249398 11249398 + 15 -888098 1_internal_23171 1 10271049 10361300 156 152.786 1.04297 13.165 0.0309716 -0.169317 0.353234 0.33514
ENSG00000238173.1 1 11293020 11293020 + 15 897368 1_internal_17975 1 12190388 12251442 156 169.315 0.950372 16.748 0.0435061 0.16427 0.467662 0.477647
ENSG00000198793.8 1 11322564 11322564 - 13 -690451 1_internal_21257 1 12013015 12022496 156 153.364 1.00135 12.5332 0.0481477 0.159005 0.472637 0.47416
ENSG00000120942.8 1 11333263 11333263 + 13 851358 1_internal_15906 1 12184621 12260462 156 177.389 0.877332 16.6078 0.00451753 0.221052 0.0547264 0.0619975
ENSG00000238199.1 1 11339408 11339408 - 13 -474957 1_internal_17294 1 11814365 11846020 156 171.097 1.00759 17.7447 0.0112413 -0.19189 0.139303 0.129278
ENSG00000132879.9 1 11714432 11714432 + 11 946463 1_internal_21782 1 12660895 12695180 156 142.457 0.947214 7.98331 0.124538 -0.120129 0.701493 0.725095
ENSG00000116661.9 1 11715842 11715842 - 11 -297173 1_internal_21257 1 12013015 12022496 156 156.457 0.982534 10.2502 0.0786181 -0.143449 0.567164 0.573698
ENSG00000116663.6 1 11724181 11724181 + 11 90184 1_internal_17294 1 11814365 11846020 156 157.6 0.977309 10.8242 0.0349181 0.164973 0.288557 0.322781
ENSG00000116670.9 1 11751707 11751707 - 12 306661 1_internal_22355 1 11354691 11445046 156 137.186 0.939143 8.49918 0.000289632 -0.284616 0.0149254 0.00804266
ENSG00000162490.6 1 11751786 11751786 + 12 285781 1_internal_26498 1 12037567 12099745 156 142.182 0.979998 9.84283 0.152377 -0.112497 0.845771 0.848419
ENSG00000177674.10 1 11796141 11796141 + 11 18224 1_internal_17294 1 11814365 11846020 156 165.125 0.938173 11.7603 0.0217279 -0.172514 0.20398 0.219275
ENSG00000215910.3 1 11821844 11821844 + 11 39394 1_internal_16111 1 11861238 11876667 156 151.003 1.0308 10.0889 8.31861e-11 0.467637 0.00497512 8.9045e-10
ENSG00000011021.17 1 11866207 11866207 + 11 0 1_internal_16111 1 11861238 11876667 156 170.122 1.01448 12.7443 1.42587e-11 0.496583 0.00497512 1.52969e-11
ENSG00000177000.6 1 11866977 11866977 - 11 0 1_internal_16111 1 11861238 11876667 156 144.178 1.01966 8.97011 1.07546e-11 0.491468 0.00497512 3.78884e-10
ENSG00000236997.1 1 11883337 11883337 - 11 6670 1_internal_16111 1 11861238 11876667 156 176.505 0.915744 12.0583 0.00218517 0.241767 0.0248756 0.0198166
ENSG00000242349.1 1 11901074 11901074 + 11 -24407 1_internal_16111 1 11861238 11876667 156 153.121 1.09549 12.141 7.98721e-07 0.376625 0.00497512 4.00317e-06
ENSG00000175206.6 1 11908402 11908402 - 11 31735 1_internal_16111 1 11861238 11876667 156 126.354 1.0913 9.643 1.86213e-05 0.330602 0.00497512 0.000588176
ENSG00000120937.7 1 11918988 11918988 - 11 42321 1_internal_16111 1 11861238 11876667 156 178.09 0.953237 13.4544 0.0297905 0.170006 0.283582 0.260772
ENSG00000199347.1 1 11968209 11968209 + 11 0 1_internal_18144 1 11964991 12083115 156 163.952 1.01426 11.3933 0.000262637 0.289772 0.00497512 0.00189423
ENSG00000201801.1 1 11969984 11969984 - 11 524938 1_internal_22355 1 11354691 11445046 156 161.088 0.955253 11.0006 0.0203438 0.182983 0.18408 0.202115
ENSG00000116685.11 1 11986485 11986485 - 11 -51082 1_internal_26498 1 12037567 12099745 156 133.941 1.05714 8.51356 0.0158465 0.190184 0.169154 0.176089
ENSG00000083444.11 1 11994262 11994262 + 11 43305 1_internal_26498 1 12037567 12099745 156 172.941 0.968552 12.8243 2.04463e-05 0.323631 0.00497512 0.000126091
ENSG00000116688.11 1 12040238 12040238 + 11 0 1_internal_26498 1 12037567 12099745 156 165.841 0.932257 10.5897 5.17367e-18 0.608812 0.00497512 7.5908e-17
ENSG00000116691.6 1 12079523 12079523 + 11 105098 1_internal_15906 1 12184621 12260462 156 140.644 0.949875 9.61456 0.0044027 -0.221956 0.0945274 0.0747887
ENSG00000120949.10 1 12123434 12123434 + 11 61187 1_internal_15906 1 12184621 12260462 156 156.686 0.960749 9.58856 0.105241 0.11967 0.666667 0.668614
ENSG00000028137.12 1 12227060 12227060 + 11 -381040 1_internal_17294 1 11814365 11846020 156 144.925 1.07829 9.16854 0.0722914 0.139913 0.547264 0.514533
ENSG00000263676.1 1 12251770 12251770 + 11 -806724 1_internal_22355 1 11354691 11445046 156 165.643 0.971098 11.6127 0.134109 -0.118706 0.79602 0.789774
ENSG00000225196.2 1 12281166 12281166 - 11 -379729 1_internal_21782 1 12660895 12695180 156 155.254 1.02932 10.8352 0.054771 0.155415 0.472637 0.446659
ENSG00000048707.8 1 12290124 12290124 + 11 -190379 1_internal_26498 1 12037567 12099745 156 169.924 1.04574 14.8056 0.0385807 0.162837 0.338308 0.349678
ENSG00000239149.1 1 12567300 12567300 + 10 -544804 1_internal_21257 1 12013015 12022496 156 157.508 1.03339 10.8785 0.0265155 -0.177721 0.243781 0.233615
ENSG00000229484.1 1 12587766 12587766 + 10 73129 1_internal_21782 1 12660895 12695180 156 176.886 0.970554 11.3894 0.162997 -0.111747 0.800995 0.821915
ENSG00000162496.4 1 12677737 12677737 - 10 577992 1_internal_26498 1 12037567 12099745 156 149.068 0.959095 8.92275 0.00174727 0.242473 0.0298507 0.0233598
ENSG00000116731.17 1 14026693 14026693 + 1 0 1_internal_16052 1 14025312 14062997 156 164.729 1 0.915666 0.408482 0.0680119 0.373134 0.36941
ENSG00000227612.1 1 14105625 14105625 - 1 42628 1_internal_16052 1 14025312 14062997 156 132.341 1.00004 0.9224 0.435855 -0.0646619 0.447761 0.446197
ENSG00000189337.11 1 14925200 14925200 + 4 553607 1_internal_20198 1 15478807 15589618 156 174.068 0.99997 4.34015 8.75911e-08 0.416249 0.00497512 6.84461e-08
ENSG00000175147.7 1 15478960 15478960 - 7 0 1_internal_20198 1 15478807 15589618 156 130.894 1.08822 6.44923 4.91769e-07 0.396819 0.00497512 1.01324e-05
ENSG00000171729.9 1 15479028 15479028 + 7 0 1_internal_20198 1 15478807 15589618 156 174.038 1.00589 8.18848 1.37656e-11 0.485069 0.00497512 6.47929e-12
ENSG00000204464.3 1 15497813 15497813 - 7 0 1_internal_20198 1 15478807 15589618 156 152.725 0.999939 6.8978 5.48324e-08 0.41713 0.00497512 5.21895e-07
ENSG00000215720.4 1 15519341 15519341 - 7 0 1_internal_20198 1 15478807 15589618 156 141.802 1.1009 6.42716 2.95256e-06 0.374984 0.00497512 1.92064e-05
ENSG00000142621.14 1 15573768 15573768 + 9 0 1_internal_20198 1 15478807 15589618 156 153.684 1.00647 10.1456 0.00068435 0.26345 0.0149254 0.00733561
ENSG00000233485.1 1 15670372 15670372 - 9 80754 1_internal_20198 1 15478807 15589618 156 179.644 0.904736 10.8108 0.00128334 0.247679 0.0149254 0.00996983
ENSG00000228140.1 1 15735929 15735929 - 9 -669346 1_internal_18460 1 16405275 16514647 156 163.236 0.930852 8.87762 0.0188417 -0.18412 0.144279 0.159118
ENSG00000142634.8 1 15736391 15736391 + 9 816696 1_internal_20550 1 16553087 16624081 156 174.616 0.961609 10.4343 0.244354 0.0908643 0.915423 0.928067
ENSG00000162438.7 1 15764935 15764935 + 9 56443 1_internal_24987 1 15821378 16010746 156 152.481 1.08626 9.69561 0.0371344 0.173719 0.298507 0.284632
ENSG00000142615.7 1 15783223 15783223 + 9 622052 1_internal_18460 1 16405275 16514647 156 159.23 1.04842 8.96282 0.0346978 -0.167413 0.233831 0.23875
ENSG00000215704.5 1 15792404 15792404 + 9 28974 1_internal_24987 1 15821378 16010746 156 166.024 0.861961 8.60079 0.00044009 0.281355 0.0149254 0.00591848
ENSG00000132906.13 1 15853029 15853029 - 12 0 1_internal_24987 1 15821378 16010746 156 135.571 0.990385 7.75726 2.51123e-08 0.440261 0.00497512 1.82557e-06
ENSG00000116138.8 1 15853308 15853308 + 12 305818 1_internal_15872 1 16159126 16177443 156 163.968 1.04116 14.3386 0.00541649 -0.224672 0.0497512 0.053154
ENSG00000116771.5 1 15911605 15911605 - 12 -920663 1_internal_26440 1 16832268 17200784 156 184.077 0.964909 16.2855 0.158969 -0.110524 0.905473 0.89458
ENSG00000237301.1 1 15930121 15930121 - 14 0 1_internal_24987 1 15821378 16010746 156 164.409 1.05185 15.6035 0.0246053 0.179354 0.278607 0.259781
ENSG00000235084.2 1 15931077 15931077 + 14 893215 1_internal_18957 1 16824292 17278823 156 172.514 1.01592 15.1568 0.0206277 0.175704 0.20398 0.197458
ENSG00000197312.7 1 15943995 15943995 + 14 0 1_internal_24987 1 15821378 16010746 156 189.455 0.872611 15.2551 0.000252353 0.298974 0.00497512 0.00215392
ENSG00000215695.1 1 15986364 15986364 + 14 0 1_internal_24987 1 15821378 16010746 156 163.952 1.00111 15.0297 6.03028e-05 0.325344 0.00497512 0.000581972
ENSG00000116786.7 1 16010827 16010827 + 14 -81 1_internal_24987 1 15821378 16010746 156 159.26 0.978639 16.1447 0.000426795 -0.276222 0.0149254 0.0067238
ENSG00000162461.7 1 16062900 16062900 + 15 769368 1_internal_26440 1 16832268 17200784 156 154.218 0.922964 12.6354 0.00605764 0.214348 0.114428 0.0967923
ENSG00000237938.1 1 16063391 16063391 - 15 -948820 1_internal_17829 1 17012211 17249274 156 157.615 0.928691 13.2809 0.016951 0.186353 0.199005 0.226332
ENSG00000224459.1 1 16076391 16076391 - 15 -846467 1_internal_20011 1 16922858 16924760 156 133.499 1.10354 12.704 0.0350716 0.169125 0.472637 0.440092
ENSG00000162458.8 1 16083102 16083102 + 15 448966 1_internal_23488 1 16532068 16544851 156 151.186 1.0419 17.3588 0.008095 0.20284 0.144279 0.133888
ENSG00000224321.1 1 16119291 16119291 + 15 412777 1_internal_23488 1 16532068 16544851 156 159.397 0.912636 13.5742 0.0414796 0.150308 0.467662 0.463133
ENSG00000233954.4 1 16134194 16134194 - 15 -418893 1_internal_20550 1 16553087 16624081 156 161.759 1.07987 16.2752 0.0309956 0.172293 0.318408 0.333831
ENSG00000178715.7 1 16154724 16154724 + 15 119433 1_internal_16791 1 16274157 16295178 156 130.985 0.999927 11.2928 7.1224e-05 0.307349 0.00497512 0.00309172
ENSG00000065526.6 1 16174359 16174359 + 15 230916 1_internal_18460 1 16405275 16514647 156 144.986 1.00908 14.072 0.0128599 -0.202962 0.19403 0.205036
ENSG00000179743.2 1 16174642 16174642 - 15 0 1_internal_15872 1 16159126 16177443 156 146.052 1.01988 12.9679 2.6425e-11 0.486036 0.00497512 9.69916e-10
ENSG00000238818.1 1 16237392 16237392 + 15 674768 1_internal_25318 1 16912160 17056736 156 151.613 0.935503 14.6772 0.0538663 -0.152079 0.572139 0.608811
ENSG00000234607.2 1 16296127 16296127 + 15 626731 1_internal_20011 1 16922858 16924760 156 154.157 1.02525 15.0073 0.0487264 -0.154348 0.507463 0.525865
ENSG00000116809.7 1 16302627 16302627 - 15 7449 1_internal_16791 1 16274157 16295178 156 168.523 0.819829 12.8525 0.0370846 0.16416 0.383085 0.417752
ENSG00000234166.1 1 16524349 16524349 + 17 7719 1_internal_23488 1 16532068 16544851 156 161.195 1.02051 19.7243 0.0114743 0.193112 0.149254 0.175145
ENSG00000142632.11 1 16539140 16539140 - 17 0 1_internal_23488 1 16532068 16544851 156 142.975 1.09347 15.9056 7.46355e-05 0.299404 0.00497512 0.00130091
ENSG00000237276.3 1 16543823 16543823 - 17 0 1_internal_23488 1 16532068 16544851 156 142.502 1.01661 14.6011 0.00301765 0.233775 0.0646766 0.0617293
ENSG00000204377.3 1 16556038 16556038 - 17 11187 1_internal_23488 1 16532068 16544851 156 168.827 0.975266 20.0528 0.0191713 -0.17586 0.293532 0.269623
ENSG00000132881.5 1 16563495 16563495 - 17 0 1_internal_20550 1 16553087 16624081 156 138.023 1.05877 13.1031 1.27143e-06 -0.365188 0.00497512 3.80496e-05
ENSG00000233929.1 1 16567893 16567893 - 17 -934718 1_internal_17260 1 17502611 17535960 156 153.943 1.16623 18.3915 0.190313 0.101293 0.955224 0.973439
ENSG00000037637.6 1 16678949 16678949 - 19 -145343 1_internal_18957 1 16824292 17278823 156 161.789 0.976185 19.4549 0.00323111 0.234612 0.0497512 0.0556354
ENSG00000055070.12 1 16679070 16679070 + 19 333141 1_internal_17829 1 17012211 17249274 156 171.95 0.918167 19.5454 0.00104756 0.263589 0.0298507 0.0167412
ENSG00000226457.1 1 16696025 16696025 - 19 151174 1_internal_23488 1 16532068 16544851 156 147.941 1.07058 18.3782 0.0179298 -0.183393 0.298507 0.293489
ENSG00000187144.7 1 16763919 16763919 - 20 -865133 1_internal_21850 1 17629052 17692891 156 159.306 1.0551 20.1959 0.0198452 0.186442 0.308458 0.290518
ENSG00000157191.14 1 16767167 16767167 + 20 245044 1_internal_17829 1 17012211 17249274 156 170.93 0.970599 23.8 0.000239719 0.285277 0.00497512 0.00343914
ENSG00000226029.1 1 16787443 16787443 + 20 224768 1_internal_17829 1 17012211 17249274 156 145.305 1.12562 18.7775 1.45394e-06 0.372307 0.00497512 1.75996e-05
ENSG00000080947.10 1 16825752 16825752 - 20 -186459 1_internal_17829 1 17012211 17249274 156 171.844 0.959852 22.9384 7.80911e-07 0.379605 0.00497512 8.19214e-06
ENSG00000206652.1 1 16840780 16840780 - 20 0 1_internal_26440 1 16832268 17200784 156 149.921 1.06325 20.6578 5.65476e-06 0.354139 0.00497512 0.000100383
ENSG00000261135.1 1 16841140 16841140 + 20 0 1_internal_26440 1 16832268 17200784 156 161.774 0.857385 15.4766 5.72009e-05 0.326177 0.00995025 0.00193115
ENSG00000219481.4 1 16940083 16940083 - 21 0 1_internal_26440 1 16832268 17200784 156 162.246 1.06627 22.1472 1.51018e-32 0.767742 0.00497512 1.48371e-34
ENSG00000215908.5 1 16971178 16971178 - 21 0 1_internal_26440 1 16832268 17200784 156 158.636 1.05036 23.586 4.21153e-29 0.741592 0.00497512 1.37941e-29
ENSG00000186301.6 1 16972069 16972069 + 21 0 1_internal_26440 1 16832268 17200784 156 141.238 1.04859 17.1565 3.80769e-05 0.306827 0.00995025 0.00109297
ENSG00000236698.1 1 17012550 17012550 - 20 388469 1_internal_20550 1 16553087 16624081 156 140.979 1.09469 15.9996 0.0164736 -0.187102 0.268657 0.265688
ENSG00000186715.5 1 17096732 17096732 - 19 39996 1_internal_25318 1 16912160 17056736 156 158.179 0.987805 20.0566 2.1176e-06 0.356894 0.00497512 4.10361e-05
ENSG00000235241.1 1 17215590 17215590 + 18 0 1_internal_17829 1 17012211 17249274 156 168.431 1.04613 22.0378 3.10884e-23 0.6932 0.00497512 1.10626e-24
ENSG00000238142.1 1 17216144 17216144 - 18 0 1_internal_17829 1 17012211 17249274 156 139.303 0.976719 12.0595 2.71662e-23 0.680681 0.00497512 1.96696e-19
ENSG00000058453.11 1 17222232 17222232 + 18 -21448 1_internal_26440 1 16832268 17200784 156 160.631 1.06121 18.745 0.000569767 0.252692 0.00497512 0.00642121
ENSG00000207005.1 1 17222475 17222475 + 18 376608 1_internal_24370 1 17599083 17663546 156 154.126 1.04833 18.8459 0.0221754 0.184895 0.358209 0.332516
ENSG00000226526.1 1 17305421 17305421 + 17 -380661 1_internal_20011 1 16922858 16924760 156 143.934 0.972832 15.238 0.0820001 -0.142622 0.781095 0.789197
ENSG00000117122.9 1 17307330 17307330 - 17 -291753 1_internal_24370 1 17599083 17663546 156 170.122 0.991925 17.8963 0.0451817 -0.160148 0.487562 0.489281
ENSG00000159363.13 1 17338423 17338423 - 17 -417421 1_internal_18009 1 17755844 17967804 156 152.527 1.03465 17.7602 0.0234163 0.182994 0.353234 0.34613
ENSG00000117118.5 1 17380665 17380665 - 17 -218418 1_internal_24370 1 17599083 17663546 156 155.36 1.06484 16.6024 0.00984663 -0.217713 0.109453 0.13285
ENSG00000117115.8 1 17445948 17445948 - 17 0 1_internal_17592 1 17405716 17453128 156 134.9 0.978398 13.3728 4.2273e-37 0.825261 0.00497512 1.64211e-30
ENSG00000159339.9 1 17634690 17634690 + 15 0 1_internal_21850 1 17629052 17692891 156 165.78 0.986027 16.6213 1.09777e-09 0.464203 0.00497512 7.22849e-09
ENSG00000269468.1 1 17676070 17676070 - 15 0 1_internal_21850 1 17629052 17692891 156 160.281 1.05423 14.9025 0.00135927 0.257137 0.0199005 0.0135374
ENSG00000256049.2 1 17698691 17698691 + 15 -419868 1_internal_18957 1 16824292 17278823 156 154.644 0.993723 13.3716 0.0144207 -0.194432 0.199005 0.183707
ENSG00000227751.1 1 17733256 17733256 + 15 22588 1_internal_18009 1 17755844 17967804 156 151.14 1.05787 14.7732 8.65473e-05 0.302419 0.00995025 0.00111155
ENSG00000266727.1 1 17740190 17740190 - 15 -15654 1_internal_18009 1 17755844 17967804 156 182.081 0.866735 14.5408 0.000950151 0.258097 0.00995025 0.0108913
ENSG00000179051.9 1 17766220 17766220 - 15 0 1_internal_18009 1 17755844 17967804 156 153.654 1.00262 13.0739 1.15503e-06 0.382858 0.00497512 1.76476e-05
ENSG00000074964.12 1 17866330 17866330 + 15 0 1_internal_18009 1 17755844 17967804 156 156.99 1.01739 12.3433 0.012668 0.19562 0.149254 0.137017
ENSG00000159423.12 1 19229275 19229275 - 9 737118 1_internal_20961 1 18487273 18492157 156 163.83 1.01586 8.36731 0.0375693 0.169934 0.258706 0.238677
ENSG00000255275.3 1 19247615 19247615 - 9 -157274 1_internal_17858 1 19404889 19415249 156 146.859 0.914242 7.4845 0.0623627 0.144932 0.462687 0.463515
ENSG00000169991.6 1 19283180 19283180 - 9 -379833 1_internal_19688 1 19663013 19676264 156 138.938 1.0438 6.91924 0.0383663 0.155531 0.273632 0.28327
ENSG00000266098.1 1 19410145 19410145 - 9 917988 1_internal_20961 1 18487273 18492157 156 164.577 0.941943 8.44887 0.189121 0.10527 0.820896 0.823334
ENSG00000127481.9 1 19536770 19536770 - 10 52986 1_internal_20300 1 19446664 19483784 156 177.176 0.904493 10.4141 5.67467e-06 -0.361512 0.00497512 4.12912e-05
ENSG00000230424.1 1 19536995 19536995 + 10 134824 1_internal_19091 1 19671819 19974400 156 147.53 1.09063 8.73453 0.193473 0.0952057 0.865672 0.847869
ENSG00000053372.4 1 19578033 19578033 + 10 84980 1_internal_19688 1 19663013 19676264 156 149.053 0.987511 8.36759 0.0415147 0.165607 0.323383 0.333441
ENSG00000127463.9 1 19578046 19578046 - 10 162797 1_internal_17858 1 19404889 19415249 156 157.676 0.910866 7.7393 0.000182163 0.296077 0.00995025 0.00242261
ENSG00000211454.8 1 19600688 19600688 - 10 -71131 1_internal_19091 1 19671819 19974400 156 139.806 1.01651 7.95695 0.075145 0.144465 0.502488 0.529029
ENSG00000162482.4 1 19615744 19615744 - 10 -875663 1_internal_18530 1 20491407 20499187 156 152.466 0.976249 7.56787 0.0103537 -0.204615 0.104478 0.0878552
ENSG00000200403.1 1 19631676 19631676 - 10 -31337 1_internal_19688 1 19663013 19676264 156 182.828 0.884145 11.1076 0.0288873 0.16993 0.238806 0.230262
ENSG00000053371.8 1 19638640 19638640 - 10 -480154 1_internal_16729 1 20118794 20128093 156 197.041 0.861445 12.7306 0.0699502 -0.152669 0.452736 0.487663
ENSG00000040487.8 1 19638820 19638820 + 10 839494 1_internal_21781 1 20478314 20515708 156 164.288 0.799315 7.53332 0.0566393 -0.156725 0.422886 0.42464
ENSG00000240490.2 1 19750878 19750878 + 10 -267094 1_internal_20300 1 19446664 19483784 156 153.075 0.962084 8.77501 0.109401 0.123477 0.661692 0.66533
ENSG00000077549.13 1 19812066 19812066 - 10 -18642 1_internal_21444 1 19830708 19909265 156 159.824 0.899162 9.33568 0.0428856 -0.156641 0.343284 0.368367
ENSG00000173436.9 1 19923477 19923477 + 10 -247213 1_internal_19688 1 19663013 19676264 156 148.139 1.07477 8.88503 0.0312958 0.169462 0.228856 0.24602
ENSG00000226396.1 1 19934608 19934608 + 10 -258344 1_internal_19688 1 19663013 19676264 156 184.534 0.979791 11.2689 0.035133 0.164605 0.223881 0.229218
ENSG00000158747.9 1 19967048 19967048 + 10 0 1_internal_19091 1 19671819 19974400 156 146.814 0.97772 8.7498 0.118264 0.121451 0.721393 0.711556
ENSG00000158748.3 1 19991780 19991780 + 10 127014 1_internal_16729 1 20118794 20128093 156 154.842 1.00546 9.20645 0.0457702 0.161455 0.39801 0.352898
ENSG00000162542.9 1 20126438 20126438 - 11 0 1_internal_16729 1 20118794 20128093 156 135.038 1.06367 8.95157 7.57282e-05 0.303139 0.00497512 0.00136751
ENSG00000169914.5 1 20209006 20209006 + 11 269308 1_internal_21781 1 20478314 20515708 156 153.882 1.0026 9.39992 0.000162145 0.309594 0.00995025 0.00165878
ENSG00000158786.4 1 20465819 20465819 + 15 12495 1_internal_21781 1 20478314 20515708 156 161.256 1.04252 13.2974 4.07611e-21 0.613572 0.00497512 1.65873e-21
ENSG00000227066.1 1 20480831 20480831 + 15 0 1_internal_21781 1 20478314 20515708 156 147.408 1.04034 11.5516 1.48549e-29 0.71418 0.00497512 5.13716e-28
ENSG00000187980.6 1 20503917 20503917 - 14 0 1_internal_21781 1 20478314 20515708 156 154.477 0.974122 11.9943 6.48068e-28 0.717684 0.00497512 6.62291e-26
ENSG00000162543.5 1 20512578 20512578 + 14 0 1_internal_21781 1 20478314 20515708 156 131.214 1.07679 10.3821 2.35054e-38 0.810008 0.00497512 7.10301e-34
ENSG00000225986.1 1 20512979 20512979 - 14 0 1_internal_21781 1 20478314 20515708 156 159.656 1.05321 12.2469 4.84972e-14 0.548122 0.00497512 6.36057e-14
