ENSG00000137337.10 6 30685666 30685666 - 18 -29778 6_internal_15405 6 30715444 30732960 156 135.586 1.15768 17.0248 0.00100781 0.262598 0.0248756 0.0201949
ENSG00000196230.8 6 30687978 30687978 + 18 27466 6_internal_15405 6 30715444 30732960 156 152.207 1.01137 17.9781 0.0841897 0.138399 0.800995 0.806203
ENSG00000201988.2 6 30704191 30704191 - 18 763391 6_internal_15250 6 29673459 29940800 156 143.706 1.03896 15.6811 0.033333 -0.167372 0.462687 0.464078
ENSG00000137312.10 6 30710510 30710510 - 18 -23375 6_internal_13602 6 30733885 30791948 156 179.491 0.862595 21.2522 2.64617e-07 0.402805 0.00497512 5.22797e-06
ENSG00000137331.11 6 30712331 30712331 - 18 -21554 6_internal_13602 6 30733885 30791948 156 149.297 1.16361 16.9299 0.000319415 0.286309 0.00497512 0.003021
ENSG00000228022.1 6 30734602 30734602 + 18 0 6_internal_13602 6 30733885 30791948 156 146.067 1.03089 13.0722 0.0174396 0.173242 0.243781 0.233882
ENSG00000214894.2 6 30798436 30798436 - 19 6488 6_internal_13602 6 30733885 30791948 156 152.846 0.873449 14.3135 5.06342e-13 0.527022 0.00497512 3.11635e-10
ENSG00000204580.7 6 30844198 30844198 + 19 -32239 6_internal_10363 6 30784101 30811959 156 156.503 1.22191 20.7518 6.11955e-12 0.495142 0.00497512 6.63458e-13
ENSG00000213780.6 6 30875961 30875961 + 19 487517 6_internal_10872 6 31363478 31382263 156 143.005 0.998912 16.0358 0.00701865 -0.2081 0.124378 0.147219
ENSG00000137411.11 6 30876019 30876019 + 19 -143059 6_internal_15405 6 30715444 30732960 156 153.09 0.971107 14.6392 8.19236e-07 0.381518 0.00497512 2.11601e-05
ENSG00000204536.8 6 31126015 31126015 - 16 -20477 6_internal_15677 6 31146492 31277289 156 176.551 0.962323 22.4153 2.48831e-07 0.37954 0.00497512 1.5542e-06
ENSG00000137310.7 6 31126319 31126319 + 16 -508839 6_internal_12366 6 30608154 30617480 156 158.925 1.03555 16.7113 0.098944 0.130128 0.78607 0.804536
ENSG00000204531.10 6 31148508 31148508 - 16 531028 6_internal_12366 6 30608154 30617480 156 147.393 0.977997 14.4969 0.00461028 0.218024 0.079602 0.0874853
ENSG00000206344.5 6 31165537 31165537 + 16 614706 6_internal_10128 6 31780243 31792595 156 166.71 0.991285 17.8249 0.0602681 0.151946 0.631841 0.618341
ENSG00000232703.1 6 31169695 31169695 - 16 -160856 6_internal_15197 6 31330551 31443248 156 145.93 1.06554 13.101 0.056495 0.153656 0.577114 0.557437
ENSG00000204525.8 6 31239907 31239907 - 16 0 6_internal_15677 6 31146492 31277289 156 158.925 0.967531 14.4873 1.05212e-11 0.496518 0.00497512 2.09271e-10
ENSG00000214892.4 6 31243349 31243349 + 16 -451401 6_internal_13602 6 30733885 30791948 156 151.11 1.03406 13.0826 0.0129293 -0.197095 0.174129 0.161214
ENSG00000227939.1 6 31248094 31248094 + 16 532149 6_internal_10128 6 31780243 31792595 156 150.851 1.0477 14.7255 0.0123002 -0.18344 0.159204 0.168228
ENSG00000234745.4 6 31324965 31324965 - 16 47676 6_internal_15677 6 31146492 31277289 156 139.212 1.09747 13.1701 1.747e-05 0.320913 0.00497512 0.000308321
ENSG00000225059.1 6 31351824 31351824 + 16 -539865 6_internal_10363 6 30784101 30811959 156 142.548 1.17412 13.9537 0.0563559 0.144173 0.567164 0.554309
ENSG00000204520.7 6 31367561 31367561 + 16 0 6_internal_10872 6 31363478 31382263 156 184.534 0.83503 19.9471 8.8235e-06 0.323928 0.00497512 0.000160107
ENSG00000206337.6 6 31368479 31368479 + 16 0 6_internal_15197 6 31330551 31443248 156 151.856 0.951449 15.3317 1.17583e-05 0.348337 0.00497512 0.000360096
ENSG00000199332.1 6 31370027 31370027 - 16 782240 6_internal_9837 6 30455359 30587787 156 148.672 1.03224 14.4808 0.012491 -0.196352 0.19403 0.181598
ENSG00000233902.1 6 31431113 31431113 - 17 0 6_internal_15197 6 31330551 31443248 156 135.845 1.12632 13.7309 3.19208e-05 0.308027 0.00497512 0.00059312
ENSG00000204516.5 6 31462658 31462658 + 17 -185369 6_internal_15677 6 31146492 31277289 156 176.033 0.864404 18.0146 0.00310763 -0.230271 0.0696517 0.050361
ENSG00000204511.2 6 31496494 31496494 + 17 0 6_internal_9751 6 30292833 31672246 156 158.316 0.932736 14.3904 0.000105258 0.302749 0.00497512 0.00215004
ENSG00000201785.1 6 31504226 31504226 - 15 712278 6_internal_13602 6 30733885 30791948 156 164.592 1.02191 16.4563 0.0670024 -0.147921 0.621891 0.628963
ENSG00000265236.1 6 31508955 31508955 - 15 696996 6_internal_10363 6 30784101 30811959 156 145.61 1.05234 14.3506 0.0230319 0.173835 0.353234 0.312045
ENSG00000234006.1 6 31510081 31510081 + 15 -777121 6_internal_15405 6 30715444 30732960 156 172.621 1.00772 17.844 0.0857884 -0.13551 0.741294 0.726914
ENSG00000198563.8 6 31510225 31510225 - 15 721567 6_internal_13300 6 30720030 30788658 156 168.888 1.0755 16.3031 0.0170513 -0.185525 0.159204 0.165582
ENSG00000254870.1 6 31514385 31514385 - 15 -707896 6_internal_12119 6 32222281 32304883 156 140.857 1.02038 13.6234 0.0235721 -0.171492 0.368159 0.343691
ENSG00000204498.6 6 31514647 31514647 + 15 -71399 6_internal_15197 6 31330551 31443248 156 161.317 1.00944 14.0465 0.0186034 -0.186833 0.20398 0.206909
ENSG00000213760.5 6 31516204 31516204 - 15 802473 6_internal_10485 6 30697249 30713731 156 133.027 1.02042 9.99963 0.0225225 0.173154 0.273632 0.291968
ENSG00000226979.4 6 31539831 31539831 + 15 -747883 6_internal_13602 6 30733885 30791948 156 158.91 1.20181 16.6135 0.00915951 -0.206813 0.079602 0.0811759
ENSG00000232810.3 6 31543344 31543344 + 15 -100096 6_internal_15197 6 31330551 31443248 156 155.954 1.10158 15.8235 0.000362728 -0.275756 0.00995025 0.00325399
ENSG00000227507.2 6 31550299 31550299 - 15 -374337 6_internal_9758 6 31924636 31942325 156 156.686 0.967008 14.5198 0.00511797 0.218095 0.0845771 0.0778534
ENSG00000204482.5 6 31553901 31553901 + 15 370735 6_internal_9758 6 31924636 31942325 156 165.308 0.899084 14.8649 0.201811 -0.103258 0.970149 0.963387
ENSG00000204475.4 6 31560762 31560762 - 15 972975 6_internal_9837 6 30455359 30587787 156 172.484 0.927852 15.7226 0.0950464 -0.12884 0.706468 0.751899
ENSG00000204472.7 6 31582961 31582961 + 15 197282 6_internal_10128 6 31780243 31792595 156 173.382 0.967567 14.8077 0.052865 -0.156699 0.457711 0.479463
ENSG00000204469.8 6 31588497 31588497 + 14 -311208 6_internal_15677 6 31146492 31277289 156 135.601 0.999978 10.5856 0.00570705 -0.228496 0.114428 0.100749
ENSG00000200816.1 6 31590856 31590856 + 14 -147608 6_internal_15197 6 31330551 31443248 156 199.951 0.90207 18.7146 0.0611373 0.152039 0.522388 0.524247
ENSG00000204444.6 6 31620193 31620193 + 13 602088 6_internal_12119 6 32222281 32304883 156 155.055 1.06155 13.4014 0.0430675 0.147622 0.432836 0.421712
ENSG00000204463.7 6 31620482 31620482 - 13 -601799 6_internal_12119 6 32222281 32304883 156 187.535 0.831335 12.9588 0.0101902 0.201838 0.124378 0.103049
ENSG00000227198.1 6 31626106 31626106 + 13 -837448 6_internal_13300 6 30720030 30788658 156 161.378 1.10092 13.6082 0.00803236 -0.207959 0.0646766 0.0689649
ENSG00000204439.3 6 31628549 31628549 - 13 839891 6_internal_13300 6 30720030 30788658 156 159.001 0.932784 10.5428 0.0639429 -0.144862 0.547264 0.51967
ENSG00000201207.1 6 31631065 31631065 + 13 752188 6_internal_16081 6 32383253 32766165 156 151.171 0.951641 13.2499 0.0909321 0.137838 0.771144 0.754316
ENSG00000204435.8 6 31633013 31633013 + 13 -355724 6_internal_15677 6 31146492 31277289 156 140.568 0.949864 9.76483 0.0346098 0.163018 0.378109 0.385778
ENSG00000263020.1 6 31633879 31633879 + 13 -251616 6_internal_10872 6 31363478 31382263 156 176.719 0.945632 11.3625 0.0585626 0.14062 0.442786 0.427195
ENSG00000204438.5 6 31634060 31634060 - 13 -588221 6_internal_12119 6 32222281 32304883 156 151.293 1.04203 11.4233 0.10315 -0.127233 0.751244 0.716155
ENSG00000240053.7 6 31637944 31637944 + 13 0 6_internal_9751 6 30292833 31672246 156 152.252 1.16584 13.1064 0.0662744 -0.14102 0.572139 0.54179
ENSG00000204428.7 6 31651817 31651817 - 13 -128426 6_internal_10128 6 31780243 31792595 156 199.753 0.879705 16.6952 0.210842 -0.102266 0.955224 0.953798
ENSG00000266776.1 6 31668868 31668868 - 13 286605 6_internal_10872 6 31363478 31382263 156 155.741 0.987146 11.8844 0.0433422 0.165578 0.40796 0.416842
ENSG00000204427.7 6 31671221 31671221 - 13 0 6_internal_9751 6 30292833 31672246 156 161.347 1.01107 13.7183 0.0291035 0.174661 0.303483 0.302833
ENSG00000204424.8 6 31674640 31674640 + 13 547641 6_internal_12119 6 32222281 32304883 156 149.83 1.0272 10.7511 0.0710605 0.144233 0.58209 0.564994
ENSG00000250641.1 6 31674681 31674681 + 13 547600 6_internal_12119 6 32222281 32304883 156 150.79 1.03605 12.8559 0.0288811 0.175863 0.348259 0.322531
ENSG00000204422.7 6 31681849 31681849 - 13 9603 6_internal_9751 6 30292833 31672246 156 172.118 0.894956 13.4963 0.0310905 0.171367 0.303483 0.324411
ENSG00000204420.4 6 31686371 31686371 + 13 -953411 6_internal_15405 6 30715444 30732960 156 156.091 0.868613 11.6045 0.181482 0.109336 0.930348 0.922094
ENSG00000204421.2 6 31689622 31689622 - 13 -90621 6_internal_10128 6 31780243 31792595 156 159.214 0.914422 9.93423 0.026446 -0.182763 0.263682 0.258897
ENSG00000213722.4 6 31698394 31698394 - 13 255146 6_internal_15197 6 31330551 31443248 156 161.85 0.951166 12.4928 0.0227635 -0.185835 0.189055 0.247334
ENSG00000213719.4 6 31707540 31707540 - 13 -514741 6_internal_12119 6 32222281 32304883 156 153.227 1.03501 13.252 0.0757595 -0.144781 0.641791 0.647153
ENSG00000204410.10 6 31707725 31707725 + 13 514556 6_internal_12119 6 32222281 32304883 156 149.51 1.09892 11.5959 0.0480279 0.160448 0.432836 0.422207
ENSG00000255152.4 6 31707797 31707797 + 13 514484 6_internal_12119 6 32222281 32304883 156 166.039 0.948941 13.3699 0.0467497 0.159495 0.462687 0.447133
ENSG00000252743.1 6 31724830 31724830 - 12 -55413 6_internal_10128 6 31780243 31792595 156 152.984 0.950819 9.97431 0.0159403 0.189004 0.179104 0.174901
ENSG00000228727.3 6 31730576 31730576 + 12 -997616 6_internal_15405 6 30715444 30732960 156 163.891 0.889616 9.86318 0.0500316 0.157585 0.422886 0.416703
ENSG00000235663.1 6 31733365 31733365 - 11 -46878 6_internal_10128 6 31780243 31792595 156 175.271 0.915241 12.9771 0.00704567 -0.212357 0.079602 0.0713915
ENSG00000204396.6 6 31745108 31745108 - 11 -477173 6_internal_12119 6 32222281 32304883 156 129.325 1.17899 9.18965 0.01206 0.192904 0.124378 0.129937
ENSG00000204394.8 6 31763730 31763730 - 11 91484 6_internal_9751 6 30292833 31672246 156 171.448 0.950086 12.9876 0.0497927 -0.16072 0.432836 0.433473
ENSG00000204392.5 6 31774761 31774761 - 11 102515 6_internal_9751 6 30292833 31672246 156 160.129 0.959661 9.98359 0.0366221 0.164995 0.313433 0.312137
ENSG00000204389.6 6 31783291 31783291 + 11 -971332 6_internal_10363 6 30784101 30811959 156 175.591 0.979554 10.5899 0.130732 0.118148 0.741294 0.712205
ENSG00000204390.8 6 31783437 31783437 - 11 994779 6_internal_13300 6 30720030 30788658 156 135.952 1.14617 10.3688 0.0537243 0.149281 0.517413 0.473389
ENSG00000204388.5 6 31795512 31795512 + 9 -2917 6_internal_10128 6 31780243 31792595 156 159.641 0.928994 7.88212 0.105312 0.126393 0.616915 0.600769
ENSG00000204387.8 6 31802385 31802385 + 9 -130139 6_internal_9751 6 30292833 31672246 156 171.92 0.872462 9.79343 0.175631 0.103138 0.820896 0.84167
ENSG00000201823.1 6 31803040 31803040 + 9 -420777 6_internal_10872 6 31363478 31382263 156 145.168 1.07215 8.46449 0.0252007 0.173029 0.21393 0.204874
ENSG00000201754.1 6 31804853 31804853 + 11 119783 6_internal_9758 6 31924636 31942325 156 151.826 1.10853 10.435 0.0696257 0.142523 0.527363 0.500874
ENSG00000204386.5 6 31830683 31830683 - 10 -93953 6_internal_9758 6 31924636 31942325 156 164.516 0.854241 9.13314 0.0117771 0.197066 0.149254 0.127468
ENSG00000204385.6 6 31846823 31846823 - 10 569534 6_internal_15677 6 31146492 31277289 156 144.803 1.01454 8.68678 0.101445 -0.125532 0.671642 0.646843
ENSG00000237080.1 6 31851538 31851538 + 10 -179292 6_internal_9751 6 30292833 31672246 156 154.492 0.873577 8.11315 0.119438 0.11655 0.691542 0.700243
ENSG00000204371.7 6 31865464 31865464 - 11 -59172 6_internal_9758 6 31924636 31942325 156 162.155 0.95049 10.1779 0.157341 -0.110324 0.79602 0.820655
ENSG00000166278.10 6 31865562 31865562 + 11 -193316 6_internal_9751 6 30292833 31672246 156 166.938 1.03761 11.4253 0.0048133 0.228894 0.039801 0.0346419
ENSG00000204366.3 6 31869769 31869769 - 11 197523 6_internal_9751 6 30292833 31672246 156 172.712 0.959726 11.9736 0.0054264 -0.223534 0.0447761 0.0465627
ENSG00000244255.1 6 31895475 31895475 + 11 908187 6_internal_10842 6 32803662 32923531 156 182.752 0.849946 11.3731 0.0047863 0.228266 0.0597015 0.046276
ENSG00000243649.4 6 31895475 31895475 + 11 -223229 6_internal_9751 6 30292833 31672246 156 173.337 0.96701 10.8517 0.00334338 0.236135 0.0248756 0.0244278
ENSG00000221267.1 6 31924717 31924717 - 11 252471 6_internal_9751 6 30292833 31672246 156 161.621 0.951972 9.5943 0.0228424 -0.18427 0.21393 0.198793
ENSG00000204351.6 6 31926857 31926857 + 11 -483609 6_internal_15197 6 31330551 31443248 156 159.961 1.04053 10.4908 4.21364e-06 0.341618 0.00497512 2.16323e-05
ENSG00000204356.6 6 31926887 31926887 - 11 -295394 6_internal_12119 6 32222281 32304883 156 155.832 1.10162 12.4851 0.0272431 0.177201 0.20398 0.249464
ENSG00000204344.9 6 31938868 31938868 + 11 -266622 6_internal_9751 6 30292833 31672246 156 171.341 0.888109 9.83086 0.00756451 0.209504 0.0845771 0.0714947
ENSG00000204348.5 6 31940069 31940069 - 11 496821 6_internal_15197 6 31330551 31443248 156 170.381 0.979975 12.126 0.0616792 0.147478 0.492537 0.478218
ENSG00000254729.1 6 31940158 31940158 + 11 -267912 6_internal_9751 6 30292833 31672246 156 161.774 0.938007 9.68092 0.104275 0.126387 0.671642 0.657506
ENSG00000244731.3 6 31949801 31949801 + 11 911510 6_internal_11965 6 32861311 32898449 156 128.791 1.02888 7.57491 0.0504995 -0.160654 0.457711 0.435564
ENSG00000204338.4 6 31973413 31973413 + 11 248868 6_internal_12119 6 32222281 32304883 156 167.502 0.872554 10.1187 0.00773297 0.208392 0.0995025 0.0855017
ENSG00000224389.4 6 31982539 31982539 + 11 400714 6_internal_16081 6 32383253 32766165 156 180.939 0.917786 11.8758 0.0074175 -0.220211 0.0597015 0.0605034
ENSG00000168477.13 6 32083111 32083111 - 12 -778200 6_internal_11965 6 32861311 32898449 156 183.422 0.91015 14.0808 0.0919316 0.135346 0.661692 0.664701
ENSG00000213676.6 6 32096030 32096030 - 12 -707632 6_internal_10842 6 32803662 32923531 156 158.285 0.896493 9.69131 0.0172208 0.17978 0.18408 0.186541
ENSG00000204315.3 6 32098068 32098068 - 12 155743 6_internal_9758 6 31924636 31942325 156 153.562 1.03601 10.2921 0.00800982 0.208858 0.0845771 0.0760953
ENSG00000221988.7 6 32121218 32121218 + 12 -178893 6_internal_9758 6 31924636 31942325 156 165.796 1.07163 13.0439 0.0819298 -0.127532 0.58209 0.597388
ENSG00000258388.2 6 32121622 32121622 + 12 -678374 6_internal_15197 6 31330551 31443248 156 155.802 0.953137 10.8345 0.0386833 -0.157026 0.363184 0.371191
ENSG00000204314.6 6 32122150 32122150 - 12 179825 6_internal_9758 6 31924636 31942325 156 172.986 0.966899 14.6302 0.0270734 -0.170154 0.273632 0.269486
ENSG00000241404.2 6 32132360 32132360 + 12 -689112 6_internal_15197 6 31330551 31443248 156 186.301 0.93876 11.9925 0.274918 -0.0844719 0.965174 0.962859
ENSG00000204310.6 6 32145873 32145873 - 12 -715438 6_internal_11965 6 32861311 32898449 156 167.852 0.936189 12.4308 0.0268666 0.172439 0.263682 0.266339
ENSG00000204308.6 6 32146131 32146131 + 12 -702883 6_internal_15197 6 31330551 31443248 156 151.597 1.03726 11.0026 0.00190236 -0.235324 0.0298507 0.0206103
ENSG00000204305.9 6 32152101 32152101 - 12 708853 6_internal_15197 6 31330551 31443248 156 138.541 1.06223 9.73083 0.0548058 0.154188 0.512438 0.480004
ENSG00000259382.1 6 32153659 32153659 - 12 481413 6_internal_9751 6 30292833 31672246 156 156.823 0.987628 10.1921 0.0238864 -0.180285 0.233831 0.220382
ENSG00000204304.5 6 32157963 32157963 - 12 215638 6_internal_9758 6 31924636 31942325 156 126.125 1.01998 8.69604 0.0906608 -0.129713 0.701493 0.689725
ENSG00000213654.5 6 32163300 32163300 - 12 720052 6_internal_15197 6 31330551 31443248 156 145.153 0.997794 9.48807 0.133585 -0.119152 0.78607 0.781731
ENSG00000204301.5 6 32191844 32191844 - 12 -612771 6_internal_9793 6 32804615 33292298 156 152.115 1.0717 11.3447 0.00783373 0.203569 0.0696517 0.0770713
ENSG00000204287.8 6 32407619 32407619 + 10 396043 6_internal_10842 6 32803662 32923531 156 154.751 1.03994 9.81131 5.20533e-07 0.370835 0.00497512 3.44778e-06
ENSG00000196301.3 6 32441277 32441277 - 10 0 6_internal_16081 6 32383253 32766165 156 135.784 1.12067 8.2931 5.40543e-06 0.340622 0.00497512 6.18911e-05
ENSG00000198502.5 6 32498064 32498064 - 10 0 6_internal_16081 6 32383253 32766165 156 157.798 1.01761 10.0124 0.00235468 0.243232 0.0149254 0.0204524
ENSG00000251916.1 6 32517867 32517867 - 10 212984 6_internal_12119 6 32222281 32304883 156 159.687 1.02166 9.69234 0.000542337 0.280196 0.0149254 0.00397553
ENSG00000229391.3 6 32527799 32527799 - 10 222916 6_internal_12119 6 32222281 32304883 156 161.804 0.935428 8.66549 1.43562e-05 0.342554 0.00497512 0.000161156
ENSG00000196126.6 6 32557625 32557625 - 10 -246037 6_internal_10842 6 32803662 32923531 156 151.765 1.07219 9.19624 2.37011e-07 0.394758 0.00497512 1.23822e-06
ENSG00000196735.6 6 32595956 32595956 + 10 0 6_internal_16081 6 32383253 32766165 156 151.232 0.924098 7.7617 9.05291e-08 0.415531 0.00497512 3.21085e-06
ENSG00000223534.1 6 32627657 32627657 + 10 0 6_internal_16081 6 32383253 32766165 156 151.932 1.04427 8.62779 3.79307e-13 0.536264 0.00497512 2.07876e-12
ENSG00000241287.1 6 32630227 32630227 - 10 0 6_internal_16081 6 32383253 32766165 156 145.427 1.03109 8.92284 5.99702e-13 0.532497 0.00497512 1.50429e-11
ENSG00000179344.11 6 32636160 32636160 - 10 0 6_internal_16081 6 32383253 32766165 156 125.318 1.11175 7.86848 2.15367e-12 0.5236 0.00497512 2.55515e-10
ENSG00000237541.3 6 32709119 32709119 + 10 -404236 6_internal_12119 6 32222281 32304883 156 146.006 1.10955 9.55233 1.75376e-06 0.380278 0.00497512 1.12305e-05
ENSG00000232629.4 6 32731311 32731311 - 10 0 6_internal_16081 6 32383253 32766165 156 175.454 0.949869 10.2196 0.000986002 -0.243435 0.0149254 0.00644184
ENSG00000241106.2 6 32784825 32784825 - 10 479942 6_internal_12119 6 32222281 32304883 156 168.188 0.990863 10.2675 0.0296832 0.175524 0.228856 0.224082
ENSG00000204267.9 6 32806557 32806557 - 9 0 6_internal_10842 6 32803662 32923531 156 132.92 1.01574 7.10621 2.83343e-07 0.40423 0.00497512 1.28157e-05
ENSG00000250264.1 6 32806599 32806599 - 9 0 6_internal_10842 6 32803662 32923531 156 164.409 0.97865 9.16633 1.17445e-06 0.382192 0.00497512 7.23811e-06
ENSG00000204261.4 6 32811863 32811863 + 9 0 6_internal_9793 6 32804615 33292298 156 138.785 1.0488 8.35519 0.000105908 0.305682 0.00497512 0.00155682
ENSG00000240065.2 6 32811913 32811913 + 9 0 6_internal_10842 6 32803662 32923531 156 160.814 1.03212 10.1132 1.78736e-10 0.478162 0.00497512 4.80975e-10
ENSG00000204264.4 6 32812480 32812480 - 9 0 6_internal_10842 6 32803662 32923531 156 136.454 1.00236 7.4041 3.45513e-05 0.32522 0.00995025 0.000784348
ENSG00000168394.9 6 32821755 32821755 - 9 0 6_internal_10842 6 32803662 32923531 156 154.553 1.04416 9.60246 2.53913e-07 0.403392 0.00497512 1.54849e-06
ENSG00000234515.1 6 32847625 32847625 - 10 -13686 6_internal_11965 6 32861311 32898449 156 154.934 1.06963 10.6511 0.00283492 0.228133 0.0248756 0.0235147
ENSG00000212066.1 6 32904787 32904787 - 10 -918471 6_internal_14538 6 33823258 33883538 156 153.669 0.936133 9.69568 0.0391567 -0.158129 0.348259 0.361824
ENSG00000242574.3 6 32908847 32908847 - 10 0 6_internal_10842 6 32803662 32923531 156 158.666 1.0264 11.4269 2.31116e-05 0.324566 0.00497512 0.000178206
ENSG00000248993.1 6 32920899 32920899 - 10 0 6_internal_10842 6 32803662 32923531 156 165.202 0.974555 11.1235 1.51427e-05 0.32397 0.00497512 0.000120504
ENSG00000204256.7 6 32936437 32936437 + 10 539862 6_internal_13889 6 33476299 33548770 156 144.193 0.969694 8.22086 0.00408223 0.225765 0.0597015 0.0515234
ENSG00000223837.2 6 32938009 32938009 + 10 538290 6_internal_13889 6 33476299 33548770 156 158.087 1.0474 10.9642 0.030914 0.170258 0.278607 0.26195
ENSG00000204257.9 6 32938493 32938493 - 10 14962 6_internal_10842 6 32803662 32923531 156 172.087 0.894817 10.0265 4.61786e-05 0.306832 0.00497512 0.000479675
ENSG00000263756.1 6 32940630 32940630 - 10 998305 6_internal_9758 6 31924636 31942325 156 157.889 0.882288 9.44417 0.00381029 0.224699 0.0597015 0.051968
ENSG00000204252.8 6 32977389 32977389 - 9 53858 6_internal_10842 6 32803662 32923531 156 141.786 0.99067 7.94328 0.00124104 0.243151 0.0149254 0.0171242
ENSG00000223865.5 6 33043703 33043703 + 9 -120172 6_internal_10842 6 32803662 32923531 156 186.271 0.839893 8.81958 2.13452e-06 0.355273 0.00497512 1.68178e-05
ENSG00000224796.1 6 33047228 33047228 + 9 -123697 6_internal_10842 6 32803662 32923531 156 163.922 0.877728 8.53631 0.000889077 0.25419 0.0248756 0.0109774
ENSG00000231389.2 6 33048552 33048552 - 9 125021 6_internal_10842 6 32803662 32923531 156 162.855 1.08637 11.0905 4.62043e-07 0.375688 0.00497512 9.19966e-07
ENSG00000231461.1 6 33065072 33065072 - 9 141541 6_internal_10842 6 32803662 32923531 156 151.521 0.945554 7.99409 0.00106942 0.243655 0.0298507 0.0131628
ENSG00000224557.3 6 33080228 33080228 + 9 0 6_internal_15745 6 33037550 33182205 156 148.87 1.08568 8.5962 3.03524e-11 0.477882 0.00497512 1.1717e-10
ENSG00000204248.6 6 33160276 33160276 - 9 855393 6_internal_12119 6 32222281 32304883 156 149.084 1.05169 8.47121 0.11349 -0.125976 0.686567 0.647269
ENSG00000202441.1 6 33167378 33167378 + 9 0 6_internal_15745 6 33037550 33182205 156 151.186 0.951983 7.49009 0.085739 -0.137954 0.527363 0.53188
ENSG00000112473.11 6 33168222 33168222 + 9 655036 6_internal_14538 6 33823258 33883538 156 130.726 1.10722 8.64531 0.0522648 -0.153387 0.462687 0.445142
ENSG00000204231.6 6 33168630 33168630 - 9 -537931 6_internal_10244 6 33706561 33713059 156 157.402 1.01319 9.06053 0.0994547 -0.130427 0.621891 0.601388
ENSG00000204228.3 6 33172419 33172419 + 9 534142 6_internal_10244 6 33706561 33713059 156 176.186 0.948309 11.4748 0.0520951 0.153143 0.373134 0.39124
ENSG00000199036.1 6 33175612 33175612 + 9 -870729 6_internal_12119 6 32222281 32304883 156 154.461 1.17037 9.51209 0.175521 -0.107621 0.810945 0.803559
ENSG00000204227.4 6 33176272 33176272 + 9 -252741 6_internal_10842 6 32803662 32923531 156 150.82 1.07795 9.25585 0.0460416 0.161172 0.373134 0.341406
ENSG00000232940.1 6 33217311 33217311 + 10 -293780 6_internal_10842 6 32803662 32923531 156 121.921 1.08143 7.02167 0.0163693 -0.175805 0.18408 0.184843
ENSG00000231500.2 6 33239787 33239787 + 10 -316256 6_internal_10842 6 32803662 32923531 156 151.414 1.07449 10.2407 0.00011068 -0.285537 0.00497512 0.000853086
ENSG00000223501.4 6 33239824 33239824 - 10 473659 6_internal_16081 6 32383253 32766165 156 156.442 0.944702 8.18501 0.0284926 -0.167774 0.258706 0.231927
ENSG00000235863.1 6 33244917 33244917 + 10 0 6_internal_9793 6 32804615 33292298 156 162.795 1.03486 9.48091 0.0416864 0.165627 0.313433 0.288305
ENSG00000204220.5 6 33257079 33257079 + 10 -358630 6_internal_11965 6 32861311 32898449 156 154.842 1.08508 11.1442 0.00910887 0.205199 0.0895522 0.0792704
ENSG00000227057.2 6 33257304 33257304 - 10 952421 6_internal_12119 6 32222281 32304883 156 121.845 1.13389 7.44584 0.0979226 0.128182 0.651741 0.635171
ENSG00000237441.4 6 33267101 33267101 - 11 84896 6_internal_15745 6 33037550 33182205 156 156.472 0.951053 10.4399 0.0398466 -0.157936 0.353234 0.367177
ENSG00000231925.7 6 33282164 33282164 - 11 358633 6_internal_10842 6 32803662 32923531 156 141.482 1.05022 9.4675 0.002565 0.240972 0.039801 0.0316714
ENSG00000236104.2 6 33285719 33285719 - 11 -190580 6_internal_13889 6 33476299 33548770 156 158.742 0.933661 10.6358 0.0474969 -0.154637 0.452736 0.423574
ENSG00000204209.6 6 33297046 33297046 - 11 -179253 6_internal_13889 6 33476299 33548770 156 149.541 1.07993 12.0131 0.12611 0.12169 0.79602 0.802072
ENSG00000237649.3 6 33359313 33359313 + 11 939620 6_internal_10668 6 34298933 34322341 156 163.693 0.97395 11.1127 0.123978 0.122666 0.741294 0.751619
ENSG00000112511.13 6 33378176 33378176 + 12 -454645 6_internal_10842 6 32803662 32923531 156 160.982 1.0333 11.6723 0.00387672 0.233132 0.039801 0.0339961
ENSG00000112514.10 6 33386094 33386094 - 12 -877140 6_internal_11409 6 34263234 34360083 156 179.232 1.01316 16.5299 0.0908718 0.138299 0.696517 0.693041
ENSG00000197283.7 6 33387847 33387847 + 12 -489398 6_internal_11965 6 32861311 32898449 156 145.138 1.00658 10.9023 0.137029 0.118627 0.825871 0.831714
ENSG00000264085.1 6 33406108 33406108 + 12 417150 6_internal_14538 6 33823258 33883538 156 174.997 0.990361 14.5779 0.0474707 -0.15736 0.40796 0.416537
ENSG00000213588.3 6 33422356 33422356 + 12 -498825 6_internal_10842 6 32803662 32923531 156 168.248 0.944728 12.284 0.0361045 0.171065 0.348259 0.333826
ENSG00000030110.8 6 33548019 33548019 - 12 0 6_internal_13889 6 33476299 33548770 156 127.679 1.14842 10.3561 6.46983e-10 0.466216 0.00497512 2.33036e-08
ENSG00000096433.5 6 33588522 33588522 + 12 118039 6_internal_10244 6 33706561 33713059 156 163.815 0.933485 12.031 0.00565348 0.221996 0.0597015 0.0666659
ENSG00000269490.1 6 33663474 33663474 - 13 -159784 6_internal_14538 6 33823258 33883538 156 162.642 0.95564 12.1416 0.0220741 -0.17297 0.248756 0.230164
ENSG00000266509.1 6 33665905 33665905 + 13 997033 6_internal_10421 6 34662938 34859595 156 154.202 0.964418 11.918 0.13085 -0.12126 0.830846 0.827042
ENSG00000137288.4 6 33679504 33679504 - 13 755973 6_internal_10842 6 32803662 32923531 156 139.821 0.969706 10.3294 0.232123 0.0884888 0.940299 0.956658
ENSG00000161904.7 6 33756913 33756913 - 13 -542020 6_internal_10668 6 34298933 34322341 156 168.035 1.05518 14.7834 0.0138913 0.200851 0.124378 0.129198
ENSG00000137309.14 6 34204577 34204577 + 10 -491518 6_internal_10244 6 33706561 33713059 156 160.418 0.92912 9.65325 0.179329 -0.109369 0.820896 0.857085
ENSG00000186577.7 6 34217247 34217247 - 10 0 6_internal_10696 6 34191042 34218389 156 172.971 0.950362 11.7396 0.00656811 0.20792 0.0646766 0.0570846
ENSG00000220583.1 6 34231450 34231450 - 10 -749702 6_internal_14672 6 34981152 35019437 156 165.415 1.07502 12.3864 0.0339491 0.164881 0.298507 0.272478
ENSG00000225339.2 6 34247456 34247456 + 10 15778 6_internal_11409 6 34263234 34360083 156 157.767 0.976561 8.32747 0.00158773 0.251548 0.0149254 0.0138204
ENSG00000112664.4 6 34360451 34360451 - 9 368 6_internal_11409 6 34263234 34360083 156 157.264 1.05713 10.1038 0.133853 0.116646 0.741294 0.743301
ENSG00000124614.9 6 34393902 34393902 - 9 33819 6_internal_11409 6 34263234 34360083 156 127.024 1.17236 7.68616 0.0320866 -0.167184 0.273632 0.270304
ENSG00000124507.5 6 34433916 34433916 + 10 -39025 6_internal_10766 6 34360608 34394891 156 164.12 0.878012 9.59222 0.0963374 0.126934 0.656716 0.64092
ENSG00000124664.6 6 34524110 34524110 - 10 811051 6_internal_10244 6 33706561 33713059 156 159.428 0.924151 9.99508 0.291559 -0.0839154 0.975124 0.970332
ENSG00000196114.3 6 34544433 34544433 - 10 184350 6_internal_11409 6 34263234 34360083 156 179.309 0.910019 11.2886 0.158332 0.114203 0.820896 0.818868
ENSG00000216636.1 6 34584315 34584315 + 10 -189424 6_internal_10766 6 34360608 34394891 156 160.113 1.05458 10.05 0.0509619 -0.154419 0.368159 0.364697
ENSG00000239059.1 6 34650575 34650575 + 10 -767037 6_internal_14538 6 33823258 33883538 156 140.948 1.05038 9.33981 0.0191071 0.18668 0.20398 0.198227
ENSG00000265123.1 6 34653419 34653419 - 10 769881 6_internal_14538 6 33823258 33883538 156 143.203 1.08002 8.76363 0.0110728 0.196855 0.104478 0.10165
ENSG00000220643.1 6 34654379 34654379 + 10 -294296 6_internal_11409 6 34263234 34360083 156 156.579 1.00818 10.5886 0.00500069 0.228709 0.039801 0.0495134
ENSG00000238484.1 6 34660557 34660557 + 11 758238 6_internal_10424 6 35418795 35466107 156 147.621 0.978117 9.3077 0.121033 -0.122341 0.751244 0.738366
ENSG00000196821.5 6 34664636 34664636 - 11 -886210 6_internal_15670 6 35550846 35706075 156 169.757 1.00262 12.421 0.0376333 0.1631 0.283582 0.314632
ENSG00000124562.5 6 34725183 34725183 + 10 0 6_internal_10421 6 34662938 34859595 156 138.282 1.15729 8.93759 0.0550138 0.145552 0.432836 0.411338
ENSG00000065060.12 6 34759857 34759857 + 11 -399774 6_internal_11409 6 34263234 34360083 156 166.877 0.943491 11.7772 0.0648209 0.144397 0.512438 0.520583
ENSG00000206717.1 6 34789222 34789222 + 11 -394331 6_internal_10766 6 34360608 34394891 156 152.268 1.0194 10.6262 0.0237768 -0.182892 0.218905 0.232196
ENSG00000064995.12 6 34855866 34855866 - 12 -802874 6_internal_10701 6 35658740 35688865 156 146.555 1.01455 11.1089 0.0702874 -0.146526 0.60199 0.594782
ENSG00000064999.12 6 34857042 34857042 + 12 0 6_internal_10421 6 34662938 34859595 156 153.989 0.936096 9.68191 0.000584338 0.284119 0.0199005 0.00867603
ENSG00000187762.4 6 34991297 34991297 + 12 -668956 6_internal_10668 6 34298933 34322341 156 172.499 0.871243 11.9853 0.0755674 -0.142412 0.567164 0.594235
ENSG00000146197.7 6 35182190 35182190 + 13 236605 6_internal_10424 6 35418795 35466107 156 144.041 1.13725 13.2007 0.0342035 0.173623 0.39801 0.369014
ENSG00000065029.10 6 35226686 35226686 + 13 787453 6_internal_14779 6 36014139 36065310 156 170.198 1.0132 15.439 0.242279 0.087123 0.9801 0.978653
ENSG00000023892.9 6 35265595 35265595 + 13 -406000 6_internal_10421 6 34662938 34859595 156 136.789 1.02922 11.5705 0.0463127 0.149781 0.512438 0.51045
ENSG00000112033.9 6 35310335 35310335 + 13 108460 6_internal_10424 6 35418795 35466107 156 139.958 1.05349 10.1643 0.0151584 -0.185579 0.179104 0.178134
ENSG00000227154.2 6 35410821 35410821 + 11 7974 6_internal_10424 6 35418795 35466107 156 144.178 1.01657 9.67883 0.0699959 -0.137516 0.557214 0.553695
ENSG00000112039.3 6 35420138 35420138 + 11 778131 6_internal_12948 6 36198269 36265481 156 144.727 1.02934 8.66282 0.2967 -0.0806095 0.965174 0.960171
ENSG00000198755.6 6 35436185 35436185 + 11 222555 6_internal_10701 6 35658740 35688865 156 157.249 0.939125 10.5157 0.0280293 0.170012 0.273632 0.280543
ENSG00000007866.14 6 35464853 35464853 - 12 -85993 6_internal_15670 6 35550846 35706075 156 161.774 0.945279 12.6575 0.00251525 0.237212 0.0298507 0.0325463
ENSG00000219023.1 6 35523650 35523650 + 12 -57543 6_internal_10424 6 35418795 35466107 156 185.143 0.976441 13.4639 0.0208128 -0.186832 0.159204 0.155532
ENSG00000218749.1 6 35575405 35575405 + 12 622864 6_internal_12948 6 36198269 36265481 156 174.357 0.974152 13.8992 0.0656389 0.144054 0.512438 0.533225
ENSG00000212579.1 6 35619595 35619595 + 13 -600158 6_internal_14672 6 34981152 35019437 156 166.862 1.03715 14.9721 0.0437846 -0.16077 0.437811 0.414021
ENSG00000265527.1 6 35632566 35632566 - 13 0 6_internal_15670 6 35550846 35706075 156 147.865 1.00182 11.7161 0.0242042 0.180893 0.288557 0.28418
ENSG00000096060.9 6 35696360 35696360 - 15 0 6_internal_15670 6 35550846 35706075 156 163.678 1.07565 20.7941 8.45177e-05 0.307239 0.00497512 0.000682325
ENSG00000232909.1 6 35704724 35704724 - 15 685287 6_internal_14672 6 34981152 35019437 156 169.802 0.937099 14.945 0.106755 0.126154 0.820896 0.78499
ENSG00000157343.4 6 35704809 35704809 + 15 0 6_internal_15670 6 35550846 35706075 156 132.859 1.18434 13.4872 0.0844088 0.134962 0.756219 0.742015
ENSG00000197753.6 6 35773070 35773070 + 15 42556 6_internal_14047 6 35815626 35845069 156 138.511 1.05581 12.2737 0.000686867 0.268865 0.0199005 0.013118
ENSG00000096063.10 6 35889119 35889119 - 14 -77931 6_internal_9713 6 35967050 35973151 156 133.179 1.11363 13.3919 5.35304e-06 0.362502 0.00497512 0.000136073
ENSG00000112053.9 6 35992645 35992645 - 15 19494 6_internal_9713 6 35967050 35973151 156 153.243 0.93615 14.6379 0.000398947 0.283358 0.0149254 0.00925525
ENSG00000112062.6 6 35995488 35995488 + 15 -22337 6_internal_9713 6 35967050 35973151 156 172.514 1.04733 17.9977 0.00102718 0.255034 0.00995025 0.00783411
ENSG00000237719.1 6 36060423 36060423 - 17 -137846 6_internal_12948 6 36198269 36265481 156 136.881 1.14286 13.1387 0.0399351 0.166501 0.477612 0.455798
ENSG00000156711.11 6 36095586 36095586 + 17 -122435 6_internal_9713 6 35967050 35973151 156 166.74 1.03091 18.9176 0.0259058 -0.187799 0.273632 0.319811
ENSG00000221743.1 6 36108365 36108365 - 17 135214 6_internal_9713 6 35967050 35973151 156 143.736 1.13278 18.0555 0.000216385 -0.289421 0.00497512 0.00337995
ENSG00000096070.15 6 36164521 36164521 + 17 33748 6_internal_12948 6 36198269 36265481 156 178.257 0.923451 20.4741 0.0254077 0.179613 0.353234 0.330424
ENSG00000246982.2 6 36164982 36164982 - 17 458907 6_internal_15670 6 35550846 35706075 156 152.146 0.85233 13.5632 0.145861 -0.114288 0.920398 0.916085
ENSG00000180316.7 6 36210980 36210980 + 17 0 6_internal_12948 6 36198269 36265481 156 149.693 1.0777 17.1642 0.00976737 0.209154 0.154229 0.151483
ENSG00000010030.9 6 36356164 36356164 - 17 -639346 6_internal_15122 6 36995510 37162882 156 160.966 0.835934 15.3002 0.113901 0.128901 0.870647 0.867205
ENSG00000112078.9 6 36410544 36410544 + 17 584966 6_internal_15122 6 36995510 37162882 156 158.544 1.03715 18.074 0.0303015 -0.167822 0.412935 0.394611
ENSG00000179165.8 6 36410666 36410666 - 17 -253119 6_internal_12914 6 36663785 36686153 156 173.154 0.87871 17.9804 0.00595849 0.219134 0.109453 0.0949935
ENSG00000240733.2 6 36418978 36418978 - 17 -577335 6_internal_10343 6 36996313 37020615 156 170.61 0.924207 19.4796 0.124426 -0.119474 0.910448 0.905335
ENSG00000264878.1 6 36478375 36478375 - 16 -165160 6_internal_15762 6 36643535 36750905 156 156.076 1.07155 14.4045 0.0791372 -0.134494 0.656716 0.667603
ENSG00000239964.2 6 36489968 36489968 + 16 535804 6_internal_10027 6 37025772 37041410 156 160.296 1.05765 18.985 0.0564172 -0.157247 0.636816 0.621363
ENSG00000112079.8 6 36515247 36515247 - 16 -95858 6_internal_10706 6 36611105 36620593 156 137.125 1.05472 14.0101 0.0254536 -0.175301 0.368159 0.377942
ENSG00000164530.8 6 36555311 36555311 + 16 470461 6_internal_10027 6 37025772 37041410 156 164.714 1.0254 17.8878 0.0556789 0.155853 0.572139 0.583634
ENSG00000112081.10 6 36562145 36562145 + 16 81390 6_internal_15762 6 36643535 36750905 156 145.595 1.21778 16.5307 0.0713467 0.142661 0.701493 0.681531
ENSG00000213500.3 6 36641594 36641594 + 16 353916 6_internal_15122 6 36995510 37162882 156 167.837 1.00589 18.0732 0.00949697 0.203216 0.109453 0.119616
ENSG00000124762.7 6 36644305 36644305 + 16 0 6_internal_15762 6 36643535 36750905 156 168.736 1.05692 18.2141 0.00752168 0.206055 0.079602 0.0807986
ENSG00000255587.1 6 36690372 36690372 + 15 0 6_internal_15762 6 36643535 36750905 156 143.493 0.974233 12.0356 1.30161e-06 0.367624 0.00497512 5.46859e-05
ENSG00000220349.4 6 36704827 36704827 + 15 0 6_internal_15762 6 36643535 36750905 156 164.958 0.923587 15.1474 0.000822471 0.259132 0.0149254 0.0129533
ENSG00000124772.7 6 36807778 36807778 - 14 56873 6_internal_15762 6 36643535 36750905 156 148.246 0.967926 12.0526 5.53295e-05 0.315296 0.00995025 0.00129112
ENSG00000198663.10 6 36839646 36839646 + 14 -500307 6_internal_10745 6 36327830 36339339 156 131.854 1.16515 11.9481 0.049565 0.154135 0.547264 0.514726
ENSG00000137168.7 6 36842800 36842800 - 14 91895 6_internal_15762 6 36643535 36750905 156 136.089 1.18472 13.3128 0.0475667 -0.164238 0.552239 0.507865
ENSG00000137409.13 6 36954074 36954074 - 14 888764 6_internal_14779 6 36014139 36065310 156 152.374 0.955107 13.0852 0.00674238 -0.217151 0.109453 0.104906
ENSG00000146192.10 6 36973422 36973422 + 13 -222517 6_internal_15762 6 36643535 36750905 156 130.513 1.04368 10.2368 0.0231751 0.168933 0.333333 0.306859
ENSG00000226976.1 6 37012607 37012607 + 14 0 6_internal_10343 6 36996313 37020615 156 147.636 0.959697 12.0784 0.00927397 0.201435 0.144279 0.142136
ENSG00000137193.8 6 37137979 37137979 + 13 0 6_internal_15122 6 36995510 37162882 156 178.379 0.982737 16.9367 7.04418e-12 0.517918 0.00497512 6.01774e-12
ENSG00000065491.8 6 37225548 37225548 + 13 -539395 6_internal_12914 6 36663785 36686153 156 175.988 0.845675 13.0427 0.0190631 0.18655 0.189055 0.215715
ENSG00000172738.7 6 37225931 37225931 - 13 539778 6_internal_12914 6 36663785 36686153 156 155.223 1.0715 11.8569 0.0989497 0.1251 0.696517 0.686569
ENSG00000112130.12 6 37321748 37321748 + 12 -158866 6_internal_15122 6 36995510 37162882 156 149.114 1.09045 12.5635 0.18797 -0.107551 0.925373 0.927111
ENSG00000239953.2 6 37328961 37328961 + 12 -287551 6_internal_10027 6 37025772 37041410 156 168.02 1.03164 13.538 0.0941029 -0.136342 0.661692 0.675131
ENSG00000137200.7 6 37400995 37400995 + 11 -650090 6_internal_15762 6 36643535 36750905 156 170.655 0.8783 12.8744 0.0178165 0.194799 0.208955 0.204496
ENSG00000198937.7 6 37467698 37467698 - 10 -320185 6_internal_12506 6 37787883 37957838 156 166.298 0.887449 10.2685 0.0345151 -0.165321 0.303483 0.313591
ENSG00000204110.5 6 37475124 37475124 + 10 525429 6_internal_11073 6 38000553 38086463 156 158.468 0.944684 9.33821 0.0438821 -0.160884 0.353234 0.357996
ENSG00000225945.1 6 37786994 37786994 - 7 745584 6_internal_10027 6 37025772 37041410 156 172.255 1.00349 6.96196 0.241224 -0.0923778 0.840796 0.818723
ENSG00000156639.7 6 37787275 37787275 + 7 608 6_internal_12506 6 37787883 37957838 156 173.23 1.06666 8.33586 0.148832 0.114475 0.661692 0.655857
ENSG00000243313.2 6 37800961 37800961 - 7 759551 6_internal_10027 6 37025772 37041410 156 154.416 1.02295 7.04608 0.00435532 -0.222185 0.0248756 0.029035
ENSG00000200597.1 6 37883349 37883349 + 7 0 6_internal_14280 6 37867782 37990077 156 153.075 0.980851 6.56344 0.112636 0.125444 0.567164 0.563547
ENSG00000218521.1 6 37971089 37971089 - 7 -29464 6_internal_11073 6 38000553 38086463 156 167.289 0.895595 7.01003 0.161427 0.110958 0.711443 0.711788
ENSG00000232932.1 6 38131580 38131580 - 5 45117 6_internal_11073 6 38000553 38086463 156 146.814 1.00004 4.35858 0.0158581 0.199017 0.0646766 0.0813961
ENSG00000225874.1 6 38145069 38145069 - 5 -933372 6_internal_10835 6 39078441 39112054 156 164.089 0.999969 5.38371 0.0841216 0.137027 0.348259 0.348345
ENSG00000238716.1 6 38327005 38327005 - 6 -751436 6_internal_10835 6 39078441 39112054 156 181.274 0.91257 7.16738 0.119397 -0.12275 0.512438 0.544799
ENSG00000226533.1 6 38449468 38449468 + 6 -491630 6_internal_12506 6 37787883 37957838 156 152.862 1.00247 5.59324 0.224467 0.0977553 0.751244 0.766112
ENSG00000199938.1 6 38533726 38533726 + 6 544715 6_internal_10835 6 39078441 39112054 156 140.72 1 5.26627 0.209962 0.101495 0.751244 0.754105
ENSG00000217227.1 6 38555099 38555099 + 6 -597261 6_internal_12506 6 37787883 37957838 156 163.069 1.04035 6.33159 0.127658 -0.113918 0.542289 0.534996
ENSG00000183826.12 6 38607924 38607924 - 6 -470517 6_internal_10835 6 39078441 39112054 156 176.734 0.863799 5.67104 0.0389951 0.165359 0.21393 0.200043
ENSG00000124767.5 6 38670917 38670917 - 6 713079 6_internal_12506 6 37787883 37957838 156 170.214 0.937606 6.34963 0.0564213 0.155091 0.303483 0.287362
ENSG00000217165.1 6 39078097 39078097 + 5 344 6_internal_10835 6 39078441 39112054 156 130.421 1.00007 4.38288 0.0027793 0.234145 0.0248756 0.0271197
ENSG00000112167.5 6 39082965 39082965 - 5 0 6_internal_10835 6 39078441 39112054 156 162.414 1.10181 6.2337 2.73643e-06 0.362442 0.00497512 3.19273e-06
ENSG00000164626.8 6 39197226 39197226 - 4 0 6_internal_12216 6 39173939 39198162 156 131.96 1 3.36685 3.45026e-06 0.366675 0.00497512 6.63542e-05
ENSG00000124615.13 6 39902290 39902290 - 5 41687 6_internal_15545 6 39674678 39860603 156 161.743 1.00003 4.67005 0.225492 0.0980109 0.646766 0.681157
ENSG00000180211.5 6 39926572 39926572 - 5 -829609 6_internal_11769 6 40756181 40773678 156 165.232 0.999972 5.06687 0.0318129 0.167889 0.164179 0.130123
ENSG00000124602.5 6 41006928 41006928 - 8 -919972 6_internal_14737 6 41926900 42022995 156 159.154 0.981782 8.05601 0.00209749 0.245003 0.0199005 0.0164246
ENSG00000112212.7 6 41010293 41010293 + 8 147728 6_internal_14746 6 41158021 41274910 156 142.38 1.03851 7.26303 0.0916571 -0.136724 0.552239 0.544039
ENSG00000124701.5 6 41021043 41021043 + 8 103141 6_internal_12670 6 41124184 41157131 156 163.45 0.974764 8.98091 0.250423 0.0913204 0.900498 0.917882
ENSG00000001167.10 6 41040684 41040684 + 8 117337 6_internal_14746 6 41158021 41274910 156 148.992 0.973472 7.38746 0.216261 0.102598 0.840796 0.856418
ENSG00000124596.12 6 41065526 41065526 - 8 291848 6_internal_11769 6 40756181 40773678 156 147.956 0.877899 6.31643 0.117551 -0.126896 0.641791 0.630985
ENSG00000161912.12 6 41068761 41068761 + 8 89260 6_internal_14746 6 41158021 41274910 156 169.315 0.921579 8.58885 0.0741067 0.144645 0.447761 0.465113
ENSG00000228342.1 6 41108570 41108570 - 8 -161039 6_internal_11328 6 41269609 41287816 156 157.021 0.983199 7.88382 0.124572 0.122561 0.661692 0.652516
ENSG00000161911.7 6 41122075 41122075 - 8 348397 6_internal_11769 6 40756181 40773678 156 133.027 1.00446 6.78278 0.00984872 0.20682 0.134328 0.109656
ENSG00000095970.12 6 41130924 41130924 - 8 0 6_internal_12670 6 41124184 41157131 156 135.525 1.00901 7.27687 0.00494474 0.221702 0.0696517 0.0606867
ENSG00000112195.8 6 41168932 41168932 - 8 0 6_internal_11876 6 41149200 41257011 156 157.92 0.931424 8.02446 0.00600846 0.216387 0.0646766 0.0568097
ENSG00000184106.4 6 41190382 41190382 - 8 0 6_internal_14746 6 41158021 41274910 156 177.039 0.989444 10.243 1.28793e-06 0.37094 0.00497512 2.92905e-06
ENSG00000188056.7 6 41196062 41196062 + 8 0 6_internal_14746 6 41158021 41274910 156 163.054 1.11045 7.65129 6.13276e-10 0.47731 0.00497512 2.01416e-10
ENSG00000225690.1 6 41215107 41215107 + 8 0 6_internal_14746 6 41158021 41274910 156 154.218 0.972363 7.50477 2.90389e-06 0.373997 0.00497512 3.36167e-05
ENSG00000218809.1 6 41237977 41237977 - 8 0 6_internal_11876 6 41149200 41257011 156 151.262 1.03977 7.74714 0.000384915 0.282618 0.00995025 0.00288285
ENSG00000124731.8 6 41254457 41254457 - 9 0 6_internal_11876 6 41149200 41257011 156 173.55 0.966555 10.311 0.0326962 0.175086 0.248756 0.237615
ENSG00000137166.10 6 41514164 41514164 + 12 -740486 6_internal_11769 6 40756181 40773678 156 164.47 0.887206 12.2853 0.216545 0.0938618 0.965174 0.951228
ENSG00000234753.1 6 41516359 41516359 - 12 228543 6_internal_11328 6 41269609 41287816 156 164.318 0.984806 12.369 0.03057 0.171049 0.323383 0.288921
ENSG00000268275.1 6 41653964 41653964 + 13 729604 6_internal_11633 6 42383568 42393329 156 137.125 1.11897 11.197 0.0491926 -0.154131 0.517413 0.476713
ENSG00000231102.1 6 41688134 41688134 + 13 -6586 6_internal_10652 6 41650556 41681548 156 168.111 0.932963 12.6444 0.0360479 0.170283 0.333333 0.347352
ENSG00000112561.12 6 41703997 41703997 - 13 22449 6_internal_10652 6 41650556 41681548 156 165.293 0.95378 12.73 0.00652533 0.21575 0.079602 0.0728778
ENSG00000124593.10 6 41748087 41748087 + 13 -460271 6_internal_11328 6 41269609 41287816 156 150.531 1.00214 12.4888 0.0341441 -0.15979 0.378109 0.378177
ENSG00000137218.6 6 41754280 41754280 - 13 -778140 6_internal_11095 6 42532420 42595512 156 140.735 1.09752 11.7771 0.0222119 -0.184278 0.258706 0.258789
ENSG00000214736.3 6 41755400 41755400 + 13 -467584 6_internal_11328 6 41269609 41287816 156 172.179 1.06725 16.5381 0.0222023 -0.17103 0.189055 0.210629
ENSG00000268745.1 6 41759148 41759148 + 13 -502137 6_internal_11876 6 41149200 41257011 156 151.46 1.06312 12.2815 0.200075 -0.0955459 0.930348 0.935122
ENSG00000251403.1 6 41764356 41764356 - 13 -515882 6_internal_10639 6 42280238 42304073 156 142.076 1.0246 11.1391 0.0003485 0.284783 0.0149254 0.00627114
ENSG00000227516.1 6 41836360 41836360 + 12 443949 6_internal_15222 6 42280309 42516429 156 163.785 0.940156 12.181 0.0748805 -0.136139 0.597015 0.602579
ENSG00000164663.9 6 41863099 41863099 - 12 -382176 6_internal_11154 6 42245275 42263796 156 162.505 1.09357 15.905 0.0221257 -0.178905 0.253731 0.230363
ENSG00000124641.10 6 41888877 41888877 - 12 -643543 6_internal_11095 6 42532420 42595512 156 149.861 1.00147 10.0837 0.0792453 -0.144828 0.616915 0.592928
ENSG00000112578.5 6 41888926 41888926 + 12 391312 6_internal_10639 6 42280238 42304073 156 149.678 1.06051 11.6908 0.00935986 0.208228 0.104478 0.103653
ENSG00000206875.1 6 41986252 41986252 - 12 0 6_internal_14737 6 41926900 42022995 156 169.208 0.960894 12.4745 0.000327703 0.282467 0.0199005 0.00293065
ENSG00000223946.1 6 41997791 41997791 + 12 0 6_internal_14737 6 41926900 42022995 156 171.57 1.00103 13.0608 0.00268266 0.240941 0.0348259 0.0211216
ENSG00000112576.8 6 42018095 42018095 - 12 -262143 6_internal_10639 6 42280238 42304073 156 153.669 1.03026 11.846 0.0392358 0.162823 0.373134 0.374781
ENSG00000137413.11 6 42018251 42018251 + 12 0 6_internal_14737 6 41926900 42022995 156 151.277 0.983727 12.8288 0.000118168 0.305384 0.00995025 0.00214246
ENSG00000261068.1 6 42061997 42061997 - 13 -218241 6_internal_10639 6 42280238 42304073 156 162.657 0.863048 13.4397 0.256125 0.0908747 0.99005 0.983205
ENSG00000188112.4 6 42110357 42110357 - 13 -169881 6_internal_10639 6 42280238 42304073 156 159.504 1.10138 14.9752 0.0105736 0.194508 0.124378 0.107084
ENSG00000112599.8 6 42162654 42162654 - 12 -898357 6_internal_9988 6 43061011 43064813 156 190.186 0.79976 13.3268 0.0303652 -0.172244 0.303483 0.294292
ENSG00000048544.5 6 42185603 42185603 - 12 -59672 6_internal_11154 6 42245275 42263796 156 148.886 0.934053 10.8624 0.167172 -0.113249 0.895522 0.892079
ENSG00000221252.1 6 42380134 42380134 - 11 698586 6_internal_10652 6 41650556 41681548 156 161.332 1.02279 12.2096 0.0554602 0.15449 0.487562 0.464461
ENSG00000124496.8 6 42419789 42419789 - 11 0 6_internal_15222 6 42280309 42516429 156 162.109 0.931374 11.0112 1.36402e-12 0.536427 0.00497512 3.33806e-11
ENSG00000024048.6 6 42531800 42531800 + 11 620 6_internal_11095 6 42532420 42595512 156 166.496 1.07869 13.737 0.163542 0.116848 0.870647 0.878595
ENSG00000206848.1 6 42631900 42631900 + 12 643326 6_internal_15189 6 43275226 43338378 156 134.139 1.00988 9.61633 0.0486572 -0.1558 0.507463 0.48518
ENSG00000112619.6 6 42690312 42690312 - 11 296983 6_internal_11633 6 42383568 42393329 156 152.862 0.92404 9.37146 0.250706 0.0921221 0.945274 0.945072
ENSG00000124659.4 6 42714558 42714558 - 12 -560668 6_internal_15189 6 43275226 43338378 156 174.83 0.92017 13.619 0.0825915 -0.134759 0.61194 0.64059
ENSG00000112624.7 6 42714696 42714696 + 12 -198267 6_internal_15222 6 42280309 42516429 156 164.181 0.975461 12.4175 0.0221855 0.179502 0.21393 0.221406
ENSG00000236163.1 6 42756998 42756998 + 12 518228 6_internal_15189 6 43275226 43338378 156 187.596 0.985343 14.9714 0.00159384 0.247483 0.0149254 0.00860267
ENSG00000146223.9 6 42847356 42847356 + 13 746331 6_internal_11257 6 43593687 43613485 156 164.394 0.938893 12.4923 0.0347942 -0.161739 0.348259 0.347693
ENSG00000221821.2 6 42858554 42858554 - 13 594758 6_internal_11154 6 42245275 42263796 156 161.134 0.944452 11.6983 0.0233119 -0.18448 0.243781 0.244736
ENSG00000171611.5 6 42883727 42883727 + 12 807868 6_internal_15931 6 43691595 44030531 156 150.698 1.04426 11.9997 0.0622719 -0.153036 0.547264 0.544613
ENSG00000137161.12 6 42896938 42896938 + 12 -380509 6_internal_15222 6 42280309 42516429 156 142.746 1.16288 11.5828 0.197528 0.0979416 0.920398 0.923763
ENSG00000231113.1 6 42908102 42908102 + 12 384535 6_internal_11785 6 43292637 43361930 156 134.855 1.06489 9.76662 0.0567895 0.147173 0.497512 0.511742
ENSG00000181524.6 6 42924503 42924503 - 12 660707 6_internal_11154 6 42245275 42263796 156 163.998 1.09788 12.2698 0.0182618 -0.182797 0.119403 0.141959
ENSG00000124713.5 6 42928496 42928496 + 12 -664700 6_internal_11154 6 42245275 42263796 156 160.921 0.945781 10.8467 0.0349648 -0.159142 0.323383 0.324147
ENSG00000124587.9 6 42946958 42946958 - 12 -114053 6_internal_9988 6 43061011 43064813 156 177.511 0.892479 13.3156 0.0903965 -0.134499 0.651741 0.669681
ENSG00000112640.10 6 42952237 42952237 + 12 822440 6_internal_13910 6 43774677 43824416 156 154.004 1.02595 10.7562 0.128136 -0.118788 0.781095 0.770202
ENSG00000124733.3 6 42981706 42981706 - 12 -293520 6_internal_15189 6 43275226 43338378 156 165.872 0.960851 11.8782 0.184599 -0.104634 0.900498 0.899321
ENSG00000124702.12 6 42981951 42981951 + 12 792726 6_internal_13910 6 43774677 43824416 156 163.419 0.818772 10.292 0.01297 -0.192464 0.174129 0.169997
ENSG00000124541.5 6 42989383 42989383 + 12 -596054 6_internal_11633 6 42383568 42393329 156 148.794 1.03546 10.9936 0.0737993 0.141289 0.587065 0.588847
ENSG00000240625.2 6 43004238 43004238 - 12 -270988 6_internal_15189 6 43275226 43338378 156 166.177 0.893853 11.8909 0.115076 0.128848 0.721393 0.765137
ENSG00000137171.10 6 43008515 43008515 + 12 585172 6_internal_11257 6 43593687 43613485 156 170.595 0.958274 12.9951 0.0756775 0.138563 0.59204 0.590655
ENSG00000044090.4 6 43021683 43021683 - 12 757887 6_internal_11154 6 42245275 42263796 156 181.32 0.932226 15.1742 0.00778683 -0.209093 0.0746269 0.0750363
ENSG00000112651.7 6 43027544 43027544 - 11 511115 6_internal_15222 6 42280309 42516429 156 158.803 0.959683 11.1398 0.0900975 -0.133756 0.646766 0.654955
ENSG00000112655.11 6 43044006 43044006 + 11 17005 6_internal_9988 6 43061011 43064813 156 182.554 0.897326 13.4456 0.0898937 0.138868 0.621891 0.648466
ENSG00000112658.6 6 43139037 43139037 + 11 136189 6_internal_15189 6 43275226 43338378 156 158.285 1.11197 11.7464 0.10571 -0.12722 0.701493 0.681858
ENSG00000112659.8 6 43149913 43149913 + 11 443774 6_internal_11257 6 43593687 43613485 156 159.809 0.959861 10.9387 0.0781514 0.135564 0.58209 0.589706
ENSG00000245261.1 6 43191598 43191598 - 12 -402089 6_internal_11257 6 43593687 43613485 156 149.556 1.04625 10.8156 0.000792683 0.255 0.00995025 0.00874703
ENSG00000112667.8 6 43197222 43197222 - 12 -95415 6_internal_11785 6 43292637 43361930 156 145.046 1.08956 10.9522 0.150812 -0.108997 0.875622 0.843709
ENSG00000137204.10 6 43263432 43263432 + 12 -198619 6_internal_9988 6 43061011 43064813 156 163.495 0.889399 11.3022 0.162265 -0.108176 0.840796 0.87075
ENSG00000146215.9 6 43276535 43276535 - 11 0 6_internal_15189 6 43275226 43338378 156 137.17 1.04255 9.17473 0.00138866 0.245501 0.0149254 0.0207866
ENSG00000219222.1 6 43277969 43277969 + 11 14668 6_internal_11785 6 43292637 43361930 156 146.387 1.06136 9.8471 0.0212967 0.187419 0.20398 0.202424
ENSG00000220614.1 6 43295872 43295872 + 12 0 6_internal_11785 6 43292637 43361930 156 168.142 0.926416 11.7239 0.03538 0.166224 0.338308 0.325652
ENSG00000179157.4 6 43331217 43331217 + 11 -937888 6_internal_11633 6 42383568 42393329 156 156.807 1.1071 11.5217 0.0291253 0.170497 0.223881 0.240485
ENSG00000171467.10 6 43337181 43337181 - 11 0 6_internal_11785 6 43292637 43361930 156 207.081 0.881046 15.9738 0.00789383 0.210712 0.0646766 0.053743
ENSG00000124574.9 6 43395104 43395104 + 10 -799592 6_internal_11095 6 42532420 42595512 156 158.788 1.00078 10.9369 0.00282659 0.23384 0.0298507 0.027877
ENSG00000171462.9 6 43424370 43424370 - 10 907941 6_internal_15222 6 42280309 42516429 156 160.601 1.00911 10.1696 0.102478 0.127856 0.661692 0.64414
ENSG00000137221.9 6 43445261 43445261 + 10 246334 6_internal_15931 6 43691595 44030531 156 143.752 1.1073 9.68533 0.0149448 -0.19167 0.134328 0.13846
ENSG00000171453.12 6 43477440 43477440 + 10 116247 6_internal_11257 6 43593687 43613485 156 147.667 1.09579 10.1197 0.0400743 -0.158371 0.318408 0.334404
ENSG00000204052.3 6 43478424 43478424 - 10 -804264 6_internal_10903 6 44282688 44302908 156 152.648 1.05046 10.6534 0.155943 -0.111108 0.845771 0.833012
