ENSG00000181555.15 3 47205457 47205457 - 13 791191 3_internal_17023 3 46182453 46414266 156 145.153 1.05234 12.1614 0.0751523 0.143077 0.641791 0.644719
ENSG00000227398.2 3 47205987 47205987 + 13 -684752 3_internal_11223 3 46500340 46521235 156 145.504 1.02862 10.8824 0.0108032 0.203154 0.124378 0.131682
ENSG00000114648.7 3 47324407 47324407 + 12 -914067 3_internal_14857 3 46317532 46410340 156 134.55 1.08308 10.3661 0.0319582 -0.170394 0.358209 0.351035
ENSG00000088727.8 3 47324941 47324941 - 12 -146142 3_internal_15790 3 47471083 47485691 156 188.129 0.93705 18.8007 0.247386 -0.0893032 1 0.987999
ENSG00000260236.1 3 47422489 47422489 - 9 890805 3_internal_11633 3 46500298 46531684 156 150.013 1.06602 8.02106 0.0118845 -0.203741 0.0895522 0.0877587
ENSG00000076201.9 3 47422501 47422501 + 9 42840 3_internal_14485 3 47465341 47470198 156 172.072 0.98261 11.2267 0.298596 -0.083221 0.985075 0.973816
ENSG00000238350.1 3 47507839 47507839 + 8 -986604 3_internal_11223 3 46500340 46521235 156 149.784 1.11071 9.16461 0.410978 -0.0678394 0.9801 0.991572
ENSG00000114650.14 3 47518616 47518616 - 8 -987224 3_internal_16456 3 48505840 48558165 156 139.029 1.10184 7.24184 0.00196151 -0.247585 0.00995025 0.0164547
ENSG00000200837.1 3 47542573 47542573 + 6 -72375 3_internal_14485 3 47465341 47470198 156 153.852 1.0185 6.64414 0.131931 -0.119666 0.60199 0.609755
ENSG00000163832.11 3 47555251 47555251 - 6 -950589 3_internal_16456 3 48505840 48558165 156 126.308 0.999958 4.63534 0.0613132 -0.147843 0.328358 0.361848
ENSG00000114646.5 3 47622282 47622282 - 7 136591 3_internal_15790 3 47471083 47485691 156 158.346 1.05425 6.93254 0.202455 -0.101612 0.751244 0.769676
ENSG00000214773.1 3 47646167 47646167 - 7 -183472 3_internal_14212 3 47829639 47844236 156 145.915 1.11749 7.43447 0.0914575 -0.137688 0.557214 0.501886
ENSG00000235695.1 3 47705116 47705116 + 7 -289645 3_internal_10956 3 47402875 47415471 156 170.122 1.01041 9.65119 0.106416 0.1317 0.597015 0.600523
ENSG00000266457.1 3 47810601 47810601 + 7 -395130 3_internal_10956 3 47402875 47415471 156 175.988 0.880968 7.95162 0.0138014 0.201926 0.0945274 0.0979981
ENSG00000173473.6 3 47823596 47823596 - 7 -6043 3_internal_14212 3 47829639 47844236 156 163.724 1.10343 8.48405 0.0548691 -0.150398 0.328358 0.302509
ENSG00000132153.10 3 47844399 47844399 + 7 744711 3_internal_11599 3 48589110 48673903 156 136.759 1.08673 6.39596 0.339238 -0.075011 0.925373 0.940524
ENSG00000221585.1 3 47891045 47891045 + 8 492669 3_internal_13146 3 48383714 48413026 156 159.108 0.989269 8.28705 0.045138 -0.159713 0.273632 0.310401
ENSG00000199591.1 3 47973404 47973404 - 9 -943633 3_internal_14279 3 48917037 48937617 156 144.087 1.00772 7.23525 0.0273451 -0.174973 0.223881 0.218201
ENSG00000224895.1 3 48002571 48002571 - 9 587100 3_internal_10956 3 47402875 47415471 156 160.464 1.06039 9.5097 0.249575 0.0951986 0.905473 0.921579
ENSG00000047849.17 3 48130769 48130769 - 9 715298 3_internal_10956 3 47402875 47415471 156 146.021 1.06427 8.73136 0.00686779 -0.214098 0.0646766 0.0622597
ENSG00000265078.1 3 48136595 48136595 - 9 721124 3_internal_10956 3 47402875 47415471 156 160.174 1.04004 10.0926 0.0778708 0.131583 0.542289 0.521547
ENSG00000164045.7 3 48229892 48229892 - 10 -359218 3_internal_11599 3 48589110 48673903 156 161.271 0.948578 8.4303 0.0548144 -0.151131 0.373134 0.380607
ENSG00000164047.3 3 48264837 48264837 + 10 -794639 3_internal_14485 3 47465341 47470198 156 137.719 1.05827 8.71089 0.036566 0.160824 0.358209 0.331215
ENSG00000164048.9 3 48282590 48282590 + 10 101124 3_internal_13146 3 48383714 48413026 156 164.425 0.937909 10.9497 0.00108636 0.267102 0.00995025 0.0119073
ENSG00000229759.1 3 48298428 48298428 - 10 -85286 3_internal_13146 3 48383714 48413026 156 140.659 1.06201 9.65256 0.000631181 0.276359 0.0248756 0.00834266
ENSG00000228638.1 3 48332865 48332865 - 10 -584172 3_internal_14279 3 48917037 48937617 156 142.548 0.987412 8.9675 0.114783 -0.12705 0.726368 0.722681
ENSG00000172113.4 3 48343175 48343175 - 10 857484 3_internal_15790 3 47471083 47485691 156 155.086 0.94932 9.03282 0.154152 -0.112228 0.79602 0.797317
ENSG00000229453.1 3 48369831 48369831 - 10 -837849 3_internal_13368 3 49207680 49317178 156 148.642 1.10977 10.7955 0.0357176 0.167227 0.318408 0.310206
ENSG00000265053.1 3 48421324 48421324 + 9 84516 3_internal_16456 3 48505840 48558165 156 170.259 0.966827 9.27887 0.022252 0.181536 0.169154 0.15774
ENSG00000164050.8 3 48471594 48471594 - 8 627358 3_internal_14212 3 47829639 47844236 156 164.364 0.947832 8.0262 0.206125 0.0956533 0.820896 0.836489
ENSG00000232112.3 3 48481667 48481667 + 8 24173 3_internal_16456 3 48505840 48558165 156 153.288 0.982852 7.22725 0.0017935 -0.233737 0.0199005 0.0152938
ENSG00000164051.9 3 48481866 48481866 - 8 637630 3_internal_14212 3 47829639 47844236 156 166.283 1.04955 8.46013 0.0371223 0.165951 0.19403 0.216637
ENSG00000244380.1 3 48488060 48488060 - 8 -17780 3_internal_16456 3 48505840 48558165 156 166.695 1.06102 7.92781 0.0648352 -0.145206 0.363184 0.340522
ENSG00000164053.13 3 48488114 48488114 + 8 -643878 3_internal_14212 3 47829639 47844236 156 155.695 1.01044 6.49953 0.414693 0.0655265 0.9801 0.968807
ENSG00000213689.5 3 48506445 48506445 + 8 -93419 3_internal_13146 3 48383714 48413026 156 150.424 1.11097 8.67647 0.0036151 -0.231802 0.0149254 0.0241953
ENSG00000164054.11 3 48542259 48542259 - 8 0 3_internal_16456 3 48505840 48558165 156 177.541 0.965667 9.07849 0.00112072 0.251792 0.0149254 0.00560113
ENSG00000114268.7 3 48599448 48599448 - 8 41283 3_internal_16456 3 48505840 48558165 156 188.282 0.840601 10.1221 0.0133533 0.185672 0.109453 0.104778
ENSG00000145040.3 3 48601206 48601206 - 8 43041 3_internal_16456 3 48505840 48558165 156 153.7 1.23613 9.37039 0.0571907 0.152253 0.318408 0.332154
ENSG00000114270.11 3 48632700 48632700 - 8 0 3_internal_11599 3 48589110 48673903 156 137.582 1.04382 6.18901 0.00139916 0.25404 0.0149254 0.0136686
ENSG00000010256.6 3 48648409 48648409 - 8 90244 3_internal_16456 3 48505840 48558165 156 160.311 0.965626 7.40595 0.134632 -0.115476 0.651741 0.655348
ENSG00000183396.3 3 48659288 48659288 - 8 -224658 3_internal_11289 3 48883946 49455793 156 169.894 0.966722 8.75828 0.0707016 -0.140796 0.427861 0.430207
ENSG00000225697.6 3 48672926 48672926 - 8 -813257 3_internal_13555 3 49486183 49510089 156 151.491 0.986748 7.05065 0.0151423 0.198672 0.124378 0.115687
ENSG00000008300.10 3 48700348 48700348 - 8 -183598 3_internal_11289 3 48883946 49455793 156 174.281 0.925497 8.32742 0.103084 0.132272 0.557214 0.556761
ENSG00000228350.1 3 48701209 48701209 + 8 506471 3_internal_13368 3 49207680 49317178 156 129.812 1.11427 7.19853 0.446445 -0.0624486 0.99005 0.989855
ENSG00000213672.3 3 48723797 48723797 - 8 -160149 3_internal_11289 3 48883946 49455793 156 149.099 0.994927 6.9869 0.00587331 -0.210726 0.0597015 0.0492813
ENSG00000068745.10 3 48777786 48777786 - 8 -708397 3_internal_13555 3 49486183 49510089 156 161.698 1.04919 8.88199 0.0211238 0.188095 0.149254 0.13984
ENSG00000224424.6 3 48885005 48885005 + 9 -471979 3_internal_13146 3 48383714 48413026 156 159.885 0.892057 9.10335 0.0995688 -0.129144 0.606965 0.645616
ENSG00000114302.11 3 48885279 48885279 - 9 -31758 3_internal_14279 3 48917037 48937617 156 149.221 1.02696 8.40969 0.0192816 0.188967 0.169154 0.161994
ENSG00000178537.5 3 48936426 48936426 - 9 0 3_internal_14279 3 48917037 48937617 156 155.802 1.07448 8.88501 8.0305e-07 0.369284 0.00497512 2.9177e-06
ENSG00000177479.15 3 48956254 48956254 + 10 529929 3_internal_13555 3 49486183 49510089 156 149.266 1.05632 10.1925 0.121686 0.117956 0.756219 0.740161
ENSG00000221883.2 3 48956818 48956818 - 10 19201 3_internal_14279 3 48917037 48937617 156 174.053 1.05599 12.7251 0.00150896 0.248836 0.00497512 0.00768385
ENSG00000235236.1 3 49021418 49021418 - 10 -464765 3_internal_13555 3 49486183 49510089 156 156.411 0.963587 8.9837 0.0743174 0.143788 0.537313 0.515557
ENSG00000178467.12 3 49027319 49027319 + 10 458864 3_internal_13555 3 49486183 49510089 156 161.789 0.955802 11.0585 0.0778684 0.135316 0.567164 0.585102
ENSG00000223343.1 3 49027421 49027421 - 10 -811617 3_internal_11978 3 49839038 50177176 156 160.189 0.878962 8.81958 0.0893758 0.139005 0.572139 0.599839
ENSG00000178252.11 3 49044495 49044495 + 10 163185 3_internal_13368 3 49207680 49317178 156 142.289 1.06263 9.19634 0.0164469 0.180264 0.154229 0.162819
ENSG00000199032.1 3 49057667 49057667 - 10 499502 3_internal_16456 3 48505840 48558165 156 164.135 0.883329 9.91946 0.129778 0.119653 0.736318 0.76004
ENSG00000178057.9 3 49057892 49057892 + 10 781146 3_internal_11978 3 49839038 50177176 156 150.714 1.1011 10.6122 0.0083979 0.213219 0.0746269 0.0738628
ENSG00000207605.1 3 49058142 49058142 - 10 0 3_internal_11289 3 48883946 49455793 156 162.657 0.973646 10.3338 0.0171993 0.186461 0.149254 0.153309
ENSG00000178149.12 3 49059726 49059726 - 10 0 3_internal_11289 3 48883946 49455793 156 162.079 0.928975 9.06083 0.0609224 0.138115 0.412935 0.441894
ENSG00000178035.7 3 49066841 49066841 - 10 -772197 3_internal_11978 3 49839038 50177176 156 156.899 0.979922 10.1076 0.0298661 0.173482 0.268657 0.269132
ENSG00000241461.2 3 49120666 49120666 + 10 719153 3_internal_11531 3 49839819 49894761 156 163.83 0.958494 9.75024 0.0804931 -0.141344 0.542289 0.542965
ENSG00000198218.5 3 49131796 49131796 - 10 194179 3_internal_14279 3 48917037 48937617 156 204.613 0.802512 12.9544 0.0493581 -0.149518 0.353234 0.371962
ENSG00000172053.10 3 49142553 49142553 - 10 584388 3_internal_16456 3 48505840 48558165 156 143.462 1.03299 9.24241 0.000150219 -0.285465 0.00497512 0.00208436
ENSG00000172046.14 3 49158371 49158371 - 10 600206 3_internal_16456 3 48505840 48558165 156 181.533 0.942053 11.7631 0.284221 0.0850387 0.970149 0.968673
ENSG00000172037.9 3 49170551 49170551 - 10 -668487 3_internal_11978 3 49839038 50177176 156 136.287 1.06983 7.99034 0.00286165 0.236848 0.0447761 0.0325935
ENSG00000177352.9 3 49203754 49203754 - 10 -736950 3_internal_12591 3 49940704 49981445 156 146.021 1.02052 8.11305 0.021382 -0.178881 0.19403 0.18485
ENSG00000185909.10 3 49209044 49209044 + 10 0 3_internal_13368 3 49207680 49317178 156 171.036 0.969241 9.93892 4.12092e-06 0.341581 0.00497512 2.00724e-05
ENSG00000173421.12 3 49235861 49235861 + 10 -822835 3_internal_13146 3 48383714 48413026 156 167.106 1.04491 10.6292 0.134714 0.120037 0.726368 0.732912
ENSG00000225399.3 3 49297518 49297518 + 10 -623615 3_internal_11599 3 48589110 48673903 156 134.687 1.14003 8.98541 0.118374 -0.122927 0.746269 0.715081
ENSG00000199546.1 3 49307565 49307565 + 10 633139 3_internal_12591 3 49940704 49981445 156 170.229 0.873669 11.3449 0.128464 0.121629 0.766169 0.782991
ENSG00000264633.1 3 49311553 49311553 + 10 0 3_internal_13368 3 49207680 49317178 156 176.338 0.785632 9.13551 0.253533 -0.0939306 0.945274 0.933537
ENSG00000188315.3 3 49315342 49315342 - 10 902316 3_internal_13146 3 48383714 48413026 156 168.523 0.985106 9.45259 0.0227521 0.184826 0.169154 0.16221
ENSG00000114316.8 3 49378145 49378145 - 11 -460893 3_internal_11978 3 49839038 50177176 156 153.882 0.967069 10.6354 0.113509 0.121887 0.731343 0.741874
ENSG00000233276.2 3 49396033 49396033 - 11 -938098 3_internal_10867 3 50334131 50389567 156 181.883 0.908168 11.8955 0.0180329 0.196304 0.149254 0.149706
ENSG00000235908.1 3 49404439 49404439 - 11 -929692 3_internal_10867 3 50334131 50389567 156 133.148 1.04806 7.76706 0.00814953 -0.204651 0.104478 0.0949886
ENSG00000145022.4 3 49449639 49449639 + 10 884492 3_internal_10867 3 50334131 50389567 156 162.139 0.875197 8.96535 0.0697036 0.142856 0.517413 0.510916
ENSG00000067560.6 3 49450431 49450431 - 10 -389388 3_internal_11531 3 49839819 49894761 156 183.117 0.880098 11.4257 0.213194 0.09314 0.920398 0.912473
ENSG00000145020.10 3 49460186 49460186 - 10 143008 3_internal_13368 3 49207680 49317178 156 156.259 1.03407 9.86688 0.113251 -0.128199 0.681592 0.680795
ENSG00000235261.1 3 49460379 49460379 + 10 -902214 3_internal_16456 3 48505840 48558165 156 156.411 1.03468 9.36324 0.182997 0.111592 0.845771 0.840376
ENSG00000145029.7 3 49466759 49466759 - 10 -372279 3_internal_11978 3 49839038 50177176 156 165.491 0.958236 10.354 0.0682893 0.151663 0.507463 0.495299
ENSG00000173402.7 3 49506146 49506146 + 10 -568529 3_internal_14279 3 48917037 48937617 156 136.211 1.05838 7.70281 0.190325 -0.107197 0.855721 0.84135
ENSG00000164061.4 3 49591922 49591922 + 9 742209 3_internal_10867 3 50334131 50389567 156 172.773 0.910303 8.93558 0.15935 -0.113161 0.756219 0.766273
ENSG00000164062.8 3 49711435 49711435 + 10 -773818 3_internal_14279 3 48917037 48937617 156 148.87 1.02917 9.25883 0.173889 0.10764 0.835821 0.841315
ENSG00000259970.1 3 49722416 49722416 - 10 -218288 3_internal_12591 3 49940704 49981445 156 147.088 1.03708 8.98164 0.0213943 0.185145 0.189055 0.192807
ENSG00000164068.11 3 49726932 49726932 + 10 213772 3_internal_12591 3 49940704 49981445 156 171.783 1.04174 11.9581 0.000284351 -0.290337 0.00497512 0.00125649
ENSG00000173531.10 3 49726934 49726934 - 10 -898511 3_internal_11896 3 50625445 50651693 156 138.633 0.961415 7.90864 0.119135 0.121909 0.716418 0.71583
ENSG00000176020.7 3 49761349 49761349 - 10 -179355 3_internal_12591 3 49940704 49981445 156 160.083 1.04464 11.1941 0.000954473 -0.254541 0.0199005 0.00726449
ENSG00000173540.8 3 49761384 49761384 - 10 -179320 3_internal_12591 3 49940704 49981445 156 164.425 1.08871 11.3245 0.000841444 -0.259242 0.00497512 0.00425715
ENSG00000239576.1 3 49795916 49795916 + 10 856938 3_internal_12568 3 50652854 50690431 156 163.968 1.00289 10.3316 0.132673 0.119387 0.751244 0.741802
ENSG00000244730.1 3 49812718 49812718 + 10 521413 3_internal_10867 3 50334131 50389567 156 180.558 0.811019 10.1208 0.181273 0.109063 0.845771 0.85705
ENSG00000176095.7 3 49823975 49823975 - 10 886358 3_internal_14279 3 48917037 48937617 156 178.364 0.810676 10.1674 0.0202788 0.18324 0.233831 0.195904
ENSG00000187492.4 3 49837268 49837268 - 10 -1770 3_internal_11978 3 49839038 50177176 156 139.852 0.97617 8.78365 0.0114709 -0.198159 0.124378 0.14533
ENSG00000185614.4 3 49840687 49840687 + 10 100017 3_internal_12591 3 49940704 49981445 156 152.298 0.990655 9.61946 0.0392367 -0.160815 0.363184 0.340186
ENSG00000263506.1 3 49843678 49843678 - 10 -97026 3_internal_12591 3 49940704 49981445 156 180.954 0.919033 12.2172 0.00961813 0.20276 0.0746269 0.0806329
ENSG00000182179.6 3 49851379 49851379 - 10 -89325 3_internal_12591 3 49940704 49981445 156 134.839 1.06476 7.77755 0.0139176 0.192685 0.154229 0.139568
ENSG00000183763.4 3 49894007 49894007 - 10 438214 3_internal_11289 3 48883946 49455793 156 159.595 0.959401 9.05333 0.0287846 0.165267 0.263682 0.236326
ENSG00000228008.1 3 49941278 49941278 + 9 -624100 3_internal_13368 3 49207680 49317178 156 163.739 0.978966 8.96792 0.00522783 -0.222289 0.0597015 0.0401719
ENSG00000164078.7 3 49941299 49941299 - 9 -392832 3_internal_10867 3 50334131 50389567 156 172.499 0.911818 7.96385 0.219167 -0.0947756 0.850746 0.846151
ENSG00000164077.9 3 49967606 49967606 - 9 -657839 3_internal_11896 3 50625445 50651693 156 153.715 1.15349 10.2663 0.0144307 0.197505 0.0845771 0.101898
ENSG00000004534.9 3 49977440 49977440 + 9 0 3_internal_12591 3 49940704 49981445 156 164.607 0.886645 8.33203 2.21939e-12 0.519103 0.00497512 9.22328e-11
ENSG00000003756.12 3 50126341 50126341 + 9 -670548 3_internal_11289 3 48883946 49455793 156 161.195 1.06731 11.0575 0.070588 0.140626 0.487562 0.499711
ENSG00000001617.7 3 50192478 50192478 + 9 -211033 3_internal_12591 3 49940704 49981445 156 155.436 1.0035 9.11275 0.0815195 -0.134403 0.527363 0.540193
ENSG00000235016.1 3 50193518 50193518 - 9 737725 3_internal_11289 3 48883946 49455793 156 171.295 1.00403 9.61908 0.0166445 0.18116 0.129353 0.1093
ENSG00000114353.12 3 50263724 50263724 + 9 -807931 3_internal_11289 3 48883946 49455793 156 173.977 0.966676 9.44759 0.0199633 -0.183169 0.129353 0.134957
ENSG00000213600.2 3 50277054 50277054 + 9 -959876 3_internal_13368 3 49207680 49317178 156 164.714 0.897231 9.32027 0.147793 -0.116848 0.781095 0.779999
ENSG00000230454.1 3 50297735 50297735 + 9 -980557 3_internal_13368 3 49207680 49317178 156 161.789 1.02566 10.8952 0.504157 -0.0556474 1 0.999396
ENSG00000232352.1 3 50304803 50304803 - 9 323358 3_internal_12591 3 49940704 49981445 156 143.919 1.02744 7.96994 0.12368 0.125343 0.676617 0.687337
ENSG00000012171.13 3 50304990 50304990 + 9 -127814 3_internal_11978 3 49839038 50177176 156 123.581 1.12236 6.92481 0.191901 -0.108566 0.810945 0.831561
ENSG00000179564.3 3 50316458 50316458 + 9 308987 3_internal_11896 3 50625445 50651693 156 165.948 0.939763 9.27712 0.230785 -0.0943411 0.925373 0.90578
ENSG00000214706.6 3 50330349 50330349 - 8 820260 3_internal_13555 3 49486183 49510089 156 154.629 1.02063 7.8216 0.14302 -0.115368 0.696517 0.69835
ENSG00000243477.1 3 50336852 50336852 - 8 826763 3_internal_13555 3 49486183 49510089 156 137.612 1.0842 6.2211 0.0176555 -0.188654 0.119403 0.124787
ENSG00000186792.11 3 50336899 50336899 - 8 -315955 3_internal_12568 3 50652854 50690431 156 164.364 0.929015 7.20457 0.241808 0.0938557 0.860697 0.862805
ENSG00000114378.12 3 50349812 50349812 - 8 368367 3_internal_12591 3 49940704 49981445 156 164.409 0.950271 7.63043 0.0294718 -0.173767 0.21393 0.19721
ENSG00000068001.9 3 50360337 50360337 - 8 850248 3_internal_13555 3 49486183 49510089 156 148.017 1.01401 7.83703 0.00622857 -0.213785 0.0646766 0.0563117
ENSG00000114383.5 3 50365682 50365682 - 8 -287172 3_internal_12568 3 50652854 50690431 156 167.06 0.979522 8.89666 0.227086 0.0960174 0.880597 0.882756
ENSG00000068028.13 3 50378411 50378411 - 8 0 3_internal_10867 3 50334131 50389567 156 174.418 1.02422 10.3094 0.0615924 0.154046 0.412935 0.386774
ENSG00000235058.1 3 50378537 50378537 + 8 -868448 3_internal_13555 3 49486183 49510089 156 158.026 0.961305 7.30358 0.193763 0.103498 0.80597 0.798174
ENSG00000004838.9 3 50384283 50384283 - 8 0 3_internal_10867 3 50334131 50389567 156 162.657 0.904969 7.6819 0.0927397 -0.128476 0.512438 0.543921
ENSG00000114395.6 3 50388126 50388126 + 8 237319 3_internal_11896 3 50625445 50651693 156 138.938 1.05948 7.05117 0.0341498 0.164319 0.273632 0.255592
ENSG00000114388.8 3 50388522 50388522 - 8 878433 3_internal_13555 3 49486183 49510089 156 165.415 0.965978 9.29727 0.166446 -0.108553 0.78607 0.798958
ENSG00000126062.3 3 50397041 50397041 - 8 7474 3_internal_10867 3 50334131 50389567 156 145.245 1.04555 7.82293 0.104767 0.127838 0.621891 0.605345
ENSG00000007402.7 3 50541675 50541675 - 6 -83770 3_internal_11896 3 50625445 50651693 156 130.239 1.00001 4.53625 0.212994 0.101071 0.716418 0.737424
ENSG00000114735.5 3 50606583 50606583 + 6 -429407 3_internal_11978 3 49839038 50177176 156 150.241 0.999943 4.95865 0.116481 0.123101 0.497512 0.479785
ENSG00000088543.10 3 50608458 50608458 - 6 431282 3_internal_11978 3 49839038 50177176 156 173.032 0.888584 5.52196 0.0620962 0.153244 0.298507 0.293855
ENSG00000114738.6 3 50648951 50648951 + 6 3903 3_internal_12568 3 50652854 50690431 156 166.801 0.965353 6.31497 0.00652881 0.211898 0.039801 0.0349357
ENSG00000114737.11 3 50649262 50649262 - 6 472086 3_internal_11978 3 49839038 50177176 156 160.25 1.07117 7.01708 0.0248087 -0.174587 0.124378 0.128074
ENSG00000088538.11 3 50712672 50712672 + 7 -731227 3_internal_12591 3 49940704 49981445 156 131.016 0.999995 5.14612 0.111088 -0.121556 0.59204 0.551727
ENSG00000145050.11 3 51422478 51422478 + 5 806648 3_internal_11582 3 52229126 52248797 156 162.277 0.999952 4.978 0.222309 0.0949274 0.711443 0.69691
ENSG00000179837.6 3 51428731 51428731 + 5 800395 3_internal_11582 3 52229126 52248797 156 195.396 0.909514 5.74777 0.342148 0.0771604 0.875622 0.87589
ENSG00000145041.11 3 51534010 51534010 - 6 882317 3_internal_11896 3 50625445 50651693 156 165.064 1.02806 6.7128 0.113515 -0.125555 0.517413 0.507126
ENSG00000164080.7 3 51575596 51575596 + 6 653530 3_internal_11582 3 52229126 52248797 156 150.013 1.00002 5.3888 0.233196 -0.0933873 0.761194 0.775963
ENSG00000164081.8 3 51696709 51696709 + 4 532417 3_internal_11582 3 52229126 52248797 156 180.192 0.999985 4.18133 0.382787 -0.0648503 0.810945 0.832922
ENSG00000164082.10 3 51741086 51741086 + 4 488414 3_internal_11399 3 52229500 52276312 156 163.069 0.999971 4.31877 0.116392 0.130575 0.393035 0.390787
ENSG00000241789.2 3 51906221 51906221 + 4 589992 3_internal_12605 3 52496213 52510718 156 147.21 1.00005 4.00687 0.103974 -0.131903 0.358209 0.385041
ENSG00000114767.6 3 51975957 51975957 - 4 -520256 3_internal_12605 3 52496213 52510718 156 167.548 1.00002 4.6953 0.709081 0.029271 1 0.996437
ENSG00000041880.10 3 51976361 51976361 + 4 -265204 3_internal_14675 3 51655191 51711157 156 130.284 1.00004 3.2513 0.629744 -0.0376603 0.975124 0.969921
ENSG00000248487.4 3 52005442 52005442 + 4 223684 3_internal_11582 3 52229126 52248797 156 158.392 1.00003 4.09527 0.167297 0.11105 0.532338 0.519953
ENSG00000090097.15 3 52008032 52008032 - 4 -221094 3_internal_11582 3 52229126 52248797 156 161.378 1.00001 4.10724 0.180897 -0.105478 0.527363 0.542882
ENSG00000254782.1 3 52008047 52008047 - 4 -221079 3_internal_11582 3 52229126 52248797 156 140.324 1.00003 3.79835 0.616179 0.0384499 0.985075 0.978148
ENSG00000114786.11 3 52009066 52009066 + 4 -297909 3_internal_14675 3 51655191 51711157 156 152.679 0.999978 4.05698 0.257355 0.0861893 0.721393 0.709261
ENSG00000243989.3 3 52009066 52009066 + 4 -297909 3_internal_14675 3 51655191 51711157 156 177.13 0.999989 5.17829 0.307931 0.0783202 0.830846 0.813809
ENSG00000114779.15 3 52017425 52017425 - 4 -211701 3_internal_11582 3 52229126 52248797 156 146.479 1.00004 3.85397 0.529759 0.0494528 0.950249 0.950944
ENSG00000162244.5 3 52029958 52029958 - 4 -199542 3_internal_11399 3 52229500 52276312 156 170.686 1.00003 4.45411 0.19973 -0.102297 0.572139 0.586277
ENSG00000164086.8 3 52090566 52090566 - 4 -138934 3_internal_11399 3 52229500 52276312 156 160.098 0.999963 4.10913 0.0988351 0.13548 0.318408 0.334968
ENSG00000164087.3 3 52188706 52188706 - 7 -307507 3_internal_12605 3 52496213 52510718 156 153.974 0.965913 6.36591 0.0483385 0.156443 0.288557 0.292856
ENSG00000023330.10 3 52232102 52232102 + 8 0 3_internal_11399 3 52229500 52276312 156 168.538 0.989006 7.86056 0.236775 0.0976458 0.845771 0.858711
ENSG00000173366.11 3 52265206 52265206 - 9 16409 3_internal_11582 3 52229126 52248797 156 165.141 0.964825 8.9158 0.0888308 0.125751 0.537313 0.540604
ENSG00000247596.3 3 52273177 52273177 - 9 24380 3_internal_11582 3 52229126 52248797 156 144.925 1.00896 7.39678 0.22926 0.0932916 0.885572 0.875164
ENSG00000239732.2 3 52273183 52273183 - 9 24386 3_internal_11582 3 52229126 52248797 156 160.555 1.00967 9.78312 0.203682 0.0955545 0.865672 0.881576
ENSG00000243224.1 3 52273274 52273274 + 9 222939 3_internal_12605 3 52496213 52510718 156 176.643 1.03975 11.0939 0.0673631 0.144317 0.432836 0.425395
ENSG00000164088.13 3 52279841 52279841 + 9 216372 3_internal_12605 3 52496213 52510718 156 148.352 0.995978 9.47046 0.118151 0.120035 0.731343 0.726863
ENSG00000199150.1 3 52302379 52302379 - 10 26067 3_internal_11399 3 52229500 52276312 156 177.953 0.881311 9.97862 0.0428548 0.157666 0.313433 0.32176
ENSG00000168237.13 3 52321105 52321105 + 10 834293 3_internal_12471 3 53155398 53231701 156 176.902 0.85814 10.9143 0.0442176 -0.153848 0.333333 0.369369
ENSG00000164091.7 3 52322036 52322036 - 10 -825420 3_internal_10991 3 53147456 53167290 156 172.072 0.985366 10.6012 0.0609303 0.146872 0.427861 0.420044
ENSG00000207926.1 3 52328324 52328324 - 10 79527 3_internal_11582 3 52229126 52248797 156 158.438 1.05338 10.6793 0.0284545 -0.171921 0.243781 0.23336
ENSG00000242797.1 3 52333083 52333083 - 10 -921506 3_internal_12929 3 53254589 53306292 156 146.341 1.00864 8.90613 0.0714592 0.146859 0.522388 0.524169
ENSG00000114841.12 3 52350335 52350335 + 10 805063 3_internal_12471 3 53155398 53231701 156 171.554 1.00998 11.1542 0.0807442 -0.134162 0.572139 0.534087
ENSG00000239557.1 3 52407668 52407668 + 11 739788 3_internal_10991 3 53147456 53167290 156 160.845 0.973374 11.6535 0.0659717 0.140963 0.532338 0.537471
ENSG00000010318.14 3 52443510 52443510 + 12 849763 3_internal_11878 3 53293273 53307816 156 179.019 0.996763 15.4775 0.0391873 0.160811 0.38806 0.348262
ENSG00000163930.5 3 52444366 52444366 - 12 -711640 3_internal_15885 3 53156006 53231452 156 151.11 1.00007 11.8126 0.0314561 0.172149 0.363184 0.337399
ENSG00000010319.2 3 52479101 52479101 - 12 -668355 3_internal_10991 3 53147456 53167290 156 145.915 1.07641 12.3687 0.0847085 -0.133122 0.686567 0.683119
ENSG00000010322.11 3 52489134 52489134 + 12 7079 3_internal_12605 3 52496213 52510718 156 143.904 1.12129 11.4763 0.100664 0.135006 0.731343 0.713545
ENSG00000010327.6 3 52529354 52529354 + 12 -280557 3_internal_11582 3 52229126 52248797 156 150.226 1.04379 11.572 0.00247474 0.241949 0.039801 0.0287929
ENSG00000168273.3 3 52568029 52568029 + 12 -57311 3_internal_12605 3 52496213 52510718 156 157.98 0.995288 10.9791 0.0969885 0.134692 0.646766 0.667174
ENSG00000168268.6 3 52569070 52569070 - 12 58352 3_internal_12605 3 52496213 52510718 156 155.65 1.10649 14.0135 0.0366905 0.169922 0.378109 0.360609
ENSG00000252768.1 3 52585959 52585959 - 12 -569439 3_internal_12471 3 53155398 53231701 156 151.354 1.07971 12.667 0.100372 0.132004 0.736318 0.730582
ENSG00000221518.1 3 52594586 52594586 + 12 -83868 3_internal_12605 3 52496213 52510718 156 158.834 1.04351 12.9202 0.0175872 0.187885 0.179104 0.17826
ENSG00000163938.12 3 52715172 52715172 + 11 440834 3_internal_15885 3 53156006 53231452 156 150.318 0.951918 9.69117 0.125341 -0.112824 0.766169 0.763436
ENSG00000163939.14 3 52719933 52719933 - 11 471136 3_internal_11582 3 52229126 52248797 156 155.802 0.914409 10.1197 0.0155663 0.19064 0.179104 0.178405
ENSG00000252787.1 3 52722898 52722898 + 11 473103 3_internal_13402 3 53196001 53288988 156 165.293 0.982922 12.9973 0.0109563 -0.194379 0.124378 0.113632
ENSG00000212493.1 3 52723264 52723264 + 11 -474467 3_internal_11582 3 52229126 52248797 156 153.471 0.941147 9.72984 0.00485578 -0.208162 0.0845771 0.0604055
ENSG00000238862.1 3 52724760 52724760 + 11 431246 3_internal_15885 3 53156006 53231452 156 172.057 0.945553 12.4978 0.00340742 -0.228333 0.0248756 0.0322516
ENSG00000222345.1 3 52725394 52725394 + 11 636566 3_internal_12550 3 53361960 53385556 156 170.625 1.06046 13.7704 0.0914342 -0.128883 0.666667 0.646806
ENSG00000212452.1 3 52726752 52726752 + 11 429254 3_internal_15885 3 53156006 53231452 156 154.096 0.974155 11.7435 0.133253 0.120817 0.830846 0.826222
ENSG00000114902.8 3 52738971 52738971 + 11 457030 3_internal_13402 3 53196001 53288988 156 186.21 0.873387 13.0269 0.00807908 -0.20488 0.104478 0.0740316
ENSG00000016864.12 3 52740048 52740048 - 11 -415350 3_internal_12471 3 53155398 53231701 156 172.605 0.948792 12.9737 0.109124 -0.124512 0.716418 0.732123
ENSG00000114904.8 3 52804965 52804965 - 11 -635686 3_internal_15837 3 53440651 53615373 156 183.544 0.976624 15.0843 0.0452134 0.159664 0.378109 0.377599
ENSG00000055957.6 3 52811603 52811603 + 11 344403 3_internal_15885 3 53156006 53231452 156 143.995 0.98468 9.78294 0.0248229 0.185421 0.298507 0.272601
ENSG00000162267.8 3 52828784 52828784 + 11 318672 3_internal_10991 3 53147456 53167290 156 153.319 1.00374 10.0235 0.0177422 0.192318 0.179104 0.171483
ENSG00000239799.1 3 52857951 52857951 + 11 -347233 3_internal_12605 3 52496213 52510718 156 153.227 1.0167 11.1461 0.0887938 -0.140697 0.661692 0.650967
ENSG00000055955.11 3 52865495 52865495 - 11 354777 3_internal_12605 3 52496213 52510718 156 135.038 1.11466 8.91343 0.0189818 -0.190182 0.19403 0.188245
ENSG00000243696.2 3 52874278 52874278 - 11 363560 3_internal_12605 3 52496213 52510718 156 161.439 1.0874 12.8985 0.00607975 -0.229483 0.0447761 0.050035
ENSG00000248592.2 3 52931578 52931578 - 11 420860 3_internal_12605 3 52496213 52510718 156 148.398 0.994899 10.0455 0.0162912 -0.196518 0.18408 0.178288
ENSG00000213533.7 3 52931612 52931612 - 11 420894 3_internal_12605 3 52496213 52510718 156 156.427 1.02171 10.4411 0.00786661 -0.221101 0.0696517 0.0735367
ENSG00000163935.8 3 53080766 53080766 - 11 -74632 3_internal_12471 3 53155398 53231701 156 154.705 0.955668 11.6865 0.00307663 0.23589 0.0597015 0.0432745
ENSG00000163933.5 3 53164478 53164478 - 11 0 3_internal_10991 3 53147456 53167290 156 143.112 1.07394 10.3593 0.0146827 0.195365 0.174129 0.158299
ENSG00000163932.9 3 53190025 53190025 + 11 -22735 3_internal_10991 3 53147456 53167290 156 188.982 0.96493 14.0316 0.0102546 0.202855 0.0696517 0.0714721
ENSG00000252504.2 3 53244062 53244062 - 11 733344 3_internal_12605 3 52496213 52510718 156 157.554 0.992278 11.2167 0.379538 -0.0725637 0.99005 0.995145
ENSG00000163931.11 3 53290068 53290068 - 9 -3205 3_internal_11878 3 53293273 53307816 156 171.28 0.990432 10.3769 0.00103381 0.238765 0.00995025 0.00637704
ENSG00000238565.1 3 53317319 53317319 - 9 -123332 3_internal_15837 3 53440651 53615373 156 149.769 0.947579 7.54264 0.046907 -0.156279 0.353234 0.353785
ENSG00000263406.1 3 53322889 53322889 + 9 -33901 3_internal_13402 3 53196001 53288988 156 140.613 1.10438 8.01124 0.103188 -0.133658 0.59204 0.605491
ENSG00000206902.1 3 53324658 53324658 + 9 -18366 3_internal_12929 3 53254589 53306292 156 145.884 1.0745 9.34437 0.0996986 -0.135121 0.646766 0.639393
ENSG00000207109.1 3 53367155 53367155 - 9 -73496 3_internal_15837 3 53440651 53615373 156 135.007 1.10496 8.16138 0.0040602 -0.230438 0.0248756 0.0427897
ENSG00000162290.11 3 53381637 53381637 - 9 214347 3_internal_10991 3 53147456 53167290 156 154.096 1.2069 11.599 0.0493805 0.153266 0.383085 0.361851
ENSG00000157388.8 3 53528683 53528683 + 8 -222391 3_internal_12929 3 53254589 53306292 156 157.676 0.951357 6.86057 0.0446987 0.157627 0.268657 0.284811
ENSG00000056736.5 3 53880607 53880607 + 8 -574315 3_internal_12929 3 53254589 53306292 156 159.611 1.01953 9.29175 0.366066 -0.0728082 0.9801 0.983696
ENSG00000113812.9 3 53916229 53916229 - 8 300856 3_internal_15837 3 53440651 53615373 156 142.594 1.09516 7.20663 0.135325 0.118113 0.696517 0.664295
ENSG00000113811.6 3 53926015 53926015 - 8 758725 3_internal_10991 3 53147456 53167290 156 148.109 0.974208 6.59329 0.382014 -0.0649772 0.975124 0.965016
ENSG00000157445.10 3 54156574 54156574 + 9 840227 3_internal_11821 3 54996801 55024474 156 147.012 1.04876 8.49735 5.7579e-07 0.379301 0.00497512 5.81029e-06
ENSG00000114251.9 3 55523973 55523973 - 2 -121794 3_internal_13984 3 55645767 55662042 156 163.526 1.00002 1.95527 3.08247e-05 0.34419 0.00497512 3.87413e-05
ENSG00000180376.12 3 56591189 56591189 + 4 0 3_internal_14159 3 56590175 56643442 156 177.13 1.00003 4.24399 3.48806e-11 0.469761 0.00497512 7.05827e-12
ENSG00000163946.9 3 56717265 56717265 - 5 -230770 3_internal_16585 3 56948035 57214273 156 165.141 1 5.79605 0.0119552 0.198752 0.0895522 0.0549392
ENSG00000186451.1 3 57094469 57094469 + 6 0 3_internal_16585 3 56948035 57214273 156 155.878 0.979253 5.69652 3.52583e-07 0.353733 0.00497512 2.68253e-06
ENSG00000163947.7 3 57113357 57113357 - 6 276006 3_internal_11962 3 56784987 56837351 156 159.245 1.03054 6.52456 1.51637e-06 0.37368 0.00497512 5.31532e-06
ENSG00000163666.4 3 57260549 57260549 - 7 617107 3_internal_14159 3 56590175 56643442 156 149.266 0.994569 7.25148 0.0796262 -0.144098 0.477612 0.483384
ENSG00000157500.5 3 57261765 57261765 + 7 -618323 3_internal_14159 3 56590175 56643442 156 155.36 0.994908 6.48056 0.0299665 -0.171187 0.208955 0.182677
ENSG00000239388.4 3 57326710 57326710 - 7 112437 3_internal_16585 3 56948035 57214273 156 161.637 0.987472 6.34076 0.00201441 0.23142 0.0149254 0.0112019
ENSG00000174844.10 3 57530071 57530071 - 7 315798 3_internal_16585 3 56948035 57214273 156 158.346 0.98129 7.1667 0.153952 0.113705 0.676617 0.697209
ENSG00000174840.7 3 57542003 57542003 + 7 126893 3_internal_12009 3 57668896 57679867 156 162.536 1.02765 8.04384 0.221011 -0.0992021 0.875622 0.8461
ENSG00000168374.6 3 57583947 57583947 - 7 -71939 3_internal_12743 3 57655886 57679760 156 150.607 1.0317 6.61947 0.0746054 0.148358 0.437811 0.408785
ENSG00000239801.1 3 57614537 57614537 + 7 329046 3_internal_15564 3 57943583 57972416 156 148.931 1.11369 6.66189 0.00281628 -0.24369 0.0199005 0.0145003
ENSG00000174839.8 3 57678816 57678816 - 6 -264767 3_internal_15564 3 57943583 57972416 156 143.858 1.09505 6.16239 7.39314e-05 -0.314217 0.00497512 0.000431184
ENSG00000241933.1 3 57678932 57678932 + 6 0 3_internal_12743 3 57655886 57679760 156 168.02 0.999957 6.17257 0.0141694 0.191747 0.119403 0.0654051
ENSG00000163681.10 3 57741177 57741177 + 6 -61417 3_internal_12743 3 57655886 57679760 156 138.8 1.00005 4.88872 0.0431203 -0.16612 0.253731 0.247328
ENSG00000213509.4 3 57927545 57927545 + 6 856438 3_internal_12377 3 58783983 58886174 156 142.594 1.00536 5.63554 0.262443 -0.0898124 0.865672 0.846726
ENSG00000136068.10 3 57994127 57994127 + 6 -21711 3_internal_15564 3 57943583 57972416 156 169.802 0.945337 6.06933 3.94425e-20 0.646018 0.00497512 7.06717e-20
ENSG00000244161.1 3 58156363 58156363 - 6 183947 3_internal_15564 3 57943583 57972416 156 148.992 1.06199 6.33923 1.48351e-18 0.630181 0.00497512 5.26643e-18
ENSG00000163687.9 3 58200424 58200424 - 6 520664 3_internal_12743 3 57655886 57679760 156 167.624 1.01224 7.38098 0.0298775 -0.170502 0.159204 0.162164
ENSG00000163686.9 3 58223233 58223233 + 6 0 3_internal_11783 3 58200114 58224392 156 172.971 0.979054 6.19414 0.00756332 0.210471 0.039801 0.0325358
ENSG00000163684.6 3 58291974 58291974 + 7 966725 3_internal_12839 3 59258699 59355364 156 157.188 0.879996 6.01997 0.203882 -0.10242 0.810945 0.781616
ENSG00000255154.2 3 58291974 58291974 + 7 966725 3_internal_12839 3 59258699 59355364 156 154.781 1.07728 7.87923 0.349813 -0.0766516 0.955224 0.962272
ENSG00000168297.10 3 58318607 58318607 + 7 -638740 3_internal_12009 3 57668896 57679867 156 146.814 1.09046 6.49676 0.00733116 -0.215265 0.0497512 0.0441134
ENSG00000168291.8 3 58419584 58419584 - 7 447168 3_internal_15564 3 57943583 57972416 156 191.557 0.878732 8.21125 0.00168791 0.246402 0.0199005 0.00830509
ENSG00000168301.8 3 58477841 58477841 + 7 -505425 3_internal_15564 3 57943583 57972416 156 160.677 0.972035 6.60287 0.0164371 -0.196227 0.0895522 0.1017
ENSG00000168306.8 3 58523046 58523046 - 7 550630 3_internal_15564 3 57943583 57972416 156 152.024 1.0698 6.97678 0.0302689 -0.163811 0.21393 0.180067
ENSG00000244383.1 3 58592807 58592807 + 8 -368415 3_internal_11783 3 58200114 58224392 156 141.086 1.06207 7.27245 0.216637 0.0990178 0.850746 0.851369
ENSG00000198643.2 3 58652575 58652575 - 8 -131408 3_internal_12377 3 58783983 58886174 156 136.942 1.07343 7.39848 0.0043658 0.228224 0.0447761 0.0430818
ENSG00000163689.14 3 59035810 59035810 - 5 149636 3_internal_12377 3 58783983 58886174 156 151.064 0.999991 4.51962 0.0899558 0.13078 0.39801 0.363796
ENSG00000269415.1 3 59957583 59957583 - 5 -784237 3_internal_11787 3 60741820 60843039 156 149.266 1.00001 4.44614 0.0104223 0.203265 0.0447761 0.0532429
ENSG00000240097.1 3 60602555 60602555 + 3 140916 3_internal_16738 3 60743471 61002607 156 176.231 1.00001 3.37351 0.0115304 0.204638 0.0298507 0.0242202
ENSG00000232407.3 3 60676452 60676452 - 3 -67019 3_internal_16738 3 60743471 61002607 156 170.838 1.00003 2.76674 0.00928128 0.200144 0.0149254 0.0178047
ENSG00000225673.3 3 60716377 60716377 - 3 911299 3_internal_16822 3 59560924 59805078 156 185.936 0.999998 3.49365 0.593351 -0.0430105 0.930348 0.943115
ENSG00000244183.1 3 60718369 60718369 - 3 -25102 3_internal_16738 3 60743471 61002607 156 136.881 1.00001 2.29717 0.00939504 0.208569 0.0497512 0.0341169
ENSG00000189283.5 3 61237133 61237133 - 2 234526 3_internal_16738 3 60743471 61002607 156 169.528 0.999991 1.76308 0.00261916 0.239198 0.00497512 0.00300356
ENSG00000226360.4 3 61728780 61728780 - 2 885741 3_internal_11787 3 60741820 60843039 156 164.775 0.999987 1.76524 0.0067183 0.220302 0.0199005 0.00940346
ENSG00000114405.6 3 62304648 62304648 + 0 NA NA NA NA NA NA NA NA NA NA NA NA NA
ENSG00000163632.8 3 63805038 63805038 + 6 254208 3_internal_12041 3 64059246 64070027 156 155.695 1.00003 5.21419 0.0873299 0.136813 0.373134 0.380119
ENSG00000224479.1 3 63813121 63813121 - 6 -246125 3_internal_12041 3 64059246 64070027 156 133.804 1.00004 4.56423 0.124828 0.124003 0.537313 0.537115
ENSG00000240549.2 3 63846321 63846321 + 6 60001 3_internal_14205 3 63906322 63934337 156 138.557 1.00001 5.38419 0.245865 -0.0928508 0.855721 0.821926
ENSG00000163634.7 3 63849579 63849579 - 6 -48838 3_internal_16212 3 63898417 63969239 156 184.93 0.951404 5.78778 0.314477 -0.0798125 0.865672 0.853217
ENSG00000163635.13 3 63850233 63850233 + 6 56089 3_internal_14205 3 63906322 63934337 156 120.809 0.999932 4.38943 0.000351712 0.28894 0.00497512 0.0073072
ENSG00000239653.1 3 63989698 63989698 + 6 -55361 3_internal_14205 3 63906322 63934337 156 160.677 0.94994 6.27891 0.00140505 0.252751 0.0248756 0.0096776
ENSG00000243410.1 3 63997640 63997640 + 6 -28401 3_internal_16212 3 63898417 63969239 156 161.682 1.04702 6.75864 0.106435 0.130033 0.502488 0.489067
ENSG00000163636.6 3 64009658 64009658 - 6 40419 3_internal_16212 3 63898417 63969239 156 152.664 0.907217 6.474 0.0619768 0.155186 0.38806 0.396839
ENSG00000144741.12 3 66119285 66119285 + 3 328496 3_internal_16910 3 66447781 66854898 156 166.375 1.00002 3.50644 0.00202127 0.236093 0.0149254 0.00500664
ENSG00000206759.1 3 66343644 66343644 - 3 -183525 3_internal_12466 3 66527169 67707094 156 136.85 1.00005 2.8524 0.00188628 -0.236015 0.0199005 0.010274
ENSG00000241587.2 3 66374279 66374279 + 3 73502 3_internal_16910 3 66447781 66854898 156 147.134 1.00003 2.80202 0.0114221 0.204742 0.0447761 0.03883
ENSG00000144749.9 3 66551687 66551687 - 3 0 3_internal_16910 3 66447781 66854898 156 159.458 1.00005 2.91561 3.56485e-22 0.690466 0.00497512 3.617e-22
ENSG00000163376.7 3 67048727 67048727 + 3 -507292 3_internal_11638 3 66491457 66541435 156 130.635 1.00006 2.3939 0.0522969 0.151182 0.149254 0.172031
ENSG00000241884.1 3 67346724 67346724 + 3 -805289 3_internal_11638 3 66491457 66541435 156 150.333 1.00005 3.024 0.43801 -0.0643833 0.840796 0.832791
ENSG00000242510.1 3 67564364 67564364 + 2 0 3_internal_12466 3 66527169 67707094 156 156.914 1.00003 2.02679 0.155045 0.113256 0.283582 0.287192
ENSG00000172340.10 3 67705038 67705038 - 2 0 3_internal_12466 3 66527169 67707094 156 165.384 1.00003 2.053 0.000790415 0.271212 0.00497512 0.0011254
ENSG00000241506.1 3 68684856 68684856 + 4 795019 3_internal_11743 3 69479875 69485830 156 182.584 0.999996 5.12138 0.125553 -0.117509 0.40796 0.408297
ENSG00000244513.2 3 69063092 69063092 + 3 305517 3_internal_17516 3 69368609 69459750 156 157.432 1 2.94372 0.329869 -0.0788406 0.691542 0.689197
ENSG00000163378.9 3 69063112 69063112 - 3 -182713 3_internal_12618 3 69245825 69263322 156 150.333 0.999986 2.82139 0.201417 0.103196 0.487562 0.485455
ENSG00000265355.1 3 69098186 69098186 - 3 -270423 3_internal_17516 3 69368609 69459750 156 141.421 0.999979 3.02168 0.117844 -0.128134 0.348259 0.358308
ENSG00000144747.10 3 69101484 69101484 - 3 -144341 3_internal_12618 3 69245825 69263322 156 157.706 1.00002 3.04795 0.261541 0.0866542 0.626866 0.598832
ENSG00000144744.12 3 69129559 69129559 - 3 -116266 3_internal_12618 3 69245825 69263322 156 161.774 1.00005 3.28524 0.267373 0.0902544 0.656716 0.625912
ENSG00000144746.6 3 69134095 69134095 + 3 111730 3_internal_12618 3 69245825 69263322 156 133.179 1 2.76402 0.26856 -0.0898468 0.646766 0.636799
ENSG00000163380.11 3 69172183 69172183 - 3 -307692 3_internal_11743 3 69479875 69485830 156 149.982 0.999965 2.89308 0.556934 0.0480932 0.925373 0.90983
ENSG00000239263.1 3 69521683 69521683 - 3 35853 3_internal_11743 3 69479875 69485830 156 146.311 1.00002 2.64951 0.029553 0.167082 0.0945274 0.0903341
ENSG00000240265.1 3 69585844 69585844 - 3 100014 3_internal_11743 3 69479875 69485830 156 142.853 1.00005 2.62598 0.0371105 0.163654 0.129353 0.11655
ENSG00000114541.10 3 69591734 69591734 - 3 131984 3_internal_17516 3 69368609 69459750 156 154.431 1.00004 3.21449 1.86968e-11 0.498449 0.00497512 7.57507e-11
ENSG00000187098.10 3 69788586 69788586 + 3 -525264 3_internal_12618 3 69245825 69263322 156 168.843 0.999967 2.96006 0.415553 0.0642559 0.791045 0.776204
ENSG00000241665.2 3 69818928 69818928 - 3 359178 3_internal_17516 3 69368609 69459750 156 163.206 1.00003 2.96762 0.0282322 -0.175047 0.0845771 0.071845
ENSG00000265722.1 3 69969276 69969276 + 3 -483446 3_internal_11743 3 69479875 69485830 156 143.508 0.999987 2.49272 0.0996431 -0.13049 0.273632 0.261125
ENSG00000244203.2 3 71338920 71338920 + 18 597366 3_internal_12252 3 71936286 71957895 156 151.369 0.969971 14.2323 0.0026811 0.232009 0.0646766 0.048117
ENSG00000221264.1 3 71591240 71591240 - 22 -186876 3_internal_16339 3 71778116 71837222 156 174.312 0.932784 29.4533 0.00764744 0.209257 0.164179 0.155121
ENSG00000242094.1 3 71623608 71623608 - 22 -54249 3_internal_17260 3 71677857 71781306 156 157.051 0.91204 19.2472 0.00024635 0.28642 0.00995025 0.00748911
ENSG00000114861.14 3 71633140 71633140 - 22 -209639 3_internal_16358 3 71842779 71881894 156 155.025 0.893189 16.4898 0.009763 0.192423 0.21393 0.193193
ENSG00000170837.2 3 71803201 71803201 + 24 0 3_internal_16339 3 71778116 71837222 156 142.152 1.11942 19.3575 1.20705e-32 0.803024 0.00497512 5.94796e-32
ENSG00000163412.7 3 71803924 71803924 - 24 22618 3_internal_17260 3 71677857 71781306 156 155.04 1.01953 21.9636 5.1068e-32 0.780039 0.00497512 4.49213e-31
ENSG00000163421.4 3 71834357 71834357 - 24 0 3_internal_16339 3 71778116 71837222 156 146.189 0.964661 18.8148 2.94217e-33 0.814056 0.00497512 5.95305e-29
ENSG00000244130.1 3 72055925 72055925 + 26 -686885 3_internal_15966 3 71341348 71369040 156 138.679 0.99586 18.8012 0.0462042 -0.162637 0.691542 0.690492
ENSG00000239350.1 3 72134240 72134240 + 26 0 3_internal_12094 3 72126365 72153550 156 164.288 0.959648 25.1106 0.0578456 0.148656 0.776119 0.749445
ENSG00000242609.1 3 72136039 72136039 + 26 0 3_internal_12094 3 72126365 72153550 156 171.585 0.876575 24.6283 0.00923972 0.205297 0.199005 0.191331
ENSG00000241163.2 3 72291716 72291716 - 24 593902 3_internal_11754 3 71688355 71697814 156 148.931 0.989109 18.955 0.0103053 -0.200521 0.208955 0.211895
ENSG00000163602.8 3 72496069 72496069 - 23 895248 3_internal_14100 3 71462493 71600821 156 148.825 1.14487 23.8254 0.0127503 -0.19433 0.233831 0.241288
ENSG00000241537.1 3 72821690 72821690 + 17 -247423 3_internal_14566 3 72423779 72574267 156 156.792 0.934246 16.8477 0.0283915 0.170131 0.41791 0.412573
ENSG00000144736.9 3 72911065 72911065 - 13 512462 3_internal_16269 3 72385731 72398603 156 148.718 0.989335 11.1203 0.0430513 0.16129 0.427861 0.428038
ENSG00000172986.8 3 72937224 72937224 + 13 -538621 3_internal_16269 3 72385731 72398603 156 149.617 1.02821 11.654 0.0182416 0.188461 0.243781 0.20609
ENSG00000163605.10 3 73045936 73045936 + 12 -892386 3_internal_12094 3 72126365 72153550 156 147.575 0.991012 11.2565 0.00235329 -0.244256 0.0348259 0.0354734
ENSG00000238959.1 3 73076959 73076959 + 12 -396851 3_internal_11902 3 72571010 72680108 156 147.393 1.07037 12.1516 0.0224822 -0.181991 0.243781 0.249098
ENSG00000255423.1 3 73110810 73110810 + 11 -958017 3_internal_12323 3 72057179 72152793 156 153.593 1.04604 11.901 0.0325424 -0.17248 0.328358 0.31582
ENSG00000223247.1 3 73160143 73160143 + 9 -480035 3_internal_11902 3 72571010 72680108 156 155.954 1.00801 8.81271 0.111193 -0.123769 0.656716 0.643079
ENSG00000238278.3 3 75464221 75464221 + 4 0 3_internal_13611 3 75290544 75629695 156 158.681 0.999976 3.57821 6.19683e-10 0.457777 0.00497512 1.58224e-09
ENSG00000244026.1 3 75484261 75484261 - 4 0 3_internal_13611 3 75290544 75629695 156 141.604 1.00004 3.26687 2.48392e-12 0.522502 0.00497512 8.22902e-11
ENSG00000239959.1 3 75540353 75540353 - 4 0 3_internal_13611 3 75290544 75629695 156 158.118 0.999969 3.9131 4.11353e-10 0.477388 0.00497512 1.22665e-09
ENSG00000242516.1 3 75721542 75721542 + 4 0 3_internal_12412 3 75689173 75722143 156 150.028 0.999992 3.20872 0.00570068 0.217016 0.0298507 0.0213713
ENSG00000266396.1 3 75787431 75787431 + 4 -157736 3_internal_13611 3 75290544 75629695 156 177.877 0.999987 4.40572 0.0599514 0.153065 0.18408 0.181816
ENSG00000227124.4 3 75834734 75834734 - 4 205039 3_internal_13611 3 75290544 75629695 156 146.738 0.999969 3.31806 7.80152e-05 0.312627 0.00497512 0.000423574
ENSG00000240809.1 3 76483169 76483169 + 4 -853474 3_internal_13611 3 75290544 75629695 156 137.902 1.00002 3.43745 0.287131 -0.0824083 0.721393 0.730367
ENSG00000169855.15 3 79816965 79816965 - 0 NA NA NA NA NA NA NA NA NA NA NA NA NA
ENSG00000222389.1 3 81558627 81558627 + 0 NA NA NA NA NA NA NA NA NA NA NA NA NA
ENSG00000240404.1 3 81661941 81661941 + 0 NA NA NA NA NA NA NA NA NA NA NA NA NA
ENSG00000241319.1 3 81661956 81661956 - 0 NA NA NA NA NA NA NA NA NA NA NA NA NA
ENSG00000114480.8 3 81811312 81811312 - 0 NA NA NA NA NA NA NA NA NA NA NA NA NA
ENSG00000242190.1 3 81813907 81813907 - 0 NA NA NA NA NA NA NA NA NA NA NA NA NA
ENSG00000083937.4 3 87276421 87276421 + 0 NA NA NA NA NA NA NA NA NA NA NA NA NA
ENSG00000064835.6 3 87325737 87325737 - 0 NA NA NA NA NA NA NA NA NA NA NA NA NA
ENSG00000179097.4 3 88039846 88039846 + 0 NA NA NA NA NA NA NA NA NA NA NA NA NA
ENSG00000229729.3 3 88108424 88108424 + 1 987387 3_internal_12405 3 89095811 89164131 156 136.713 1.00002 0.864122 0.0693718 -0.147705 0.0746269 0.077558
ENSG00000241535.1 3 88145118 88145118 - 1 -950693 3_internal_12405 3 89095811 89164131 156 133.605 1.00001 0.873709 0.55344 0.0498213 0.537313 0.534779
ENSG00000175105.5 3 88188254 88188254 + 1 907557 3_internal_12405 3 89095811 89164131 156 155.528 0.999984 0.910622 0.771581 -0.0227591 0.761194 0.73971
ENSG00000179021.4 3 88198893 88198893 + 1 896918 3_internal_12405 3 89095811 89164131 156 191.389 1.00002 1.06402 0.114913 -0.130604 0.109453 0.0856252
ENSG00000163320.6 3 88199035 88199035 - 1 -896776 3_internal_12405 3 89095811 89164131 156 159.885 0.999997 1.0137 0.250414 -0.0918223 0.223881 0.24748
ENSG00000244150.1 3 88206039 88206039 + 1 889772 3_internal_12405 3 89095811 89164131 156 138.176 0.999969 0.904442 0.677278 0.0344252 0.626866 0.658716
ENSG00000184500.10 3 93692910 93692910 - 0 NA NA NA NA NA NA NA NA NA NA NA NA NA
ENSG00000169379.11 3 93698983 93698983 + 0 NA NA NA NA NA NA NA NA NA NA NA NA NA
ENSG00000239614.1 3 93707790 93707790 - 0 NA NA NA NA NA NA NA NA NA NA NA NA NA
ENSG00000178750.2 3 93747454 93747454 - 0 NA NA NA NA NA NA NA NA NA NA NA NA NA
ENSG00000178694.4 3 93781760 93781760 + 0 NA NA NA NA NA NA NA NA NA NA NA NA NA
ENSG00000178700.3 3 93782233 93782233 - 0 NA NA NA NA NA NA NA NA NA NA NA NA NA
ENSG00000243497.1 3 93795186 93795186 + 0 NA NA NA NA NA NA NA NA NA NA NA NA NA
ENSG00000242457.1 3 93796019 93796019 - 0 NA NA NA NA NA NA NA NA NA NA NA NA NA
ENSG00000253062.1 3 93817410 93817410 - 0 NA NA NA NA NA NA NA NA NA NA NA NA NA
ENSG00000243547.1 3 96068398 96068398 + 0 NA NA NA NA NA NA NA NA NA NA NA NA NA
ENSG00000113966.5 3 97483365 97483365 + 2 145572 3_internal_15499 3 97628937 97694253 156 146.357 0.999946 2.12813 0.400982 0.0680657 0.681592 0.681654
ENSG00000233280.1 3 97540884 97540884 + 2 88053 3_internal_15499 3 97628937 97694253 156 167.365 1.00002 2.0377 4.57121e-19 0.625003 0.00497512 4.90407e-20
ENSG00000080200.5 3 97595819 97595819 + 2 33118 3_internal_15499 3 97628937 97694253 156 163.343 0.999969 1.9744 5.85276e-20 0.639394 0.00497512 1.56971e-20
ENSG00000170854.12 3 97691301 97691301 - 2 0 3_internal_15499 3 97628937 97694253 156 148.368 1 2.02184 7.3081e-16 0.577272 0.00497512 7.47079e-15
ENSG00000248839.1 3 98241414 98241414 + 2 -333297 3_internal_16231 3 97766760 97908117 156 169.924 1.00003 1.9463 0.578813 -0.0437557 0.800995 0.799715
ENSG00000080822.11 3 98241910 98241910 - 2 333793 3_internal_16231 3 97766760 97908117 156 157.417 0.999996 1.91053 0.0868165 0.139574 0.154229 0.156788
ENSG00000154165.3 3 98250743 98250743 + 2 -556490 3_internal_15499 3 97628937 97694253 156 139.745 0.999968 1.80705 0.265345 0.0870966 0.447761 0.464038
ENSG00000080819.2 3 98312567 98312567 - 2 404450 3_internal_16231 3 97766760 97908117 156 161.241 0.99996 1.87288 0.166135 0.112675 0.318408 0.277266
ENSG00000064225.8 3 98451080 98451080 + 2 -542963 3_internal_16231 3 97766760 97908117 156 164.029 1.00002 2.13462 0.129963 -0.122683 0.243781 0.239653
ENSG00000239445.1 3 98451495 98451495 - 2 757242 3_internal_15499 3 97628937 97694253 156 138.435 0.999979 1.82599 0.169869 -0.105339 0.343284 0.328716
ENSG00000249274.1 3 98501032 98501032 + 2 -592915 3_internal_16231 3 97766760 97908117 156 166.253 0.999972 2.21678 0.241439 -0.0934038 0.437811 0.434126
ENSG00000057019.11 3 98620533 98620533 - 2 712416 3_internal_16231 3 97766760 97908117 156 170.016 1.00003 2.02986 0.647792 0.0365932 0.900498 0.869553
ENSG00000184220.6 3 99536678 99536678 + 4 647670 3_internal_15579 3 100184348 100283662 156 142.426 0.99996 3.3148 0.0434999 0.160096 0.174129 0.167394
ENSG00000168386.14 3 99833357 99833357 - 4 -526552 3_internal_16419 3 100359909 100445947 156 168.264 1.00003 4.20118 0.0477319 -0.153769 0.169154 0.15667
ENSG00000261533.1 3 99898411 99898411 + 4 461498 3_internal_16419 3 100359909 100445947 156 159.184 0.999999 4.32348 0.539141 0.0491325 0.945274 0.96351
ENSG00000036054.8 3 99979844 99979844 + 4 55370 3_internal_11546 3 100035214 100060154 156 154.004 1 3.90019 0.0849702 -0.137108 0.293532 0.29881
ENSG00000114021.6 3 100053545 100053545 + 4 0 3_internal_11546 3 100035214 100060154 156 151.14 1.00004 4.29958 0.0133633 0.196019 0.0845771 0.062471
ENSG00000206535.3 3 100120037 100120037 + 4 64311 3_internal_15579 3 100184348 100283662 156 156.411 0.999981 4.17455 0.0678397 0.139811 0.268657 0.25297
ENSG00000154174.7 3 100120242 100120242 - 4 60088 3_internal_11546 3 100035214 100060154 156 127.253 0.999937 3.22313 0.0457523 -0.164689 0.21393 0.212133
ENSG00000114354.8 3 100428205 100428205 + 6 -144543 3_internal_15579 3 100184348 100283662 156 145.732 0.999968 5.41294 3.02278e-05 0.326156 0.00497512 0.000299833
ENSG00000154175.12 3 100712359 100712359 - 12 266412 3_internal_16419 3 100359909 100445947 156 176.612 0.981495 13.4477 0.0558769 0.149537 0.472637 0.446359
ENSG00000081148.10 3 101039404 101039404 - 12 -240412 3_internal_11970 3 101279816 101407156 156 182.188 0.972095 16.4367 0.00174742 0.256994 0.0199005 0.0133903
ENSG00000241738.1 3 101076136 101076136 + 11 442629 3_internal_16531 3 101518765 101609637 156 160.113 1.02156 11.5294 0.0271279 -0.174926 0.283582 0.245586
ENSG00000232830.4 3 101133072 101133072 + 11 -695735 3_internal_11401 3 100321216 100437337 156 164.455 1.0276 12.3062 0.0488533 0.154581 0.39801 0.405458
ENSG00000201554.1 3 101177374 101177374 + 11 269925 3_internal_11903 3 101447299 101479966 156 150.379 0.905056 9.1723 0.0171698 -0.197171 0.174129 0.200168
ENSG00000238525.1 3 101220999 101220999 + 11 -937337 3_internal_15579 3 100184348 100283662 156 158.59 0.904092 10.4776 0.0421428 0.170344 0.358209 0.398381
ENSG00000138468.11 3 101232085 101232085 - 11 0 3_internal_12407 3 101183704 101263963 156 150.82 1.00154 10.8332 9.35511e-06 0.333985 0.00497512 0.000140732
ENSG00000174173.6 3 101280706 101280706 + 11 -16743 3_internal_12407 3 101183704 101263963 156 162.993 0.913295 10.5872 1.84058e-05 0.337682 0.00497512 0.000283833
ENSG00000081154.7 3 101292939 101292939 + 10 149745 3_internal_11130 3 101442684 101513627 156 160.662 1.0348 10.126 0.00697215 0.203508 0.039801 0.0544507
ENSG00000242299.1 3 101295791 101295791 - 10 849844 3_internal_16419 3 100359909 100445947 156 154.05 1.09555 11.8198 0.129959 -0.121531 0.791045 0.787239
ENSG00000243396.1 3 101318488 101318488 - 10 -124196 3_internal_11130 3 101442684 101513627 156 150.805 0.898207 8.51466 0.13833 0.120218 0.776119 0.770719
ENSG00000201511.1 3 101366265 101366265 + 10 -102302 3_internal_12407 3 101183704 101263963 156 140.034 1.06394 8.47011 0.1631 -0.11561 0.80597 0.809623
ENSG00000201121.1 3 101381008 101381008 - 10 943671 3_internal_11401 3 100321216 100437337 156 144.132 1.09023 9.31131 0.291722 0.0869883 0.960199 0.963263
ENSG00000256628.1 3 101395274 101395274 + 10 0 3_internal_11970 3 101279816 101407156 156 134.398 1.07403 7.75961 0.0458778 0.155823 0.39801 0.367285
ENSG00000066422.4 3 101396339 101396339 - 10 -158283 3_internal_13773 3 101554622 101662558 156 183.315 1.04451 13.1942 0.142314 -0.113431 0.78607 0.777081
ENSG00000114391.8 3 101405626 101405626 - 10 -41673 3_internal_11903 3 101447299 101479966 156 153.608 0.933047 8.42255 0.00134338 -0.254911 0.0199005 0.0168463
ENSG00000244119.1 3 101431316 101431316 + 10 87449 3_internal_16531 3 101518765 101609637 156 151.917 1.09217 11.0902 0.020456 0.184161 0.179104 0.185526
ENSG00000182504.6 3 101442769 101442769 + 9 11267 3_internal_12033 3 101454036 101516271 156 166.436 1.01965 11.7517 0.00589315 0.227985 0.0597015 0.0477802
ENSG00000144815.9 3 101498046 101498046 + 8 0 3_internal_11130 3 101442684 101513627 156 148.124 1.16342 8.22948 0.00115128 0.254366 0.00497512 0.00576886
ENSG00000249474.1 3 101543842 101543842 - 8 30215 3_internal_11130 3 101442684 101513627 156 145.534 1.02567 6.91217 0.0209104 0.182677 0.154229 0.156031
ENSG00000144802.7 3 101546835 101546835 + 8 7787 3_internal_13773 3 101554622 101662558 156 133.605 1.08398 6.83308 0.0369551 -0.164717 0.293532 0.277533
ENSG00000214407.3 3 101659703 101659703 + 8 0 3_internal_13773 3 101554622 101662558 156 159.656 0.940835 7.80705 2.1828e-05 -0.333073 0.00497512 0.000235713
ENSG00000241280.1 3 101679202 101679202 + 8 0 3_internal_17574 3 101590298 101909238 156 160.479 0.985288 8.37598 0.00756167 0.216895 0.0646766 0.0577976
