ENSG00000213859.3 17 7255208 7255208 + 15 -228216 17_internal_10469 17 7012229 7026992 156 164.211 1.01132 16.1366 0.0075649 0.208016 0.104478 0.0916462
ENSG00000263171.1 17 7258263 7258263 - 15 -660983 17_internal_12331 17 7919246 7960442 156 154.538 0.944556 12.8503 0.0772076 -0.140467 0.661692 0.673366
ENSG00000174292.7 17 7283853 7283853 + 16 -256861 17_internal_10469 17 7012229 7026992 156 167.471 0.973213 15.9084 0.0117069 0.196433 0.149254 0.142659
ENSG00000187838.12 17 7307416 7307416 - 16 741725 17_internal_8747 17 6550631 6565691 156 137.109 0.997294 11.2291 0.00755179 -0.20318 0.149254 0.130405
ENSG00000262481.1 17 7307416 7307416 - 16 741725 17_internal_8747 17 6550631 6565691 156 165.461 0.852579 17.0534 0.0102506 -0.197025 0.18408 0.185088
ENSG00000205544.3 17 7307456 7307456 - 16 152429 17_internal_8493 17 7134727 7155027 156 155.497 0.952601 15.6566 0.17912 -0.103078 0.960199 0.958995
ENSG00000169992.5 17 7308193 7308193 + 16 70827 17_internal_7662 17 7379020 7592500 156 148.459 1.06359 16.3282 0.0518031 -0.15519 0.631841 0.59491
ENSG00000262880.1 17 7323422 7323422 + 16 -65298 17_internal_8774 17 7116721 7258124 156 178.608 0.880968 18.5619 0.00236706 -0.245843 0.039801 0.034642
ENSG00000181284.2 17 7338762 7338762 + 17 477050 17_internal_8735 17 7815812 7894700 156 181.304 0.892042 18.7663 0.0746889 -0.143495 0.681592 0.695801
ENSG00000262624.1 17 7340842 7340842 - 17 185815 17_internal_8493 17 7134727 7155027 156 157.173 0.907994 15.6508 0.0298892 0.166516 0.442786 0.41762
ENSG00000161958.5 17 7341592 7341592 + 17 -186565 17_internal_8493 17 7134727 7155027 156 166.877 0.933509 15.5916 0.0296367 -0.173809 0.328358 0.352354
ENSG00000263301.1 17 7346646 7346646 - 17 -572600 17_internal_12331 17 7919246 7960442 156 140.415 1.05348 13.3548 0.0105912 0.188486 0.19403 0.167229
ENSG00000170175.6 17 7348380 7348380 + 17 20653 17_internal_8559 17 7369033 7387107 156 146.783 1.01503 15.9325 0.000630806 0.26666 0.0149254 0.0135189
ENSG00000259224.1 17 7384721 7384721 + 17 533858 17_internal_8160 17 7918579 7947036 156 162.185 0.99074 19.7463 0.013567 -0.194196 0.21393 0.213169
ENSG00000174282.7 17 7387582 7387582 - 17 475 17_internal_8559 17 7369033 7387107 156 157.493 1.03292 18.2102 8.20463e-10 0.456732 0.00497512 6.72591e-09
ENSG00000181222.10 17 7387685 7387685 + 17 -232658 17_internal_8493 17 7134727 7155027 156 150.424 1.06999 15.5596 0.00882527 0.207616 0.114428 0.124768
ENSG00000239697.6 17 7452208 7452208 + 17 -65101 17_internal_8559 17 7369033 7387107 156 142.594 0.963186 13.214 0.00992659 -0.200238 0.169154 0.180345
ENSG00000248871.1 17 7452416 7452416 + 17 -65309 17_internal_8559 17 7369033 7387107 156 184.031 0.940458 20.11 0.00499669 -0.216276 0.0895522 0.0553975
ENSG00000161955.12 17 7461609 7461609 + 17 -74502 17_internal_8559 17 7369033 7387107 156 159.367 0.955371 16.8601 0.0037629 -0.224059 0.0696517 0.0646145
ENSG00000161956.8 17 7465192 7465192 + 17 -207068 17_internal_8774 17 7116721 7258124 156 158.971 0.864894 15.502 0.0417443 0.165015 0.497512 0.534673
ENSG00000265500.1 17 7466604 7466604 + 17 -439612 17_internal_10469 17 7012229 7026992 156 147.24 0.990676 14.83 0.00524016 -0.213301 0.124378 0.0971256
ENSG00000161960.10 17 7476024 7476024 + 17 -449032 17_internal_10469 17 7012229 7026992 156 149.952 1.03541 16.0762 0.00621371 -0.213996 0.109453 0.101529
ENSG00000264772.1 17 7476144 7476144 + 17 -910453 17_internal_8747 17 6550631 6565691 156 132.189 1.10383 13.1638 0.0562507 0.160656 0.646766 0.619848
ENSG00000209582.1 17 7478031 7478031 + 17 335949 17_internal_9022 17 7813980 7828035 156 159.016 0.961028 16.5514 0.0761692 -0.145003 0.726368 0.730821
ENSG00000238917.1 17 7480129 7480129 + 17 801803 17_internal_11155 17 8281932 8312318 156 157.417 1.00987 16.7871 0.053845 -0.158645 0.567164 0.59314
ENSG00000207152.1 17 7481273 7481273 + 17 334539 17_internal_8735 17 7815812 7894700 156 137.353 1.04979 14.5785 0.0329364 0.167833 0.467662 0.468781
ENSG00000129226.9 17 7482785 7482785 + 17 -917094 17_internal_8747 17 6550631 6565691 156 127.116 1.03886 11.4403 0.0590345 0.153142 0.646766 0.637746
ENSG00000129255.10 17 7486847 7486847 + 17 -824270 17_internal_8811 17 6613917 6662577 156 144.97 0.979967 13.5013 0.0109417 -0.201296 0.164179 0.182835
ENSG00000233223.2 17 7487390 7487390 - 17 -431856 17_internal_12331 17 7919246 7960442 156 130.833 1.13587 13.5232 0.000397503 -0.275168 0.0149254 0.00855826
ENSG00000129194.3 17 7493488 7493488 - 17 -320492 17_internal_9022 17 7813980 7828035 156 158.361 1.0178 18.7904 0.00372299 0.230933 0.0447761 0.0597919
ENSG00000251860.1 17 7514499 7514499 + 16 -948808 17_internal_8747 17 6550631 6565691 156 166.954 0.918563 17.3241 0.0376915 0.17191 0.472637 0.466514
ENSG00000268503.1 17 7517264 7517264 + 16 -951573 17_internal_8747 17 6550631 6565691 156 147.149 1.05903 16.1824 0.0253241 -0.172638 0.328358 0.360203
ENSG00000129214.10 17 7517382 7517382 + 16 -951691 17_internal_8747 17 6550631 6565691 156 165.323 0.962245 17.5904 0.0301533 -0.169345 0.40796 0.384704
ENSG00000129245.7 17 7518189 7518189 - 16 -297623 17_internal_8735 17 7815812 7894700 156 182.645 0.985447 18.118 0.0175696 -0.18174 0.199005 0.174394
ENSG00000141504.7 17 7531194 7531194 - 16 273070 17_internal_8774 17 7116721 7258124 156 152.648 0.973727 13.2956 0.0400102 -0.162908 0.472637 0.449145
ENSG00000141499.12 17 7589389 7589389 + 15 224591 17_internal_9022 17 7813980 7828035 156 164.866 0.9506 16.8699 0.0857863 -0.138763 0.761194 0.759536
ENSG00000262251.1 17 7589689 7589689 - 15 -328890 17_internal_8160 17 7918579 7947036 156 164.653 0.998951 15.3202 0.0796104 -0.138298 0.696517 0.680496
ENSG00000141510.10 17 7590856 7590856 - 15 -741608 17_internal_7964 17 8332464 8370239 156 142.518 0.967056 12.1174 0.0454364 0.158215 0.517413 0.517463
ENSG00000183914.10 17 7620672 7620672 + 15 -848933 17_internal_8536 17 6756896 6771739 156 154.583 1.06076 13.8106 0.00640428 0.217562 0.0696517 0.0742004
ENSG00000132510.6 17 7743222 7743222 + 16 -588195 17_internal_8493 17 7134727 7155027 156 167.273 1.00044 17.5554 0.00301848 0.228297 0.039801 0.0366822
ENSG00000167874.6 17 7758383 7758383 + 17 -731391 17_internal_10469 17 7012229 7026992 156 168.325 0.95198 18.7217 0.000648522 -0.255523 0.0149254 0.00951324
ENSG00000182224.6 17 7761064 7761064 + 17 -734072 17_internal_10469 17 7012229 7026992 156 158.681 0.975583 16.3441 0.147514 -0.113814 0.910448 0.924634
ENSG00000170004.12 17 7788124 7788124 + 16 493808 17_internal_11155 17 8281932 8312318 156 140.994 1.05666 14.4317 8.63078e-05 0.296833 0.00497512 0.00191613
ENSG00000183011.8 17 7788591 7788591 - 16 -130655 17_internal_12331 17 7919246 7960442 156 162.429 1.01589 15.29 0.0279165 -0.170109 0.303483 0.312288
ENSG00000252835.1 17 7809440 7809440 + 18 -216940 17_internal_7662 17 7379020 7592500 156 138.435 1.03128 13.8652 0.00276804 0.220932 0.0646766 0.0588697
ENSG00000179859.7 17 7819271 7819271 - 18 0 17_internal_9022 17 7813980 7828035 156 157.676 0.976137 18.0115 0.0300705 0.171018 0.422886 0.425195
ENSG00000170049.5 17 7833121 7833121 - 18 -85458 17_internal_8160 17 7918579 7947036 156 182.02 0.904335 19.2517 0.00176957 0.248934 0.0348259 0.0217671
ENSG00000262730.1 17 7833940 7833940 - 18 -85306 17_internal_12331 17 7919246 7960442 156 151.78 1.02679 17.8376 0.0481808 -0.152766 0.60199 0.597689
ENSG00000170037.9 17 7835419 7835419 + 18 83827 17_internal_12331 17 7919246 7960442 156 145.062 1.08154 16.8646 3.53687e-05 0.320195 0.00497512 0.000624804
ENSG00000170043.7 17 7835441 7835441 - 18 448334 17_internal_8559 17 7369033 7387107 156 165.78 0.937462 18.3073 0.0172855 0.189546 0.278607 0.256364
ENSG00000132518.6 17 7905912 7905912 + 19 -11212 17_internal_8735 17 7815812 7894700 156 150.241 1.02266 15.1118 0.0128553 0.192674 0.174129 0.191074
ENSG00000179593.11 17 7942335 7942335 + 19 0 17_internal_12331 17 7919246 7960442 156 137.764 0.997466 14.7586 3.98099e-10 0.449369 0.00497512 6.45171e-08
ENSG00000179094.9 17 8059824 8059824 - 18 801700 17_internal_8774 17 7116721 7258124 156 163.038 0.932353 18.2643 0.0117923 0.189971 0.228856 0.194129
ENSG00000263620.1 17 8066293 8066293 - 18 911266 17_internal_8493 17 7134727 7155027 156 140.659 1.06436 14.5788 0.0826376 0.13322 0.781095 0.763028
ENSG00000220205.4 17 8066864 8066864 - 18 -678365 17_internal_8965 17 8745229 8773213 156 131.381 1.10028 14.556 0.151065 0.116239 0.950249 0.942129
ENSG00000200463.1 17 8076905 8076905 - 18 -255559 17_internal_7964 17 8332464 8370239 156 139.532 0.992581 16.0415 0.00178031 0.247764 0.0547264 0.0503158
ENSG00000179029.10 17 8079717 8079717 - 18 -252747 17_internal_7964 17 8332464 8370239 156 176.201 0.962401 21.4309 0.00800889 0.215969 0.129353 0.108857
ENSG00000266638.1 17 8090493 8090493 + 18 601055 17_internal_8187 17 8691548 8711830 156 149.404 1.10356 17.5572 0.0554139 0.152786 0.661692 0.626656
ENSG00000196544.6 17 8093564 8093564 - 18 198864 17_internal_8735 17 7815812 7894700 156 161.347 0.972251 16.1452 0.0228241 -0.181795 0.283582 0.298139
ENSG00000178999.8 17 8113918 8113918 - 18 855794 17_internal_8774 17 7116721 7258124 156 162.277 1.00689 19.6483 0.0962806 -0.132972 0.830846 0.84094
ENSG00000178977.3 17 8127361 8127361 - 17 261935 17_internal_8687 17 7858457 7865426 156 171.006 0.962323 19.2294 0.0967516 0.125326 0.820896 0.817569
ENSG00000178921.9 17 8150936 8150936 + 17 -322901 17_internal_9022 17 7813980 7828035 156 166.999 1.14268 24.2015 0.0281597 -0.173333 0.358209 0.366669
ENSG00000178971.9 17 8151362 8151362 - 17 -753239 17_internal_9126 17 8904601 8927528 156 154.888 1.08616 18.9117 0.00982502 0.197761 0.149254 0.145377
ENSG00000108961.9 17 8191815 8191815 + 16 712786 17_internal_9126 17 8904601 8927528 156 169.467 0.962365 15.1135 0.210289 0.0989317 0.9801 0.962621
ENSG00000125434.6 17 8198661 8198661 - 16 -705940 17_internal_9126 17 8904601 8927528 156 150.973 1.01142 16.813 0.226091 0.0968797 0.99005 0.988345
ENSG00000198150.2 17 8263538 8263538 - 15 -68926 17_internal_7964 17 8332464 8370239 156 144.132 0.951891 14.7038 0.01458 0.193852 0.283582 0.265733
ENSG00000265749.1 17 8268881 8268881 + 15 422667 17_internal_8187 17 8691548 8711830 156 168.584 0.921681 17.2135 0.0640101 -0.142625 0.636816 0.650332
ENSG00000184619.3 17 8280029 8280029 - 15 -414994 17_internal_9042 17 8695023 8711733 156 165.735 0.911627 15.0539 0.0242731 0.182264 0.323383 0.305729
ENSG00000263809.1 17 8286505 8286505 - 15 326063 17_internal_12331 17 7919246 7960442 156 161.363 1.06501 16.7374 0.0208022 0.171942 0.263682 0.243637
ENSG00000161970.8 17 8286531 8286531 - 15 421105 17_internal_8687 17 7858457 7865426 156 127.481 1.11934 11.6315 0.19283 0.102441 0.930348 0.948711
ENSG00000166579.11 17 8316449 8316449 + 15 475283 17_internal_8565 17 8791732 8874067 156 170.442 0.881884 15.2286 0.158771 -0.112452 0.910448 0.919299
ENSG00000133026.8 17 8534079 8534079 - 14 706044 17_internal_9022 17 7813980 7828035 156 169.117 0.95915 16.3974 0.016942 -0.189736 0.199005 0.207906
ENSG00000183318.7 17 8661877 8661877 - 13 767177 17_internal_8735 17 7815812 7894700 156 150.622 1.19511 14.6447 0.00455012 0.21804 0.0298507 0.0416352
ENSG00000185156.4 17 8702667 8702667 - 13 -201934 17_internal_9126 17 8904601 8927528 156 144.544 1.09935 13.3917 0.0119091 -0.196783 0.134328 0.154275
ENSG00000174083.12 17 8770994 8770994 - 13 0 17_internal_8965 17 8745229 8773213 156 168.645 0.868661 11.8067 4.78769e-07 0.380756 0.00497512 1.14414e-05
ENSG00000141506.9 17 8869029 8869029 - 13 -964022 17_internal_11699 17 9833051 9892264 156 140.385 1.1227 12.2648 0.100933 0.131874 0.800995 0.754253
ENSG00000266389.1 17 8869213 8869213 + 13 963838 17_internal_11699 17 9833051 9892264 156 145.732 1.07154 14.1656 0.00292487 0.230284 0.0348259 0.0439835
ENSG00000265975.1 17 8870840 8870840 + 13 -159010 17_internal_8187 17 8691548 8711830 156 145.732 1.15204 13.4956 0.00909135 0.20398 0.0995025 0.103405
ENSG00000065320.4 17 8924859 8924859 + 13 -964417 17_internal_12331 17 7919246 7960442 156 166.451 0.966226 13.4166 0.086817 -0.133298 0.661692 0.671747
ENSG00000263708.1 17 9186491 9186491 + 12 -312424 17_internal_8565 17 8791732 8874067 156 151.262 1.03476 10.9153 0.0783017 0.137672 0.59204 0.596798
ENSG00000225751.2 17 9355514 9355514 + 11 538641 17_internal_12339 17 9894155 10026380 156 151.049 1.02752 11.3032 0.103842 -0.131744 0.726368 0.720888
ENSG00000262815.1 17 9368059 9368059 + 11 413842 17_internal_8819 17 9781901 9805355 156 176.262 0.906927 12.2496 0.0178565 -0.18625 0.174129 0.167982
ENSG00000265302.1 17 9397314 9397314 + 10 -469786 17_internal_9126 17 8904601 8927528 156 147.819 0.977925 8.15601 0.334059 -0.0769563 0.960199 0.970357
ENSG00000170310.7 17 9479908 9479908 - 10 706695 17_internal_8965 17 8745229 8773213 156 149.449 0.953765 8.65614 0.197476 0.106543 0.895522 0.875288
ENSG00000154914.11 17 9548015 9548015 + 10 346140 17_internal_12339 17 9894155 10026380 156 177.039 0.935486 11.213 0.0334238 -0.175121 0.268657 0.261562
ENSG00000065325.7 17 9725523 9725523 + 8 168632 17_internal_12339 17 9894155 10026380 156 151.536 0.98498 7.19693 0.14895 -0.113156 0.696517 0.707622
ENSG00000109047.6 17 9808938 9808938 - 7 881410 17_internal_9126 17 8904601 8927528 156 163.937 1.00561 7.17963 0.0949832 -0.129286 0.467662 0.476926
ENSG00000221486.1 17 9974207 9974207 + 4 25610 17_internal_12162 17 9999817 10130884 156 140.522 1.00002 3.46431 0.000266583 0.277079 0.00497512 0.00187271
ENSG00000263500.1 17 10034704 10034704 - 4 0 17_internal_12162 17 9999817 10130884 156 158.742 0.999967 4.06482 5.05303e-05 0.316355 0.00497512 0.000176341
ENSG00000264194.1 17 10048831 10048831 + 4 0 17_internal_12162 17 9999817 10130884 156 168.127 1.00002 3.76747 4.53195e-08 0.420666 0.00497512 5.13273e-08
ENSG00000007237.12 17 10101868 10101868 - 4 209604 17_internal_11699 17 9833051 9892264 156 135.814 0.999979 3.49585 9.72439e-05 0.307962 0.00497512 0.000969224
ENSG00000109063.8 17 10560626 10560626 - 4 755271 17_internal_8819 17 9781901 9805355 156 141.802 0.999972 3.43801 0.067713 0.143754 0.258706 0.253712
ENSG00000261433.1 17 10562399 10562399 - 4 670135 17_internal_11699 17 9833051 9892264 156 133.986 0.999966 3.01856 0.535672 -0.0511815 0.915423 0.91955
ENSG00000263388.1 17 10584051 10584051 + 4 -778696 17_internal_8819 17 9781901 9805355 156 158.316 1.00004 4.01413 0.246268 0.0909512 0.671642 0.67251
ENSG00000170222.10 17 10600911 10600911 + 4 -574531 17_internal_12339 17 9894155 10026380 156 167.38 0.999977 4.70794 0.204648 0.102191 0.641791 0.626695
ENSG00000133028.6 17 10601692 10601692 - 4 575312 17_internal_12339 17 9894155 10026380 156 176.719 1.00004 4.18665 0.187326 0.105028 0.547264 0.519087
ENSG00000264176.1 17 10619828 10619828 - 4 593448 17_internal_12339 17 9894155 10026380 156 146.479 1.00006 4.03346 0.270291 0.0886187 0.776119 0.742233
ENSG00000263400.1 17 10633094 10633094 + 4 -740830 17_internal_11699 17 9833051 9892264 156 186.225 0.999972 4.65526 0.266719 0.089535 0.676617 0.694428
ENSG00000187824.4 17 10633633 10633633 - 4 502749 17_internal_12162 17 9999817 10130884 156 152.45 1.00006 3.8545 0.0397162 0.16772 0.154229 0.152567
ENSG00000264016.2 17 10672333 10672333 - 4 780069 17_internal_11699 17 9833051 9892264 156 160.266 0.999949 4.00366 0.0914633 0.136201 0.293532 0.305821
ENSG00000007174.12 17 11501748 11501748 + 0 NA NA NA NA NA NA NA NA NA NA NA NA NA
ENSG00000266368.1 17 11880911 11880911 - 0 NA NA NA NA NA NA NA NA NA NA NA NA NA
ENSG00000154957.8 17 11900827 11900827 - 0 NA NA NA NA NA NA NA NA NA NA NA NA NA
ENSG00000065559.9 17 11924141 11924141 + 0 NA NA NA NA NA NA NA NA NA NA NA NA NA
ENSG00000252707.1 17 11939954 11939954 - 0 NA NA NA NA NA NA NA NA NA NA NA NA NA
ENSG00000211589.1 17 11985216 11985216 + 0 NA NA NA NA NA NA NA NA NA NA NA NA NA
ENSG00000266297.1 17 11985216 11985216 + 0 NA NA NA NA NA NA NA NA NA NA NA NA NA
ENSG00000263648.1 17 12018864 12018864 + 0 NA NA NA NA NA NA NA NA NA NA NA NA NA
ENSG00000006740.11 17 12692856 12692856 + 1 810835 17_internal_12693 17 13503691 15089407 156 169.955 0.999972 1.14679 0.591158 -0.0416434 0.621891 0.625147
ENSG00000263707.1 17 12893927 12893927 - 1 -609764 17_internal_12693 17 13503691 15089407 156 158.651 0.999969 0.972994 0.711643 -0.0289868 0.701493 0.699451
ENSG00000006744.11 17 12921504 12921504 - 1 -582187 17_internal_12693 17 13503691 15089407 156 178.334 1.00001 1.09779 0.31953 0.0806784 0.298507 0.3103
ENSG00000236088.2 17 13796162 13796162 - 1 0 17_internal_12693 17 13503691 15089407 156 163.114 0.999983 0.951808 0.159271 0.110089 0.144279 0.143366
ENSG00000141028.5 17 13927802 13927802 + 1 0 17_internal_12693 17 13503691 15089407 156 154.568 1.00002 0.911841 0.0372934 0.166586 0.039801 0.03487
ENSG00000223385.1 17 13972775 13972775 - 1 0 17_internal_12693 17 13503691 15089407 156 173.992 1.00003 0.955428 0.803553 0.020435 0.771144 0.777679
ENSG00000006695.6 17 13972813 13972813 + 1 0 17_internal_12693 17 13503691 15089407 156 142.609 0.999986 1.0578 0.317421 0.078585 0.343284 0.354836
ENSG00000252305.1 17 14080448 14080448 + 1 0 17_internal_12693 17 13503691 15089407 156 174.51 1.00002 1.07154 0.615288 -0.0411144 0.631841 0.620353
ENSG00000231595.1 17 14113805 14113805 + 1 0 17_internal_12693 17 13503691 15089407 156 152.709 0.999999 1.0688 0.912438 0.00891914 0.925373 0.926785
ENSG00000125430.4 17 14204400 14204400 + 2 0 17_internal_12693 17 13503691 15089407 156 159.595 1 1.99101 1.85823e-19 0.620222 0.00497512 1.42805e-19
ENSG00000266709.1 17 14207171 14207171 + 2 0 17_internal_12693 17 13503691 15089407 156 154.157 0.999994 2.03665 1.75809e-13 0.542079 0.00497512 4.96804e-13
ENSG00000266378.1 17 14230652 14230652 + 2 0 17_internal_12693 17 13503691 15089407 156 166.999 0.999994 2.10042 7.59962e-06 0.348441 0.00497512 7.61596e-06
ENSG00000230897.1 17 14608851 14608851 - 3 0 17_internal_12693 17 13503691 15089407 156 155.375 0.999969 3.27782 0.264017 -0.0915196 0.636816 0.635462
ENSG00000109099.9 17 15168643 15168643 - 6 -174807 17_internal_8551 17 15343450 15406347 156 169.68 0.963578 6.04487 6.75206e-06 0.358572 0.00497512 2.43619e-05
ENSG00000239888.2 17 15311701 15311701 + 6 477237 17_internal_7646 17 15788938 15819023 156 168.873 0.960924 7.08865 0.00502553 -0.212144 0.0497512 0.0288241
ENSG00000234324.1 17 15346953 15346953 + 7 994195 17_internal_12058 17 16341148 16351575 156 172.59 1.01228 8.57397 0.410294 -0.0643844 0.99005 0.984444
ENSG00000239704.5 17 15408394 15408394 - 9 0 17_internal_10016 17 15163227 15497328 156 166.695 0.959002 9.52123 0.10209 0.129984 0.606965 0.614663
ENSG00000223878.1 17 15410180 15410180 + 9 378758 17_internal_7646 17 15788938 15819023 156 154.309 1.1166 9.49081 0.060544 0.150438 0.437811 0.401942
ENSG00000266538.1 17 15434403 15434403 - 9 28056 17_internal_8551 17 15343450 15406347 156 164.729 0.923617 10.0877 0.0874894 -0.138781 0.61194 0.598901
ENSG00000259024.1 17 15466875 15466875 - 9 60528 17_internal_8551 17 15343450 15406347 156 161.987 1.00184 9.07026 0.00748037 0.213466 0.0547264 0.0563854
ENSG00000175106.12 17 15466909 15466909 - 9 60562 17_internal_8551 17 15343450 15406347 156 145.488 1.10224 10.2095 0.0050493 0.218689 0.0547264 0.0489381
ENSG00000266261.1 17 15554904 15554904 + 9 -148557 17_internal_8551 17 15343450 15406347 156 153.928 0.932414 7.39001 0.143151 0.112272 0.696517 0.713152
ENSG00000251537.4 17 15554967 15554967 - 9 465560 17_internal_12693 17 13503691 15089407 156 140.674 1.00097 7.9591 0.11089 -0.127138 0.656716 0.669916
ENSG00000221926.7 17 15587625 15587625 - 9 181278 17_internal_8551 17 15343450 15406347 156 206.213 0.779925 11.2143 0.0044536 0.220549 0.0497512 0.0338896
ENSG00000187607.11 17 15602891 15602891 + 9 555155 17_internal_9547 17 16158046 16173286 156 135.22 1.08011 8.47135 0.0208804 0.183481 0.21393 0.206395
ENSG00000255104.3 17 15603006 15603006 + 9 -196659 17_internal_8551 17 15343450 15406347 156 165.11 1.00561 8.73231 0.0281549 0.176909 0.189055 0.188412
ENSG00000233966.1 17 15608214 15608214 - 9 518807 17_internal_12693 17 13503691 15089407 156 153.776 1.07298 8.31605 0.064851 -0.150645 0.40796 0.403653
ENSG00000179277.8 17 15690066 15690066 + 9 98872 17_internal_7646 17 15788938 15819023 156 158.331 0.977603 8.59984 0.00243437 0.22622 0.0298507 0.0212017
ENSG00000265519.1 17 15691519 15691519 - 9 -97419 17_internal_7646 17 15788938 15819023 156 156.35 0.974072 8.2534 0.0282744 0.173524 0.19403 0.220018
ENSG00000170425.3 17 15848231 15848231 + 9 309815 17_internal_9547 17 16158046 16173286 156 149.023 0.991498 7.73742 8.95067e-12 0.484126 0.00497512 2.43928e-10
ENSG00000011295.9 17 15902694 15902694 + 9 255414 17_internal_8299 17 16158108 16192850 156 135.236 1.04885 7.42861 1.07587e-06 -0.374794 0.00497512 2.50849e-05
ENSG00000214941.3 17 15903031 15903031 - 9 813624 17_internal_12693 17 13503691 15089407 156 184.823 0.878382 10.4006 0.0456427 -0.159137 0.303483 0.325438
ENSG00000227782.1 17 15943505 15943505 + 10 -124482 17_internal_7646 17 15788938 15819023 156 147.438 1.05592 8.68971 0.0225792 -0.1756 0.189055 0.18808
ENSG00000243686.1 17 15947935 15947935 + 11 210111 17_internal_9547 17 16158046 16173286 156 142.411 1.11425 10.7823 0.0146377 0.192847 0.139303 0.15353
ENSG00000233979.1 17 15987356 15987356 + 11 926927 17_internal_13313 17 16914283 17217327 156 147.103 1.02114 9.8875 0.257891 -0.0874391 0.945274 0.954959
ENSG00000252383.1 17 16002018 16002018 + 11 339130 17_internal_12058 17 16341148 16351575 156 163.404 0.928441 9.59118 0.0375693 0.163032 0.303483 0.310305
ENSG00000199674.1 17 16041186 16041186 - 11 -903217 17_internal_8867 17 16944403 16978116 156 163.77 0.907044 10.2046 0.0723502 0.145238 0.507463 0.543976
ENSG00000239221.2 17 16095146 16095146 + 11 62900 17_internal_9547 17 16158046 16173286 156 183.437 1.01711 16.6058 0.0248674 0.185261 0.268657 0.214538
ENSG00000108474.9 17 16120523 16120523 + 11 37585 17_internal_8299 17 16158108 16192850 156 148.642 1.08757 10.3294 7.3367e-09 0.441087 0.00497512 4.2207e-08
ENSG00000141027.15 17 16121499 16121499 - 11 -36547 17_internal_9547 17 16158046 16173286 156 158.666 1.04017 11.5367 1.43577e-08 0.42951 0.00497512 6.48413e-08
ENSG00000166582.5 17 16256970 16256970 - 11 83684 17_internal_9547 17 16158046 16173286 156 140.507 1.09796 9.56566 0.0260827 0.181217 0.223881 0.246079
ENSG00000170315.8 17 16284112 16284112 + 11 -91262 17_internal_8299 17 16158108 16192850 156 163.8 0.952713 11.1546 0.00129316 0.245182 0.0149254 0.0136572
ENSG00000265401.1 17 16285983 16285983 - 11 93133 17_internal_8299 17 16158108 16192850 156 152.344 1.02544 10.2578 0.000223899 0.28366 0.00995025 0.00231861
ENSG00000187688.10 17 16318856 16318856 + 11 -499833 17_internal_7646 17 15788938 15819023 156 151.216 0.985144 10.4255 0.0469028 0.152887 0.422886 0.42401
ENSG00000264739.1 17 16320003 16320003 - 11 -724539 17_internal_8850 17 17044542 17049254 156 138.465 1.06704 9.04125 0.047666 -0.159704 0.39801 0.40906
ENSG00000239203.1 17 16330788 16330788 + 11 29640 17_internal_12211 17 16360428 16425063 156 145.229 1.01635 8.98833 0.130149 0.124552 0.756219 0.748151
ENSG00000175061.10 17 16342136 16342136 + 11 18292 17_internal_12211 17 16360428 16425063 156 171.463 0.944049 12.7611 0.0601168 0.150902 0.487562 0.498252
ENSG00000202042.1 17 16342819 16342819 + 11 18750 17_internal_9176 17 16361569 16895232 156 151.018 1.05354 9.71649 0.193276 -0.104183 0.860697 0.876595
ENSG00000206956.1 17 16343350 16343350 + 11 -846022 17_internal_10016 17 15163227 15497328 156 168.446 0.916074 12.3431 0.0102244 0.198867 0.114428 0.113294
ENSG00000266651.1 17 16344266 16344266 - 11 -17303 17_internal_9176 17 16361569 16895232 156 164.318 0.932992 11.4391 0.203028 0.101867 0.925373 0.921547
ENSG00000212381.1 17 16344540 16344540 + 11 -847212 17_internal_10016 17 15163227 15497328 156 160.174 1.02636 11.1721 0.0974958 0.131914 0.656716 0.654
ENSG00000181350.7 17 16395467 16395467 - 12 0 17_internal_12211 17 16360428 16425063 156 160.89 1.00465 12.0785 0.0119531 0.198933 0.139303 0.120333
ENSG00000141040.10 17 16472520 16472520 - 11 47457 17_internal_12211 17 16360428 16425063 156 142.838 1.05239 9.60873 0.00880573 0.202239 0.104478 0.0973487
ENSG00000235554.1 17 16521195 16521195 - 10 -393088 17_internal_13313 17 16914283 17217327 156 151.978 1.01373 9.95892 0.270349 0.0892559 0.955224 0.959237
ENSG00000197566.5 17 16557170 16557170 - 10 132107 17_internal_12211 17 16360428 16425063 156 157.92 0.97082 9.45061 0.00829459 0.212402 0.0746269 0.0788158
ENSG00000170160.11 17 16592851 16592851 + 10 -241276 17_internal_12058 17 16341148 16351575 156 135.83 1.01247 7.73602 0.0602435 0.150617 0.487562 0.467863
ENSG00000266302.1 17 16593575 16593575 + 10 -242000 17_internal_12058 17 16341148 16351575 156 168.203 0.999985 10.3388 0.065424 0.147022 0.442786 0.447162
ENSG00000188933.7 17 16689803 16689803 + 11 -338228 17_internal_12058 17 16341148 16351575 156 149.663 1.00006 9.99768 0.0714977 0.145112 0.567164 0.5537
ENSG00000266129.1 17 16691455 16691455 - 11 339880 17_internal_12058 17 16341148 16351575 156 181.121 0.830921 11.1405 0.0867687 0.137221 0.547264 0.607154
ENSG00000128438.5 17 16838153 16838153 - 12 -541429 17_internal_11324 17 17379582 17545468 156 168.675 0.863281 10.3524 0.0225748 -0.174259 0.233831 0.224339
ENSG00000133030.14 17 16945859 16945859 + 13 0 17_internal_8867 17 16944403 16978116 156 138.572 1.11752 10.8831 1.88436e-15 0.601588 0.00497512 2.68269e-14
ENSG00000225442.2 17 16981066 16981066 - 13 2950 17_internal_8867 17 16944403 16978116 156 147.514 1.13963 12.6977 1.05432e-06 0.369921 0.00497512 5.6919e-06
ENSG00000214899.1 17 17072078 17072078 + 14 -93962 17_internal_8867 17 16944403 16978116 156 154.827 1.02539 13.5573 7.91741e-09 0.432541 0.00497512 8.07177e-08
ENSG00000206859.1 17 17073397 17073397 + 14 306185 17_internal_11324 17 17379582 17545468 156 157.554 1.02998 13.1159 0.062111 -0.145393 0.527363 0.547391
ENSG00000243370.2 17 17081729 17081729 + 14 -103613 17_internal_8867 17 16944403 16978116 156 163.663 1.01318 14.7371 0.00687237 0.212202 0.0646766 0.0768
ENSG00000263624.1 17 17088868 17088868 - 14 110752 17_internal_8867 17 16944403 16978116 156 145.351 0.947823 11.081 8.17916e-10 0.449486 0.00497512 8.52358e-08
ENSG00000263789.1 17 17089779 17089779 + 14 -111663 17_internal_8867 17 16944403 16978116 156 151.247 0.932271 10.346 1.70403e-06 0.378058 0.00497512 5.32384e-05
ENSG00000259850.1 17 17091982 17091982 + 14 -113866 17_internal_8867 17 16944403 16978116 156 176.81 1.00458 17.5984 1.0986e-12 0.550678 0.00497512 5.38461e-13
ENSG00000179598.5 17 17109629 17109629 - 14 131513 17_internal_8867 17 16944403 16978116 156 121.357 1.21669 11.0894 0.0057283 0.213075 0.0895522 0.0934592
ENSG00000266498.1 17 17139432 17139432 - 14 946582 17_internal_8299 17 16158108 16192850 156 179.796 0.979918 23.1281 0.0542498 -0.155428 0.616915 0.607944
ENSG00000264187.1 17 17140499 17140499 - 14 0 17_internal_13313 17 16914283 17217327 156 159.732 1.03398 14.5274 9.61834e-16 0.554175 0.00497512 2.06941e-15
ENSG00000154803.8 17 17140502 17140502 - 14 0 17_internal_13313 17 16914283 17217327 156 167.395 0.886308 14.4268 8.70778e-18 0.588984 0.00497512 7.42356e-16
ENSG00000141030.8 17 17184607 17184607 - 13 0 17_internal_13313 17 16914283 17217327 156 156.548 0.984639 11.0999 5.86364e-30 0.730354 0.00497512 1.41497e-28
ENSG00000205309.8 17 17206649 17206649 + 13 0 17_internal_13313 17 16914283 17217327 156 162.916 0.967783 11.99 2.63178e-08 0.41538 0.00497512 2.6043e-07
ENSG00000215030.4 17 17287326 17287326 - 14 392094 17_internal_9176 17 16361569 16895232 156 159.702 0.995879 15.1473 0.0117469 0.19038 0.164179 0.152921
ENSG00000141026.3 17 17380300 17380300 + 14 -485068 17_internal_9176 17 16361569 16895232 156 152.511 1.00406 16.0145 0.110744 0.129206 0.865672 0.8573
ENSG00000108551.4 17 17399709 17399709 - 14 -214510 17_internal_11622 17 17614219 17662714 156 149.525 0.95858 12.7268 0.0778221 -0.141533 0.676617 0.690101
ENSG00000265511.1 17 17410665 17410665 + 14 203554 17_internal_11622 17 17614219 17662714 156 158.94 0.978825 14.6332 0.0869049 0.137811 0.691542 0.73047
ENSG00000264666.1 17 17494742 17494742 + 13 226535 17_internal_10712 17 17721277 17842633 156 139.989 1.06756 11.3949 0.0113196 -0.193493 0.174129 0.149302
ENSG00000133027.12 17 17495022 17495022 - 13 0 17_internal_11324 17 17379582 17545468 156 165.689 0.958387 14.0029 7.09681e-06 0.352737 0.00497512 7.8984e-05
ENSG00000108557.13 17 17584787 17584787 + 13 -606671 17_internal_8867 17 16944403 16978116 156 151.201 1.01446 11.1373 0.183596 -0.103858 0.900498 0.902717
ENSG00000237328.1 17 17674135 17674135 - 13 -640526 17_internal_12397 17 18314661 18673755 156 178.882 0.881187 14.3606 0.100583 -0.133198 0.726368 0.736435
ENSG00000264167.1 17 17681095 17681095 + 13 -785863 17_internal_9176 17 16361569 16895232 156 165.674 0.972789 13.1489 0.110135 -0.128002 0.766169 0.757539
ENSG00000226746.2 17 17682843 17682843 - 13 787611 17_internal_9176 17 16361569 16895232 156 166.116 0.907362 12.2266 0.213618 -0.101113 0.950249 0.94427
ENSG00000072310.12 17 17740325 17740325 - 13 0 17_internal_10712 17 17721277 17842633 156 173.824 0.965048 15.9866 0.000420083 0.276049 0.00995025 0.00388356
ENSG00000197815.3 17 17761583 17761583 + 14 433628 17_internal_8855 17 18195211 18206538 156 145.092 0.959894 11.577 0.0302171 -0.165971 0.343284 0.37003
ENSG00000175662.13 17 17875736 17875736 - 15 -319475 17_internal_8855 17 18195211 18206538 156 177.861 0.86109 17.6474 0.00786749 -0.203682 0.119403 0.115273
ENSG00000171962.11 17 17876127 17876127 + 15 994163 17_internal_8328 17 18870290 18896787 156 150.714 1.08418 15.7291 0.0775032 -0.142467 0.736318 0.714015
ENSG00000232344.2 17 17913957 17913957 + 15 281254 17_internal_8855 17 18195211 18206538 156 141.223 1.09823 13.5341 0.0279532 -0.168485 0.353234 0.350641
ENSG00000171953.10 17 17942523 17942523 - 15 -252688 17_internal_8855 17 18195211 18206538 156 160.494 1.00447 16.5875 0.0897043 0.132609 0.756219 0.770279
ENSG00000141034.5 17 17942606 17942606 + 15 -279892 17_internal_11622 17 17614219 17662714 156 180.162 0.895632 16.5196 0.00829364 0.204274 0.0995025 0.0988448
ENSG00000108591.5 17 17991200 17991200 + 14 767082 17_internal_10523 17 18758282 18825919 156 154.339 1.0085 14.1117 0.0755409 -0.136758 0.686567 0.674471
ENSG00000091536.12 17 18012020 18012020 + 14 -466552 17_internal_11324 17 17379582 17545468 156 152.603 0.990731 13.7067 0.0107976 0.195644 0.144279 0.152071
ENSG00000091542.8 17 18086392 18086392 + 13 -23676 17_internal_9680 17 18056593 18062716 156 150.516 1.12491 13.7649 0.0296206 0.170265 0.333333 0.310842
ENSG00000266677.1 17 18088067 18088067 - 13 25351 17_internal_9680 17 18056593 18062716 156 142.807 1.10336 10.9439 0.150798 0.112029 0.860697 0.846986
ENSG00000131899.6 17 18128901 18128901 + 13 -66185 17_internal_9680 17 18056593 18062716 156 147.56 1.03971 12.4286 0.009895 0.200429 0.134328 0.12829
ENSG00000177731.10 17 18162230 18162230 - 14 219786 17_internal_11668 17 17876067 17942444 156 157.676 1.01536 13.728 0.111736 0.127279 0.791045 0.79309
ENSG00000177427.8 17 18163848 18163848 + 14 -946521 17_internal_13313 17 16914283 17217327 156 171.783 0.955338 16.0351 0.0186522 0.187437 0.19403 0.214482
ENSG00000260647.1 17 18171394 18171394 + 14 735868 17_internal_9510 17 18907262 18924939 156 160.86 0.990657 16.2622 0.0101019 -0.201218 0.179104 0.139698
ENSG00000228000.1 17 18215218 18215218 + 14 -997891 17_internal_13313 17 16914283 17217327 156 145.092 1.11017 15.1968 0.0323054 0.169223 0.393035 0.402708
ENSG00000237382.2 17 18216074 18216074 + 14 -153358 17_internal_9680 17 18056593 18062716 156 130.924 1.14373 11.6343 0.0562832 0.150149 0.587065 0.563263
ENSG00000177302.9 17 18218321 18218321 - 13 11783 17_internal_8855 17 18195211 18206538 156 165.202 0.964315 14.7016 0.000305277 0.280703 0.00995025 0.00370586
ENSG00000176994.9 17 18218624 18218624 + 13 96037 17_internal_12397 17 18314661 18673755 156 195 0.905321 18.1204 0.00210986 0.239612 0.0199005 0.0168104
ENSG00000267350.1 17 18227536 18227536 + 13 87125 17_internal_12397 17 18314661 18673755 156 152.115 0.911472 10.785 0.00298675 0.23801 0.0696517 0.0495041
ENSG00000176974.12 17 18266856 18266856 - 13 0 17_internal_11776 17 18207821 18380780 156 159.397 0.967606 14.345 3.59223e-09 0.454802 0.00497512 6.15576e-08
ENSG00000213077.5 17 18430160 18430160 - 14 0 17_internal_12397 17 18314661 18673755 156 146.326 0.976782 11.387 0.000225105 0.298825 0.00497512 0.00460864
ENSG00000233327.5 17 18445234 18445234 - 14 0 17_internal_12397 17 18314661 18673755 156 158.712 1.07536 18.2562 0.000529437 0.27575 0.00995025 0.00582687
ENSG00000227077.2 17 18476045 18476045 + 14 0 17_internal_12397 17 18314661 18673755 156 153.06 1.05726 14.9553 4.57493e-12 0.511174 0.00497512 2.85134e-11
