ENSG00000100181.16 22 17082777 17082777 + 3 0 22_internal_5203 22 17082067 17851519 156 142.777 0.999996 3.22081 4.85805e-26 0.730592 0.00497512 1.86196e-23
ENSG00000189295.8 22 17175538 17175538 - 8 0 22_internal_5203 22 17082067 17851519 156 148.17 0.991002 5.50022 4.72185e-20 0.639023 0.00497512 3.19887e-18
ENSG00000172967.7 22 17302589 17302589 - 9 0 22_internal_5203 22 17082067 17851519 156 174.586 0.965648 8.40527 1.08246e-10 0.495455 0.00497512 1.61417e-10
ENSG00000237438.1 22 17517460 17517460 + 10 176713 22_internal_3595 22 17694173 17719069 156 154.995 1.01987 8.87404 0.0266799 -0.173419 0.228856 0.20907
ENSG00000177663.9 22 17565844 17565844 + 10 873579 22_internal_5411 22 18439423 18608732 156 130.147 1.03689 6.15201 0.0219526 0.175454 0.19403 0.190336
ENSG00000235328.1 22 17574829 17574829 - 10 -513618 22_internal_5023 22 18088447 18211095 156 161.225 0.966762 8.9212 0.289427 0.0891884 0.940299 0.95063
ENSG00000183307.3 22 17602257 17602257 - 10 -631865 22_internal_3461 22 18234122 18237820 156 148.733 1.16756 9.40329 0.113055 -0.125141 0.651741 0.644189
ENSG00000235478.1 22 17602476 17602476 + 10 485971 22_internal_5023 22 18088447 18211095 156 158.62 0.984679 8.51999 0.102002 -0.130131 0.577114 0.595875
ENSG00000069998.8 22 17646177 17646177 - 10 -587945 22_internal_3461 22 18234122 18237820 156 184.138 0.859176 8.76751 0.0970297 -0.132068 0.517413 0.546005
ENSG00000236325.1 22 17673826 17673826 + 10 765597 22_internal_5411 22 18439423 18608732 156 162.185 0.920502 7.6282 0.0524717 0.1501 0.353234 0.350443
ENSG00000269774.1 22 17690773 17690773 + 10 543349 22_internal_3461 22 18234122 18237820 156 159.154 1.02431 8.58296 0.134722 -0.122401 0.686567 0.690956
ENSG00000203416.2 22 17694618 17694618 + 10 0 22_internal_3595 22 17694173 17719069 156 133.788 1.08797 8.32309 0.195506 0.104235 0.855721 0.871361
ENSG00000093072.11 22 17702879 17702879 - 10 -531243 22_internal_3461 22 18234122 18237820 156 151.018 1.02231 8.12192 0.123073 0.124828 0.666667 0.666487
ENSG00000241832.1 22 17747623 17747623 - 11 -340824 22_internal_5023 22 18088447 18211095 156 173.245 0.970557 12.1391 0.00702646 0.204577 0.0597015 0.0586465
ENSG00000099954.13 22 17840837 17840837 + 11 0 22_internal_5155 22 17814990 17978126 156 148.032 1.04449 9.00357 2.26484e-12 0.503374 0.00497512 2.57115e-11
ENSG00000182902.8 22 18043139 18043139 + 12 -324070 22_internal_3595 22 17694173 17719069 156 150.165 0.991518 9.45504 0.123812 0.121891 0.726368 0.738025
ENSG00000236754.1 22 18071958 18071958 - 13 -63911 22_internal_3640 22 18135869 18162612 156 145.915 1.03383 10.2096 0.0390347 0.167491 0.383085 0.365647
ENSG00000131100.8 22 18111584 18111584 - 13 -16278 22_internal_4830 22 18127862 18175821 156 130.62 1.01338 8.64038 5.58405e-07 0.387475 0.00497512 3.51744e-05
ENSG00000099968.13 22 18111621 18111621 + 13 16241 22_internal_4830 22 18127862 18175821 156 169.406 1.01983 13.1979 4.07236e-39 0.807545 0.00497512 5.03901e-42
ENSG00000251737.1 22 18124285 18124285 - 13 -11584 22_internal_3640 22 18135869 18162612 156 148.322 0.979239 10.2886 0.000361141 0.279683 0.00995025 0.00583273
ENSG00000264757.1 22 18247025 18247025 - 14 395506 22_internal_5203 22 17082067 17851519 156 142.441 1.03981 10.7582 0.0342849 0.16131 0.358209 0.359251
ENSG00000015475.14 22 18257536 18257536 - 14 81715 22_internal_4830 22 18127862 18175821 156 149.266 1.01029 12.0715 0.000108364 0.293845 0.00497512 0.00172156
ENSG00000269220.1 22 18260088 18260088 + 14 -408569 22_internal_5203 22 17082067 17851519 156 177.039 0.919375 14.6782 0.199054 -0.100478 0.955224 0.945246
ENSG00000093100.13 22 18294263 18294263 - 14 -145160 22_internal_5411 22 18439423 18608732 156 154.659 0.998138 12.2917 4.77351e-06 0.351673 0.00497512 6.56833e-05
ENSG00000243156.3 22 18507325 18507325 - 17 0 22_internal_5411 22 18439423 18608732 156 147.316 0.885965 14.0117 9.96245e-13 0.524499 0.00497512 9.06045e-10
ENSG00000225335.1 22 18560563 18560563 - 17 -786998 22_internal_4549 22 19347561 19356552 156 142.335 1.04472 13.7812 0.064516 0.151438 0.651741 0.653275
ENSG00000215193.6 22 18560689 18560689 + 17 786872 22_internal_4549 22 19347561 19356552 156 153.745 0.960915 15.5586 0.0488003 0.157405 0.572139 0.571207
ENSG00000236890.2 22 18564441 18564441 - 17 -783120 22_internal_4549 22 19347561 19356552 156 151.963 0.921814 14.4736 0.122784 0.12476 0.865672 0.878134
ENSG00000235617.1 22 18584378 18584378 + 17 0 22_internal_5411 22 18439423 18608732 156 161.941 1.00707 17.272 0.0325314 -0.174406 0.39801 0.399196
ENSG00000225225.1 22 18586415 18586415 - 17 348595 22_internal_3461 22 18234122 18237820 156 162.764 1.01057 16.503 0.0192215 0.18663 0.233831 0.239157
ENSG00000183785.9 22 18593097 18593097 + 17 -741578 22_internal_5203 22 17082067 17851519 156 168.827 1.03842 18.7025 0.0640962 0.149217 0.661692 0.630464
ENSG00000184979.9 22 18632666 18632666 + 17 -23934 22_internal_5411 22 18439423 18608732 156 150.272 1.07337 15.7252 0.00201606 0.249611 0.0348259 0.0287902
ENSG00000183628.7 22 18893541 18893541 + 16 20129 22_internal_3857 22 18913670 18924209 156 141.482 1.20814 15.0267 0.00291335 0.230825 0.0149254 0.0347871
ENSG00000100033.11 22 18924066 18924066 - 17 0 22_internal_3857 22 18913670 18924209 156 157.447 0.963496 15.0344 0.000844139 0.259779 0.0248756 0.0142224
ENSG00000237517.3 22 18958027 18958027 + 18 -720207 22_internal_3461 22 18234122 18237820 156 164.394 0.953384 16.039 0.172378 -0.111951 0.945274 0.945292
ENSG00000241527.1 22 19022077 19022077 - 19 -644891 22_internal_3977 22 19666968 19680112 156 173.337 0.927044 19.6201 0.0318255 -0.17376 0.40796 0.410597
ENSG00000206739.1 22 19032769 19032769 + 19 -424037 22_internal_5411 22 18439423 18608732 156 183.589 0.841209 22.4719 0.0127501 -0.202 0.20398 0.205693
ENSG00000237347.2 22 19043314 19043314 + 19 139649 22_internal_3703 22 19182963 19190457 156 173.261 0.94612 20.0989 0.00354237 0.230089 0.0497512 0.0504005
ENSG00000223461.1 22 19109042 19109042 + 19 906504 22_internal_3593 22 20015546 20021525 156 142.152 1.23693 18.6425 0.136578 0.118019 0.925373 0.935325
ENSG00000070413.13 22 19109967 19109967 - 19 0 22_internal_3834 22 19070602 19110977 156 147.804 0.941822 13.4026 0.00109582 0.257596 0.0248756 0.0253207
ENSG00000231086.1 22 19112392 19112392 + 19 -949780 22_internal_3640 22 18135869 18162612 156 148.154 1.01092 17.4349 0.0651436 0.145691 0.741294 0.725971
ENSG00000206203.3 22 19118321 19118321 + 19 -7344 22_internal_3834 22 19070602 19110977 156 154.979 0.980407 17.3367 0.0623415 0.148893 0.701493 0.685286
ENSG00000100056.7 22 19132197 19132197 - 17 921102 22_internal_5023 22 18088447 18211095 156 160.479 0.978643 18.9931 0.000823065 0.254155 0.0248756 0.0144478
ENSG00000260924.1 22 19158908 19158908 + 17 847609 22_internal_4007 22 20006517 20073230 156 157.615 1.07048 17.3679 0.026363 0.172608 0.353234 0.330114
ENSG00000100075.5 22 19166343 19166343 - 16 -772656 22_internal_4354 22 19938999 19963539 156 162.52 0.975942 16.8184 0.0032822 0.230646 0.0547264 0.0481908
ENSG00000233471.2 22 19245043 19245043 + 15 -134066 22_internal_3834 22 19070602 19110977 156 138.968 1.11317 13.1827 0.0636593 0.138135 0.666667 0.622684
ENSG00000070371.11 22 19279239 19279239 - 16 -727278 22_internal_4007 22 20006517 20073230 156 138.572 1.01247 11.0872 0.0376522 -0.165298 0.427861 0.428808
ENSG00000244296.2 22 19353289 19353289 + 16 45614 22_internal_5088 22 19398903 19421123 156 175.134 0.881968 17.2594 0.00351745 0.233162 0.0597015 0.0523709
ENSG00000185608.4 22 19419425 19419425 + 16 -495216 22_internal_3857 22 18913670 18924209 156 157.402 1.01082 17.5377 0.239707 -0.0933384 0.99005 0.99121
ENSG00000100084.10 22 19435224 19435224 - 16 -789000 22_internal_3699 22 20224224 20233920 156 146.783 1.02311 14.1676 0.0326332 0.170607 0.39801 0.413418
ENSG00000185065.6 22 19435416 19435416 + 16 580130 22_internal_3593 22 20015546 20021525 156 163.45 0.860314 13.569 0.0167999 0.192364 0.238806 0.236858
ENSG00000242259.3 22 19435755 19435755 - 16 -579791 22_internal_3593 22 20015546 20021525 156 155.878 1.07957 17.3836 0.0173198 -0.193491 0.208955 0.229564
ENSG00000070010.13 22 19466738 19466738 - 16 -472261 22_internal_4354 22 19938999 19963539 156 175.591 0.923845 17.7269 0.0407046 0.153377 0.442786 0.453778
ENSG00000184113.8 22 19515068 19515068 - 16 -709156 22_internal_3699 22 20224224 20233920 156 163.13 1.02668 20.211 0.0367132 -0.161331 0.457711 0.476156
ENSG00000184702.13 22 19701987 19701987 + 15 489203 22_internal_5326 22 20191190 20243633 156 182.005 0.862232 19.0796 0.204251 -0.103216 0.99005 0.978695
ENSG00000203618.5 22 19710468 19710468 + 15 513756 22_internal_3699 22 20224224 20233920 156 167.167 0.891865 14.2632 0.266573 -0.0904628 0.99005 0.986913
ENSG00000184058.8 22 19744226 19744226 + 15 262291 22_internal_4007 22 20006517 20073230 156 150.851 1.04109 14.9652 0.109136 -0.126289 0.820896 0.829758
ENSG00000235776.2 22 19779817 19779817 + 16 226700 22_internal_4007 22 20006517 20073230 156 155.269 1.0988 17.8343 0.085615 0.138972 0.776119 0.771418
ENSG00000215012.4 22 19842419 19842419 - 16 957922 22_internal_4435 22 18717915 18884497 156 158.361 0.996124 17.1719 0.00939308 0.203422 0.149254 0.143131
ENSG00000185838.9 22 19842462 19842462 - 16 -381762 22_internal_3699 22 20224224 20233920 156 149.007 1.0575 16.2119 0.0297922 0.169857 0.378109 0.399414
ENSG00000232926.1 22 19874812 19874812 + 16 316378 22_internal_5326 22 20191190 20243633 156 134.078 1.04136 11.8595 0.0517491 -0.155407 0.557214 0.566489
ENSG00000093010.7 22 19929130 19929130 + 16 -572578 22_internal_4549 22 19347561 19356552 156 142.944 1.14023 17.1727 0.0171028 -0.178519 0.303483 0.262886
ENSG00000184470.15 22 19929341 19929341 - 16 -294883 22_internal_3699 22 20224224 20233920 156 141.527 0.950971 11.5683 0.315721 -0.0808766 0.995025 0.992564
ENSG00000265087.1 22 19951276 19951276 + 16 -594724 22_internal_4549 22 19347561 19356552 156 142.045 1.02524 12.1076 0.0129422 -0.189825 0.19403 0.185257
ENSG00000099889.9 22 20004331 20004331 - 16 68609 22_internal_4161 22 19919735 19935722 156 178.623 1.10217 23.8937 0.00210515 0.238482 0.00995025 0.0153925
ENSG00000183597.11 22 20004537 20004537 + 16 -40998 22_internal_4354 22 19938999 19963539 156 166.725 0.929697 16.4646 0.113876 0.123037 0.840796 0.847801
ENSG00000268292.1 22 20053228 20053228 - 16 373116 22_internal_3977 22 19666968 19680112 156 174.555 0.97546 21.6175 0.154661 0.1119 0.950249 0.955401
ENSG00000236540.2 22 20058045 20058045 - 16 867588 22_internal_3703 22 19182963 19190457 156 163.175 0.995282 18.8253 0.0125156 0.198043 0.174129 0.184204
ENSG00000128191.9 22 20067755 20067755 + 16 0 22_internal_4007 22 20006517 20073230 156 143.508 1.04983 13.6508 0.078157 -0.146161 0.726368 0.711308
ENSG00000266567.1 22 20073269 20073269 + 16 -716717 22_internal_4549 22 19347561 19356552 156 166.07 0.964125 18.9617 0.0564444 0.154382 0.616915 0.630003
ENSG00000221366.1 22 20073581 20073581 + 16 -723342 22_internal_3548 22 19308499 19350239 156 141.055 1.14015 15.4453 0.0665701 0.145853 0.696517 0.67962
ENSG00000243762.1 22 20099398 20099398 - 16 988421 22_internal_3834 22 19070602 19110977 156 140.278 1.06538 14.3299 0.0280201 0.179815 0.393035 0.388946
ENSG00000099901.12 22 20103461 20103461 + 16 120763 22_internal_3699 22 20224224 20233920 156 194.924 0.85291 24.4783 0.0397574 -0.165519 0.487562 0.487669
ENSG00000099899.10 22 20104915 20104915 - 16 -86275 22_internal_5326 22 20191190 20243633 156 146.113 1.04071 15.1672 0.0580101 0.146448 0.631841 0.631761
ENSG00000264346.1 22 20113925 20113925 + 15 770296 22_internal_3690 22 20884221 20912984 156 178.577 0.974157 18.7586 0.000788891 0.269826 0.00995025 0.00706947
ENSG00000099904.11 22 20116979 20116979 + 15 -181257 22_internal_4161 22 19919735 19935722 156 163.419 0.850236 13.2563 0.0078718 0.199395 0.159204 0.12662
ENSG00000234409.3 22 20138399 20138399 - 15 947942 22_internal_3703 22 19182963 19190457 156 176.231 0.910115 19.1887 0.0223331 0.182579 0.283582 0.295312
ENSG00000236499.1 22 20194100 20194100 + 14 0 22_internal_5326 22 20191190 20243633 156 147.88 1.06481 11.7446 0.0302819 0.173128 0.288557 0.312144
ENSG00000161132.6 22 20287283 20287283 + 14 630788 22_internal_3517 22 20918071 20936708 156 143.066 1.06501 13.4437 0.0268015 -0.178954 0.358209 0.34172
ENSG00000128185.5 22 20307603 20307603 - 14 371881 22_internal_4161 22 19919735 19935722 156 154.05 1.02161 13.8487 0.0705443 0.141008 0.621891 0.637608
ENSG00000206176.5 22 20378814 20378814 + 14 -957691 22_internal_5088 22 19398903 19421123 156 165.232 0.965978 14.228 0.118301 -0.123769 0.810945 0.812548
ENSG00000215513.5 22 20427835 20427835 - 13 464296 22_internal_4354 22 19938999 19963539 156 151.064 0.940465 13.0633 0.0511886 -0.152901 0.557214 0.550597
ENSG00000196622.5 22 20461786 20461786 - 13 388556 22_internal_4007 22 20006517 20073230 156 137.841 1.03228 10.4407 0.0312512 -0.170658 0.358209 0.352669
ENSG00000185252.13 22 20748405 20748405 + 12 -504772 22_internal_5326 22 20191190 20243633 156 137.277 1.02675 9.90162 0.0376799 -0.1602 0.432836 0.393588
ENSG00000244486.3 22 20792146 20792146 - 12 -92075 22_internal_3690 22 20884221 20912984 156 166.177 0.949183 10.2827 0.0661022 -0.143231 0.482587 0.482574
ENSG00000215493.3 22 20804409 20804409 + 12 -868687 22_internal_4161 22 19919735 19935722 156 151.75 1.02018 11.9211 0.0651383 -0.148611 0.577114 0.564172
ENSG00000206673.1 22 20829598 20829598 - 12 33200 22_internal_4247 22 20779231 20796398 156 146.006 0.926469 10.1895 0.0611035 -0.15354 0.572139 0.557363
ENSG00000255156.1 22 20829598 20829598 - 12 33200 22_internal_4247 22 20779231 20796398 156 170.686 0.985685 13.6439 0.0611035 -0.15354 0.537313 0.510747
ENSG00000242876.2 22 20836497 20836497 - 12 900775 22_internal_4161 22 19919735 19935722 156 156.868 1.03294 12.5983 0.0374823 -0.164301 0.343284 0.362286
ENSG00000265300.1 22 20837603 20837603 - 12 603683 22_internal_3699 22 20224224 20233920 156 161.393 1.08743 11.4955 0.000313177 -0.289049 0.00497512 0.00163387
ENSG00000236670.1 22 20838392 20838392 - 12 604472 22_internal_3699 22 20224224 20233920 156 198.778 0.945929 17.5887 0.0123469 -0.205115 0.104478 0.0933934
ENSG00000099910.12 22 20850170 20850170 - 12 -465433 22_internal_4112 22 21315603 21328093 156 158.468 1.00578 13.9657 0.208949 0.101053 0.960199 0.959223
ENSG00000099917.13 22 20850200 20850200 + 12 34021 22_internal_3690 22 20884221 20912984 156 137.871 1.03794 9.64681 0.0819458 0.131015 0.646766 0.630669
ENSG00000236003.1 22 20878157 20878157 - 12 -39914 22_internal_3517 22 20918071 20936708 156 168.431 0.95282 13.2698 0.0102024 -0.211827 0.119403 0.109233
ENSG00000250261.1 22 20946505 20946505 - 12 712585 22_internal_3699 22 20224224 20233920 156 139.745 1.0438 10.8288 0.0837426 0.131555 0.661692 0.670466
ENSG00000226287.3 22 21055220 21055220 + 10 260383 22_internal_4112 22 21315603 21328093 156 178.684 0.953867 12.8807 0.135354 0.115802 0.79602 0.790902
ENSG00000234252.1 22 21077335 21077335 + 10 -833702 22_internal_5326 22 20191190 20243633 156 131.488 1.02207 7.87764 0.0232898 -0.182267 0.273632 0.249646
ENSG00000230344.2 22 21080201 21080201 - 10 836568 22_internal_5326 22 20191190 20243633 156 134.977 1.20941 9.74284 0.0250066 -0.180198 0.228856 0.224294
ENSG00000099937.6 22 21128167 21128167 + 11 -839859 22_internal_5027 22 20254362 20288308 156 175.211 0.966728 12.8336 0.0605943 -0.151389 0.482587 0.474775
ENSG00000099940.6 22 21213271 21213271 + 12 -300287 22_internal_3690 22 20884221 20912984 156 127.466 1.05252 9.09258 0.015865 0.184003 0.238806 0.215908
ENSG00000241973.6 22 21213705 21213705 - 12 -707105 22_internal_3704 22 21920810 21985192 156 157.691 0.920525 11.0667 0.0933197 0.126866 0.691542 0.68646
ENSG00000099942.8 22 21271714 21271714 + 10 -358730 22_internal_3690 22 20884221 20912984 156 157.127 0.92791 9.56717 0.104715 0.129238 0.631841 0.677422
ENSG00000266366.1 22 21309449 21309449 + 9 6154 22_internal_4112 22 21315603 21328093 156 156.503 1.06228 9.15442 0.168796 0.105344 0.79602 0.797932
ENSG00000237476.1 22 21311380 21311380 + 9 4223 22_internal_4112 22 21315603 21328093 156 150.881 0.922479 8.04924 1.02447e-15 0.587797 0.00497512 2.82169e-13
ENSG00000183773.11 22 21319396 21319396 + 9 0 22_internal_4112 22 21315603 21328093 156 153.319 0.908537 7.9097 1.61348e-33 0.759016 0.00497512 3.42662e-29
ENSG00000099949.14 22 21333751 21333751 + 9 -5658 22_internal_4112 22 21315603 21328093 156 178.12 0.939994 9.56473 7.66438e-21 0.653904 0.00497512 2.82021e-21
ENSG00000230513.1 22 21356175 21356175 + 9 -559777 22_internal_4247 22 20779231 20796398 156 161.561 0.882382 7.99692 0.108032 -0.130853 0.61194 0.628961
ENSG00000184436.7 22 21356485 21356485 - 9 28392 22_internal_4112 22 21315603 21328093 156 163.434 0.991547 8.06104 0.103962 0.126743 0.532338 0.560665
ENSG00000099957.12 22 21364097 21364097 + 9 786896 22_internal_3757 22 22150993 22166571 156 163.16 1.01587 8.72494 0.0895304 0.134392 0.532338 0.520855
ENSG00000161149.7 22 21368581 21368581 - 9 -782412 22_internal_3757 22 22150993 22166571 156 142.015 1.09743 8.21468 0.0359754 0.167161 0.283582 0.27548
ENSG00000169635.5 22 21771693 21771693 + 11 379300 22_internal_3757 22 22150993 22166571 156 150.455 1.03893 11.7971 0.00581122 -0.214995 0.0597015 0.0685499
ENSG00000206140.5 22 21820712 21820712 + 10 782219 22_internal_4531 22 22602931 22699686 156 154.644 1.07759 10.5784 0.141707 -0.11385 0.776119 0.784002
ENSG00000183506.11 22 21871822 21871822 - 10 -731109 22_internal_4531 22 22602931 22699686 156 165.369 1.03317 11.832 0.198349 -0.104901 0.915423 0.906597
ENSG00000185651.10 22 21903736 21903736 + 10 167805 22_internal_4575 22 22071541 22307917 156 151.932 1.03091 9.42574 0.0517341 0.154199 0.40796 0.398152
ENSG00000161179.9 22 21984353 21984353 - 8 -430299 22_internal_5067 22 22414652 22512082 156 151.445 1.07314 7.97077 0.0265026 -0.173721 0.199005 0.180893
ENSG00000161180.5 22 21987007 21987007 + 8 84534 22_internal_4575 22 22071541 22307917 156 157.92 0.973044 7.70069 0.155653 0.110143 0.716418 0.731256
ENSG00000128228.4 22 21996550 21996550 + 8 116819 22_internal_4664 22 22113369 22143426 156 160.342 1.01445 8.51881 0.267956 -0.0866991 0.905473 0.922452
ENSG00000100023.12 22 22006559 22006559 + 8 106810 22_internal_4664 22 22113369 22143426 156 142.99 0.9372 6.51921 0.0759538 -0.143046 0.487562 0.486612
ENSG00000244671.2 22 22077471 22077471 - 8 -337181 22_internal_5067 22 22414652 22512082 156 176.338 0.878908 8.19406 0.289218 0.0819194 0.935323 0.931091
ENSG00000100027.10 22 22090123 22090123 - 8 762030 22_internal_4112 22 21315603 21328093 156 142.137 1.04505 7.83253 0.18712 0.102316 0.850746 0.828436
ENSG00000200985.1 22 22146723 22146723 + 8 267929 22_internal_5067 22 22414652 22512082 156 157.264 0.922596 7.0389 0.12143 0.120925 0.616915 0.62647
ENSG00000100030.10 22 22221970 22221970 - 9 236778 22_internal_3704 22 21920810 21985192 156 163.693 1.01238 8.97721 0.0692298 0.142128 0.457711 0.434978
ENSG00000225544.1 22 22240012 22240012 - 9 0 22_internal_4575 22 22071541 22307917 156 146.006 1.05437 7.91809 0.33752 0.0766357 0.970149 0.965128
ENSG00000224086.3 22 22292609 22292609 + 9 0 22_internal_4575 22 22071541 22307917 156 139.379 1.1846 8.67408 0.0113919 0.203093 0.0746269 0.088159
ENSG00000100034.9 22 22307209 22307209 - 9 0 22_internal_4575 22 22071541 22307917 156 179.872 0.933614 10.2649 0.000792222 0.276752 0.00995025 0.00481659
ENSG00000100038.15 22 22337213 22337213 - 8 -77439 22_internal_5067 22 22414652 22512082 156 126.826 0.999956 5.25993 0.002438 0.235585 0.0298507 0.0326896
ENSG00000182502.2 22 22472374 22472374 - 7 0 22_internal_5067 22 22414652 22512082 156 143.706 1.02339 6.6994 3.72761e-16 0.554618 0.00497512 1.72227e-14
ENSG00000236850.3 22 22657589 22657589 + 10 0 22_internal_4531 22 22602931 22699686 156 153.166 0.9558 9.46511 2.42222e-14 0.537795 0.00497512 1.41097e-12
ENSG00000211643.2 22 22673082 22673082 + 10 0 22_internal_4531 22 22602931 22699686 156 187.063 0.945892 15.021 8.11225e-12 0.49333 0.00497512 4.7585e-12
ENSG00000211644.2 22 22676828 22676828 + 10 0 22_internal_4531 22 22602931 22699686 156 165.674 0.875401 9.16853 8.33337e-08 0.40964 0.00497512 2.05528e-06
ENSG00000198477.3 22 22863505 22863505 - 10 -679531 22_internal_3613 22 23543036 23548338 156 164.272 0.917306 9.73489 0.107324 0.128982 0.661692 0.669396
ENSG00000211663.2 22 23063108 23063108 + 10 -919682 22_internal_4664 22 22113369 22143426 156 172.514 0.877921 9.38865 0.0548474 0.145077 0.402985 0.40123
ENSG00000211666.2 22 23101189 23101189 + 10 436949 22_internal_4211 22 23538138 23580950 156 165.141 0.92731 9.30884 0.00338446 0.222342 0.0348259 0.0318231
ENSG00000254709.1 22 23229960 23229960 + 8 308178 22_internal_4211 22 23538138 23580950 156 166.969 1.00046 8.86236 0.0686974 0.138425 0.437811 0.419872
ENSG00000211675.2 22 23237555 23237555 + 9 300583 22_internal_4211 22 23538138 23580950 156 165.049 1.00826 9.54564 0.0735353 0.136644 0.482587 0.473113
ENSG00000211679.2 22 23248512 23248512 + 9 986828 22_internal_3789 22 24235340 24385690 156 150.775 1.09032 8.09298 0.0381576 0.161012 0.248756 0.252723
ENSG00000128266.7 22 23412540 23412540 + 9 -900458 22_internal_5067 22 22414652 22512082 156 182.036 0.960537 9.47557 0.00085498 0.267828 0.00497512 0.00380274
ENSG00000100218.7 22 23487208 23487208 - 9 -512872 22_internal_4060 22 24000080 24060293 156 149.266 1.08359 10.0748 0.0773844 0.145525 0.552239 0.551156
ENSG00000100228.8 22 23487513 23487513 + 9 0 22_internal_5202 22 23478062 23594608 156 166.329 0.933596 9.07328 1.28147e-05 0.343681 0.00497512 0.000117091
ENSG00000186716.15 22 23521891 23521891 + 8 0 22_internal_5202 22 23478062 23594608 156 141.284 1.06118 7.0978 3.05145e-17 0.614369 0.00497512 8.80257e-16
ENSG00000240160.2 22 23604258 23604258 - 10 -650648 22_internal_3190 22 24254906 24314414 156 155.299 0.959736 8.2804 0.0227415 -0.186279 0.18408 0.190725
ENSG00000230701.1 22 23605323 23605323 + 10 -10715 22_internal_5202 22 23478062 23594608 156 135.586 0.968346 7.97912 0.000497453 0.280005 0.0298507 0.0109229
ENSG00000214526.3 22 23665114 23665114 - 11 -858150 22_internal_4326 22 24523264 24560862 156 159.687 0.948565 10.1916 0.0601195 0.153354 0.467662 0.475962
ENSG00000189269.7 22 23974508 23974508 - 13 -260832 22_internal_3789 22 24235340 24385690 156 155.817 1.04579 12.0602 0.0219777 0.187098 0.223881 0.217376
ENSG00000211683.2 22 23981128 23981128 - 13 -18952 22_internal_4060 22 24000080 24060293 156 166.024 0.969012 13.4312 0.0973679 -0.131222 0.716418 0.717772
ENSG00000234353.2 22 23982949 23982949 - 13 -17131 22_internal_4060 22 24000080 24060293 156 160.997 0.986587 13.681 0.0912733 -0.135858 0.721393 0.713696
ENSG00000244723.3 22 23995521 23995521 - 14 -4559 22_internal_4060 22 24000080 24060293 156 146.814 1.09332 12.4411 1.92099e-05 0.320091 0.00497512 0.000196374
ENSG00000159496.10 22 24030323 24030323 + 14 0 22_internal_4060 22 24000080 24060293 156 162.292 0.951631 15.0055 3.09785e-06 0.360414 0.00497512 4.95781e-05
ENSG00000228315.5 22 24059543 24059543 - 14 0 22_internal_4060 22 24000080 24060293 156 159.306 0.928622 12.5716 0.000291311 0.286645 0.00995025 0.00487817
ENSG00000187792.3 22 24093279 24093279 - 15 -430060 22_internal_3465 22 24523339 24559616 156 160.342 0.989129 16.0829 0.0026464 0.231963 0.0497512 0.0379349
ENSG00000128218.7 22 24096655 24096655 - 15 502047 22_internal_5202 22 23478062 23594608 156 139.212 1.10458 12.9094 0.0149383 0.190185 0.21393 0.203754
ENSG00000169314.10 22 24105208 24105208 + 15 418131 22_internal_3465 22 24523339 24559616 156 142.609 1.01345 11.4794 2.43524e-08 0.427175 0.00497512 9.21092e-07
ENSG00000099953.5 22 24110413 24110413 + 15 -944159 22_internal_4328 22 23154145 23166254 156 142.944 1.08664 12.1568 0.0511303 0.152216 0.507463 0.501313
ENSG00000250479.4 22 24110630 24110630 - 15 -412709 22_internal_3465 22 24523339 24559616 156 149.434 1.07734 12.2089 1.40798e-06 0.385702 0.00497512 1.23711e-05
ENSG00000099956.13 22 24129150 24129150 + 15 -534542 22_internal_5202 22 23478062 23594608 156 153.913 1.03366 13.2891 0.0491797 0.158252 0.487562 0.483599
ENSG00000099958.10 22 24181315 24181315 - 14 -807085 22_internal_3677 22 24988400 25004841 156 163.861 0.960257 14.8445 0.119413 -0.121344 0.835821 0.834272
ENSG00000133460.14 22 24198890 24198890 + 14 -617940 22_internal_4211 22 23538138 23580950 156 142.274 0.978518 10.7528 0.00762586 0.210189 0.104478 0.11684
ENSG00000251357.3 22 24204375 24204375 + 14 -144082 22_internal_4060 22 24000080 24060293 156 167.228 1.00154 14.2897 0.005164 0.229586 0.0497512 0.0524328
ENSG00000240972.1 22 24236191 24236191 + 14 287148 22_internal_3465 22 24523339 24559616 156 154.416 0.925004 11.5402 0.00227851 0.237295 0.0447761 0.0367778
ENSG00000218537.1 22 24241117 24241117 - 14 -282222 22_internal_3465 22 24523339 24559616 156 141.756 1.15119 12.3703 0.00185895 0.243229 0.0199005 0.0209085
ENSG00000225282.1 22 24269087 24269087 + 14 0 22_internal_3789 22 24235340 24385690 156 167.03 0.902745 13.4223 1.36633e-23 0.711601 0.00497512 9.6852e-22
ENSG00000099974.7 22 24309089 24309089 + 14 0 22_internal_3789 22 24235340 24385690 156 142.777 1.05512 12.4872 7.55523e-17 0.575001 0.00497512 3.24412e-15
ENSG00000099977.9 22 24322660 24322660 - 14 0 22_internal_3789 22 24235340 24385690 156 167.959 0.929709 13.2522 1.33078e-19 0.611368 0.00497512 1.64887e-18
ENSG00000099991.12 22 24407642 24407642 + 14 -21952 22_internal_3789 22 24235340 24385690 156 143.218 1.03031 12.0422 5.68996e-05 0.30674 0.00497512 0.0011213
ENSG00000232545.1 22 24497652 24497652 + 14 -111962 22_internal_3789 22 24235340 24385690 156 188.419 0.861922 16.5395 2.77192e-05 0.325058 0.00497512 0.000266312
ENSG00000099994.10 22 24577227 24577227 + 13 60873 22_internal_3943 22 24638100 24643900 156 153.121 0.919669 10.7819 0.0122539 0.203262 0.169154 0.159851
ENSG00000099998.13 22 24641110 24641110 - 11 580817 22_internal_4060 22 24000080 24060293 156 152.557 0.990428 10.078 0.00605203 0.211359 0.0696517 0.0668843
ENSG00000100014.14 22 24666786 24666786 + 11 -22886 22_internal_3943 22 24638100 24643900 156 164.546 1.07088 13.1118 0.00489416 0.224392 0.0348259 0.0387487
ENSG00000258555.2 22 24666866 24666866 + 11 -352452 22_internal_3190 22 24254906 24314414 156 159.656 1.01696 10.693 0.017573 0.188608 0.159204 0.155291
ENSG00000128271.13 22 24813847 24813847 + 12 5444 22_internal_3839 22 24819291 24916571 156 147.85 1.0126 10.2159 0.000901208 0.258942 0.0199005 0.011781
ENSG00000100024.10 22 24863206 24863206 + 12 -302344 22_internal_4326 22 24523264 24560862 156 169.62 0.971675 14.0839 0.0665074 -0.144876 0.562189 0.566617
ENSG00000178803.6 22 24891042 24891042 - 12 0 22_internal_3839 22 24819291 24916571 156 161.713 1.03802 13.9999 0.0263308 0.173964 0.238806 0.268746
ENSG00000228923.1 22 24912476 24912476 + 12 -852183 22_internal_4060 22 24000080 24060293 156 152.329 0.897162 10.3259 0.0353928 -0.164119 0.383085 0.377175
ENSG00000100028.7 22 24951471 24951471 + 12 -34900 22_internal_3839 22 24819291 24916571 156 163.236 0.944077 11.8932 0.00284401 0.232597 0.0547264 0.0332867
ENSG00000138867.12 22 24951903 24951903 - 12 -806177 22_internal_5363 22 25758080 25981039 156 171.691 0.914424 13.231 0.00881135 -0.198843 0.104478 0.0980798
ENSG00000100031.14 22 24979718 24979718 + 13 8682 22_internal_3677 22 24988400 25004841 156 142.609 1.07226 11.1736 3.93775e-13 0.528526 0.00497512 7.70213e-12
ENSG00000178026.8 22 24989175 24989175 - 13 0 22_internal_3677 22 24988400 25004841 156 160.25 1.08659 13.7553 2.232e-05 0.328455 0.00497512 0.000111103
ENSG00000224124.2 22 25055114 25055114 - 13 -702966 22_internal_5363 22 25758080 25981039 156 143.782 0.988083 11.6768 0.00410792 0.231934 0.0597015 0.0689633
ENSG00000197077.7 22 25421600 25421600 + 10 -505029 22_internal_3839 22 24819291 24916571 156 167.609 0.947572 10.6908 0.06258 0.14363 0.482587 0.47021
ENSG00000236650.1 22 25574727 25574727 - 8 -183353 22_internal_5363 22 25758080 25981039 156 183.498 1.02571 11.0576 0.336776 -0.0785247 0.99005 0.978774
ENSG00000230637.2 22 25723219 25723219 + 7 34861 22_internal_5363 22 25758080 25981039 156 139.791 1.00001 5.70039 4.81093e-06 0.340181 0.00497512 8.57688e-05
ENSG00000231466.2 22 25746289 25746289 - 7 -11791 22_internal_5363 22 25758080 25981039 156 176.856 0.9448 7.37735 1.15289e-11 0.512752 0.00497512 1.59183e-11
ENSG00000100068.7 22 25801344 25801344 - 8 0 22_internal_5363 22 25758080 25981039 156 151.78 1.04579 7.23372 2.67055e-10 0.47924 0.00497512 1.3535e-09
ENSG00000100058.7 22 25844072 25844072 + 8 0 22_internal_5363 22 25758080 25981039 156 143.691 1.10229 8.06662 1.66025e-09 0.454442 0.00497512 1.02671e-08
ENSG00000234884.1 22 25960429 25960429 - 6 0 22_internal_4216 22 25958508 25979786 156 162.444 0.954743 5.52543 0.0978268 0.128722 0.447761 0.431591
ENSG00000100077.8 22 25960816 25960816 + 6 812247 22_internal_3400 22 26773063 26781562 156 152.313 1.04383 6.01234 0.169643 -0.115061 0.671642 0.668825
ENSG00000237387.1 22 25977349 25977349 - 8 851766 22_internal_3627 22 25093198 25125583 156 152.024 1.10904 8.97782 0.0208779 -0.185126 0.154229 0.148478
ENSG00000224003.1 22 26043228 26043228 + 8 -917645 22_internal_3627 22 25093198 25125583 156 173.352 0.945601 8.34022 0.0772076 -0.138938 0.412935 0.442224
ENSG00000222585.1 22 26111136 26111136 - 8 -863024 22_internal_3846 22 26974160 27014656 156 192.715 0.955878 10.1647 0.0822472 0.139567 0.442786 0.448579
ENSG00000100095.14 22 26565440 26565440 + 7 -584401 22_internal_5363 22 25758080 25981039 156 173.428 1.06929 9.44912 0.0136028 0.195049 0.0646766 0.0691217
ENSG00000224192.2 22 26650058 26650058 - 7 -123005 22_internal_3400 22 26773063 26781562 156 149.83 1.03174 6.35815 0.255083 -0.0936828 0.860697 0.851817
ENSG00000128203.6 22 26825239 26825239 + 8 112826 22_internal_4953 22 26938065 26990721 156 149.708 0.984937 8.17318 0.0544602 -0.153412 0.40796 0.401897
ENSG00000100099.16 22 26879803 26879803 - 8 -160813 22_internal_3749 22 27040616 27057889 156 161.012 1.07068 9.45902 0.0186049 0.189922 0.139303 0.126209
ENSG00000100104.7 22 26879843 26879843 + 8 833557 22_internal_3970 22 27713400 27728218 156 144.163 1.18108 8.75321 0.223683 -0.0947986 0.865672 0.883798
ENSG00000100109.12 22 26908471 26908471 - 8 -29594 22_internal_4953 22 26938065 26990721 156 173.504 1.07302 9.75231 0.289923 -0.0818744 0.945274 0.943112
ENSG00000261188.1 22 26908503 26908503 + 8 804897 22_internal_3970 22 27713400 27728218 156 148.657 0.9997 7.56045 0.32327 -0.0804901 0.950249 0.954251
ENSG00000260065.1 22 26921002 26921002 - 8 939963 22_internal_5363 22 25758080 25981039 156 164.607 0.992304 9.67086 0.0546557 -0.150341 0.373134 0.384564
ENSG00000213707.2 22 26956492 26956492 + 8 11440 22_internal_3996 22 26967932 26989642 156 157.493 1.07724 7.75929 0.00812981 0.213408 0.0447761 0.0462392
ENSG00000128294.11 22 26992681 26992681 - 6 1960 22_internal_4953 22 26938065 26990721 156 141.863 1.00001 5.13249 0.0186328 0.185616 0.124378 0.121286
ENSG00000100122.5 22 27014052 27014052 - 6 -26564 22_internal_3749 22 27040616 27057889 156 156.411 1.01703 6.67876 0.043972 0.161003 0.268657 0.25084
ENSG00000225783.2 22 27042392 27042392 + 6 -52750 22_internal_3996 22 26967932 26989642 156 158.605 1.08373 6.03233 0.0182638 0.186119 0.0845771 0.0801619
ENSG00000206028.1 22 27068617 27068617 - 6 78975 22_internal_3996 22 26967932 26989642 156 156.975 1.03632 5.97395 0.0140918 0.194531 0.0845771 0.0717601
ENSG00000244625.1 22 27068730 27068730 + 6 -287168 22_internal_3400 22 26773063 26781562 156 135.19 0.999983 5.44584 0.104189 0.123963 0.522388 0.53297
ENSG00000223704.1 22 27254597 27254597 + 6 458803 22_internal_3970 22 27713400 27728218 156 188.007 0.941189 7.56789 0.133959 -0.122867 0.567164 0.575409
ENSG00000231369.1 22 27283511 27283511 - 6 -429889 22_internal_3970 22 27713400 27728218 156 164.394 0.976525 6.77375 0.298572 0.0816865 0.875622 0.901534
ENSG00000235271.1 22 27299255 27299255 + 6 -284599 22_internal_3846 22 26974160 27014656 156 180.573 0.976113 7.30461 0.160808 -0.113243 0.651741 0.651864
ENSG00000226169.1 22 28112468 28112468 + 1 -384250 22_internal_3970 22 27713400 27728218 156 156.853 0.999969 1.03786 0.402781 0.0656524 0.402985 0.413024
ENSG00000169184.5 22 28197486 28197486 - 2 469268 22_internal_3970 22 27713400 27728218 156 133.011 0.999953 1.91518 0.206343 0.100738 0.41791 0.413864
ENSG00000235954.2 22 28315364 28315364 + 2 852746 22_internal_3656 22 29168110 29200082 156 147.682 1 2.09141 0.37009 -0.0723673 0.646766 0.636004
ENSG00000180957.13 22 28316122 28316122 - 2 -851988 22_internal_3656 22 29168110 29200082 156 137.551 1 1.69906 0.819283 -0.0172164 0.950249 0.950823
ENSG00000100154.10 22 29075853 29075853 - 6 -262955 22_internal_4111 22 29338808 29353217 156 128.167 0.99995 4.50964 0.000688125 0.255168 0.00497512 0.0094432
ENSG00000100209.5 22 29138019 29138019 + 6 799028 22_internal_3547 22 29937047 29943476 156 157.463 0.953207 6.11671 0.0289541 0.164426 0.189055 0.177367
ENSG00000183765.16 22 29138410 29138410 - 6 -459330 22_internal_4292 22 29597740 29603008 156 161.713 0.880933 5.7192 0.196098 0.104003 0.706468 0.738914
ENSG00000159873.5 22 29168662 29168662 + 6 569596 22_internal_3976 22 29738258 29767308 156 155.436 0.966699 5.95587 0.464066 -0.0566816 0.975124 0.977303
ENSG00000100219.12 22 29196585 29196585 - 6 0 22_internal_3656 22 29168110 29200082 156 148.733 0.921729 5.48362 0.016828 0.182215 0.144279 0.12577
ENSG00000226471.2 22 29196671 29196671 + 6 271976 22_internal_4066 22 29468647 29551162 156 153.806 0.972385 6.30919 0.00117428 -0.245525 0.00995025 0.00922886
ENSG00000183579.11 22 29279580 29279580 + 9 59228 22_internal_4111 22 29338808 29353217 156 146.296 1.00124 8.62788 3.58756e-05 0.313212 0.00497512 0.000537594
ENSG00000183762.8 22 29469066 29469066 + 10 0 22_internal_4066 22 29468647 29551162 156 166.771 1.01948 11.4504 3.27385e-09 0.457416 0.00497512 7.49972e-09
ENSG00000186998.11 22 29601840 29601840 + 13 614313 22_internal_3911 22 30216153 30681424 156 162.246 1.01307 13.9953 0.284892 0.0898017 0.99005 0.988681
ENSG00000237015.1 22 29656878 29656878 + 13 888920 22_internal_4985 22 30545798 30618594 156 150.394 1.058 13.0911 0.0352625 -0.166989 0.38806 0.376633
ENSG00000182944.13 22 29663998 29663998 + 13 74260 22_internal_3976 22 29738258 29767308 156 171.463 0.861287 13.4174 0.0154965 -0.189982 0.21393 0.191651
ENSG00000100263.9 22 29664198 29664198 - 13 310981 22_internal_4111 22 29338808 29353217 156 159.87 0.979946 14.6301 0.00626851 -0.218291 0.0845771 0.0843656
ENSG00000185340.11 22 29702572 29702572 + 13 843226 22_internal_4985 22 30545798 30618594 156 168.431 0.886788 13.257 0.0312613 0.163278 0.338308 0.341553
ENSG00000100276.8 22 29711745 29711745 - 13 108737 22_internal_4292 22 29597740 29603008 156 135.875 1.11614 10.8237 0.00924005 0.203595 0.104478 0.117246
ENSG00000239127.1 22 29729247 29729247 - 13 -9011 22_internal_3976 22 29738258 29767308 156 159.534 0.972989 12.3536 0.0295533 0.163507 0.298507 0.306152
ENSG00000100280.12 22 29819168 29819168 - 13 51860 22_internal_3976 22 29738258 29767308 156 145.625 1.01672 11.2707 0.00236734 0.238798 0.0447761 0.03457
ENSG00000128250.5 22 29834572 29834572 + 13 714164 22_internal_4617 22 30548736 30605362 156 148.276 1.01845 12.8574 0.0785497 0.142679 0.691542 0.679859
ENSG00000225465.5 22 29874115 29874115 - 13 -62932 22_internal_3547 22 29937047 29943476 156 125.455 1.12095 9.74369 0.116283 -0.122867 0.791045 0.782716
ENSG00000100285.9 22 29876219 29876219 + 13 -325057 22_internal_4066 22 29468647 29551162 156 154.4 1.04965 11.6015 0.0763381 -0.140143 0.616915 0.588383
ENSG00000234208.1 22 29931379 29931379 - 13 731297 22_internal_3656 22 29168110 29200082 156 173.535 0.974816 15.9922 0.034291 -0.17057 0.343284 0.351065
ENSG00000100296.9 22 29951205 29951205 - 13 7729 22_internal_3547 22 29937047 29943476 156 156.305 1.03903 14.3982 0.0314339 0.16578 0.378109 0.348853
ENSG00000184117.7 22 29977326 29977326 - 13 -376879 22_internal_3924 22 30354205 30392506 156 140.796 1.07552 12.1281 1.01201e-05 0.323394 0.00497512 0.000176719
ENSG00000186575.13 22 29999545 29999545 + 13 216608 22_internal_3911 22 30216153 30681424 156 180.375 0.896169 15.2109 0.0298711 -0.174798 0.323383 0.307202
ENSG00000233010.1 22 30004889 30004889 + 14 996112 22_internal_4789 22 31001001 31033949 156 175.911 1.0332 18.4016 0.0299925 0.173663 0.313433 0.310256
ENSG00000232396.2 22 30115848 30115848 - 14 348540 22_internal_3976 22 29738258 29767308 156 169.33 0.947939 15.5736 0.0641534 -0.145377 0.567164 0.600506
ENSG00000100314.3 22 30116073 30116073 + 14 884928 22_internal_4789 22 31001001 31033949 156 148.977 1.05333 12.7135 0.0320961 0.160021 0.358209 0.349793
ENSG00000100319.11 22 30163000 30163000 - 14 -191205 22_internal_3924 22 30354205 30392506 156 166.146 1.02906 17.3153 0.0913814 0.127795 0.766169 0.761081
ENSG00000184076.10 22 30163358 30163358 + 14 837643 22_internal_4789 22 31001001 31033949 156 141.725 1.09219 12.8808 0.0910071 0.136147 0.731343 0.738709
ENSG00000100325.10 22 30234271 30234271 - 13 -766730 22_internal_4789 22 31001001 31033949 156 150.287 1.03724 12.9424 0.0396996 -0.1582 0.427861 0.420146
ENSG00000100330.11 22 30279144 30279144 + 13 0 22_internal_3302 22 30255193 30610785 156 142 0.963245 10.8609 0.170234 0.107445 0.885572 0.905595
ENSG00000207455.1 22 30295682 30295682 - 13 0 22_internal_3911 22 30216153 30681424 156 162.398 1.06951 16.28 0.136994 -0.119864 0.870647 0.882412
ENSG00000221736.1 22 30340198 30340198 + 13 -572890 22_internal_3976 22 29738258 29767308 156 145.214 0.994996 11.8698 0.000604336 0.275075 0.0149254 0.0113474
ENSG00000227201.2 22 30443182 30443182 - 12 892020 22_internal_4066 22 29468647 29551162 156 141.802 0.99032 10.7239 0.00395725 0.227091 0.0746269 0.0645989
ENSG00000227117.2 22 30476469 30476469 - 12 0 22_internal_3302 22 30255193 30610785 156 176.582 0.917092 13.0691 0.0777697 0.140366 0.552239 0.595927
ENSG00000128342.4 22 30642840 30642840 - 12 699364 22_internal_3547 22 29937047 29943476 156 162.033 0.939567 13.5128 0.0798363 -0.13111 0.681592 0.672033
ENSG00000099985.3 22 30662829 30662829 - 12 -898693 22_internal_4203 22 31561522 31742061 156 157.127 1.00968 11.5662 0.00203379 0.227309 0.0199005 0.0215341
ENSG00000239282.3 22 30685616 30685616 - 12 384250 22_internal_3748 22 30273677 30301366 156 173.672 1.02153 14.6644 0.0300492 0.171998 0.268657 0.269512
ENSG00000248751.2 22 30695471 30695471 - 12 14047 22_internal_3911 22 30216153 30681424 156 165.491 0.965194 11.5682 0.166525 0.106701 0.865672 0.863395
ENSG00000099992.11 22 30723035 30723035 - 12 955727 22_internal_3976 22 29738258 29767308 156 223.184 0.767073 19.3108 0.334004 0.0768569 1 0.997711
ENSG00000187860.6 22 30752624 30752624 + 12 -809148 22_internal_3547 22 29937047 29943476 156 153.791 0.954631 10.5933 0.0358126 0.163788 0.338308 0.351905
ENSG00000099995.13 22 30752936 30752936 - 12 -248065 22_internal_4789 22 31001001 31033949 156 162.139 0.920863 12.5243 0.0456943 -0.155674 0.467662 0.451879
ENSG00000241528.1 22 30773862 30773862 - 11 155268 22_internal_4985 22 30545798 30618594 156 153.227 1.03714 11.6643 0.228778 0.0892098 0.945274 0.951522
ENSG00000100003.12 22 30792846 30792846 + 11 -174252 22_internal_4985 22 30545798 30618594 156 161.728 0.891571 9.56395 0.183784 0.107483 0.860697 0.867401
ENSG00000249590.3 22 30805244 30805244 + 11 -186650 22_internal_4985 22 30545798 30618594 156 173.261 0.925389 11.2793 0.076184 0.14047 0.552239 0.547262
ENSG00000268538.1 22 30814469 30814469 - 11 513103 22_internal_3748 22 30273677 30301366 156 163.922 0.945605 10.7636 0.0551154 0.149814 0.422886 0.445982
ENSG00000099999.10 22 30817760 30817760 - 11 874284 22_internal_3547 22 29937047 29943476 156 140.461 1.04767 9.18922 0.0148689 0.185221 0.174129 0.159447
ENSG00000242114.1 22 30821518 30821518 + 11 -202924 22_internal_4985 22 30545798 30618594 156 158.377 0.968282 11.6629 0.130994 0.118496 0.800995 0.806789
ENSG00000203606.3 22 30831531 30831531 + 11 -226169 22_internal_4617 22 30548736 30605362 156 168.751 0.997378 10.8556 0.0680437 -0.144699 0.492537 0.476598
ENSG00000225774.1 22 30938523 30938523 + 12 -995047 22_internal_3547 22 29937047 29943476 156 142.045 1.09132 12.664 0.0573956 -0.150235 0.567164 0.5609
ENSG00000223831.1 22 30994296 30994296 + 12 -383511 22_internal_3302 22 30255193 30610785 156 193.964 0.865574 14.3961 0.231826 0.0965152 0.960199 0.957418
ENSG00000185339.4 22 31002825 31002825 + 12 0 22_internal_4789 22 31001001 31033949 156 163.175 1.02722 12.2122 0.0027986 0.235251 0.0298507 0.0241646
ENSG00000100029.12 22 31003070 31003070 - 12 701704 22_internal_3748 22 30273677 30301366 156 172.057 1.0872 16.7721 0.0590462 0.149564 0.542289 0.517696
ENSG00000100036.11 22 31031639 31031639 + 12 605489 22_internal_3496 22 31637128 31694638 156 154.766 0.931318 11.6383 0.0473488 -0.156454 0.442786 0.471093
ENSG00000250318.1 22 31050801 31050801 - 13 -586327 22_internal_3496 22 31637128 31694638 156 180.253 0.946896 16.9523 0.0226884 -0.176839 0.243781 0.238919
ENSG00000167065.9 22 31063877 31063877 - 13 29928 22_internal_4789 22 31001001 31033949 156 155.863 1.03364 15.0228 0.00608592 -0.217449 0.0597015 0.0800068
ENSG00000184792.11 22 31089769 31089769 + 16 888210 22_internal_3793 22 31977979 31985894 156 146.098 1.00007 13.9563 0.0921311 0.133714 0.781095 0.781141
ENSG00000237977.1 22 31298206 31298206 + 17 -687421 22_internal_3302 22 30255193 30610785 156 152.892 1.00098 16.0876 0.036187 0.170049 0.452736 0.464221
ENSG00000235989.2 22 31318295 31318295 + 16 659684 22_internal_3793 22 31977979 31985894 156 155.33 0.932235 15.4714 0.0705357 0.138749 0.661692 0.707073
ENSG00000133422.7 22 31364284 31364284 - 16 -702281 22_internal_4866 22 32066565 32139037 156 159.839 0.90454 17.8151 0.0758081 0.14378 0.746269 0.769971
ENSG00000253352.3 22 31366663 31366663 + 16 -755878 22_internal_3302 22 30255193 30610785 156 168.843 0.84876 16.8665 0.0957443 -0.137801 0.825871 0.815167
ENSG00000183963.13 22 31460091 31460091 + 16 582501 22_internal_3844 22 32042592 32050886 156 149.769 0.953026 13.8434 0.0199261 -0.181883 0.338308 0.292291
ENSG00000248603.1 22 31497862 31497862 + 16 139266 22_internal_3496 22 31637128 31694638 156 161.896 0.970326 19.1511 0.0235773 0.178716 0.393035 0.349255
ENSG00000198832.6 22 31516055 31516055 - 16 -553193 22_internal_3792 22 32069248 32092275 156 164.425 0.844989 15.5119 0.114092 -0.12386 0.840796 0.859658
ENSG00000138942.10 22 31556168 31556168 + 16 80960 22_internal_3496 22 31637128 31694638 156 149.145 1.06183 17.0704 0.00250232 -0.23571 0.0497512 0.0422078
ENSG00000254835.1 22 31601602 31601602 - 16 -35526 22_internal_3496 22 31637128 31694638 156 168.934 0.924381 19.0795 0.00963428 -0.200301 0.164179 0.151666
ENSG00000182541.13 22 31608225 31608225 + 15 369754 22_internal_3793 22 31977979 31985894 156 162.81 0.940634 14.2996 0.173586 0.112347 0.935323 0.931074
ENSG00000199695.1 22 31618839 31618839 - 13 -18289 22_internal_3496 22 31637128 31694638 156 198.565 0.840003 17.0177 0.00204972 0.246799 0.0348259 0.0192901
ENSG00000202019.1 22 31626158 31626158 - 13 592209 22_internal_4789 22 31001001 31033949 156 166.725 1.03609 14.3181 0.00045428 -0.279456 0.0149254 0.0033356
ENSG00000228839.1 22 31688485 31688485 + 12 383687 22_internal_4372 22 32072172 32077381 156 132.844 1.07936 10.4206 0.308697 -0.0820952 0.985075 0.98634
ENSG00000100100.8 22 31688520 31688520 - 12 0 22_internal_3496 22 31637128 31694638 156 170.884 0.983532 12.5923 6.02021e-06 0.344664 0.00497512 3.26269e-05
ENSG00000212542.1 22 31701390 31701390 + 12 0 22_internal_4203 22 31561522 31742061 156 175.82 0.97849 15.1359 0.304163 -0.0826958 1 0.992699
ENSG00000100105.13 22 31742218 31742218 - 12 -704298 22_internal_3887 22 32446516 32449141 156 187.322 0.89029 13.951 0.0155097 -0.192584 0.129353 0.140353
ENSG00000213888.2 22 31742875 31742875 + 12 703641 22_internal_3887 22 32446516 32449141 156 133.666 1.20075 11.4108 0.0242969 0.167736 0.258706 0.265557
ENSG00000185721.7 22 31795509 31795509 + 12 273739 22_internal_3792 22 32069248 32092275 156 144.056 1.13372 12.5767 0.0346799 0.168511 0.40796 0.359444
ENSG00000240529.1 22 31835893 31835893 - 12 -206699 22_internal_3844 22 32042592 32050886 156 168.645 0.876687 13.5965 0.012462 0.203603 0.159204 0.162312
ENSG00000240591.1 22 31850237 31850237 + 12 192355 22_internal_3844 22 32042592 32050886 156 152.938 0.94751 11.9659 0.0335628 0.161751 0.402985 0.375265
ENSG00000224623.1 22 31857650 31857650 + 12 184942 22_internal_3844 22 32042592 32050886 156 142.777 1.07691 10.8125 0.0569057 0.146889 0.527363 0.501357
ENSG00000199248.1 22 31875475 31875475 - 12 -387626 22_internal_4727 22 32263101 32353114 156 156.015 1.08984 13.4514 0.0318202 -0.173652 0.298507 0.312139
ENSG00000198089.10 22 31884674 31884674 + 12 187498 22_internal_4372 22 32072172 32077381 156 153.867 0.958811 10.5208 0.00963731 -0.197312 0.109453 0.113373
ENSG00000184708.12 22 31892094 31892094 - 12 -150498 22_internal_3844 22 32042592 32050886 156 157.554 0.912969 11.838 0.0689899 0.144627 0.597015 0.603086
ENSG00000233733.1 22 31917578 31917578 - 12 -151670 22_internal_3792 22 32069248 32092275 156 144.818 1.02034 9.71855 0.120213 0.119788 0.771144 0.747474
ENSG00000214093.3 22 31955469 31955469 + 12 0 22_internal_3648 22 31882868 32059397 156 194.711 0.807676 14.7226 0.00828401 0.215531 0.124378 0.0879734
ENSG00000241878.5 22 32058418 32058418 - 11 7532 22_internal_3844 22 32042592 32050886 156 133.255 1.08344 8.97658 0.00199432 0.232959 0.0248756 0.0278988
ENSG00000183530.9 22 32146126 32146126 - 11 7089 22_internal_4866 22 32066565 32139037 156 171.768 0.958918 11.4819 0.0106475 0.206251 0.0945274 0.091376
ENSG00000100150.11 22 32149944 32149944 + 11 -99058 22_internal_3844 22 32042592 32050886 156 156.32 1.14427 13.1156 0.13606 0.119344 0.835821 0.818439
ENSG00000242251.2 22 32153188 32153188 + 12 -93791 22_internal_3648 22 31882868 32059397 156 171.539 0.896558 12.4806 0.137556 0.121533 0.81592 0.824583
ENSG00000236132.1 22 32213477 32213477 - 12 162591 22_internal_3844 22 32042592 32050886 156 146.936 1.02923 10.8772 0.0887641 0.128596 0.631841 0.665436
ENSG00000227813.1 22 32287420 32287420 - 12 228023 22_internal_3648 22 31882868 32059397 156 156.762 1.10834 12.7068 0.126857 0.12227 0.825871 0.790059
ENSG00000128245.10 22 32340447 32340447 + 12 0 22_internal_4727 22 32263101 32353114 156 143.767 1.07347 10.5489 2.79305e-06 0.367111 0.00497512 3.49905e-05
ENSG00000128254.9 22 32341504 32341504 - 12 264123 22_internal_4372 22 32072172 32077381 156 142.716 1.07082 11.1825 0.148052 0.118969 0.880597 0.854998
ENSG00000238910.1 22 32349391 32349391 + 12 -257116 22_internal_3792 22 32069248 32092275 156 140.872 0.96081 8.86864 0.0236902 -0.186726 0.273632 0.264916
ENSG00000232346.1 22 32435477 32435477 + 12 -343202 22_internal_3792 22 32069248 32092275 156 155.634 0.947727 11.6204 0.00890738 0.210557 0.134328 0.114394
ENSG00000205856.3 22 32555309 32555309 - 12 860671 22_internal_3496 22 31637128 31694638 156 152.816 0.98292 11.8935 0.0390181 0.164623 0.447761 0.400981
ENSG00000128253.9 22 32600718 32600718 - 12 0 22_internal_4047 22 32559339 32616989 156 176.003 0.890987 12.0759 3.76084e-08 0.390288 0.00497512 3.8888e-07
ENSG00000242082.1 22 32601102 32601102 + 12 0 22_internal_4047 22 32559339 32616989 156 137.551 1.12128 10.7381 2.76118e-09 0.418339 0.00497512 3.86861e-08
ENSG00000100191.4 22 32651328 32651328 - 12 34339 22_internal_4047 22 32559339 32616989 156 156.046 1.04055 12.9294 2.62616e-08 0.420293 0.00497512 1.81764e-07
