ENSG00000234624.2 2 61644332 61644332 - 4 -10824 2_internal_15061 2 61655156 61664250 156 150.165 0.999993 3.95997 0.226633 -0.0914021 0.666667 0.65481
ENSG00000206937.1 2 61644513 61644513 - 4 -10643 2_internal_15061 2 61655156 61664250 156 136.988 1.00001 3.0071 0.0853829 -0.136494 0.303483 0.288522
ENSG00000115464.10 2 61697904 61697904 - 3 19755 2_internal_14634 2 61658111 61678149 156 129.66 0.999986 2.88044 0.478242 0.0572232 0.870647 0.877879
ENSG00000082898.12 2 61765761 61765761 - 3 -454877 2_internal_20669 2 62220638 62639598 156 166.542 1.00003 3.38823 0.131763 -0.120205 0.338308 0.349925
ENSG00000170264.8 2 62081278 62081278 - 3 403129 2_internal_14634 2 61658111 61678149 156 129.843 1.00006 2.66537 0.272116 -0.0862966 0.631841 0.637363
ENSG00000236498.1 2 62095567 62095567 + 3 125071 2_internal_20669 2 62220638 62639598 156 162.962 1.00003 3.1731 0.150913 -0.109547 0.378109 0.385051
ENSG00000173163.6 2 62115859 62115859 + 3 104779 2_internal_20669 2 62220638 62639598 156 168.721 0.999961 3.3606 0.371859 0.0698654 0.766169 0.768514
ENSG00000115484.10 2 62115939 62115939 - 3 437790 2_internal_14634 2 61658111 61678149 156 164.607 1.00002 3.26522 0.821055 -0.0182556 0.99005 0.996042
ENSG00000242735.1 2 62373548 62373548 + 3 -709298 2_internal_15061 2 61655156 61664250 156 162.505 0.999953 3.09772 0.170897 -0.109222 0.432836 0.422066
ENSG00000229839.2 2 62374016 62374016 - 3 709766 2_internal_15061 2 61655156 61664250 156 147.682 0.99996 2.76617 0.269351 -0.0849366 0.616915 0.600902
ENSG00000170340.10 2 62423248 62423248 + 3 0 2_internal_20669 2 62220638 62639598 156 151.034 0.999977 2.97971 4.50733e-11 0.481269 0.00497512 2.7283e-10
ENSG00000266097.1 2 62432961 62432961 + 3 0 2_internal_20669 2 62220638 62639598 156 132.798 0.999957 2.93526 0.0191919 0.187357 0.079602 0.0876668
ENSG00000241625.2 2 62718313 62718313 + 1 -78715 2_internal_20669 2 62220638 62639598 156 164.684 0.999996 1.06499 0.506125 -0.0534006 0.502488 0.516408
ENSG00000186889.5 2 62739029 62739029 - 1 99431 2_internal_20669 2 62220638 62639598 156 194.04 0.999989 1.09456 0.391812 -0.0664539 0.353234 0.364801
ENSG00000115504.10 2 62900986 62900986 + 1 -261388 2_internal_20669 2 62220638 62639598 156 143.63 0.999963 1.10279 0.286865 0.0884488 0.348259 0.332528
ENSG00000226605.1 2 63085573 63085573 - 1 445975 2_internal_20669 2 62220638 62639598 156 137.582 0.999997 1.0378 0.122636 -0.127899 0.189055 0.152317
ENSG00000237162.1 2 63167051 63167051 + 1 -527453 2_internal_20669 2 62220638 62639598 156 135.418 0.999982 0.913681 0.383066 0.0704089 0.38806 0.388743
ENSG00000231609.1 2 63275775 63275775 - 1 636177 2_internal_20669 2 62220638 62639598 156 225.377 0.999986 1.15034 0.769035 0.0249314 0.781095 0.772569
ENSG00000242412.1 2 63346677 63346677 - 1 707079 2_internal_20669 2 62220638 62639598 156 162.795 0.999967 0.958913 0.310403 -0.0792308 0.288557 0.289738
ENSG00000233716.1 2 63460712 63460712 - 4 821114 2_internal_20669 2 62220638 62639598 156 138.998 1.00003 3.7133 0.129628 -0.125051 0.457711 0.459326
ENSG00000203415.2 2 63746647 63746647 - 4 -792377 2_internal_14779 2 64539024 64556373 156 156.381 0.999992 3.46242 0.324179 0.0774254 0.736318 0.741704
ENSG00000014641.13 2 63815743 63815743 + 4 638857 2_internal_14913 2 64454600 64512579 156 153.349 1.00006 4.22172 0.0276778 -0.167872 0.114428 0.116961
ENSG00000228305.1 2 63849965 63849965 - 4 -604635 2_internal_14913 2 64454600 64512579 156 176.993 0.999996 4.60769 0.189256 -0.107532 0.547264 0.556916
ENSG00000143951.11 2 64054977 64054977 - 4 -313462 2_internal_14609 2 64368439 64505955 156 157.432 1.00004 3.67665 0.339866 -0.0770091 0.781095 0.780102
ENSG00000169764.10 2 64068074 64068074 + 5 300365 2_internal_14609 2 64368439 64505955 156 147.377 1.00002 4.38498 0.155586 0.115949 0.547264 0.552494
ENSG00000251775.1 2 64110525 64110525 - 5 -257914 2_internal_14609 2 64368439 64505955 156 145.321 1.00006 4.46242 0.142134 -0.116713 0.547264 0.53232
ENSG00000143952.13 2 64246567 64246567 - 5 -292457 2_internal_14779 2 64539024 64556373 156 188.358 0.902852 6.06812 0.121827 -0.126917 0.442786 0.478966
ENSG00000228079.1 2 64315380 64315380 - 5 -139220 2_internal_14913 2 64454600 64512579 156 156.107 0.99996 4.51692 0.0682196 0.145614 0.293532 0.272923
ENSG00000225889.2 2 64370373 64370373 + 5 83677 2_internal_19063 2 64454050 64514967 156 194.01 0.973147 6.34168 0.0857201 0.13572 0.298507 0.314734
ENSG00000197329.6 2 64371588 64371588 - 5 0 2_internal_14609 2 64368439 64505955 156 141.847 1.00004 3.88482 0.0267749 0.174375 0.159204 0.128265
ENSG00000230923.1 2 64432619 64432619 - 6 0 2_internal_14609 2 64368439 64505955 156 167.532 1.00847 7.5861 0.00709772 0.199483 0.039801 0.0380904
ENSG00000119862.7 2 64681103 64681103 + 9 -166136 2_internal_19063 2 64454050 64514967 156 157.295 0.911185 8.67379 0.0457498 -0.162172 0.353234 0.37118
ENSG00000260101.1 2 64751227 64751227 - 9 236260 2_internal_19063 2 64454050 64514967 156 172.758 0.887229 8.61901 0.0869809 -0.138167 0.507463 0.527725
ENSG00000119844.10 2 64751465 64751465 + 9 635046 2_internal_18273 2 65386511 65415129 156 157.432 1.02119 8.73594 0.0903086 0.136687 0.527363 0.546918
ENSG00000252414.1 2 64806026 64806026 + 9 580485 2_internal_18273 2 65386511 65415129 156 146.387 1.01312 7.77615 0.0533707 -0.159563 0.40796 0.38247
ENSG00000233694.1 2 64834109 64834109 + 9 -319142 2_internal_19063 2 64454050 64514967 156 153.852 1.1094 9.43627 0.102757 0.131398 0.626866 0.605792
ENSG00000226756.1 2 64871746 64871746 + 9 655669 2_internal_17938 2 65527415 65598489 156 147.362 0.966586 7.60252 0.0745541 -0.14713 0.502488 0.498632
ENSG00000227791.3 2 64892741 64892741 + 9 493770 2_internal_18273 2 65386511 65415129 156 162.688 1.11577 9.88096 0.318366 -0.0811717 0.950249 0.967552
ENSG00000179833.3 2 64977449 64977449 - 9 462482 2_internal_19063 2 64454050 64514967 156 177.572 0.887188 10.8571 0.139646 0.117989 0.761194 0.772687
ENSG00000234572.1 2 65090760 65090760 - 9 0 2_internal_14020 2 65064740 65093218 156 142.365 1.10305 8.95465 0.0265828 0.181222 0.228856 0.225747
ENSG00000227394.1 2 65187768 65187768 - 10 631395 2_internal_14779 2 64539024 64556373 156 140.903 1.0029 8.10977 0.202436 -0.103633 0.890547 0.873977
ENSG00000115902.6 2 65215611 65215611 + 10 913195 2_internal_19933 2 66128806 66417477 156 175.058 1.05346 12.7242 0.0189544 0.182042 0.139303 0.135243
ENSG00000252892.1 2 65221880 65221880 + 10 305535 2_internal_17938 2 65527415 65598489 156 168.172 1.02951 10.7859 0.0168566 -0.181111 0.109453 0.123421
ENSG00000232613.1 2 65280151 65280151 - 10 -106360 2_internal_18273 2 65386511 65415129 156 166.146 0.859074 8.68869 0.0512757 -0.152101 0.363184 0.394781
ENSG00000011523.9 2 65283500 65283500 + 10 -777545 2_internal_14609 2 64368439 64505955 156 169.223 0.985387 11.7739 0.0308109 -0.170531 0.283582 0.259448
ENSG00000138069.12 2 65357240 65357240 - 10 851285 2_internal_14609 2 64368439 64505955 156 149.16 1.0464 8.51121 0.160174 -0.110105 0.771144 0.781327
ENSG00000172974.10 2 65432137 65432137 + 10 -917170 2_internal_19063 2 64454050 64514967 156 126.659 1.1163 8.90064 0.0475449 -0.153781 0.482587 0.444557
ENSG00000138071.9 2 65454887 65454887 + 10 -939920 2_internal_19063 2 64454050 64514967 156 182.599 0.939948 11.666 0.0420429 0.168169 0.308458 0.30795
ENSG00000232693.2 2 65607819 65607819 - 6 0 2_internal_20715 2 65592376 65664439 156 162.779 1.02191 6.95848 0.028099 0.17467 0.154229 0.153414
ENSG00000198369.5 2 65659771 65659771 - 7 0 2_internal_20715 2 65592376 65664439 156 165.247 0.995996 8.35314 0.0010987 0.262654 0.00497512 0.00664351
ENSG00000243029.2 2 65772830 65772830 - 7 679612 2_internal_14020 2 65064740 65093218 156 157.661 0.974984 7.25329 0.107831 0.125208 0.552239 0.567385
ENSG00000143995.13 2 66660584 66660584 + 3 0 2_internal_13792 2 66658788 66805657 156 181.959 0.999987 3.51237 3.88686e-07 0.393103 0.00497512 1.4806e-07
ENSG00000143971.7 2 67624451 67624451 + 4 723699 2_internal_21656 2 68348150 68501064 156 166.1 1.00003 3.98231 0.229014 0.100042 0.626866 0.617608
ENSG00000197223.7 2 68338080 68338080 - 4 -77073 2_internal_17017 2 68415153 68437207 156 157.965 1.00005 3.81729 0.394926 0.0655855 0.835821 0.85029
ENSG00000243667.2 2 68384692 68384692 - 4 0 2_internal_21656 2 68348150 68501064 156 153.562 0.999979 4.08417 0.0290512 0.175746 0.139303 0.118245
ENSG00000115946.3 2 68384976 68384976 + 4 0 2_internal_21656 2 68348150 68501064 156 151.262 0.999967 3.91143 0.702619 0.0317783 0.995025 0.991781
ENSG00000216115.1 2 68457058 68457058 + 8 945992 2_internal_15812 2 69403050 69500862 156 158.331 0.91932 7.61605 0.227317 0.0938346 0.875622 0.871897
ENSG00000221823.5 2 68488362 68488362 - 8 51155 2_internal_17017 2 68415153 68437207 156 155.04 0.97176 7.04905 0.0160909 0.194823 0.134328 0.118316
ENSG00000119865.4 2 68547183 68547183 - 8 109976 2_internal_17017 2 68415153 68437207 156 202.373 0.836465 9.80345 2.1522e-06 0.361791 0.00497512 7.10503e-06
ENSG00000115956.9 2 68592305 68592305 + 8 794598 2_internal_13365 2 69386903 69535300 156 182.005 0.907114 7.86931 0.0174997 0.187447 0.109453 0.101747
ENSG00000203395.2 2 68592716 68592716 - 8 0 2_internal_13938 2 68589179 68656155 156 148.657 1.07632 7.18666 0.0262495 0.180812 0.189055 0.169653
ENSG00000204923.2 2 68694390 68694390 - 8 193326 2_internal_21656 2 68348150 68501064 156 147.911 0.93541 6.68937 0.116027 0.126399 0.58209 0.621357
ENSG00000169621.5 2 68694693 68694693 + 8 -38538 2_internal_13938 2 68589179 68656155 156 190.475 0.807807 7.82644 0.044037 0.164734 0.243781 0.271203
ENSG00000163219.7 2 68906733 68906733 + 9 482098 2_internal_13498 2 69388831 69405954 156 153.654 1.06136 8.66521 0.0147012 -0.18358 0.114428 0.108925
ENSG00000237576.1 2 69059176 69059176 + 10 -621969 2_internal_17017 2 68415153 68437207 156 156.396 0.971502 8.93165 0.0580407 -0.150252 0.437811 0.425659
ENSG00000228329.1 2 69064324 69064324 - 10 627117 2_internal_17017 2 68415153 68437207 156 154.035 0.990197 9.13877 0.166749 -0.107208 0.80597 0.819289
ENSG00000252250.1 2 69561732 69561732 + 18 429479 2_internal_17597 2 69991211 70032371 156 159.306 0.981307 17.4812 0.0297574 0.178642 0.383085 0.401157
ENSG00000198380.7 2 69614382 69614382 - 18 208428 2_internal_13498 2 69388831 69405954 156 182.036 0.911058 21.3549 0.00232857 0.241366 0.0497512 0.0308505
ENSG00000169599.8 2 69664760 69664760 - 17 -229480 2_internal_14749 2 69894240 69933437 156 154.035 1.13481 16.9157 0.0942148 0.132126 0.78607 0.782933
ENSG00000188971.2 2 69693664 69693664 - 18 192802 2_internal_15812 2 69403050 69500862 156 149.404 1.00794 15.0327 0.00551111 0.222582 0.0895522 0.0928179
ENSG00000244236.2 2 69743883 69743883 + 20 247328 2_internal_17597 2 69991211 70032371 156 160.921 1.05609 20.6206 0.188228 0.10163 0.975124 0.981899
ENSG00000207016.1 2 69747306 69747306 - 20 -726422 2_internal_13527 2 70473728 70521874 156 142.579 1.06766 18.441 0.0837757 0.139585 0.81592 0.83601
ENSG00000232228.1 2 69822190 69822190 - 20 -169021 2_internal_17597 2 69991211 70032371 156 154.279 0.926974 16.6186 0.0170371 0.195078 0.318408 0.289543
ENSG00000229948.2 2 69824485 69824485 + 20 166726 2_internal_17597 2 69991211 70032371 156 157.92 0.923177 17.9209 0.00314251 0.244648 0.0746269 0.0668264
ENSG00000234198.2 2 69871557 69871557 + 20 328193 2_internal_13334 2 70199750 70278622 156 172.545 0.927979 23.0985 0.0134062 0.186038 0.238806 0.223631
ENSG00000115977.13 2 69901481 69901481 - 20 -839964 2_internal_13375 2 70741445 70754955 156 170.777 0.954075 20.9446 0.0136368 0.191883 0.179104 0.205302
ENSG00000196975.9 2 69947923 69947923 + 20 43288 2_internal_17597 2 69991211 70032371 156 159.489 0.961032 17.6423 3.8091e-08 0.42289 0.00497512 8.48075e-07
ENSG00000087338.3 2 70056774 70056774 + 21 936705 2_internal_15123 2 70993479 71056821 156 124.785 1.13188 15.0724 0.0387561 0.169467 0.597015 0.580133
ENSG00000124380.6 2 70120692 70120692 + 21 134567 2_internal_16010 2 70255259 70263620 156 158.971 1.13351 24.0347 0.000622567 0.265878 0.00995025 0.00697793
ENSG00000059728.6 2 70124820 70124820 + 21 25187 2_internal_13808 2 70150007 70302010 156 155.863 0.983517 20.2968 0.000271067 0.285397 0.00995025 0.00605476
ENSG00000268328.1 2 70129841 70129841 - 21 -611604 2_internal_13375 2 70741445 70754955 156 163.983 0.944659 21.427 0.0839998 0.136975 0.845771 0.832718
ENSG00000238465.1 2 70139827 70139827 + 21 333901 2_internal_13527 2 70473728 70521874 156 155.939 1.005 23.1357 0.0291847 -0.175102 0.482587 0.494037
ENSG00000244617.1 2 70189397 70189397 - 21 783443 2_internal_13498 2 69388831 69405954 156 161.012 0.993407 22.5456 1.41052e-05 0.324145 0.00497512 0.000245041
ENSG00000169564.5 2 70314585 70314585 + 21 -872037 2_internal_15047 2 69429821 69442548 156 139.608 1.03741 15.1322 0.0176576 -0.191838 0.278607 0.299453
ENSG00000179818.7 2 70315978 70315978 - 21 52358 2_internal_16010 2 70255259 70263620 156 142.929 1.04488 19.1126 0.00414208 0.228187 0.0895522 0.0977875
ENSG00000233060.1 2 70316853 70316853 + 21 0 2_internal_13443 2 70138643 70371874 156 174.129 1.04733 25.922 0.0197514 0.192692 0.273632 0.280805
ENSG00000226505.1 2 70330352 70330352 - 21 90996 2_internal_15729 2 70178976 70239356 156 151.125 1.01581 20.1989 0.0175818 0.194868 0.333333 0.320155
ENSG00000231327.1 2 70352449 70352449 - 21 88829 2_internal_16010 2 70255259 70263620 156 142.99 0.968385 15.4011 0.0342695 0.169946 0.487562 0.504694
ENSG00000115998.3 2 70475747 70475747 - 19 -265698 2_internal_13375 2 70741445 70754955 156 155.771 0.955506 16.1676 0.0990086 0.129563 0.830846 0.827373
ENSG00000116001.11 2 70475792 70475792 - 19 161817 2_internal_14361 2 70222677 70313975 156 151.811 1.05514 18.5329 0.0336136 -0.171616 0.472637 0.468171
ENSG00000116005.7 2 70484518 70484518 + 19 -983656 2_internal_15812 2 69403050 69500862 156 161.012 0.892749 14.9811 0.0523912 0.152268 0.567164 0.57789
ENSG00000143977.9 2 70520903 70520903 - 18 -215321 2_internal_16820 2 70736224 70782321 156 181.655 0.979291 22.6307 0.0155228 -0.185129 0.189055 0.193045
ENSG00000233849.1 2 70528583 70528583 + 18 -993283 2_internal_13365 2 69386903 69535300 156 140.705 1.08864 16.987 0.0560245 0.149558 0.681592 0.673444
ENSG00000035141.3 2 70529222 70529222 - 18 -584286 2_internal_13783 2 71113508 71129318 156 154.507 0.998177 18.0967 0.00842346 0.216482 0.164179 0.147548
ENSG00000163235.11 2 70781325 70781325 - 21 0 2_internal_16820 2 70736224 70782321 156 165.887 1.00172 20.7398 4.60338e-07 0.382431 0.00497512 4.04376e-06
ENSG00000075340.16 2 70995357 70995357 - 20 0 2_internal_15123 2 70993479 71056821 156 152.176 1.00007 17.4514 5.93128e-06 0.368381 0.00497512 0.000134636
ENSG00000152672.3 2 71047732 71047732 - 19 0 2_internal_15123 2 70993479 71056821 156 171.509 1.02763 25.1273 6.86148e-17 0.59508 0.00497512 1.78543e-17
ENSG00000116031.7 2 71062952 71062952 - 19 6131 2_internal_15123 2 70993479 71056821 156 159.991 0.924821 17.4036 1.03866e-10 0.46513 0.00497512 5.08722e-09
ENSG00000144031.7 2 71205510 71205510 + 19 904024 2_internal_18829 2 72109534 72469646 156 161.576 0.984639 18.3605 0.00284219 -0.236378 0.039801 0.045317
ENSG00000228384.3 2 71221573 71221573 + 19 453220 2_internal_20204 2 71674793 71737927 156 163.693 0.96366 20.446 0.017426 0.182676 0.268657 0.280076
ENSG00000258881.1 2 71221879 71221879 - 19 -542888 2_internal_16547 2 71764767 71898266 156 162.749 1.04955 18.8569 0.0702452 -0.147017 0.706468 0.697025
ENSG00000144043.7 2 71222075 71222075 - 19 -887459 2_internal_18829 2 72109534 72469646 156 155.528 0.997504 17.9068 0.0111902 -0.203732 0.208955 0.185276
ENSG00000205847.4 2 71256158 71256158 + 18 853376 2_internal_18829 2 72109534 72469646 156 164.44 0.998656 18.7354 0.00279553 0.231953 0.0447761 0.0396197
ENSG00000234485.4 2 71265201 71265201 + 16 -951226 2_internal_14361 2 70222677 70313975 156 148.703 1.07021 15.1832 0.0396436 0.164029 0.507463 0.467032
ENSG00000234896.1 2 71282657 71282657 + 15 826877 2_internal_18829 2 72109534 72469646 156 151.171 1.02916 15.0193 0.0158263 0.188626 0.233831 0.221524
ENSG00000124357.7 2 71291474 71291474 + 15 -989464 2_internal_13808 2 70150007 70302010 156 148.962 1.0434 11.9152 0.0657932 0.148045 0.572139 0.571737
ENSG00000236469.1 2 71291873 71291873 - 15 769999 2_internal_13527 2 70473728 70521874 156 171.676 0.852487 14.6342 0.104535 0.127944 0.781095 0.791715
ENSG00000124370.6 2 71357369 71357369 - 12 835495 2_internal_13527 2 70473728 70521874 156 178.577 0.919448 13.7767 0.0559131 -0.160789 0.462687 0.476197
ENSG00000124383.3 2 71357444 71357444 + 12 -575123 2_internal_16820 2 70736224 70782321 156 136.058 1.05424 9.99303 0.0778069 -0.142294 0.641791 0.627854
ENSG00000124374.8 2 71454213 71454213 - 11 324895 2_internal_13783 2 71113508 71129318 156 153.319 1.09978 11.2597 0.123178 0.120983 0.771144 0.751436
ENSG00000075292.13 2 71503691 71503691 + 11 261076 2_internal_16547 2 71764767 71898266 156 183.391 0.875368 12.8984 0.00015322 0.301755 0.00497512 0.00139308
ENSG00000200779.1 2 71606988 71606988 - 10 -502546 2_internal_18829 2 72109534 72469646 156 180.116 0.982271 10.8245 0.0431547 -0.158555 0.313433 0.286806
ENSG00000135636.8 2 71680852 71680852 + 10 0 2_internal_20204 2 71674793 71737927 156 149.221 0.997101 8.27452 1.59409e-17 0.61933 0.00497512 7.26577e-16
ENSG00000228568.1 2 72515914 72515914 + 6 -777855 2_internal_15471 2 71723359 71738059 156 146.677 0.999998 5.37988 0.181211 0.111711 0.676617 0.688399
ENSG00000144036.10 2 73053170 73053170 - 3 583524 2_internal_18829 2 72109534 72469646 156 142.792 1.00003 2.90103 0.0309743 0.177423 0.0945274 0.1091
ENSG00000116096.5 2 73114489 73114489 + 4 940105 2_internal_14313 2 74054594 74067061 156 169.909 0.999962 4.28558 0.27288 -0.0857901 0.696517 0.712605
ENSG00000135638.8 2 73143176 73143176 + 4 911418 2_internal_14313 2 74054594 74067061 156 136.668 1 3.66352 0.013507 0.203323 0.0547264 0.0741368
ENSG00000144040.8 2 73302747 73302747 - 5 -993802 2_internal_19268 2 74296549 74305833 156 140.903 0.999964 5.05234 0.0184647 0.190128 0.0945274 0.120831
ENSG00000135631.11 2 73383849 73383849 - 5 -483453 2_internal_14330 2 73867302 73944932 156 167.532 1.00004 4.95202 0.0419407 -0.16329 0.174129 0.16179
ENSG00000135632.7 2 73441350 73441350 + 5 425952 2_internal_14330 2 73867302 73944932 156 150.836 1.00004 5.31127 0.0585433 0.150231 0.303483 0.291775
ENSG00000135617.3 2 73460366 73460366 - 5 308217 2_internal_14259 2 73141870 73152149 156 144.452 0.999965 5.02462 0.203507 -0.103624 0.726368 0.71516
ENSG00000135624.10 2 73460548 73460548 + 5 406754 2_internal_14330 2 73867302 73944932 156 154.218 1.00004 4.69335 0.0900466 0.132704 0.333333 0.363943
ENSG00000163013.6 2 73511559 73511559 - 4 -355743 2_internal_14330 2 73867302 73944932 156 146.798 1.00002 3.77184 0.0165142 0.187887 0.0845771 0.0735574
ENSG00000116127.13 2 73612886 73612886 + 4 254416 2_internal_14330 2 73867302 73944932 156 142.35 1.00003 3.21733 0.000102575 -0.307107 0.00497512 0.000666446
ENSG00000230002.2 2 73683891 73683891 + 6 612658 2_internal_19268 2 74296549 74305833 156 159.839 0.954635 5.72378 0.0382233 -0.167279 0.21393 0.206396
ENSG00000204872.2 2 73928432 73928432 - 8 -368117 2_internal_19268 2 74296549 74305833 156 152.283 1.00205 7.88642 0.0871469 -0.137453 0.537313 0.527909
ENSG00000144034.10 2 73964527 73964527 - 8 19595 2_internal_14330 2 73867302 73944932 156 152.511 1.02094 7.56146 7.13092e-08 0.41407 0.00497512 5.57591e-07
ENSG00000144048.6 2 74007284 74007284 - 9 -47310 2_internal_14313 2 74054594 74067061 156 148.84 1.03498 9.8863 0.0507267 -0.153578 0.422886 0.420005
ENSG00000124356.11 2 74056086 74056086 + 9 0 2_internal_14313 2 74054594 74067061 156 154.995 1.0095 9.54846 1.07629e-18 0.646702 0.00497512 9.13475e-18
ENSG00000114956.15 2 74153953 74153953 + 8 621231 2_internal_14358 2 74775184 74815300 156 171.829 0.932164 8.4367 0.140475 -0.111594 0.671642 0.692206
ENSG00000237883.1 2 74208568 74208568 - 8 -710932 2_internal_21991 2 74919500 75189342 156 160.525 0.997708 7.46199 0.2409 -0.0924343 0.845771 0.86389
ENSG00000235499.1 2 74212259 74212259 + 8 -145198 2_internal_14313 2 74054594 74067061 156 153.821 0.966636 6.3576 0.143535 0.117495 0.641791 0.647838
ENSG00000255989.1 2 74213653 74213653 + 8 467980 2_internal_14144 2 74681633 74700887 156 142.822 1.13037 7.25002 0.340871 0.0758961 0.935323 0.952102
ENSG00000187605.10 2 74229840 74229840 + 8 451513 2_internal_18769 2 74681353 74711998 156 171.052 0.878198 7.71325 0.0245883 0.171321 0.18408 0.178202
ENSG00000257800.1 2 74347807 74347807 + 8 -280746 2_internal_14313 2 74054594 74067061 156 165.902 1.01511 8.83291 0.246151 0.091294 0.895522 0.900076
ENSG00000217702.1 2 74361599 74361599 + 8 413585 2_internal_14358 2 74775184 74815300 156 145.016 1.03434 7.22729 0.0564608 -0.146767 0.40796 0.373336
ENSG00000163170.7 2 74375121 74375121 - 8 -306232 2_internal_18769 2 74681353 74711998 156 138.115 1.02511 7.17811 0.0487142 0.153908 0.343284 0.36494
ENSG00000225439.2 2 74375136 74375136 + 8 306217 2_internal_18769 2 74681353 74711998 156 143.005 1.08948 7.70927 0.021629 0.187678 0.154229 0.164364
ENSG00000114978.12 2 74406025 74406025 - 8 -577225 2_internal_15544 2 74983250 75046040 156 144.407 1.00978 7.47689 0.0465791 -0.161689 0.363184 0.343288
ENSG00000065911.7 2 74425689 74425689 + 8 557561 2_internal_15544 2 74983250 75046040 156 183.65 0.759285 7.20224 0.00749209 -0.218999 0.109453 0.0677734
ENSG00000188687.11 2 74570541 74570541 - 9 -412709 2_internal_15544 2 74983250 75046040 156 127.786 1.10101 6.86254 0.0297513 -0.176832 0.253731 0.250919
ENSG00000234632.1 2 74577196 74577196 + 9 197988 2_internal_14358 2 74775184 74815300 156 128.06 1.06134 7.07555 0.0126359 0.194642 0.149254 0.137599
ENSG00000264324.1 2 74590504 74590504 - 9 -392746 2_internal_15544 2 74983250 75046040 156 141.588 1.01142 7.84734 0.00685176 -0.213222 0.0696517 0.07339
ENSG00000237737.1 2 74612613 74612613 + 9 69020 2_internal_14144 2 74681633 74700887 156 145.412 1.09341 8.31534 0.0102623 0.210549 0.0845771 0.0819852
ENSG00000204843.8 2 74619214 74619214 - 9 -364036 2_internal_15544 2 74983250 75046040 156 168.797 0.948608 9.19479 0.0882621 -0.129081 0.537313 0.541305
ENSG00000159239.7 2 74648718 74648718 - 9 703786 2_internal_14330 2 73867302 73944932 156 164.912 1.01418 10.2746 0.113784 0.128913 0.706468 0.670675
ENSG00000005448.12 2 74648805 74648805 + 9 -581744 2_internal_14313 2 74054594 74067061 156 160.799 1.00212 9.03505 0.275886 -0.0841778 0.915423 0.940538
ENSG00000114993.11 2 74669549 74669549 - 9 -12084 2_internal_14144 2 74681633 74700887 156 135.22 0.950339 6.50448 0.166556 -0.105368 0.771144 0.776953
ENSG00000115274.10 2 74682150 74682150 + 9 -376317 2_internal_19268 2 74296549 74305833 156 169.071 0.879009 8.57459 0.104926 -0.135523 0.567164 0.615202
ENSG00000239779.2 2 74685456 74685456 + 9 0 2_internal_14144 2 74681633 74700887 156 171.234 0.843495 8.14173 0.204666 0.10648 0.860697 0.84931
ENSG00000115275.7 2 74692537 74692537 - 9 -733686 2_internal_18339 2 75426223 75788387 156 179.354 1.07158 11.6253 0.140762 -0.112181 0.731343 0.732278
ENSG00000204822.6 2 74700449 74700449 - 9 -74735 2_internal_14358 2 74775184 74815300 156 169.147 0.931843 8.92867 0.00326681 0.226029 0.0348259 0.025958
ENSG00000115282.15 2 74710200 74710200 + 9 273050 2_internal_15544 2 74983250 75046040 156 188.251 0.889972 11.2261 0.0436741 -0.15354 0.318408 0.312924
ENSG00000135637.9 2 74710535 74710535 - 9 9648 2_internal_14144 2 74681633 74700887 156 175.744 0.981266 11.6085 0.0595077 -0.147466 0.40796 0.426243
ENSG00000258821.1 2 74726494 74726494 - 9 -48690 2_internal_14358 2 74775184 74815300 156 156.746 0.939734 8.59483 0.126059 -0.122953 0.706468 0.705888
ENSG00000257702.1 2 74729722 74729722 + 9 -423889 2_internal_19268 2 74296549 74305833 156 164.927 1.05573 10.7319 0.0133287 -0.181866 0.109453 0.0964592
ENSG00000179528.10 2 74732192 74732192 - 9 665131 2_internal_14313 2 74054594 74067061 156 143.645 1.06687 8.18064 0.17764 -0.109253 0.810945 0.815461
ENSG00000115289.8 2 74735707 74735707 - 9 -39477 2_internal_14358 2 74775184 74815300 156 153.547 1.06237 8.73122 0.0249969 0.176597 0.19403 0.18347
ENSG00000144045.9 2 74753463 74753463 - 9 -229787 2_internal_15544 2 74983250 75046040 156 162.124 1.06697 9.22345 0.0224534 -0.186791 0.129353 0.147222
ENSG00000115317.7 2 74756504 74756504 + 9 -44506 2_internal_18769 2 74681353 74711998 156 185.372 0.943715 12.2752 0.0809527 -0.134185 0.537313 0.540413
ENSG00000115307.12 2 74757066 74757066 - 9 690005 2_internal_14313 2 74054594 74067061 156 146.768 1.07085 8.11007 0.21191 -0.098887 0.855721 0.860884
ENSG00000115325.9 2 74776153 74776153 + 9 0 2_internal_14358 2 74775184 74815300 156 172.514 0.950341 9.16043 0.000176366 0.287681 0.00995025 0.00106546
ENSG00000115318.7 2 74782817 74782817 - 9 0 2_internal_14358 2 74775184 74815300 156 160.799 0.966964 8.65583 0.000163237 0.301848 0.00995025 0.00141706
ENSG00000159374.13 2 74875465 74875465 - 9 60165 2_internal_14358 2 74775184 74815300 156 158.895 0.935839 8.80315 0.000988726 0.267649 0.0199005 0.0108617
ENSG00000135622.8 2 74881355 74881355 + 9 101895 2_internal_15544 2 74983250 75046040 156 169.01 0.889445 9.98041 0.216445 0.0980097 0.925373 0.908447
ENSG00000159399.4 2 75061108 75061108 + 8 -15068 2_internal_15544 2 74983250 75046040 156 142.518 1.07623 7.72157 5.30759e-06 0.34624 0.00497512 5.06889e-05
ENSG00000204792.2 2 75145275 75145275 + 7 0 2_internal_21991 2 74919500 75189342 156 150.607 1.07668 7.18049 0.00277743 0.240737 0.0199005 0.0170584
ENSG00000230836.1 2 75167385 75167385 + 7 0 2_internal_21991 2 74919500 75189342 156 152.572 0.97365 6.56365 0.00373839 0.237866 0.0348259 0.029811
ENSG00000115350.7 2 75185619 75185619 + 7 -473621 2_internal_18769 2 74681353 74711998 156 147.789 0.993757 6.38427 0.301576 -0.0857634 0.915423 0.911305
ENSG00000115353.5 2 75426826 75426826 - 6 0 2_internal_18339 2 75426223 75788387 156 143.036 1.07953 6.19008 0.194675 -0.10237 0.771144 0.751764
ENSG00000115364.9 2 75873909 75873909 + 3 -827869 2_internal_15544 2 74983250 75046040 156 165.049 0.999981 3.07611 0.0976525 -0.135737 0.263682 0.247793
ENSG00000226247.1 2 75878753 75878753 - 3 832713 2_internal_15544 2 74983250 75046040 156 160.951 1.00003 3.16069 0.662072 -0.0342807 0.9801 0.966042
ENSG00000005436.9 2 75938115 75938115 - 3 892075 2_internal_15544 2 74983250 75046040 156 163.358 0.999976 3.50334 0.641127 -0.0363352 0.975124 0.970254
ENSG00000200488.1 2 76672536 76672536 - 1 884149 2_internal_18339 2 75426223 75788387 156 177.983 1.00002 1.06191 0.88451 0.011421 0.900498 0.891664
ENSG00000163541.7 2 84687169 84687169 - 6 -967014 2_internal_18947 2 85654183 85779965 156 145.595 1.00003 4.63299 0.153056 0.108092 0.59204 0.572353
ENSG00000115423.13 2 84743579 84743579 + 6 884649 2_internal_14620 2 85628228 85826998 156 176.886 0.934446 7.25804 0.468041 -0.0586504 0.995025 0.986883
ENSG00000034510.4 2 85132749 85132749 + 10 521434 2_internal_18947 2 85654183 85779965 156 145.702 0.990106 7.60706 0.0467175 -0.157586 0.358209 0.352331
ENSG00000186854.6 2 85134132 85134132 - 10 -920254 2_internal_17874 2 86054386 86083860 156 146.829 0.973113 8.38905 0.13396 0.120918 0.736318 0.743015
ENSG00000176407.12 2 85198216 85198216 + 10 455967 2_internal_18947 2 85654183 85779965 156 129.279 1.10896 8.07786 0.19812 -0.102396 0.880597 0.873739
ENSG00000260840.1 2 85294470 85294470 - 12 -250777 2_internal_17206 2 85545247 85618759 156 146.235 1.02518 10.7495 0.0714278 -0.137053 0.577114 0.585518
ENSG00000152284.4 2 85360533 85360533 + 12 -634923 2_internal_14563 2 84708464 84725610 156 152.694 1.03503 11.5803 0.00806462 0.219284 0.0746269 0.0881882
ENSG00000246575.2 2 85542164 85542164 + 11 3083 2_internal_17206 2 85545247 85618759 156 190.064 0.870139 12.757 0.0151874 0.192057 0.129353 0.12811
ENSG00000152291.9 2 85555548 85555548 - 11 0 2_internal_17206 2 85545247 85618759 156 161.043 0.95037 10.7694 0.0766717 0.142952 0.577114 0.57569
ENSG00000115459.12 2 85581517 85581517 + 11 0 2_internal_17206 2 85545247 85618759 156 146.021 0.980426 8.99736 0.023602 0.180312 0.268657 0.237522
ENSG00000042445.9 2 85581743 85581743 - 11 0 2_internal_17206 2 85545247 85618759 156 164.12 0.925316 11.2856 1.4478e-07 0.400369 0.00497512 2.27632e-06
ENSG00000202382.1 2 85594708 85594708 + 11 -869098 2_internal_14563 2 84708464 84725610 156 134.824 1.10223 9.64969 0.0691478 0.140441 0.572139 0.5592
ENSG00000242095.2 2 85595405 85595405 + 11 458981 2_internal_17874 2 86054386 86083860 156 162.734 1.01313 11.1405 0.119732 -0.12393 0.751244 0.729264
ENSG00000252478.1 2 85600637 85600637 - 11 875027 2_internal_14563 2 84708464 84725610 156 149.647 0.990835 8.87133 0.151113 0.119521 0.776119 0.789122
ENSG00000042493.10 2 85645555 85645555 - 11 -8628 2_internal_18947 2 85654183 85779965 156 156.061 1.01141 11.353 0.0423892 -0.161065 0.393035 0.382744
ENSG00000152292.11 2 85645844 85645844 + 11 -920234 2_internal_14563 2 84708464 84725610 156 162.596 0.98465 11.1156 0.227113 -0.0941127 0.935323 0.936284
ENSG00000168906.8 2 85766288 85766288 + 11 108149 2_internal_20188 2 85874437 86034518 156 163.785 0.936377 10.7582 0.0576763 0.149569 0.457711 0.46651
ENSG00000115486.6 2 85788670 85788670 - 11 8705 2_internal_18947 2 85654183 85779965 156 150.668 0.95994 9.28245 1.80438e-05 -0.330551 0.00497512 0.000330744
ENSG00000118640.6 2 85788685 85788685 + 11 85752 2_internal_20188 2 85874437 86034518 156 158.377 1.02588 12.825 2.11333e-05 0.335013 0.00497512 0.000186904
ENSG00000168899.4 2 85811531 85811531 + 11 62906 2_internal_20188 2 85874437 86034518 156 121.814 1.03483 7.06846 0.012235 0.196141 0.159204 0.163201
ENSG00000168894.5 2 85822848 85822848 + 11 51589 2_internal_20188 2 85874437 86034518 156 168.919 0.886763 11.312 0.0027497 0.240073 0.039801 0.0331239
ENSG00000168883.14 2 85829979 85829979 + 11 44458 2_internal_20188 2 85874437 86034518 156 177.922 0.961376 11.0759 2.09016e-06 0.364726 0.00497512 7.27248e-06
ENSG00000168890.9 2 85830319 85830319 - 11 -224067 2_internal_17874 2 86054386 86083860 156 150.836 0.989762 10.1287 0.0227441 0.172977 0.218905 0.231377
ENSG00000168887.6 2 85839189 85839189 - 11 12191 2_internal_14620 2 85628228 85826998 156 156.137 1.07753 12.6139 0.0181031 0.175251 0.169154 0.176678
ENSG00000168878.11 2 85895864 85895864 - 12 0 2_internal_20188 2 85874437 86034518 156 152.831 1.00257 10.685 0.000196113 0.289511 0.00497512 0.00239329
ENSG00000115523.12 2 85912298 85912298 + 12 0 2_internal_20188 2 85874437 86034518 156 151.064 0.974258 10.7807 3.03222e-12 0.492411 0.00497512 1.32377e-10
ENSG00000168874.8 2 85978467 85978467 + 12 0 2_internal_20188 2 85874437 86034518 156 186.195 0.876155 13.5444 5.79594e-31 0.732494 0.00497512 3.46769e-31
ENSG00000229498.1 2 86042253 86042253 + 12 -7735 2_internal_20188 2 85874437 86034518 156 160.707 1.00823 11.4257 3.99952e-25 0.708274 0.00497512 5.61704e-25
ENSG00000115525.12 2 86116137 86116137 - 12 0 2_internal_19120 2 86102031 86229228 156 150.516 1.02024 11.5963 9.35006e-05 0.307038 0.00995025 0.00125267
ENSG00000232504.3 2 86116403 86116403 + 12 0 2_internal_19120 2 86102031 86229228 156 182.523 1.00964 15.7627 0.00279023 0.229522 0.0199005 0.0182285
ENSG00000068654.11 2 86333278 86333278 - 12 506280 2_internal_14620 2 85628228 85826998 156 143.599 1.10017 12.2661 0.084351 0.141098 0.706468 0.680842
ENSG00000132300.14 2 86333305 86333305 + 12 -553340 2_internal_18947 2 85654183 85779965 156 145.001 1.18201 11.7071 0.140487 0.11448 0.840796 0.820706
ENSG00000208772.1 2 86362993 86362993 + 12 -62451 2_internal_14765 2 86259861 86300542 156 157.965 1.00575 12.5667 0.0736545 -0.144197 0.60199 0.605764
ENSG00000200241.1 2 86387189 86387189 - 12 116581 2_internal_13559 2 86243192 86270608 156 143.203 1.1012 10.6353 0.0144616 0.195936 0.144279 0.151123
