ENSG00000172728.11 8 33330940 33330940 - 5 0 8_internal_7976 8 33329016 33343790 156 154.857 0.999992 4.61979 3.7463e-21 0.680696 0.00497512 2.41045e-20
ENSG00000198042.5 8 33342268 33342268 + 5 0 8_internal_7976 8 33329016 33343790 156 178.455 1.00001 5.58751 2.19153e-06 0.38659 0.00497512 2.27873e-06
ENSG00000239039.1 8 33370993 33370993 + 5 0 8_internal_7817 8 33318021 33392311 156 153.502 1.00005 5.23137 0.0982808 0.135309 0.41791 0.427127
ENSG00000129696.7 8 33371119 33371119 - 5 0 8_internal_7817 8 33318021 33392311 156 147.149 1 4.93031 0.0431293 0.165573 0.258706 0.221526
ENSG00000133874.1 8 33424643 33424643 - 5 981705 8_internal_9282 8 32341693 32442938 156 136.668 1.00001 4.24437 0.0106361 -0.200188 0.0597015 0.069508
ENSG00000243181.2 8 34731677 34731677 + 0 NA NA NA NA NA NA NA NA NA NA NA NA NA
ENSG00000232024.2 8 35383281 35383281 - 0 NA NA NA NA NA NA NA NA NA NA NA NA NA
ENSG00000253123.1 8 37189502 37189502 - 3 -188226 8_internal_9223 8 37377728 37450000 156 162.779 0.999996 3.09952 0.567211 -0.0444824 0.930348 0.92088
ENSG00000254290.1 8 37457376 37457376 - 6 6725 8_internal_10181 8 37369879 37450651 156 125.638 1.00004 4.86735 0.0150697 0.199468 0.119403 0.134388
ENSG00000183779.5 8 37553269 37553269 + 6 -103269 8_internal_9223 8 37377728 37450000 156 148.55 1.0352 5.61597 0.00734451 0.21523 0.0547264 0.0435269
ENSG00000147475.9 8 37594117 37594117 + 7 -143466 8_internal_10181 8 37369879 37450651 156 143.401 1.06592 6.84958 0.0359285 -0.163583 0.243781 0.239854
ENSG00000183154.1 8 37594944 37594944 - 7 144293 8_internal_10181 8 37369879 37450651 156 143.234 0.984375 5.99649 0.00933376 -0.19475 0.079602 0.077543
ENSG00000233170.3 8 37605522 37605522 - 7 -47929 8_internal_8409 8 37653451 37682057 156 175.591 1.01661 7.77529 0.19359 -0.105839 0.766169 0.754898
ENSG00000147471.6 8 37620111 37620111 + 7 938549 8_internal_7496 8 38558660 38579808 156 148.596 0.975486 5.9891 0.146115 -0.113084 0.656716 0.647881
ENSG00000020181.12 8 37641709 37641709 + 7 11742 8_internal_8409 8 37653451 37682057 156 146.463 1.03561 6.96265 4.49446e-05 0.30284 0.00497512 0.000404977
ENSG00000104221.8 8 37707422 37707422 - 7 25365 8_internal_8409 8 37653451 37682057 156 166.938 1.06044 7.64504 0.00193912 0.238892 0.0149254 0.0075783
ENSG00000156675.11 8 37756985 37756985 - 7 -530057 8_internal_9968 8 38287042 38300515 156 146.082 1.03292 7.31165 0.318996 -0.080469 0.950249 0.946373
ENSG00000241032.2 8 37766259 37766259 + 7 532751 8_internal_7953 8 38299010 38326759 156 158.468 1.07113 7.92259 0.163237 -0.107792 0.711443 0.72537
ENSG00000187840.4 8 37887859 37887859 + 8 411151 8_internal_7953 8 38299010 38326759 156 151.186 1.01228 7.0097 0.0685162 0.136053 0.422886 0.406205
ENSG00000260949.1 8 37920399 37920399 + 8 910294 8_internal_7036 8 38830693 38845393 156 139.699 1.02595 7.29782 0.141117 -0.122657 0.711443 0.720153
ENSG00000129691.10 8 37962760 37962760 + 8 -512760 8_internal_9223 8 37377728 37450000 156 162.688 1.10482 10.9797 0.00657477 0.218207 0.0248756 0.0419969
ENSG00000207103.1 8 37979892 37979892 + 8 229819 8_internal_8766 8 38209711 38267766 156 179.705 0.951312 10.0614 0.0246978 -0.180009 0.189055 0.166007
ENSG00000253437.1 8 37979892 37979892 + 8 229819 8_internal_8766 8 38209711 38267766 156 158.575 1.00537 8.00484 0.0246978 -0.180009 0.20398 0.171662
ENSG00000240015.2 8 37980792 37980792 + 8 -530141 8_internal_10181 8 37369879 37450651 156 162.825 1.02301 7.69361 0.0252218 0.173392 0.149254 0.151038
ENSG00000253356.1 8 38006259 38006259 + 8 -324202 8_internal_8409 8 37653451 37682057 156 142.472 1.13796 7.32201 0.0610447 0.145784 0.363184 0.36653
ENSG00000147465.6 8 38008783 38008783 - 8 -278259 8_internal_9968 8 38287042 38300515 156 164.866 1.02518 10.7371 0.144483 0.113695 0.771144 0.777912
ENSG00000206610.1 8 38023636 38023636 - 8 -535024 8_internal_7496 8 38558660 38579808 156 167.395 1.02455 9.13705 0.209222 0.10482 0.820896 0.854246
ENSG00000253739.1 8 38023636 38023636 - 8 -535024 8_internal_7496 8 38558660 38579808 156 158.422 0.962004 7.12051 0.209222 0.10482 0.81592 0.816117
ENSG00000156735.6 8 38034051 38034051 + 8 264959 8_internal_7953 8 38299010 38326759 156 167.776 0.942086 8.56035 0.110845 0.131007 0.60199 0.612508
ENSG00000175324.5 8 38034248 38034248 - 8 583597 8_internal_10181 8 37369879 37450651 156 153.395 0.96893 7.4411 0.0542692 -0.152523 0.363184 0.365015
ENSG00000248585.2 8 38061756 38061756 - 8 -237254 8_internal_7953 8 38299010 38326759 156 156.64 0.868606 6.9879 0.0674191 0.142787 0.402985 0.448375
ENSG00000085788.9 8 38082736 38082736 + 8 -632736 8_internal_9223 8 37377728 37450000 156 216.861 0.802748 11.2257 0.037082 -0.165538 0.218905 0.225516
ENSG00000147535.12 8 38126761 38126761 - 8 676110 8_internal_10181 8 37369879 37450651 156 150.881 0.951336 7.73697 0.00235865 0.244767 0.0348259 0.0261797
ENSG00000255487.1 8 38133406 38133406 + 8 -683406 8_internal_9223 8 37377728 37450000 156 132.615 1.0852 6.46471 0.0827974 -0.141412 0.492537 0.491019
ENSG00000254898.1 8 38193499 38193499 + 8 -743499 8_internal_9223 8 37377728 37450000 156 132.966 1.07908 7.05444 0.0858129 0.127811 0.537313 0.536134
ENSG00000147548.11 8 38239790 38239790 - 8 789790 8_internal_9223 8 37377728 37450000 156 142.944 1.09411 7.69512 0.0848073 -0.139082 0.517413 0.510556
ENSG00000165046.8 8 38243725 38243725 + 8 314935 8_internal_7496 8 38558660 38579808 156 136.637 1.02823 7.06769 0.0434723 0.163045 0.363184 0.335815
ENSG00000255201.1 8 38279407 38279407 + 8 -829407 8_internal_9223 8 37377728 37450000 156 159.687 0.905945 7.20906 0.0559816 -0.152976 0.373134 0.370544
ENSG00000077782.15 8 38326352 38326352 - 8 -232308 8_internal_7496 8 38558660 38579808 156 153.7 0.993437 7.81314 0.00998156 0.200475 0.0746269 0.0810218
ENSG00000147526.14 8 38585704 38585704 + 6 -5896 8_internal_7496 8 38558660 38579808 156 153.304 1.06075 6.08334 0.0726596 -0.14021 0.378109 0.351004
ENSG00000253586.1 8 38657161 38657161 + 6 -356646 8_internal_9968 8 38287042 38300515 156 145.671 0.999997 5.08393 0.0413793 -0.158375 0.21393 0.224361
ENSG00000253829.1 8 38703957 38703957 - 5 124149 8_internal_7496 8 38558660 38579808 156 170.61 1.01972 5.84764 0.262078 0.0881044 0.80597 0.794975
ENSG00000169499.9 8 38758753 38758753 + 5 -458238 8_internal_9968 8 38287042 38300515 156 163.236 1.00005 5.38677 0.037099 0.163294 0.174129 0.16514
ENSG00000253645.1 8 38830530 38830530 - 6 530015 8_internal_9968 8 38287042 38300515 156 124.983 1.00006 4.54326 0.0159112 0.193815 0.144279 0.133267
ENSG00000169495.4 8 38831683 38831683 + 6 -531168 8_internal_9968 8 38287042 38300515 156 168.066 1.00002 5.94273 0.0552622 0.15644 0.228856 0.246986
ENSG00000169490.12 8 38854343 38854343 - 6 8950 8_internal_7036 8 38830693 38845393 156 175.698 0.882755 5.80136 1.7518e-08 -0.432704 0.00497512 1.12214e-07
ENSG00000168615.7 8 38854388 38854388 + 6 915309 8_internal_9690 8 39769697 39830804 156 167.182 0.93436 6.65879 0.199719 -0.106794 0.756219 0.763711
ENSG00000207199.1 8 38876202 38876202 - 6 575687 8_internal_9968 8 38287042 38300515 156 165.72 0.999979 6.62555 0.310471 -0.0839777 0.895522 0.90209
ENSG00000197140.10 8 38964509 38964509 + 6 -119116 8_internal_7036 8 38830693 38845393 156 153.623 1.00003 5.26582 1.69771e-06 0.36962 0.00497512 1.07228e-05
ENSG00000131203.8 8 39759794 39759794 + 2 9903 8_internal_9690 8 39769697 39830804 156 157.082 1.00003 1.92182 3.51808e-07 0.387811 0.00497512 6.15478e-07
ENSG00000254287.1 8 39778409 39778409 - 2 0 8_internal_9690 8 39769697 39830804 156 144.498 1.00004 1.90142 0.00366232 0.235184 0.00497512 0.00980293
ENSG00000188676.8 8 39792133 39792133 + 2 0 8_internal_9690 8 39769697 39830804 156 160.707 0.999992 1.76525 9.34024e-10 0.448036 0.00497512 9.22235e-10
ENSG00000147533.11 8 41347915 41347915 + 5 0 8_internal_10223 8 41272152 41387702 156 162.475 0.999967 5.67912 0.0108165 0.2082 0.0696517 0.0516465
ENSG00000147536.6 8 41386725 41386725 + 6 989197 8_internal_7520 8 42375922 42380985 156 137.673 0.999981 5.08521 0.00606363 0.204116 0.0597015 0.0495867
ENSG00000253174.2 8 41402563 41402563 - 6 14861 8_internal_10223 8 41272152 41387702 156 150.028 1.00004 5.06194 0.011371 0.182947 0.0696517 0.0643911
ENSG00000158669.7 8 41434706 41434706 + 6 0 8_internal_10776 8 41401528 41544408 156 155.071 0.96686 6.10376 2.93742e-05 0.309035 0.00497512 0.00025442
ENSG00000253133.1 8 41435887 41435887 - 6 252895 8_internal_7041 8 41107077 41182992 156 168.431 1.03515 7.22633 0.746872 0.025931 1 0.999931
ENSG00000264578.1 8 41479021 41479021 - 7 0 8_internal_10776 8 41401528 41544408 156 144.909 1.05927 6.66793 0.00398581 0.222519 0.0248756 0.029173
ENSG00000260588.1 8 41687452 41687452 - 8 143044 8_internal_10776 8 41401528 41544408 156 170.96 1.06397 8.86832 0.119318 0.116937 0.572139 0.591675
ENSG00000029534.15 8 41754280 41754280 - 8 366578 8_internal_10223 8 41272152 41387702 156 165.461 0.956512 8.18111 0.0029712 0.243436 0.0248756 0.0217399
ENSG00000256905.1 8 41820184 41820184 - 8 0 8_internal_8577 8 41753392 41909017 156 146.189 0.965948 7.40397 0.0446816 0.160539 0.318408 0.342319
ENSG00000238966.1 8 41901093 41901093 - 8 -474829 8_internal_7520 8 42375922 42380985 156 178.684 1.04822 9.79071 0.0815783 0.144168 0.442786 0.444722
ENSG00000083168.5 8 41909508 41909508 - 8 -293867 8_internal_8021 8 42203375 42214372 156 163.571 1.03209 8.33079 0.0209765 0.189305 0.124378 0.130997
ENSG00000261449.1 8 42010281 42010281 - 8 827289 8_internal_7041 8 41107077 41182992 156 180.847 0.955419 9.4161 0.207873 0.0960483 0.840796 0.847146
ENSG00000070718.7 8 42010464 42010464 + 8 192911 8_internal_8021 8 42203375 42214372 156 146.89 1.02787 6.82047 0.0449497 -0.157538 0.308458 0.291575
ENSG00000104368.13 8 42065242 42065242 - 8 677540 8_internal_10223 8 41272152 41387702 156 171.859 0.934081 8.27767 0.171571 0.106646 0.746269 0.764313
ENSG00000253408.1 8 42128715 42128715 - 9 741013 8_internal_10223 8 41272152 41387702 156 145.138 1.08581 8.8054 0.00443722 0.222064 0.0447761 0.0392084
ENSG00000104365.9 8 42128820 42128820 + 9 963736 8_internal_10691 8 43092556 46853053 156 189.912 0.850086 9.18335 0.160177 -0.110182 0.721393 0.749785
ENSG00000070501.6 8 42195972 42195972 + 8 -808270 8_internal_10223 8 41272152 41387702 156 153.212 1.00986 7.36035 0.0221817 -0.181854 0.149254 0.156649
ENSG00000240395.1 8 42200152 42200152 - 8 -273287 8_internal_8119 8 42473439 42512167 156 139.242 0.885132 5.76922 0.122266 0.127173 0.597015 0.642359
ENSG00000078668.8 8 42249142 42249142 + 8 -340125 8_internal_8577 8 41753392 41909017 156 165.887 0.895623 7.62159 0.00547725 0.202179 0.0497512 0.0466112
ENSG00000254131.1 8 42342118 42342118 + 8 33804 8_internal_7520 8 42375922 42380985 156 153.7 0.987617 7.18295 0.0711644 0.149062 0.412935 0.426999
ENSG00000254165.1 8 42393447 42393447 - 7 849039 8_internal_10776 8 41401528 41544408 156 166.329 0.928793 6.97325 0.00930295 -0.194703 0.0895522 0.0626185
ENSG00000176209.6 8 42396298 42396298 + 7 -15313 8_internal_7520 8 42375922 42380985 156 152.999 0.903257 6.0254 0.111425 -0.130543 0.552239 0.565377
ENSG00000168575.5 8 42397069 42397069 - 7 182697 8_internal_8021 8 42203375 42214372 156 176.719 0.918426 8.03858 0.0521266 -0.154748 0.298507 0.309248
ENSG00000147434.4 8 42651535 42651535 - 6 11619 8_internal_8636 8 42608820 42639916 156 173.108 0.959827 6.6397 0.139859 -0.115603 0.552239 0.589169
ENSG00000131931.4 8 42698468 42698468 - 6 -394088 8_internal_10691 8 43092556 46853053 156 156.274 1.03143 6.52322 0.0117655 0.198008 0.0696517 0.0673177
ENSG00000242719.2 8 42736379 42736379 + 6 -827362 8_internal_8577 8 41753392 41909017 156 167.06 1.04993 7.05207 0.0628315 0.150425 0.318408 0.302737
ENSG00000168172.3 8 42752075 42752075 + 6 -843058 8_internal_8577 8 41753392 41909017 156 155.756 1.15653 7.5 0.0244631 0.18636 0.139303 0.122055
ENSG00000120925.9 8 42752433 42752433 - 6 538061 8_internal_8021 8 42203375 42214372 156 142.03 0.999968 4.92141 0.0181002 -0.186909 0.109453 0.113318
ENSG00000202514.1 8 42804638 42804638 - 7 292471 8_internal_8119 8 42473439 42512167 156 164.516 0.921462 6.99067 0.301123 -0.083095 0.910448 0.918511
ENSG00000254673.1 8 42873567 42873567 + 7 218989 8_internal_10691 8 43092556 46853053 156 153.182 1.09323 7.67889 0.557173 0.0464359 1 0.997802
ENSG00000168522.8 8 42889337 42889337 + 7 -980320 8_internal_8577 8 41753392 41909017 156 158.818 1.00259 7.84283 0.0490787 0.156447 0.313433 0.313695
ENSG00000200731.1 8 42928617 42928617 + 6 -547632 8_internal_7520 8 42375922 42380985 156 184.747 0.862252 6.2358 0.129054 0.122811 0.507463 0.542308
ENSG00000185900.5 8 42948658 42948658 + 6 -567673 8_internal_7520 8 42375922 42380985 156 171.052 0.963348 6.05904 0.216779 0.10074 0.726368 0.745134
ENSG00000254198.1 8 42981540 42981540 - 6 -788133 8_internal_8065 8 43769673 43821340 156 167.182 0.942071 6.38038 0.0924307 0.12956 0.40796 0.446256
ENSG00000165102.10 8 42995556 42995556 + 6 -355640 8_internal_8636 8 42608820 42639916 156 152.07 1.09672 6.0965 0.0484957 0.160375 0.238806 0.235953
ENSG00000164808.11 8 48173167 48173167 + 9 98685 8_internal_9989 8 48271852 48591710 156 138.861 1.00032 6.26985 6.50669e-06 0.336485 0.00497512 0.000131561
ENSG00000253330.1 8 48424703 48424703 - 9 30932 8_internal_8440 8 48334295 48393771 156 166.451 0.971823 9.57631 0.00378159 0.231909 0.0447761 0.0293974
ENSG00000251354.3 8 48460488 48460488 - 9 0 8_internal_7256 8 48264804 48777720 156 145.062 1.05668 7.91615 0.00134136 0.251611 0.00995025 0.0120849
ENSG00000254065.1 8 48505171 48505171 - 9 0 8_internal_7256 8 48264804 48777720 156 149.541 1.06279 8.60439 0.00196115 0.253668 0.0199005 0.0159072
ENSG00000207369.1 8 48580333 48580333 + 10 0 8_internal_9989 8 48271852 48591710 156 145.397 1.15745 9.20345 0.016148 0.199209 0.124378 0.122581
ENSG00000221869.4 8 48651648 48651648 - 10 46551 8_internal_7599 8 48587822 48605097 156 160.723 0.976921 10.1053 0.23187 0.0946103 0.925373 0.92677
ENSG00000253729.3 8 48872743 48872743 - 10 89292 8_internal_8933 8 48264659 48783451 156 182.538 0.879036 10.4704 0.0131692 0.205687 0.119403 0.105393
ENSG00000104738.11 8 48872745 48872745 + 10 854622 8_internal_8404 8 49727367 49834866 156 149.236 1.01703 9.09238 0.0223566 0.185638 0.18408 0.202567
ENSG00000169139.6 8 48920960 48920960 + 10 -527189 8_internal_8440 8 48334295 48393771 156 148.459 0.991325 8.79065 0.0200432 0.190345 0.208955 0.190464
ENSG00000147485.8 8 52722005 52722005 - 1 -355603 8_internal_7844 8 53077608 53090372 156 152.77 0.999959 1.00218 0.212007 -0.0979297 0.199005 0.217247
ENSG00000232941.1 8 52730143 52730143 + 1 347465 8_internal_7844 8 53077608 53090372 156 149.099 1.00001 1.03473 0.223448 -0.0997617 0.243781 0.241067
ENSG00000253475.1 8 52808934 52808934 - 1 -268674 8_internal_7844 8 53077608 53090372 156 129.172 1.00002 0.9035 0.726051 0.0291474 0.706468 0.714142
ENSG00000168300.9 8 52811735 52811735 - 1 -265873 8_internal_7844 8 53077608 53090372 156 132.173 0.999955 0.953908 0.288951 -0.0852753 0.338308 0.316717
ENSG00000228801.4 8 52811885 52811885 + 1 265723 8_internal_7844 8 53077608 53090372 156 161.164 0.999976 1.00565 0.268152 0.0872518 0.248756 0.261617
ENSG00000147488.7 8 53373519 53373519 - 1 283147 8_internal_7844 8 53077608 53090372 156 184.991 0.999976 0.916339 0.0613469 0.141682 0.0746269 0.0381491
ENSG00000023287.8 8 53658403 53658403 - 1 568031 8_internal_7844 8 53077608 53090372 156 172.88 0.999985 1.06165 0.543136 0.0456466 0.562189 0.543294
ENSG00000183729.3 8 53850991 53850991 + 1 -760619 8_internal_7844 8 53077608 53090372 156 147.804 0.999979 1.03904 0.122335 0.122968 0.144279 0.13745
ENSG00000047249.11 8 54756118 54756118 - 0 NA NA NA NA NA NA NA NA NA NA NA NA NA
ENSG00000147509.9 8 54764368 54764368 + 0 NA NA NA NA NA NA NA NA NA NA NA NA NA
ENSG00000253667.1 8 54883791 54883791 + 0 NA NA NA NA NA NA NA NA NA NA NA NA NA
ENSG00000187735.8 8 54935089 54935089 - 0 NA NA NA NA NA NA NA NA NA NA NA NA NA
ENSG00000260955.1 8 54958137 54958137 - 0 NA NA NA NA NA NA NA NA NA NA NA NA NA
ENSG00000254274.1 8 54985674 54985674 + 0 NA NA NA NA NA NA NA NA NA NA NA NA NA
ENSG00000120992.12 8 55014577 55014577 - 0 NA NA NA NA NA NA NA NA NA NA NA NA NA
ENSG00000137547.4 8 55047770 55047770 + 0 NA NA NA NA NA NA NA NA NA NA NA NA NA
ENSG00000137574.6 8 56685701 56685701 + 5 187735 8_internal_8624 8 56873436 56981315 156 151.43 1.00001 5.11886 0.0321735 -0.179805 0.134328 0.165875
ENSG00000167904.10 8 56685966 56685966 - 5 -627466 8_internal_8852 8 57313432 57359737 156 166.405 0.97372 5.66075 0.042529 0.164102 0.199005 0.198162
ENSG00000254087.2 8 56792372 56792372 + 5 1267 8_internal_6743 8 56793639 56909043 156 192.38 1.09025 6.12765 0.000131052 0.298634 0.00497512 5.7013e-05
ENSG00000254325.1 8 56806154 56806154 + 5 53835 8_internal_7193 8 56859989 56920385 156 173.718 0.960152 5.47613 0.00185254 0.243004 0.0149254 0.0069301
ENSG00000199405.1 8 56815414 56815414 - 5 -44575 8_internal_7193 8 56859989 56920385 156 146.128 1.00005 4.26309 0.00816913 0.210048 0.0497512 0.0439009
ENSG00000216204.1 8 56821520 56821520 + 5 51916 8_internal_8624 8 56873436 56981315 156 131.838 0.999932 4.15156 0.000765018 -0.26659 0.00497512 0.00821186
ENSG00000240905.2 8 56893096 56893096 - 5 0 8_internal_7193 8 56859989 56920385 156 192.928 0.934952 5.5673 0.0207694 0.17945 0.0696517 0.0677626
ENSG00000241997.2 8 56934872 56934872 - 5 14487 8_internal_7193 8 56859989 56920385 156 160.494 0.971822 5.40173 0.00638251 0.213963 0.039801 0.0336538
ENSG00000236814.1 8 56963766 56963766 - 5 43381 8_internal_7193 8 56859989 56920385 156 145.656 1.00002 4.42271 0.00219144 0.236728 0.00995025 0.0135618
ENSG00000238650.1 8 56986460 56986460 - 5 -326972 8_internal_8852 8 57313432 57359737 156 144.864 0.999977 4.36245 0.0363378 0.16268 0.208955 0.177183
ENSG00000008988.5 8 56987069 56987069 - 5 66684 8_internal_7193 8 56859989 56920385 156 200.119 0.997049 6.00906 0.0643037 -0.143275 0.189055 0.199202
ENSG00000181690.3 8 57123883 57123883 - 6 217263 8_internal_6888 8 56882741 56906620 156 169.848 1.00001 6.82109 0.0903243 -0.129237 0.39801 0.421672
ENSG00000170791.13 8 57124245 57124245 + 6 -142930 8_internal_8624 8 56873436 56981315 156 153.334 1.10933 6.70062 0.0119399 -0.193343 0.0696517 0.060014
ENSG00000254254.1 8 57358366 57358366 + 6 -377051 8_internal_8624 8 56873436 56981315 156 151.887 0.960236 5.40803 0.0977959 0.136402 0.457711 0.460921
ENSG00000181195.5 8 57359293 57359293 - 6 452673 8_internal_6888 8 56882741 56906620 156 175.896 1.04757 7.27345 0.429404 0.0642072 0.970149 0.973857
ENSG00000253541.1 8 57390546 57390546 - 6 -727575 8_internal_6894 8 58118121 58123425 156 181.35 0.986423 7.02429 0.0847852 -0.13897 0.402985 0.373522
ENSG00000253139.1 8 57453056 57453056 - 6 532671 8_internal_7193 8 56859989 56920385 156 154.126 0.999975 5.11333 0.10336 -0.131467 0.412935 0.434409
ENSG00000246430.2 8 57472382 57472382 - 6 565762 8_internal_6888 8 56882741 56906620 156 159.382 1.02708 6.58652 0.0404708 -0.157582 0.223881 0.216359
ENSG00000241431.1 8 57500944 57500944 + 6 617177 8_internal_6894 8 58118121 58123425 156 149.236 1.00003 5.08158 0.312659 -0.0807323 0.890547 0.862668
ENSG00000197334.1 8 57868647 57868647 + 7 249474 8_internal_6894 8 58118121 58123425 156 156.701 0.951335 6.32329 0.0821594 0.136519 0.402985 0.438887
ENSG00000104331.4 8 57906403 57906403 - 7 999783 8_internal_6888 8 56882741 56906620 156 147.377 1.06466 6.58785 0.367538 -0.0715852 0.960199 0.952694
ENSG00000253821.1 8 58405443 58405443 + 5 634578 8_internal_10883 8 59040021 59168515 156 161.835 1.08422 6.00752 0.211071 -0.102613 0.726368 0.716265
ENSG00000169122.7 8 58907068 58907068 + 6 132953 8_internal_10883 8 59040021 59168515 156 146.479 0.999975 5.16234 4.10495e-10 0.480062 0.00497512 7.22401e-09
ENSG00000215114.3 8 59323823 59323823 + 6 -155308 8_internal_10883 8 59040021 59168515 156 158.773 0.985148 6.13102 0.00447849 0.213397 0.0298507 0.0266371
ENSG00000250031.1 8 59339244 59339244 - 6 46874 8_internal_9006 8 58660404 59292370 156 172.773 0.982665 7.06748 0.0031891 0.239558 0.0149254 0.0145502
ENSG00000137575.7 8 59465483 59465483 + 6 0 8_internal_7063 8 59304488 59511183 156 168.523 0.910288 5.9088 0.0760053 0.139024 0.333333 0.370886
ENSG00000242970.2 8 59501323 59501323 - 6 332808 8_internal_10883 8 59040021 59168515 156 161.195 0.978986 5.765 0.100199 -0.129902 0.477612 0.446305
ENSG00000035681.3 8 59572403 59572403 - 6 49990 8_internal_8470 8 59502328 59522413 156 171.25 0.946315 5.78086 0.255882 -0.0898628 0.781095 0.800656
ENSG00000167912.5 8 60031599 60031599 + 6 -10457 8_internal_8539 8 59976803 60021142 156 189.287 0.867132 6.33098 0.00038621 0.276614 0.0149254 0.00163262
ENSG00000198846.5 8 60031767 60031767 - 6 10625 8_internal_8539 8 59976803 60021142 156 173.169 0.949915 5.70278 0.0107009 0.202477 0.0646766 0.0478914
ENSG00000178538.5 8 61193971 61193971 - 6 -98360 8_internal_8718 8 61292331 61298644 156 160.799 0.982414 5.81423 0.0303827 0.16536 0.154229 0.157827
ENSG00000251396.2 8 61429354 61429354 - 6 -308204 8_internal_8139 8 61737558 61766208 156 151.384 1.00001 5.50109 0.0692041 -0.144346 0.313433 0.3428
ENSG00000104388.10 8 61429416 61429416 + 6 308142 8_internal_8139 8 61737558 61766208 156 145.839 1.03348 6.21854 0.122125 -0.127706 0.597015 0.580163
ENSG00000255321.1 8 61465595 61465595 - 6 166951 8_internal_8718 8 61292331 61298644 156 149.068 0.940176 5.45379 0.102372 -0.127942 0.507463 0.499443
ENSG00000171316.6 8 61591337 61591337 + 8 0 8_internal_10210 8 61563939 61695327 156 156.076 0.92259 6.94479 5.10551e-21 0.65886 0.00497512 1.14221e-18
ENSG00000254432.1 8 61722165 61722165 - 8 26838 8_internal_10210 8 61563939 61695327 156 134.154 1.02514 6.55284 0.0119143 0.20708 0.119403 0.115192
ENSG00000254777.1 8 61822612 61822612 + 9 0 8_internal_9157 8 61811108 61913503 156 152.892 1.04782 7.80016 8.17477e-10 0.469682 0.00497512 3.80878e-09
ENSG00000254802.1 8 61880334 61880334 - 9 0 8_internal_9157 8 61811108 61913503 156 153.364 1.01293 8.84809 1.08871e-08 0.421572 0.00497512 1.03838e-07
ENSG00000177182.6 8 61969717 61969717 + 9 599260 8_internal_10568 8 62568977 62725048 156 169.132 1.00218 9.36765 3.06814e-08 0.422915 0.00497512 7.30676e-08
ENSG00000213881.3 8 62114909 62114909 + 9 454068 8_internal_10568 8 62568977 62725048 156 157.859 1.09803 9.39057 0.0613391 -0.143446 0.427861 0.3947
ENSG00000254285.2 8 62490779 62490779 + 7 299120 8_internal_9840 8 62789899 62795884 156 176.764 0.895671 6.76129 0.0978422 0.132844 0.462687 0.473285
ENSG00000222898.1 8 62544571 62544571 - 7 -24406 8_internal_10568 8 62568977 62725048 156 142.533 1.01218 6.18762 5.13901e-05 0.313813 0.00497512 0.000613556
ENSG00000198363.10 8 62627155 62627155 - 7 0 8_internal_10568 8 62568977 62725048 156 179.842 0.924743 8.4188 1.24901e-12 0.519646 0.00497512 1.90445e-12
ENSG00000251127.2 8 62678528 62678528 - 7 0 8_internal_10568 8 62568977 62725048 156 145.945 1.01331 6.40606 0.00933589 0.202626 0.0746269 0.0711936
ENSG00000253121.1 8 63936931 63936931 + 1 144784 8_internal_7151 8 64081715 64121370 156 175.378 1.00002 1.07121 0.793029 -0.0212915 0.80597 0.803274
ENSG00000137563.6 8 63951730 63951730 - 1 -129985 8_internal_7151 8 64081715 64121370 156 160.388 0.99999 1.12366 0.0364872 0.159212 0.0447761 0.0380602
ENSG00000185728.11 8 64081112 64081112 + 1 603 8_internal_7151 8 64081715 64121370 156 166.527 1.00002 0.921418 1.33139e-06 0.366143 0.00497512 5.39229e-07
ENSG00000261542.1 8 64128539 64128539 + 1 -7169 8_internal_7151 8 64081715 64121370 156 153.989 1.00003 1.03208 3.42675e-05 0.31804 0.00497512 3.97394e-05
ENSG00000172817.3 8 65711318 65711318 - 4 0 8_internal_10543 8 65487705 66651673 156 146.067 1.00004 3.5606 0.212769 0.0970703 0.616915 0.602009
ENSG00000200714.1 8 66504966 66504966 + 8 40576 8_internal_8088 8 66545542 66557927 156 160.799 0.995889 7.93953 0.12468 0.123043 0.631841 0.636008
ENSG00000104442.5 8 66546442 66546442 - 8 0 8_internal_8088 8 66545542 66557927 156 152.344 0.925988 7.09075 0.00934846 0.210828 0.104478 0.0875549
ENSG00000066855.10 8 66556124 66556124 + 8 0 8_internal_8088 8 66545542 66557927 156 185.707 0.851535 9.52396 3.1102e-10 0.48055 0.00497512 2.13354e-09
ENSG00000267813.1 8 66647611 66647611 + 8 -868927 8_internal_9532 8 65714445 65778684 156 157.158 0.95134 8.43128 0.0409686 0.160678 0.313433 0.314931
ENSG00000205268.6 8 66754557 66754557 - 8 966 8_internal_7162 8 66693110 66753591 156 167.06 1.04266 9.19777 0.00227165 0.246804 0.00497512 0.0118872
ENSG00000147570.5 8 66933795 66933795 + 7 -180204 8_internal_7162 8 66693110 66753591 156 148.109 1.09095 6.30328 0.000831401 0.246089 0.00995025 0.00437594
ENSG00000253190.1 8 67024902 67024902 + 7 323587 8_internal_9364 8 67348489 67440871 156 160.098 0.945825 6.38888 0.00497494 -0.224356 0.039801 0.0345924
ENSG00000246145.1 8 67341212 67341212 - 8 783285 8_internal_8088 8 66545542 66557927 156 156.853 0.987116 7.37532 0.0552074 -0.15162 0.343284 0.344744
ENSG00000179041.2 8 67341263 67341263 + 8 -587672 8_internal_7162 8 66693110 66753591 156 149.678 0.973381 6.56102 0.0112761 0.193517 0.0945274 0.0891077
ENSG00000147576.11 8 67342420 67342420 + 8 6069 8_internal_9364 8 67348489 67440871 156 155.528 0.989183 7.48672 9.21931e-17 0.614373 0.00497512 1.12301e-15
ENSG00000169085.6 8 67372238 67372238 + 8 0 8_internal_9364 8 67348489 67440871 156 151.963 1.01055 7.17939 2.33288e-14 0.568951 0.00497512 2.6599e-13
ENSG00000185697.11 8 67526482 67526482 - 9 85611 8_internal_9364 8 67348489 67440871 156 154.69 0.974508 8.37942 0.0111579 0.205134 0.109453 0.0990353
ENSG00000201365.1 8 67565704 67565704 + 8 711868 8_internal_8310 8 68277572 68342519 156 177.313 0.92641 7.51628 0.0504814 0.156405 0.293532 0.279382
ENSG00000175073.7 8 67579452 67579452 - 8 -934730 8_internal_10295 8 68514182 68601865 156 157.92 1.11215 9.05525 0.139405 -0.118516 0.706468 0.698462
ENSG00000104205.7 8 67579831 67579831 + 8 -138960 8_internal_9364 8 67348489 67440871 156 165.308 0.977777 7.92299 0.147619 0.115206 0.691542 0.694385
ENSG00000213865.3 8 67579850 67579850 + 8 -105090 8_internal_9163 8 67460947 67474760 156 173.535 0.973933 8.678 0.0830889 -0.143992 0.472637 0.46728
ENSG00000213005.2 8 67680240 67680240 - 7 -597332 8_internal_8310 8 68277572 68342519 156 154.553 1.02057 6.60623 0.32107 0.0793403 0.910448 0.921673
ENSG00000178460.13 8 67782984 67782984 + 6 -726912 8_internal_9226 8 67002326 67056072 156 159.199 1.02342 6.00619 0.00307468 -0.234341 0.0149254 0.0149727
ENSG00000254341.1 8 67834786 67834786 - 6 -442786 8_internal_8310 8 68277572 68342519 156 138.115 1.00006 5.33782 0.293422 0.0817818 0.865672 0.8753
ENSG00000201719.1 8 67834790 67834790 - 6 -442782 8_internal_8310 8 68277572 68342519 156 151.78 1.07296 6.5886 0.176971 0.105242 0.706468 0.711594
ENSG00000245910.2 8 67838633 67838633 - 6 782561 8_internal_9226 8 67002326 67056072 156 168.005 0.923323 6.33653 0.00983409 -0.202543 0.0696517 0.0594721
ENSG00000178125.9 8 67968839 67968839 - 7 494079 8_internal_9163 8 67460947 67474760 156 150.455 0.988572 6.00789 0.0564791 0.149414 0.303483 0.320323
ENSG00000104218.9 8 67974661 67974661 + 7 539521 8_internal_10295 8 68514182 68601865 156 171.082 1.04864 9.67567 0.156221 -0.109258 0.731343 0.745539
ENSG00000121022.9 8 67996018 67996018 - 7 -281554 8_internal_8310 8 68277572 68342519 156 183.361 0.926723 8.12131 0.0235638 -0.175708 0.134328 0.130982
ENSG00000252637.1 8 68011537 68011537 + 7 865286 8_internal_7508 8 68876823 68894629 156 152.953 1.03905 7.46157 0.098227 -0.131364 0.572139 0.53304
ENSG00000250869.1 8 68048146 68048146 - 7 -815663 8_internal_10439 8 68863809 69245010 156 152.146 1.1047 7.12985 0.184483 0.105418 0.751244 0.746061
ENSG00000066777.3 8 68255912 68255912 - 6 -21660 8_internal_8310 8 68277572 68342519 156 215.246 0.855005 7.00732 0.217824 0.100062 0.711443 0.728489
ENSG00000165078.7 8 68658620 68658620 - 4 -205189 8_internal_10439 8 68863809 69245010 156 141.771 0.999982 3.57966 0.211774 -0.0988621 0.641791 0.614843
ENSG00000046889.14 8 68864353 68864353 + 4 12470 8_internal_7508 8 68876823 68894629 156 127.177 1.00001 3.10438 4.2111e-06 0.363607 0.00497512 0.000102091
ENSG00000254332.1 8 70041833 70041833 + 5 589995 8_internal_7053 8 70631828 70747990 156 139.714 1.00003 4.80964 0.13443 -0.120927 0.577114 0.559392
ENSG00000253173.2 8 71016414 71016414 - 8 268424 8_internal_7053 8 70631828 70747990 156 178.455 1.00104 9.06541 0.00257423 -0.237916 0.0149254 0.0113132
ENSG00000213003.2 8 71185604 71185604 + 8 -438652 8_internal_10263 8 70649764 70746952 156 131.808 1.08526 6.67156 0.477737 0.0539958 0.9801 0.990448
ENSG00000207036.1 8 71269582 71269582 + 8 -284367 8_internal_7378 8 70946605 70985215 156 169.543 0.979433 8.42739 0.164935 0.114595 0.761194 0.746667
ENSG00000140396.7 8 71316040 71316040 - 8 1591 8_internal_7137 8 71122896 71314449 156 135.891 1.08056 6.62392 8.23798e-07 0.366016 0.00497512 1.16808e-05
ENSG00000213002.1 8 71485681 71485681 + 8 466133 8_internal_9302 8 71951814 73057089 156 169.254 0.99388 9.19971 0.392679 0.0674783 0.985075 0.986568
ENSG00000238450.1 8 71516767 71516767 + 8 -355968 8_internal_7446 8 71071622 71160799 156 160.052 0.994094 8.20399 0.0612518 0.145945 0.422886 0.390131
ENSG00000067167.3 8 71520622 71520622 - 8 -431192 8_internal_9302 8 71951814 73057089 156 154.568 0.940114 6.90908 0.0765161 0.141243 0.472637 0.457622
ENSG00000246366.2 8 71520812 71520812 + 8 -206363 8_internal_7137 8 71122896 71314449 156 164.988 0.973049 8.45869 0.14389 -0.114703 0.721393 0.710256
ENSG00000147592.4 8 71581409 71581409 - 8 266960 8_internal_7137 8 71122896 71314449 156 154.446 0.943842 7.14359 0.122119 -0.120418 0.646766 0.635216
ENSG00000221947.3 8 71581600 71581600 + 8 -420801 8_internal_7446 8 71071622 71160799 156 151.308 0.949868 6.89216 0.258177 0.0940402 0.880597 0.889763
ENSG00000235531.5 8 72740402 72740402 + 3 0 8_internal_7583 8 72740115 72917883 156 143.706 0.999959 2.64002 0.000376318 0.279028 0.00995025 0.00169776
ENSG00000178860.8 8 72756703 72756703 - 3 0 8_internal_7583 8 72740115 72917883 156 162.475 1.00004 2.72636 4.78311e-05 0.311354 0.00497512 9.07045e-05
ENSG00000104321.5 8 72987852 72987852 - 5 69969 8_internal_7583 8 72740115 72917883 156 140.339 0.999946 4.57864 0.00532788 0.223518 0.0248756 0.0371398
ENSG00000147601.8 8 73921099 73921099 + 6 302853 8_internal_7647 8 74223952 74244110 156 156.03 0.947086 5.72099 0.0634223 -0.148889 0.338308 0.336876
ENSG00000222488.1 8 73931279 73931279 - 6 -815375 8_internal_7027 8 74746654 74790485 156 159.671 1.00841 6.26252 0.11667 0.125411 0.562189 0.522431
ENSG00000253636.1 8 73964413 73964413 + 6 22897 8_internal_7561 8 73987310 74020243 156 163.252 0.97228 5.61081 0.145632 0.120408 0.552239 0.573406
ENSG00000164764.10 8 74036323 74036323 - 6 979234 8_internal_9302 8 71951814 73057089 156 155.634 0.999954 5.39872 0.198952 0.100207 0.716418 0.699179
ENSG00000121039.5 8 74206847 74206847 + 5 -354957 8_internal_7112 8 73798139 73851890 156 172.286 1.00003 5.5087 0.195311 0.101452 0.641791 0.649869
ENSG00000147604.9 8 74208024 74208024 - 5 187781 8_internal_7561 8 73987310 74020243 156 156.533 1.00006 5.10803 0.115571 0.125419 0.482587 0.464039
ENSG00000250295.2 8 74268696 74268696 - 5 -477958 8_internal_7027 8 74746654 74790485 156 127.192 0.999946 4.17455 0.149077 0.117288 0.597015 0.591075
ENSG00000253302.1 8 74332239 74332239 + 5 -311996 8_internal_7561 8 73987310 74020243 156 162.855 0.999995 5.44777 0.0781564 -0.144064 0.338308 0.33393
ENSG00000254273.1 8 74423889 74423889 - 5 571999 8_internal_7112 8 73798139 73851890 156 159.748 0.999964 4.63781 0.668658 0.0333008 0.995025 0.993725
ENSG00000254105.1 8 74563524 74563524 + 5 324174 8_internal_7960 8 74887698 74907862 156 188.769 0.999959 6.03031 0.246472 -0.0911129 0.711443 0.743969
ENSG00000254538.1 8 74582676 74582676 + 5 -730786 8_internal_7112 8 73798139 73851890 156 162.612 1.00004 5.27643 0.0747135 0.145168 0.318408 0.313467
ENSG00000040341.13 8 74659943 74659943 - 5 639700 8_internal_7561 8 73987310 74020243 156 153.959 1 4.94265 0.0281207 0.174962 0.119403 0.136133
ENSG00000253273.2 8 74743378 74743378 + 5 144320 8_internal_7960 8 74887698 74907862 156 166.695 1 4.98167 0.255876 0.0909891 0.726368 0.745417
ENSG00000243133.2 8 74746277 74746277 - 5 502167 8_internal_7647 8 74223952 74244110 156 182.096 0.969232 5.59265 0.0105199 0.207723 0.0447761 0.0353418
ENSG00000258677.2 8 74791089 74791089 - 5 770846 8_internal_7561 8 73987310 74020243 156 157.066 1.00001 4.74607 0.0118147 0.205006 0.0646766 0.0535458
ENSG00000104343.14 8 74791145 74791145 - 5 770902 8_internal_7561 8 73987310 74020243 156 162.002 0.951709 5.57987 0.00572858 0.209559 0.0497512 0.0324748
