ENSG00000244758.1 7 35479 35479 - 7 0 7_internal_8226 7 34307 39967 156 157.828 1.00591 6.37747 0.00433541 0.224802 0.0248756 0.0253348
ENSG00000242474.1 7 149466 149466 - 10 84212 7_internal_12249 7 39152 65254 156 167.776 0.987425 11.2146 0.0448388 -0.153689 0.373134 0.35421
ENSG00000240859.1 7 149597 149597 + 10 -109630 7_internal_8226 7 34307 39967 156 183.635 0.855536 9.63576 0.000674827 0.267277 0.0149254 0.00550825
ENSG00000177706.8 7 192969 192969 + 10 0 7_internal_14220 7 88090 304570 156 162.322 1.13602 11.1673 2.15827e-07 0.404786 0.00497512 2.06288e-07
ENSG00000240093.1 7 194180 194180 - 10 0 7_internal_14220 7 88090 304570 156 157.402 0.962608 10.5657 0.00090163 0.266686 0.0149254 0.0108719
ENSG00000249852.1 7 229557 229557 - 11 0 7_internal_14220 7 88090 304570 156 159.077 1.0167 10.8821 0.00351221 0.230115 0.0348259 0.0322143
ENSG00000269396.1 7 302918 302918 + 11 0 7_internal_14220 7 88090 304570 156 144.65 1.04433 9.57544 0.173723 0.112815 0.855721 0.85834
ENSG00000197461.8 7 559933 559933 - 11 494679 7_internal_12249 7 39152 65254 156 191.389 0.912822 14.8524 0.00577449 -0.222207 0.0547264 0.045264
ENSG00000223855.1 7 560028 560028 + 11 0 7_internal_12391 7 372468 660568 156 159.413 0.956285 9.99578 6.9335e-06 0.359132 0.00497512 8.57418e-05
ENSG00000237181.1 7 642822 642822 + 12 0 7_internal_12391 7 372468 660568 156 174.555 0.984171 14.4202 2.51062e-06 0.353098 0.00497512 1.10732e-05
ENSG00000164818.11 7 766338 766338 + 12 454528 7_internal_11484 7 1220866 1234052 156 144.468 1.22493 13.9448 0.0155784 -0.186499 0.164179 0.163889
ENSG00000188191.9 7 767287 767287 - 12 106719 7_internal_12391 7 372468 660568 156 181.502 0.832645 10.6226 1.38712e-05 0.338879 0.00497512 0.000177074
ENSG00000164828.13 7 855528 855528 + 13 59406 7_internal_8794 7 914934 1015853 156 157.493 1.06674 14.3809 0.0799669 -0.134493 0.691542 0.666141
ENSG00000239857.1 7 916189 916189 + 14 0 7_internal_8794 7 914934 1015853 156 174.784 0.954394 17.46 0.0329038 0.174075 0.363184 0.366746
ENSG00000105963.8 7 995043 995043 - 15 0 7_internal_13484 7 946551 1210296 156 142.777 0.958276 11.5829 0.00271784 0.235208 0.0597015 0.0540455
ENSG00000240230.1 7 1015235 1015235 - 15 710665 7_internal_14220 7 88090 304570 156 187.825 0.931333 18.412 0.0139416 0.186028 0.144279 0.142925
ENSG00000073067.9 7 1022835 1022835 + 15 841539 7_internal_10685 7 1864374 1929947 156 172.072 0.923885 16.649 0.0291241 0.169353 0.328358 0.345083
ENSG00000164849.7 7 1084212 1084212 + 13 0 7_internal_11894 7 1063403 1090009 156 155.543 1.02759 14.1283 0.000975547 0.257221 0.00497512 0.0122491
ENSG00000257607.1 7 1098897 1098897 - 13 8888 7_internal_11894 7 1063403 1090009 156 147.332 1.17599 13.9057 0.0399058 0.159179 0.39801 0.400024
ENSG00000164850.10 7 1121844 1121844 + 13 22636 7_internal_11949 7 1144480 1179174 156 135.54 1.08769 10.7015 0.00508621 0.227539 0.0895522 0.0726757
ENSG00000146540.9 7 1177896 1177896 - 13 87887 7_internal_11894 7 1063403 1090009 156 142.243 1.26755 14.1307 0.00299111 0.235759 0.0248756 0.0266878
ENSG00000229043.1 7 1199662 1199662 + 13 0 7_internal_13484 7 946551 1210296 156 168.584 1.01963 13.3724 0.00601614 0.219926 0.0646766 0.0524239
ENSG00000178381.7 7 1200395 1200395 - 13 110386 7_internal_11894 7 1063403 1090009 156 144.026 0.985337 11.3572 0.0432727 0.163229 0.447761 0.462885
ENSG00000164877.14 7 1499138 1499138 - 14 -365236 7_internal_10685 7 1864374 1929947 156 174.129 1.01051 17.8651 0.0235879 -0.17777 0.273632 0.255978
ENSG00000225981.1 7 1499573 1499573 + 14 -265521 7_internal_11484 7 1220866 1234052 156 181.883 0.935792 16.396 0.037418 -0.167899 0.358209 0.366327
ENSG00000164880.11 7 1545489 1545489 - 15 335193 7_internal_13484 7 946551 1210296 156 157.859 0.867671 11.4199 0.00549656 0.214778 0.0845771 0.0883677
ENSG00000198517.5 7 1570350 1570350 + 15 -336298 7_internal_11484 7 1220866 1234052 156 146.616 0.997399 12.2554 0.0571722 -0.148058 0.547264 0.563653
ENSG00000256005.1 7 1580047 1580047 + 15 -345995 7_internal_11484 7 1220866 1234052 156 157.798 1.12675 16.5493 0.058414 -0.145179 0.587065 0.567727
ENSG00000241340.1 7 1585415 1585415 - 15 -391034 7_internal_13202 7 1976449 2156272 156 151.201 1.15021 15.3856 0.050697 0.161564 0.537313 0.511364
ENSG00000241181.1 7 1585885 1585885 - 15 406711 7_internal_11949 7 1144480 1179174 156 168.599 0.906768 14.5375 0.212233 0.104565 0.970149 0.964142
ENSG00000164855.10 7 1600457 1600457 - 15 4271 7_internal_10048 7 1587880 1596186 156 138.831 1.04491 11.7767 0.201497 -0.102595 0.960199 0.948783
ENSG00000230487.3 7 1609709 1609709 + 15 254665 7_internal_10685 7 1864374 1929947 156 176.551 0.895691 16.0023 0.0550077 0.151034 0.542289 0.540707
ENSG00000157778.4 7 1610641 1610641 - 15 -365808 7_internal_13202 7 1976449 2156272 156 158.788 0.911215 12.972 0.0606366 -0.141348 0.577114 0.583106
ENSG00000176349.7 7 1878222 1878222 + 17 0 7_internal_10463 7 1780740 1968093 156 144.818 0.972382 13.5167 5.1453e-09 0.439445 0.00497512 3.78152e-07
ENSG00000227990.1 7 1881812 1881812 - 17 702638 7_internal_11949 7 1144480 1179174 156 144.285 0.965955 12.474 0.0215172 0.183116 0.288557 0.305497
ENSG00000002822.10 7 2272878 2272878 - 11 304785 7_internal_10463 7 1780740 1968093 156 158.331 1.01257 10.7442 2.71698e-18 0.623591 0.00497512 1.00334e-17
ENSG00000122687.13 7 2281840 2281840 - 11 313747 7_internal_10463 7 1780740 1968093 156 174.784 1.00833 14.0563 0.0868405 0.127647 0.626866 0.635245
ENSG00000106268.11 7 2281857 2281857 + 11 0 7_internal_8326 7 2276056 2289999 156 171.189 0.911125 9.83852 0.000120243 0.285672 0.00497512 0.00110682
ENSG00000106263.13 7 2393721 2393721 + 11 103852 7_internal_8681 7 2497573 2511713 156 151.186 0.993384 10.3897 0.0763389 0.137056 0.58209 0.587319
ENSG00000106266.4 7 2393953 2393953 - 11 103954 7_internal_8326 7 2276056 2289999 156 168.325 0.884037 9.44095 0.0194867 0.180783 0.169154 0.176351
ENSG00000136213.7 7 2443223 2443223 + 11 392888 7_internal_10394 7 2836111 2875147 156 176.566 0.865411 11.1966 0.0585086 -0.150228 0.412935 0.464183
ENSG00000175873.3 7 2477398 2477398 + 11 39121 7_internal_11372 7 2516519 2600501 156 146.326 1.11837 10.4966 0.0283385 0.178704 0.263682 0.252515
ENSG00000106003.8 7 2552163 2552163 + 11 -40450 7_internal_8681 7 2497573 2511713 156 146.692 0.946108 8.56417 0.0215194 0.183802 0.218905 0.222497
ENSG00000264357.1 7 2566708 2566708 + 11 -54995 7_internal_8681 7 2497573 2511713 156 166.222 1.01444 11.552 0.291698 0.0845985 0.960199 0.97549
ENSG00000238857.1 7 2590599 2590599 - 11 -177256 7_internal_9875 7 2767855 2778685 156 151.673 0.962963 8.99898 0.12475 0.120193 0.721393 0.727906
ENSG00000106009.11 7 2595361 2595361 - 11 83648 7_internal_8681 7 2497573 2511713 156 157.158 1.00424 10.9409 0.0541311 0.152626 0.472637 0.448406
ENSG00000106012.12 7 2598632 2598632 + 10 169223 7_internal_9875 7 2767855 2778685 156 161.515 0.936642 9.499 0.058948 -0.141208 0.41791 0.444387
ENSG00000136295.10 7 2671585 2671585 + 10 96270 7_internal_9875 7 2767855 2778685 156 146.463 0.991239 7.97458 0.269108 0.0861675 0.930348 0.931598
ENSG00000174945.8 7 2719156 2719156 + 10 116955 7_internal_10394 7 2836111 2875147 156 174.51 0.802466 9.39056 4.55714e-05 0.305534 0.00497512 0.000914298
ENSG00000228246.1 7 2762622 2762622 - 10 832675 7_internal_10685 7 1864374 1929947 156 161.347 0.972922 10.598 0.000262511 -0.282086 0.00497512 0.00259638
ENSG00000233202.1 7 2804242 2804242 + 10 31869 7_internal_10394 7 2836111 2875147 156 150.942 1.02329 8.60112 5.74967e-06 0.3501 0.00497512 5.56594e-05
ENSG00000231357.1 7 2875255 2875255 + 10 -108 7_internal_10394 7 2836111 2875147 156 150.805 0.96935 8.69812 0.000135596 0.300544 0.00497512 0.00188232
ENSG00000146535.8 7 2883958 2883958 - 10 8811 7_internal_10394 7 2836111 2875147 156 143.295 0.985382 7.90408 1.38523e-09 0.4582 0.00497512 6.55734e-08
ENSG00000237286.1 7 2983669 2983669 + 8 -204984 7_internal_9875 7 2767855 2778685 156 152.709 0.999943 7.77017 0.0452857 -0.163719 0.313433 0.31559
ENSG00000198286.5 7 3083579 3083579 - 8 571866 7_internal_8681 7 2497573 2511713 156 183.909 1.00769 10.4028 0.100114 -0.131697 0.522388 0.54778
ENSG00000164916.8 7 4683388 4683388 + 9 58998 7_internal_11573 7 4742386 4789717 156 172.392 0.914461 9.68496 0.035425 0.161036 0.248756 0.270493
ENSG00000238781.1 7 4729111 4729111 + 9 794238 7_internal_10202 7 5523349 5532890 156 148.886 1.03928 7.87491 0.00911916 0.203985 0.0895522 0.0736677
ENSG00000242802.2 7 4815253 4815253 + 9 641061 7_internal_8607 7 5456314 5600035 156 156.807 1.04814 9.3971 0.079527 0.138143 0.507463 0.515633
ENSG00000264474.1 7 4828270 4828270 - 9 -355150 7_internal_11650 7 5183420 5232555 156 161.637 0.975594 9.33706 0.29124 0.0846797 0.955224 0.956991
ENSG00000157927.12 7 4923350 4923350 - 10 -260070 7_internal_11650 7 5183420 5232555 156 151.917 0.976955 8.40966 0.17855 0.109247 0.80597 0.825692
ENSG00000196204.7 7 5013619 5013619 + 11 923987 7_internal_8205 7 5937606 5939890 156 161.865 1.00947 12.7804 0.00871981 0.209008 0.0945274 0.089867
ENSG00000146587.12 7 5023349 5023349 + 11 -896942 7_internal_13165 7 2772515 4126407 156 169.284 0.913748 10.258 0.00862664 -0.208031 0.0895522 0.0810296
ENSG00000157954.10 7 5229819 5229819 + 13 27334 7_internal_13048 7 5257153 5288919 156 166.253 0.96047 14.4969 8.48192e-09 0.435503 0.00497512 7.95764e-08
ENSG00000164638.5 7 5314000 5314000 + 13 -25081 7_internal_13048 7 5257153 5288919 156 192.563 0.899903 18.6466 3.26447e-05 0.318212 0.00497512 0.000195661
ENSG00000241269.1 7 5459458 5459458 + 16 927250 7_internal_8218 7 6386708 6401670 156 179.065 0.964868 19.1574 0.133076 -0.122607 0.880597 0.893202
ENSG00000188365.3 7 5459477 5459477 + 16 955128 7_internal_8416 7 6414605 6442012 156 154.507 0.99741 14.6859 0.336913 0.0776476 1 0.997738
ENSG00000182095.10 7 5465045 5465045 - 16 -58304 7_internal_10202 7 5523349 5532890 156 178.852 0.91096 17.4341 0.113218 -0.123544 0.81592 0.830688
ENSG00000234432.2 7 5468558 5468558 - 16 -390899 7_internal_8954 7 5859457 5867864 156 175.089 0.897263 15.9213 0.00563557 -0.228591 0.0746269 0.0731416
ENSG00000230733.2 7 5515435 5515435 + 16 -87731 7_internal_8706 7 5369250 5427704 156 161.256 0.915952 15.1573 0.0676731 0.145416 0.676617 0.663858
ENSG00000207973.1 7 5535548 5535548 - 16 -851160 7_internal_8218 7 6386708 6401670 156 149.876 0.996376 13.2636 0.0815286 0.137476 0.711443 0.705679
ENSG00000155034.14 7 5553429 5553429 - 16 20539 7_internal_10202 7 5523349 5532890 156 165.293 0.937166 18.7939 0.0184754 0.176176 0.278607 0.279766
ENSG00000263900.1 7 5567817 5567817 - 16 -846788 7_internal_8416 7 6414605 6442012 156 157.676 1.0741 16.4451 0.032617 0.163121 0.368159 0.376529
ENSG00000075624.9 7 5603415 5603415 - 17 -855298 7_internal_11735 7 6458713 6489286 156 160.89 0.853512 15.0155 0.0153901 -0.193747 0.253731 0.252268
ENSG00000075618.12 7 5632439 5632439 + 17 -399884 7_internal_11650 7 5183420 5232555 156 138.48 1.23124 19.1309 0.0969894 0.13403 0.895522 0.870511
ENSG00000237738.1 7 5720092 5720092 - 18 431173 7_internal_13048 7 5257153 5288919 156 188.525 0.87247 21.3152 0.0843148 0.139448 0.756219 0.763965
ENSG00000011275.14 7 5821370 5821370 - 18 393975 7_internal_10362 7 5418919 5427395 156 168.34 0.934743 18.4495 0.276031 -0.0845997 1 0.996493
ENSG00000235944.3 7 5862791 5862791 + 18 -329901 7_internal_10202 7 5523349 5532890 156 172.91 0.995513 21.4077 0.0502531 0.160511 0.547264 0.577716
ENSG00000122543.6 7 5919458 5919458 + 18 176781 7_internal_10465 7 6096239 6122266 156 147.225 1.06347 17.3876 0.0899523 0.139928 0.825871 0.82269
ENSG00000122674.8 7 5938356 5938356 + 18 448352 7_internal_8218 7 6386708 6401670 156 152.511 1.04756 16.883 0.00856973 -0.206356 0.124378 0.131481
ENSG00000155026.11 7 6010314 6010314 - 18 721395 7_internal_13048 7 5257153 5288919 156 132.234 1.16419 14.3712 0.0193967 -0.183863 0.313433 0.295727
ENSG00000122512.9 7 6048756 6048756 - 18 -47483 7_internal_10465 7 6096239 6122266 156 166.405 0.986277 19.3039 0.0132983 -0.198349 0.189055 0.190426
ENSG00000106305.5 7 6048876 6048876 + 18 -515986 7_internal_10202 7 5523349 5532890 156 153.943 0.973243 17.5444 0.150357 -0.114406 0.935323 0.948422
ENSG00000207217.1 7 6056508 6056508 + 18 -629113 7_internal_10362 7 5418919 5427395 156 160.448 1.02607 17.572 0.000787725 0.262674 0.00995025 0.0101962
ENSG00000157999.5 7 6071007 6071007 + 18 -470972 7_internal_8607 7 5456314 5600035 156 160.357 0.961748 17.6364 0.146182 -0.116797 0.935323 0.935583
ENSG00000240718.2 7 6087651 6087651 - 18 147761 7_internal_8205 7 5937606 5939890 156 158.468 0.902962 15.7774 0.0311053 -0.174088 0.432836 0.427925
ENSG00000086232.7 7 6098861 6098861 - 18 -287847 7_internal_8218 7 6386708 6401670 156 158.163 0.918521 16.5555 0.0216963 0.184454 0.328358 0.332692
ENSG00000231704.1 7 6120734 6120734 + 18 337979 7_internal_11735 7 6458713 6489286 156 186.865 0.789563 18.1616 0.144623 -0.120205 0.915423 0.917951
ENSG00000106346.7 7 6144515 6144515 + 19 998106 7_internal_11984 7 7142621 7618646 156 152.892 1.04063 19.5144 0.00791483 0.20978 0.154229 0.141072
ENSG00000238534.1 7 6214935 6214935 - 19 614900 7_internal_8607 7 5456314 5600035 156 198.809 0.879249 25.4432 0.0268538 -0.173264 0.318408 0.330538
ENSG00000008256.11 7 6312275 6312275 - 18 884880 7_internal_10362 7 5418919 5427395 156 166.816 0.91188 19.634 0.0306963 0.173937 0.427861 0.440901
ENSG00000178397.8 7 6388612 6388612 - 18 0 7_internal_8218 7 6386708 6401670 156 151.902 0.959353 16.0194 1.12707e-16 0.598145 0.00497512 1.75911e-14
ENSG00000136238.13 7 6414154 6414154 + 18 -12484 7_internal_8218 7 6386708 6401670 156 157.691 1.04457 19.6416 4.76235e-10 0.459304 0.00497512 3.21522e-09
ENSG00000269781.1 7 6522922 6522922 + 15 -427306 7_internal_11026 7 6063075 6095616 156 174.495 0.977596 16.4683 0.0793927 -0.136126 0.656716 0.669638
ENSG00000164535.9 7 6523821 6523821 - 15 122151 7_internal_8218 7 6386708 6401670 156 154.675 1.02762 13.9576 1.72603e-07 0.390798 0.00497512 1.88674e-06
ENSG00000136240.5 7 6523873 6523873 - 15 -618748 7_internal_11984 7 7142621 7618646 156 159.138 1.0473 16.95 0.00957865 -0.203773 0.129353 0.125617
ENSG00000215045.4 7 6591067 6591067 - 14 468801 7_internal_10465 7 6096239 6122266 156 145.488 1.01133 11.6457 0.0185546 0.187189 0.238806 0.232694
ENSG00000136247.10 7 6617065 6617065 + 13 -494799 7_internal_10465 7 6096239 6122266 156 159.976 1.02287 14.9626 0.038109 -0.157131 0.363184 0.408874
ENSG00000232581.1 7 6628605 6628605 - 13 -116713 7_internal_8488 7 6745318 6770389 156 146.143 0.989106 11.5126 0.0108517 0.194738 0.154229 0.150371
ENSG00000146576.8 7 6629648 6629648 + 13 30054 7_internal_9525 7 6659702 6680488 156 161.21 0.930306 11.0344 0.057339 0.152192 0.497512 0.487637
ENSG00000236609.3 7 6655248 6655248 + 13 -787384 7_internal_8954 7 5859457 5867864 156 150.318 1.22435 15.1247 0.00319148 -0.239471 0.0248756 0.0265667
ENSG00000205903.2 7 6676953 6676953 + 13 0 7_internal_9525 7 6659702 6680488 156 145.29 0.982725 10.5311 3.16728e-05 0.315787 0.00497512 0.000714733
ENSG00000260054.1 7 6694495 6694495 + 13 -14007 7_internal_9525 7 6659702 6680488 156 148.809 0.926292 11.909 1.85063e-06 0.365232 0.00497512 8.28538e-05
ENSG00000228010.1 7 6703605 6703605 + 13 -607989 7_internal_11026 7 6063075 6095616 156 167.532 1.0755 15.7704 0.0406484 -0.16354 0.39801 0.383884
ENSG00000198580.6 7 6713376 6713376 + 13 -116210 7_internal_10195 7 6569877 6597166 156 174.068 0.876902 15.8223 0.0720364 -0.145636 0.641791 0.661177
ENSG00000265245.1 7 6731608 6731608 + 13 497806 7_internal_10657 7 7229414 7484193 156 161.225 1.11432 14.568 0.0680162 0.145696 0.616915 0.567346
ENSG00000164631.14 7 6746554 6746554 - 13 -482860 7_internal_10657 7 7229414 7484193 156 173.078 0.931321 14.9403 0.05934 0.144258 0.552239 0.545429
ENSG00000187953.6 7 6749759 6749759 + 13 -627493 7_internal_10465 7 6096239 6122266 156 157.051 1.00871 11.7052 0.00313107 0.221999 0.0298507 0.0337966
ENSG00000169402.11 7 6793740 6793740 + 13 -113252 7_internal_9525 7 6659702 6680488 156 171.204 0.941671 14.7646 0.113107 -0.128451 0.78607 0.795721
ENSG00000226150.2 7 6836573 6836573 - 13 896683 7_internal_8205 7 5937606 5939890 156 158.27 0.932255 12.1575 0.0899224 -0.13726 0.676617 0.698523
ENSG00000146574.10 7 6866401 6866401 - 13 464731 7_internal_8218 7 6386708 6401670 156 161.027 0.971545 13.4915 0.0431732 0.164227 0.427861 0.436725
ENSG00000106392.5 7 7196565 7196565 + 10 0 7_internal_11984 7 7142621 7618646 156 152.466 1.01277 9.97247 0.0751136 0.13855 0.567164 0.551778
ENSG00000230825.1 7 7294785 7294785 + 11 950612 7_internal_10000 7 8245397 8265446 156 160.418 1.02109 9.76446 0.00913225 0.204855 0.0895522 0.0726107
ENSG00000215018.5 7 7575484 7575484 - 7 -669913 7_internal_10000 7 8245397 8265446 156 168.264 1.00003 8.70558 0.174858 -0.110439 0.781095 0.777982
ENSG00000164654.11 7 7606503 7606503 + 6 -122310 7_internal_10657 7 7229414 7484193 156 132.402 0.999954 4.61842 0.226428 -0.0966414 0.756219 0.759156
ENSG00000219545.4 7 7680342 7680342 + 6 -196149 7_internal_10657 7 7229414 7484193 156 165.902 1.01765 6.64036 0.138118 0.117556 0.587065 0.584169
ENSG00000106399.7 7 7758238 7758238 - 5 -487159 7_internal_10000 7 8245397 8265446 156 155.939 1.00003 5.31151 0.176655 -0.112123 0.636816 0.64405
ENSG00000269721.1 7 7782166 7782166 - 4 -463231 7_internal_10000 7 8245397 8265446 156 142.594 1.00001 3.95536 0.290545 0.0850711 0.791045 0.772605
ENSG00000234718.5 7 7782204 7782204 - 4 163558 7_internal_11984 7 7142621 7618646 156 145.001 0.999949 3.71006 0.532941 -0.0500989 0.950249 0.94737
ENSG00000201747.1 7 7946150 7946150 + 4 -327504 7_internal_11984 7 7142621 7618646 156 143.249 0.999938 3.98456 0.00184989 -0.251747 0.00497512 0.0113301
ENSG00000214998.2 7 7950080 7950080 - 4 -295317 7_internal_10000 7 8245397 8265446 156 155.01 0.999972 3.89641 0.194955 -0.101272 0.60199 0.573399
ENSG00000234141.1 7 7990340 7990340 - 4 -19024 7_internal_10555 7 8009364 8055782 156 154.111 1.00001 3.24671 0.248443 0.0913805 0.60199 0.609297
ENSG00000106415.8 7 8008425 8008425 + 4 939 7_internal_10555 7 8009364 8055782 156 143.934 1.00003 3.59523 0.0260232 0.177488 0.104478 0.11211
ENSG00000233108.1 7 8009534 8009534 - 4 390888 7_internal_11984 7 7142621 7618646 156 164.516 0.999978 4.28067 0.177107 0.103982 0.547264 0.539512
ENSG00000233264.2 7 8019943 8019943 + 4 0 7_internal_10555 7 8009364 8055782 156 167.974 0.999997 4.36657 0.00163232 0.242619 0.00497512 0.00470261
ENSG00000227719.1 7 8153655 8153655 + 4 -97873 7_internal_10555 7 8009364 8055782 156 152.161 1.00002 4.36556 0.165657 0.110162 0.577114 0.558928
ENSG00000244239.1 7 8301863 8301863 + 4 -683217 7_internal_11984 7 7142621 7618646 156 162.353 1.00001 4.40861 0.124361 0.125939 0.442786 0.422008
ENSG00000229970.2 7 8301894 8301894 + 4 -683248 7_internal_11984 7 7142621 7618646 156 162.216 1.00005 4.03446 0.147317 0.117674 0.457711 0.454463
ENSG00000003147.13 7 8302317 8302317 - 4 818124 7_internal_10657 7 7229414 7484193 156 157.661 0.999946 4.07209 0.235124 -0.0939631 0.686567 0.659843
ENSG00000197320.4 7 9765870 9765870 + 0 NA NA NA NA NA NA NA NA NA NA NA NA NA
ENSG00000189043.5 7 10979883 10979883 - 2 -403332 7_internal_8821 7 11383215 11387253 156 130.894 1.00001 1.61264 0.549288 -0.0473293 0.751244 0.756401
ENSG00000106443.10 7 11013499 11013499 + 2 455800 7_internal_11025 7 11469299 12280553 156 166.542 0.99997 2.02276 0.434006 -0.0631646 0.661692 0.666406
ENSG00000230370.1 7 11046503 11046503 - 2 -422796 7_internal_11025 7 11469299 12280553 156 129.248 0.999949 1.91349 0.508778 -0.051033 0.771144 0.780892
ENSG00000106460.13 7 12250867 12250867 + 6 0 7_internal_11025 7 11469299 12280553 156 152.801 1.02709 6.33752 0.00638215 0.204491 0.0497512 0.0393375
ENSG00000006747.10 7 12610203 12610203 + 5 0 7_internal_10312 7 12592603 12611360 156 166.725 1.00005 5.37577 0.00548885 0.218767 0.0199005 0.0217947
ENSG00000225606.1 7 12611017 12611017 - 5 0 7_internal_10312 7 12592603 12611360 156 164.623 1.00003 5.13049 0.0499766 0.152066 0.18408 0.206277
ENSG00000122644.8 7 12726481 12726481 + 5 0 7_internal_9121 7 12724948 13145017 156 176.81 0.961609 5.66442 0.000607768 0.267138 0.00497512 0.00192814
ENSG00000199470.1 7 12740514 12740514 - 5 127054 7_internal_11605 7 12442954 12613460 156 189.455 1.00002 6.25564 0.360729 0.0745119 0.915423 0.905083
ENSG00000006468.9 7 14031050 14031050 - 2 0 7_internal_12234 7 13889185 14731614 156 145.778 0.999964 1.71247 6.59833e-10 0.476654 0.00497512 4.09034e-09
ENSG00000229688.3 7 16250113 16250113 + 4 -969541 7_internal_8635 7 15257939 15280572 156 142.761 1.00005 3.6339 0.188586 0.107907 0.59204 0.572535
ENSG00000214960.5 7 16460947 16460947 - 3 -507366 7_internal_12548 7 16968313 17449424 156 154.065 1.00001 2.97451 0.421396 0.0673439 0.810945 0.806489
ENSG00000106524.4 7 16685442 16685442 - 3 -282871 7_internal_12548 7 16968313 17449424 156 154.842 0.999979 2.92394 0.027697 0.176962 0.0945274 0.0804718
ENSG00000136261.10 7 16685756 16685756 + 3 -696 7_internal_11865 7 16648708 16685060 156 131.991 1.00005 2.64326 0.0422671 0.161117 0.134328 0.15522
ENSG00000235837.1 7 16759523 16759523 - 3 -205867 7_internal_10253 7 16965390 16969230 156 175.972 0.999979 3.49987 0.0789259 0.137408 0.238806 0.200668
ENSG00000106537.7 7 16793160 16793160 + 3 172230 7_internal_10253 7 16965390 16969230 156 143.081 1.00002 2.74107 0.165953 -0.11362 0.452736 0.428552
ENSG00000106546.8 7 17338246 17338246 + 4 0 7_internal_12548 7 16968313 17449424 156 139.334 1.00003 3.79843 0.000212435 0.297451 0.00497512 0.00176808
ENSG00000237773.1 7 17338981 17338981 - 4 0 7_internal_12548 7 16968313 17449424 156 140.217 0.999992 3.64564 0.0352432 0.169049 0.124378 0.157596
ENSG00000071189.16 7 17980124 17980124 - 3 -611027 7_internal_9791 7 18591151 18697034 156 144.407 1.00001 3.01048 0.011432 0.195162 0.0547264 0.0443902
ENSG00000048052.16 7 18126572 18126572 + 3 -144535 7_internal_9888 7 17942267 17982037 156 164.577 0.999958 3.21926 0.679658 0.0328054 0.965174 0.972215
ENSG00000223030.1 7 18336962 18336962 + 3 254189 7_internal_9791 7 18591151 18697034 156 153.532 1.00002 3.00456 0.0328404 0.170423 0.0945274 0.0994303
ENSG00000225000.1 7 18470361 18470361 - 2 488324 7_internal_9888 7 17942267 17982037 156 153.761 0.999963 1.89765 0.243882 0.0951386 0.40796 0.416751
ENSG00000222164.1 7 18847902 18847902 - 2 150868 7_internal_9791 7 18591151 18697034 156 145.519 1.00001 1.94956 0.453897 0.05843 0.691542 0.709448
ENSG00000226522.1 7 18939056 18939056 - 2 242022 7_internal_9791 7 18591151 18697034 156 143.401 1.00003 2.05686 0.470519 -0.0571884 0.746269 0.748724
ENSG00000232492.1 7 18989385 18989385 - 1 292351 7_internal_9791 7 18591151 18697034 156 154.979 0.99997 1.16402 0.417049 0.0613457 0.467662 0.468074
ENSG00000260214.1 7 19037466 19037466 + 1 -340432 7_internal_9791 7 18591151 18697034 156 160.159 1.00002 0.838894 0.760462 -0.0242161 0.726368 0.695192
ENSG00000265932.1 7 19745059 19745059 - 1 -314209 7_internal_12753 7 20059268 20638947 156 166.755 0.99999 0.95802 0.110288 0.120736 0.0945274 0.0947593
ENSG00000105849.5 7 19748710 19748710 - 1 -310558 7_internal_12753 7 20059268 20638947 156 159.123 1 1.08294 0.0534038 0.15798 0.0746269 0.0551804
ENSG00000213860.3 7 20042346 20042346 + 1 16922 7_internal_12753 7 20059268 20638947 156 123.139 0.999982 0.878128 0.869187 0.012543 0.855721 0.848854
ENSG00000183742.7 7 20257027 20257027 - 1 0 7_internal_12753 7 20059268 20638947 156 160.646 1.00003 1.03635 0.0013293 0.239921 0.00497512 0.0011659
ENSG00000233834.2 7 20257200 20257200 + 1 0 7_internal_12753 7 20059268 20638947 156 217.471 0.99999 1.03295 7.60993e-06 0.336136 0.00497512 1.28446e-07
ENSG00000105855.4 7 20370325 20370325 + 1 0 7_internal_12753 7 20059268 20638947 156 155.924 0.999982 1.07257 0.000637793 0.268494 0.00995025 0.000686257
ENSG00000219451.3 7 20866945 20866945 + 1 -227998 7_internal_12753 7 20059268 20638947 156 180.284 0.999969 0.996442 0.544246 -0.0495118 0.497512 0.513138
ENSG00000105866.8 7 21467652 21467652 + 2 -828705 7_internal_12753 7 20059268 20638947 156 173.946 0.999994 1.98462 0.565513 -0.0457371 0.820896 0.789447
ENSG00000105877.12 7 21582833 21582833 + 2 353148 7_internal_11669 7 21935981 22012533 156 164.272 1.00001 1.93455 3.34016e-24 0.702182 0.00497512 4.0679e-25
ENSG00000164649.15 7 21985702 21985702 - 2 0 7_internal_11669 7 21935981 22012533 156 179.187 0.999962 2.02023 3.50691e-35 0.800541 0.00497512 7.30566e-40
ENSG00000233476.2 7 22551618 22551618 - 6 -786479 7_internal_9101 7 23338097 23387989 156 161.469 0.974857 6.17424 0.0917499 0.134012 0.412935 0.438779
ENSG00000136244.7 7 22765503 22765503 + 6 0 7_internal_12448 7 22589354 22767585 156 128.852 1.00001 4.85352 0.00332262 0.231628 0.0547264 0.0365339
ENSG00000196683.6 7 22862470 22862470 - 6 94885 7_internal_12448 7 22589354 22767585 156 187.322 1.03802 8.31818 0.00665732 0.208103 0.0149254 0.0206871
ENSG00000228649.3 7 22893875 22893875 + 6 -881342 7_internal_11669 7 21935981 22012533 156 138.313 0.999994 4.82528 0.00394964 0.229649 0.039801 0.0317381
ENSG00000221740.1 7 22896232 22896232 + 6 610668 7_internal_9262 7 23506900 23515129 156 154.614 0.97776 5.53976 0.0173677 -0.193724 0.114428 0.10089
ENSG00000226329.2 7 22920969 22920969 - 6 -585931 7_internal_9262 7 23506900 23515129 156 139.623 0.964278 5.39371 0.00340187 -0.23463 0.0497512 0.034207
ENSG00000235664.1 7 22980809 22980809 - 6 -356863 7_internal_10408 7 23337672 23387526 156 148.825 1.00001 5.27046 0.117651 0.128666 0.492537 0.509638
ENSG00000122591.7 7 23053749 23053749 - 5 -283923 7_internal_10408 7 23337672 23387526 156 150.698 0.999947 5.1598 0.374051 -0.0703565 0.915423 0.916758
ENSG00000230658.1 7 23145322 23145322 - 5 -99530 7_internal_8575 7 23244852 23288399 156 146.585 0.999991 4.76521 0.0351785 -0.164608 0.154229 0.181659
ENSG00000122550.12 7 23145353 23145353 + 5 192319 7_internal_10408 7 23337672 23387526 156 163.77 0.999985 5.23847 0.0124536 -0.197801 0.0597015 0.0535277
ENSG00000230042.1 7 23168797 23168797 + 5 76055 7_internal_8575 7 23244852 23288399 156 171.402 0.999969 5.24441 0.198073 0.102548 0.646766 0.64055
ENSG00000268979.1 7 23177192 23177192 - 5 -67660 7_internal_8575 7 23244852 23288399 156 163.13 0.917819 5.68198 0.0194061 -0.186835 0.114428 0.114575
ENSG00000214871.3 7 23210760 23210760 + 5 -443175 7_internal_12448 7 22589354 22767585 156 182.462 1.00001 5.96165 0.100425 0.132092 0.363184 0.373959
ENSG00000136243.12 7 23221446 23221446 + 5 116226 7_internal_10408 7 23337672 23387526 156 172.255 1.00005 5.42207 0.000464718 0.272669 0.00497512 0.0012699
ENSG00000226816.2 7 23245632 23245632 + 5 0 7_internal_8575 7 23244852 23288399 156 189.043 0.87979 5.63916 3.40936e-07 0.396645 0.00497512 7.88646e-07
ENSG00000136235.11 7 23275586 23275586 + 5 0 7_internal_8575 7 23244852 23288399 156 179.857 0.937398 6.28699 3.12663e-06 0.348148 0.00497512 7.78628e-06
ENSG00000156928.4 7 23338358 23338358 + 5 0 7_internal_10408 7 23337672 23387526 156 149.754 0.99998 4.6569 0.00215156 0.231157 0.00995025 0.0122602
ENSG00000136231.8 7 23510086 23510086 - 5 122560 7_internal_10408 7 23337672 23387526 156 151.719 1.00005 5.21371 0.0132927 0.192787 0.0895522 0.0739316
ENSG00000232818.2 7 23530092 23530092 + 5 -142566 7_internal_10408 7 23337672 23387526 156 153.73 1.00325 5.61684 0.102213 0.1361 0.442786 0.461373
ENSG00000164548.6 7 23571660 23571660 - 5 184134 7_internal_10408 7 23337672 23387526 156 147.042 0.999945 4.89237 0.00118412 0.254601 0.0149254 0.00802211
ENSG00000169193.7 7 23636998 23636998 + 5 -249472 7_internal_10408 7 23337672 23387526 156 167.06 0.999956 5.53029 0.246003 0.0932771 0.791045 0.764168
ENSG00000227436.1 7 23658952 23658952 + 5 -370553 7_internal_8575 7 23244852 23288399 156 147.225 0.999944 5.39225 0.261329 0.0903333 0.850746 0.823747
ENSG00000188732.6 7 23719749 23719749 + 5 -204620 7_internal_9262 7 23506900 23515129 156 152.618 1.00003 5.05981 0.0393598 0.164729 0.169154 0.19328
ENSG00000234286.1 7 23720405 23720405 - 5 432006 7_internal_8575 7 23244852 23288399 156 152.313 1.00001 4.39115 0.105818 0.127049 0.402985 0.400663
ENSG00000196335.8 7 23749786 23749786 + 5 -461387 7_internal_8575 7 23244852 23288399 156 151.887 1.00003 4.78618 0.132733 -0.12289 0.477612 0.508628
ENSG00000105926.9 7 24612887 24612887 + 1 181483 7_internal_8474 7 24794370 24834451 156 148.185 0.999975 1.00574 0.509994 0.0531863 0.517413 0.52285
ENSG00000105928.9 7 24809244 24809244 - 1 0 7_internal_8474 7 24794370 24834451 156 151.064 0.99999 1.17869 1.00312e-17 0.57687 0.00497512 3.8577e-17
ENSG00000234999.1 7 24946213 24946213 - 1 111762 7_internal_8474 7 24794370 24834451 156 166.649 1.00003 1.05248 0.298903 -0.0846031 0.318408 0.295324
ENSG00000070882.8 7 25021253 25021253 - 1 186802 7_internal_8474 7 24794370 24834451 156 154.918 0.999971 0.924164 0.39791 -0.0680859 0.393035 0.375884
ENSG00000172115.4 7 25164980 25164980 - 2 330529 7_internal_8474 7 24794370 24834451 156 145.884 0.999993 1.90727 0.744027 0.024407 0.930348 0.930121
ENSG00000153790.7 7 25219975 25219975 - 2 385524 7_internal_8474 7 24794370 24834451 156 170.518 0.999996 2.23114 0.14977 -0.113616 0.268657 0.270918
ENSG00000050344.7 7 26191860 26191860 + 6 -9648 7_internal_9145 7 26128972 26182212 156 174.495 0.93456 5.79599 1.1772e-13 0.550765 0.00497512 1.94415e-13
ENSG00000122565.13 7 26240782 26240782 + 6 -58570 7_internal_9145 7 26128972 26182212 156 171.387 1.01047 7.61466 3.13399e-08 0.413012 0.00497512 4.19149e-08
ENSG00000122566.16 7 26241149 26241149 - 6 -76000 7_internal_11144 7 26317149 26379216 156 156.564 1.00003 5.13221 0.48297 0.0547616 0.965174 0.96587
ENSG00000086300.11 7 26331541 26331541 + 7 0 7_internal_11144 7 26317149 26379216 156 143.264 1.10455 6.42728 0.000444637 0.266215 0.00497512 0.00270684
ENSG00000225792.1 7 26416321 26416321 - 8 -297328 7_internal_12408 7 26713649 27242589 156 164.882 1.05593 10.1072 0.000498454 0.265074 0.00497512 0.00247532
ENSG00000214870.4 7 26438213 26438213 + 8 743714 7_internal_8130 7 27181927 27184901 156 146.6 0.990653 7.37587 0.14686 -0.117341 0.716418 0.726048
ENSG00000222004.3 7 26677490 26677490 + 8 504437 7_internal_8130 7 27181927 27184901 156 171.356 0.902781 8.62624 0.198968 -0.102941 0.830846 0.840842
ENSG00000005020.8 7 27034858 27034858 - 10 -147069 7_internal_8130 7 27181927 27184901 156 164.821 1.03102 9.33974 0.112283 -0.125429 0.631841 0.623425
ENSG00000233429.5 7 27135266 27135266 + 10 0 7_internal_12408 7 26713649 27242589 156 150.638 0.938621 7.45442 0.000141953 0.300528 0.00497512 0.0021094
ENSG00000105991.7 7 27135615 27135615 - 10 0 7_internal_12408 7 26713649 27242589 156 141.314 0.906359 6.60687 3.18382e-07 0.40663 0.00497512 2.35351e-05
ENSG00000105996.5 7 27142430 27142430 - 10 0 7_internal_12408 7 26713649 27242589 156 196.371 0.825493 12.6361 1.31895e-07 0.395032 0.00497512 8.33296e-07
ENSG00000253552.3 7 27147396 27147396 + 10 34531 7_internal_8130 7 27181927 27184901 156 168.629 0.935796 10.5794 0.000358334 0.288102 0.00497512 0.0033074
ENSG00000106004.4 7 27183287 27183287 - 9 0 7_internal_8130 7 27181927 27184901 156 164.745 1.0737 9.99619 3.60259e-12 0.511036 0.00497512 1.34365e-12
ENSG00000105997.16 7 27192200 27192200 - 9 0 7_internal_12408 7 26713649 27242589 156 141.649 1.00317 7.1839 2.70695e-05 0.33282 0.00497512 0.000446356
ENSG00000253187.2 7 27208238 27208238 + 9 -779592 7_internal_9253 7 26403839 26428646 156 152.496 1.04287 7.98537 0.0103735 0.19021 0.0746269 0.0767712
ENSG00000078399.11 7 27210117 27210117 - 9 0 7_internal_12408 7 26713649 27242589 156 145.9 1.03165 7.9447 0.00267408 0.239125 0.0149254 0.0255574
ENSG00000257184.2 7 27219632 27219632 - 9 34731 7_internal_8130 7 27181927 27184901 156 157.737 0.994959 8.40644 0.00482658 -0.224676 0.0447761 0.0386835
ENSG00000253293.3 7 27219880 27219880 - 9 0 7_internal_12408 7 26713649 27242589 156 148.55 0.973913 7.69395 0.00739339 0.200337 0.0895522 0.0724192
ENSG00000233830.2 7 27498468 27498468 - 8 313567 7_internal_8130 7 27181927 27184901 156 159.306 0.903998 7.27639 0.05353 -0.151093 0.353234 0.362904
ENSG00000106049.3 7 27702614 27702614 - 8 -529900 7_internal_9808 7 28232514 28371027 156 180.786 0.950365 8.09186 0.00385159 -0.224229 0.0248756 0.0187294
ENSG00000106052.8 7 27778950 27778950 + 8 453564 7_internal_9808 7 28232514 28371027 156 144.239 1.04823 7.99822 0.00407961 -0.223127 0.0348259 0.0382024
ENSG00000229893.1 7 27780014 27780014 - 8 -452500 7_internal_9808 7 28232514 28371027 156 161.957 0.993642 7.0269 0.09991 -0.131313 0.512438 0.501792
ENSG00000265382.1 7 27920106 27920106 + 8 14491 7_internal_13140 7 27934597 28840747 156 142.944 1.12188 6.91801 4.81568e-11 0.497072 0.00497512 1.78762e-10
ENSG00000206623.1 7 28157838 28157838 - 10 0 7_internal_13140 7 27934597 28840747 156 169.01 0.939312 10.5075 6.02782e-07 0.393765 0.00497512 4.85646e-06
ENSG00000234336.2 7 28219941 28219941 + 9 0 7_internal_13140 7 27934597 28840747 156 156.198 0.942177 8.43737 4.53855e-18 0.621978 0.00497512 3.32162e-16
ENSG00000153814.7 7 28220362 28220362 - 9 0 7_internal_13140 7 27934597 28840747 156 173.565 0.886641 10.4416 2.07451e-21 0.694784 0.00497512 3.96791e-20
ENSG00000146592.11 7 28338940 28338940 + 8 0 7_internal_13140 7 27934597 28840747 156 182.965 0.968958 8.84687 3.96961e-07 0.388036 0.00497512 5.62529e-07
ENSG00000176734.3 7 28997934 28997934 - 8 0 7_internal_10434 7 28447966 29190662 156 143.477 1.08447 6.90819 0.00633301 0.216729 0.0497512 0.0455298
ENSG00000255690.1 7 28998029 28998029 - 8 0 7_internal_10434 7 28447966 29190662 156 158.955 0.799283 6.94527 0.00736278 0.212963 0.114428 0.0911443
ENSG00000233517.1 7 29026644 29026644 + 8 966326 7_internal_10826 7 29992970 30029529 156 152.085 1.07023 7.93696 0.0228191 0.177823 0.179104 0.15528
ENSG00000228093.2 7 29040587 29040587 + 8 107713 7_internal_9060 7 29148300 29218982 156 153.288 0.868058 6.61552 0.00060201 0.276082 0.0199005 0.00945507
ENSG00000229452.1 7 29119900 29119900 + 8 28400 7_internal_9060 7 29148300 29218982 156 155.04 1.01966 7.14057 0.114105 0.124154 0.557214 0.574323
ENSG00000223052.1 7 29127927 29127927 - 8 287180 7_internal_13140 7 27934597 28840747 156 186.195 0.917731 9.94974 0.279529 0.0846961 0.945274 0.941737
ENSG00000106069.14 7 29161956 29161956 + 8 0 7_internal_10434 7 28447966 29190662 156 184.595 0.973826 8.75982 1.58615e-06 0.374305 0.00497512 2.21234e-06
ENSG00000106066.9 7 29235067 29235067 - 10 16085 7_internal_9060 7 29148300 29218982 156 158.62 1.00099 11.7837 2.46058e-10 0.483003 0.00497512 2.01126e-09
ENSG00000235669.1 7 29248586 29248586 - 10 57924 7_internal_10434 7 28447966 29190662 156 163.876 1.1674 12.4669 0.00955136 0.205153 0.0447761 0.059203
ENSG00000237065.1 7 29251916 29251916 + 10 -61254 7_internal_10434 7 28447966 29190662 156 153.334 0.953829 9.82646 0.00373645 0.232015 0.0348259 0.0460942
ENSG00000223813.1 7 29603286 29603286 - 11 412624 7_internal_10434 7 28447966 29190662 156 156.625 1.06848 10.631 0.00283381 0.242813 0.0199005 0.0222809
ENSG00000227855.2 7 29689843 29689843 + 11 -849096 7_internal_13140 7 27934597 28840747 156 132.783 1.11994 10.0522 0.0324768 -0.1733 0.358209 0.339661
ENSG00000212024.2 7 29720444 29720444 - 11 -488363 7_internal_9558 7 30208807 30219957 156 143.279 1.09447 10.4306 0.0611602 -0.15223 0.542289 0.503235
ENSG00000225264.2 7 29724871 29724871 - 11 -760484 7_internal_8795 7 30485355 30509707 156 145.504 1.13214 10.1349 0.287563 0.0853101 0.965174 0.96784
ENSG00000122574.6 7 29846102 29846102 + 10 146868 7_internal_10826 7 29992970 30029529 156 164.15 0.955678 10.1168 2.87569e-05 0.318337 0.00497512 0.000267588
ENSG00000227014.1 7 30028216 30028216 + 10 0 7_internal_10826 7 29992970 30029529 156 149.297 0.942189 9.04465 0.00148865 0.254805 0.0199005 0.0218651
ENSG00000136193.11 7 30029905 30029905 - 10 376 7_internal_10826 7 29992970 30029529 156 156.716 1.01728 9.80315 1.11578e-26 0.710524 0.00497512 3.07256e-26
ENSG00000106080.6 7 30066300 30066300 - 9 -142507 7_internal_9558 7 30208807 30219957 156 140.842 0.960766 6.69857 0.0930674 0.126775 0.562189 0.561593
ENSG00000106086.12 7 30067020 30067020 + 9 -876358 7_internal_10434 7 28447966 29190662 156 152.786 0.993689 9.14824 0.24847 -0.0879813 0.935323 0.931738
ENSG00000231519.1 7 30114731 30114731 - 9 -267232 7_internal_9976 7 30381963 30404581 156 149.876 0.956062 7.63984 0.144432 0.113087 0.726368 0.733067
ENSG00000180354.11 7 30174426 30174426 + 9 -250235 7_internal_9486 7 29845696 29924191 156 164.653 0.92999 9.31054 0.00686515 0.216363 0.0746269 0.0629816
ENSG00000230751.1 7 30180486 30180486 + 9 -150957 7_internal_10826 7 29992970 30029529 156 146.585 0.989941 7.78341 0.011646 0.206176 0.104478 0.110125
ENSG00000251660.1 7 30197147 30197147 + 8 -272956 7_internal_9486 7 29845696 29924191 156 151.293 1.06828 8.34103 0.0211938 0.186027 0.174129 0.15472
ENSG00000225907.1 7 30207420 30207420 + 8 1387 7_internal_9558 7 30208807 30219957 156 177.8 1.08591 10.2328 0.275713 0.0880906 0.935323 0.934257
ENSG00000227017.1 7 30218630 30218630 - 8 0 7_internal_9558 7 30208807 30219957 156 153.761 1.09367 8.22272 0.00276428 0.228878 0.0149254 0.0164283
ENSG00000180233.9 7 30323923 30323923 + 7 -103966 7_internal_9558 7 30208807 30219957 156 153.943 1.01928 7.64492 3.81019e-05 0.307825 0.00497512 0.000278844
ENSG00000207771.1 7 30329410 30329410 + 7 52553 7_internal_9976 7 30381963 30404581 156 140.689 1.12799 6.40069 0.102282 -0.134889 0.532338 0.506593
ENSG00000235859.4 7 30410987 30410987 + 6 -6406 7_internal_9976 7 30381963 30404581 156 167.578 1.01003 6.47827 0.00327012 -0.235375 0.0199005 0.0141363
ENSG00000106100.6 7 30518400 30518400 - 6 488871 7_internal_10826 7 29992970 30029529 156 161.621 0.956192 6.25144 0.110895 0.131449 0.517413 0.519195
ENSG00000244480.1 7 30564151 30564151 - 6 534622 7_internal_10826 7 29992970 30029529 156 143.965 1.00005 5.46508 0.110966 0.126148 0.547264 0.520305
ENSG00000264520.1 7 30565347 30565347 + 6 -358394 7_internal_9091 7 30184902 30206953 156 141.101 1.19388 7.03696 0.0804805 0.140089 0.462687 0.426065
ENSG00000226874.1 7 30583669 30583669 + 6 -554140 7_internal_10826 7 29992970 30029529 156 149.541 0.999996 5.47998 0.0368065 0.169407 0.19403 0.204756
ENSG00000263683.1 7 30589833 30589833 + 6 -369876 7_internal_9558 7 30208807 30219957 156 160.479 1.04391 7.38099 0.0223553 -0.184971 0.134328 0.128258
ENSG00000234133.2 7 30590397 30590397 - 6 370440 7_internal_9558 7 30208807 30219957 156 150.988 0.999951 5.04699 0.173034 -0.10947 0.631841 0.632996
ENSG00000006625.13 7 30591095 30591095 - 6 81388 7_internal_8795 7 30485355 30509707 156 159.245 1.05036 6.52928 0.146752 -0.118011 0.606965 0.613549
ENSG00000236455.2 7 30625588 30625588 - 6 596059 7_internal_10826 7 29992970 30029529 156 136.668 1.00001 5.2751 0.0668656 0.15024 0.39801 0.379029
ENSG00000106105.9 7 30634297 30634297 + 6 -427344 7_internal_9091 7 30184902 30206953 156 193.172 0.836029 6.4079 0.124257 0.115887 0.482587 0.522967
ENSG00000196295.5 7 30634425 30634425 - 6 604896 7_internal_10826 7 29992970 30029529 156 158.498 1.07805 6.6518 0.230628 0.097847 0.79602 0.799519
ENSG00000106113.14 7 30739745 30739745 - 7 532792 7_internal_9091 7 30184902 30206953 156 170.214 0.940853 8.10057 0.11194 -0.123764 0.557214 0.588137
ENSG00000254959.2 7 30791753 30791753 + 7 -387172 7_internal_9976 7 30381963 30404581 156 148.185 1.0327 7.16526 0.186528 0.1044 0.80597 0.78501
ENSG00000106125.14 7 30811033 30811033 + 7 -301326 7_internal_8795 7 30485355 30509707 156 158.285 1.03914 7.24798 0.149125 0.118498 0.671642 0.667204
ENSG00000250424.3 7 30893010 30893010 + 8 -968819 7_internal_9486 7 29845696 29924191 156 162.292 1.0984 9.00081 0.213722 0.100554 0.850746 0.852862
ENSG00000240583.6 7 30893010 30893010 + 8 -686057 7_internal_9091 7 30184902 30206953 156 151.216 0.989924 8.48717 0.013903 0.202128 0.154229 0.126859
ENSG00000106341.6 7 31726329 31726329 + 3 0 7_internal_10047 7 31726273 31736834 156 165.537 0.999967 3.27811 5.58859e-14 0.540266 0.00497512 3.15039e-14
ENSG00000106355.5 7 32534895 32534895 - 3 603754 7_internal_9233 7 31850129 31931141 156 209.884 0.999997 3.89821 0.0374254 0.164561 0.0696517 0.0599729
ENSG00000105778.13 7 32535038 32535038 + 3 0 7_internal_13309 7 32529183 32712135 156 162.322 1.00001 3.31231 0.0932553 0.131341 0.288557 0.259876
ENSG00000237004.2 7 32767742 32767742 + 3 -55607 7_internal_13309 7 32529183 32712135 156 147.575 0.999981 2.77121 0.00670057 -0.209692 0.0298507 0.0230162
ENSG00000229358.2 7 32801399 32801399 - 3 89264 7_internal_13309 7 32529183 32712135 156 145.793 0.999997 2.69623 0.000426763 -0.274997 0.00497512 0.00178054
ENSG00000231952.3 7 32852369 32852369 + 3 -140234 7_internal_13309 7 32529183 32712135 156 164.851 1.00002 2.96548 0.00394577 -0.225021 0.0199005 0.00899601
ENSG00000170852.6 7 32933743 32933743 - 2 -604914 7_internal_8809 7 33538657 33945151 156 134.063 1.00002 1.87416 0.206642 -0.0963298 0.39801 0.404812
ENSG00000205763.9 7 32982788 32982788 - 2 270653 7_internal_13309 7 32529183 32712135 156 172.499 1.00001 2.16416 0.250501 -0.0908307 0.432836 0.426926
ENSG00000122642.6 7 32997017 32997017 + 2 541640 7_internal_8809 7 33538657 33945151 156 156.777 1.00002 2.01946 0.110464 0.12917 0.21393 0.20893
ENSG00000237059.1 7 33055671 33055671 + 2 482986 7_internal_8809 7 33538657 33945151 156 163.663 0.999979 1.85224 0.277088 0.0868178 0.432836 0.435439
ENSG00000229054.1 7 33075994 33075994 - 2 363859 7_internal_13309 7 32529183 32712135 156 166.512 1 1.99992 0.00738362 -0.220222 0.0248756 0.0112445
ENSG00000241420.2 7 33085702 33085702 - 2 373567 7_internal_13309 7 32529183 32712135 156 181.03 1 2.15894 0.698919 -0.0302153 0.920398 0.912743
ENSG00000122643.13 7 33102409 33102409 - 2 390274 7_internal_13309 7 32529183 32712135 156 145.077 0.999966 1.8806 0.574342 -0.0441187 0.825871 0.811397
ENSG00000164610.4 7 33149013 33149013 - 2 -389644 7_internal_8809 7 33538657 33945151 156 138.267 0.999997 1.76509 0.134586 0.123493 0.258706 0.263392
ENSG00000122507.16 7 33168856 33168856 + 2 369801 7_internal_8809 7 33538657 33945151 156 160.189 0.999964 1.96947 0.0109565 0.203054 0.0199005 0.0194729
ENSG00000224946.1 7 33316703 33316703 - 2 604568 7_internal_13309 7 32529183 32712135 156 194.116 0.999977 2.61476 0.633646 0.0381436 0.910448 0.905814
ENSG00000238090.1 7 33419576 33419576 + 2 119081 7_internal_8809 7 33538657 33945151 156 184.747 0.999986 2.28823 0.0327237 0.171319 0.079602 0.0454008
ENSG00000173862.3 7 33765593 33765593 + 1 0 7_internal_8809 7 33538657 33945151 156 144.376 1.00003 0.993819 0.831478 -0.0170243 0.825871 0.83597
ENSG00000173852.9 7 35077883 35077883 - 1 -944263 7_internal_9035 7 36022146 36167409 156 147.484 0.999975 0.93829 0.316466 0.0797659 0.323383 0.313333
ENSG00000189212.8 7 35225934 35225934 - 4 -917406 7_internal_9776 7 36143340 36147050 156 179.781 1.00004 4.47993 0.71538 0.0295195 0.995025 0.995134
ENSG00000122557.4 7 35734745 35734745 - 8 -494910 7_internal_8839 7 36229655 36328552 156 178.014 1.06307 12.9022 0.0678337 -0.148939 0.462687 0.462053
ENSG00000227544.2 7 35756055 35756055 + 8 800127 7_internal_11763 7 36556182 36648286 156 164.607 1.01899 9.74637 0.042215 0.16233 0.303483 0.298292
ENSG00000228878.2 7 35840226 35840226 - 10 -389429 7_internal_8839 7 36229655 36328552 156 156.107 1.00178 10.024 0.0480085 0.154414 0.39801 0.387979
ENSG00000122545.12 7 35840542 35840542 + 10 314182 7_internal_8957 7 36154724 36190142 156 170.305 0.987765 11.8836 0.0638663 -0.144597 0.497512 0.48103
ENSG00000221156.1 7 35882499 35882499 + 10 308843 7_internal_9407 7 36191342 36315683 156 160.997 0.899124 9.47965 0.0815364 0.140965 0.577114 0.578228
ENSG00000226102.2 7 35985904 35985904 + 11 770630 7_internal_8814 7 36756534 36822186 156 172.621 1.02839 13.6079 0.0418333 0.159737 0.358209 0.346703
ENSG00000122547.6 7 36192758 36192758 + 13 0 7_internal_9407 7 36191342 36315683 156 155.223 0.988876 11.1632 0.0014767 0.234026 0.0199005 0.0176673
ENSG00000228770.1 7 36268493 36268493 - 13 78351 7_internal_8957 7 36154724 36190142 156 160.951 0.971079 13.0394 0.0237939 0.173759 0.278607 0.261049
ENSG00000229679.1 7 36270716 36270716 - 13 -702144 7_internal_10088 7 36972860 36991799 156 166.603 1.03011 15.242 0.0323931 0.172098 0.303483 0.327356
ENSG00000234457.1 7 36345240 36345240 + 14 -87110 7_internal_9809 7 36240451 36258130 156 175.013 0.956239 17.1183 0.00611263 0.214598 0.0696517 0.0702161
ENSG00000260070.1 7 36359384 36359384 + 14 -101254 7_internal_9809 7 36240451 36258130 156 147.53 1.11171 14.5336 0.0670839 0.143523 0.666667 0.634345
ENSG00000011426.6 7 36429415 36429415 + 14 -113732 7_internal_9407 7 36191342 36315683 156 154.339 1.02432 14.181 0.00526544 0.22418 0.0646766 0.070168
ENSG00000164542.8 7 36429734 36429734 - 14 171604 7_internal_9809 7 36240451 36258130 156 167.776 0.802769 11.2166 0.00488455 0.230392 0.0845771 0.0781223
ENSG00000237400.1 7 36502632 36502632 + 14 470228 7_internal_10088 7 36972860 36991799 156 148.139 0.946759 13.3908 0.00486717 -0.225913 0.0895522 0.0914592
ENSG00000230539.1 7 36639726 36639726 - 14 0 7_internal_13273 7 36552825 36791065 156 139.943 1.14103 12.7732 0.000425867 0.276736 0.00497512 0.00536155
ENSG00000221561.1 7 36681849 36681849 - 14 0 7_internal_13273 7 36552825 36791065 156 138.572 1.08596 11.4688 0.0070151 0.211039 0.104478 0.0966944
ENSG00000136250.7 7 36764154 36764154 - 16 0 7_internal_13273 7 36552825 36791065 156 142.213 1.08814 14.8681 0.000496462 0.285219 0.0149254 0.00860758
ENSG00000229424.1 7 36790292 36790292 + 17 -622883 7_internal_9035 7 36022146 36167409 156 152.481 1.06445 13.9019 0.0158745 -0.195511 0.189055 0.188768
ENSG00000235728.1 7 36820613 36820613 + 17 0 7_internal_8622 7 36756384 36821823 156 147.073 1.07792 15.5572 0.05157 0.15919 0.577114 0.576762
ENSG00000225739.1 7 36858564 36858564 + 17 -67499 7_internal_13273 7 36552825 36791065 156 144.529 1.069 15.9554 0.00388448 -0.228862 0.0597015 0.0685488
ENSG00000230831.1 7 36878577 36878577 + 17 823284 7_internal_9171 7 37701861 37775372 156 167.639 1.01469 22.0565 0.0559126 0.154725 0.626866 0.652026
ENSG00000221325.1 7 36959037 36959037 - 18 -742824 7_internal_9171 7 37701861 37775372 156 157.798 0.960895 15.2947 0.00819503 0.205519 0.119403 0.125114
ENSG00000224101.1 7 37037401 37037401 + 19 246484 7_internal_12638 7 37283885 37489867 156 157.356 0.983462 18.5743 0.000624623 0.269125 0.0149254 0.0118496
ENSG00000221157.1 7 37145215 37145215 - 19 977806 7_internal_9035 7 36022146 36167409 156 161.561 1.05113 22.586 0.00622151 -0.213596 0.109453 0.100368
ENSG00000224706.1 7 37156384 37156384 + 18 127501 7_internal_12638 7 37283885 37489867 156 159.321 0.992146 18.013 0.0222455 0.183891 0.298507 0.319656
ENSG00000238772.1 7 37209384 37209384 - 17 -74501 7_internal_12638 7 37283885 37489867 156 150.805 0.957049 13.7459 9.98159e-06 0.357262 0.00995025 0.000283252
