ENSG00000101557.9 18 158383 158383 + 6 0 18_internal_4606 18 157976 343723 156 138.465 0.999992 5.04579 0.316397 0.0774868 0.905473 0.882042
ENSG00000079134.7 18 268050 268050 - 6 0 18_internal_4606 18 157976 343723 156 164.76 0.958151 6.09201 0.0017154 0.243412 0.00995025 0.00958608
ENSG00000263884.1 18 268148 268148 + 6 163736 18_internal_4293 18 431884 459186 156 139.577 1.00005 4.35026 0.0900261 0.134758 0.39801 0.394348
ENSG00000158270.10 18 500722 500722 - 6 41536 18_internal_4293 18 431884 459186 156 174.586 0.946614 5.60811 2.5197e-13 0.546069 0.00497512 2.83328e-13
ENSG00000176890.11 18 657604 657604 + 6 248929 18_internal_4926 18 906533 2181464 156 145.412 0.999969 4.63196 0.0644717 -0.148822 0.288557 0.300618
ENSG00000265490.1 18 706523 706523 + 6 -258322 18_internal_3400 18 409732 448201 156 147.758 1.00004 4.70265 0.337243 0.0778252 0.870647 0.86847
ENSG00000132199.12 18 712676 712676 - 6 368953 18_internal_4606 18 157976 343723 156 131.32 1.00004 4.47051 0.115935 0.127309 0.487562 0.514679
ENSG00000176105.9 18 812547 812547 - 6 353361 18_internal_4293 18 431884 459186 156 173.763 0.965823 5.78717 0.25603 0.0921704 0.766169 0.790378
ENSG00000266783.1 18 2562219 2562219 - 5 380755 18_internal_4926 18 906533 2181464 156 150.531 1.00006 4.5583 0.180353 -0.110599 0.651741 0.613411
ENSG00000101574.9 18 2571508 2571508 - 5 -456902 18_internal_3933 18 3028410 3049444 156 151.689 1.03198 5.67332 0.289569 -0.0836346 0.865672 0.857436
ENSG00000080986.7 18 2571510 2571510 + 5 273256 18_internal_3523 18 2844766 2899447 156 160.464 0.999973 5.06024 0.0734742 0.139794 0.328358 0.305341
ENSG00000266405.2 18 2655394 2655394 - 7 -937123 18_internal_3229 18 3592517 3607799 156 158.605 1.08602 7.67715 0.0655242 0.145021 0.378109 0.355736
ENSG00000101596.9 18 2655737 2655737 + 7 936780 18_internal_3229 18 3592517 3607799 156 130.802 1.09301 6.14142 0.0632203 0.149409 0.432836 0.394107
ENSG00000238425.1 18 2774872 2774872 + 8 -593408 18_internal_4926 18 906533 2181464 156 184.717 0.990271 10.7377 0.22402 -0.098153 0.905473 0.891543
ENSG00000207034.1 18 2778939 2778939 + 8 175308 18_internal_4695 18 2954247 3064091 156 143.477 0.961623 7.31219 0.0576529 0.151436 0.40796 0.424129
ENSG00000266049.1 18 2833063 2833063 - 8 109035 18_internal_3278 18 2657072 2724028 156 196.782 0.87272 11.6928 0.00871059 0.208424 0.0447761 0.0585557
ENSG00000132205.6 18 2847028 2847028 + 8 181382 18_internal_3933 18 3028410 3049444 156 180.771 0.881426 8.63139 0.0133032 -0.197106 0.0945274 0.0926589
ENSG00000263606.1 18 2946888 2946888 - 8 -7359 18_internal_4695 18 2954247 3064091 156 173.352 1.00403 9.90848 0.0160002 0.191109 0.124378 0.103545
ENSG00000265907.1 18 2948236 2948236 + 8 6011 18_internal_4695 18 2954247 3064091 156 141.375 1.08835 7.62256 2.75075e-05 0.319284 0.00497512 0.000247616
ENSG00000266397.1 18 2967016 2967016 + 8 0 18_internal_4695 18 2954247 3064091 156 144.727 1.02685 7.51955 0.000528245 0.278639 0.00497512 0.00546977
ENSG00000264186.1 18 2990650 2990650 + 8 0 18_internal_4695 18 2954247 3064091 156 183.711 1.00992 9.04687 0.188912 0.105143 0.776119 0.776414
ENSG00000101577.5 18 3013313 3013313 - 8 0 18_internal_4695 18 2954247 3064091 156 150.363 1.06518 8.54427 3.41886e-09 0.440632 0.00497512 1.83906e-08
ENSG00000265399.1 18 3190395 3190395 + 7 -140951 18_internal_3933 18 3028410 3049444 156 148.566 1.1382 7.81593 0.248801 0.0938845 0.875622 0.883385
ENSG00000101605.8 18 3220106 3220106 - 7 156015 18_internal_4695 18 2954247 3064091 156 160.281 1.05626 7.61427 0.035587 0.161944 0.238806 0.204498
ENSG00000101608.6 18 3247479 3247479 + 7 -523451 18_internal_3278 18 2657072 2724028 156 141.756 1.09343 6.91122 0.0646622 0.151808 0.432836 0.388249
ENSG00000264235.1 18 3261848 3261848 - 7 -330231 18_internal_3319 18 3592079 3666772 156 137.582 1.18117 8.21213 0.248982 0.0955276 0.885572 0.90949
ENSG00000118680.8 18 3261907 3261907 + 7 -197816 18_internal_4695 18 2954247 3064091 156 183.071 1.11222 9.63537 0.178782 0.109632 0.751244 0.745195
ENSG00000177426.15 18 3411606 3411606 + 7 180473 18_internal_3319 18 3592079 3666772 156 150.394 0.954278 6.42246 0.169296 0.103304 0.701493 0.730129
ENSG00000266835.1 18 3466248 3466248 + 7 -402157 18_internal_4695 18 2954247 3064091 156 154.355 1.07648 7.33697 0.139266 0.118894 0.661692 0.644041
ENSG00000177337.3 18 3593730 3593730 + 7 0 18_internal_3319 18 3592079 3666772 156 147.789 1.14647 7.61299 1.12543e-06 0.370767 0.00497512 3.08756e-06
ENSG00000262001.1 18 3602998 3602998 + 7 0 18_internal_3319 18 3592079 3666772 156 133.499 1.023 5.7935 0.0046039 0.222464 0.0597015 0.0461325
ENSG00000263724.1 18 3878180 3878180 + 6 -814089 18_internal_4695 18 2954247 3064091 156 134.565 1.00002 4.5415 0.292555 -0.0815736 0.850746 0.836025
ENSG00000170579.9 18 4455335 4455335 - 3 847536 18_internal_3229 18 3592517 3607799 156 140.674 1.00001 2.57401 0.102061 0.127387 0.293532 0.281635
ENSG00000263753.1 18 5232875 5232875 + 1 228028 18_internal_4641 18 5460903 5517538 156 192.486 1.00002 1.15073 0.0638986 0.145742 0.0248756 0.0453269
ENSG00000265091.1 18 5238525 5238525 - 1 -222378 18_internal_4641 18 5460903 5517538 156 160.753 1 1.01609 0.87629 0.0129925 0.855721 0.878551
ENSG00000264575.1 18 5238597 5238597 - 1 -222306 18_internal_4641 18 5460903 5517538 156 162.353 0.999967 1.03372 0.283399 0.0875439 0.303483 0.281579
ENSG00000265188.1 18 5241166 5241166 - 1 -219737 18_internal_4641 18 5460903 5517538 156 140.735 0.99998 1.07788 0.565221 0.0459557 0.631841 0.612444
ENSG00000198081.6 18 5297052 5297052 - 1 -163851 18_internal_4641 18 5460903 5517538 156 144.879 1.00003 0.971649 0.58895 0.0419257 0.562189 0.592049
ENSG00000266288.1 18 5385329 5385329 - 1 -75574 18_internal_4641 18 5460903 5517538 156 191.557 0.999976 1.01702 1.61034e-05 0.330455 0.00497512 1.77663e-06
ENSG00000265316.1 18 5463626 5463626 + 2 0 18_internal_4641 18 5460903 5517538 156 163.267 0.999965 2.12114 1.96669e-06 0.344185 0.00497512 2.40824e-06
ENSG00000082397.11 18 5630699 5630699 - 2 113161 18_internal_4641 18 5460903 5517538 156 143.843 1.00005 1.87182 2.73141e-09 0.451044 0.00497512 2.11547e-08
ENSG00000265487.1 18 5956100 5956100 + 3 443379 18_internal_3616 18 6399479 6415609 156 148.916 1.00003 2.6716 1.36278e-11 0.523477 0.00497512 1.05412e-10
ENSG00000266846.1 18 6025090 6025090 + 3 374389 18_internal_3616 18 6399479 6415609 156 136.729 0.999961 2.88978 4.95938e-14 0.567066 0.00497512 5.14547e-12
ENSG00000264707.1 18 6256746 6256746 + 3 142733 18_internal_3616 18 6399479 6415609 156 145.29 1.00003 3.28539 5.78013e-22 0.710387 0.00497512 4.79594e-20
ENSG00000154655.10 18 6415236 6415236 - 4 0 18_internal_3616 18 6399479 6415609 156 145.702 1.00001 4.43234 4.71416e-34 0.819004 0.00497512 2.90125e-31
ENSG00000235552.4 18 6463014 6463014 - 4 945476 18_internal_4641 18 5460903 5517538 156 173.2 1.00005 4.23767 0.0329959 -0.163543 0.0945274 0.100325
ENSG00000173482.12 18 7566780 7566780 + 2 -195395 18_internal_3413 18 7272268 7371385 156 170.564 1.00003 2.12925 5.97455e-05 0.312992 0.00497512 5.74299e-05
ENSG00000206418.3 18 8609443 8609443 + 3 985038 18_internal_3225 18 9594481 9606420 156 178.41 1.00003 3.25815 0.807061 0.0198453 1 0.994178
ENSG00000266708.1 18 8636345 8636345 - 4 -978508 18_internal_4304 18 9614853 9674642 156 137.505 0.999958 3.3634 0.256433 -0.0920405 0.676617 0.679124
ENSG00000168502.13 18 8705659 8705659 + 4 38141 18_internal_3719 18 8743800 8963552 156 167.989 0.999993 4.58683 0.000542675 0.262663 0.00497512 0.00151817
ENSG00000178127.8 18 9102628 9102628 + 10 377533 18_internal_4650 18 9480161 9498393 156 200.256 0.827024 12.9709 0.238064 0.0959289 0.955224 0.945867
ENSG00000265257.1 18 9102734 9102734 + 10 719860 18_internal_3036 18 9822594 9858498 156 172.529 0.93046 9.54359 0.0577278 -0.160209 0.383085 0.395253
ENSG00000263847.1 18 9115875 9115875 - 11 -592969 18_internal_3056 18 9708844 9784511 156 164.227 0.872146 10.2221 0.26965 -0.0859326 0.965174 0.96258
ENSG00000101745.10 18 9136226 9136226 + 11 -172674 18_internal_3719 18 8743800 8963552 156 157.996 1.0329 11.5209 0.00814307 0.206466 0.0945274 0.0780715
ENSG00000266053.1 18 9136643 9136643 - 11 -685951 18_internal_3036 18 9822594 9858498 156 157.127 1.07002 10.2655 0.013035 0.193834 0.119403 0.103589
ENSG00000200883.1 18 9249744 9249744 - 11 -344737 18_internal_3225 18 9594481 9606420 156 150.211 1.05231 11.0901 0.0505547 0.155669 0.447761 0.441874
ENSG00000207092.1 18 9250108 9250108 + 11 468443 18_internal_3986 18 9718551 9864351 156 155.33 0.944615 9.56919 0.0857773 0.133112 0.572139 0.60361
ENSG00000239087.1 18 9277977 9277977 + 11 -314425 18_internal_3719 18 8743800 8963552 156 144.788 0.953721 8.66599 0.0365482 0.165743 0.353234 0.344704
ENSG00000128791.7 18 9334765 9334765 + 11 487829 18_internal_3036 18 9822594 9858498 156 159.93 0.940753 10.5339 0.0353743 0.171521 0.318408 0.326465
ENSG00000017797.7 18 9475007 9475007 + 11 5154 18_internal_4650 18 9480161 9498393 156 158.559 0.873698 9.49047 2.4001e-12 0.529971 0.00497512 3.66197e-10
ENSG00000266805.1 18 9506240 9506240 + 11 -7847 18_internal_4650 18 9480161 9498393 156 165.186 1.00148 11.3407 5.08502e-06 0.348448 0.00497512 2.98952e-05
ENSG00000251994.1 18 9518258 9518258 - 11 -497819 18_internal_4791 18 10016077 10380491 156 162.505 0.880238 11.805 0.0169957 -0.188752 0.179104 0.208874
ENSG00000266541.1 18 9587384 9587384 + 11 428693 18_internal_4791 18 10016077 10380491 156 166.816 1.0029 11.809 0.0273315 0.171083 0.233831 0.234241
ENSG00000154845.11 18 9615238 9615238 - 12 0 18_internal_4304 18 9614853 9674642 156 143.371 1.05587 11.7218 1.02842e-06 0.377203 0.00497512 1.81661e-05
ENSG00000263627.1 18 9615262 9615262 + 12 155007 18_internal_3431 18 9770269 9788136 156 156.838 1.06875 12.2533 0.0019855 0.244206 0.0348259 0.0175908
ENSG00000168461.7 18 9708162 9708162 + 13 682 18_internal_3056 18 9708844 9784511 156 159.87 0.953837 12.0293 0.000812186 0.271569 0.0149254 0.010622
ENSG00000266891.1 18 9735599 9735599 - 13 -34670 18_internal_3431 18 9770269 9788136 156 174.708 0.981877 13.9893 4.21794e-11 0.485288 0.00497512 6.33743e-11
ENSG00000266127.1 18 9785105 9785105 + 13 0 18_internal_3431 18 9770269 9788136 156 159.473 0.962696 12.3693 4.51124e-07 0.400661 0.00497512 6.69015e-06
ENSG00000242651.2 18 9830624 9830624 - 13 42488 18_internal_3431 18 9770269 9788136 156 160.007 0.961539 13.4627 0.00929035 0.206682 0.104478 0.118902
ENSG00000252680.1 18 9844843 9844843 - 13 -265448 18_internal_3966 18 10110291 10132854 156 161.18 0.976489 14.5321 0.0387602 0.171615 0.412935 0.421364
ENSG00000168454.9 18 9885763 9885763 + 13 -97627 18_internal_3431 18 9770269 9788136 156 162.886 1.03891 12.3383 0.107705 0.130487 0.706468 0.714614
ENSG00000101558.9 18 9913999 9913999 + 13 -125863 18_internal_3431 18 9770269 9788136 156 154.888 1.05618 12.6277 1.84342e-09 0.442603 0.00497512 9.75407e-09
ENSG00000223138.1 18 9923917 9923917 + 13 -59566 18_internal_3986 18 9718551 9864351 156 161.012 0.98546 12.7453 0.00866871 -0.203269 0.114428 0.0971029
ENSG00000154856.7 18 10454625 10454625 + 12 -74134 18_internal_4791 18 10016077 10380491 156 162.901 1.0083 11.8675 1.66863e-12 0.521751 0.00497512 5.16501e-12
ENSG00000134265.7 18 10525902 10525902 + 11 -851260 18_internal_4304 18 9614853 9674642 156 148.063 1.01047 9.80757 9.57006e-05 0.301232 0.00497512 0.00131689
ENSG00000141404.9 18 11688955 11688955 + 7 247697 18_internal_3386 18 11936652 11998764 156 159.336 0.980917 6.4936 0.226734 0.0968751 0.810945 0.808889
ENSG00000255112.2 18 11851395 11851395 + 6 85257 18_internal_3386 18 11936652 11998764 156 155.086 0.973997 6.22612 0.304204 0.0845396 0.910448 0.900923
ENSG00000267165.1 18 11852750 11852750 - 6 -742581 18_internal_4084 18 12595331 12608401 156 148.901 0.999942 5.18964 0.293388 -0.0865136 0.835821 0.848307
ENSG00000154889.12 18 11909222 11909222 - 6 -686109 18_internal_4084 18 12595331 12608401 156 165.933 0.937747 5.44691 0.382814 -0.0686291 0.930348 0.925812
ENSG00000141401.7 18 11981024 11981024 + 6 0 18_internal_4803 18 11851833 11999023 156 160.814 0.948267 5.50017 0.0238095 0.180828 0.139303 0.129393
ENSG00000266955.1 18 11994937 11994937 - 6 75041 18_internal_3199 18 11880530 11919896 156 164.882 1.00002 6.39335 0.207385 0.100741 0.721393 0.749871
ENSG00000267480.1 18 12032180 12032180 - 7 33416 18_internal_3386 18 11936652 11998764 156 148.185 1.06829 7.19185 0.0106962 0.202009 0.0497512 0.0735802
ENSG00000176014.8 18 12307668 12307668 + 8 287663 18_internal_4084 18 12595331 12608401 156 144.544 1.07199 6.93743 0.00135188 0.239449 0.0149254 0.0100759
ENSG00000141385.5 18 12377313 12377313 - 9 -218018 18_internal_4084 18 12595331 12608401 156 133.286 0.999583 7.2965 0.0159287 0.180315 0.189055 0.174472
ENSG00000141391.9 18 12407895 12407895 + 9 187436 18_internal_4084 18 12595331 12608401 156 153.273 1.03822 8.71637 0.053327 0.156633 0.39801 0.374096
ENSG00000267199.1 18 12438889 12438889 + 9 156442 18_internal_4084 18 12595331 12608401 156 134.55 1.10246 7.62495 2.41571e-16 0.583961 0.00497512 9.83472e-15
ENSG00000267515.1 18 12450446 12450446 + 9 144885 18_internal_4084 18 12595331 12608401 156 164.912 1.03494 11.1993 0.00101284 0.24093 0.00497512 0.00674815
ENSG00000134278.10 18 12658133 12658133 - 10 49732 18_internal_4084 18 12595331 12608401 156 150.927 0.987581 9.92634 2.93628e-17 0.598281 0.00497512 1.46493e-15
ENSG00000267411.1 18 12658709 12658709 + 10 -738813 18_internal_3199 18 11880530 11919896 156 163.45 0.952026 11.2012 0.0887194 -0.132095 0.631841 0.634275
ENSG00000267249.1 18 12671144 12671144 - 10 672121 18_internal_4803 18 11851833 11999023 156 156.503 0.863298 8.47642 0.0182669 0.187495 0.208955 0.194618
ENSG00000128789.15 18 12702425 12702425 + 10 -782529 18_internal_3199 18 11880530 11919896 156 147.316 1.15714 9.47278 0.0731752 -0.136603 0.507463 0.485312
ENSG00000101624.6 18 12702776 12702776 - 10 703753 18_internal_4803 18 11851833 11999023 156 147.454 1.17095 9.55818 0.226874 0.100355 0.895522 0.90496
ENSG00000175354.13 18 12929642 12929642 - 8 -539574 18_internal_4403 18 13469216 13616631 156 181.441 0.917535 9.76901 0.11847 0.118462 0.626866 0.646423
ENSG00000085415.11 18 12947132 12947132 + 8 -948368 18_internal_3386 18 11936652 11998764 156 198.504 0.936228 11.7474 0.0394612 0.170133 0.21393 0.239339
ENSG00000266969.1 18 12991172 12991172 - 8 992408 18_internal_3386 18 11936652 11998764 156 154.461 0.965686 7.14895 0.00285183 0.239439 0.0248756 0.0244815
ENSG00000101639.13 18 12991361 12991361 + 8 12149 18_internal_4556 18 13003510 13007886 156 149.266 1.01527 8.01827 0.0334631 0.172158 0.238806 0.257642
ENSG00000168675.13 18 13217497 13217497 + 5 251719 18_internal_4403 18 13469216 13616631 156 155.741 0.999996 5.12252 0.000696595 0.257674 0.00497512 0.00360013
ENSG00000267177.1 18 13236469 13236469 - 5 -232747 18_internal_4403 18 13469216 13616631 156 148.855 1.00006 4.7256 0.26603 0.0891904 0.80597 0.784465
ENSG00000267393.1 18 13366242 13366242 - 5 358356 18_internal_4556 18 13003510 13007886 156 149.266 1.00001 4.8337 0.244634 -0.091618 0.751244 0.759163
ENSG00000267690.1 18 13427479 13427479 - 5 -41737 18_internal_4403 18 13469216 13616631 156 134.794 1.00001 3.69088 0.000576062 0.274439 0.00497512 0.00507474
ENSG00000266146.1 18 13459946 13459946 + 5 -851545 18_internal_4084 18 12595331 12608401 156 152.664 1.00002 4.98184 0.0787465 -0.135946 0.358209 0.347122
ENSG00000267694.1 18 13470822 13470822 - 5 91403 18_internal_4253 18 13352696 13379419 156 169.848 1 5.08589 0.120871 0.124244 0.457711 0.432813
ENSG00000267529.1 18 13472708 13472708 - 5 204589 18_internal_3406 18 13260981 13268119 156 132.448 0.999941 4.00796 0.137507 -0.124257 0.527363 0.529102
ENSG00000267702.1 18 13486461 13486461 + 5 -107042 18_internal_4253 18 13352696 13379419 156 154.385 0.999975 4.75887 0.144081 0.113847 0.547264 0.52862
ENSG00000267366.1 18 13501288 13501288 - 5 233169 18_internal_3406 18 13260981 13268119 156 178.41 0.999975 5.44553 0.0690691 0.144938 0.263682 0.251605
ENSG00000267136.1 18 13522887 13522887 - 5 143468 18_internal_4253 18 13352696 13379419 156 140.4 1.00001 4.70209 0.0254784 0.173871 0.129353 0.150467
ENSG00000267503.1 18 13565034 13565034 - 5 0 18_internal_4403 18 13469216 13616631 156 131.732 1.00003 4.41652 4.06055e-05 0.305505 0.00497512 0.000720083
ENSG00000263527.1 18 13611113 13611113 + 4 0 18_internal_4403 18 13469216 13616631 156 162.52 1.00003 4.08245 0.271849 0.0876972 0.731343 0.710732
ENSG00000266954.1 18 13645684 13645684 - 4 637798 18_internal_4556 18 13003510 13007886 156 168.005 0.99999 4.83347 0.126209 -0.115096 0.427861 0.438278
ENSG00000266606.1 18 13665114 13665114 + 4 -396995 18_internal_3406 18 13260981 13268119 156 155.284 0.99996 4.05469 0.0435327 -0.158152 0.159204 0.166855
ENSG00000242707.2 18 13715367 13715367 - 4 335948 18_internal_4253 18 13352696 13379419 156 140.278 1.00001 3.61656 0.0886282 -0.131061 0.333333 0.334413
ENSG00000101654.13 18 13726659 13726659 + 4 -347240 18_internal_4253 18 13352696 13379419 156 140.019 0.999938 3.80497 0.110744 0.124807 0.41791 0.41359
ENSG00000177150.8 18 13726662 13726662 - 4 347243 18_internal_4253 18 13352696 13379419 156 162.094 1.00002 4.18745 0.374811 0.0695225 0.865672 0.851278
ENSG00000267756.1 18 14075740 14075740 - 3 696321 18_internal_4253 18 13352696 13379419 156 160.494 0.999997 3.22441 0.195619 -0.105535 0.497512 0.491659
ENSG00000267356.1 18 14104541 14104541 + 3 -725122 18_internal_4253 18 13352696 13379419 156 142.335 1.00002 2.87698 0.0707212 0.144084 0.218905 0.223913
ENSG00000175322.6 18 14132489 14132489 - 3 753070 18_internal_4253 18 13352696 13379419 156 142.716 1.00003 2.5855 0.122567 0.127902 0.348259 0.322422
ENSG00000186481.10 18 14179096 14179096 + 3 -910977 18_internal_3406 18 13260981 13268119 156 152.542 1.00001 2.80842 0.0752961 -0.141672 0.208955 0.205423
ENSG00000260263.1 18 18528428 18528428 - 2 -729730 18_internal_3755 18 19258158 19283836 156 181.898 1.00001 1.93711 0.141858 0.120464 0.218905 0.206616
ENSG00000216205.1 18 18642434 18642434 - 2 -615724 18_internal_3755 18 19258158 19283836 156 145.123 0.999978 2.20541 0.272358 0.0896689 0.562189 0.529861
ENSG00000067900.5 18 18691812 18691812 - 2 1247 18_internal_3270 18 18627746 18690565 156 161.286 0.999959 2.22451 0.104718 0.133576 0.218905 0.206983
ENSG00000141449.9 18 18822203 18822203 + 2 -131638 18_internal_3270 18 18627746 18690565 156 133.453 0.999978 1.99659 0.525828 0.0509635 0.79602 0.803631
ENSG00000141446.6 18 19180845 19180845 - 3 490280 18_internal_3270 18 18627746 18690565 156 135.982 1.00006 2.88635 0.201809 0.101488 0.552239 0.535795
ENSG00000167088.5 18 19192228 19192228 + 3 65930 18_internal_3755 18 19258158 19283836 156 174.464 1.00002 3.21146 0.104486 -0.129119 0.253731 0.250687
ENSG00000263350.1 18 19210099 19210099 + 3 -519534 18_internal_3270 18 18627746 18690565 156 129.188 0.999983 2.54262 0.00998153 -0.198997 0.039801 0.0478196
ENSG00000264188.1 18 19242356 19242356 - 3 551791 18_internal_3270 18 18627746 18690565 156 150.851 1.00004 2.84021 0.0232407 0.180515 0.0646766 0.0711203
ENSG00000265656.1 18 19253589 19253589 + 3 4569 18_internal_3755 18 19258158 19283836 156 146.966 1.00005 2.7581 0.0832845 0.141318 0.208955 0.235516
ENSG00000221493.1 18 19263471 19263471 + 3 -572906 18_internal_3270 18 18627746 18690565 156 165.415 0.999957 3.74061 0.5528 -0.0483769 0.945274 0.94569
ENSG00000158201.5 18 19284766 19284766 - 3 930 18_internal_3755 18 19258158 19283836 156 170.138 1.00001 3.23365 1.58616e-07 0.411397 0.00497512 1.41166e-07
ENSG00000101752.7 18 19284918 19284918 + 3 579976 18_internal_3268 18 19864894 19905920 156 170.366 0.99996 3.00289 0.212974 0.102144 0.462687 0.474831
ENSG00000264183.1 18 19356839 19356839 + 3 -666274 18_internal_3270 18 18627746 18690565 156 134.87 0.999981 2.78462 0.464263 0.0597201 0.845771 0.851875
ENSG00000242971.2 18 19373844 19373844 + 3 -683279 18_internal_3270 18 18627746 18690565 156 155.497 0.999968 3.04207 0.263263 -0.0915383 0.60199 0.606491
ENSG00000199977.1 18 19397585 19397585 + 3 -707020 18_internal_3270 18 18627746 18690565 156 142.426 0.999993 2.64551 0.229219 0.0895869 0.537313 0.533957
ENSG00000207786.1 18 19405746 19405746 - 3 -459148 18_internal_3268 18 19864894 19905920 156 134.139 0.999954 2.45955 0.722212 0.028176 0.985075 0.964194
ENSG00000207694.1 18 19409049 19409049 - 3 -455845 18_internal_3268 18 19864894 19905920 156 169.071 0.999991 3.38395 0.0625747 -0.152622 0.174129 0.166855
ENSG00000265142.1 18 19411371 19411371 - 3 -453523 18_internal_3268 18 19864894 19905920 156 149.754 1.00001 3.20204 0.0221958 0.182131 0.0995025 0.0780258
ENSG00000243303.1 18 19434948 19434948 - 3 -429946 18_internal_3268 18 19864894 19905920 156 182.386 1.00002 3.0586 0.143018 0.113638 0.278607 0.307457
ENSG00000101773.12 18 20378224 20378224 + 5 794844 18_internal_4256 18 21173068 21177267 156 156.686 0.999955 4.77386 0.186478 0.107076 0.631841 0.624544
ENSG00000265939.1 18 20480958 20480958 - 5 -165999 18_internal_3210 18 20646957 20672774 156 137.582 1.00001 4.18992 0.0673158 -0.140114 0.318408 0.313405
ENSG00000266850.1 18 20487684 20487684 - 5 -685384 18_internal_4256 18 21173068 21177267 156 171.63 0.989467 5.57236 0.0273404 0.171259 0.104478 0.112567
ENSG00000264817.1 18 20513312 20513312 + 5 208924 18_internal_4486 18 20722236 20841297 156 142.502 1.00002 5.08651 0.0750256 0.144326 0.39801 0.377174
ENSG00000265943.1 18 20513727 20513727 - 5 -659341 18_internal_4256 18 21173068 21177267 156 157.95 1.00001 4.6961 0.0771358 0.141162 0.323383 0.307646
ENSG00000242182.2 18 20584527 20584527 + 6 379883 18_internal_4449 18 20964410 21004727 156 156.64 0.982794 5.46096 0.0262376 0.177068 0.159204 0.139088
ENSG00000134508.8 18 20714528 20714528 + 6 -41754 18_internal_3210 18 20646957 20672774 156 146.296 1.06186 6.63661 0.00197291 0.228978 0.0199005 0.0137329
ENSG00000266495.1 18 20840318 20840318 - 6 167544 18_internal_3210 18 20646957 20672774 156 171.432 0.962255 6.25723 0.130623 0.11453 0.552239 0.544868
ENSG00000134490.9 18 21017925 21017925 - 8 -828109 18_internal_3293 18 21846034 21858235 156 187.779 0.907376 10.0143 0.0202763 -0.180317 0.139303 0.131633
ENSG00000101782.10 18 21032787 21032787 + 8 -28060 18_internal_4449 18 20964410 21004727 156 149.373 1.07384 8.54025 0.0692879 0.148775 0.462687 0.454759
ENSG00000199357.1 18 21036335 21036335 + 8 -195038 18_internal_4486 18 20722236 20841297 156 212.657 0.896593 11.2959 0.0047484 0.227666 0.0248756 0.0180866
ENSG00000141452.5 18 21083473 21083473 + 9 -242176 18_internal_4486 18 20722236 20841297 156 164.775 0.999968 9.97639 0.00377212 0.227323 0.0348259 0.0286465
ENSG00000199366.1 18 21162085 21162085 - 9 -877182 18_internal_3154 18 22039267 22069226 156 139.212 1.12963 8.51471 0.0827916 0.13238 0.567164 0.542696
ENSG00000141458.7 18 21166862 21166862 - 9 -6206 18_internal_4256 18 21173068 21177267 156 155.604 0.913744 8.64138 0.00194087 0.238085 0.0348259 0.0247014
ENSG00000154065.11 18 21242849 21242849 - 9 238122 18_internal_4449 18 20964410 21004727 156 159.001 1.04048 9.6563 0.32938 -0.0790714 0.955224 0.975634
ENSG00000168234.8 18 21572737 21572737 + 10 0 18_internal_4221 18 21546733 21646487 156 150.439 0.963328 8.95128 6.83585e-32 0.793148 0.00497512 8.72629e-29
ENSG00000264745.1 18 21595303 21595303 - 10 0 18_internal_4221 18 21546733 21646487 156 156.015 1.02351 10.6767 0.0733027 0.13744 0.542289 0.545748
ENSG00000265204.1 18 21679284 21679284 - 9 32797 18_internal_4221 18 21546733 21646487 156 138.176 1.10169 8.155 5.07002e-13 0.543424 0.00497512 7.95031e-12
ENSG00000264924.1 18 21700967 21700967 - 9 54480 18_internal_4221 18 21546733 21646487 156 150.622 1.08662 8.45504 2.66001e-19 0.631495 0.00497512 2.98598e-19
ENSG00000206863.1 18 21704249 21704249 - 9 57762 18_internal_4221 18 21546733 21646487 156 168.325 1.02071 9.55868 1.46687e-05 0.335787 0.00497512 5.22605e-05
ENSG00000154040.16 18 21718942 21718942 + 9 -72455 18_internal_4221 18 21546733 21646487 156 174.967 0.971861 9.351 0.00137355 0.251561 0.00995025 0.00759291
ENSG00000265750.1 18 21742175 21742175 - 9 -103859 18_internal_3293 18 21846034 21858235 156 152.694 0.975331 8.57389 0.0100453 0.209908 0.104478 0.0957618
ENSG00000206766.1 18 21798264 21798264 + 9 746017 18_internal_4624 18 22544281 23137786 156 153.258 1.06525 9.34506 0.133637 0.122959 0.696517 0.726398
ENSG00000264365.1 18 21944751 21944751 + 8 -767484 18_internal_4256 18 21173068 21177267 156 138.679 1.17974 8.27025 0.191465 -0.104424 0.830846 0.831889
ENSG00000141447.12 18 21977844 21977844 - 8 119609 18_internal_3293 18 21846034 21858235 156 148.444 1.05895 8.16128 0.00107321 0.26688 0.0149254 0.0086821
ENSG00000154059.5 18 22006580 22006580 + 7 32687 18_internal_3154 18 22039267 22069226 156 149.754 0.999981 5.72826 0.202571 0.104778 0.701493 0.744356
ENSG00000265094.1 18 22015328 22015328 + 7 -368841 18_internal_4221 18 21546733 21646487 156 147.073 1.12913 7.536 0.0388782 0.1669 0.258706 0.239838
ENSG00000198795.6 18 22932154 22932154 - 4 0 18_internal_4624 18 22544281 23137786 156 176.795 1.00003 4.76226 3.97815e-07 0.38511 0.00497512 3.2013e-07
ENSG00000141380.9 18 23671181 23671181 - 2 -608427 18_internal_3425 18 24279608 24297772 156 178.379 1.00001 2.14443 0.204974 -0.0992821 0.333333 0.338384
ENSG00000141384.7 18 23805900 23805900 + 2 -668114 18_internal_4624 18 22544281 23137786 156 179.994 1.00003 2.20704 0.10736 0.128096 0.179104 0.175323
ENSG00000263829.1 18 23836319 23836319 - 2 698533 18_internal_4624 18 22544281 23137786 156 141.588 0.999947 1.84747 0.483523 -0.0529761 0.756219 0.726762
ENSG00000266237.1 18 23845973 23845973 + 2 -708187 18_internal_4624 18 22544281 23137786 156 134.748 0.999968 1.71714 0.0390589 0.15797 0.0845771 0.0928908
ENSG00000264911.1 18 23928311 23928311 + 2 351297 18_internal_3425 18 24279608 24297772 156 126.674 0.999986 1.82924 0.335971 -0.0757142 0.59204 0.590397
ENSG00000260372.2 18 24235706 24235706 + 1 43902 18_internal_3425 18 24279608 24297772 156 127.07 0.999977 0.942769 0.167397 0.109324 0.233831 0.202064
ENSG00000134504.8 18 24237365 24237365 - 1 -42243 18_internal_3425 18 24279608 24297772 156 145.717 1.00003 0.910259 0.62059 0.0386548 0.587065 0.59784
ENSG00000134755.10 18 28682378 28682378 - 2 0 18_internal_3266 18 28621496 28787858 156 130.437 0.999973 1.68073 4.37483e-16 0.594829 0.00497512 1.83016e-13
ENSG00000134765.5 18 28742819 28742819 - 2 0 18_internal_3266 18 28621496 28787858 156 208.574 0.999978 2.40404 0.0861489 0.132759 0.119403 0.109596
ENSG00000259985.1 18 29265618 29265618 + 2 15427 18_internal_3427 18 29281045 29292024 156 166.542 0.999976 2.03476 0.0581426 0.15118 0.134328 0.0996051
ENSG00000118276.7 18 29265799 29265799 - 2 -15246 18_internal_3427 18 29281045 29292024 156 148.505 1.00003 2.06435 0.00719123 0.21135 0.0248756 0.017945
ENSG00000263924.1 18 29424351 29424351 + 2 -636493 18_internal_3266 18 28621496 28787858 156 133.59 1.00004 1.77655 0.205826 -0.102198 0.38806 0.388482
ENSG00000222320.1 18 29517496 29517496 + 2 -225472 18_internal_3427 18 29281045 29292024 156 167.091 0.999972 2.18455 0.238977 0.0947483 0.41791 0.423612
ENSG00000263823.1 18 29522538 29522538 + 2 -734680 18_internal_3266 18 28621496 28787858 156 165.613 0.999979 2.07969 0.558159 0.0445456 0.830846 0.806671
ENSG00000153339.9 18 29533099 29533099 - 2 745241 18_internal_3266 18 28621496 28787858 156 197.118 0.99999 2.41722 0.0195605 -0.180335 0.039801 0.020802
ENSG00000265273.1 18 29542141 29542141 + 2 -754283 18_internal_3266 18 28621496 28787858 156 171.768 1.00001 1.84402 0.646584 -0.0369576 0.855721 0.840431
ENSG00000101695.4 18 29598335 29598335 + 2 -306311 18_internal_3427 18 29281045 29292024 156 176.49 1.00001 2.20564 0.469144 -0.0573696 0.716418 0.723011
ENSG00000263917.1 18 29598792 29598792 + 2 -810934 18_internal_3266 18 28621496 28787858 156 151.78 1.00004 1.94212 0.825618 0.0180356 0.965174 0.967227
ENSG00000265063.1 18 29640952 29640952 - 2 348928 18_internal_3427 18 29281045 29292024 156 146.57 0.999977 1.83997 0.0876917 0.133618 0.174129 0.172697
ENSG00000263664.1 18 29652992 29652992 - 2 360968 18_internal_3427 18 29281045 29292024 156 159.793 0.99996 1.99014 0.0247648 -0.175015 0.0497512 0.0453944
ENSG00000214917.3 18 29656235 29656235 - 2 868377 18_internal_3266 18 28621496 28787858 156 145.214 0.999991 1.96412 0.223848 -0.101007 0.447761 0.417637
ENSG00000134758.9 18 29671818 29671818 + 2 -379794 18_internal_3427 18 29281045 29292024 156 143.325 0.999969 1.95495 0.640892 -0.0371311 0.865672 0.875027
ENSG00000265008.1 18 29672082 29672082 - 2 380058 18_internal_3427 18 29281045 29292024 156 172.164 1.00003 2.33303 0.156841 0.113415 0.313433 0.290637
ENSG00000238982.1 18 29674467 29674467 + 2 -886609 18_internal_3266 18 28621496 28787858 156 133.103 0.999998 1.78133 0.309448 0.0798392 0.537313 0.533155
ENSG00000263393.1 18 29704441 29704441 - 2 412417 18_internal_3427 18 29281045 29292024 156 134.108 1.00004 1.74943 0.498428 0.0523894 0.736318 0.733409
ENSG00000141434.7 18 29765032 29765032 + 3 -473008 18_internal_3427 18 29281045 29292024 156 168.218 0.999981 2.99664 0.132322 -0.115426 0.298507 0.313705
ENSG00000262477.1 18 29992145 29992145 + 2 -700121 18_internal_3427 18 29281045 29292024 156 134.017 1 1.86609 0.0742184 -0.141944 0.169154 0.175205
ENSG00000215492.4 18 29993200 29993200 - 2 701176 18_internal_3427 18 29281045 29292024 156 148.291 1.00002 2.23087 0.387289 -0.0687568 0.676617 0.679228
ENSG00000141441.10 18 30050447 30050447 - 2 758423 18_internal_3427 18 29281045 29292024 156 171.311 0.99998 2.06979 0.227227 0.0920043 0.363184 0.379094
ENSG00000134769.17 18 32073254 32073254 + 6 111170 18_internal_3324 18 32184424 32290994 156 156.914 0.957201 6.23903 4.94403e-11 0.495758 0.00497512 7.05536e-10
ENSG00000268873.1 18 32347627 32347627 - 8 56633 18_internal_3324 18 32184424 32290994 156 168.309 0.958683 8.43906 9.45161e-05 0.299045 0.00497512 0.000589644
ENSG00000166974.8 18 32556892 32556892 + 9 614561 18_internal_4450 18 33171453 33175453 156 200.759 0.917964 13.1876 0.0158797 -0.188295 0.134328 0.0998224
ENSG00000186812.8 18 32820994 32820994 + 9 5067 18_internal_3420 18 32826061 32849788 156 144.681 0.975986 6.98707 0.0140004 0.201124 0.139303 0.126244
ENSG00000268573.1 18 32870165 32870165 - 9 -48483 18_internal_3176 18 32918648 32958347 156 141.527 1.02829 8.72532 0.00309532 -0.230409 0.0447761 0.037538
ENSG00000186814.8 18 32870196 32870196 - 9 -48452 18_internal_3176 18 32918648 32958347 156 138.42 1.04174 7.29186 0.00209476 -0.243755 0.0248756 0.0229806
ENSG00000257267.1 18 32870246 32870246 + 9 -20458 18_internal_3420 18 32826061 32849788 156 151.765 0.990552 8.14945 0.0108715 0.205245 0.0945274 0.0961954
ENSG00000172466.11 18 32925446 32925446 - 9 185583 18_internal_3272 18 32671862 32739863 156 189.866 0.788481 8.64083 0.223287 -0.0928031 0.860697 0.870264
