ENSG00000143322.15 1 179198819 179198819 - 7 53026 1_internal_22188 1 179106778 179145793 1.68448e-05 0.326942 1
ENSG00000057252.8 1 179262925 179262925 + 7 0 1_internal_18232 1 179262112 179336356 1.50304e-05 0.332722 1
ENSG00000135862.4 1 182992597 182992597 + 11 16121 1_internal_21641 1 183008718 183155678 5.95697e-32 0.74119 1
ENSG00000135862.4 1 182992597 182992597 + 11 194703 1_internal_19862 1 183187300 183251511 5.9097e-18 0.598754 0
ENSG00000135862.4 1 182992597 182992597 + 11 219080 1_internal_16514 1 183211677 183250817 9.78885e-06 0.332276 0
ENSG00000157064.6 1 183387737 183387737 - 6 136226 1_internal_19862 1 183187300 183251511 1.84349e-07 0.380037 1
ENSG00000157064.6 1 183387737 183387737 - 6 136920 1_internal_16514 1 183211677 183250817 4.12296e-06 0.337538 0
ENSG00000162704.10 1 183604892 183604892 - 5 0 1_internal_16501 1 183429049 183625262 1.71678e-12 0.522748 0
ENSG00000162704.10 1 183604892 183604892 - 5 0 1_internal_19251 1 183516584 183617091 7.38415e-17 0.595704 1
ENSG00000173627.6 1 183622451 183622451 - 5 5360 1_internal_19251 1 183516584 183617091 1.19569e-05 0.352418 1
ENSG00000135842.12 1 184943682 184943682 - 13 0 1_internal_22081 1 184791727 184945090 8.25443e-06 0.341706 1
ENSG00000116679.11 1 185286461 185286461 - 13 -9429 1_internal_15693 1 185295890 185391943 7.20614e-05 0.306277 0
ENSG00000116679.11 1 185286461 185286461 - 13 -85565 1_internal_24887 1 185372026 185409733 4.53772e-07 0.384965 1
ENSG00000073756.7 1 186649559 186649559 - 4 0 1_internal_15903 1 186583008 186650872 0.000240101 0.289475 1
ENSG00000090104.7 1 192544857 192544857 + 9 0 1_internal_22835 1 192513971 192579571 2.6491e-13 0.546632 1
ENSG00000116741.6 1 192778169 192778169 + 10 67193 1_internal_17024 1 192845362 192968219 0.000191879 0.295964 1
ENSG00000229989.2 1 198906558 198906558 - 9 0 1_internal_25329 1 198744992 199071801 9.98767e-06 0.347097 1
ENSG00000116852.9 1 200992828 200992828 - 9 0 1_internal_24969 1 200960171 200998223 0.000107903 0.304499 1
ENSG00000269690.1 1 201592013 201592013 + 7 0 1_internal_23759 1 201416492 201762758 5.20196e-17 0.608993 1
ENSG00000134369.11 1 201592411 201592411 + 7 0 1_internal_23759 1 201416492 201762758 2.55255e-13 0.538078 1
ENSG00000235121.1 1 201706634 201706634 - 7 0 1_internal_23759 1 201416492 201762758 1.7335e-07 0.408267 1
ENSG00000231871.1 1 201798687 201798687 - 8 35929 1_internal_23759 1 201416492 201762758 3.6729e-06 0.372808 1
ENSG00000159348.8 1 202936408 202936408 - 15 0 1_internal_15874 1 202919946 202939909 3.06659e-05 0.318331 1
ENSG00000163444.7 1 202976514 202976514 + 15 499417 1_internal_25588 1 203475931 203664682 4.43676e-05 0.293926 1
ENSG00000143847.11 1 202995626 202995626 + 15 10548 1_internal_19073 1 203006174 203100093 4.00595e-20 0.613562 1
ENSG00000163485.11 1 203059782 203059782 + 15 0 1_internal_19753 1 202954670 203142460 1.0655e-18 0.596987 1
ENSG00000163485.11 1 203059782 203059782 + 15 0 1_internal_19073 1 203006174 203100093 3.34505e-14 0.52669 0
ENSG00000163485.11 1 203059782 203059782 + 15 75701 1_internal_19252 1 203135483 203160126 9.64296e-11 0.4597 0
ENSG00000163485.11 1 203059782 203059782 + 15 123099 1_internal_17461 1 203182881 203298140 2.00336e-09 0.429245 0
ENSG00000163485.11 1 203059782 203059782 + 15 123975 1_internal_17344 1 203183757 203202388 1.05353e-10 0.459391 0
ENSG00000133048.8 1 203155877 203155877 - 15 13417 1_internal_19753 1 202954670 203142460 7.71298e-07 0.37899 0
ENSG00000133048.8 1 203155877 203155877 - 15 0 1_internal_19252 1 203135483 203160126 5.11208e-10 0.463789 1
ENSG00000133059.12 1 205180727 205180727 - 10 0 1_internal_24130 1 205151932 205250222 3.67893e-08 0.42313 1
ENSG00000196352.9 1 207494853 207494853 + 11 850 1_internal_19818 1 207495703 207538053 7.37249e-26 0.725174 1
ENSG00000203710.6 1 207669492 207669492 + 10 0 1_internal_16658 1 207580356 207672076 6.30273e-05 0.315156 1
