ENSG00000233610.1 13 49152224 49152224 - 12 69910 13_internal_3952 13 49060575 49082314 1.58976e-05 0.329476 1
ENSG00000233610.1 13 49152224 49152224 - 12 0 13_internal_3894 13 49105039 49154612 2.36576e-05 0.323669 0
ENSG00000152207.3 13 49280951 49280951 + 14 -79721 13_internal_4025 13 49188524 49201230 1.73094e-08 0.431695 1
ENSG00000152207.3 13 49280951 49280951 + 14 0 13_internal_6012 13 49226325 49438146 2.80648e-06 0.368676 0
ENSG00000136169.11 13 50018429 50018429 + 14 57630 13_internal_5642 13 50076059 50160623 3.49878e-07 0.383631 1
ENSG00000136147.11 13 50069746 50069746 + 14 6313 13_internal_5642 13 50076059 50160623 5.39889e-15 0.58172 1
ENSG00000136144.7 13 50159719 50159719 - 11 0 13_internal_5642 13 50076059 50160623 8.29087e-33 0.767375 1
ENSG00000136144.7 13 50159719 50159719 - 11 -20917 13_internal_5005 13 50180636 50221354 7.36527e-07 -0.377864 0
ENSG00000123179.8 13 50265623 50265623 - 11 0 13_internal_4496 13 50244159 50268898 2.42352e-08 0.417253 1
ENSG00000136104.11 13 51483814 51483814 + 7 0 13_internal_4406 13 51382967 51487096 7.92486e-23 0.698884 1
ENSG00000136100.7 13 53024763 53024763 - 10 0 13_internal_5646 13 52777491 53174995 5.93584e-05 -0.315788 1
ENSG00000136108.9 13 53029564 53029564 + 10 0 13_internal_5707 13 52767521 53228172 9.32522e-08 0.417117 0
ENSG00000136108.9 13 53029564 53029564 + 10 0 13_internal_5646 13 52777491 53174995 5.31432e-18 0.625776 1
ENSG00000139675.10 13 53191605 53191605 + 9 -16610 13_internal_5646 13 52777491 53174995 0.000102954 0.310864 1
ENSG00000165416.9 13 53226844 53226844 + 9 0 13_internal_5707 13 52767521 53228172 1.28976e-05 0.338234 0
ENSG00000165416.9 13 53226844 53226844 + 9 -51849 13_internal_5646 13 52777491 53174995 1.00007e-10 0.481041 1
ENSG00000102554.8 13 73629114 73629114 + 4 169842 13_internal_4991 13 73798956 73833236 4.9908e-17 0.592574 1
ENSG00000102554.8 13 73629114 73629114 + 4 173072 13_internal_4095 13 73802186 73835182 6.79938e-16 0.577638 0
ENSG00000136111.8 13 76056250 76056250 - 3 0 13_internal_5432 13 75989414 76113150 1.4338e-06 0.381771 1
ENSG00000152193.7 13 79233314 79233314 - 4 0 13_internal_4786 13 79231014 79345315 7.00827e-06 0.311432 1
ENSG00000136158.6 13 80915086 80915086 - 5 42958 13_internal_4595 13 80849592 80872128 0.000285278 0.259356 1
ENSG00000125247.11 13 101327347 101327347 - 7 156200 13_internal_5676 13 100791029 101171147 5.41617e-06 0.358989 1
ENSG00000229792.1 13 110053043 110053043 + 8 319482 13_internal_4276 13 110372525 110384624 2.12821e-31 0.79482 1
ENSG00000234854.1 13 110380629 110380629 + 9 0 13_internal_4276 13 110372525 110384624 4.67972e-30 0.763273 1
ENSG00000134871.13 13 110958159 110958159 + 11 203869 13_internal_4742 13 111162028 111228907 2.52009e-05 0.311753 1
ENSG00000187498.9 13 110959496 110959496 - 11 84659 13_internal_4915 13 110765259 110874837 7.68032e-07 0.374738 1
ENSG00000139832.3 13 111214080 111214080 - 9 0 13_internal_4742 13 111162028 111228907 1.04637e-06 0.38152 1
ENSG00000134905.11 13 111365950 111365950 - 8 1108 13_internal_5626 13 111306574 111364842 2.80421e-07 0.401216 1
ENSG00000185896.9 13 113951556 113951556 + 14 -19410 13_internal_4322 13 113926235 113932146 1.7245e-09 0.451354 1
ENSG00000139835.8 13 114018446 114018446 - 14 86300 13_internal_4322 13 113926235 113932146 3.12728e-06 0.358772 1
ENSG00000150401.10 13 114145267 114145267 - 14 0 13_internal_6346 13 114064009 114217438 1.44695e-05 0.330579 1
ENSG00000233695.1 13 114518603 114518603 + 11 0 13_internal_5348 13 114427166 114520659 7.19611e-11 0.491877 1
ENSG00000183087.9 13 114567046 114567046 - 11 46387 13_internal_5348 13 114427166 114520659 9.43784e-09 0.435023 1
ENSG00000198824.4 13 115079988 115079988 + 8 -806792 13_internal_4209 13 114238608 114273196 0.000370373 -0.282882 1
