ENSG00000126467.6 19 50266587 50266587 - 10 1254 19_internal_7802 19 50219381 50265333 1.46557e-11 0.497706 1
ENSG00000105472.8 19 51226586 51226586 + 18 0 19_internal_6819 19 51221090 51232078 6.59365e-19 0.615121 1
ENSG00000267990.1 19 51641227 51641227 + 21 0 19_internal_6903 19 51615471 51648096 7.81535e-10 0.443621 1
ENSG00000186806.5 19 51845378 51845378 - 22 -51401 19_internal_8259 19 51896779 51942700 4.02915e-05 0.31543 1
ENSG00000105374.5 19 51875969 51875969 - 22 0 19_internal_8542 19 51841978 51894718 4.40708e-05 0.314611 1
ENSG00000254760.1 19 51917552 51917552 + 22 0 19_internal_8259 19 51896779 51942700 1.18211e-13 0.536413 1
ENSG00000255441.1 19 51918978 51918978 + 22 0 19_internal_8259 19 51896779 51942700 7.34108e-14 0.556046 1
ENSG00000142512.10 19 51921057 51921057 - 22 0 19_internal_8259 19 51896779 51942700 4.39403e-16 0.596007 1
ENSG00000254415.2 19 52150054 52150054 - 21 0 19_internal_9684 19 52002612 52728161 9.23783e-22 0.631392 1
ENSG00000254415.2 19 52150054 52150054 - 21 -127 19_internal_7439 19 52150181 52432087 4.23174e-06 0.33741 0
ENSG00000268500.1 19 52150142 52150142 - 21 0 19_internal_9684 19 52002612 52728161 9.90816e-05 0.307717 1
ENSG00000105501.7 19 52150151 52150151 - 21 0 19_internal_9684 19 52002612 52728161 7.34749e-13 0.558271 1
ENSG00000269834.1 19 52901019 52901019 - 20 0 19_internal_10260 19 52596918 58952663 6.86039e-05 0.297255 1
ENSG00000198482.6 19 53030905 53030905 + 17 0 19_internal_10260 19 52596918 58952663 1.67751e-06 0.365634 1
ENSG00000167562.7 19 53059075 53059075 + 17 0 19_internal_10260 19 52596918 58952663 1.28341e-05 0.333373 1
ENSG00000269825.1 19 53156537 53156537 - 17 0 19_internal_10260 19 52596918 58952663 1.00432e-06 0.380655 1
ENSG00000167766.12 19 53193749 53193749 - 17 0 19_internal_10260 19 52596918 58952663 1.58798e-06 0.368184 1
ENSG00000213020.3 19 53238326 53238326 - 15 0 19_internal_10260 19 52596918 58952663 7.87653e-08 0.408149 1
ENSG00000204604.5 19 53360902 53360902 - 14 0 19_internal_10260 19 52596918 58952663 0.000117309 0.304344 1
ENSG00000197937.7 19 53662328 53662328 - 15 0 19_internal_10260 19 52596918 58952663 4.13362e-06 0.348131 1
ENSG00000197937.7 19 53662328 53662328 - 15 0 19_internal_8908 19 53323964 53758592 2.2093e-05 0.322365 0
ENSG00000197928.6 19 53758151 53758151 - 18 0 19_internal_8908 19 53323964 53758592 1.4366e-07 0.411066 1
ENSG00000189068.5 19 54567207 54567207 - 27 0 19_internal_7173 19 54321126 54568822 9.47532e-06 0.340073 0
ENSG00000189068.5 19 54567207 54567207 - 27 9342 19_internal_8756 19 54531733 54557865 1.15197e-20 0.647178 1
ENSG00000248385.3 19 54584634 54584634 - 27 26769 19_internal_8756 19 54531733 54557865 1.42768e-10 0.486322 1
ENSG00000170909.9 19 54606000 54606000 - 27 37178 19_internal_7173 19 54321126 54568822 4.55713e-06 0.357491 0
ENSG00000170909.9 19 54606000 54606000 - 27 48135 19_internal_8756 19 54531733 54557865 3.16986e-27 0.731689 1
ENSG00000167608.6 19 54676944 54676944 - 27 3628 19_internal_6944 19 54657093 54673316 5.80713e-09 0.440959 1
