ENSG00000162433.10 1 65613232 65613232 + 9 12916 1_internal_17283 1 65626148 65651370 3.65631e-11 0.480491 1
ENSG00000213625.4 1 65886270 65886270 + 10 117017 1_internal_23876 1 66003287 66073296 7.94487e-05 0.31127 1
ENSG00000152760.4 1 67218142 67218142 + 4 0 1_internal_25199 1 67197259 67233869 1.91749e-23 0.678444 1
ENSG00000232284.2 1 68297986 68297986 + 1 307925 1_internal_26698 1 68605911 68814582 1.50026e-14 0.549527 1
ENSG00000162595.4 1 68517314 68517314 - 1 -88597 1_internal_26698 1 68605911 68814582 0.00132602 0.259903 1
ENSG00000234383.1 1 68628773 68628773 - 1 0 1_internal_26698 1 68605911 68814582 4.77484e-11 0.477542 1
ENSG00000116729.9 1 68698803 68698803 - 1 0 1_internal_26698 1 68605911 68814582 9.44134e-27 0.711294 1
ENSG00000229956.4 1 71547007 71547007 + 1 979347 1_internal_16630 1 72526354 72528879 1.10223e-11 0.528624 1
ENSG00000233994.2 1 72740235 72740235 + 2 -211356 1_internal_16630 1 72526354 72528879 5.05013e-10 0.464479 0
ENSG00000233994.2 1 72740235 72740235 + 2 5999 1_internal_18693 1 72746234 72756238 4.20012e-12 0.512632 1
ENSG00000172260.8 1 72748417 72748417 - 2 219538 1_internal_16630 1 72526354 72528879 6.8205e-21 0.67997 0
ENSG00000172260.8 1 72748417 72748417 - 2 0 1_internal_18693 1 72746234 72756238 5.70508e-25 0.731899 1
ENSG00000184005.9 1 76540404 76540404 + 2 0 1_internal_24909 1 76539716 76768368 1.93595e-12 0.526443 1
ENSG00000184005.9 1 76540404 76540404 + 2 684975 1_internal_17977 1 77225379 77360260 7.73823e-06 0.350285 0
ENSG00000162614.13 1 78354198 78354198 + 3 730351 1_internal_18043 1 79084549 79120092 1.36186e-07 0.413655 1
ENSG00000122420.5 1 78769568 78769568 + 2 171668 1_internal_17902 1 78941236 78957726 3.63286e-15 0.595831 1
ENSG00000137959.10 1 79085607 79085607 + 2 0 1_internal_18043 1 79084549 79120092 2.56846e-12 0.530244 1
ENSG00000137965.6 1 79115481 79115481 + 2 0 1_internal_18043 1 79084549 79120092 1.36177e-16 0.608326 1
ENSG00000238015.2 1 79131957 79131957 + 2 -11865 1_internal_18043 1 79084549 79120092 3.13836e-06 0.373348 1
ENSG00000235089.1 1 81674253 81674253 + 3 -281702 1_internal_16995 1 81357870 81392551 9.58736e-06 0.345318 0
ENSG00000235089.1 1 81674253 81674253 + 3 0 1_internal_22517 1 81585960 81780748 2.8864e-11 0.500877 1
ENSG00000235089.1 1 81674253 81674253 + 3 198649 1_internal_17011 1 81872902 81937004 0.00119865 0.258035 0
ENSG00000153898.8 1 85462796 85462796 - 1 0 1_internal_23748 1 85453647 85528639 1.10159e-18 0.646445 1
ENSG00000223254.1 1 85729979 85729979 + 1 -201340 1_internal_23748 1 85453647 85528639 0.00298847 -0.225048 1
ENSG00000171502.10 1 86622626 86622626 - 3 -166972 1_internal_18408 1 86789598 86806050 6.85552e-08 0.398865 1
ENSG00000143013.7 1 87794151 87794151 + 4 -22088 1_internal_24446 1 87765022 87772063 6.69734e-10 0.469173 1
ENSG00000117226.7 1 89488577 89488577 - 6 0 1_internal_18932 1 89485835 89824496 1.73328e-06 0.375474 1
ENSG00000117228.9 1 89531043 89531043 - 6 0 1_internal_18932 1 89485835 89824496 1.39429e-06 0.369222 1
ENSG00000162645.8 1 89616139 89616139 - 6 0 1_internal_18932 1 89485835 89824496 5.57554e-08 0.421429 1
ENSG00000213512.1 1 89641723 89641723 - 6 0 1_internal_18932 1 89485835 89824496 3.27458e-06 0.366235 1
ENSG00000162654.8 1 89664615 89664615 - 6 0 1_internal_18932 1 89485835 89824496 6.50138e-15 0.575437 1
ENSG00000237568.1 1 89726265 89726265 + 6 0 1_internal_18932 1 89485835 89824496 3.21554e-09 0.446825 1
ENSG00000154451.10 1 89738544 89738544 - 6 0 1_internal_18932 1 89485835 89824496 5.39707e-09 0.443961 1
ENSG00000225492.2 1 89873238 89873238 + 6 -48742 1_internal_18932 1 89485835 89824496 8.43493e-08 0.42058 1
ENSG00000197147.7 1 89990395 89990395 + 6 0 1_internal_25571 1 89989095 90314972 7.05791e-10 0.458357 1
ENSG00000251289.1 1 90050047 90050047 + 6 0 1_internal_25571 1 89989095 90314972 1.20285e-09 0.455995 1
ENSG00000231999.2 1 90098453 90098453 - 5 0 1_internal_25571 1 89989095 90314972 1.52583e-10 0.471228 1
ENSG00000171488.9 1 90098631 90098631 + 5 0 1_internal_25571 1 89989095 90314972 5.26037e-05 0.313347 1
ENSG00000231613.1 1 90254473 90254473 + 5 0 1_internal_25571 1 89989095 90314972 3.8241e-07 0.390907 1
ENSG00000069702.6 1 92371892 92371892 - 7 100351 1_internal_24316 1 91965494 92271541 3.11375e-05 0.320015 1
ENSG00000067208.9 1 93257961 93257961 - 8 247498 1_internal_20670 1 92980080 93010463 0.000276219 0.275319 0
ENSG00000067208.9 1 93257961 93257961 - 8 4836 1_internal_18104 1 93193785 93253125 0.000248432 0.278843 1
ENSG00000117528.7 1 94883933 94883933 + 12 -72011 1_internal_19457 1 94804501 94811922 1.57438e-05 0.342661 0
ENSG00000117528.7 1 94883933 94883933 + 12 0 1_internal_21261 1 94876156 94884975 7.38937e-21 0.664643 1
ENSG00000230489.1 1 108507065 108507065 + 4 76690 1_internal_25154 1 108583755 108626743 0.000148484 0.301843 1
ENSG00000230489.1 1 108507065 108507065 + 4 149268 1_internal_26135 1 108656333 108744498 0.000671859 0.27033 0
ENSG00000134215.11 1 108507766 108507766 - 4 -75989 1_internal_25154 1 108583755 108626743 5.27931e-08 0.41836 1
ENSG00000134215.11 1 108507766 108507766 - 4 -148567 1_internal_26135 1 108656333 108744498 0.000592048 0.270132 0
ENSG00000226822.1 1 108614104 108614104 + 5 0 1_internal_25154 1 108583755 108626743 0.00066201 0.27216 1
ENSG00000260879.1 1 108742548 108742548 + 8 874659 1_internal_19485 1 109617207 109627941 0.000235636 0.292303 1
ENSG00000085491.11 1 108743471 108743471 - 8 0 1_internal_26135 1 108656333 108744498 0.000275534 0.293006 1
ENSG00000162639.11 1 109204148 109204148 - 16 0 1_internal_19934 1 109185010 109205579 5.47301e-10 0.474305 1
ENSG00000116299.11 1 109656301 109656301 + 16 0 1_internal_23864 1 109642014 109760111 2.31561e-06 0.364296 1
ENSG00000134222.11 1 109825808 109825808 - 17 4943 1_internal_17498 1 109815953 109820865 3.49932e-10 0.483916 1
ENSG00000181754.6 1 110052360 110052360 - 18 -92981 1_internal_17759 1 110145341 110151485 7.50142e-05 -0.305612 1
ENSG00000065135.7 1 110091233 110091233 + 18 54108 1_internal_17759 1 110145341 110151485 3.53401e-08 0.410311 1
ENSG00000168765.10 1 110198703 110198703 + 19 -47218 1_internal_17759 1 110145341 110151485 6.65335e-05 -0.322565 0
ENSG00000168765.10 1 110198703 110198703 + 19 0 1_internal_22821 1 110185516 110307176 5.63547e-13 0.555489 1
ENSG00000213366.7 1 110210644 110210644 + 18 0 1_internal_22821 1 110185516 110307176 4.2331e-23 0.712864 1
ENSG00000241720.1 1 110230450 110230450 + 18 0 1_internal_22821 1 110185516 110307176 9.1012e-20 0.661392 1
ENSG00000261055.1 1 110438595 110438595 + 18 0 1_internal_24812 1 110330790 110454426 2.27338e-05 0.349606 1
ENSG00000162775.9 1 110881128 110881128 + 14 -31798 1_internal_17720 1 110786004 110849330 2.41742e-07 -0.390106 0
ENSG00000162775.9 1 110881128 110881128 + 14 39630 1_internal_16969 1 110920758 110951503 3.08067e-08 0.414274 1
ENSG00000121931.11 1 111506701 111506701 - 12 6776 1_internal_18892 1 111493415 111499925 1.4746e-07 0.413888 1
ENSG00000134255.9 1 111682249 111682249 + 12 0 1_internal_24798 1 111664751 111753928 5.058e-16 0.597852 1
ENSG00000156171.9 1 111682838 111682838 - 12 0 1_internal_24798 1 111664751 111753928 9.58547e-13 0.503045 1
ENSG00000116473.10 1 112084840 112084840 + 9 78321 1_internal_16130 1 112163161 112215940 9.68727e-06 0.347943 1
