ENSG00000141698.10 17 39992523 39992523 - 10 39548 17_internal_10226 17 39933969 39952975 8.71155e-05 0.307395 1
ENSG00000213373.3 17 41050751 41050751 - 14 2706 17_internal_8818 17 41035044 41048045 7.07384e-07 0.369869 1
ENSG00000108828.11 17 41177140 41177140 - 16 2100 17_internal_8714 17 41165417 41175040 9.12619e-06 0.344453 1
ENSG00000198496.6 17 41277627 41277627 + 17 158747 17_internal_9108 17 41436374 41458348 5.92804e-06 0.358716 1
ENSG00000267681.1 17 41296973 41296973 + 17 139401 17_internal_9108 17 41436374 41458348 5.38508e-05 0.312582 1
ENSG00000188825.7 17 41466567 41466567 - 15 0 17_internal_8241 17 41381308 41467962 1.25595e-14 0.54799 1
ENSG00000108861.4 17 41856356 41856356 - 14 0 17_internal_8175 17 41841315 41862135 1.26674e-08 0.440516 1
ENSG00000161647.14 17 41910538 41910538 - 14 48403 17_internal_8175 17 41841315 41862135 2.17886e-10 0.466743 1
ENSG00000180340.5 17 42634925 42634925 + 13 51313 17_internal_9187 17 42686238 42706565 2.30495e-09 0.468254 1
ENSG00000161692.12 17 42785976 42785976 + 15 177738 17_internal_9036 17 42963714 42984582 3.63788e-05 0.326901 1
ENSG00000267288.1 17 43248951 43248951 - 12 0 17_internal_12585 17 43239099 43281876 1.79708e-07 0.4098 1
ENSG00000131484.3 17 43580626 43580626 + 11 0 17_internal_9535 17 43559764 44313767 1.66788e-08 0.422283 1
ENSG00000266918.1 17 43608943 43608943 + 11 0 17_internal_9535 17 43559764 44313767 2.52748e-10 -0.466821 0
ENSG00000266918.1 17 43608943 43608943 + 11 68477 17_internal_10105 17 43677420 44580376 1.67913e-20 0.638564 1
ENSG00000267198.1 17 43623170 43623170 + 11 0 17_internal_11239 17 43478556 43698278 1.62208e-07 -0.404239 0
ENSG00000267198.1 17 43623170 43623170 + 11 0 17_internal_9535 17 43559764 44313767 1.60489e-23 0.679365 1
ENSG00000267198.1 17 43623170 43623170 + 11 27641 17_internal_9705 17 43650811 44209295 1.33585e-06 0.369096 0
ENSG00000267198.1 17 43623170 43623170 + 11 54250 17_internal_10105 17 43677420 44580376 2.0037e-05 -0.327533 0
ENSG00000214425.2 17 43627701 43627701 - 11 0 17_internal_11239 17 43478556 43698278 2.71405e-05 -0.323912 0
ENSG00000214425.2 17 43627701 43627701 - 11 0 17_internal_9535 17 43559764 44313767 8.20683e-25 0.682788 1
ENSG00000214425.2 17 43627701 43627701 - 11 -49719 17_internal_10105 17 43677420 44580376 8.9658e-13 -0.513709 0
ENSG00000267246.1 17 43636104 43636104 - 11 0 17_internal_11239 17 43478556 43698278 0.000118946 -0.309685 0
ENSG00000267246.1 17 43636104 43636104 - 11 0 17_internal_9535 17 43559764 44313767 2.21262e-21 0.669095 1
ENSG00000267246.1 17 43636104 43636104 - 11 -14707 17_internal_9705 17 43650811 44209295 8.95259e-05 0.309637 0
ENSG00000267246.1 17 43636104 43636104 - 11 -41316 17_internal_10105 17 43677420 44580376 2.63461e-05 -0.330269 0
ENSG00000266504.1 17 43636436 43636436 - 11 -14375 17_internal_9705 17 43650811 44209295 4.80646e-13 0.48862 1
ENSG00000266504.1 17 43636436 43636436 - 11 -40984 17_internal_10105 17 43677420 44580376 7.02709e-11 0.446243 0
ENSG00000264070.1 17 43663237 43663237 + 11 0 17_internal_11239 17 43478556 43698278 7.14532e-08 0.408277 0
ENSG00000264070.1 17 43663237 43663237 + 11 0 17_internal_9535 17 43559764 44313767 1.15892e-15 -0.564759 1
ENSG00000264070.1 17 43663237 43663237 + 11 14183 17_internal_10105 17 43677420 44580376 2.95467e-12 0.503333 0
ENSG00000204650.8 17 43697694 43697694 + 11 0 17_internal_11239 17 43478556 43698278 1.56741e-06 0.377453 0
ENSG00000204650.8 17 43697694 43697694 + 11 0 17_internal_9535 17 43559764 44313767 3.10734e-27 -0.725475 1
ENSG00000204650.8 17 43697694 43697694 + 11 0 17_internal_10105 17 43677420 44580376 1.43041e-10 0.480704 0
ENSG00000120088.10 17 43699267 43699267 + 11 -989 17_internal_11239 17 43478556 43698278 4.40491e-06 0.357914 0
ENSG00000120088.10 17 43699267 43699267 + 11 0 17_internal_9535 17 43559764 44313767 1.50925e-22 -0.668449 1
ENSG00000120088.10 17 43699267 43699267 + 11 0 17_internal_10105 17 43677420 44580376 1.07088e-10 0.478142 0
ENSG00000263715.2 17 43699274 43699274 + 11 -996 17_internal_11239 17 43478556 43698278 4.14045e-06 0.359026 0
ENSG00000263715.2 17 43699274 43699274 + 11 0 17_internal_9535 17 43559764 44313767 1.60545e-22 -0.668462 1
ENSG00000263715.2 17 43699274 43699274 + 11 0 17_internal_10105 17 43677420 44580376 1.23741e-10 0.476957 0
ENSG00000252698.1 17 44204762 44204762 + 10 0 17_internal_9705 17 43650811 44209295 1.40448e-11 0.49619 1
ENSG00000214401.4 17 44270942 44270942 + 10 -572664 17_internal_11239 17 43478556 43698278 2.6023e-06 0.367715 0
ENSG00000214401.4 17 44270942 44270942 + 10 0 17_internal_9535 17 43559764 44313767 7.19613e-23 -0.675654 0
ENSG00000214401.4 17 44270942 44270942 + 10 0 17_internal_10105 17 43677420 44580376 3.00105e-23 0.67932 1
ENSG00000120071.8 17 44302733 44302733 - 9 0 17_internal_9535 17 43559764 44313767 1.48436e-05 -0.329246 0
ENSG00000120071.8 17 44302733 44302733 - 9 93438 17_internal_9705 17 43650811 44209295 1.84815e-08 0.419648 0
ENSG00000120071.8 17 44302733 44302733 - 9 0 17_internal_10105 17 43677420 44580376 1.23494e-39 0.800121 1
ENSG00000261575.1 17 44344403 44344403 + 10 -30636 17_internal_9535 17 43559764 44313767 4.48495e-05 -0.317288 0
ENSG00000261575.1 17 44344403 44344403 + 10 0 17_internal_10105 17 43677420 44580376 2.64305e-10 0.473286 1
ENSG00000176681.9 17 44370099 44370099 + 9 524267 17_internal_9231 17 44894366 44919560 5.77351e-07 0.371953 1
ENSG00000228696.4 17 44439130 44439130 - 9 125363 17_internal_9535 17 43559764 44313767 1.01145e-05 0.327256 0
ENSG00000228696.4 17 44439130 44439130 - 9 229835 17_internal_9705 17 43650811 44209295 0.000129635 0.286236 0
ENSG00000228696.4 17 44439130 44439130 - 9 -455236 17_internal_9231 17 44894366 44919560 7.73133e-06 0.330687 1
ENSG00000260075.1 17 44450221 44450221 + 9 -240926 17_internal_9705 17 43650811 44209295 2.2908e-07 -0.391385 1
ENSG00000260075.1 17 44450221 44450221 + 9 0 17_internal_10105 17 43677420 44580376 2.03034e-05 -0.326028 0
ENSG00000260075.1 17 44450221 44450221 + 9 444145 17_internal_9231 17 44894366 44919560 0.000258171 0.281454 0
ENSG00000238083.3 17 44588877 44588877 + 9 -275110 17_internal_9535 17 43559764 44313767 1.44474e-06 -0.366307 0
ENSG00000238083.3 17 44588877 44588877 + 9 -8501 17_internal_10105 17 43677420 44580376 8.4808e-14 0.5391 1
ENSG00000185829.11 17 44657088 44657088 - 9 343321 17_internal_9535 17 43559764 44313767 1.0161e-06 -0.373521 0
ENSG00000185829.11 17 44657088 44657088 - 9 447793 17_internal_9705 17 43650811 44209295 1.3089e-09 0.454868 0
ENSG00000185829.11 17 44657088 44657088 - 9 76712 17_internal_10105 17 43677420 44580376 3.75016e-37 0.795611 1
ENSG00000073969.13 17 44668035 44668035 + 9 -354268 17_internal_9535 17 43559764 44313767 2.51403e-09 -0.458426 1
ENSG00000073969.13 17 44668035 44668035 + 9 -458740 17_internal_9705 17 43650811 44209295 1.29101e-06 -0.379885 0
ENSG00000262879.1 17 45177689 45177689 - 10 0 17_internal_11143 17 45146785 45178685 8.13804e-24 0.66902 1
ENSG00000004897.6 17 45266788 45266788 - 10 -50219 17_internal_8501 17 45317007 45413639 0.000173847 0.292519 1
ENSG00000259753.1 17 45331263 45331263 + 9 0 17_internal_8501 17 45317007 45413639 1.35783e-05 0.345146 1
ENSG00000178852.11 17 45400656 45400656 + 9 0 17_internal_8501 17 45317007 45413639 8.74323e-17 0.591586 1
ENSG00000178852.11 17 45400656 45400656 + 9 367594 17_internal_8740 17 45768250 45785614 6.02603e-09 0.435859 0
ENSG00000253347.1 17 45500892 45500892 - 9 87253 17_internal_8501 17 45317007 45413639 3.55934e-13 0.533471 1
ENSG00000253347.1 17 45500892 45500892 - 9 -267358 17_internal_8740 17 45768250 45785614 3.67574e-07 0.38847 0
ENSG00000198933.5 17 45771447 45771447 + 10 -357808 17_internal_8501 17 45317007 45413639 0.000181049 0.280126 0
ENSG00000198933.5 17 45771447 45771447 + 10 0 17_internal_8740 17 45768250 45785614 4.23812e-21 0.628711 1
ENSG00000264920.1 17 45973178 45973178 - 10 0 17_internal_9044 17 45967059 46104516 0.00013626 0.306959 1
ENSG00000108465.9 17 46045176 46045176 + 10 0 17_internal_9044 17 45967059 46104516 0.000112963 0.298495 1
