ENSG00000123689.5 1 209848765 209848765 + 6 0 1_internal_15823 1 207504767 209850800 9.67452e-07 0.382383 1
ENSG00000117595.6 1 209979465 209979465 - 6 0 1_internal_21712 1 209979165 210002203 2.43501e-10 0.485162 1
ENSG00000082512.10 1 211499957 211499957 + 4 7246 1_internal_20202 1 211507203 211551473 0.000310463 0.28427 1
ENSG00000123684.8 1 212004114 212004114 - 7 -76918 1_internal_24983 1 212081032 212107552 8.89208e-15 0.568816 1
ENSG00000066027.4 1 212458782 212458782 + 8 0 1_internal_24968 1 212244195 212502179 1.83362e-08 0.423107 0
ENSG00000066027.4 1 212458782 212458782 + 8 -371 1_internal_19579 1 212404980 212458411 1.07606e-10 0.479054 1
ENSG00000123685.4 1 212873327 212873327 - 7 0 1_internal_24765 1 212838141 212884590 6.31816e-07 0.372018 1
ENSG00000162769.8 1 213031597 213031597 + 7 0 1_internal_20385 1 213029577 213068326 4.85955e-12 0.529057 1
ENSG00000117791.11 1 220921567 220921567 + 8 0 1_internal_23324 1 220905447 220979491 2.72924e-05 0.332305 1
ENSG00000186205.8 1 220960101 220960101 + 8 0 1_internal_16990 1 220948599 220968604 9.85285e-07 0.380146 1
ENSG00000227925.1 1 222014008 222014008 - 8 70864 1_internal_22368 1 221906290 221943144 0.000286182 0.27958 1
ENSG00000196187.7 1 226070069 226070069 - 12 13173 1_internal_18897 1 226039207 226056896 1.99884e-05 0.334151 1
ENSG00000116574.4 1 228870824 228870824 + 12 0 1_internal_22322 1 228870252 229132246 8.30548e-07 0.38189 1
ENSG00000116574.4 1 228870824 228870824 + 12 246630 1_internal_17358 1 229117454 229207198 5.0302e-05 0.318716 0
ENSG00000168118.7 1 229406822 229406822 + 15 54042 1_internal_19279 1 229460864 229548032 3.3784e-06 0.35222 1
ENSG00000237481.1 1 229455150 229455150 + 15 5714 1_internal_19279 1 229460864 229548032 5.83725e-10 0.445014 1
ENSG00000154429.6 1 229479041 229479041 - 15 0 1_internal_19279 1 229460864 229548032 2.47439e-18 0.648822 1
ENSG00000069248.8 1 229644103 229644103 - 15 -5952 1_internal_19620 1 229650055 229674668 4.54387e-05 -0.326547 1
ENSG00000177614.5 1 230561475 230561475 - 11 -133971 1_internal_16752 1 230695446 230779342 1.66862e-05 0.328598 1
ENSG00000135775.8 1 230778235 230778235 + 12 0 1_internal_16752 1 230695446 230779342 1.23741e-15 0.56491 1
ENSG00000221290.1 1 231155670 231155670 - 13 0 1_internal_18504 1 231155218 231245011 8.0272e-19 0.646712 1
ENSG00000227934.1 1 231157357 231157357 + 13 0 1_internal_18504 1 231155218 231245011 9.63575e-15 0.587557 1
ENSG00000182118.5 1 231175992 231175992 - 13 0 1_internal_18504 1 231155218 231245011 8.96941e-25 0.731361 1
ENSG00000162946.15 1 231762561 231762561 + 12 0 1_internal_22175 1 231739145 231836301 2.034e-13 0.548053 1
ENSG00000222986.1 1 231806381 231806381 + 12 0 1_internal_22175 1 231739145 231836301 5.51149e-05 0.310204 1
ENSG00000226758.1 1 232061580 232061580 + 12 -225279 1_internal_22175 1 231739145 231836301 1.31536e-05 0.341835 1
ENSG00000116991.6 1 232697304 232697304 - 11 0 1_internal_24794 1 232592113 232759222 4.562e-26 0.732168 1
ENSG00000116991.6 1 232697304 232697304 - 11 -55406 1_internal_17393 1 232752710 232767466 2.24354e-23 0.709849 0
ENSG00000116991.6 1 232697304 232697304 - 11 -67800 1_internal_17875 1 232765104 232770553 9.59126e-08 0.42077 0
ENSG00000135778.6 1 233086351 233086351 + 6 0 1_internal_25186 1 233073225 233317011 0.000213499 0.292558 1
ENSG00000183780.8 1 234040679 234040679 + 11 397044 1_internal_18205 1 234437723 234469022 1.63055e-19 0.637396 1
ENSG00000231272.1 1 234397452 234397452 + 11 40271 1_internal_18205 1 234437723 234469022 5.22558e-14 0.564008 1
ENSG00000232166.1 1 234420718 234420718 + 11 17005 1_internal_18205 1 234437723 234469022 1.66318e-14 0.559872 1
ENSG00000059588.5 1 234614849 234614849 - 12 0 1_internal_17217 1 234608213 234625453 5.66025e-07 0.394427 1
ENSG00000237520.1 1 235092978 235092978 + 15 883728 1_internal_16201 1 235976706 236029408 4.52321e-05 -0.321054 1
ENSG00000238005.1 1 235105809 235105809 - 15 0 1_internal_16005 1 235089547 235149710 0.000128857 0.298099 1
ENSG00000258082.1 1 235116551 235116551 - 15 0 1_internal_16005 1 235089547 235149710 2.3404e-05 0.31914 1
ENSG00000234086.2 1 235473313 235473313 - 15 0 1_internal_17132 1 235420970 235490528 6.91232e-05 0.310345 1
ENSG00000077585.9 1 236305832 236305832 + 7 0 1_internal_24591 1 236283385 236320576 3.9453e-07 0.388115 1
ENSG00000240963.1 1 244572894 244572894 - 6 83300 1_internal_21864 1 244453982 244489594 1.10281e-07 -0.419166 1
ENSG00000240963.1 1 244572894 244572894 - 6 0 1_internal_24992 1 244559196 244578528 8.03461e-05 0.316944 0
ENSG00000035687.9 1 244615436 244615436 - 5 125842 1_internal_21864 1 244453982 244489594 5.86227e-08 -0.427264 1
ENSG00000035687.9 1 244615436 244615436 - 5 36908 1_internal_24992 1 244559196 244578528 2.71001e-07 0.406223 0
ENSG00000143653.9 1 246887349 246887349 + 12 0 1_internal_24806 1 246857900 246895303 5.19661e-07 0.391994 0
ENSG00000143653.9 1 246887349 246887349 + 12 0 1_internal_23312 1 246887050 246895063 3.78975e-10 0.485432 1
ENSG00000260855.1 1 246935603 246935603 + 12 -40540 1_internal_23312 1 246887050 246895063 0.000269389 0.291287 1
ENSG00000162722.8 1 248020501 248020501 + 10 0 1_internal_23102 1 248015001 248022595 4.30036e-16 0.616815 1
ENSG00000238243.2 1 248031277 248031277 + 10 -8682 1_internal_23102 1 248015001 248022595 1.79929e-16 0.61274 1
