ENSG00000244482.4 19 54747130 54747130 - 26 0 19_internal_9047 19 54726593 54747242 6.33782e-09 0.428021 1
ENSG00000131042.9 19 54785039 54785039 - 25 37797 19_internal_9047 19 54726593 54747242 0.000119155 -0.299747 1
ENSG00000170866.7 19 54809952 54809952 - 25 0 19_internal_9576 19 54747745 54832283 2.29911e-24 0.69339 1
ENSG00000234436.1 19 54817309 54817309 - 25 0 19_internal_9576 19 54747745 54832283 5.35703e-08 0.402548 1
ENSG00000187116.9 19 54824409 54824409 - 25 0 19_internal_9576 19 54747745 54832283 1.35223e-07 0.402246 1
ENSG00000248166.1 19 54848439 54848439 - 25 16156 19_internal_9576 19 54747745 54832283 5.021e-07 0.363854 1
ENSG00000239961.2 19 54850421 54850421 - 25 103179 19_internal_9047 19 54726593 54747242 1.07801e-05 -0.351144 1
ENSG00000269271.1 19 55100906 55100906 + 22 0 19_internal_6120 19 55083234 55106666 5.03381e-06 0.35761 1
ENSG00000186152.6 19 55208383 55208383 + 23 -461141 19_internal_9047 19 54726593 54747242 1.59842e-05 0.340357 1
ENSG00000240403.1 19 55361898 55361898 + 23 0 19_internal_9831 19 55330311 55372217 6.38536e-06 0.350661 1
ENSG00000189430.8 19 55417508 55417508 + 22 0 19_internal_8476 19 55407330 55429316 2.61825e-09 0.461711 1
ENSG00000022556.11 19 55464498 55464498 + 22 5197 19_internal_8490 19 55469695 55575138 3.57767e-25 0.692641 1
ENSG00000022556.11 19 55464498 55464498 + 22 20121 19_internal_9171 19 55484619 55581475 3.72302e-09 0.43703 0
ENSG00000267265.1 19 55517561 55517561 + 21 0 19_internal_8490 19 55469695 55575138 2.06484e-34 0.786302 1
ENSG00000267265.1 19 55517561 55517561 + 21 0 19_internal_9171 19 55484619 55581475 6.1911e-14 0.54891 0
ENSG00000088053.7 19 55549632 55549632 - 21 0 19_internal_8490 19 55469695 55575138 1.26063e-24 0.714693 1
ENSG00000088053.7 19 55549632 55549632 - 21 0 19_internal_9171 19 55484619 55581475 4.54676e-11 0.501099 0
ENSG00000267149.1 19 55565296 55565296 - 20 0 19_internal_8490 19 55469695 55575138 2.39417e-34 0.778078 1
ENSG00000267149.1 19 55565296 55565296 - 20 0 19_internal_9171 19 55484619 55581475 6.0227e-16 0.577869 0
ENSG00000160439.10 19 55582659 55582659 - 19 7521 19_internal_8490 19 55469695 55575138 3.10473e-34 0.775884 1
ENSG00000160439.10 19 55582659 55582659 - 19 1184 19_internal_9171 19 55484619 55581475 3.60845e-15 0.564047 0
ENSG00000131037.10 19 55583388 55583388 + 19 -1913 19_internal_9171 19 55484619 55581475 4.23415e-06 0.341121 1
ENSG00000240225.5 19 56879468 56879468 + 5 0 19_internal_10260 19 52596918 58952663 8.14452e-09 0.421722 1
ENSG00000267776.1 19 56888653 56888653 - 5 0 19_internal_10260 19 52596918 58952663 2.43765e-05 0.322538 1
ENSG00000267776.1 19 56888653 56888653 - 5 -129879 19_internal_9817 19 57018532 58908737 9.77465e-05 0.297296 0
ENSG00000267459.1 19 56889161 56889161 - 5 0 19_internal_10260 19 52596918 58952663 6.30284e-06 0.351568 1
ENSG00000267459.1 19 56889161 56889161 - 5 273975 19_internal_7798 19 56166821 56615186 0.000354035 0.280032 0
ENSG00000018869.12 19 56904914 56904914 - 5 0 19_internal_10260 19 52596918 58952663 3.81718e-05 0.319271 1
ENSG00000018869.12 19 56904914 56904914 - 5 0 19_internal_9440 19 56904026 59011685 0.000314969 0.279596 0
ENSG00000267454.1 19 56905025 56905025 + 5 0 19_internal_10260 19 52596918 58952663 0.00037544 0.276873 1
ENSG00000198440.5 19 56909335 56909335 + 5 0 19_internal_10260 19 52596918 58952663 1.85767e-05 0.334897 1
ENSG00000166770.6 19 56988619 56988619 + 5 0 19_internal_10260 19 52596918 58952663 3.55945e-10 0.481426 1
ENSG00000166770.6 19 56988619 56988619 + 5 0 19_internal_9440 19 56904026 59011685 2.75478e-05 0.331194 0
ENSG00000166770.6 19 56988619 56988619 + 5 0 19_internal_6759 19 56914065 58000759 5.41614e-05 0.319294 0
ENSG00000196867.3 19 57050317 57050317 + 6 0 19_internal_10260 19 52596918 58952663 0.000142612 0.300361 1
ENSG00000197016.7 19 57078880 57078880 + 6 0 19_internal_10260 19 52596918 58952663 9.49053e-05 0.312162 1
ENSG00000197951.4 19 57106632 57106632 + 6 0 19_internal_10260 19 52596918 58952663 0.000153395 0.298361 0
ENSG00000197951.4 19 57106632 57106632 + 6 0 19_internal_9440 19 56904026 59011685 8.8045e-05 0.306947 1
ENSG00000127903.12 19 57183151 57183151 - 7 0 19_internal_10260 19 52596918 58952663 2.48643e-05 0.332496 1
ENSG00000198300.8 19 57352096 57352096 - 9 0 19_internal_10260 19 52596918 58952663 1.72185e-05 0.335942 1
ENSG00000083844.6 19 57702868 57702868 + 9 0 19_internal_10260 19 52596918 58952663 6.39529e-08 0.435398 1
ENSG00000083844.6 19 57702868 57702868 + 9 0 19_internal_9817 19 57018532 58908737 2.28717e-05 0.345117 0
ENSG00000083844.6 19 57702868 57702868 + 9 605729 19_internal_7875 19 58308597 58327062 3.00974e-05 0.340063 0
ENSG00000268713.1 19 57772722 57772722 + 10 0 19_internal_10260 19 52596918 58952663 0.000337201 0.292269 0
ENSG00000268713.1 19 57772722 57772722 + 10 535875 19_internal_7875 19 58308597 58327062 0.00021001 0.29982 1
ENSG00000268205.1 19 57815673 57815673 + 10 0 19_internal_10260 19 52596918 58952663 1.31549e-05 0.340001 1
ENSG00000178229.7 19 57831877 57831877 + 10 0 19_internal_10260 19 52596918 58952663 2.31476e-12 0.532755 1
ENSG00000178229.7 19 57831877 57831877 + 10 0 19_internal_9440 19 56904026 59011685 5.32806e-06 0.359405 0
ENSG00000178229.7 19 57831877 57831877 + 10 0 19_internal_9817 19 57018532 58908737 1.29821e-05 0.345089 0
ENSG00000178229.7 19 57831877 57831877 + 10 476720 19_internal_7875 19 58308597 58327062 1.49154e-08 0.438732 0
ENSG00000131845.10 19 57862675 57862675 + 10 0 19_internal_10260 19 52596918 58952663 9.43176e-17 0.618607 1
ENSG00000131845.10 19 57862675 57862675 + 10 0 19_internal_9440 19 56904026 59011685 1.23669e-06 0.384958 0
ENSG00000131845.10 19 57862675 57862675 + 10 0 19_internal_6759 19 56914065 58000759 0.000215096 0.298118 0
ENSG00000131845.10 19 57862675 57862675 + 10 0 19_internal_9817 19 57018532 58908737 1.82119e-06 0.37909 0
ENSG00000131845.10 19 57862675 57862675 + 10 247787 19_internal_7263 19 58110462 58459033 9.2047e-05 0.317739 0
ENSG00000131845.10 19 57862675 57862675 + 10 445922 19_internal_7875 19 58308597 58327062 2.57914e-10 0.488566 0
ENSG00000131845.10 19 57862675 57862675 + 10 458298 19_internal_6850 19 58320973 58332698 0.000186793 0.297296 0
ENSG00000268678.1 19 57863380 57863380 - 10 0 19_internal_10260 19 52596918 58952663 7.05302e-12 0.513386 1
ENSG00000268678.1 19 57863380 57863380 - 10 0 19_internal_9440 19 56904026 59011685 2.39702e-05 0.329218 0
ENSG00000268678.1 19 57863380 57863380 - 10 -445217 19_internal_7875 19 58308597 58327062 3.56927e-07 0.391247 0
ENSG00000152433.10 19 57874845 57874845 + 11 0 19_internal_10260 19 52596918 58952663 1.90098e-15 0.586366 1
ENSG00000152433.10 19 57874845 57874845 + 11 0 19_internal_9817 19 57018532 58908737 2.21755e-05 0.333575 0
ENSG00000152433.10 19 57874845 57874845 + 11 433752 19_internal_7875 19 58308597 58327062 3.08192e-08 0.426516 0
ENSG00000256060.2 19 57874879 57874879 + 11 0 19_internal_10260 19 52596918 58952663 3.31632e-19 0.636735 1
ENSG00000256060.2 19 57874879 57874879 + 11 0 19_internal_9440 19 56904026 59011685 1.42343e-05 0.336992 0
ENSG00000256060.2 19 57874879 57874879 + 11 0 19_internal_9817 19 57018532 58908737 1.09286e-06 0.375364 0
ENSG00000256060.2 19 57874879 57874879 + 11 433718 19_internal_7875 19 58308597 58327062 8.66906e-08 0.408743 0
ENSG00000268133.1 19 57874934 57874934 + 11 0 19_internal_10260 19 52596918 58952663 2.8749e-13 0.534758 1
ENSG00000268133.1 19 57874934 57874934 + 11 0 19_internal_9817 19 57018532 58908737 2.34021e-05 0.325427 0
ENSG00000268133.1 19 57874934 57874934 + 11 433663 19_internal_7875 19 58308597 58327062 4.82278e-07 0.382441 0
ENSG00000188785.7 19 57901218 57901218 + 11 0 19_internal_10260 19 52596918 58952663 1.20322e-17 0.606724 1
ENSG00000188785.7 19 57901218 57901218 + 11 0 19_internal_9440 19 56904026 59011685 1.31199e-06 0.368323 0
ENSG00000188785.7 19 57901218 57901218 + 11 0 19_internal_9817 19 57018532 58908737 1.11457e-06 0.370435 0
ENSG00000188785.7 19 57901218 57901218 + 11 209244 19_internal_7263 19 58110462 58459033 0.000127498 0.298796 0
ENSG00000188785.7 19 57901218 57901218 + 11 407379 19_internal_7875 19 58308597 58327062 3.28353e-07 0.386657 0
ENSG00000269533.1 19 57901252 57901252 + 11 0 19_internal_10260 19 52596918 58952663 2.09018e-10 0.478829 1
ENSG00000269533.1 19 57901252 57901252 + 11 0 19_internal_9440 19 56904026 59011685 2.64042e-05 0.326364 0
ENSG00000269533.1 19 57901252 57901252 + 11 0 19_internal_9817 19 57018532 58908737 5.68402e-06 0.350627 0
ENSG00000269533.1 19 57901252 57901252 + 11 407345 19_internal_7875 19 58308597 58327062 0.000156274 0.294822 0
ENSG00000186272.8 19 57922531 57922531 + 11 0 19_internal_10260 19 52596918 58952663 1.57594e-08 0.432345 0
ENSG00000186272.8 19 57922531 57922531 + 11 0 19_internal_9440 19 56904026 59011685 0.00072726 0.265513 0
ENSG00000186272.8 19 57922531 57922531 + 11 0 19_internal_9817 19 57018532 58908737 7.91181e-09 0.4379 1
ENSG00000186272.8 19 57922531 57922531 + 11 386066 19_internal_7875 19 58308597 58327062 1.26903e-08 0.432087 0
ENSG00000178201.3 19 57967854 57967854 - 11 0 19_internal_10260 19 52596918 58952663 1.13916e-05 0.343455 1
ENSG00000178201.3 19 57967854 57967854 - 11 -43929 19_internal_7646 19 58011783 58790069 2.84595e-05 0.326108 0
ENSG00000268163.1 19 57988904 57988904 - 12 0 19_internal_10260 19 52596918 58952663 0.000251785 0.29211 1
ENSG00000197128.7 19 57988938 57988938 - 12 0 19_internal_10260 19 52596918 58952663 9.97086e-11 0.498049 1
ENSG00000197128.7 19 57988938 57988938 - 12 0 19_internal_9440 19 56904026 59011685 5.09116e-06 0.361013 0
ENSG00000105136.14 19 57999079 57999079 + 12 0 19_internal_6759 19 56914065 58000759 4.94515e-05 0.319772 1
ENSG00000152439.8 19 58011283 58011283 + 12 0 19_internal_10260 19 52596918 58952663 2.33162e-05 0.33367 1
ENSG00000121406.4 19 58038693 58038693 + 12 0 19_internal_10260 19 52596918 58952663 2.1452e-09 0.442661 1
ENSG00000121406.4 19 58038693 58038693 + 12 0 19_internal_9440 19 56904026 59011685 0.000293768 0.275987 0
ENSG00000121406.4 19 58038693 58038693 + 12 0 19_internal_9817 19 57018532 58908737 6.05726e-06 0.340727 0
ENSG00000121406.4 19 58038693 58038693 + 12 71769 19_internal_7263 19 58110462 58459033 8.65041e-05 0.301239 0
ENSG00000251369.3 19 58071231 58071231 - 14 0 19_internal_10260 19 52596918 58952663 2.54533e-06 0.354181 1
ENSG00000171649.7 19 58089824 58089824 + 14 0 19_internal_10260 19 52596918 58952663 6.34088e-09 0.452128 1
ENSG00000171649.7 19 58089824 58089824 + 14 0 19_internal_9440 19 56904026 59011685 6.87571e-05 0.31703 0
ENSG00000171649.7 19 58089824 58089824 + 14 218773 19_internal_7875 19 58308597 58327062 7.86738e-07 0.387597 0
ENSG00000183647.6 19 58111253 58111253 + 14 0 19_internal_10260 19 52596918 58952663 0.000139654 0.290089 1
ENSG00000213762.6 19 58125601 58125601 + 14 0 19_internal_10260 19 52596918 58952663 4.14693e-07 0.397334 1
ENSG00000213762.6 19 58125601 58125601 + 14 0 19_internal_9817 19 57018532 58908737 1.97428e-05 0.336989 0
ENSG00000213762.6 19 58125601 58125601 + 14 0 19_internal_7263 19 58110462 58459033 5.8092e-05 0.321944 0
ENSG00000121417.9 19 58141761 58141761 + 14 0 19_internal_9817 19 57018532 58908737 0.000147527 0.307839 1
ENSG00000204519.5 19 58193337 58193337 + 14 0 19_internal_10260 19 52596918 58952663 3.80571e-16 0.590288 1
ENSG00000204519.5 19 58193337 58193337 + 14 0 19_internal_9440 19 56904026 59011685 2.79034e-07 0.393692 0
ENSG00000204519.5 19 58193337 58193337 + 14 0 19_internal_9817 19 57018532 58908737 1.48323e-07 0.401752 0
ENSG00000204519.5 19 58193337 58193337 + 14 0 19_internal_7263 19 58110462 58459033 4.65752e-06 0.357646 0
ENSG00000204519.5 19 58193337 58193337 + 14 115260 19_internal_7875 19 58308597 58327062 6.71994e-09 0.438806 0
ENSG00000204519.5 19 58193337 58193337 + 14 127636 19_internal_6850 19 58320973 58332698 4.94013e-05 0.311944 0
ENSG00000269026.1 19 58193403 58193403 + 14 0 19_internal_10260 19 52596918 58952663 2.3923e-17 0.615256 1
ENSG00000269026.1 19 58193403 58193403 + 14 0 19_internal_9440 19 56904026 59011685 1.62383e-05 0.33784 0
ENSG00000269026.1 19 58193403 58193403 + 14 0 19_internal_9817 19 57018532 58908737 5.82734e-09 0.445219 0
ENSG00000269026.1 19 58193403 58193403 + 14 0 19_internal_7263 19 58110462 58459033 1.23656e-06 0.381025 0
ENSG00000269026.1 19 58193403 58193403 + 14 115194 19_internal_7875 19 58308597 58327062 1.38641e-08 0.434797 0
ENSG00000228006.2 19 58202072 58202072 - 14 0 19_internal_10260 19 52596918 58952663 1.56854e-15 0.577078 1
ENSG00000228006.2 19 58202072 58202072 - 14 0 19_internal_9440 19 56904026 59011685 2.00935e-07 0.39589 0
ENSG00000228006.2 19 58202072 58202072 - 14 0 19_internal_9817 19 57018532 58908737 3.93994e-07 0.386858 0
ENSG00000228006.2 19 58202072 58202072 - 14 0 19_internal_7263 19 58110462 58459033 1.87937e-06 0.369211 0
ENSG00000228006.2 19 58202072 58202072 - 14 -106525 19_internal_7875 19 58308597 58327062 2.60444e-09 0.447018 0
ENSG00000228006.2 19 58202072 58202072 - 14 -118901 19_internal_6850 19 58320973 58332698 3.13214e-05 0.317898 0
ENSG00000179909.11 19 58220579 58220579 - 14 0 19_internal_10260 19 52596918 58952663 6.05012e-15 0.561207 1
ENSG00000179909.11 19 58220579 58220579 - 14 0 19_internal_9440 19 56904026 59011685 5.8249e-07 0.377775 0
ENSG00000179909.11 19 58220579 58220579 - 14 0 19_internal_9817 19 57018532 58908737 1.75249e-06 0.362419 0
ENSG00000179909.11 19 58220579 58220579 - 14 0 19_internal_7263 19 58110462 58459033 1.61316e-05 0.332746 0
ENSG00000179909.11 19 58220579 58220579 - 14 -88018 19_internal_7875 19 58308597 58327062 9.92806e-10 0.4526 0
ENSG00000179909.11 19 58220579 58220579 - 14 -100394 19_internal_6850 19 58320973 58332698 4.77129e-05 0.307627 0
ENSG00000083814.8 19 58238992 58238992 - 14 0 19_internal_10260 19 52596918 58952663 2.39168e-13 0.559951 1
ENSG00000083814.8 19 58238992 58238992 - 14 0 19_internal_9440 19 56904026 59011685 8.12909e-07 0.392422 0
ENSG00000083814.8 19 58238992 58238992 - 14 0 19_internal_9817 19 57018532 58908737 1.29609e-06 0.38548 0
ENSG00000083814.8 19 58238992 58238992 - 14 0 19_internal_7263 19 58110462 58459033 6.82687e-05 0.324428 0
ENSG00000083814.8 19 58238992 58238992 - 14 -69605 19_internal_7875 19 58308597 58327062 3.2497e-08 0.434978 0
ENSG00000152443.8 19 58258164 58258164 + 14 0 19_internal_10260 19 52596918 58952663 3.26913e-18 0.633613 1
ENSG00000152443.8 19 58258164 58258164 + 14 0 19_internal_9440 19 56904026 59011685 5.76167e-07 0.391164 0
ENSG00000152443.8 19 58258164 58258164 + 14 0 19_internal_9817 19 57018532 58908737 6.95658e-07 0.388357 0
ENSG00000152443.8 19 58258164 58258164 + 14 0 19_internal_7263 19 58110462 58459033 1.16356e-07 0.416939 0
ENSG00000152443.8 19 58258164 58258164 + 14 50433 19_internal_7875 19 58308597 58327062 4.70858e-12 0.521614 0
ENSG00000083828.10 19 58280997 58280997 + 14 0 19_internal_10260 19 52596918 58952663 2.11106e-10 0.49301 1
ENSG00000083828.10 19 58280997 58280997 + 14 27600 19_internal_7875 19 58308597 58327062 1.36731e-06 0.38236 0
ENSG00000083828.10 19 58280997 58280997 + 14 39976 19_internal_6850 19 58320973 58332698 8.97486e-06 0.349541 0
ENSG00000178935.5 19 58326281 58326281 - 14 0 19_internal_10260 19 52596918 58952663 4.26106e-06 0.363176 0
ENSG00000178935.5 19 58326281 58326281 - 14 0 19_internal_7875 19 58308597 58327062 5.9337e-13 0.53894 1
ENSG00000178935.5 19 58326281 58326281 - 14 0 19_internal_6850 19 58320973 58332698 1.1262e-07 0.407094 0
ENSG00000269343.1 19 58331099 58331099 + 14 0 19_internal_10260 19 52596918 58952663 1.68743e-05 0.339737 1
ENSG00000269343.1 19 58331099 58331099 + 14 0 19_internal_6850 19 58320973 58332698 5.42249e-05 0.31418 0
ENSG00000198466.7 19 58361228 58361228 + 14 0 19_internal_10260 19 52596918 58952663 0.000145056 0.298868 1
ENSG00000204514.5 19 58400442 58400442 - 14 0 19_internal_10260 19 52596918 58952663 9.00139e-17 0.602696 1
ENSG00000204514.5 19 58400442 58400442 - 14 0 19_internal_9440 19 56904026 59011685 7.2519e-08 0.412675 0
ENSG00000204514.5 19 58400442 58400442 - 14 0 19_internal_9817 19 57018532 58908737 1.28183e-07 0.405266 0
ENSG00000204514.5 19 58400442 58400442 - 14 0 19_internal_7263 19 58110462 58459033 1.04576e-05 0.346444 0
ENSG00000204514.5 19 58400442 58400442 - 14 73380 19_internal_7875 19 58308597 58327062 3.86509e-10 0.471597 0
ENSG00000204514.5 19 58400442 58400442 - 14 67744 19_internal_6850 19 58320973 58332698 3.5425e-07 0.387183 0
ENSG00000269476.1 19 58427959 58427959 - 14 0 19_internal_10260 19 52596918 58952663 3.56179e-13 0.54888 1
ENSG00000269476.1 19 58427959 58427959 - 14 0 19_internal_9440 19 56904026 59011685 3.97985e-05 0.326209 0
ENSG00000269476.1 19 58427959 58427959 - 14 0 19_internal_9817 19 57018532 58908737 3.64859e-06 0.364842 0
ENSG00000269476.1 19 58427959 58427959 - 14 0 19_internal_7263 19 58110462 58459033 6.3046e-05 0.321417 0
ENSG00000269476.1 19 58427959 58427959 - 14 100897 19_internal_7875 19 58308597 58327062 9.06143e-06 0.350391 0
ENSG00000173480.6 19 58427978 58427978 - 14 0 19_internal_10260 19 52596918 58952663 7.41895e-11 0.487861 1
ENSG00000173480.6 19 58427978 58427978 - 14 0 19_internal_9440 19 56904026 59011685 1.90243e-05 0.33087 0
ENSG00000173480.6 19 58427978 58427978 - 14 0 19_internal_9817 19 57018532 58908737 1.78672e-06 0.36678 0
ENSG00000173480.6 19 58427978 58427978 - 14 0 19_internal_7263 19 58110462 58459033 7.24429e-06 0.349738 0
ENSG00000173480.6 19 58427978 58427978 - 14 100916 19_internal_7875 19 58308597 58327062 7.8208e-07 0.378098 0
ENSG00000196724.8 19 58446761 58446761 - 14 0 19_internal_10260 19 52596918 58952663 2.43742e-17 0.600291 1
ENSG00000196724.8 19 58446761 58446761 - 14 0 19_internal_9440 19 56904026 59011685 8.21199e-11 0.478891 0
ENSG00000196724.8 19 58446761 58446761 - 14 0 19_internal_9817 19 57018532 58908737 4.44861e-09 0.437476 0
ENSG00000196724.8 19 58446761 58446761 - 14 0 19_internal_7646 19 58011783 58790069 1.54308e-05 0.32988 0
ENSG00000196724.8 19 58446761 58446761 - 14 0 19_internal_7263 19 58110462 58459033 8.67434e-08 0.407106 0
ENSG00000196724.8 19 58446761 58446761 - 14 119699 19_internal_7875 19 58308597 58327062 5.56071e-07 0.378469 0
ENSG00000152454.3 19 58459043 58459043 - 14 0 19_internal_10260 19 52596918 58952663 6.31182e-16 0.592894 1
ENSG00000152454.3 19 58459043 58459043 - 14 0 19_internal_9440 19 56904026 59011685 1.29748e-08 0.436324 0
ENSG00000152454.3 19 58459043 58459043 - 14 0 19_internal_9817 19 57018532 58908737 5.6507e-05 0.316752 0
ENSG00000152454.3 19 58459043 58459043 - 14 10 19_internal_7263 19 58110462 58459033 2.18957e-10 0.486095 0
ENSG00000152454.3 19 58459043 58459043 - 14 131981 19_internal_7875 19 58308597 58327062 3.77528e-09 0.44999 0
ENSG00000176593.3 19 58513429 58513429 + 14 0 19_internal_10260 19 52596918 58952663 3.81021e-06 0.3554 1
ENSG00000176593.3 19 58513429 58513429 + 14 0 19_internal_9817 19 57018532 58908737 7.88025e-05 0.304648 0
ENSG00000176593.3 19 58513429 58513429 + 14 -54396 19_internal_7263 19 58110462 58459033 3.04031e-05 0.324377 0
ENSG00000166704.7 19 58514717 58514717 - 14 0 19_internal_10260 19 52596918 58952663 3.22152e-05 0.336042 1
ENSG00000176293.13 19 58570607 58570607 + 14 0 19_internal_10260 19 52596918 58952663 6.9493e-10 0.456535 1
ENSG00000176293.13 19 58570607 58570607 + 14 0 19_internal_9440 19 56904026 59011685 6.99e-05 0.303179 0
ENSG00000176293.13 19 58570607 58570607 + 14 0 19_internal_9817 19 57018532 58908737 1.14533e-07 0.396316 0
ENSG00000176293.13 19 58570607 58570607 + 14 -111574 19_internal_7263 19 58110462 58459033 1.55904e-05 0.331303 0
ENSG00000121413.8 19 58629794 58629794 - 14 0 19_internal_10260 19 52596918 58952663 6.80962e-10 0.474413 1
ENSG00000121413.8 19 58629794 58629794 - 14 0 19_internal_9440 19 56904026 59011685 2.54809e-05 0.332421 0
ENSG00000121413.8 19 58629794 58629794 - 14 0 19_internal_9817 19 57018532 58908737 6.39838e-07 0.388565 0
ENSG00000121413.8 19 58629794 58629794 - 14 170761 19_internal_7263 19 58110462 58459033 5.23545e-05 0.323362 0
ENSG00000181894.10 19 58666477 58666477 - 14 0 19_internal_10260 19 52596918 58952663 1.55755e-14 0.544893 1
ENSG00000181894.10 19 58666477 58666477 - 14 0 19_internal_9440 19 56904026 59011685 6.24415e-07 0.370568 0
ENSG00000181894.10 19 58666477 58666477 - 14 665718 19_internal_6759 19 56914065 58000759 0.000109875 0.291893 0
ENSG00000181894.10 19 58666477 58666477 - 14 0 19_internal_9817 19 57018532 58908737 1.78029e-08 0.414137 0
ENSG00000181894.10 19 58666477 58666477 - 14 0 19_internal_7646 19 58011783 58790069 5.81592e-05 0.302473 0
ENSG00000181894.10 19 58666477 58666477 - 14 207444 19_internal_7263 19 58110462 58459033 4.73723e-06 0.34592 0
ENSG00000181894.10 19 58666477 58666477 - 14 339415 19_internal_7875 19 58308597 58327062 7.1295e-06 0.335895 0
ENSG00000171606.13 19 58694396 58694396 + 14 0 19_internal_10260 19 52596918 58952663 7.16855e-07 0.374161 1
ENSG00000171606.13 19 58694396 58694396 + 14 0 19_internal_9440 19 56904026 59011685 0.000112651 0.294415 0
ENSG00000171606.13 19 58694396 58694396 + 14 0 19_internal_9817 19 57018532 58908737 4.93245e-05 0.308549 0
ENSG00000171606.13 19 58694396 58694396 + 14 -235363 19_internal_7263 19 58110462 58459033 1.31612e-06 0.367691 0
ENSG00000198131.9 19 58739960 58739960 + 14 0 19_internal_10260 19 52596918 58952663 0.000126701 0.302592 1
