ENSG00000176222.7 19 44405537 44405537 - 12 -82044 19_internal_9987 19 44487581 44717562 8.32423e-05 0.306696 1
ENSG00000204920.6 19 44472014 44472014 + 12 15567 19_internal_9987 19 44487581 44717562 8.22657e-07 0.380472 1
ENSG00000266921.1 19 44506988 44506988 - 12 0 19_internal_9987 19 44487581 44717562 1.24296e-05 0.342445 1
ENSG00000159882.8 19 44507100 44507100 + 12 0 19_internal_9987 19 44487581 44717562 6.16531e-09 0.437115 1
ENSG00000267022.1 19 44529506 44529506 + 12 0 19_internal_9987 19 44487581 44717562 1.3484e-05 0.348443 1
ENSG00000186026.6 19 44576297 44576297 + 13 0 19_internal_9987 19 44487581 44717562 2.74197e-08 0.413816 1
ENSG00000073008.9 19 45147098 45147098 + 22 0 19_internal_8578 19 45069281 45147855 1.24195e-14 0.565523 1
ENSG00000186567.8 19 45165545 45165545 + 23 -17690 19_internal_8578 19 45069281 45147855 2.72419e-10 0.484267 1
ENSG00000130202.5 19 45349432 45349432 + 22 0 19_internal_7475 19 45347000 45396802 6.41794e-34 0.775676 1
ENSG00000267282.1 19 45394133 45394133 - 22 0 19_internal_7475 19 45347000 45396802 6.99445e-20 0.620351 1
ENSG00000104856.9 19 45504688 45504688 + 22 -230024 19_internal_6325 19 45223732 45274664 0.000100049 0.298893 1
ENSG00000007047.10 19 45582546 45582546 + 22 168894 19_internal_7624 19 45751440 45815532 1.49604e-06 0.361158 1
ENSG00000104879.4 19 45826235 45826235 - 21 10703 19_internal_7624 19 45751440 45815532 2.93419e-08 0.411061 1
ENSG00000104936.12 19 46285810 46285810 - 21 0 19_internal_6575 19 46270539 46297772 4.08339e-05 0.321634 1
ENSG00000204850.3 19 46997765 46997765 + 24 0 19_internal_9500 19 46916387 46999242 1.23272e-18 0.578023 1
ENSG00000204851.5 19 46999755 46999755 - 24 513 19_internal_9500 19 46916387 46999242 2.79069e-21 0.614228 1
ENSG00000142235.4 19 49016446 49016446 - 8 9168 19_internal_8088 19 48992924 49007278 1.06642e-05 0.356322 1
