ENSG00000178537.5 3 48936426 48936426 - 9 0 3_internal_14279 3 48917037 48937617 8.0305e-07 0.369284 1
ENSG00000172053.10 3 49142553 49142553 - 10 584388 3_internal_16456 3 48505840 48558165 0.000150219 -0.285465 1
ENSG00000185909.10 3 49209044 49209044 + 10 0 3_internal_13368 3 49207680 49317178 4.12092e-06 0.341581 1
ENSG00000164068.11 3 49726932 49726932 + 10 213772 3_internal_12591 3 49940704 49981445 0.000284351 -0.290337 1
ENSG00000004534.9 3 49977440 49977440 + 9 0 3_internal_12591 3 49940704 49981445 2.21939e-12 0.519103 1
ENSG00000157445.10 3 54156574 54156574 + 9 840227 3_internal_11821 3 54996801 55024474 5.7579e-07 0.379301 1
ENSG00000114251.9 3 55523973 55523973 - 2 -121794 3_internal_13984 3 55645767 55662042 3.08247e-05 0.34419 1
ENSG00000180376.12 3 56591189 56591189 + 4 0 3_internal_14159 3 56590175 56643442 3.48806e-11 0.469761 1
ENSG00000186451.1 3 57094469 57094469 + 6 0 3_internal_16585 3 56948035 57214273 3.52583e-07 0.353733 1
ENSG00000163947.7 3 57113357 57113357 - 6 276006 3_internal_11962 3 56784987 56837351 1.51637e-06 0.37368 1
ENSG00000174839.8 3 57678816 57678816 - 6 -264767 3_internal_15564 3 57943583 57972416 7.39314e-05 -0.314217 1
ENSG00000136068.10 3 57994127 57994127 + 6 -21711 3_internal_15564 3 57943583 57972416 3.94425e-20 0.646018 1
ENSG00000244161.1 3 58156363 58156363 - 6 183947 3_internal_15564 3 57943583 57972416 1.48351e-18 0.630181 1
ENSG00000144749.9 3 66551687 66551687 - 3 0 3_internal_16910 3 66447781 66854898 3.56485e-22 0.690466 1
ENSG00000144749.9 3 66551687 66551687 - 3 0 3_internal_12466 3 66527169 67707094 0.000268051 0.293489 0
ENSG00000172340.10 3 67705038 67705038 - 2 0 3_internal_12466 3 66527169 67707094 0.000790415 0.271212 1
ENSG00000114541.10 3 69591734 69591734 - 3 131984 3_internal_17516 3 69368609 69459750 1.86968e-11 0.498449 1
ENSG00000114541.10 3 69591734 69591734 - 3 105904 3_internal_11743 3 69479875 69485830 3.06456e-06 0.358903 0
ENSG00000170837.2 3 71803201 71803201 + 24 0 3_internal_11756 3 71625550 71805156 1.6339e-08 0.447316 0
ENSG00000170837.2 3 71803201 71803201 + 24 -21895 3_internal_17260 3 71677857 71781306 2.70621e-06 0.377696 0
ENSG00000170837.2 3 71803201 71803201 + 24 0 3_internal_16339 3 71778116 71837222 1.20705e-32 0.803024 1
ENSG00000170837.2 3 71803201 71803201 + 24 24194 3_internal_11598 3 71827395 71908553 1.21889e-11 0.526097 0
ENSG00000170837.2 3 71803201 71803201 + 24 39578 3_internal_16358 3 71842779 71881894 1.8899e-15 0.600941 0
ENSG00000163412.7 3 71803924 71803924 - 24 22618 3_internal_17260 3 71677857 71781306 5.1068e-32 0.780039 1
ENSG00000163412.7 3 71803924 71803924 - 24 106110 3_internal_11754 3 71688355 71697814 3.83481e-06 0.362784 0
ENSG00000163412.7 3 71803924 71803924 - 24 0 3_internal_16339 3 71778116 71837222 1.81796e-09 0.462194 0
ENSG00000163412.7 3 71803924 71803924 - 24 -38855 3_internal_16358 3 71842779 71881894 3.65478e-06 0.364577 0
ENSG00000163421.4 3 71834357 71834357 - 24 29201 3_internal_11756 3 71625550 71805156 8.48744e-09 0.458759 0
ENSG00000163421.4 3 71834357 71834357 - 24 0 3_internal_16339 3 71778116 71837222 2.94217e-33 0.814056 1
ENSG00000163421.4 3 71834357 71834357 - 24 0 3_internal_11598 3 71827395 71908553 9.53789e-17 0.627713 0
ENSG00000163421.4 3 71834357 71834357 - 24 -8422 3_internal_16358 3 71842779 71881894 7.14641e-19 0.660539 0
ENSG00000238278.3 3 75464221 75464221 + 4 0 3_internal_13611 3 75290544 75629695 6.19683e-10 0.457777 1
ENSG00000244026.1 3 75484261 75484261 - 4 0 3_internal_13611 3 75290544 75629695 2.48392e-12 0.522502 1
ENSG00000239959.1 3 75540353 75540353 - 4 0 3_internal_13611 3 75290544 75629695 4.11353e-10 0.477388 1
ENSG00000227124.4 3 75834734 75834734 - 4 205039 3_internal_13611 3 75290544 75629695 7.80152e-05 0.312627 1
ENSG00000233280.1 3 97540884 97540884 + 2 88053 3_internal_15499 3 97628937 97694253 4.57121e-19 0.625003 1
ENSG00000080200.5 3 97595819 97595819 + 2 33118 3_internal_15499 3 97628937 97694253 5.85276e-20 0.639394 1
ENSG00000170854.12 3 97691301 97691301 - 2 0 3_internal_15499 3 97628937 97694253 7.3081e-16 0.577272 1
ENSG00000114354.8 3 100428205 100428205 + 6 -144543 3_internal_15579 3 100184348 100283662 3.02278e-05 0.326156 1
ENSG00000138468.11 3 101232085 101232085 - 11 0 3_internal_12407 3 101183704 101263963 9.35511e-06 0.333985 1
ENSG00000174173.6 3 101280706 101280706 + 11 -16743 3_internal_12407 3 101183704 101263963 1.84058e-05 0.337682 1
ENSG00000214407.3 3 101659703 101659703 + 8 0 3_internal_13773 3 101554622 101662558 2.1828e-05 -0.333073 1
