ENSG00000174282.7 17 7387582 7387582 - 17 475 17_internal_8559 17 7369033 7387107 8.20463e-10 0.456732 1
ENSG00000170004.12 17 7788124 7788124 + 16 493808 17_internal_11155 17 8281932 8312318 8.63078e-05 0.296833 1
ENSG00000170037.9 17 7835419 7835419 + 18 83827 17_internal_12331 17 7919246 7960442 3.53687e-05 0.320195 1
ENSG00000179593.11 17 7942335 7942335 + 19 0 17_internal_8160 17 7918579 7947036 9.66988e-09 0.417659 0
ENSG00000179593.11 17 7942335 7942335 + 19 0 17_internal_12331 17 7919246 7960442 3.98099e-10 0.449369 1
ENSG00000174083.12 17 8770994 8770994 - 13 0 17_internal_8965 17 8745229 8773213 4.78769e-07 0.380756 1
ENSG00000221486.1 17 9974207 9974207 + 4 25610 17_internal_12162 17 9999817 10130884 0.000266583 0.277079 1
ENSG00000263500.1 17 10034704 10034704 - 4 0 17_internal_12162 17 9999817 10130884 5.05303e-05 0.316355 1
ENSG00000264194.1 17 10048831 10048831 + 4 0 17_internal_12162 17 9999817 10130884 4.53195e-08 0.420666 1
ENSG00000007237.12 17 10101868 10101868 - 4 209604 17_internal_11699 17 9833051 9892264 9.72439e-05 0.307962 1
ENSG00000125430.4 17 14204400 14204400 + 2 0 17_internal_12693 17 13503691 15089407 1.85823e-19 0.620222 1
ENSG00000266709.1 17 14207171 14207171 + 2 0 17_internal_12693 17 13503691 15089407 1.75809e-13 0.542079 1
ENSG00000266378.1 17 14230652 14230652 + 2 0 17_internal_12693 17 13503691 15089407 7.59962e-06 0.348441 1
ENSG00000109099.9 17 15168643 15168643 - 6 -174807 17_internal_8551 17 15343450 15406347 6.75206e-06 0.358572 1
ENSG00000170425.3 17 15848231 15848231 + 9 309815 17_internal_9547 17 16158046 16173286 8.95067e-12 0.484126 1
ENSG00000170425.3 17 15848231 15848231 + 9 309877 17_internal_8299 17 16158108 16192850 1.61784e-10 0.457947 0
ENSG00000011295.9 17 15902694 15902694 + 9 255352 17_internal_9547 17 16158046 16173286 4.05335e-05 -0.318676 0
ENSG00000011295.9 17 15902694 15902694 + 9 255414 17_internal_8299 17 16158108 16192850 1.07587e-06 -0.374794 1
ENSG00000108474.9 17 16120523 16120523 + 11 37523 17_internal_9547 17 16158046 16173286 1.88999e-07 0.40104 0
ENSG00000108474.9 17 16120523 16120523 + 11 37585 17_internal_8299 17 16158108 16192850 7.3367e-09 0.441087 1
ENSG00000141027.15 17 16121499 16121499 - 11 -36547 17_internal_9547 17 16158046 16173286 1.43577e-08 0.42951 1
ENSG00000141027.15 17 16121499 16121499 - 11 -36609 17_internal_8299 17 16158108 16192850 4.26555e-05 0.317829 0
ENSG00000265401.1 17 16285983 16285983 - 11 93133 17_internal_8299 17 16158108 16192850 0.000223899 0.28366 1
ENSG00000133030.14 17 16945859 16945859 + 13 0 17_internal_13313 17 16914283 17217327 2.83393e-06 -0.375348 0
ENSG00000133030.14 17 16945859 16945859 + 13 0 17_internal_8867 17 16944403 16978116 1.88436e-15 0.601588 1
ENSG00000133030.14 17 16945859 16945859 + 13 98683 17_internal_8850 17 17044542 17049254 3.40567e-06 -0.373656 0
ENSG00000225442.2 17 16981066 16981066 - 13 2950 17_internal_8867 17 16944403 16978116 1.05432e-06 0.369921 1
ENSG00000214899.1 17 17072078 17072078 + 14 -93962 17_internal_8867 17 16944403 16978116 7.91741e-09 0.432541 1
ENSG00000263624.1 17 17088868 17088868 - 14 110752 17_internal_8867 17 16944403 16978116 8.17916e-10 0.449486 1
ENSG00000263789.1 17 17089779 17089779 + 14 -111663 17_internal_8867 17 16944403 16978116 1.70403e-06 0.378058 1
ENSG00000259850.1 17 17091982 17091982 + 14 0 17_internal_13313 17 16914283 17217327 7.75688e-07 -0.395785 0
ENSG00000259850.1 17 17091982 17091982 + 14 -113866 17_internal_8867 17 16944403 16978116 1.0986e-12 0.550678 1
ENSG00000259850.1 17 17091982 17091982 + 14 -42728 17_internal_8850 17 17044542 17049254 4.06005e-05 -0.333667 0
ENSG00000264187.1 17 17140499 17140499 - 14 0 17_internal_13313 17 16914283 17217327 9.61834e-16 0.554175 1
ENSG00000154803.8 17 17140502 17140502 - 14 0 17_internal_13313 17 16914283 17217327 8.70778e-18 0.588984 1
ENSG00000141030.8 17 17184607 17184607 - 13 0 17_internal_13313 17 16914283 17217327 5.86364e-30 0.730354 1
ENSG00000141030.8 17 17184607 17184607 - 13 135353 17_internal_8850 17 17044542 17049254 1.54601e-05 0.328038 0
ENSG00000205309.8 17 17206649 17206649 + 13 0 17_internal_13313 17 16914283 17217327 2.63178e-08 0.41538 1
ENSG00000133027.12 17 17495022 17495022 - 13 0 17_internal_11324 17 17379582 17545468 7.09681e-06 0.352737 1
ENSG00000176974.12 17 18266856 18266856 - 13 0 17_internal_11776 17 18207821 18380780 3.59223e-09 0.454802 1
ENSG00000227077.2 17 18476045 18476045 + 14 0 17_internal_12397 17 18314661 18673755 4.57493e-12 0.511174 1
