ENSG00000103047.3 16 68877507 68877507 + 13 -60000 16_internal_8600 16 68738045 68817507 2.20947e-06 0.351548 1
ENSG00000255185.1 16 70099848 70099848 - 10 -48717 16_internal_6530 16 70148565 70199360 0.000346462 0.274739 1
ENSG00000196696.7 16 70099851 70099851 - 10 -48714 16_internal_6530 16 70148565 70199360 4.25119e-05 0.311917 1
ENSG00000226232.3 16 70099851 70099851 - 10 -48714 16_internal_6530 16 70148565 70199360 3.81776e-05 0.312383 1
ENSG00000090857.9 16 70147529 70147529 + 10 1036 16_internal_6530 16 70148565 70199360 5.34588e-06 0.35799 0
ENSG00000090857.9 16 70147529 70147529 + 10 27266 16_internal_6145 16 70174795 70197115 3.24988e-30 0.783494 1
ENSG00000247228.2 16 70207351 70207351 - 10 7991 16_internal_6530 16 70148565 70199360 1.17398e-05 0.344807 0
ENSG00000247228.2 16 70207351 70207351 - 10 10236 16_internal_6145 16 70174795 70197115 1.43274e-31 0.793319 1
ENSG00000223496.1 16 70285833 70285833 - 10 -143175 16_internal_6436 16 70429008 70474346 8.91821e-05 -0.302473 1
ENSG00000157350.8 16 70473140 70473140 - 8 0 16_internal_6436 16 70429008 70474346 1.71564e-06 0.375076 1
ENSG00000262086.1 16 71486552 71486552 - 6 -8875 16_internal_6021 16 71495427 71600240 8.28671e-07 0.384688 1
ENSG00000247324.2 16 71496181 71496181 + 6 0 16_internal_6021 16 71495427 71600240 7.60118e-06 0.346441 1
ENSG00000167377.12 16 71496998 71496998 - 6 0 16_internal_6021 16 71495427 71600240 6.84192e-07 0.382226 1
ENSG00000261611.3 16 71523214 71523214 - 6 0 16_internal_6021 16 71495427 71600240 1.49471e-06 0.374913 1
ENSG00000157429.11 16 71598992 71598992 - 6 0 16_internal_6021 16 71495427 71600240 1.28674e-05 0.34329 1
ENSG00000257017.4 16 72088491 72088491 + 7 -36877 16_internal_8519 16 72033177 72051614 2.56931e-07 0.386102 1
ENSG00000140829.7 16 72127461 72127461 + 7 -75847 16_internal_8519 16 72033177 72051614 1.34341e-08 -0.398668 1
ENSG00000261079.1 16 74401360 74401360 + 7 0 16_internal_5833 16 74397874 74441629 8.39571e-28 0.75417 1
ENSG00000214331.4 16 74402138 74402138 - 7 0 16_internal_5833 16 74397874 74441629 4.78337e-19 0.641759 1
ENSG00000090863.7 16 74641012 74641012 - 7 0 16_internal_8905 16 74576221 74644115 2.88588e-10 0.465047 1
ENSG00000186187.7 16 75032928 75032928 + 7 0 16_internal_8639 16 75032134 75147438 7.25988e-09 0.431726 1
ENSG00000247033.1 16 75144610 75144610 - 7 0 16_internal_8639 16 75032134 75147438 2.45424e-05 0.330276 1
ENSG00000140876.7 16 77756411 77756411 + 2 0 16_internal_5879 16 77709594 77823322 2.25315e-19 0.597747 1
ENSG00000261707.1 16 77776897 77776897 - 2 0 16_internal_5879 16 77709594 77823322 2.74451e-19 0.595827 1
ENSG00000261128.1 16 80636416 80636416 - 4 0 16_internal_8580 16 80587614 80844543 1.53094e-11 0.500597 1
ENSG00000261128.1 16 80636416 80636416 - 4 -201936 16_internal_7370 16 80838352 80842555 4.91812e-08 0.414631 0
ENSG00000260064.1 16 80662276 80662276 - 4 0 16_internal_8580 16 80587614 80844543 1.56127e-05 0.350686 0
ENSG00000260064.1 16 80662276 80662276 - 4 -176076 16_internal_7370 16 80838352 80842555 5.86998e-06 0.36663 1
ENSG00000166446.9 16 80838226 80838226 - 7 0 16_internal_8580 16 80587614 80844543 3.99163e-09 0.44524 1
ENSG00000166446.9 16 80838226 80838226 - 7 -126 16_internal_7370 16 80838352 80842555 8.77153e-08 0.408495 0
ENSG00000197943.5 16 81772702 81772702 + 9 38954 16_internal_6630 16 81811656 81910685 7.22153e-05 0.318277 1
ENSG00000197943.5 16 81772702 81772702 + 9 55681 16_internal_5886 16 81828383 81903032 0.000199753 0.298667 0
ENSG00000140961.8 16 83981887 83981887 + 12 0 16_internal_8646 16 83972512 84151993 2.73828e-06 0.369901 1
ENSG00000103154.5 16 84002237 84002237 + 12 0 16_internal_8646 16 83972512 84151993 4.05246e-05 0.308798 1
ENSG00000140943.12 16 84150511 84150511 - 18 0 16_internal_8646 16 83972512 84151993 6.59107e-17 0.591505 1
ENSG00000103160.6 16 84178797 84178797 - 18 26804 16_internal_8646 16 83972512 84151993 1.31995e-10 0.485891 1
ENSG00000103196.7 16 84853590 84853590 + 20 -22530 16_internal_6135 16 84782959 84831060 2.37861e-09 0.451795 0
ENSG00000103196.7 16 84853590 84853590 + 20 0 16_internal_6355 16 84838690 84913783 1.81182e-22 0.675649 1
ENSG00000103196.7 16 84853590 84853590 + 20 71190 16_internal_5961 16 84924780 84947642 1.54427e-06 0.370905 0
ENSG00000260859.1 16 84861869 84861869 + 20 -30809 16_internal_6135 16 84782959 84831060 6.19122e-06 0.349093 0
ENSG00000260859.1 16 84861869 84861869 + 20 0 16_internal_6355 16 84838690 84913783 1.36135e-10 0.480395 1
ENSG00000265249.1 16 84886574 84886574 + 19 -55514 16_internal_6135 16 84782959 84831060 3.14526e-06 0.36543 0
ENSG00000265249.1 16 84886574 84886574 + 19 0 16_internal_6355 16 84838690 84913783 1.50721e-09 0.463305 1
ENSG00000154102.5 16 85784689 85784689 - 17 0 16_internal_8209 16 85762100 85836130 3.93205e-21 0.665719 1
ENSG00000131152.4 16 87367879 87367879 - 8 0 16_internal_8779 16 87358120 87530594 4.34552e-11 0.483164 0
ENSG00000131152.4 16 87367879 87367879 - 8 -48266 16_internal_5971 16 87416145 87527345 3.69238e-11 0.482535 1
ENSG00000131152.4 16 87367879 87367879 - 8 -129376 16_internal_7744 16 87497255 87591041 3.14062e-09 0.444408 0
ENSG00000140941.8 16 87417601 87417601 + 8 0 16_internal_8779 16 87358120 87530594 4.43559e-05 0.303811 0
ENSG00000140941.8 16 87417601 87417601 + 8 0 16_internal_5971 16 87416145 87527345 8.16652e-06 0.328723 1
ENSG00000103264.11 16 87425748 87425748 - 8 0 16_internal_8779 16 87358120 87530594 1.80287e-19 0.594019 0
ENSG00000103264.11 16 87425748 87425748 - 8 22776 16_internal_5432 16 87397633 87402972 2.82671e-05 -0.302099 0
ENSG00000103264.11 16 87425748 87425748 - 8 0 16_internal_5971 16 87416145 87527345 8.04672e-23 0.630242 1
ENSG00000103264.11 16 87425748 87425748 - 8 -71507 16_internal_7744 16 87497255 87591041 2.02963e-12 0.490608 0
ENSG00000140948.7 16 87525651 87525651 - 9 0 16_internal_8779 16 87358120 87530594 2.95189e-07 0.389631 0
ENSG00000140948.7 16 87525651 87525651 - 9 0 16_internal_5971 16 87416145 87527345 9.46308e-11 0.478212 1
ENSG00000140948.7 16 87525651 87525651 - 9 0 16_internal_7744 16 87497255 87591041 2.51311e-05 0.327931 0
ENSG00000124391.4 16 88704999 88704999 + 16 -3245 16_internal_7317 16 88657619 88701754 4.1934e-06 -0.354202 1
ENSG00000268218.1 16 89334512 89334512 + 17 -65261 16_internal_5929 16 89258022 89269251 0.000162366 -0.299999 1
ENSG00000158805.7 16 89786808 89786808 + 12 0 16_internal_7745 16 89752242 89832651 7.25614e-06 -0.345138 1
ENSG00000075399.8 16 89787394 89787394 - 12 0 16_internal_7745 16 89752242 89832651 7.99188e-05 -0.30688 1
ENSG00000260528.1 16 90167798 90167798 + 8 0 16_internal_8711 16 90167770 90278629 7.76658e-13 0.531827 1
ENSG00000261172.1 16 90234633 90234633 - 8 0 16_internal_8711 16 90167770 90278629 4.44848e-10 0.470833 1
