ENSG00000161980.5 16 103628 103628 - 16 0 16_internal_7099 16 83372 105227 1.03164e-05 0.349429 1
ENSG00000103126.10 16 402673 402673 - 18 308 16_internal_7811 16 358461 402365 1.50674e-08 0.423719 1
ENSG00000103202.7 16 446725 446725 + 19 0 16_internal_5804 16 442234 447927 2.11079e-15 0.538022 1
ENSG00000090565.11 16 475619 475619 + 19 0 16_internal_6983 16 474741 528271 1.47996e-07 0.411278 1
ENSG00000127578.6 16 679239 679239 + 22 -57082 16_internal_6421 16 595591 622157 1.5814e-05 0.326859 1
ENSG00000261641.1 16 1495344 1495344 + 17 21476 16_internal_8425 16 1516820 1539693 1.45715e-08 0.430403 1
ENSG00000103249.12 16 1525581 1525581 - 17 0 16_internal_8425 16 1516820 1539693 1.53566e-11 0.497997 1
ENSG00000251692.3 16 1538982 1538982 - 16 0 16_internal_8425 16 1516820 1539693 7.86966e-05 0.308899 1
ENSG00000197774.7 16 1823208 1823208 + 15 0 16_internal_9032 16 1819363 1980868 9.19112e-08 0.418605 1
ENSG00000162032.10 16 1832821 1832821 - 15 0 16_internal_9032 16 1819363 1980868 2.47434e-06 0.37809 1
ENSG00000180185.7 16 1876968 1876968 + 15 0 16_internal_9032 16 1819363 1980868 4.85569e-06 0.34957 1
ENSG00000007038.6 16 2867164 2867164 + 16 0 16_internal_8738 16 2834649 2909021 2.35592e-11 0.480914 1
ENSG00000162078.7 16 2880170 2880170 + 15 0 16_internal_8738 16 2834649 2909021 4.60837e-09 0.418074 1
ENSG00000172460.10 16 2892745 2892745 - 15 0 16_internal_8738 16 2834649 2909021 2.15423e-09 0.436093 1
ENSG00000262370.1 16 3137101 3137101 - 14 0 16_internal_6500 16 3133233 3176315 6.35445e-06 0.351193 1
ENSG00000122386.6 16 3162561 3162561 + 14 0 16_internal_6500 16 3133233 3176315 6.06582e-06 0.337064 0
ENSG00000122386.6 16 3162561 3162561 + 14 0 16_internal_6934 16 3155501 3222744 5.40631e-18 0.588527 1
ENSG00000263214.1 16 3165599 3165599 - 14 0 16_internal_6934 16 3155501 3222744 1.06649e-10 0.44982 1
ENSG00000140993.6 16 3355729 3355729 - 16 19575 16_internal_8063 16 3237844 3336154 3.24414e-08 0.398326 1
ENSG00000262621.1 16 3415099 3415099 + 16 84519 16_internal_6340 16 3499618 3515696 1.84165e-08 0.431139 1
ENSG00000122390.12 16 3493611 3493611 + 16 6007 16_internal_6340 16 3499618 3515696 6.65699e-08 0.413102 1
ENSG00000162104.5 16 4166186 4166186 - 15 24248 16_internal_7701 16 4010157 4141938 6.97432e-08 0.403525 1
ENSG00000089486.11 16 4588829 4588829 - 11 0 16_internal_6710 16 4559950 4589484 1.25994e-07 0.375094 1
ENSG00000205832.7 16 4606491 4606491 + 11 -17007 16_internal_6710 16 4559950 4589484 1.92518e-05 0.329549 1
ENSG00000102858.8 16 4666494 4666494 + 10 28809 16_internal_5757 16 4695303 4717527 1.54755e-05 0.321373 0
ENSG00000102858.8 16 4666494 4666494 + 10 58427 16_internal_5801 16 4724921 4746000 2.99093e-08 0.404562 1
ENSG00000267795.1 16 4838398 4838398 + 10 0 16_internal_6442 16 4823891 4855296 7.83261e-06 0.350198 1
ENSG00000140623.9 16 4838522 4838522 - 10 0 16_internal_6442 16 4823891 4855296 5.44877e-05 0.311502 1
ENSG00000267077.1 16 4846533 4846533 - 10 0 16_internal_6442 16 4823891 4855296 1.77417e-05 0.323513 1
ENSG00000067836.8 16 4852951 4852951 - 10 0 16_internal_6442 16 4823891 4855296 6.50481e-09 0.427633 1
ENSG00000183044.7 16 8768422 8768422 + 5 0 16_internal_5723 16 8767464 8843998 3.6516e-12 0.504591 1
ENSG00000140650.7 16 8882680 8882680 + 5 6753 16_internal_8614 16 8889433 8974560 1.9491e-26 0.654475 1
ENSG00000184857.7 16 8891505 8891505 - 5 47507 16_internal_5723 16 8767464 8843998 5.46929e-06 0.350574 1
ENSG00000260276.1 16 8941962 8941962 + 5 0 16_internal_8614 16 8889433 8974560 1.66152e-30 0.675536 1
ENSG00000260350.1 16 8942581 8942581 - 5 0 16_internal_8614 16 8889433 8974560 1.82127e-28 0.656284 1
ENSG00000259939.1 16 8947169 8947169 + 5 -10652 16_internal_6648 16 8735525 8936517 0.0007005 0.252677 0
ENSG00000259939.1 16 8947169 8947169 + 5 0 16_internal_8614 16 8889433 8974560 1.8181e-17 0.578064 1
ENSG00000153048.6 16 8962866 8962866 - 5 0 16_internal_8614 16 8889433 8974560 4.47045e-30 0.694317 1
ENSG00000179583.13 16 10971055 10971055 + 14 -63708 16_internal_6405 16 10898219 10907347 1.51628e-05 0.342793 1
ENSG00000175643.7 16 11343476 11343476 + 17 47060 16_internal_6410 16 11390536 11423999 2.14686e-07 0.390217 1
ENSG00000262999.1 16 11559116 11559116 + 16 114337 16_internal_5565 16 11673453 11736098 1.00778e-05 0.33674 1
ENSG00000188897.4 16 11617444 11617444 - 16 19461 16_internal_6688 16 11501437 11597983 5.73225e-07 0.380005 0
ENSG00000188897.4 16 11617444 11617444 - 16 -4721 16_internal_7559 16 11622165 11640998 0.000132018 0.294112 0
ENSG00000188897.4 16 11617444 11617444 - 16 -56009 16_internal_5565 16 11673453 11736098 1.32389e-18 0.615468 1
ENSG00000189067.8 16 11730237 11730237 - 16 132254 16_internal_6688 16 11501437 11597983 3.37025e-06 0.345208 0
ENSG00000189067.8 16 11730237 11730237 - 16 89239 16_internal_7559 16 11622165 11640998 4.3321e-07 0.3716 0
ENSG00000189067.8 16 11730237 11730237 - 16 0 16_internal_5565 16 11673453 11736098 2.00766e-30 0.721406 1
ENSG00000103342.8 16 12009939 12009939 - 15 800085 16_internal_6566 16 11186540 11209854 3.35648e-05 -0.321896 1
ENSG00000103342.8 16 12009939 12009939 - 15 -71667 16_internal_8348 16 12081606 12158149 7.288e-05 0.308736 0
ENSG00000234719.4 16 12070500 12070500 - 15 -11106 16_internal_8348 16 12081606 12158149 1.56652e-06 -0.366327 1
ENSG00000048471.8 16 12070594 12070594 + 15 11012 16_internal_8348 16 12081606 12158149 3.05007e-17 0.59197 1
