ENSG00000123104.7 12 26986131 26986131 - 7 308590 12_internal_9521 12 26426436 26677541 0.000298153 0.294434 1
ENSG00000087448.5 12 27932953 27932953 + 5 0 12_internal_9443 12 27924098 27934186 4.89591e-08 0.425488 1
ENSG00000256747.1 12 27934000 27934000 - 5 0 12_internal_9443 12 27924098 27934186 1.01376e-05 0.347498 1
ENSG00000087502.13 12 29534122 29534122 - 3 -7722 12_internal_12552 12 29541844 29589276 1.47285e-05 0.325482 1
ENSG00000257599.1 12 29542227 29542227 + 3 0 12_internal_12552 12 29541844 29589276 1.49333e-10 0.482842 1
ENSG00000187950.4 12 29650619 29650619 - 3 61343 12_internal_12552 12 29541844 29589276 2.29866e-10 0.479406 1
ENSG00000133687.11 12 29937692 29937692 - 3 0 12_internal_14230 12 29682500 30976940 7.71771e-28 0.71911 1
ENSG00000255760.1 12 32040137 32040137 - 8 0 12_internal_9531 12 31879050 32061309 4.61378e-08 0.410292 1
ENSG00000255760.1 12 32040137 32040137 - 8 0 12_internal_8962 12 32038667 32123660 0.000199428 0.286619 0
ENSG00000174718.7 12 32112304 32112304 + 8 -50995 12_internal_9531 12 31879050 32061309 8.62402e-09 0.434962 0
ENSG00000174718.7 12 32112304 32112304 + 8 -50955 12_internal_8583 12 31898525 32061349 3.1447e-06 0.35376 0
ENSG00000174718.7 12 32112304 32112304 + 8 0 12_internal_8962 12 32038667 32123660 8.14598e-09 0.436011 1
ENSG00000139132.10 12 32552463 32552463 + 8 22816 12_internal_10041 12 32575279 32610846 0.000197179 0.291289 1
ENSG00000057294.9 12 33049774 33049774 - 8 41281 12_internal_8944 12 32996102 33008493 0.000277782 0.28621 1
ENSG00000260943.1 12 40536678 40536678 - 2 -9586 12_internal_8941 12 40546264 40617218 2.68284e-06 0.3745 1
ENSG00000188906.9 12 40590546 40590546 + 2 0 12_internal_8941 12 40546264 40617218 7.44657e-06 0.347203 1
ENSG00000139168.3 12 42719920 42719920 - 4 0 12_internal_8943 12 42630787 42721747 8.33037e-06 0.353085 1
ENSG00000257225.1 12 42853168 42853168 + 3 8482 12_internal_10000 12 42861650 43704558 2.09794e-05 0.331694 0
ENSG00000257225.1 12 42853168 42853168 + 3 237453 12_internal_13382 12 43090621 43733236 4.19911e-19 0.626849 1
ENSG00000139174.6 12 42984157 42984157 - 3 0 12_internal_10000 12 42861650 43704558 6.53418e-06 0.34783 0
ENSG00000139174.6 12 42984157 42984157 - 3 -106464 12_internal_13382 12 43090621 43733236 4.51899e-19 0.622037 1
ENSG00000111371.10 12 46663800 46663800 - 4 0 12_internal_11799 12 46598713 46666241 2.47643e-05 0.331562 1
ENSG00000139211.5 12 47473734 47473734 - 8 0 12_internal_9662 12 47447160 47480833 8.42346e-12 0.50997 1
ENSG00000079337.10 12 48164823 48164823 - 7 0 12_internal_14144 12 48143732 48343607 1.87641e-10 0.472738 1
ENSG00000111424.6 12 48336831 48336831 - 7 0 12_internal_14144 12 48143732 48343607 1.94834e-06 0.365935 1
ENSG00000269514.1 12 48592170 48592170 + 9 0 12_internal_9863 12 48590816 48746554 6.27925e-11 0.499218 1
ENSG00000172640.2 12 48597170 48597170 - 9 0 12_internal_9863 12 48590816 48746554 1.5602e-05 0.348822 1
ENSG00000258234.1 12 48677993 48677993 - 9 0 12_internal_9863 12 48590816 48746554 1.6948e-23 0.707907 1
ENSG00000187166.1 12 48722763 48722763 + 8 0 12_internal_9863 12 48590816 48746554 1.71775e-19 0.645822 1
ENSG00000257735.1 12 48744728 48744728 + 8 0 12_internal_9863 12 48590816 48746554 3.66056e-12 0.510094 1
ENSG00000167528.8 12 48745197 48745197 - 8 0 12_internal_9863 12 48590816 48746554 9.35757e-26 0.733769 1
ENSG00000257763.1 12 48750397 48750397 - 8 3843 12_internal_9863 12 48590816 48746554 3.42888e-18 0.631492 1
ENSG00000269282.1 12 48759919 48759919 + 8 -13365 12_internal_9863 12 48590816 48746554 1.48166e-26 0.754616 1
ENSG00000258024.1 12 48780048 48780048 - 8 33494 12_internal_9863 12 48590816 48746554 9.92892e-14 0.545254 1
ENSG00000257792.1 12 48789175 48789175 - 8 42621 12_internal_9863 12 48590816 48746554 8.971e-12 0.523266 1
ENSG00000226413.2 12 48836730 48836730 - 8 90176 12_internal_9863 12 48590816 48746554 1.80807e-12 0.528531 1
ENSG00000177627.5 12 48876286 48876286 + 8 -129732 12_internal_9863 12 48590816 48746554 2.0971e-13 0.532172 1
ENSG00000161791.9 12 50101948 50101948 - 10 0 12_internal_10756 12 50037960 50102143 1.20378e-05 0.345286 1
ENSG00000178449.2 12 50505762 50505762 + 10 424325 12_internal_9379 12 50930087 50984358 3.11855e-05 -0.335442 1
ENSG00000050405.8 12 50677353 50677353 - 9 -327282 12_internal_8918 12 51004635 51155542 0.000219379 -0.298356 1
ENSG00000123268.4 12 51157493 51157493 + 10 -1951 12_internal_8918 12 51004635 51155542 5.38877e-11 0.492705 1
ENSG00000050438.10 12 51785101 51785101 + 13 0 12_internal_13702 12 51761246 51799065 1.4452e-08 0.432095 1
ENSG00000260415.2 12 52203789 52203789 + 11 1460 12_internal_9272 12 52205249 52218482 1.28805e-06 0.36478 1
ENSG00000260415.2 12 52203789 52203789 + 11 15659 12_internal_12722 12 52219448 52266554 4.07122e-06 0.349585 0
ENSG00000261586.1 12 52211683 52211683 + 11 0 12_internal_9272 12 52205249 52218482 9.84451e-08 0.391014 0
ENSG00000261586.1 12 52211683 52211683 + 11 7765 12_internal_12722 12 52219448 52266554 5.20325e-09 0.426204 1
ENSG00000261308.1 12 52216199 52216199 - 11 -3249 12_internal_12722 12 52219448 52266554 6.11681e-05 0.298526 1
ENSG00000260473.1 12 52217287 52217287 + 11 0 12_internal_9272 12 52205249 52218482 7.15534e-05 0.313848 0
ENSG00000260473.1 12 52217287 52217287 + 11 2161 12_internal_12722 12 52219448 52266554 1.96086e-05 0.337289 1
ENSG00000135480.9 12 52626304 52626304 + 14 -84012 12_internal_10005 12 52512183 52542292 1.2818e-05 0.31979 0
ENSG00000135480.9 12 52626304 52626304 + 14 360 12_internal_9589 12 52626664 52639151 9.98427e-09 0.404173 1
ENSG00000111057.6 12 53342655 53342655 + 12 -40023 12_internal_8899 12 53296753 53302632 1.56527e-06 0.363663 1
ENSG00000250742.1 12 54519882 54519882 + 8 0 12_internal_9929 12 54475387 54521692 9.12701e-13 0.498467 1
ENSG00000260470.1 12 54541009 54541009 - 8 19317 12_internal_9929 12 54475387 54521692 2.29551e-05 0.324797 1
ENSG00000248576.1 12 54556923 54556923 + 8 -35231 12_internal_9929 12 54475387 54521692 3.68983e-05 0.324198 1
ENSG00000257534.1 12 54558236 54558236 - 8 36544 12_internal_9929 12 54475387 54521692 4.15059e-05 0.321703 1
ENSG00000170439.5 12 56075330 56075330 + 6 -29718 12_internal_9048 12 56033632 56045612 7.80437e-05 0.316497 1
ENSG00000135404.6 12 56123491 56123491 - 6 77879 12_internal_9048 12 56033632 56045612 4.13508e-05 0.330348 1
ENSG00000257309.1 12 56551234 56551234 + 5 -505622 12_internal_9048 12 56033632 56045612 0.000897956 0.266718 1
