ENSG00000213744.3 7 37415125 37415125 + 18 0 7_internal_12638 7 37283885 37489867 6.93082e-07 0.374043 1
ENSG00000155849.11 7 37488852 37488852 - 19 0 7_internal_12638 7 37283885 37489867 5.51695e-10 0.469728 1
ENSG00000187037.4 7 37723399 37723399 + 18 0 7_internal_9171 7 37701861 37775372 4.94259e-09 0.449851 1
ENSG00000086288.7 7 37888199 37888199 + 15 -66458 7_internal_11475 7 37779896 37821741 2.11349e-05 0.327177 1
ENSG00000211688.1 7 38295997 38295997 - 13 -13387 7_internal_10656 7 38309384 38325760 3.85308e-05 0.331177 1
ENSG00000249978.1 7 38375115 38375115 - 13 0 7_internal_9572 7 38372825 38405118 0.000100938 0.306371 1
ENSG00000228668.1 7 38385100 38385100 - 13 0 7_internal_9572 7 38372825 38405118 9.44763e-16 0.592968 1
ENSG00000211697.2 7 38389623 38389623 - 13 0 7_internal_9572 7 38372825 38405118 1.54419e-25 0.71926 1
ENSG00000211698.2 7 38394118 38394118 - 13 0 7_internal_9572 7 38372825 38405118 4.10145e-25 0.721886 1
ENSG00000211699.2 7 38398763 38398763 - 13 0 7_internal_9572 7 38372825 38405118 1.43034e-19 0.664616 1
ENSG00000233306.2 7 38403119 38403119 - 13 0 7_internal_9572 7 38372825 38405118 2.45254e-06 0.384433 1
ENSG00000211701.2 7 38407770 38407770 - 13 2652 7_internal_9572 7 38372825 38405118 1.04709e-14 0.587723 1
ENSG00000136197.7 7 42951904 42951904 - 5 0 7_internal_9722 7 42923036 42971541 3.63611e-06 0.358856 1
ENSG00000164543.5 7 43622357 43622357 + 7 163290 7_internal_8912 7 43785647 43810067 1.14797e-16 0.584064 1
ENSG00000164543.5 7 43622357 43622357 + 7 197584 7_internal_8392 7 43819941 43832224 3.32632e-07 0.383541 0
ENSG00000106603.12 7 43769316 43769316 - 8 -16331 7_internal_8912 7 43785647 43810067 7.27951e-16 0.597042 1
ENSG00000106603.12 7 43769316 43769316 - 8 -50625 7_internal_8392 7 43819941 43832224 5.28504e-09 0.452631 0
ENSG00000106605.6 7 43798279 43798279 + 8 0 7_internal_8912 7 43785647 43810067 9.10006e-38 0.82696 1
ENSG00000106605.6 7 43798279 43798279 + 8 21662 7_internal_8392 7 43819941 43832224 2.78727e-20 0.663453 0
ENSG00000229497.1 7 43806889 43806889 + 8 0 7_internal_8912 7 43785647 43810067 0.000112673 0.31938 0
ENSG00000229497.1 7 43806889 43806889 + 8 13052 7_internal_8392 7 43819941 43832224 1.52922e-06 0.392175 1
ENSG00000239556.1 7 44029806 44029806 - 6 0 7_internal_9864 7 44025362 44081576 1.29666e-09 -0.457399 1
ENSG00000235314.1 7 44078770 44078770 + 7 0 7_internal_9864 7 44025362 44081576 4.56659e-06 0.348948 1
ENSG00000228903.2 7 44081491 44081491 - 7 0 7_internal_9864 7 44025362 44081576 2.75542e-08 0.417843 1
ENSG00000105953.10 7 44646171 44646171 + 7 503 7_internal_12685 7 44646674 44707421 2.05392e-06 0.37784 1
ENSG00000136205.12 7 47622156 47622156 - 5 0 7_internal_9596 7 47518728 47628058 0.00024621 0.285171 1
ENSG00000183696.9 7 48128225 48128225 + 5 0 7_internal_10693 7 48006692 48150455 5.02264e-08 0.42837 1
ENSG00000106070.13 7 50861159 50861159 - 5 72121 7_internal_10731 7 50751979 50789038 6.28088e-06 0.344805 0
ENSG00000106070.13 7 50861159 50861159 - 5 30914 7_internal_9610 7 50759716 50830245 0.000221981 0.285805 0
ENSG00000106070.13 7 50861159 50861159 - 5 47 7_internal_9893 7 50764522 50861112 1.42253e-06 0.367029 1
ENSG00000154978.8 7 55640681 55640681 - 7 0 7_internal_12745 7 55507709 55710036 1.58402e-15 0.576993 1
ENSG00000226342.1 7 63370831 63370831 - 3 0 7_internal_8625 7 63360324 63387964 1.23516e-08 0.426701 1
ENSG00000214652.3 7 63505821 63505821 + 5 -117857 7_internal_8625 7 63360324 63387964 3.45686e-13 0.515962 1
ENSG00000257482.3 7 63505821 63505821 + 5 -117857 7_internal_8625 7 63360324 63387964 1.07302e-10 0.463305 1
ENSG00000227986.1 7 63815456 63815456 + 5 0 7_internal_12571 7 63764743 64839858 0.0001123 0.299083 1
ENSG00000173041.7 7 64023484 64023484 - 5 0 7_internal_12273 7 64022630 64368583 2.4554e-08 0.432274 1
ENSG00000197008.5 7 64254766 64254766 + 6 0 7_internal_12273 7 64022630 64368583 0.000517616 0.27485 1
ENSG00000152926.9 7 64467062 64467062 - 6 0 7_internal_12030 7 64458036 64522723 1.02842e-12 0.539631 1
ENSG00000152926.9 7 64467062 64467062 - 6 0 7_internal_10958 7 64458937 64501031 1.46972e-09 0.466859 0
ENSG00000213462.4 7 64467121 64467121 - 6 0 7_internal_12030 7 64458036 64522723 9.38618e-17 0.61956 1
ENSG00000213462.4 7 64467121 64467121 - 6 0 7_internal_10958 7 64458937 64501031 1.75828e-09 0.470384 0
ENSG00000234585.2 7 64498732 64498732 + 6 0 7_internal_12030 7 64458036 64522723 1.3945e-07 0.401426 1
ENSG00000234585.2 7 64498732 64498732 + 6 0 7_internal_10958 7 64458937 64501031 4.58462e-07 0.384852 0
ENSG00000227113.2 7 64535401 64535401 + 6 -12678 7_internal_12030 7 64458036 64522723 4.01957e-05 0.320053 1
ENSG00000226002.1 7 64544481 64544481 + 6 -43450 7_internal_10958 7 64458937 64501031 0.000246742 0.300328 1
ENSG00000228409.1 7 65216129 65216129 + 12 993814 7_internal_9204 7 66209943 66235854 3.18146e-06 -0.36587 1
ENSG00000196715.4 7 65338254 65338254 + 12 0 7_internal_13726 7 65234985 65448004 5.69756e-09 0.45723 1
ENSG00000169902.9 7 65670186 65670186 + 10 0 7_internal_12889 7 65353078 65884114 3.98813e-22 0.686032 1
ENSG00000169902.9 7 65670186 65670186 + 10 0 7_internal_8603 7 65578711 66058646 9.64896e-06 -0.355873 0
ENSG00000169902.9 7 65670186 65670186 + 10 539757 7_internal_9204 7 66209943 66235854 8.65327e-06 -0.353924 0
ENSG00000237310.1 7 65958693 65958693 + 9 0 7_internal_8603 7 65578711 66058646 5.93581e-05 0.305327 0
ENSG00000237310.1 7 65958693 65958693 + 9 251250 7_internal_9204 7 66209943 66235854 2.43731e-06 0.351286 1
ENSG00000232559.2 7 66057373 66057373 - 9 609369 7_internal_13726 7 65234985 65448004 1.5267e-05 0.337665 0
ENSG00000232559.2 7 66057373 66057373 - 9 0 7_internal_8822 7 65578597 66186118 1.19555e-08 0.434983 1
ENSG00000232559.2 7 66057373 66057373 - 9 0 7_internal_8603 7 65578711 66058646 2.76783e-06 0.369137 0
ENSG00000243335.4 7 66093868 66093868 + 9 -35222 7_internal_8603 7 65578711 66058646 2.75433e-06 0.350232 0
ENSG00000243335.4 7 66093868 66093868 + 9 116075 7_internal_9204 7 66209943 66235854 2.78261e-10 0.45374 1
ENSG00000226824.2 7 66119525 66119525 + 9 -235411 7_internal_12889 7 65353078 65884114 0.000106019 0.313927 1
ENSG00000154710.9 7 66205720 66205720 + 9 4223 7_internal_9204 7 66209943 66235854 0.000121547 0.298736 1
ENSG00000230583.2 7 66309813 66309813 - 9 73959 7_internal_9204 7 66209943 66235854 0.000261279 0.289942 1
ENSG00000198874.7 7 66460160 66460160 + 8 109417 7_internal_11106 7 66569577 66629265 5.00305e-05 -0.314107 1
ENSG00000235475.1 7 66800963 66800963 + 8 -171698 7_internal_11106 7 66569577 66629265 5.48461e-05 -0.321169 1
ENSG00000158321.11 7 69063905 69063905 + 1 0 7_internal_11946 7 68895194 70161701 1.65791e-14 0.561469 1
ENSG00000225969.1 7 73149368 73149368 + 5 0 7_internal_9192 7 73145478 73243496 4.915e-06 0.369974 1
ENSG00000214738.2 7 73150728 73150728 + 5 0 7_internal_9192 7 73145478 73243496 5.52085e-13 0.518879 1
ENSG00000106077.14 7 73153197 73153197 - 5 0 7_internal_9192 7 73145478 73243496 1.83882e-18 0.631707 1
ENSG00000165171.6 7 73256865 73256865 - 10 13369 7_internal_9192 7 73145478 73243496 3.76957e-06 -0.335298 1
ENSG00000106683.8 7 73497263 73497263 + 13 165 7_internal_8555 7 73497428 73549587 2.89874e-08 0.427806 1
ENSG00000160828.13 7 74306731 74306731 - 12 0 7_internal_8693 7 74304919 74307745 4.55462e-09 0.451417 1
ENSG00000123965.12 7 74306894 74306894 + 12 0 7_internal_8693 7 74304919 74307745 1.2636e-07 0.40584 1
ENSG00000184616.7 7 74331163 74331163 - 12 23418 7_internal_8693 7 74304919 74307745 4.13532e-05 0.323247 1
ENSG00000205583.9 7 74988448 74988448 + 14 0 7_internal_8537 7 74172690 75120846 2.15591e-06 -0.359815 1
ENSG00000127946.12 7 75368280 75368280 - 14 97688 7_internal_10171 7 75084997 75270592 2.02539e-15 0.552821 1
ENSG00000188372.10 7 76026835 76026835 + 15 46926 7_internal_8163 7 76073761 76257471 2.40597e-05 -0.313055 1
ENSG00000205485.9 7 76178677 76178677 + 17 0 7_internal_8163 7 76073761 76257471 3.54574e-10 0.475951 1
ENSG00000205485.9 7 76178677 76178677 + 17 20508 7_internal_11275 7 76199185 76307356 2.60009e-07 0.40325 0
ENSG00000146707.9 7 76256578 76256578 - 17 252763 7_internal_8367 7 75956151 76003815 8.72252e-05 -0.305097 0
ENSG00000146707.9 7 76256578 76256578 - 17 0 7_internal_8163 7 76073761 76257471 5.98991e-05 0.308313 0
ENSG00000146707.9 7 76256578 76256578 - 17 0 7_internal_11275 7 76199185 76307356 2.20155e-05 0.328783 1
ENSG00000214243.3 7 76280214 76280214 - 16 22743 7_internal_8163 7 76073761 76257471 5.54202e-05 0.317696 1
ENSG00000127955.11 7 79763271 79763271 + 5 -4809 7_internal_8694 7 79753416 79758462 0.000218906 0.29668 1
ENSG00000075223.9 7 80551675 80551675 - 5 0 7_internal_9094 7 80334565 80552056 2.19342e-06 0.366951 1
ENSG00000075223.9 7 80551675 80551675 - 5 2551 7_internal_10239 7 80398966 80549124 4.56235e-05 0.318426 0
