ENSG00000242474.1 7 149466 149466 - 10 -223002 7_internal_12391 7 372468 660568 89 82.4988 1.15455 11.4119 0.213646 0.140628 0.930348 0.935344
ENSG00000240859.1 7 149597 149597 + 10 222871 7_internal_12391 7 372468 660568 89 90.8078 1.043 11.4233 0.168371 0.14387 0.830846 0.862153
ENSG00000237181.1 7 642822 642822 + 12 -338252 7_internal_14220 7 88090 304570 89 100.177 0.920824 15.5976 0.0348415 0.204237 0.378109 0.366065
ENSG00000164818.11 7 766338 766338 + 12 -701084 7_internal_12249 7 39152 65254 89 94.5104 1.01137 11.9799 0.0692346 -0.205438 0.532338 0.525032
ENSG00000188191.9 7 767287 767287 - 12 -313399 7_internal_8472 7 1080686 1102609 89 93.3283 0.986674 12.6174 0.00700831 0.288345 0.0746269 0.0730815
ENSG00000164828.13 7 855528 855528 + 13 207875 7_internal_11894 7 1063403 1090009 89 82.2729 0.926653 10.2724 0.0235956 0.239881 0.313433 0.298712
ENSG00000239857.1 7 916189 916189 + 14 228291 7_internal_11949 7 1144480 1179174 89 74.2246 1.12611 10.9638 0.0851929 -0.180239 0.721393 0.698928
ENSG00000105963.8 7 995043 995043 - 15 0 7_internal_8794 7 914934 1015853 89 88.1656 1.00441 15.5856 0.0935946 0.19551 0.78607 0.788224
ENSG00000240230.1 7 1015235 1015235 - 15 -765505 7_internal_10463 7 1780740 1968093 89 89.4693 1.02909 15.1726 0.110602 0.161661 0.825871 0.820894
ENSG00000073067.9 7 1022835 1022835 + 15 0 7_internal_13484 7 946551 1210296 89 84.3066 1.09865 14.1917 0.0333086 0.213272 0.383085 0.380188
ENSG00000164849.7 7 1084212 1084212 + 13 503668 7_internal_10048 7 1587880 1596186 89 94.4234 0.928535 11.39 0.0271066 -0.244916 0.268657 0.262229
ENSG00000257607.1 7 1098897 1098897 - 13 -488983 7_internal_10048 7 1587880 1596186 89 98.3346 0.940102 12.9338 0.034728 -0.226927 0.343284 0.320629
ENSG00000164850.10 7 1121844 1121844 + 13 -31835 7_internal_11894 7 1063403 1090009 89 91.8508 0.924123 12.1704 0.0848977 -0.176843 0.666667 0.669179
ENSG00000146540.9 7 1177896 1177896 - 13 87887 7_internal_11894 7 1063403 1090009 89 97.5002 0.918258 14.9825 0.0115657 0.26551 0.164179 0.142327
ENSG00000229043.1 7 1199662 1199662 + 13 -183809 7_internal_8794 7 914934 1015853 89 76.5191 1.11902 9.91048 0.0985427 -0.182383 0.696517 0.695288
ENSG00000178381.7 7 1200395 1200395 - 13 110386 7_internal_11894 7 1063403 1090009 89 83.2984 0.971765 10.3837 0.0286943 -0.218823 0.293532 0.317338
ENSG00000164877.14 7 1499138 1499138 - 14 -998435 7_internal_8681 7 2497573 2511713 89 84.5152 1.0134 12.0034 0.168079 0.135144 0.895522 0.904554
ENSG00000164880.11 7 1545489 1545489 - 15 559481 7_internal_9871 7 957777 986008 89 93.1893 0.936763 15.1208 0.0321878 0.237731 0.358209 0.383641
ENSG00000198517.5 7 1570350 1570350 + 15 -480341 7_internal_11894 7 1063403 1090009 89 90.1299 0.941173 12.0522 0.0198055 0.266437 0.258706 0.231107
ENSG00000256005.1 7 1580047 1580047 + 15 936472 7_internal_11372 7 2516519 2600501 89 89.7996 0.949902 13.1815 0.0279484 0.254784 0.313433 0.328764
ENSG00000241340.1 7 1585415 1585415 - 15 351363 7_internal_11484 7 1220866 1234052 89 84.2197 1.01446 12.0279 0.0275743 -0.216333 0.328358 0.318085
ENSG00000241181.1 7 1585885 1585885 - 15 483276 7_internal_8472 7 1080686 1102609 89 79.2135 1.06111 12.4888 0.030736 -0.210417 0.40796 0.383199
ENSG00000164855.10 7 1600457 1600457 - 15 584604 7_internal_8794 7 914934 1015853 89 88.3221 1.03025 13.2294 0.0275752 0.228869 0.273632 0.301167
ENSG00000230487.3 7 1609709 1609709 + 15 -13523 7_internal_10048 7 1587880 1596186 89 88.4437 0.996343 13.5451 0.0374965 0.209514 0.41791 0.410891
ENSG00000157778.4 7 1610641 1610641 - 15 -905878 7_internal_11372 7 2516519 2600501 89 94.4408 0.892806 14.214 0.0237293 -0.250414 0.298507 0.296815
ENSG00000176349.7 7 1878222 1878222 + 17 0 7_internal_10463 7 1780740 1968093 89 90.2516 1.05592 18.629 0.00116231 0.333875 0.0248756 0.0155311
ENSG00000002822.10 7 2272878 2272878 - 11 304785 7_internal_10463 7 1780740 1968093 89 77.1102 0.945981 7.76203 4.57689e-05 0.443963 0.00995025 0.00169797
ENSG00000122687.13 7 2281840 2281840 - 11 313747 7_internal_10463 7 1780740 1968093 89 91.1033 1.11533 12.6387 0.0161489 -0.263595 0.149254 0.135554
ENSG00000106268.11 7 2281857 2281857 + 11 485998 7_internal_9875 7 2767855 2778685 89 81.4385 0.972965 9.77618 0.146859 -0.149859 0.830846 0.8358
ENSG00000106263.13 7 2393721 2393721 + 11 378794 7_internal_13165 7 2772515 4126407 89 98.9082 0.916008 12.4027 0.0988791 0.179188 0.691542 0.687113
ENSG00000106266.4 7 2393953 2393953 - 11 425860 7_internal_10463 7 1780740 1968093 89 89.8518 1.00816 10.1889 0.390157 -0.0948286 1 0.993152
ENSG00000136213.7 7 2443223 2443223 + 11 -513276 7_internal_10685 7 1864374 1929947 89 96.4051 0.928599 11.1447 0.0691378 0.186193 0.502488 0.523402
ENSG00000175873.3 7 2477398 2477398 + 11 20175 7_internal_8681 7 2497573 2511713 89 90.5471 0.991781 10.3319 0.0487243 0.187196 0.40796 0.394446
ENSG00000236734.2 7 2516528 2516528 - 11 4815 7_internal_8681 7 2497573 2511713 89 90.6687 0.964582 9.90285 0.155972 -0.130441 0.791045 0.814565
ENSG00000106003.8 7 2552163 2552163 + 11 0 7_internal_11372 7 2516519 2600501 89 78.9875 1.04913 9.30925 0.0887479 0.20238 0.666667 0.638914
ENSG00000264357.1 7 2566708 2566708 + 11 -54995 7_internal_8681 7 2497573 2511713 89 80.8648 1.04987 9.13369 0.147996 -0.151754 0.850746 0.800359
ENSG00000106009.11 7 2595361 2595361 - 11 665414 7_internal_10685 7 1864374 1929947 89 81.96 1.09475 11.7202 0.0510603 0.211428 0.447761 0.480203
ENSG00000106012.12 7 2598632 2598632 + 10 169223 7_internal_9875 7 2767855 2778685 89 86.0449 1.05232 10.1112 0.00548712 0.308184 0.0696517 0.0527328
ENSG00000136295.10 7 2671585 2671585 + 10 -71084 7_internal_11372 7 2516519 2600501 89 87.957 0.940711 8.50822 0.00977914 0.268722 0.0895522 0.0988762
ENSG00000174945.8 7 2719156 2719156 + 10 -207443 7_internal_8681 7 2497573 2511713 89 80.4477 1.06797 8.83919 0.137203 -0.169313 0.78607 0.760375
ENSG00000228246.1 7 2762622 2762622 - 10 -9893 7_internal_13165 7 2772515 4126407 89 95.1883 1.03752 9.81844 0.0743637 0.196398 0.487562 0.465284
ENSG00000233202.1 7 2804242 2804242 + 10 -292529 7_internal_8681 7 2497573 2511713 89 95.675 0.984749 10.1695 0.259734 -0.116619 0.945274 0.94224
ENSG00000231357.1 7 2875255 2875255 + 10 -945308 7_internal_10685 7 1864374 1929947 89 91.2598 0.902164 8.38396 0.220242 -0.122952 0.905473 0.886982
ENSG00000146535.8 7 2883958 2883958 - 10 0 7_internal_13165 7 2772515 4126407 89 95.223 0.994892 10.7441 0.008163 0.307479 0.0696517 0.0657349
ENSG00000237286.1 7 2983669 2983669 + 8 -204984 7_internal_9875 7 2767855 2778685 89 94.3713 1.04474 8.82823 0.25723 -0.128988 0.880597 0.908234
ENSG00000201794.1 7 3038728 3038728 + 8 -163581 7_internal_10394 7 2836111 2875147 89 71.8953 1.07179 6.10181 0.158718 -0.14529 0.736318 0.731763
ENSG00000198286.5 7 3083579 3083579 - 8 927307 7_internal_13202 7 1976449 2156272 89 95.1188 0.977675 8.62334 0.0791205 -0.205002 0.482587 0.473014
ENSG00000146555.14 7 3341080 3341080 + 6 0 7_internal_13165 7 2772515 4126407 89 83.8547 0.95714 5.41974 0.020783 0.249404 0.134328 0.14105
ENSG00000164916.8 7 4683388 4683388 + 9 58998 7_internal_11573 7 4742386 4789717 89 109.147 0.931551 11.7335 0.0107841 0.270155 0.079602 0.0676533
ENSG00000238781.1 7 4729111 4729111 + 9 454309 7_internal_11650 7 5183420 5232555 89 87.9223 0.888613 8.62391 0.0482141 -0.207046 0.358209 0.409936
ENSG00000242802.2 7 4815253 4815253 + 9 -688846 7_internal_13165 7 2772515 4126407 89 122.062 0.844483 11.9364 0.103904 0.184038 0.552239 0.577166
ENSG00000213935.3 7 4905435 4905435 - 10 -954022 7_internal_8954 7 5859457 5867864 89 86.9662 0.953681 10.0639 0.00935614 0.275035 0.114428 0.110967
ENSG00000157927.12 7 4923350 4923350 - 10 -333803 7_internal_13048 7 5257153 5288919 89 90.6861 0.989436 10.9124 0.000978796 0.340374 0.0149254 0.0100295
ENSG00000196204.7 7 5013619 5013619 + 11 169801 7_internal_11650 7 5183420 5232555 89 80.9691 1.25377 12.993 1.38768e-06 0.548474 0.00497512 3.9957e-06
ENSG00000146587.12 7 5023349 5023349 + 11 160071 7_internal_11650 7 5183420 5232555 89 84.3066 1.02206 10.7671 1.66849e-09 0.632501 0.00497512 3.30233e-08
ENSG00000159904.7 7 5184177 5184177 - 12 0 7_internal_11650 7 5183420 5232555 89 92.4244 0.934885 12.8399 2.19043e-09 0.62084 0.00497512 4.59879e-08
ENSG00000157954.10 7 5229819 5229819 + 13 0 7_internal_11650 7 5183420 5232555 89 87.366 1.09674 14.4295 2.84888e-07 0.566733 0.00497512 1.56819e-06
ENSG00000164638.5 7 5314000 5314000 + 13 104919 7_internal_10362 7 5418919 5427395 89 93.1545 1.00461 13.4988 0.226389 0.121146 0.965174 0.962096
ENSG00000182095.10 7 5465045 5465045 - 16 0 7_internal_8607 7 5456314 5600035 89 93.5543 0.924479 16.7909 0.210747 0.141345 0.99005 0.979553
ENSG00000234432.2 7 5468558 5468558 - 16 -918150 7_internal_8218 7 6386708 6401670 89 83.8199 1.01592 12.7117 0.0639206 0.185829 0.59204 0.607601
ENSG00000230733.2 7 5515435 5515435 + 16 899170 7_internal_8416 7 6414605 6442012 89 99.6209 0.95966 17.9199 0.0277744 -0.262778 0.328358 0.321002
ENSG00000155034.14 7 5553429 5553429 - 16 -509646 7_internal_11026 7 6063075 6095616 89 86.5664 1.05467 14.6835 0.0423118 -0.212976 0.477612 0.467809
ENSG00000263900.1 7 5567817 5567817 - 16 -818891 7_internal_8218 7 6386708 6401670 89 81.2646 1.14338 16.4802 0.065399 0.189952 0.726368 0.689691
ENSG00000075624.9 7 5603415 5603415 - 17 314496 7_internal_13048 7 5257153 5288919 89 111.059 0.893363 19.6731 0.0897709 0.175641 0.761194 0.731567
ENSG00000075618.12 7 5632439 5632439 + 17 -204735 7_internal_8706 7 5369250 5427704 89 90.8947 0.993603 17.1713 0.0702897 -0.187019 0.706468 0.700414
ENSG00000237738.1 7 5720092 5720092 - 18 266461 7_internal_8872 7 5430060 5453631 89 90.8252 0.88612 17.7632 0.00167449 0.293974 0.0447761 0.0414374
ENSG00000011275.14 7 5821370 5821370 - 18 -748507 7_internal_10195 7 6569877 6597166 89 95.6924 0.905229 18.8711 0.057678 -0.214093 0.636816 0.653809
ENSG00000235944.3 7 5862791 5862791 + 18 0 7_internal_8954 7 5859457 5867864 89 92.5113 0.954264 17.5337 3.43942e-07 0.506038 0.00497512 6.38996e-06
ENSG00000265040.1 7 5911681 5911681 - 18 622762 7_internal_13048 7 5257153 5288919 89 88.7045 0.899149 15.3856 0.0389135 -0.225832 0.497512 0.509668
ENSG00000122543.6 7 5919458 5919458 + 18 -51594 7_internal_8954 7 5859457 5867864 89 82.6727 1.08153 16.9674 0.0215043 0.232057 0.328358 0.331193
ENSG00000122674.8 7 5938356 5938356 + 18 282167 7_internal_12654 7 6220523 6297989 89 93.9193 0.965519 17.1854 0.0305881 0.242285 0.39801 0.384239
ENSG00000155026.11 7 6010314 6010314 - 18 -448399 7_internal_11735 7 6458713 6489286 89 88.8609 1.09416 20.0064 0.0324313 0.206913 0.482587 0.440505
ENSG00000122512.9 7 6048756 6048756 - 18 -409957 7_internal_11735 7 6458713 6489286 89 82.8465 0.949798 14.5618 0.016186 0.253844 0.248756 0.281401
ENSG00000106305.5 7 6048876 6048876 + 18 696442 7_internal_8488 7 6745318 6770389 89 94.7189 0.856973 17.5207 0.02824 -0.242911 0.412935 0.414176
ENSG00000207217.1 7 6056508 6056508 + 18 39731 7_internal_10465 7 6096239 6122266 89 95.2578 0.91078 16.3892 0.0108824 -0.255593 0.199005 0.159954
ENSG00000157999.5 7 6071007 6071007 + 18 -131117 7_internal_8205 7 5937606 5939890 89 93.4326 0.9892 16.7158 0.000354588 -0.394446 0.00497512 0.00448065
ENSG00000240718.2 7 6087651 6087651 - 18 -657667 7_internal_8488 7 6745318 6770389 89 87.14 0.927761 17.2235 0.00617416 -0.279922 0.169154 0.132221
ENSG00000086232.7 7 6098861 6098861 - 18 -560841 7_internal_9525 7 6659702 6680488 89 97.7088 0.906041 19.7229 0.000360262 0.376872 0.00995025 0.00638291
ENSG00000231704.1 7 6120734 6120734 + 18 -693339 7_internal_10362 7 5418919 5427395 89 83.9242 1.11618 18.6347 0.0624706 0.196804 0.686567 0.703881
ENSG00000106346.7 7 6144515 6144515 + 19 998106 7_internal_11984 7 7142621 7618646 89 85.0715 1.08124 19.5009 0.0456397 -0.206036 0.646766 0.603709
ENSG00000008256.11 7 6312275 6312275 - 18 14286 7_internal_12654 7 6220523 6297989 89 102.054 0.928476 22.0236 0.0180918 0.234646 0.263682 0.253135
ENSG00000178397.8 7 6388612 6388612 - 18 788577 7_internal_8607 7 5456314 5600035 89 77.8229 1.08669 14.6717 0.0629528 -0.196939 0.706468 0.684341
ENSG00000136238.13 7 6414154 6414154 + 18 44559 7_internal_11735 7 6458713 6489286 89 93.1545 1.08046 21.4585 0.0661139 0.184387 0.706468 0.70703
ENSG00000269781.1 7 6522922 6522922 + 15 222396 7_internal_8488 7 6745318 6770389 89 77.7533 1.01899 12.3206 0.0244598 0.240582 0.363184 0.350918
ENSG00000164535.9 7 6523821 6523821 - 15 990931 7_internal_10202 7 5523349 5532890 89 95.7271 0.920689 15.4437 0.115812 -0.169925 0.825871 0.834048
ENSG00000136240.5 7 6523873 6523873 - 15 -221445 7_internal_8488 7 6745318 6770389 89 93.9889 0.942315 14.2813 0.131658 0.166023 0.835821 0.855699
ENSG00000215045.4 7 6591067 6591067 - 14 0 7_internal_10195 7 6569877 6597166 89 90.2342 1.06411 16.5133 0.00267008 0.333166 0.0298507 0.0320309
ENSG00000136247.10 7 6617065 6617065 + 13 -494799 7_internal_10465 7 6096239 6122266 89 87.9744 1.12038 14.073 0.127851 -0.179591 0.840796 0.832189
ENSG00000232581.1 7 6628605 6628605 - 13 506339 7_internal_10465 7 6096239 6122266 89 83.4723 0.985302 10.433 0.0517641 -0.209465 0.472637 0.480564
ENSG00000146576.8 7 6629648 6629648 + 13 -331659 7_internal_12654 7 6220523 6297989 89 93.0154 0.927789 14.9416 0.0913126 -0.179913 0.756219 0.756689
ENSG00000236609.3 7 6655248 6655248 + 13 -165962 7_internal_11735 7 6458713 6489286 89 85.4887 1.10892 13.6888 0.0358924 -0.215321 0.402985 0.376053
ENSG00000205903.2 7 6676953 6676953 + 13 552461 7_internal_10657 7 7229414 7484193 89 97.7783 0.90873 13.8755 0.372255 -0.0950494 1 0.99794
ENSG00000260054.1 7 6694495 6694495 + 13 -396506 7_internal_12654 7 6220523 6297989 89 78.9875 1.08335 11.0965 0.070062 0.194831 0.621891 0.606183
ENSG00000228010.1 7 6703605 6703605 + 13 -763715 7_internal_8205 7 5937606 5939890 89 83.4723 1.03391 12.074 0.119256 0.168319 0.81592 0.808546
ENSG00000198580.6 7 6713376 6713376 + 13 -116210 7_internal_10195 7 6569877 6597166 89 86.7055 1.05679 12.2015 0.0540083 -0.203953 0.497512 0.486562
ENSG00000265245.1 7 6731608 6731608 + 13 -289596 7_internal_8416 7 6414605 6442012 89 93.1893 1.05173 13.1369 0.0116572 -0.294307 0.119403 0.107194
ENSG00000164631.14 7 6746554 6746554 - 13 878690 7_internal_8954 7 5859457 5867864 89 94.0063 1.01693 14.894 0.0911209 0.191126 0.706468 0.716364
ENSG00000187953.6 7 6749759 6749759 + 13 -260473 7_internal_11735 7 6458713 6489286 89 91.5553 1.07271 13.8543 0.0379018 -0.210402 0.343284 0.357885
ENSG00000169402.11 7 6793740 6793740 + 13 -304454 7_internal_11735 7 6458713 6489286 89 94.9275 1.00086 16.2422 0.0150266 -0.243517 0.174129 0.177877
ENSG00000226150.2 7 6836573 6836573 - 13 347287 7_internal_11735 7 6458713 6489286 89 97.6045 0.948032 13.7233 0.0777511 -0.165569 0.606965 0.62313
ENSG00000146574.10 7 6866401 6866401 - 13 377115 7_internal_11735 7 6458713 6489286 89 92.859 1.04764 14.091 0.00941325 -0.286335 0.0895522 0.0943321
ENSG00000106392.5 7 7196565 7196565 + 10 -754553 7_internal_8416 7 6414605 6442012 89 87.227 1.07917 9.96571 0.160641 0.148837 0.820896 0.814383
ENSG00000230825.1 7 7294785 7294785 + 11 0 7_internal_11984 7 7142621 7618646 89 105.966 0.914351 13.9046 0.0771979 0.181386 0.542289 0.576105
ENSG00000215018.5 7 7575484 7575484 - 7 91291 7_internal_10657 7 7229414 7484193 89 97.6566 0.985195 8.38611 0.00845916 0.251535 0.0497512 0.050055
ENSG00000164654.11 7 7606503 7606503 + 6 0 7_internal_11984 7 7142621 7618646 89 83.1941 1.0001 5.03652 0.141993 0.150056 0.60199 0.573765
ENSG00000219545.4 7 7680342 7680342 + 6 -999854 7_internal_9525 7 6659702 6680488 89 90.0256 1.05493 6.0081 0.165704 0.1502 0.636816 0.636131
ENSG00000106399.7 7 7758238 7758238 - 5 274045 7_internal_10657 7 7229414 7484193 89 87.3834 1.00007 5.13461 0.08118 -0.202901 0.358209 0.362695
ENSG00000269721.1 7 7782166 7782166 - 4 -463231 7_internal_10000 7 8245397 8265446 89 88.3568 0.999911 4.35094 0.400941 -0.0922724 0.910448 0.893756
ENSG00000234718.5 7 7782204 7782204 - 4 298011 7_internal_10657 7 7229414 7484193 89 81.5254 0.99992 3.81234 0.298792 0.110475 0.761194 0.770334
ENSG00000201747.1 7 7946150 7946150 + 4 299247 7_internal_10000 7 8245397 8265446 89 92.8937 0.999917 4.20269 0.0251184 -0.222127 0.129353 0.0897415
ENSG00000214998.2 7 7950080 7950080 - 4 331434 7_internal_11984 7 7142621 7618646 89 91.5031 0.999972 3.97062 0.0714453 0.195332 0.278607 0.242513
ENSG00000234141.1 7 7990340 7990340 - 4 -255057 7_internal_10000 7 8245397 8265446 89 90.8078 1.00001 4.0331 0.305518 -0.106322 0.746269 0.763574
ENSG00000106415.8 7 8008425 8008425 + 4 939 7_internal_10555 7 8009364 8055782 89 93.1545 1.00003 4.3295 0.000395712 0.368759 0.00497512 0.00124962
ENSG00000233108.1 7 8009534 8009534 - 4 525341 7_internal_10657 7 7229414 7484193 89 81.1256 1.00004 3.92804 0.0432366 -0.208475 0.18408 0.19484
ENSG00000233264.2 7 8019943 8019943 + 4 0 7_internal_10555 7 8009364 8055782 89 82.2033 0.999896 3.26085 0.00698816 0.25327 0.0248756 0.0308133
ENSG00000003147.13 7 8302317 8302317 - 4 36871 7_internal_10000 7 8245397 8265446 89 82.099 1.00003 3.88052 0.0868964 0.179536 0.343284 0.336138
ENSG00000229091.2 7 10490938 10490938 + 2 892277 7_internal_8821 7 11383215 11387253 89 79.4568 1.00008 1.87953 0.119122 0.150114 0.248756 0.248465
ENSG00000189043.5 7 10979883 10979883 - 2 -403332 7_internal_8821 7 11383215 11387253 89 76.8842 1.0001 1.69157 0.0977283 -0.17964 0.19403 0.200511
ENSG00000106443.10 7 11013499 11013499 + 2 369716 7_internal_8821 7 11383215 11387253 89 93.7455 0.999929 2.26145 0.882722 0.0163237 0.99005 0.991673
ENSG00000230370.1 7 11046503 11046503 - 2 -336712 7_internal_8821 7 11383215 11387253 89 80.7779 1.00005 1.93673 0.433829 0.0802386 0.691542 0.692452
ENSG00000230333.2 7 11221359 11221359 + 2 161856 7_internal_8821 7 11383215 11387253 89 80.1521 0.999983 1.88908 0.0313123 0.209455 0.0547264 0.0762052
ENSG00000106460.13 7 12250867 12250867 + 6 0 7_internal_11025 7 11469299 12280553 89 96.7875 0.972306 6.42643 0.022176 0.254742 0.124378 0.112298
ENSG00000146530.7 7 12443567 12443567 - 5 0 7_internal_11605 7 12442954 12613460 89 81.5602 0.999991 4.49496 2.99458e-11 0.600446 0.00497512 8.98843e-10
ENSG00000006747.10 7 12610203 12610203 + 5 144266 7_internal_9093 7 12754469 12771767 89 91.1381 0.999894 4.84884 0.000213571 0.379759 0.00497512 0.000868659
ENSG00000122644.8 7 12726481 12726481 + 5 -115121 7_internal_10312 7 12592603 12611360 89 87.366 0.999974 4.04146 0.116561 0.173834 0.402985 0.403457
ENSG00000229688.3 7 16250113 16250113 + 4 718200 7_internal_12548 7 16968313 17449424 89 105.757 0.999923 4.85179 0.113461 0.159553 0.348259 0.347806
ENSG00000214960.5 7 16460947 16460947 - 3 -504443 7_internal_10253 7 16965390 16969230 89 86.9314 1.00007 3.17244 0.590189 0.0526137 0.955224 0.942958
ENSG00000106524.4 7 16685442 16685442 - 3 382 7_internal_11865 7 16648708 16685060 89 95.1361 1.00001 3.19503 0.0850813 0.200677 0.21393 0.220414
ENSG00000136261.10 7 16685756 16685756 + 3 282557 7_internal_12548 7 16968313 17449424 89 95.2926 1.00007 3.3275 0.366249 0.10527 0.751244 0.761175
ENSG00000235837.1 7 16759523 16759523 - 3 74463 7_internal_11865 7 16648708 16685060 89 83.8373 1.00002 2.54519 0.30926 -0.122035 0.621891 0.630585
ENSG00000106537.7 7 16793160 16793160 + 3 -108100 7_internal_11865 7 16648708 16685060 89 86.2535 1.00002 2.91484 0.232695 0.134152 0.527363 0.550777
ENSG00000106546.8 7 17338246 17338246 + 4 0 7_internal_12548 7 16968313 17449424 89 79.4047 0.999977 3.43825 3.8872e-07 0.573618 0.00497512 5.69404e-06
ENSG00000237773.1 7 17338981 17338981 - 4 0 7_internal_12548 7 16968313 17449424 89 92.5809 1.00005 4.32994 9.88808e-06 0.487762 0.00497512 2.83054e-05
ENSG00000071189.16 7 17980124 17980124 - 3 530700 7_internal_12548 7 16968313 17449424 89 80.7432 0.999924 2.93846 0.164872 0.156702 0.452736 0.453811
ENSG00000048052.16 7 18126572 18126572 + 3 -144535 7_internal_9888 7 17942267 17982037 89 92.9285 1.00005 2.98849 0.0700633 0.192988 0.199005 0.179674
ENSG00000265932.1 7 19745059 19745059 - 1 -314209 7_internal_12753 7 20059268 20638947 89 77.3535 0.999924 0.908737 0.7931 0.0284608 0.776119 0.77565
ENSG00000105849.5 7 19748710 19748710 - 1 -310558 7_internal_12753 7 20059268 20638947 89 98.4215 1.00004 1.14966 0.490966 0.0728633 0.577114 0.51672
ENSG00000213860.3 7 20042346 20042346 + 1 16922 7_internal_12753 7 20059268 20638947 89 86.4969 0.99992 1.07842 0.0742554 0.187693 0.0696517 0.0843771
ENSG00000243004.1 7 20180076 20180076 - 1 0 7_internal_12753 7 20059268 20638947 89 109.546 0.999955 1.05774 0.653562 0.0483133 0.631841 0.639004
ENSG00000183742.7 7 20257027 20257027 - 1 0 7_internal_12753 7 20059268 20638947 89 94.4234 1.00003 1.03086 0.0344358 0.236894 0.0298507 0.0302377
ENSG00000219451.3 7 20866945 20866945 + 1 -227998 7_internal_12753 7 20059268 20638947 89 109.251 0.999958 0.921615 0.907758 -0.0126183 0.890547 0.877798
ENSG00000105866.8 7 21467652 21467652 + 2 -828705 7_internal_12753 7 20059268 20638947 89 84.9498 0.999941 2.19128 0.428662 0.0895756 0.706468 0.71871
ENSG00000105877.12 7 21582833 21582833 + 2 353148 7_internal_11669 7 21935981 22012533 89 84.3762 0.999995 2.00728 5.53912e-05 0.44031 0.00497512 0.000174155
ENSG00000164649.15 7 21985702 21985702 - 2 0 7_internal_11669 7 21935981 22012533 89 93.2762 1.00002 1.99416 3.91933e-07 0.52887 0.00497512 4.10517e-07
ENSG00000233476.2 7 22551618 22551618 - 6 -37736 7_internal_12448 7 22589354 22767585 89 92.4939 0.979592 5.56859 0.176575 -0.144852 0.641791 0.64962
ENSG00000196683.6 7 22862470 22862470 - 6 -382382 7_internal_8575 7 23244852 23288399 89 91.8334 0.994577 5.8526 0.402564 -0.0858162 0.935323 0.947742
ENSG00000228649.3 7 22893875 22893875 + 6 -126290 7_internal_12448 7 22589354 22767585 89 87.8701 1.0322 6.52162 0.442239 -0.0832295 0.970149 0.977235
ENSG00000221740.1 7 22896232 22896232 + 6 -128647 7_internal_12448 7 22589354 22767585 89 93.9541 0.978139 8.75702 0.0259204 -0.224551 0.19403 0.185769
ENSG00000226329.2 7 22920969 22920969 - 6 -417128 7_internal_9101 7 23338097 23387989 89 80.691 0.999879 5.04088 0.171463 0.133086 0.686567 0.660774
ENSG00000122591.7 7 23053749 23053749 - 5 286164 7_internal_12448 7 22589354 22767585 89 87.1227 0.999996 5.20718 0.342837 0.105434 0.895522 0.892174
ENSG00000230658.1 7 23145322 23145322 - 5 -99530 7_internal_8575 7 23244852 23288399 89 91.4684 1.0001 5.2736 0.006261 0.286528 0.039801 0.0290532
ENSG00000122550.12 7 23145353 23145353 + 5 192319 7_internal_10408 7 23337672 23387526 89 90.2689 0.999931 5.02884 0.0616053 0.18769 0.208955 0.266536
ENSG00000230042.1 7 23168797 23168797 + 5 -401212 7_internal_12448 7 22589354 22767585 89 98.4215 1 5.37178 0.0495467 -0.211195 0.228856 0.191739
ENSG00000214871.3 7 23210760 23210760 + 5 -443175 7_internal_12448 7 22589354 22767585 89 80.6736 0.999905 4.80162 0.00220645 -0.33687 0.0248756 0.0170573
ENSG00000136243.12 7 23221446 23221446 + 5 116226 7_internal_10408 7 23337672 23387526 89 94.267 0.910565 5.58447 0.0118901 0.277644 0.079602 0.0702822
ENSG00000226816.2 7 23245632 23245632 + 5 0 7_internal_8575 7 23244852 23288399 89 86.4795 1.00856 5.48959 4.59477e-13 0.682149 0.00497512 4.30467e-12
ENSG00000156928.4 7 23338358 23338358 + 5 -49959 7_internal_8575 7 23244852 23288399 89 85.2279 0.999939 4.31644 0.0250689 -0.238158 0.119403 0.116854
ENSG00000136231.8 7 23510086 23510086 - 5 122560 7_internal_10408 7 23337672 23387526 89 79.0918 1.00003 4.71256 0.0606885 0.19646 0.323383 0.3149
ENSG00000232818.2 7 23530092 23530092 + 5 -762507 7_internal_12448 7 22589354 22767585 89 79.6654 1.00005 4.13944 0.131116 -0.146664 0.517413 0.497883
ENSG00000164548.6 7 23571660 23571660 - 5 184134 7_internal_10408 7 23337672 23387526 89 97.2047 0.961908 5.42056 0.320908 0.0956702 0.895522 0.862631
ENSG00000169193.7 7 23636998 23636998 + 5 -869413 7_internal_12448 7 22589354 22767585 89 89.0695 1.00008 5.18044 0.189474 -0.150071 0.651741 0.662795
ENSG00000227436.1 7 23658952 23658952 + 5 -143823 7_internal_9262 7 23506900 23515129 89 84.2545 0.999913 4.67234 0.491524 0.0685012 0.965174 0.962009
ENSG00000188732.6 7 23719749 23719749 + 5 -204620 7_internal_9262 7 23506900 23515129 89 82.0643 0.999889 4.63422 0.352575 0.104156 0.880597 0.884356
ENSG00000234286.1 7 23720405 23720405 - 5 205276 7_internal_9262 7 23506900 23515129 89 84.2545 1.00008 4.8413 0.0762886 -0.190709 0.328358 0.348202
ENSG00000196335.8 7 23749786 23749786 + 5 -361797 7_internal_9101 7 23338097 23387989 89 88.6002 1.00005 4.93966 0.237432 0.117205 0.711443 0.739663
ENSG00000105926.9 7 24612887 24612887 + 1 181483 7_internal_8474 7 24794370 24834451 89 87.227 1.00007 0.985523 0.101317 -0.186876 0.0945274 0.103349
ENSG00000105928.9 7 24809244 24809244 - 1 0 7_internal_8474 7 24794370 24834451 89 87.3486 1.00007 0.965938 0.153715 0.155059 0.159204 0.152653
ENSG00000070882.8 7 25021253 25021253 - 1 186802 7_internal_8474 7 24794370 24834451 89 76.9711 1.00005 0.957674 0.710933 -0.0414594 0.726368 0.715079
ENSG00000172115.4 7 25164980 25164980 - 2 -963992 7_internal_9145 7 26128972 26182212 89 75.876 1.00001 1.9066 0.056591 -0.221968 0.149254 0.144333
ENSG00000153790.7 7 25219975 25219975 - 2 385524 7_internal_8474 7 24794370 24834451 89 87.8875 0.999981 1.90448 0.632796 0.050992 0.865672 0.85327
ENSG00000239622.1 7 25729579 25729579 - 6 -399393 7_internal_9145 7 26128972 26182212 89 98.9604 1.05832 7.23892 0.113397 0.181382 0.492537 0.488046
ENSG00000223561.2 7 25790614 25790614 - 6 -923035 7_internal_12408 7 26713649 27242589 89 89.6084 1.0245 6.58768 0.00683898 0.275938 0.0497512 0.0394787
ENSG00000050344.7 7 26191860 26191860 + 6 -9648 7_internal_9145 7 26128972 26182212 89 95.1883 0.959066 6.59285 1.28385e-05 0.451438 0.00497512 6.46002e-05
ENSG00000122565.13 7 26240782 26240782 + 6 941145 7_internal_8130 7 27181927 27184901 89 101.62 0.948454 7.49449 0.124551 0.17275 0.552239 0.571631
ENSG00000122566.16 7 26241149 26241149 - 6 -98700 7_internal_9119 7 26339849 26371444 89 80.6736 0.999867 5.54273 0.217855 0.137193 0.810945 0.782929
ENSG00000086300.11 7 26331541 26331541 + 7 -149329 7_internal_9145 7 26128972 26182212 89 89.8344 0.969502 6.19508 0.00831832 0.280993 0.0646766 0.0538867
ENSG00000225792.1 7 26416321 26416321 - 8 -297328 7_internal_12408 7 26713649 27242589 89 91.8682 1.01007 8.43973 0.0447264 -0.218434 0.298507 0.295634
ENSG00000122548.3 7 26578407 26578407 - 8 199191 7_internal_11144 7 26317149 26379216 89 84.2197 1.08459 7.98963 0.0685826 -0.203877 0.437811 0.431962
ENSG00000005020.8 7 27034858 27034858 - 10 606212 7_internal_9253 7 26403839 26428646 89 91.6074 1.13308 12.3438 0.0206503 0.257482 0.144279 0.162103
ENSG00000233429.5 7 27135266 27135266 + 10 -756050 7_internal_11144 7 26317149 26379216 89 95.8488 0.966795 10.5079 0.0605118 0.180673 0.422886 0.441503
ENSG00000105991.7 7 27135615 27135615 - 10 0 7_internal_12408 7 26713649 27242589 89 95.0318 0.91797 10.8713 0.127427 0.138704 0.771144 0.763355
ENSG00000105996.5 7 27142430 27142430 - 10 763214 7_internal_11144 7 26317149 26379216 89 106.522 0.918634 11.2138 0.00598679 0.262103 0.0497512 0.0398836
ENSG00000253552.3 7 27147396 27147396 + 10 0 7_internal_12408 7 26713649 27242589 89 87.4877 1.068 10.69 0.00283173 -0.301171 0.0248756 0.0250088
ENSG00000254369.2 7 27169596 27169596 + 10 -790380 7_internal_11144 7 26317149 26379216 89 74.5375 1.07241 7.85379 0.167839 -0.156785 0.80597 0.821174
ENSG00000105997.16 7 27192200 27192200 - 9 812984 7_internal_11144 7 26317149 26379216 89 96.7527 0.906902 9.72449 0.075622 -0.184909 0.497512 0.51891
ENSG00000253187.2 7 27208238 27208238 + 9 -836794 7_internal_9119 7 26339849 26371444 89 80.3955 0.964338 7.9723 0.0332789 -0.237849 0.313433 0.312543
ENSG00000078399.11 7 27210117 27210117 - 9 -64658 7_internal_10295 7 27274775 27286397 89 89.6605 1.01384 9.00616 0.103745 -0.171768 0.61194 0.616505
ENSG00000253293.3 7 27219880 27219880 - 9 -54895 7_internal_10295 7 27274775 27286397 89 98.6996 0.94428 9.02861 0.0138922 -0.269782 0.104478 0.0972284
ENSG00000233830.2 7 27498468 27498468 - 8 255879 7_internal_12408 7 26713649 27242589 89 100.212 0.820993 8.59818 0.459372 -0.0779353 1 0.994829
ENSG00000106049.3 7 27702614 27702614 - 8 0 7_internal_10050 7 27701332 27739256 89 75.4066 0.999901 5.50616 0.0203951 0.265041 0.189055 0.16819
ENSG00000106052.8 7 27778950 27778950 + 8 155647 7_internal_13140 7 27934597 28840747 89 91.1729 1.11101 10.3145 0.00107105 0.367969 0.00497512 0.0054461
ENSG00000229893.1 7 27780014 27780014 - 8 396002 7_internal_9475 7 27339883 27384012 89 92.7373 0.947769 7.78059 0.221049 -0.130692 0.860697 0.854525
ENSG00000234336.2 7 28219941 28219941 + 9 0 7_internal_13140 7 27934597 28840747 89 94.267 0.851534 7.67838 0.0514556 0.220972 0.39801 0.370098
ENSG00000153814.7 7 28220362 28220362 - 9 0 7_internal_13140 7 27934597 28840747 89 88.6697 0.949578 7.37957 8.90185e-11 0.681923 0.00497512 2.09466e-09
ENSG00000106069.14 7 29161956 29161956 + 8 78301 7_internal_11441 7 29240257 29383748 89 107.478 0.908312 10.3505 0.0109556 0.271122 0.0696517 0.070462
ENSG00000106066.9 7 29235067 29235067 - 10 -757903 7_internal_10826 7 29992970 30029529 89 95.449 1.00002 11.5404 0.0429252 -0.22613 0.348259 0.345011
ENSG00000227855.2 7 29689843 29689843 + 11 -648312 7_internal_9199 7 29023408 29041531 89 86.9662 1.0461 11.4371 0.0124011 -0.260886 0.154229 0.129047
ENSG00000227014.1 7 30028216 30028216 + 10 -837554 7_internal_10434 7 28447966 29190662 89 85.8537 0.965671 9.84409 0.116153 -0.159104 0.736318 0.736752
ENSG00000136193.11 7 30029905 30029905 - 10 376 7_internal_10826 7 29992970 30029529 89 89.8518 1.01131 10.239 0.00375554 0.290322 0.0497512 0.0346986
ENSG00000106080.6 7 30066300 30066300 - 9 875638 7_internal_10434 7 28447966 29190662 89 96.8049 1.00915 9.93807 0.0174478 0.247631 0.129353 0.120527
ENSG00000106086.12 7 30067020 30067020 + 9 141787 7_internal_9558 7 30208807 30219957 89 85.6451 1.12612 9.78711 0.081337 -0.200631 0.522388 0.537249
ENSG00000231519.1 7 30114731 30114731 - 9 895749 7_internal_9060 7 29148300 29218982 89 70.609 1.15734 7.21087 0.000432449 0.349258 0.00995025 0.00586038
ENSG00000180354.11 7 30174426 30174426 + 9 10476 7_internal_9091 7 30184902 30206953 89 74.6766 1.06298 7.06289 5.22959e-06 0.468197 0.00497512 0.000123178
ENSG00000230751.1 7 30180486 30180486 + 9 -256295 7_internal_9486 7 29845696 29924191 89 92.6678 1.14366 10.3857 0.0102695 0.271148 0.0597015 0.0585329
ENSG00000251660.1 7 30197147 30197147 + 8 184816 7_internal_9976 7 30381963 30404581 89 106.696 0.898261 7.98774 0.0055408 0.283472 0.0447761 0.0291813
ENSG00000225907.1 7 30207420 30207420 + 8 -283229 7_internal_9486 7 29845696 29924191 89 109.581 0.906137 10.6408 0.0356469 0.210661 0.233831 0.229189
ENSG00000227017.1 7 30218630 30218630 - 8 0 7_internal_9558 7 30208807 30219957 89 97.5176 0.78921 8.23333 0.0157179 -0.243864 0.179104 0.15935
ENSG00000180233.9 7 30323923 30323923 + 7 58040 7_internal_9976 7 30381963 30404581 89 81.2646 1.02429 6.26575 0.162287 0.145508 0.726368 0.707327
ENSG00000235859.4 7 30410987 30410987 + 6 74368 7_internal_8795 7 30485355 30509707 89 93.4326 0.978498 5.60036 0.0255874 -0.252962 0.114428 0.1243
ENSG00000106100.6 7 30518400 30518400 - 6 311447 7_internal_9091 7 30184902 30206953 89 87.4703 0.927319 5.74473 0.0220157 -0.230988 0.124378 0.149774
ENSG00000244480.1 7 30564151 30564151 - 6 357198 7_internal_9091 7 30184902 30206953 89 89.8344 1.0127 6.80233 0.0214516 0.240477 0.129353 0.129601
ENSG00000264520.1 7 30565347 30565347 + 6 -160766 7_internal_9976 7 30381963 30404581 89 86.7924 1.00001 4.94322 0.0802959 -0.179529 0.358209 0.352471
ENSG00000226874.1 7 30583669 30583669 + 6 -554140 7_internal_10826 7 29992970 30029529 89 88.8088 0.999932 5.52071 0.0962059 0.173444 0.422886 0.429188
ENSG00000263683.1 7 30589833 30589833 + 6 -665642 7_internal_9486 7 29845696 29924191 89 77.8576 1.00012 4.78068 0.0213499 0.240126 0.134328 0.141416
ENSG00000234133.2 7 30590397 30590397 - 6 666206 7_internal_9486 7 29845696 29924191 89 100.108 0.946984 7.22879 0.0719849 0.19177 0.343284 0.367255
ENSG00000006625.13 7 30591095 30591095 - 6 384142 7_internal_9091 7 30184902 30206953 89 88.3916 0.930091 5.65222 0.223003 0.13124 0.756219 0.78368
ENSG00000236455.2 7 30625588 30625588 - 6 115881 7_internal_8795 7 30485355 30509707 89 95.5533 1.0186 6.93104 0.0445184 0.234004 0.228856 0.224252
ENSG00000106105.9 7 30634297 30634297 + 6 -427344 7_internal_9091 7 30184902 30206953 89 111.824 0.931585 7.16483 0.213373 0.136768 0.721393 0.743744
ENSG00000196295.5 7 30634425 30634425 - 6 710234 7_internal_9486 7 29845696 29924191 89 76.8668 0.999888 5.05837 0.0142086 0.270745 0.119403 0.109896
ENSG00000241644.2 7 30737601 30737601 + 7 -333020 7_internal_9976 7 30381963 30404581 89 83.3506 0.999961 5.60576 0.131116 -0.164011 0.572139 0.581979
ENSG00000106113.14 7 30739745 30739745 - 7 335164 7_internal_9976 7 30381963 30404581 89 105.722 0.938202 9.39296 0.207226 0.130243 0.835821 0.83985
ENSG00000254959.2 7 30791753 30791753 + 7 -584800 7_internal_9091 7 30184902 30206953 89 100.351 0.982498 7.26545 0.123918 -0.154233 0.567164 0.551013
ENSG00000106125.14 7 30811033 30811033 + 7 -604080 7_internal_9091 7 30184902 30206953 89 95.2404 0.918571 7.14248 0.0383304 -0.210388 0.248756 0.241877
ENSG00000250424.3 7 30893010 30893010 + 8 833263 7_internal_10047 7 31726273 31736834 89 85.7842 0.993406 6.75646 0.052835 0.215826 0.363184 0.331967
ENSG00000240583.6 7 30893010 30893010 + 8 -488429 7_internal_9976 7 30381963 30404581 89 95.6402 1.04541 9.07167 0.093141 -0.174957 0.532338 0.518005
ENSG00000106355.5 7 32534895 32534895 - 3 603754 7_internal_9233 7 31850129 31931141 89 90.4949 1.00002 3.20398 0.262652 0.123158 0.636816 0.61669
ENSG00000105778.13 7 32535038 32535038 + 3 0 7_internal_13309 7 32529183 32712135 89 96.4746 1.00008 2.88964 0.150956 -0.144981 0.343284 0.341789
ENSG00000229358.2 7 32801399 32801399 - 3 89264 7_internal_13309 7 32529183 32712135 89 115.509 0.99995 3.32245 0.00129245 0.348803 0.00497512 0.000812279
ENSG00000170852.6 7 32933743 32933743 - 2 -604914 7_internal_8809 7 33538657 33945151 89 83.959 1.00001 1.76334 0.354018 0.100212 0.562189 0.554878
ENSG00000205763.9 7 32982788 32982788 - 2 270653 7_internal_13309 7 32529183 32712135 89 88.7045 0.999946 2.05038 0.21807 -0.12891 0.412935 0.397357
ENSG00000122642.6 7 32997017 32997017 + 2 541640 7_internal_8809 7 33538657 33945151 89 100.768 0.999935 2.27815 0.0670044 0.204137 0.144279 0.112906
ENSG00000237059.1 7 33055671 33055671 + 2 -343536 7_internal_13309 7 32529183 32712135 89 80.7432 0.999922 1.82747 0.0952732 0.157171 0.159204 0.195446
ENSG00000229054.1 7 33075994 33075994 - 2 -462663 7_internal_8809 7 33538657 33945151 89 98.4562 1.00007 2.42229 0.25392 -0.114573 0.447761 0.469076
ENSG00000241420.2 7 33085702 33085702 - 2 373567 7_internal_13309 7 32529183 32712135 89 101.707 1.00008 2.14004 0.123197 -0.143902 0.174129 0.200434
ENSG00000122643.13 7 33102409 33102409 - 2 -436248 7_internal_8809 7 33538657 33945151 89 98.1781 0.999937 1.9532 0.591053 -0.0555782 0.820896 0.809777
ENSG00000164610.4 7 33149013 33149013 - 2 -389644 7_internal_8809 7 33538657 33945151 89 83.4723 1.00007 1.97531 0.338455 -0.102229 0.587065 0.578139
ENSG00000122507.16 7 33168856 33168856 + 2 -456721 7_internal_13309 7 32529183 32712135 89 84.7064 1.00009 1.94971 0.106515 0.169362 0.248756 0.212594
ENSG00000224946.1 7 33316703 33316703 - 2 -221954 7_internal_8809 7 33538657 33945151 89 93.1371 1.00001 2.33231 0.148856 0.159386 0.333333 0.295962
ENSG00000238090.1 7 33419576 33419576 + 2 -707441 7_internal_13309 7 32529183 32712135 89 106.922 0.999993 2.19385 0.237334 0.124665 0.393035 0.378732
ENSG00000173862.3 7 33765593 33765593 + 1 0 7_internal_8809 7 33538657 33945151 89 98.6822 0.999948 1.13409 0.821227 -0.0229216 0.835821 0.84964
ENSG00000227481.1 7 33771676 33771676 - 1 0 7_internal_8809 7 33538657 33945151 89 73.2338 1.00005 0.981786 0.185951 -0.134683 0.223881 0.226803
ENSG00000236494.1 7 33842768 33842768 - 1 0 7_internal_8809 7 33538657 33945151 89 98.7344 0.999959 0.995942 0.361248 -0.0920473 0.338308 0.335016
ENSG00000173852.9 7 35077883 35077883 - 1 -944263 7_internal_9035 7 36022146 36167409 89 109.042 0.999994 0.967952 0.93544 0.0089295 0.935323 0.922214
ENSG00000122557.4 7 35734745 35734745 - 8 -287401 7_internal_9035 7 36022146 36167409 89 92.042 0.940758 7.50252 0.137144 -0.149249 0.616915 0.673574
ENSG00000227544.2 7 35756055 35756055 + 8 800127 7_internal_11763 7 36556182 36648286 89 94.7189 0.875987 6.82498 0.108186 0.160466 0.547264 0.561787
ENSG00000228878.2 7 35840226 35840226 - 10 -314498 7_internal_8957 7 36154724 36190142 89 80.326 1.1431 8.02364 0.225901 -0.136814 0.885572 0.87687
ENSG00000122545.12 7 35840542 35840542 + 10 915992 7_internal_8814 7 36756534 36822186 89 81.4211 1.11585 7.801 0.093803 -0.168094 0.577114 0.544942
ENSG00000221156.1 7 35882499 35882499 + 10 308843 7_internal_9407 7 36191342 36315683 89 81.734 0.988375 8.33993 0.0217654 -0.229823 0.243781 0.215056
ENSG00000226102.2 7 35985904 35985904 + 11 570278 7_internal_11763 7 36556182 36648286 89 93.1371 0.944328 10.492 0.0111849 -0.268553 0.154229 0.110122
ENSG00000122547.6 7 36192758 36192758 + 13 0 7_internal_9407 7 36191342 36315683 89 105.131 0.904475 13.1756 2.49512e-07 0.54725 0.00497512 1.18098e-06
ENSG00000011426.6 7 36429415 36429415 + 14 -282365 7_internal_9776 7 36143340 36147050 89 76.7277 1.01944 10.0862 0.00462103 0.319658 0.0746269 0.0786975
ENSG00000164542.8 7 36429734 36429734 - 14 -588926 7_internal_9240 7 37018660 37086166 89 74.1203 1.04767 10.2626 0.0819661 -0.171962 0.681592 0.689272
ENSG00000230539.1 7 36639726 36639726 - 14 0 7_internal_13273 7 36552825 36791065 89 97.5697 1.02288 17.563 2.28231e-06 0.479814 0.00497512 9.97442e-06
ENSG00000136250.7 7 36764154 36764154 - 16 0 7_internal_13273 7 36552825 36791065 89 99.673 0.999169 14.1755 4.43207e-10 0.630247 0.00497512 5.80132e-10
ENSG00000235728.1 7 36820613 36820613 + 17 463272 7_internal_12638 7 37283885 37489867 89 93.7281 0.904391 14.1715 0.000243879 0.40485 0.00995025 0.00434623
ENSG00000225739.1 7 36858564 36858564 + 17 823881 7_internal_8946 7 37682445 37697855 89 86.1492 1.07096 15.7928 0.0558514 0.182613 0.60199 0.593319
ENSG00000230831.1 7 36878577 36878577 + 17 823284 7_internal_9171 7 37701861 37775372 89 97.3611 0.905334 19.2261 0.0240508 -0.253867 0.328358 0.343879
ENSG00000221325.1 7 36959037 36959037 - 18 167972 7_internal_13273 7 36552825 36791065 89 77.3188 1.02502 13.125 0.0374687 -0.21048 0.512438 0.496064
ENSG00000224101.1 7 37037401 37037401 + 19 957705 7_internal_10478 7 37995106 37996345 89 83.6809 1.05241 18.1675 0.176677 0.135804 0.960199 0.975997
ENSG00000221157.1 7 37145215 37145215 - 19 -537230 7_internal_8946 7 37682445 37697855 89 82.6031 1.05158 14.7341 0.0215364 -0.2394 0.373134 0.306872
ENSG00000224706.1 7 37156384 37156384 + 18 -508098 7_internal_11763 7 36556182 36648286 89 85.5408 1.06227 17.4548 0.194788 0.133383 0.975124 0.978759
ENSG00000238772.1 7 37209384 37209384 - 17 123218 7_internal_9240 7 37018660 37086166 89 82.2555 1.11271 15.6809 0.0746953 0.194693 0.721393 0.721608
ENSG00000213744.3 7 37415125 37415125 + 18 364771 7_internal_11475 7 37779896 37821741 89 90.5471 0.994735 15.2309 0.0268137 0.231687 0.343284 0.327891
ENSG00000200113.1 7 37459231 37459231 + 19 -467432 7_internal_10088 7 36972860 36991799 89 88.548 1.13452 20.6783 0.0167668 0.25105 0.283582 0.242544
ENSG00000201566.1 7 37474718 37474718 + 19 227143 7_internal_9171 7 37701861 37775372 89 97.8479 0.87634 19.2581 0.063873 -0.178605 0.701493 0.693729
ENSG00000155849.11 7 37488852 37488852 - 19 0 7_internal_12638 7 37283885 37489867 89 87.5746 1.03041 16.9725 0.00164068 0.327339 0.0348259 0.0265902
ENSG00000086289.7 7 37723446 37723446 + 18 -901623 7_internal_8622 7 36756384 36821823 89 90.1994 0.941099 16.7737 0.0452324 0.217599 0.552239 0.556016
ENSG00000010270.9 7 38217824 38217824 + 13 155001 7_internal_9572 7 38372825 38405118 89 90.3385 1.07527 14.392 0.123561 0.163322 0.845771 0.824891
ENSG00000227191.2 7 38289173 38289173 - 13 -20211 7_internal_10656 7 38309384 38325760 89 84.4283 1.00936 12.5782 8.81136e-05 -0.40527 0.00497512 0.00158334
ENSG00000211688.1 7 38295997 38295997 - 13 0 7_internal_12034 7 38254861 38359296 89 83.3854 1.02151 10.521 0.0926525 0.176943 0.671642 0.675598
ENSG00000211689.2 7 38305279 38305279 - 13 0 7_internal_12034 7 38254861 38359296 89 86.5316 0.985265 13.1696 4.93419e-08 0.54877 0.00497512 1.22896e-06
ENSG00000211694.2 7 38339923 38339923 - 13 0 7_internal_12034 7 38254861 38359296 89 85.8189 0.854253 8.91958 7.93595e-07 0.47902 0.00497512 6.16661e-05
ENSG00000211695.2 7 38358462 38358462 - 13 583090 7_internal_9171 7 37701861 37775372 89 87.1748 0.93811 10.5723 0.0642492 0.194719 0.527363 0.548989
ENSG00000211697.2 7 38389623 38389623 - 13 0 7_internal_9572 7 38372825 38405118 89 93.815 0.980714 14.1382 0.000716137 0.353842 0.00995025 0.00800037
ENSG00000211698.2 7 38394118 38394118 - 13 0 7_internal_9572 7 38372825 38405118 89 95.9357 0.864772 12.6288 0.000409112 0.366096 0.00995025 0.00701043
ENSG00000211699.2 7 38398763 38398763 - 13 0 7_internal_9572 7 38372825 38405118 89 98.5084 0.979913 13.4494 1.08827e-08 0.562688 0.00497512 3.45582e-08
ENSG00000233306.2 7 38403119 38403119 - 13 119407 7_internal_9359 7 38266634 38283712 89 86.1666 1.02579 10.6366 0.0186488 0.239847 0.20398 0.189192
ENSG00000211701.2 7 38407770 38407770 - 13 2652 7_internal_9572 7 38372825 38405118 89 83.2637 1.06968 11.2359 0.000128772 0.402032 0.00497512 0.00152976
ENSG00000078053.12 7 38671167 38671167 - 13 266049 7_internal_9572 7 38372825 38405118 89 90.634 1.04256 12.6836 0.0156783 0.250732 0.164179 0.156967
ENSG00000164556.7 7 38726637 38726637 - 12 951265 7_internal_9171 7 37701861 37775372 89 78.8832 1.09389 9.68263 0.239108 -0.113742 0.960199 0.942586
ENSG00000006715.11 7 38971994 38971994 - 10 979173 7_internal_9114 7 37954567 37992821 89 76.2932 1.0411 8.00549 0.348889 0.0990422 0.985075 0.978226
ENSG00000241127.3 7 39605975 39605975 + 5 977637 7_internal_10768 7 40583612 40593099 89 96.7875 1.00001 5.42783 0.285344 0.113407 0.81592 0.812112
ENSG00000236015.1 7 39609797 39609797 - 5 -973815 7_internal_10768 7 40583612 40593099 89 77.51 1.00003 4.84541 0.019889 0.245547 0.114428 0.136568
ENSG00000006451.3 7 39663082 39663082 + 5 -713788 7_internal_10403 7 38894171 38949294 89 95.9357 1.00009 4.91119 0.0153168 0.264645 0.0547264 0.0566214
ENSG00000228554.1 7 39742895 39742895 - 4 -529007 7_internal_8714 7 40271902 40310046 89 98.5258 1.00003 4.62229 0.121359 0.152422 0.393035 0.395033
ENSG00000188185.6 7 39773231 39773231 + 4 -823937 7_internal_10403 7 38894171 38949294 89 99.4992 0.999922 4.6913 0.181092 -0.147455 0.542289 0.551786
ENSG00000233225.2 7 39872813 39872813 + 4 710799 7_internal_10768 7 40583612 40593099 89 79.4742 1.00003 3.55634 0.115458 -0.151144 0.432836 0.407867
ENSG00000175741.4 7 39894655 39894655 - 4 -377247 7_internal_8714 7 40271902 40310046 89 81.4732 1.00007 3.71929 0.3824 -0.0823347 0.860697 0.853557
ENSG00000259826.1 7 39989354 39989354 - 3 429554 7_internal_9473 7 39547416 39559800 89 77.0928 1.00003 2.76586 0.0472212 -0.211657 0.159204 0.169357
ENSG00000065883.10 7 39989636 39989636 + 3 282266 7_internal_8714 7 40271902 40310046 89 79.7697 1.00003 2.43229 0.200514 0.144063 0.507463 0.463216
ENSG00000199273.1 7 40167831 40167831 - 4 608031 7_internal_9473 7 39547416 39559800 89 100.142 1.00005 3.86592 0.0898302 -0.172305 0.258706 0.250483
ENSG00000168303.5 7 40174258 40174258 - 4 -870612 7_internal_12846 7 41044870 41532350 89 100.351 0.999928 4.44959 0.119841 -0.167987 0.363184 0.369627
ENSG00000175600.10 7 40174575 40174575 + 4 97327 7_internal_8714 7 40271902 40310046 89 90.4602 0.999898 3.8684 0.0227187 0.242708 0.0995025 0.0811263
ENSG00000248711.1 7 40191212 40191212 + 4 80690 7_internal_8714 7 40271902 40310046 89 92.0941 1.00011 4.28718 0.165308 -0.159072 0.507463 0.521793
ENSG00000203446.2 7 40586527 40586527 - 4 -928933 7_internal_9592 7 41515460 41740133 89 88.7045 0.999947 4.22746 0.561382 -0.0590866 0.975124 0.96951
ENSG00000261019.1 7 42942238 42942238 - 5 -877703 7_internal_8392 7 43819941 43832224 89 92.7547 0.999951 5.08995 0.0588121 0.191768 0.273632 0.244943
ENSG00000136197.7 7 42951904 42951904 - 5 -833743 7_internal_8912 7 43785647 43810067 89 100.055 0.969002 6.27007 0.0566559 -0.195598 0.263682 0.25512
ENSG00000234983.1 7 42958340 42958340 + 5 769952 7_internal_10212 7 43728292 43740241 89 78.6746 0.999913 4.22979 0.0413349 -0.216751 0.223881 0.213473
ENSG00000256646.3 7 42971773 42971773 - 5 41714 7_internal_8941 7 42915851 42930059 89 81.5428 0.999947 4.10211 0.267744 0.12316 0.771144 0.753058
ENSG00000106591.3 7 42971799 42971799 + 5 -41740 7_internal_8941 7 42915851 42930059 89 97.4307 0.999949 5.42383 0.0644715 -0.215755 0.263682 0.255737
ENSG00000106588.6 7 42971822 42971822 - 5 41763 7_internal_8941 7 42915851 42930059 89 102.159 1.00416 5.83257 0.12032 0.173112 0.41791 0.442747
ENSG00000164543.5 7 43622357 43622357 + 7 460937 7_internal_8005 7 44083294 44123052 89 100.768 0.958175 7.89763 0.0208702 0.243444 0.119403 0.116809
ENSG00000106603.12 7 43769316 43769316 - 8 -256046 7_internal_9864 7 44025362 44081576 89 73.1295 1.15244 7.51312 0.11617 0.150653 0.691542 0.663483
