ENSG00000262526.2 17 7147954 7147954 - 15 120962 17_internal_10469 17 7012229 7026992 89 89.6953 1.0253 14.6629 0.0813871 -0.172541 0.711443 0.697128
ENSG00000170291.9 17 7154735 7154735 + 15 -127743 17_internal_10469 17 7012229 7026992 89 98.0217 1.01508 17.2353 0.00303864 0.335192 0.0447761 0.0298519
ENSG00000175826.7 17 7155810 7155810 - 15 590119 17_internal_8747 17 6550631 6565691 89 77.0754 1.04273 11.8323 0.0294996 0.22736 0.383085 0.384622
ENSG00000262302.1 17 7165408 7165408 - 15 -650404 17_internal_8735 17 7815812 7894700 89 98.6301 0.940857 15.1851 0.067565 0.18591 0.577114 0.598169
ENSG00000181885.13 17 7167302 7167302 - 15 -201731 17_internal_8559 17 7369033 7387107 89 86.3057 1.02524 13.3121 0.118025 -0.164659 0.840796 0.82131
ENSG00000132507.13 17 7210318 7210318 + 15 -55291 17_internal_8493 17 7134727 7155027 89 105.757 0.888066 17.339 0.085406 -0.175357 0.681592 0.707192
ENSG00000132522.10 17 7218883 7218883 - 15 -595097 17_internal_9022 17 7813980 7828035 89 81.5949 1.05868 11.5306 0.09268 0.178494 0.716418 0.710107
ENSG00000261915.1 17 7230158 7230158 - 15 203166 17_internal_10469 17 7012229 7026992 89 86.775 0.982455 13.1806 0.0406376 0.231321 0.452736 0.45008
ENSG00000215041.4 17 7232712 7232712 - 15 205720 17_internal_10469 17 7012229 7026992 89 102.837 0.897954 15.551 0.0505662 0.218002 0.487562 0.481007
ENSG00000072818.6 17 7239848 7239848 + 15 0 17_internal_8774 17 7116721 7258124 89 86.323 1.03188 13.6812 0.116591 -0.158659 0.850746 0.824052
ENSG00000213859.3 17 7255208 7255208 + 15 0 17_internal_8774 17 7116721 7258124 89 85.9928 1.02858 13.6455 0.0235629 0.214589 0.278607 0.289703
ENSG00000263171.1 17 7258263 7258263 - 15 -660983 17_internal_12331 17 7919246 7960442 89 95.1883 0.976733 15.6337 0.00338775 0.306485 0.0547264 0.0407781
ENSG00000174292.7 17 7283853 7283853 + 16 -25729 17_internal_8774 17 7116721 7258124 89 98.3346 1.01062 19.4139 0.00656481 0.276781 0.0945274 0.0771971
ENSG00000187838.12 17 7307416 7307416 - 16 49292 17_internal_8774 17 7116721 7258124 89 83.8199 1.00173 13.7738 0.022373 -0.262584 0.318408 0.310207
ENSG00000262481.1 17 7307416 7307416 - 16 49292 17_internal_8774 17 7116721 7258124 89 89.4693 0.930733 14.7627 0.0162673 -0.275135 0.268657 0.24102
ENSG00000205544.3 17 7307456 7307456 - 16 280464 17_internal_10469 17 7012229 7026992 89 90.7383 0.965688 14.0822 0.00615162 -0.302274 0.0995025 0.085054
ENSG00000169992.5 17 7308193 7308193 + 16 550264 17_internal_8687 17 7858457 7865426 89 88.774 0.984845 13.8813 0.0122889 -0.253145 0.139303 0.164389
ENSG00000262880.1 17 7323422 7323422 + 16 -168395 17_internal_8493 17 7134727 7155027 89 90.1646 0.931856 15.0331 0.0948406 0.17065 0.781095 0.789661
ENSG00000181284.2 17 7338762 7338762 + 17 993702 17_internal_7964 17 8332464 8370239 89 79.5611 1.03895 13.2608 0.0472213 -0.219294 0.527363 0.54679
ENSG00000262624.1 17 7340842 7340842 - 17 82718 17_internal_8774 17 7116721 7258124 89 86.4447 1.07 16.5855 0.0225079 0.247716 0.338308 0.30609
ENSG00000161958.5 17 7341592 7341592 + 17 -846413 17_internal_12113 17 6346406 6495179 89 80.0305 0.967282 13.27 0.00958167 0.251374 0.18408 0.183452
ENSG00000263301.1 17 7346646 7346646 - 17 -469166 17_internal_8735 17 7815812 7894700 89 94.7016 0.94951 19.0509 0.0340409 0.217415 0.457711 0.451277
ENSG00000170175.6 17 7348380 7348380 + 17 570199 17_internal_8160 17 7918579 7947036 89 90.2863 1.02496 15.4159 0.0114933 0.252506 0.159204 0.147173
ENSG00000259224.1 17 7384721 7384721 + 17 -722144 17_internal_8811 17 6613917 6662577 89 117.108 0.935686 27.0041 0.0358184 0.208205 0.368159 0.384391
ENSG00000174282.7 17 7387582 7387582 - 17 360590 17_internal_10469 17 7012229 7026992 89 90.4775 1.06127 17.8502 0.0322321 0.229502 0.427861 0.399236
ENSG00000181222.10 17 7387685 7387685 + 17 428127 17_internal_8735 17 7815812 7894700 89 84.3414 1.0757 13.8753 0.0688861 0.190596 0.61194 0.639233
ENSG00000239697.6 17 7452208 7452208 + 17 -425216 17_internal_10469 17 7012229 7026992 89 91.7639 1.00923 17.8586 0.0504391 0.204424 0.61194 0.57237
ENSG00000248871.1 17 7452416 7452416 + 17 -327819 17_internal_9969 17 7106859 7124597 89 71.9822 1.14266 12.0355 0.10002 0.163737 0.81592 0.799793
ENSG00000161955.12 17 7461609 7461609 + 17 -895918 17_internal_8747 17 6550631 6565691 89 81.6297 1.10979 13.683 0.13391 0.145566 0.870647 0.874205
ENSG00000161956.8 17 7465192 7465192 + 17 393265 17_internal_8687 17 7858457 7865426 89 90.1646 0.964236 15.9284 0.0525383 0.19843 0.577114 0.581942
ENSG00000265500.1 17 7466604 7466604 + 17 815328 17_internal_11155 17 8281932 8312318 89 97.9521 0.839989 17.3255 0.0553806 -0.187243 0.597015 0.620325
ENSG00000161960.10 17 7476024 7476024 + 17 382433 17_internal_8687 17 7858457 7865426 89 85.1236 1.06911 15.6135 0.0286351 0.239397 0.353234 0.369324
ENSG00000264772.1 17 7476144 7476144 + 17 -910453 17_internal_8747 17 6550631 6565691 89 94.5277 0.949622 17.3405 0.0518165 -0.191437 0.552239 0.573478
ENSG00000209582.1 17 7478031 7478031 + 17 -912340 17_internal_8747 17 6550631 6565691 89 70.9219 1.06508 11.8865 0.022374 0.242334 0.383085 0.366391
ENSG00000238917.1 17 7480129 7480129 + 17 0 17_internal_7662 17 7379020 7592500 89 93.7455 0.931096 16.6764 0.0470467 0.214895 0.527363 0.539911
ENSG00000207152.1 17 7481273 7481273 + 17 0 17_internal_7662 17 7379020 7592500 89 100.003 0.903776 21.0044 0.0296511 0.22988 0.41791 0.409252
ENSG00000129226.9 17 7482785 7482785 + 17 375672 17_internal_8687 17 7858457 7865426 89 84.0285 0.996095 15.0963 0.0852931 0.188561 0.800995 0.778038
ENSG00000129255.10 17 7486847 7486847 + 17 -991668 17_internal_12113 17 6346406 6495179 89 89.365 1.12507 18.0122 0.113136 0.170066 0.840796 0.858517
ENSG00000233223.2 17 7487390 7487390 - 17 -328422 17_internal_8735 17 7815812 7894700 89 92.3896 0.985863 17.9558 0.0151276 0.2553 0.238806 0.219586
ENSG00000129194.3 17 7493488 7493488 - 17 830911 17_internal_8811 17 6613917 6662577 89 101.55 1.01068 20.9184 0.0892448 0.176348 0.781095 0.774502
ENSG00000129245.7 17 7518189 7518189 - 16 131082 17_internal_8559 17 7369033 7387107 89 81.8904 1.01367 14.3218 0.0801845 0.183843 0.771144 0.749854
ENSG00000141504.7 17 7531194 7531194 - 16 -388052 17_internal_12331 17 7919246 7960442 89 96.1617 1.05943 18.7904 0.0150408 0.269065 0.189055 0.173147
ENSG00000141499.12 17 7589389 7589389 + 15 224591 17_internal_9022 17 7813980 7828035 89 96.5094 0.94593 16.243 0.117552 -0.157854 0.830846 0.842701
ENSG00000262251.1 17 7589689 7589689 - 15 -329557 17_internal_12331 17 7919246 7960442 89 95.1188 0.93876 14.5607 0.0144348 -0.262571 0.164179 0.176348
ENSG00000141510.10 17 7590856 7590856 - 15 466259 17_internal_9969 17 7106859 7124597 89 86.41 1.02325 15.0919 0.133239 -0.159049 0.910448 0.891577
ENSG00000132510.6 17 7743222 7743222 + 16 72590 17_internal_8735 17 7815812 7894700 89 80.8648 1.04581 14.083 0.0115233 0.273221 0.21393 0.18657
ENSG00000167874.6 17 7758383 7758383 + 17 100074 17_internal_8687 17 7858457 7865426 89 86.4273 1.01581 17.4872 0.0647971 -0.204381 0.706468 0.706786
ENSG00000182224.6 17 7761064 7761064 + 17 -636467 17_internal_9969 17 7106859 7124597 89 84.7586 1.00164 16.9223 0.00674536 0.267959 0.109453 0.129648
ENSG00000170004.12 17 7788124 7788124 + 16 -761132 17_internal_10469 17 7012229 7026992 89 93.3109 0.895685 13.8022 0.00626035 0.302358 0.119403 0.0937013
ENSG00000183011.8 17 7788591 7788591 - 16 -956638 17_internal_8965 17 8745229 8773213 89 86.6012 1.06079 15.1625 0.0208397 -0.250366 0.288557 0.266935
ENSG00000252835.1 17 7809440 7809440 + 18 986310 17_internal_8273 17 8795750 8875493 89 91.2598 1.22796 20.6176 0.062227 0.192031 0.656716 0.630292
ENSG00000179859.7 17 7819271 7819271 - 18 -972461 17_internal_8565 17 8791732 8874067 89 90.8426 0.947394 16.7489 0.108292 -0.173959 0.825871 0.855481
ENSG00000170049.5 17 7833121 7833121 - 18 -912108 17_internal_8965 17 8745229 8773213 89 85.4539 0.921843 13.4933 0.0219566 -0.227976 0.283582 0.324032
ENSG00000262730.1 17 7833940 7833940 - 18 678913 17_internal_8493 17 7134727 7155027 89 83.1072 0.957801 13.2364 0.00354286 -0.315559 0.0746269 0.071006
ENSG00000170037.9 17 7835419 7835419 + 18 -7384 17_internal_9022 17 7813980 7828035 89 83.959 1.00405 15.8892 0.0569961 0.199261 0.636816 0.651998
ENSG00000170043.7 17 7835441 7835441 - 18 -856107 17_internal_8187 17 8691548 8711830 89 87.9744 1.03374 18.0012 0.146693 0.162932 0.955224 0.941837
ENSG00000214999.3 17 7982800 7982800 + 19 -724676 17_internal_8774 17 7116721 7258124 89 82.099 1.09989 16.9209 0.0536764 0.192107 0.631841 0.633571
ENSG00000179477.5 17 7991021 7991021 - 19 -290911 17_internal_11155 17 8281932 8312318 89 94.2844 0.993574 21.735 0.00317073 0.279782 0.0597015 0.0516951
ENSG00000179148.5 17 8022365 8022365 - 19 764241 17_internal_8774 17 7116721 7258124 89 80.2217 1.03999 16.7725 0.0962083 -0.174066 0.870647 0.861217
ENSG00000179094.9 17 8059824 8059824 - 18 -222108 17_internal_11155 17 8281932 8312318 89 92.3723 1.02459 18.1619 0.00140104 -0.34207 0.0149254 0.0183711
ENSG00000263620.1 17 8066293 8066293 - 18 200867 17_internal_8687 17 7858457 7865426 89 78.1184 0.920945 11.68 0.0161269 0.271066 0.268657 0.284806
ENSG00000220205.4 17 8066864 8066864 - 18 808740 17_internal_8774 17 7116721 7258124 89 86.7924 1.07874 18.1173 0.0172037 0.257608 0.288557 0.255166
ENSG00000200463.1 17 8076905 8076905 - 18 484405 17_internal_7662 17 7379020 7592500 89 96.7875 0.99217 18.8653 0.00486856 0.283915 0.0597015 0.0622613
ENSG00000179029.10 17 8079717 8079717 - 18 185017 17_internal_8735 17 7815812 7894700 89 99.3775 0.89044 19.032 0.0087193 -0.275591 0.129353 0.134487
ENSG00000266824.1 17 8080130 8080130 + 18 -822006 17_internal_8774 17 7116721 7258124 89 95.4143 0.969616 19.3828 0.0394052 0.216006 0.457711 0.491845
ENSG00000196544.6 17 8093564 8093564 - 18 146528 17_internal_8160 17 7918579 7947036 89 83.1072 0.956367 14.8782 0.0785557 0.186194 0.78607 0.765432
ENSG00000178999.8 17 8113918 8113918 - 18 -677814 17_internal_8565 17 8791732 8874067 89 99.9338 1.02344 23.4916 0.109886 -0.160332 0.880597 0.887069
ENSG00000178977.3 17 8127361 8127361 - 17 -617868 17_internal_8965 17 8745229 8773213 89 85.3496 1.10817 13.902 0.0509902 -0.195573 0.532338 0.502894
ENSG00000178921.9 17 8150936 8150936 + 17 130996 17_internal_11155 17 8281932 8312318 89 88.4264 0.914373 14.0018 0.105093 -0.165935 0.820896 0.817086
ENSG00000178971.9 17 8151362 8151362 - 17 -593867 17_internal_8965 17 8745229 8773213 89 87.4182 0.948294 13.9954 0.0518121 -0.213531 0.567164 0.563894
ENSG00000108961.9 17 8191815 8191815 + 16 599917 17_internal_8565 17 8791732 8874067 89 93.9541 0.920477 16.9608 0.0246382 0.240518 0.338308 0.339628
ENSG00000125434.6 17 8198661 8198661 - 16 -593071 17_internal_8565 17 8791732 8874067 89 104.714 0.952031 21.386 0.0382248 0.227155 0.432836 0.435552
ENSG00000198150.2 17 8263538 8263538 - 15 -532212 17_internal_8273 17 8795750 8875493 89 84.4109 1.05509 13.2205 0.00632871 -0.287155 0.0746269 0.0853003
ENSG00000265749.1 17 8268881 8268881 + 15 -440846 17_internal_9022 17 7813980 7828035 89 83.2637 1.10232 15.7893 0.186672 0.124049 0.960199 0.965329
ENSG00000184619.3 17 8280029 8280029 - 15 -515721 17_internal_8273 17 8795750 8875493 89 103.41 0.985048 18.4342 0.00393301 -0.286922 0.0298507 0.0359707
ENSG00000263809.1 17 8286505 8286505 - 15 -509245 17_internal_8273 17 8795750 8875493 89 80.7605 1.01916 12.9477 0.0693449 0.211381 0.671642 0.670129
ENSG00000161970.8 17 8286531 8286531 - 15 -509219 17_internal_8273 17 8795750 8875493 89 85.8537 1.09503 15.946 0.0737874 0.206676 0.701493 0.697811
ENSG00000189051.4 17 8301144 8301144 - 15 354108 17_internal_8160 17 7918579 7947036 89 85.1062 1.03993 12.6106 0.0616191 0.1913 0.597015 0.56898
ENSG00000166579.11 17 8316449 8316449 + 15 -929342 17_internal_8559 17 7369033 7387107 89 80.7605 1.0483 12.1799 0.0035778 0.302509 0.0646766 0.0562338
ENSG00000133026.8 17 8534079 8534079 - 14 941579 17_internal_7662 17 7379020 7592500 89 113.649 0.968753 22.4045 0.0310301 0.237476 0.288557 0.297429
ENSG00000161973.6 17 8648537 8648537 - 13 753837 17_internal_8735 17 7815812 7894700 89 92.7895 0.935294 11.5012 0.0915717 0.173801 0.676617 0.666291
ENSG00000174083.12 17 8770994 8770994 - 13 0 17_internal_8965 17 8745229 8773213 89 91.1207 1.04198 16.1437 0.00106354 0.340533 0.00497512 0.0122305
ENSG00000141506.9 17 8869029 8869029 - 13 0 17_internal_8273 17 8795750 8875493 89 89.5736 0.965186 12.2404 0.00212631 0.337347 0.0248756 0.0286629
ENSG00000266389.1 17 8869213 8869213 + 13 -908771 17_internal_12331 17 7919246 7960442 89 88.8262 0.912217 10.7072 0.00745977 -0.285025 0.109453 0.100049
ENSG00000265975.1 17 8870840 8870840 + 13 962211 17_internal_11699 17 9833051 9892264 89 81.8904 1.11787 11.7135 0.136266 0.157635 0.835821 0.830597
ENSG00000065320.4 17 8924859 8924859 + 13 -213126 17_internal_9042 17 8695023 8711733 89 81.5775 1.11102 11.5347 0.0081553 -0.288453 0.0995025 0.0936226
ENSG00000225751.2 17 9355514 9355514 + 11 426387 17_internal_8819 17 9781901 9805355 89 91.8682 1.05372 12.2937 0.134851 0.151138 0.78607 0.8017
ENSG00000262815.1 17 9368059 9368059 + 11 -440531 17_internal_9126 17 8904601 8927528 89 89.0348 1.00479 10.4768 0.0378873 -0.213688 0.318408 0.330302
ENSG00000265302.1 17 9397314 9397314 + 10 -521821 17_internal_8273 17 8795750 8875493 89 88.8262 1.05086 10.2189 0.121043 -0.151527 0.716418 0.716111
ENSG00000170310.7 17 9479908 9479908 - 10 -353143 17_internal_11699 17 9833051 9892264 89 81.2125 1.0379 8.50755 0.0134378 0.264951 0.109453 0.133004
ENSG00000007237.12 17 10101868 10101868 - 4 75488 17_internal_12339 17 9894155 10026380 89 95.449 1.00008 3.91844 0.00131749 0.335559 0.00995025 0.00343256
ENSG00000242692.1 17 10162079 10162079 + 4 -135699 17_internal_12339 17 9894155 10026380 89 81.0734 0.99993 3.18476 0.242867 0.123906 0.621891 0.625144
ENSG00000109063.8 17 10560626 10560626 - 4 755271 17_internal_8819 17 9781901 9805355 89 93.8672 1.00007 3.86973 0.0773326 -0.168823 0.273632 0.243657
ENSG00000261433.1 17 10562399 10562399 - 4 431515 17_internal_12162 17 9999817 10130884 89 98.5258 1.00006 4.00848 0.630555 0.0526552 0.985075 0.977687
ENSG00000263388.1 17 10584051 10584051 + 4 -691787 17_internal_11699 17 9833051 9892264 89 90.5123 0.999958 3.65905 0.281113 0.121148 0.671642 0.694881
ENSG00000170222.10 17 10600911 10600911 + 4 -574531 17_internal_12339 17 9894155 10026380 89 94.6146 0.999976 3.87471 0.178702 -0.147229 0.547264 0.503965
ENSG00000133028.6 17 10601692 10601692 - 4 796337 17_internal_8819 17 9781901 9805355 89 100.664 0.999935 4.11526 0.0647209 0.196285 0.19403 0.188208
ENSG00000264176.1 17 10619828 10619828 - 4 593448 17_internal_12339 17 9894155 10026380 89 95.901 0.999949 3.69244 0.120419 -0.161348 0.368159 0.341216
ENSG00000263400.1 17 10633094 10633094 + 4 -502210 17_internal_12162 17 9999817 10130884 89 74.9025 1.00004 2.80773 0.107537 -0.18005 0.363184 0.345301
ENSG00000263523.1 17 10633113 10633113 + 4 -502229 17_internal_12162 17 9999817 10130884 89 76.2932 1.00005 3.37232 0.341822 -0.105039 0.830846 0.799459
ENSG00000187824.4 17 10633633 10633633 - 4 607253 17_internal_12339 17 9894155 10026380 89 101.672 0.999984 3.82897 0.124386 -0.160339 0.328358 0.333093
ENSG00000264016.2 17 10672333 10672333 - 4 541449 17_internal_12162 17 9999817 10130884 89 125.469 1.00001 5.07531 0.21862 -0.130442 0.542289 0.545165
ENSG00000263429.1 17 10707416 10707416 - 4 815152 17_internal_11699 17 9833051 9892264 89 95.7271 0.999982 3.45448 0.439139 0.0864213 0.865672 0.849718
ENSG00000007174.12 17 11501748 11501748 + 0 NA NA NA NA NA NA NA NA NA NA NA NA NA
ENSG00000266368.1 17 11880911 11880911 - 0 NA NA NA NA NA NA NA NA NA NA NA NA NA
ENSG00000154957.8 17 11900827 11900827 - 0 NA NA NA NA NA NA NA NA NA NA NA NA NA
ENSG00000065559.9 17 11924141 11924141 + 0 NA NA NA NA NA NA NA NA NA NA NA NA NA
ENSG00000241185.2 17 11924825 11924825 - 0 NA NA NA NA NA NA NA NA NA NA NA NA NA
ENSG00000252707.1 17 11939954 11939954 - 0 NA NA NA NA NA NA NA NA NA NA NA NA NA
ENSG00000263648.1 17 12018864 12018864 + 0 NA NA NA NA NA NA NA NA NA NA NA NA NA
ENSG00000006740.11 17 12692856 12692856 + 1 810835 17_internal_12693 17 13503691 15089407 89 78.0314 0.999955 0.976621 0.905392 -0.0134325 0.905473 0.906262
ENSG00000263707.1 17 12893927 12893927 - 1 -609764 17_internal_12693 17 13503691 15089407 89 84.7586 0.999945 0.959912 0.416734 -0.0848512 0.412935 0.41519
ENSG00000006744.11 17 12921504 12921504 - 1 -582187 17_internal_12693 17 13503691 15089407 89 87.6441 0.999965 0.89092 0.347001 -0.105779 0.328358 0.319413
ENSG00000153976.2 17 13505244 13505244 - 1 0 17_internal_12693 17 13503691 15089407 89 70.7133 1.0001 0.919963 0.731294 0.0378467 0.731343 0.730628
ENSG00000236088.2 17 13796162 13796162 - 1 0 17_internal_12693 17 13503691 15089407 89 83.1768 1.00001 1.03012 0.198055 0.145354 0.223881 0.219146
ENSG00000265494.1 17 13812548 13812548 + 1 0 17_internal_12693 17 13503691 15089407 89 87.2791 1.00004 0.984517 0.60672 0.0537538 0.58209 0.604499
ENSG00000266744.1 17 13870269 13870269 - 1 0 17_internal_12693 17 13503691 15089407 89 80.0305 1.00001 0.899341 0.693845 0.0443518 0.661692 0.670524
ENSG00000141028.5 17 13927802 13927802 + 1 0 17_internal_12693 17 13503691 15089407 89 87.592 0.999994 0.95874 0.722137 -0.0341971 0.716418 0.709213
ENSG00000223385.1 17 13972775 13972775 - 1 0 17_internal_12693 17 13503691 15089407 89 90.9121 1.00002 0.90112 0.953901 -0.00653192 0.940299 0.936903
ENSG00000006695.6 17 13972813 13972813 + 1 0 17_internal_12693 17 13503691 15089407 89 67.6365 1.00004 0.934144 0.370864 0.0947235 0.41791 0.414058
ENSG00000231595.1 17 14113805 14113805 + 1 0 17_internal_12693 17 13503691 15089407 89 84.9672 1.00003 0.926356 0.351185 -0.107427 0.343284 0.340903
ENSG00000223510.2 17 14140179 14140179 - 1 0 17_internal_12693 17 13503691 15089407 89 100.368 1.00003 1.08848 0.889854 -0.0134934 0.920398 0.903265
ENSG00000125430.4 17 14204400 14204400 + 2 0 17_internal_12693 17 13503691 15089407 89 89.8865 1 1.86143 0.0161777 0.268279 0.0298507 0.028941
ENSG00000266709.1 17 14207171 14207171 + 2 0 17_internal_12693 17 13503691 15089407 89 100.455 0.999986 2.35983 0.0889721 0.183569 0.154229 0.158837
ENSG00000266378.1 17 14230652 14230652 + 2 0 17_internal_12693 17 13503691 15089407 89 93.4326 1.00005 1.91418 0.178738 0.144176 0.283582 0.297115
ENSG00000230897.1 17 14608851 14608851 - 3 -554376 17_internal_10016 17 15163227 15497328 89 86.3404 1.00003 2.94189 0.129952 -0.157326 0.343284 0.349216
ENSG00000234324.1 17 15346953 15346953 + 7 441985 17_internal_7646 17 15788938 15819023 89 86.5143 0.995859 6.28114 0.0398223 -0.231178 0.258706 0.241515
ENSG00000239704.5 17 15408394 15408394 - 9 0 17_internal_10016 17 15163227 15497328 89 86.3404 1.16799 11.7813 0.455342 0.0705834 0.995025 0.999017
ENSG00000223878.1 17 15410180 15410180 + 9 747928 17_internal_8299 17 16158108 16192850 89 96.2486 0.890427 9.59258 0.0286097 -0.22401 0.243781 0.24482
ENSG00000266538.1 17 15434403 15434403 - 9 28056 17_internal_8551 17 15343450 15406347 89 81.6123 1.13607 9.51557 0.0449047 -0.21325 0.363184 0.354162
ENSG00000259024.1 17 15466875 15466875 - 9 377468 17_internal_12693 17 13503691 15089407 89 90.86 1.17942 11.3073 0.127234 0.152379 0.731343 0.71786
ENSG00000175106.12 17 15466909 15466909 - 9 377502 17_internal_12693 17 13503691 15089407 89 94.6668 0.920512 10.1488 0.0411221 0.198276 0.338308 0.342212
ENSG00000241322.4 17 15522826 15522826 - 9 433419 17_internal_12693 17 13503691 15089407 89 69.0967 1.00911 6.06903 0.0340269 -0.222307 0.293532 0.317831
ENSG00000266261.1 17 15554904 15554904 + 9 234034 17_internal_7646 17 15788938 15819023 89 80.1174 1.04404 8.59254 0.0791064 -0.188647 0.577114 0.560011
ENSG00000251537.4 17 15554967 15554967 - 9 -806602 17_internal_9176 17 16361569 16895232 89 88.1135 1.04475 9.79832 0.128989 -0.155509 0.736318 0.732313
ENSG00000108452.1 17 15578790 15578790 + 9 762358 17_internal_12058 17 16341148 16351575 89 91.6074 0.976741 9.57872 0.26791 0.108361 0.940299 0.947045
ENSG00000221926.7 17 15587625 15587625 - 9 -201313 17_internal_7646 17 15788938 15819023 89 80.1695 1.12595 8.6785 0.018035 -0.247294 0.159204 0.152865
ENSG00000187607.11 17 15602891 15602891 + 9 757537 17_internal_12211 17 16360428 16425063 89 84.4631 0.929725 7.33565 0.0355126 0.217852 0.283582 0.293575
ENSG00000255104.3 17 15603006 15603006 + 9 185932 17_internal_7646 17 15788938 15819023 89 88.4264 0.984884 8.96931 0.0853536 -0.179015 0.537313 0.562037
ENSG00000233966.1 17 15608214 15608214 - 9 201867 17_internal_8551 17 15343450 15406347 89 77.5447 0.904133 6.61616 0.166722 -0.151769 0.80597 0.794707
ENSG00000214946.9 17 15635561 15635561 + 9 726008 17_internal_9176 17 16361569 16895232 89 95.9357 0.993958 9.48116 0.198709 0.132497 0.845771 0.852465
ENSG00000227018.1 17 15686602 15686602 + 9 471444 17_internal_9547 17 16158046 16173286 89 94.8754 0.994061 9.7174 0.0427856 -0.187432 0.323383 0.305532
ENSG00000170425.3 17 15848231 15848231 + 9 -29208 17_internal_7646 17 15788938 15819023 89 106.8 1.00001 13.6635 0.0374856 -0.236584 0.258706 0.268303
ENSG00000011295.9 17 15902694 15902694 + 9 -813287 17_internal_12693 17 13503691 15089407 89 102.159 0.811595 8.02974 0.0663363 0.203803 0.412935 0.427825
ENSG00000214941.3 17 15903031 15903031 - 9 -457397 17_internal_12211 17 16360428 16425063 89 89.7822 1.04634 9.44616 0.18153 -0.135069 0.820896 0.835152
ENSG00000227782.1 17 15943505 15943505 + 10 418064 17_internal_9176 17 16361569 16895232 89 85.2105 1.04333 8.87436 0.351904 -0.093264 0.9801 0.979976
ENSG00000243686.1 17 15947935 15947935 + 11 966348 17_internal_13313 17 16914283 17217327 89 90.3732 1.05024 12.4683 0.083854 -0.179098 0.641791 0.633209
ENSG00000233979.1 17 15987356 15987356 + 11 -490028 17_internal_10016 17 15163227 15497328 89 98.1607 0.903995 13.3206 0.231343 -0.139697 0.965174 0.96321
ENSG00000252383.1 17 16002018 16002018 + 11 -504690 17_internal_10016 17 15163227 15497328 89 86.5316 1.05292 11.1643 0.000235753 0.342474 0.00497512 0.00232297
ENSG00000199674.1 17 16041186 16041186 - 11 951779 17_internal_12693 17 13503691 15089407 89 81.7514 1.05849 10.5341 0.146827 0.15704 0.830846 0.835933
ENSG00000108474.9 17 16120523 16120523 + 11 -301500 17_internal_7646 17 15788938 15819023 89 95.0492 0.883234 12.3427 0.0810806 -0.201963 0.661692 0.650375
ENSG00000141027.15 17 16121499 16121499 - 11 715152 17_internal_8551 17 15343450 15406347 89 98.1607 0.976943 14.2438 0.0192666 0.262369 0.20398 0.190144
ENSG00000166582.5 17 16256970 16256970 - 11 83684 17_internal_9547 17 16158046 16173286 89 98.8734 0.971074 12.8632 0.0415714 0.214143 0.338308 0.352779
ENSG00000170315.8 17 16284112 16284112 + 11 760430 17_internal_8850 17 17044542 17049254 89 88.1309 0.987535 11.4729 0.0455208 -0.212674 0.432836 0.427551
ENSG00000265401.1 17 16285983 16285983 - 11 -758559 17_internal_8850 17 17044542 17049254 89 91.2598 0.958569 11.2153 0.0254943 -0.230914 0.278607 0.253534
ENSG00000187688.10 17 16318856 16318856 + 11 595427 17_internal_13313 17 16914283 17217327 89 91.7465 1.18119 14.4265 0.046424 0.210357 0.422886 0.389084
ENSG00000264739.1 17 16320003 16320003 - 11 146717 17_internal_9547 17 16158046 16173286 89 80.8996 1.00035 9.48751 0.0686056 -0.200692 0.562189 0.5586
ENSG00000239203.1 17 16330788 16330788 + 11 30781 17_internal_9176 17 16361569 16895232 89 100.994 0.894527 11.0035 0.0235669 0.252309 0.223881 0.201827
ENSG00000175061.10 17 16342136 16342136 + 11 -844808 17_internal_10016 17 15163227 15497328 89 76.0324 1.01115 9.24833 0.00258051 -0.319644 0.0597015 0.0467403
ENSG00000202042.1 17 16342819 16342819 + 11 701723 17_internal_8850 17 17044542 17049254 89 88.5654 1.01357 10.6523 0.0921517 0.193128 0.636816 0.640775
ENSG00000206956.1 17 16343350 16343350 + 11 601053 17_internal_8867 17 16944403 16978116 89 97.0656 0.914874 10.8463 0.0229023 -0.238284 0.208955 0.207483
ENSG00000266651.1 17 16344266 16344266 - 11 937919 17_internal_8551 17 15343450 15406347 89 81.8904 1.11687 9.91693 0.124682 0.163399 0.766169 0.74245
ENSG00000212381.1 17 16344540 16344540 + 11 -847212 17_internal_10016 17 15163227 15497328 89 86.8098 1.02437 12.0072 0.237816 -0.121727 0.955224 0.963422
ENSG00000181350.7 17 16395467 16395467 - 12 898139 17_internal_10016 17 15163227 15497328 89 98.126 0.953538 13.1899 0.00241467 -0.307763 0.039801 0.0230419
ENSG00000266803.1 17 16462583 16462583 - 11 289297 17_internal_9547 17 16158046 16173286 89 84.7412 0.971754 9.00694 0.00869754 -0.254808 0.109453 0.097756
ENSG00000141040.10 17 16472520 16472520 - 11 -572022 17_internal_8850 17 17044542 17049254 89 86.4795 0.975892 10.8899 0.115918 0.177902 0.756219 0.763031
ENSG00000235554.1 17 16521195 16521195 - 10 -858387 17_internal_11324 17 17379582 17545468 89 84.4109 1.00558 8.88032 0.17735 -0.147591 0.860697 0.843104
ENSG00000197566.5 17 16557170 16557170 - 10 -487372 17_internal_8850 17 17044542 17049254 89 82.1686 0.999955 7.8745 0.0140149 0.271343 0.144279 0.135143
ENSG00000170160.11 17 16592851 16592851 + 10 451691 17_internal_8850 17 17044542 17049254 89 79.1961 1.06335 8.62653 0.021743 0.255221 0.20398 0.209307
ENSG00000266302.1 17 16593575 16593575 + 10 450967 17_internal_8850 17 17044542 17049254 89 89.0174 1.01224 9.20629 0.0230428 0.254172 0.20398 0.188448
ENSG00000188933.7 17 16689803 16689803 + 11 354739 17_internal_8850 17 17044542 17049254 89 84.7586 1.02516 10.0608 0.0154682 0.268414 0.174129 0.159563
ENSG00000128438.5 17 16838153 16838153 - 12 -965346 17_internal_9539 17 17803499 17806497 89 92.5287 1.05381 12.8274 0.0416124 0.185838 0.358209 0.364453
ENSG00000240505.4 17 16875432 16875432 - 12 0 17_internal_9176 17 16361569 16895232 89 85.6625 0.971672 12.6997 0.0945334 -0.160438 0.761194 0.750819
ENSG00000133030.14 17 16945859 16945859 + 13 98683 17_internal_8850 17 17044542 17049254 89 81.1604 1.12956 12.4153 0.00762302 0.309099 0.0895522 0.0922071
ENSG00000225442.2 17 16981066 16981066 - 13 807780 17_internal_9547 17 16158046 16173286 89 88.8262 1.10586 13.8577 0.0887238 0.168372 0.696517 0.687702
ENSG00000214899.1 17 17072078 17072078 + 14 -22824 17_internal_8850 17 17044542 17049254 89 86.6012 0.93798 12.0654 0.0382301 0.21847 0.412935 0.426494
ENSG00000206859.1 17 17073397 17073397 + 14 802670 17_internal_11668 17 17876067 17942444 89 78.7441 1.14879 14.2454 0.207958 0.139712 0.975124 0.971557
ENSG00000243370.2 17 17081729 17081729 + 14 639548 17_internal_10712 17 17721277 17842633 89 115.578 0.934468 17.6868 0.170531 0.131359 0.880597 0.903112
ENSG00000263624.1 17 17088868 17088868 - 14 39614 17_internal_8850 17 17044542 17049254 89 82.1512 0.990339 12.7495 0.0487187 0.207873 0.557214 0.53968
ENSG00000263789.1 17 17089779 17089779 + 14 -896929 17_internal_8299 17 16158108 16192850 89 91.3293 0.945328 12.4292 0.0454143 0.195665 0.472637 0.445111
ENSG00000259850.1 17 17091982 17091982 + 14 0 17_internal_13313 17 16914283 17217327 89 99.2037 1.05482 16.4147 0.000280052 0.369553 0.00995025 0.00142348
ENSG00000179598.5 17 17109629 17109629 - 14 -504590 17_internal_11622 17 17614219 17662714 89 73.9117 1.04105 9.5561 0.0660206 -0.190761 0.587065 0.593634
ENSG00000266498.1 17 17139432 17139432 - 14 161316 17_internal_8867 17 16944403 16978116 89 91.6943 0.986712 14.9884 0.118881 0.167735 0.830846 0.838662
ENSG00000264187.1 17 17140499 17140499 - 14 91245 17_internal_8850 17 17044542 17049254 89 97.1178 0.828478 14.893 0.0373908 0.229253 0.422886 0.449192
ENSG00000154803.8 17 17140502 17140502 - 14 947652 17_internal_8299 17 16158108 16192850 89 84.915 1.16916 15.688 0.119986 0.170201 0.860697 0.851966
ENSG00000226359.1 17 17145324 17145324 + 14 -167208 17_internal_8867 17 16944403 16978116 89 97.8131 0.945091 16.0951 0.184885 -0.135348 0.955224 0.949906
ENSG00000141030.8 17 17184607 17184607 - 13 206491 17_internal_8867 17 16944403 16978116 89 96.1096 0.814057 12.3618 0.13176 0.158627 0.830846 0.839254
ENSG00000205309.8 17 17206649 17206649 + 13 0 17_internal_13313 17 16914283 17217327 89 87.5398 0.922355 11.4498 0.140001 0.158236 0.820896 0.848915
ENSG00000215030.4 17 17287326 17287326 - 14 -920495 17_internal_11776 17 18207821 18380780 89 101.776 0.907464 16.9679 0.0492165 -0.211705 0.472637 0.503116
ENSG00000141026.3 17 17380300 17380300 + 14 -402184 17_internal_8867 17 16944403 16978116 89 84.4457 1.04894 11.4258 0.162395 -0.144051 0.870647 0.877834
ENSG00000108551.4 17 17399709 17399709 - 14 -795502 17_internal_8855 17 18195211 18206538 89 78.7789 1.06397 10.9511 0.107139 0.176238 0.771144 0.762209
ENSG00000265511.1 17 17410665 17410665 + 14 -985602 17_internal_12211 17 16360428 16425063 89 77.2318 1.03921 11.2287 0.0971361 -0.176278 0.751244 0.756946
ENSG00000264666.1 17 17494742 17494742 + 13 226535 17_internal_10712 17 17721277 17842633 89 104.106 0.99066 15.6071 0.0453022 -0.196325 0.38806 0.385986
ENSG00000133027.12 17 17495022 17495022 - 13 277695 17_internal_13313 17 16914283 17217327 89 81.4559 1.1125 13.2261 0.0211666 -0.256358 0.243781 0.260105
ENSG00000108557.13 17 17584787 17584787 + 13 29432 17_internal_11622 17 17614219 17662714 89 90.4602 1.03529 13.3962 0.000604523 0.331812 0.0199005 0.00602799
ENSG00000237328.1 17 17674135 17674135 - 13 11421 17_internal_11622 17 17614219 17662714 89 80.6215 0.966871 10.8889 0.000696386 0.322907 0.0199005 0.0158277
ENSG00000264167.1 17 17681095 17681095 + 13 122404 17_internal_9539 17 17803499 17806497 89 85.6451 0.954012 11.183 0.0545328 -0.197069 0.527363 0.517216
ENSG00000226746.2 17 17682843 17682843 - 13 20129 17_internal_11622 17 17614219 17662714 89 89.7475 0.980782 11.8384 0.00354486 0.311349 0.0447761 0.0424387
ENSG00000072310.12 17 17740325 17740325 - 13 0 17_internal_10712 17 17721277 17842633 89 89.8518 1.0389 12.9457 3.38556e-07 0.543648 0.00497512 2.33434e-06
ENSG00000197815.3 17 17761583 17761583 + 14 -866351 17_internal_9176 17 16361569 16895232 89 86.3404 0.931205 13.4625 0.0187135 -0.254361 0.278607 0.274805
ENSG00000175662.13 17 17875736 17875736 - 15 826482 17_internal_8850 17 17044542 17049254 89 76.3975 1.09795 11.8811 0.0196019 0.254992 0.258706 0.26706
ENSG00000171962.11 17 17876127 17876127 + 15 994163 17_internal_8328 17 18870290 18896787 89 81.9773 0.92331 10.5282 0.0109634 -0.268432 0.189055 0.171175
