ENSG00000139679.9 13 49018840 49018840 - 12 -41735 13_internal_3952 13 49060575 49082314 89 94.2844 0.936185 11.3705 0.0020915 0.338584 0.0348259 0.022988
ENSG00000136161.8 13 49107369 49107369 - 12 25055 13_internal_3952 13 49060575 49082314 89 87.7484 0.988683 9.79753 0.00730937 0.282742 0.079602 0.0757678
ENSG00000152207.3 13 49280951 49280951 + 14 0 13_internal_6012 13 49226325 49438146 89 89.6605 1.00106 13.5227 3.35762e-06 0.496031 0.00497512 4.12841e-05
ENSG00000225131.1 13 49345264 49345264 + 14 -262731 13_internal_3962 13 49060282 49082533 89 106.313 0.871721 16.3807 0.013006 -0.267635 0.149254 0.143846
ENSG00000102531.10 13 49550048 49550048 + 15 -348818 13_internal_4025 13 49188524 49201230 89 87.0184 1.06184 14.148 0.0187927 0.23795 0.238806 0.225111
ENSG00000201662.1 13 49562051 49562051 + 15 514008 13_internal_5642 13 50076059 50160623 89 82.1338 1.02274 13.4838 0.0334841 0.21043 0.432836 0.421665
ENSG00000223724.1 13 49620930 49620930 - 15 153665 13_internal_4063 13 49457454 49467265 89 92.1811 1.00015 16.2125 0.0236752 0.229085 0.273632 0.294554
ENSG00000235957.1 13 49761806 49761806 - 15 -482353 13_internal_4496 13 50244159 50268898 89 96.8223 0.898197 16.8971 0.0256518 0.225204 0.328358 0.336966
ENSG00000231665.1 13 49786430 49786430 - 14 585200 13_internal_4025 13 49188524 49201230 89 81.4211 1.07938 14.1223 0.02621 -0.229951 0.353234 0.34557
ENSG00000102543.10 13 49822047 49822047 + 14 -666930 13_internal_3755 13 48722332 49155117 89 117.925 0.846744 20.0141 0.172903 0.14605 0.940299 0.936852
ENSG00000102547.14 13 50018262 50018262 - 14 935729 13_internal_3962 13 49060282 49082533 89 80.7432 1.00661 11.4984 0.039455 -0.209566 0.472637 0.441604
ENSG00000136169.11 13 50018429 50018429 + 14 57630 13_internal_5642 13 50076059 50160623 89 84.324 0.972994 11.5118 0.00270046 0.317543 0.039801 0.0436463
ENSG00000215462.1 13 50020554 50020554 - 14 865437 13_internal_3755 13 48722332 49155117 89 86.8098 0.979813 11.5948 0.0274362 -0.226392 0.308458 0.301852
ENSG00000236577.1 13 50063106 50063106 + 14 -583459 13_internal_4041 13 49431795 49479647 89 102.524 1.05699 20.1024 0.0253133 0.240978 0.243781 0.257167
ENSG00000136147.11 13 50069746 50069746 + 14 6313 13_internal_5642 13 50076059 50160623 89 99.1863 0.961228 14.9297 0.0210413 -0.247649 0.20398 0.215607
ENSG00000136144.7 13 50159719 50159719 - 11 -369539 13_internal_4887 13 50529258 50532975 89 89.0869 1.03774 10.9805 0.0896159 -0.185747 0.641791 0.627242
ENSG00000152213.3 13 50202435 50202435 + 10 0 13_internal_5005 13 50180636 50221354 89 96.4398 1.01449 10.4859 2.43705e-06 0.471899 0.00497512 8.1415e-06
ENSG00000123179.8 13 50265623 50265623 - 11 0 13_internal_4496 13 50244159 50268898 89 102.506 0.985171 13.2557 7.30973e-06 0.400528 0.00497512 2.31061e-05
ENSG00000224798.1 13 50354767 50354767 - 11 194144 13_internal_5642 13 50076059 50160623 89 85.6104 0.937822 9.86452 0.0105322 0.291168 0.124378 0.132539
ENSG00000102753.5 13 50367057 50367057 - 11 -724766 13_internal_4278 13 51091823 51104107 89 99.9686 0.951113 14.6434 0.0308055 0.220919 0.318408 0.300996
ENSG00000123178.9 13 50510626 50510626 - 9 707600 13_internal_5136 13 49793410 49803026 89 95.3969 1.00889 8.41378 0.211295 -0.128454 0.835821 0.837587
ENSG00000204977.5 13 50570024 50570024 + 9 521799 13_internal_4278 13 51091823 51104107 89 85.0889 0.93867 7.62459 0.0123818 0.281344 0.129353 0.123209
ENSG00000198553.4 13 50589390 50589390 + 9 52896 13_internal_3995 13 50642286 50698465 89 91.3467 0.958127 7.83712 0.0180522 0.240749 0.18408 0.135968
ENSG00000231862.1 13 50638816 50638816 + 9 3470 13_internal_3995 13 50642286 50698465 89 88.3742 0.961888 8.73691 0.000295455 0.370945 0.00497512 0.00343978
ENSG00000176124.6 13 50656307 50656307 + 9 0 13_internal_3995 13 50642286 50698465 89 77.6316 1.09874 8.15141 0.00438334 0.316189 0.0497512 0.0453761
ENSG00000214359.3 13 50673467 50673467 + 9 -870441 13_internal_5136 13 49793410 49803026 89 93.7803 1.02529 10.6471 0.184622 -0.124158 0.860697 0.862789
ENSG00000231607.2 13 50699856 50699856 - 9 1391 13_internal_3995 13 50642286 50698465 89 95.3447 0.929977 9.35609 1.37701e-05 0.431855 0.00497512 0.000127837
ENSG00000232150.3 13 50746225 50746225 + 9 -585602 13_internal_5642 13 50076059 50160623 89 79.2135 1.0594 8.06668 0.0655843 0.179736 0.512438 0.473541
ENSG00000186047.9 13 51418075 51418075 - 7 885100 13_internal_4887 13 50529258 50532975 89 100.925 0.980843 7.91959 0.252058 -0.130635 0.885572 0.867557
ENSG00000136104.11 13 51483814 51483814 + 7 -950839 13_internal_4887 13 50529258 50532975 89 91.2076 1.02712 7.3066 0.0445048 0.211863 0.268657 0.257228
ENSG00000233672.2 13 51484848 51484848 - 7 -636773 13_internal_5013 13 52121621 52135279 89 76.7799 1.09217 6.19642 0.060172 -0.203033 0.383085 0.36606
ENSG00000123201.9 13 51654998 51654998 - 7 956533 13_internal_3995 13 50642286 50698465 89 78.4834 0.953299 5.4623 0.113569 -0.143171 0.557214 0.57467
ENSG00000150510.9 13 51796503 51796503 + 8 -309407 13_internal_4406 13 51382967 51487096 89 89.1564 1.03925 8.127 0.169269 -0.144181 0.771144 0.76586
ENSG00000253309.2 13 51909909 51909909 + 8 -805802 13_internal_4278 13 51091823 51104107 89 96.6832 0.973623 8.6596 0.0529327 0.195157 0.328358 0.332603
ENSG00000236778.2 13 52026503 52026503 + 9 -735751 13_internal_4491 13 51207369 51290752 89 91.2945 0.985227 8.87858 0.0287798 -0.214187 0.21393 0.220144
ENSG00000224892.2 13 52028300 52028300 + 9 739221 13_internal_5707 13 52767521 53228172 89 103.619 0.921577 11.0175 0.0846693 -0.161789 0.532338 0.54735
ENSG00000102786.9 13 52028400 52028400 - 9 541304 13_internal_4406 13 51382967 51487096 89 82.3076 1.01213 7.64275 0.114731 -0.169596 0.626866 0.648424
ENSG00000139668.5 13 52158644 52158644 + 8 618847 13_internal_5646 13 52777491 53174995 89 100.716 0.941993 8.71089 0.00111207 -0.336806 0.00995025 0.00632348
ENSG00000206920.1 13 52160668 52160668 - 8 869916 13_internal_4491 13 51207369 51290752 89 89.9213 0.926575 7.42446 0.124016 0.16789 0.626866 0.650273
ENSG00000242893.2 13 52168351 52168351 - 8 -599170 13_internal_5707 13 52767521 53228172 89 83.0377 1.01603 8.0185 0.0326723 0.213437 0.253731 0.266949
ENSG00000224451.1 13 52172542 52172542 + 8 604949 13_internal_5646 13 52777491 53174995 89 89.5389 1.08935 9.33151 0.116213 -0.168084 0.651741 0.646484
ENSG00000226830.1 13 52197358 52197358 - 8 710262 13_internal_4406 13 51382967 51487096 89 79.3525 1.01479 6.9977 0.0750906 -0.195661 0.492537 0.487896
ENSG00000102796.6 13 52378293 52378293 - 8 891197 13_internal_4406 13 51382967 51487096 89 99.2732 0.935813 9.01405 0.0701621 0.199106 0.412935 0.434871
ENSG00000231856.1 13 52378433 52378433 + 8 -243154 13_internal_5013 13 52121621 52135279 89 94.9797 1.01035 10.0652 0.0990484 0.202438 0.587065 0.601315
ENSG00000123191.9 13 52585630 52585630 - 9 204291 13_internal_4330 13 52366897 52381339 89 84.9498 1.01924 8.96608 0.120016 0.180229 0.721393 0.702718
ENSG00000253710.1 13 52586534 52586534 + 9 796902 13_internal_4045 13 53383436 53422858 89 82.5336 1.03484 7.62322 0.0073431 0.296121 0.0447761 0.0655275
ENSG00000253797.1 13 52598827 52598827 + 9 -463548 13_internal_5013 13 52121621 52135279 89 87.4703 0.917709 9.14264 0.321021 -0.115932 0.9801 0.976672
ENSG00000197168.6 13 52703214 52703214 - 10 567935 13_internal_5013 13 52121621 52135279 89 88.183 0.972042 9.27059 0.160801 -0.150347 0.781095 0.814866
ENSG00000136098.11 13 52733996 52733996 - 10 -43495 13_internal_5646 13 52777491 53174995 89 86.775 1.07178 11.1118 0.358284 -0.0975084 0.99005 0.992443
ENSG00000243406.1 13 52768513 52768513 - 10 -614923 13_internal_4045 13 53383436 53422858 89 87.0531 1.00002 10.7574 0.0479222 0.212746 0.427861 0.426956
ENSG00000217576.4 13 52908412 52908412 - 10 -475024 13_internal_4045 13 53383436 53422858 89 96.7701 0.916839 9.5212 0.00607723 0.267984 0.0547264 0.053076
ENSG00000136114.11 13 52980629 52980629 - 10 -402807 13_internal_4045 13 53383436 53422858 89 87.14 1.01768 9.77355 0.0184073 0.245405 0.20398 0.170203
ENSG00000136100.7 13 53024763 53024763 - 10 0 13_internal_3854 13 53022976 53031728 89 83.0377 1.03411 9.15809 0.0389342 0.223097 0.373134 0.335538
ENSG00000136108.9 13 53029564 53029564 + 10 0 13_internal_3854 13 53022976 53031728 89 113.075 0.87323 12.5145 0.0248344 0.247742 0.18408 0.179305
ENSG00000139675.10 13 53191605 53191605 + 9 0 13_internal_5707 13 52767521 53228172 89 86.5838 1.02427 8.56304 0.143917 -0.157559 0.736318 0.742196
ENSG00000250299.1 13 53191693 53191693 + 9 191743 13_internal_4045 13 53383436 53422858 89 82.9855 1.04917 7.94941 0.38756 0.089772 0.9801 0.982086
ENSG00000165416.9 13 53226844 53226844 + 9 -845505 13_internal_4330 13 52366897 52381339 89 84.7064 1.08999 8.40571 0.318985 0.113959 0.950249 0.960009
ENSG00000136110.8 13 53313947 53313947 - 9 0 13_internal_4630 13 53269428 53426289 89 94.1975 0.895875 9.15509 0.0209976 -0.245801 0.18408 0.188364
ENSG00000136149.6 13 55015450 55015450 - 0 NA NA NA NA NA NA NA NA NA NA NA NA NA
ENSG00000139734.12 13 60738119 60738119 - 1 0 13_internal_6072 13 58203364 60986383 89 84.55 0.999963 1.08153 0.387673 -0.0880018 0.442786 0.424356
ENSG00000083544.8 13 60970591 60970591 + 1 0 13_internal_6072 13 58203364 60986383 89 89.3998 0.999963 0.981019 0.813316 0.0270226 0.81592 0.80686
ENSG00000236565.2 13 66362896 66362896 - 0 NA NA NA NA NA NA NA NA NA NA NA NA NA
ENSG00000184226.10 13 67804468 67804468 - 0 NA NA NA NA NA NA NA NA NA NA NA NA NA
ENSG00000232380.1 13 69559190 69559190 + 0 NA NA NA NA NA NA NA NA NA NA NA NA NA
ENSG00000165659.12 13 72441330 72441330 - 2 221506 13_internal_4562 13 72205190 72219824 89 105.305 1.00005 2.16148 0.484132 -0.0780655 0.736318 0.721441
ENSG00000226617.1 13 73277831 73277831 + 3 -823649 13_internal_4728 13 72441074 72454182 89 88.9131 0.999957 2.85812 0.182563 -0.128746 0.442786 0.438379
ENSG00000204899.5 13 73301825 73301825 - 3 847643 13_internal_4728 13 72441074 72454182 89 100.907 0.999925 3.14469 0.437073 -0.0865369 0.825871 0.807493
ENSG00000136122.10 13 73302061 73302061 + 3 500125 13_internal_4095 13 73802186 73835182 89 78.0662 0.999926 2.6594 0.594313 0.0587313 0.920398 0.922672
ENSG00000083535.11 13 73356197 73356197 + 4 442759 13_internal_4991 13 73798956 73833236 89 88.6697 0.999958 3.75141 0.184838 0.155222 0.522388 0.537214
ENSG00000083520.10 13 73356234 73356234 - 4 -445952 13_internal_4095 13 73802186 73835182 89 98.3867 1.00004 3.83933 0.336061 0.101681 0.781095 0.761631
ENSG00000102554.8 13 73629114 73629114 + 4 686952 13_internal_4429 13 74316066 74320364 89 84.0807 0.999888 3.67059 4.14662e-10 0.662207 0.00497512 4.63825e-09
ENSG00000118922.12 13 74708394 74708394 - 4 388030 13_internal_4429 13 74316066 74320364 89 77.4752 0.999893 3.46224 0.00314287 0.336228 0.0199005 0.020219
ENSG00000235532.1 13 74805594 74805594 + 4 -485230 13_internal_4429 13 74316066 74320364 89 85.9232 0.999909 3.71821 0.0532631 0.231682 0.164179 0.197918
ENSG00000206617.1 13 74863351 74863351 - 2 542987 13_internal_4429 13 74316066 74320364 89 103.306 0.999992 2.33468 0.105581 0.185195 0.164179 0.179212
ENSG00000232701.1 13 74952088 74952088 - 2 631724 13_internal_4429 13 74316066 74320364 89 94.6668 0.999956 1.98355 0.0276031 0.249496 0.0497512 0.0452435
ENSG00000177596.1 13 74993252 74993252 - 3 672888 13_internal_4429 13 74316066 74320364 89 72.7992 0.999911 2.63847 0.0295451 0.229132 0.109453 0.124646
ENSG00000226240.1 13 74993310 74993310 + 3 -672946 13_internal_4429 13 74316066 74320364 89 99.9164 1.00004 3.02563 0.0174023 0.243561 0.0199005 0.035034
ENSG00000136111.8 13 76056250 76056250 - 3 -393096 13_internal_5001 13 76449346 77198856 89 78.8658 0.999889 2.32676 0.0858962 -0.183052 0.238806 0.229669
ENSG00000188243.8 13 76123575 76123575 - 3 0 13_internal_3957 13 76111176 76124837 89 93.3283 0.999936 3.06592 6.27534e-05 -0.432048 0.00497512 0.000127342
ENSG00000118939.11 13 76123619 76123619 + 3 0 13_internal_3957 13 76111176 76124837 89 71.6346 1.00001 2.61118 0.538513 -0.063733 0.905473 0.897051
ENSG00000261553.1 13 76123909 76123909 + 3 0 13_internal_3957 13 76111176 76124837 89 88.5654 0.999927 2.85312 0.105658 -0.177098 0.293532 0.274856
ENSG00000136153.13 13 76194570 76194570 + 3 254776 13_internal_5001 13 76449346 77198856 89 106.539 0.999972 3.383 0.680946 0.0475976 0.985075 0.972051
ENSG00000228444.1 13 76206271 76206271 - 3 81434 13_internal_3957 13 76111176 76124837 89 79.057 1.00001 2.76466 0.341302 0.104142 0.731343 0.721179
ENSG00000261105.1 13 76210130 76210130 - 3 -239216 13_internal_5001 13 76449346 77198856 89 90.0951 1.00008 2.90297 0.462989 0.0759539 0.840796 0.833028
ENSG00000178695.4 13 77460540 77460540 - 6 -731910 13_internal_5255 13 78192450 78354811 89 97.309 1.00082 6.5547 0.0519101 0.205245 0.268657 0.245045
ENSG00000233873.1 13 77556051 77556051 - 6 -355867 13_internal_4638 13 77911918 77935334 89 79.0396 1.00011 4.69944 0.0150806 0.251863 0.0845771 0.099429
ENSG00000228002.1 13 77559003 77559003 + 6 352915 13_internal_4638 13 77911918 77935334 89 88.2178 0.979678 5.56631 0.280429 0.108395 0.835821 0.847036
ENSG00000102805.9 13 77564795 77564795 + 6 522881 13_internal_4729 13 78087676 78091380 89 81.5775 1.00009 5.33084 0.116918 0.147535 0.527363 0.533942
ENSG00000005812.6 13 77601330 77601330 - 6 201850 13_internal_4169 13 77387516 77399480 89 80.4998 0.999942 5.04245 0.0835982 0.177337 0.40796 0.412074
ENSG00000236051.2 13 77649649 77649649 + 6 -250169 13_internal_4169 13 77387516 77399480 89 90.634 0.980795 6.15249 0.313562 -0.110906 0.885572 0.900276
ENSG00000229521.1 13 77654646 77654646 + 6 257272 13_internal_4638 13 77911918 77935334 89 96.8049 0.897025 6.08665 0.216116 0.124653 0.746269 0.770433
ENSG00000005810.12 13 77901185 77901185 - 6 501705 13_internal_4169 13 77387516 77399480 89 76.0324 0.999925 5.10054 0.0160854 -0.26647 0.119403 0.126539
ENSG00000139737.15 13 78272023 78272023 + 7 -336689 13_internal_4638 13 77911918 77935334 89 90.0256 0.88946 6.3865 0.0574219 -0.207731 0.343284 0.360599
ENSG00000266325.1 13 78272251 78272251 - 7 0 13_internal_5861 13 78270474 78326417 89 89.5562 0.959695 7.10456 0.0439376 -0.227492 0.283582 0.287603
ENSG00000225579.1 13 78402357 78402357 + 6 -310977 13_internal_4729 13 78087676 78091380 89 83.8199 1.01979 5.73567 0.128099 0.159064 0.58209 0.570037
ENSG00000234377.2 13 79152611 79152611 + 4 78403 13_internal_4786 13 79231014 79345315 89 94.7537 1.00003 4.54995 0.16637 0.136669 0.537313 0.530792
ENSG00000152193.7 13 79233314 79233314 - 4 0 13_internal_4786 13 79231014 79345315 89 81.1951 1.00003 3.64887 0.0490106 0.19857 0.169154 0.202554
ENSG00000252496.1 13 79963766 79963766 - 6 -777529 13_internal_4124 13 80741295 80851356 89 82.8117 1.0001 5.23198 0.0269195 -0.206278 0.18408 0.160298
ENSG00000227354.1 13 79980444 79980444 + 6 404758 13_internal_4800 13 80385202 80461236 89 82.5684 0.999929 5.15822 0.0507356 -0.205733 0.278607 0.272957
ENSG00000139746.10 13 79980612 79980612 - 6 796332 13_internal_4031 13 79169539 79184280 89 89.0869 1.00005 5.67817 0.0116319 0.259257 0.0746269 0.0640476
ENSG00000102471.9 13 80055287 80055287 + 7 -709972 13_internal_4786 13 79231014 79345315 89 102.054 1.03965 6.85375 0.00371465 0.307815 0.00995025 0.0106483
ENSG00000214182.4 13 82264203 82264203 + 1 998117 13_internal_4548 13 83262320 83342565 89 86.5143 0.999982 0.871094 0.334301 -0.0918689 0.298507 0.304778
ENSG00000165300.5 13 88324870 88324870 + 1 0 13_internal_4003 13 88323196 88330998 89 85.3322 0.999948 0.972316 0.0931101 0.199591 0.079602 0.097544
ENSG00000215417.5 13 92000074 92000074 + 0 NA NA NA NA NA NA NA NA NA NA NA NA NA
ENSG00000199180.2 13 92002997 92002997 + 0 NA NA NA NA NA NA NA NA NA NA NA NA NA
ENSG00000207610.1 13 92003145 92003145 + 0 NA NA NA NA NA NA NA NA NA NA NA NA NA
ENSG00000207968.2 13 92003568 92003568 + 0 NA NA NA NA NA NA NA NA NA NA NA NA NA
ENSG00000080166.9 13 95131936 95131936 - 6 -701440 13_internal_5825 13 95833376 95899147 89 85.6799 0.99996 5.11352 0.0452901 -0.209235 0.238806 0.22876
ENSG00000088451.6 13 95248511 95248511 - 6 -607489 13_internal_4193 13 95856000 95866179 89 93.7803 1.03087 5.67675 0.24441 0.142531 0.751244 0.767603
ENSG00000152749.7 13 95254157 95254157 + 6 543766 13_internal_4792 13 95797923 95839495 89 85.9754 0.99996 5.29078 0.248602 -0.125147 0.820896 0.792094
ENSG00000125257.9 13 95953687 95953687 - 6 54540 13_internal_5825 13 95833376 95899147 89 85.0193 1.01805 6.03385 0.000677862 0.363112 0.0149254 0.00488217
ENSG00000247400.2 13 96329179 96329179 - 6 166829 13_internal_4844 13 96130783 96162350 89 86.8793 0.943465 5.65367 0.0368724 -0.229513 0.228856 0.225046
ENSG00000102580.9 13 96329411 96329411 + 6 -167061 13_internal_4844 13 96130783 96162350 89 96.3529 1.06645 7.47007 0.167477 -0.146894 0.666667 0.681316
ENSG00000229622.1 13 96344792 96344792 + 6 -182442 13_internal_4844 13 96130783 96162350 89 85.9232 1.00007 5.46602 0.0165969 0.2652 0.104478 0.0975035
ENSG00000227714.1 13 96346749 96346749 - 6 184399 13_internal_4844 13 96130783 96162350 89 96.5615 0.861999 6.06946 0.119249 0.159408 0.557214 0.554142
ENSG00000232373.1 13 96346823 96346823 + 6 -480644 13_internal_4193 13 95856000 95866179 89 86.4621 0.999932 5.22265 0.1404 0.143706 0.587065 0.562061
ENSG00000102595.13 13 96705736 96705736 - 5 806589 13_internal_5825 13 95833376 95899147 89 78.2922 0.999886 4.09761 0.0600485 0.189227 0.263682 0.282785
ENSG00000139793.14 13 97873688 97873688 + 1 -997229 13_internal_3869 13 96741963 96876459 89 79.1266 1.00009 1.05492 0.222221 0.135919 0.228856 0.261642
ENSG00000202290.1 13 98015355 98015355 - 0 NA NA NA NA NA NA NA NA NA NA NA NA NA
ENSG00000125249.5 13 98086476 98086476 + 1 974342 13_internal_5792 13 99060818 99326945 89 89.1738 0.999995 1.09181 0.11934 -0.167969 0.124378 0.129166
ENSG00000065150.13 13 98605742 98605742 + 2 455076 13_internal_5792 13 99060818 99326945 89 80.2391 0.999914 1.67081 0.173114 -0.148752 0.318408 0.305462
ENSG00000232217.1 13 98639470 98639470 - 2 -922321 13_internal_5779 13 99561791 99778041 89 92.9633 0.999927 2.08229 0.215298 -0.131779 0.383085 0.380327
ENSG00000152767.10 13 98794816 98794816 + 3 266002 13_internal_5792 13 99060818 99326945 89 86.7576 0.999966 2.62771 0.0109087 0.261103 0.0547264 0.0311408
ENSG00000231194.1 13 99088094 99088094 - 4 -473697 13_internal_5779 13 99561791 99778041 89 103.845 1.00005 4.94779 0.247695 0.131782 0.681592 0.691592
ENSG00000224418.1 13 99229498 99229498 + 6 425907 13_internal_5415 13 99655405 99662007 89 83.7156 1.0001 5.48197 0.123185 -0.153848 0.557214 0.548279
ENSG00000102572.10 13 99230194 99230194 - 6 0 13_internal_5792 13 99060818 99326945 89 72.9209 0.999926 4.52059 0.0477477 0.210136 0.303483 0.291296
ENSG00000229918.1 13 99484338 99484338 + 6 -157393 13_internal_5792 13 99060818 99326945 89 76.102 0.999868 4.53667 0.00472349 0.313519 0.039801 0.0402863
ENSG00000231981.3 13 99602701 99602701 - 6 -384914 13_internal_5775 13 99987615 100090191 89 83.9416 1.01686 6.43544 0.0653825 -0.174742 0.383085 0.380712
ENSG00000207298.1 13 99677488 99677488 + 7 0 13_internal_5779 13 99561791 99778041 89 85.6625 0.973067 6.53605 0.11729 0.161411 0.577114 0.592083
ENSG00000088387.13 13 99738879 99738879 - 7 0 13_internal_5779 13 99561791 99778041 89 85.4191 1.06078 6.50064 0.000144387 0.417312 0.00497512 0.000835102
ENSG00000260992.1 13 99740073 99740073 + 7 -78066 13_internal_5415 13 99655405 99662007 89 98.2477 0.919907 6.84147 0.0318727 -0.2232 0.189055 0.182981
ENSG00000234005.3 13 99843245 99843245 - 8 -144370 13_internal_5775 13 99987615 100090191 89 100.073 0.958413 9.05041 0.0145986 0.260448 0.0945274 0.0938683
ENSG00000228889.1 13 99852964 99852964 - 8 -323146 13_internal_3911 13 100176110 100201762 89 77.9967 1.02426 5.96343 0.101369 0.172543 0.507463 0.539179
ENSG00000134882.11 13 99853028 99853028 + 8 754826 13_internal_4268 13 100607854 100635896 89 81.4037 1.06362 6.71705 0.290562 0.104437 0.895522 0.910534
ENSG00000201793.1 13 99857962 99857962 + 8 -79921 13_internal_5779 13 99561791 99778041 89 91.677 1.04148 9.36556 0.160413 -0.144292 0.766169 0.779702
ENSG00000218502.3 13 99868012 99868012 - 9 -923017 13_internal_5676 13 100791029 101171147 89 92.3375 0.982617 8.76066 0.142917 -0.144074 0.711443 0.72709
ENSG00000125245.8 13 99913998 99913998 - 9 -73617 13_internal_5775 13 99987615 100090191 89 89.5562 1.04616 9.81651 0.143015 0.169407 0.761194 0.762976
ENSG00000169508.6 13 99959659 99959659 - 10 -27956 13_internal_5775 13 99987615 100090191 89 97.7609 0.939906 12.2123 0.109647 0.184471 0.706468 0.720898
ENSG00000203341.3 13 99970408 99970408 + 10 17207 13_internal_5775 13 99987615 100090191 89 75.8586 1.05666 7.8688 0.0154799 -0.245965 0.19403 0.163888
ENSG00000207719.1 13 100008385 100008385 + 10 -230344 13_internal_5779 13 99561791 99778041 89 94.9275 0.950191 10.0382 0.0987626 -0.198001 0.60199 0.625443
ENSG00000228808.1 13 100024427 100024427 + 10 151683 13_internal_3911 13 100176110 100201762 89 78.5182 1.02057 9.46325 0.164094 -0.153085 0.860697 0.861831
ENSG00000238241.1 13 100061316 100061316 - 10 -114794 13_internal_3911 13 100176110 100201762 89 90.3906 1.02535 9.48931 0.0219518 0.25197 0.174129 0.172746
ENSG00000225985.1 13 100144751 100144751 - 10 -780728 13_internal_4904 13 100925479 101046054 89 102.263 0.888346 11.107 0.0424854 0.227152 0.333333 0.336971
ENSG00000203441.2 13 100153306 100153306 - 10 -22804 13_internal_3911 13 100176110 100201762 89 78.0314 1.07901 9.5505 0.0345146 -0.210516 0.348259 0.338018
ENSG00000125304.6 13 100153671 100153671 + 10 -826726 13_internal_5792 13 99060818 99326945 89 76.9016 1.12199 8.98188 0.0640775 0.172582 0.482587 0.497667
ENSG00000212197.1 13 100188650 100188650 - 10 -419204 13_internal_4268 13 100607854 100635896 89 96.1965 0.906155 11.4781 0.056228 -0.200149 0.442786 0.471609
ENSG00000125246.10 13 100258919 100258919 + 10 -57157 13_internal_3911 13 100176110 100201762 89 88.0092 1.02282 9.12817 0.00450259 0.302957 0.0497512 0.0391039
ENSG00000227659.1 13 100343225 100343225 - 11 -518977 13_internal_4874 13 100862202 101166999 89 90.3906 0.995846 11.1327 0.121389 -0.172495 0.776119 0.755789
ENSG00000234303.1 13 100379745 100379745 - 11 717738 13_internal_5415 13 99655405 99662007 89 96.8918 0.977683 11.2512 0.10118 0.17824 0.671642 0.650657
ENSG00000233731.1 13 100426279 100426279 + 11 499200 13_internal_4904 13 100925479 101046054 89 95.3273 1.01828 12.2356 0.0174732 0.243065 0.149254 0.151108
ENSG00000175198.10 13 100741269 100741269 + 10 184210 13_internal_4904 13 100925479 101046054 89 95.7793 0.949688 9.73126 0.0224399 -0.263472 0.174129 0.179157
ENSG00000228501.2 13 100803346 100803346 - 9 713155 13_internal_5775 13 99987615 100090191 89 82.2033 1.15655 8.80282 0.0756125 -0.176806 0.522388 0.48656
ENSG00000234650.1 13 101133411 101133411 - 7 0 13_internal_5676 13 100791029 101171147 89 84.4457 0.994518 6.00895 0.245539 0.128109 0.840796 0.83493
ENSG00000234354.2 13 101192528 101192528 - 7 146474 13_internal_4904 13 100925479 101046054 89 113.11 0.839746 7.58972 0.0667486 -0.182365 0.308458 0.334697
ENSG00000224356.2 13 101232371 101232371 - 6 186317 13_internal_4904 13 100925479 101046054 89 93.7281 0.991066 6.97102 0.0255285 -0.24374 0.154229 0.145928
ENSG00000134864.5 13 101241782 101241782 - 6 74783 13_internal_4874 13 100862202 101166999 89 88.3047 1.06604 5.90555 0.234253 -0.133614 0.791045 0.777937
ENSG00000237082.1 13 101276683 101276683 - 7 -999009 13_internal_3977 13 102275692 102361334 89 91.1729 1.01221 7.3828 0.0637077 -0.205545 0.363184 0.363716
ENSG00000125247.11 13 101327347 101327347 - 7 0 13_internal_4802 13 101310417 101328067 89 89.5562 0.975386 6.59209 2.83455e-05 0.416171 0.00497512 0.000219977
ENSG00000134900.7 13 103249353 103249353 + 4 0 13_internal_5053 13 103243425 103426910 89 82.3076 0.99993 3.64756 0.00839142 0.275631 0.039801 0.0405002
ENSG00000139780.6 13 103346854 103346854 - 3 291826 13_internal_4277 13 103045886 103055028 89 88.8262 1.00008 3.11506 0.288834 0.102488 0.641791 0.654845
ENSG00000175820.2 13 103389159 103389159 - 2 0 13_internal_5053 13 103243425 103426910 89 80.9344 0.999952 1.91068 0.144578 0.159104 0.313433 0.290273
ENSG00000151287.12 13 103426161 103426161 - 2 0 13_internal_5053 13 103243425 103426910 89 117.595 1.00006 2.3268 0.651965 -0.0526111 0.895522 0.884064
ENSG00000134901.7 13 103451357 103451357 - 2 396329 13_internal_4277 13 103045886 103055028 89 80.0826 1.00001 1.98896 0.473283 -0.0722408 0.751244 0.744522
ENSG00000134897.9 13 103451399 103451399 + 2 -24489 13_internal_5053 13 103243425 103426910 89 87.0879 0.999965 2.05798 0.0627681 0.184905 0.109453 0.130483
ENSG00000134899.13 13 103497194 103497194 + 2 -70284 13_internal_5053 13 103243425 103426910 89 71.1305 0.999952 1.54637 0.715376 -0.0420783 0.885572 0.878856
ENSG00000165366.8 13 103532286 103532286 + 2 -105376 13_internal_5053 13 103243425 103426910 89 93.902 0.999949 1.91113 0.0891005 -0.169239 0.129353 0.148569
ENSG00000250878.1 13 103544877 103544877 + 2 -489849 13_internal_4277 13 103045886 103055028 89 88.7393 0.999948 1.83043 0.133803 0.143316 0.243781 0.232155
ENSG00000125266.5 13 107187462 107187462 - 2 35850 13_internal_4412 13 107143053 107151612 89 101.012 0.999979 2.33754 0.605112 -0.0530234 0.880597 0.869558
ENSG00000134884.9 13 107220512 107220512 - 2 68900 13_internal_4412 13 107143053 107151612 89 80.8648 1.00005 1.89765 0.522221 0.0701653 0.766169 0.772761
ENSG00000174405.8 13 108870716 108870716 - 6 -73785 13_internal_5235 13 108944501 108953878 89 89.8865 1.04197 5.77696 0.188528 0.133282 0.696517 0.681069
ENSG00000139826.5 13 108870727 108870727 + 6 103485 13_internal_4132 13 108974212 109017755 89 80.9865 0.999899 5.29278 0.000304424 0.378941 0.00497512 0.0030303
ENSG00000102524.6 13 108903588 108903588 + 6 70624 13_internal_4132 13 108974212 109017755 89 95.3447 1.02103 6.50543 0.00049635 0.334219 0.00497512 0.00176502
ENSG00000041515.10 13 109248500 109248500 + 8 -230745 13_internal_4132 13 108974212 109017755 89 76.7973 1.0959 7.24519 4.70972e-05 0.40869 0.00497512 0.000574978
ENSG00000255813.1 13 110407615 110407615 - 9 46559 13_internal_5931 13 110012839 110361056 89 78.692 1.04151 7.57897 0.0211475 0.249251 0.218905 0.191942
ENSG00000185950.7 13 110438915 110438915 - 9 302735 13_internal_5900 13 109566938 110136180 89 90.5471 1.10068 9.69159 0.010653 0.294336 0.0597015 0.0702796
ENSG00000139832.3 13 111214080 111214080 - 9 0 13_internal_4742 13 111162028 111228907 89 93.4152 0.982554 9.14076 0.00472385 0.282336 0.0298507 0.0364367
ENSG00000213995.6 13 111267881 111267881 + 9 -842913 13_internal_4052 13 110408707 110424968 89 88.9131 1.15707 10.5804 0.0884092 -0.173494 0.567164 0.560317
ENSG00000255831.1 13 111291555 111291555 + 9 -866587 13_internal_4052 13 110408707 110424968 89 87.5051 1.01632 9.22141 0.0472408 -0.210463 0.393035 0.36407
ENSG00000153487.11 13 111365083 111365083 + 8 -136176 13_internal_4742 13 111162028 111228907 89 105.062 0.945992 8.73367 0.0890025 0.180117 0.477612 0.467518
ENSG00000134905.11 13 111365950 111365950 - 8 996458 13_internal_5700 13 109645380 110369492 89 107.426 1.0084 9.71757 0.0126257 -0.270254 0.0597015 0.0563298
ENSG00000229152.1 13 111551519 111551519 - 5 322612 13_internal_4742 13 111162028 111228907 89 92.1463 0.999896 5.18916 0.149729 -0.157659 0.577114 0.550205
ENSG00000088448.9 13 111567416 111567416 - 5 -260353 13_internal_4110 13 111827769 111867451 89 101.811 0.922868 5.53468 0.228488 -0.135039 0.711443 0.731376
ENSG00000102606.12 13 111766906 111766906 + 5 -402064 13_internal_5626 13 111306574 111364842 89 96.3008 1.03457 6.37365 0.055786 -0.209444 0.283582 0.247804
ENSG00000153495.6 13 111968531 111968531 + 4 -739624 13_internal_4742 13 111162028 111228907 89 88.8957 1.00001 4.03376 0.173702 -0.131595 0.517413 0.537389
ENSG00000126216.8 13 113242481 113242481 - 8 -304322 13_internal_4589 13 113546803 113584367 89 89.8691 0.997365 7.59339 0.0792415 0.180789 0.432836 0.460524
ENSG00000197595.1 13 113301358 113301358 + 9 125701 13_internal_3963 13 113427059 113447143 89 86.5143 1.1066 8.86665 0.0549782 -0.190597 0.363184 0.365625
ENSG00000068650.13 13 113344643 113344643 + 9 82416 13_internal_3963 13 113427059 113447143 89 93.0502 1.06135 9.30174 5.61952e-05 0.395567 0.00497512 0.000211885
ENSG00000237030.1 13 113351145 113351145 + 9 75914 13_internal_3963 13 113427059 113447143 89 87.9744 1.01178 8.74972 0.205439 0.122227 0.880597 0.867788
ENSG00000232684.1 13 113409007 113409007 - 9 -655002 13_internal_6346 13 114064009 114217438 89 86.4447 1.08628 8.31221 0.000818988 -0.350078 0.00497512 0.00515478
ENSG00000234603.2 13 113539551 113539551 + 10 386684 13_internal_4322 13 113926235 113932146 89 82.7074 0.976564 8.93783 0.0027882 0.292322 0.0298507 0.0379404
ENSG00000126217.16 13 113548692 113548692 + 10 0 13_internal_4589 13 113546803 113584367 89 91.4684 0.921667 9.00974 0.016152 -0.253531 0.164179 0.151065
ENSG00000267868.1 13 113620445 113620445 - 10 -443564 13_internal_6346 13 114064009 114217438 89 88.774 1.0348 10.792 0.0798414 0.169391 0.59204 0.579382
ENSG00000235280.2 13 113623138 113623138 - 10 175995 13_internal_3963 13 113427059 113447143 89 83.3332 0.994847 8.03048 0.0874509 -0.187071 0.552239 0.566461
ENSG00000126231.8 13 113812968 113812968 + 11 425640 13_internal_4209 13 114238608 114273196 89 101.133 1.03897 13.3677 0.103087 0.181779 0.671642 0.667115
ENSG00000139842.10 13 113862552 113862552 + 13 63683 13_internal_4322 13 113926235 113932146 89 97.9521 1.01459 13.4402 0.0387736 0.245036 0.298507 0.330219
ENSG00000126226.15 13 113863029 113863029 - 13 53498 13_internal_4780 13 113596651 113809531 89 84.3066 1.03879 12.1196 0.0130124 0.289891 0.159204 0.160527
ENSG00000232662.2 13 113930931 113930931 + 14 -346564 13_internal_4589 13 113546803 113584367 89 88.183 0.962345 13.557 0.00553938 -0.274579 0.0845771 0.0841813
ENSG00000185896.9 13 113951556 113951556 + 14 305156 13_internal_4078 13 114256712 114273023 89 76.3975 1.16859 12.9194 0.0337879 -0.245406 0.41791 0.403748
ENSG00000225083.1 13 114005988 114005988 + 14 -196457 13_internal_4780 13 113596651 113809531 89 97.1178 0.91039 14.0584 0.01332 0.28024 0.164179 0.158691
ENSG00000139835.8 13 114018446 114018446 - 14 571303 13_internal_3963 13 113427059 113447143 89 90.1299 1.12862 15.7161 0.0278837 0.237167 0.308458 0.291716
ENSG00000153531.7 13 114107839 114107839 - 14 523472 13_internal_4589 13 113546803 113584367 89 79.8219 1.12257 11.9229 0.165161 -0.144507 0.885572 0.899598
ENSG00000227608.1 13 114110944 114110944 + 14 127664 13_internal_4209 13 114238608 114273196 89 89.3477 0.853869 10.4018 0.0138323 0.253508 0.164179 0.186961
ENSG00000233613.1 13 114123216 114123216 + 14 -708771 13_internal_4128 13 113365494 113414445 89 96.5441 0.881779 14.89 0.016151 -0.251527 0.199005 0.214452
ENSG00000202347.1 13 114133393 114133393 - 14 -632459 13_internal_4501 13 114765852 114781776 89 92.6852 0.986641 14.1084 0.0114453 0.267614 0.129353 0.134623
ENSG00000150401.10 13 114145267 114145267 - 14 -620585 13_internal_4501 13 114765852 114781776 89 98.6996 0.88925 12.6789 0.0499043 0.216009 0.40796 0.450514
ENSG00000150403.13 13 114145310 114145310 + 14 620542 13_internal_4501 13 114765852 114781776 89 95.5533 0.994118 15.0027 0.0641565 0.19002 0.597015 0.575089
ENSG00000198176.7 13 114239013 114239013 + 14 17699 13_internal_4078 13 114256712 114273023 89 86.8445 1.02424 13.1854 0.00424033 0.318347 0.0696517 0.0561374
ENSG00000233695.1 13 114518603 114518603 + 11 309422 13_internal_4865 13 114828025 114901494 89 94.8754 0.979631 13.4703 0.0840182 -0.175239 0.641791 0.6553
ENSG00000183087.9 13 114567046 114567046 - 11 -198806 13_internal_4501 13 114765852 114781776 89 80.6562 1.16161 10.7041 0.0817422 -0.17108 0.641791 0.603713
ENSG00000229373.2 13 114598076 114598076 + 10 -324880 13_internal_4209 13 114238608 114273196 89 86.4621 0.985248 8.80768 0.0488655 -0.201673 0.427861 0.383473
ENSG00000260910.1 13 114631817 114631817 - 10 -196208 13_internal_4865 13 114828025 114901494 89 79.3873 1.02694 7.44093 0.230932 0.138089 0.870647 0.886864
ENSG00000232487.1 13 114874295 114874295 - 9 0 13_internal_5002 13 114859479 114929817 89 80.2217 1.1416 9.11529 0.182792 0.139056 0.865672 0.849975
ENSG00000185989.9 13 114898086 114898086 - 9 0 13_internal_4865 13 114828025 114901494 89 92.7721 0.976727 9.12869 0.0235722 0.242321 0.179104 0.183122
ENSG00000130177.10 13 115000362 115000362 + 8 -66488 13_internal_4218 13 114926329 114933874 89 97.3959 0.975776 9.48182 0.0347545 -0.244217 0.253731 0.239986
ENSG00000264539.1 13 115009980 115009980 + 8 -76106 13_internal_4218 13 114926329 114933874 89 89.6432 0.890145 6.61877 0.011528 -0.282293 0.114428 0.0994513
ENSG00000169062.9 13 115047059 115047059 + 8 -113185 13_internal_4218 13 114926329 114933874 89 93.9715 0.92808 8.27265 0.060663 -0.209241 0.41791 0.402303
ENSG00000198824.4 13 115079988 115079988 + 8 -559329 13_internal_5348 13 114427166 114520659 89 90.043 0.996207 8.56266 0.10122 0.162159 0.58209 0.592969
