ENSG00000234750.1 19 12395152 12395152 + 12 0 19_internal_9828 19 11877078 12596313 89 104.036 0.867343 13.2299 0.14491 0.14532 0.835821 0.83746
ENSG00000197857.9 19 12405702 12405702 - 12 0 19_internal_9828 19 11877078 12596313 89 82.2729 1.00703 10.6448 2.96392e-06 0.466925 0.00497512 6.99995e-05
ENSG00000188868.9 19 12444534 12444534 - 10 0 19_internal_9828 19 11877078 12596313 89 84.1154 1.11225 8.85704 0.00478097 0.316804 0.0348259 0.0362998
ENSG00000261280.2 19 12458752 12458752 - 10 -426629 19_internal_6748 19 12885381 13962873 89 78.9701 0.972013 8.82101 0.0427099 0.20247 0.402985 0.413917
ENSG00000198342.5 19 12476719 12476719 - 9 -566409 19_internal_8863 19 13043128 13052050 89 86.2883 1.15277 10.5836 0.0495748 0.211773 0.373134 0.370421
ENSG00000248406.1 19 12494501 12494501 - 9 -390880 19_internal_6748 19 12885381 13962873 89 93.902 0.978574 9.7757 0.153966 0.156443 0.791045 0.785264
ENSG00000196466.6 19 12512085 12512085 - 9 -692834 19_internal_6114 19 13204919 13287115 89 90.3906 0.97401 9.03108 0.132076 0.161819 0.741294 0.722218
ENSG00000268744.1 19 12512088 12512088 - 9 -373293 19_internal_6748 19 12885381 13962873 89 89.1217 0.989635 8.55439 0.00688622 0.301292 0.0547264 0.0590197
ENSG00000268870.1 19 12551896 12551896 - 9 -653023 19_internal_6114 19 13204919 13287115 89 91.3641 0.966914 8.31577 0.110862 0.157635 0.626866 0.620977
ENSG00000180855.11 19 12551926 12551926 - 9 870424 19_internal_6972 19 11669078 11681502 89 84.2371 1.08853 8.0423 0.0844953 0.196008 0.537313 0.506073
ENSG00000234848.1 19 12561749 12561749 + 9 0 19_internal_9828 19 11877078 12596313 89 86.8793 0.94728 7.93253 0.169123 -0.133018 0.78607 0.796598
ENSG00000269755.1 19 12595630 12595630 - 9 -289751 19_internal_6748 19 12885381 13962873 89 92.998 0.862997 7.5102 0.0155155 0.261187 0.149254 0.137965
ENSG00000236483.1 19 12613489 12613489 + 9 0 19_internal_7038 19 12592839 12662006 89 87.8006 1.03969 8.86185 0.0497895 0.206824 0.378109 0.354967
ENSG00000232579.1 19 12615479 12615479 + 9 -933977 19_internal_6972 19 11669078 11681502 89 103.028 0.978169 9.72298 0.0887619 0.172473 0.502488 0.500603
ENSG00000230321.1 19 12615719 12615719 + 9 -19406 19_internal_9828 19 11877078 12596313 89 103.011 0.85539 10.9648 0.0994088 0.1849 0.636816 0.645431
ENSG00000234003.1 19 12617063 12617063 + 9 0 19_internal_7038 19 12592839 12662006 89 88.6871 1.09313 9.01461 0.0643775 0.181483 0.427861 0.410928
ENSG00000235686.1 19 12618943 12618943 + 9 424185 19_internal_8863 19 13043128 13052050 89 85.732 1.10053 7.77927 0.259358 0.120392 0.885572 0.897116
ENSG00000242852.2 19 12624668 12624668 - 9 -260713 19_internal_6748 19 12885381 13962873 89 95.8488 0.941364 9.63768 0.455733 0.0677235 1 0.996648
ENSG00000269560.1 19 12643787 12643787 - 9 962285 19_internal_6972 19 11669078 11681502 89 99.6035 0.865038 9.68716 0.0861844 0.173498 0.572139 0.56675
ENSG00000196826.7 19 12662288 12662288 - 9 282 19_internal_7038 19 12592839 12662006 89 105.149 0.947263 9.33517 0.368036 0.0833538 0.9801 0.977837
ENSG00000249709.2 19 12662356 12662356 - 9 980854 19_internal_6972 19 11669078 11681502 89 78.0488 1.14584 8.50628 0.093873 0.164964 0.636816 0.5948
ENSG00000213290.4 19 12670385 12670385 + 9 -74072 19_internal_9828 19 11877078 12596313 89 81.4559 0.959801 7.49623 0.133667 0.16188 0.726368 0.722335
ENSG00000269693.1 19 12691789 12691789 - 8 95476 19_internal_9828 19 11877078 12596313 89 80.5867 1.0499 7.52311 0.0860699 0.179463 0.537313 0.534733
ENSG00000173875.9 19 12721732 12721732 + 8 321396 19_internal_8863 19 13043128 13052050 89 91.0859 0.978658 7.64323 0.157545 0.142327 0.716418 0.725718
ENSG00000221343.1 19 12740548 12740548 + 8 381781 19_internal_6282 19 13122329 13136224 89 87.7137 0.956467 6.90527 0.0801714 0.170788 0.422886 0.468449
ENSG00000188033.5 19 12750912 12750912 - 8 -134469 19_internal_6748 19 12885381 13962873 89 100.907 0.973656 9.85685 0.0933994 -0.187277 0.547264 0.543113
ENSG00000178464.6 19 12754733 12754733 - 8 -130648 19_internal_6748 19 12885381 13962873 89 93.2588 0.900301 7.73055 0.0593221 -0.195015 0.40796 0.394896
ENSG00000269242.1 19 12759211 12759211 - 8 -126170 19_internal_6748 19 12885381 13962873 89 102.889 0.848045 8.37971 0.114031 -0.166687 0.59204 0.613246
ENSG00000104774.8 19 12777556 12777556 - 8 499654 19_internal_6914 19 11877103 12277902 89 82.6553 1.0014 7.58773 0.0899958 0.170384 0.58209 0.558672
ENSG00000123154.7 19 12777614 12777614 + 8 -181301 19_internal_9828 19 11877078 12596313 89 93.3283 0.985201 8.21874 0.104145 0.172999 0.557214 0.570474
ENSG00000269590.1 19 12780211 12780211 - 8 -424708 19_internal_6114 19 13204919 13287115 89 83.6113 0.92895 7.25939 0.218181 0.136123 0.870647 0.868942
ENSG00000105583.5 19 12782170 12782170 - 8 -94366 19_internal_6290 19 12876536 12913862 89 107.982 1.00045 9.43587 0.0680782 -0.188181 0.38806 0.34809
ENSG00000095059.11 19 12792716 12792716 - 8 130710 19_internal_7038 19 12592839 12662006 89 83.5244 1.11719 7.61462 0.244773 -0.113787 0.915423 0.879417
ENSG00000268945.1 19 12798093 12798093 - 8 -87288 19_internal_6748 19 12885381 13962873 89 78.101 1.01698 6.22502 0.227032 -0.126248 0.830846 0.840082
ENSG00000267791.1 19 12799736 12799736 + 8 322593 19_internal_6282 19 13122329 13136224 89 88.7914 1.01597 7.66935 0.0399735 -0.221383 0.273632 0.263175
ENSG00000132004.8 19 12807457 12807457 - 8 -314872 19_internal_6282 19 13122329 13136224 89 93.4152 1.04563 8.50665 0.132799 -0.161096 0.691542 0.656676
ENSG00000105576.11 19 12834825 12834825 - 8 -287504 19_internal_6282 19 13122329 13136224 89 77.2318 1.0124 6.08591 0.0647152 -0.185932 0.39801 0.413508
ENSG00000123144.6 19 12845589 12845589 - 8 183583 19_internal_7038 19 12592839 12662006 89 92.2332 0.997856 8.66922 0.0958974 0.170182 0.572139 0.559611
ENSG00000198356.7 19 12847953 12847953 + 8 37428 19_internal_6748 19 12885381 13962873 89 90.6166 0.968969 7.03724 0.114 -0.175896 0.572139 0.575947
ENSG00000039987.2 19 12862516 12862516 + 8 342403 19_internal_6114 19 13204919 13287115 89 95.6229 0.927242 7.41138 0.0692316 -0.19501 0.402985 0.400951
ENSG00000267212.1 19 12895915 12895915 - 8 0 19_internal_6290 19 12876536 12913862 89 87.1922 0.91448 6.64315 0.305497 -0.114486 0.920398 0.926706
ENSG00000263800.1 19 12897942 12897942 + 8 0 19_internal_6748 19 12885381 13962873 89 97.1178 0.996423 8.87788 0.0837303 -0.163923 0.472637 0.480434
ENSG00000171223.4 19 12902310 12902310 + 8 302609 19_internal_6114 19 13204919 13287115 89 114.953 0.875907 10.0575 0.133408 -0.164602 0.641791 0.65735
ENSG00000267062.1 19 12907637 12907637 + 8 -245631 19_internal_7038 19 12592839 12662006 89 103.358 0.911488 9.13579 0.0187646 0.219736 0.124378 0.124455
ENSG00000167815.7 19 12912694 12912694 - 8 0 19_internal_6290 19 12876536 12913862 89 82.2381 1.1101 8.37434 0.000298501 -0.395065 0.00497512 0.00223633
ENSG00000104889.4 19 12917394 12917394 + 8 204935 19_internal_6282 19 13122329 13136224 89 80.2912 1.01264 7.21969 0.0644228 0.177822 0.41791 0.442515
ENSG00000105613.5 19 12944765 12944765 + 9 -666863 19_internal_6914 19 11877103 12277902 89 80.4824 0.963022 6.97562 0.0332932 -0.230445 0.288557 0.280407
ENSG00000095066.7 19 12983554 12983554 - 9 -221365 19_internal_6114 19 13204919 13287115 89 106.748 0.902744 10.9706 0.102274 -0.169299 0.577114 0.610865
ENSG00000267735.1 19 12991783 12991783 + 9 -395470 19_internal_9828 19 11877078 12596313 89 88.2699 0.97199 8.49468 0.0661254 -0.209373 0.467662 0.459808
ENSG00000105612.4 19 12992282 12992282 - 9 -932079 19_internal_7926 19 13924361 13929400 89 94.0758 0.971961 8.05604 0.0210998 -0.242589 0.139303 0.143215
ENSG00000105607.7 19 13001840 13001840 + 9 922521 19_internal_7926 19 13924361 13929400 89 101.968 0.877196 8.37656 0.06752 -0.191098 0.40796 0.411515
ENSG00000240616.1 19 13004947 13004947 + 9 -342941 19_internal_7038 19 12592839 12662006 89 78.1184 1.07858 7.09894 0.138514 -0.148342 0.696517 0.695706
ENSG00000161860.7 19 13030090 13030090 - 9 -92239 19_internal_6282 19 13122329 13136224 89 84.5152 1.01561 7.50967 0.123293 0.145348 0.671642 0.652112
ENSG00000266975.1 19 13041336 13041336 + 9 -763434 19_internal_6914 19 11877103 12277902 89 89.2434 0.971942 8.80317 0.242274 0.123924 0.920398 0.916385
ENSG00000179115.6 19 13044851 13044851 - 9 -879510 19_internal_7926 19 13924361 13929400 89 86.8098 0.981316 7.98723 0.0751405 -0.183254 0.487562 0.489811
ENSG00000179218.8 19 13049392 13049392 + 9 -453079 19_internal_9828 19 11877078 12596313 89 94.5625 0.94177 9.07119 0.172427 0.156614 0.810945 0.809751
ENSG00000267458.1 19 13055301 13055301 - 9 -67028 19_internal_6282 19 13122329 13136224 89 85.1236 1.12639 9.6103 0.301802 0.103936 0.960199 0.965725
ENSG00000179262.4 19 13056669 13056669 + 9 -394663 19_internal_7038 19 12592839 12662006 89 85.5234 1.10114 9.49134 0.174193 -0.141006 0.855721 0.83005
ENSG00000179271.1 19 13068050 13068050 - 9 -856311 19_internal_7926 19 13924361 13929400 89 75.1459 1.04338 7.52508 0.136103 -0.150369 0.736318 0.742458
ENSG00000008441.12 19 13106422 13106422 + 9 -444416 19_internal_7038 19 12592839 12662006 89 111.024 0.968252 12.1947 0.318291 -0.0996735 0.9801 0.97793
ENSG00000104903.4 19 13213975 13213975 - 9 936073 19_internal_6914 19 11877103 12277902 89 98.8387 1.00626 10.5714 0.194309 -0.13751 0.835821 0.861404
ENSG00000104907.8 19 13228381 13228381 - 10 -695980 19_internal_7926 19 13924361 13929400 89 95.2752 0.935346 9.58344 0.0819893 -0.19101 0.487562 0.541187
ENSG00000160877.5 19 13228917 13228917 + 10 0 19_internal_6114 19 13204919 13287115 89 82.69 1.21545 10.6912 0.167701 0.151108 0.825871 0.843992
ENSG00000266897.1 19 13242385 13242385 + 10 0 19_internal_6748 19 12885381 13962873 89 77.1971 1.06358 8.54883 0.0778753 -0.186272 0.572139 0.569379
ENSG00000267512.1 19 13251961 13251961 - 11 -672400 19_internal_7926 19 13924361 13929400 89 95.0492 0.942171 10.6847 0.0140935 0.275447 0.134328 0.130782
ENSG00000104915.10 19 13261197 13261197 - 12 664884 19_internal_9828 19 11877078 12596313 89 110.763 0.867371 14.4412 4.45756e-05 -0.423906 0.00497512 0.000276947
ENSG00000160888.6 19 13261229 13261229 + 12 663132 19_internal_7926 19 13924361 13929400 89 98.1781 0.915299 14.2153 0.0707398 0.190478 0.60199 0.608423
ENSG00000267598.1 19 13265007 13265007 - 12 -659354 19_internal_7926 19 13924361 13929400 89 94.3018 1.02667 12.2241 0.252541 0.124447 0.955224 0.962585
ENSG00000213253.5 19 13269602 13269602 - 12 133378 19_internal_6282 19 13122329 13136224 89 98.3867 0.98852 13.0736 0.204676 -0.132975 0.930348 0.929362
ENSG00000141837.13 19 13734804 13734804 - 13 -958754 19_internal_7603 19 14693558 14734981 89 91.1555 0.911901 11.2255 0.00337249 -0.292157 0.0696517 0.0462514
ENSG00000104957.9 19 13842574 13842574 + 14 -790524 19_internal_8863 19 13043128 13052050 89 91.6074 0.992339 14.0018 0.0667394 0.19264 0.616915 0.600393
ENSG00000037757.9 19 13875346 13875346 + 15 -823296 19_internal_8863 19 13043128 13052050 89 85.1236 1.18875 16.2923 0.0673697 0.212315 0.661692 0.643084
ENSG00000267633.1 19 13884932 13884932 - 15 832882 19_internal_8863 19 13043128 13052050 89 85.5234 1.02879 15.4728 0.26551 0.129641 0.99005 0.992668
ENSG00000104979.4 19 13884982 13884982 + 15 808576 19_internal_7603 19 14693558 14734981 89 85.5582 1.15057 16.5866 0.0237053 0.247064 0.318408 0.293994
ENSG00000214109.3 19 13900972 13900972 - 16 -347098 19_internal_6627 19 14248070 14649467 89 98.5779 0.995473 19.151 0.00404544 -0.30803 0.0597015 0.0471162
ENSG00000132003.5 19 13906274 13906274 + 16 586755 19_internal_7911 19 14493029 14521919 89 89.9734 1.14279 18.3615 0.158113 -0.157055 0.940299 0.942536
ENSG00000267519.1 19 13947103 13947103 - 15 -666151 19_internal_6616 19 14613254 14668462 89 89.6084 1.09357 18.0957 0.0205943 0.247248 0.278607 0.267548
ENSG00000132024.13 19 14017014 14017014 + 15 -964964 19_internal_8863 19 13043128 13052050 89 96.4572 0.88387 14.5779 0.289749 -0.10919 1 0.992194
ENSG00000132016.7 19 14017265 14017265 - 15 -595989 19_internal_6616 19 14613254 14668462 89 82.325 1.04125 12.5245 0.0217838 0.243076 0.268657 0.275651
ENSG00000132017.6 19 14063304 14063304 + 15 811706 19_internal_7683 19 14875010 14907059 89 102.958 0.922628 17.9804 0.011938 -0.277226 0.124378 0.140696
ENSG00000132000.7 19 14064204 14064204 - 15 -810806 19_internal_7683 19 14875010 14907059 89 94.3365 0.93171 14.5971 0.0615637 -0.185235 0.58209 0.58831
ENSG00000132005.4 19 14117851 14117851 - 15 -652939 19_internal_6583 19 14770790 14788793 89 77.9098 0.994888 11.1491 0.284216 0.111858 0.99005 0.985792
ENSG00000171136.6 19 14138960 14138960 + 14 474294 19_internal_6616 19 14613254 14668462 89 88.4264 1.05548 15.1394 0.327035 0.0981853 0.995025 0.997273
ENSG00000267670.1 19 14142369 14142369 - 14 212969 19_internal_7926 19 13924361 13929400 89 94.5451 0.9019 13.0147 0.0925279 0.167411 0.706468 0.71397
ENSG00000104998.2 19 14142560 14142560 + 14 79910 19_internal_6419 19 14222470 14251335 89 97.5871 0.981551 15.3577 0.130415 -0.166917 0.830846 0.846268
ENSG00000187867.4 19 14169971 14169971 - 14 -600819 19_internal_6583 19 14770790 14788793 89 105.879 0.88727 16.9654 0.0875028 0.17314 0.701493 0.709091
ENSG00000228887.2 19 14181154 14181154 + 14 872520 19_internal_6775 19 15053674 15149830 89 80.465 1.03509 12.4649 0.0353418 -0.22237 0.452736 0.423472
ENSG00000141854.3 19 14183348 14183348 + 14 691662 19_internal_7683 19 14875010 14907059 89 96.3703 0.869992 14.5666 0.112705 -0.178766 0.800995 0.818875
ENSG00000188032.5 19 14196687 14196687 - 14 -25783 19_internal_6419 19 14222470 14251335 89 84.3936 1.04234 14.1552 0.0370817 0.21325 0.437811 0.438171
ENSG00000141858.7 19 14201848 14201848 - 14 -291181 19_internal_7911 19 14493029 14521919 89 95.5012 0.999681 13.8311 0.00404718 0.314987 0.0547264 0.0394156
ENSG00000072062.8 19 14228896 14228896 - 14 -19174 19_internal_6627 19 14248070 14649467 89 78.1879 1.07816 11.5737 0.0678912 -0.195408 0.636816 0.620476
ENSG00000105011.4 19 14247768 14247768 - 14 -245261 19_internal_7911 19 14493029 14521919 89 87.4008 1.06794 13.078 0.0285901 0.227027 0.333333 0.298722
ENSG00000267169.1 19 14247991 14247991 + 14 7944 19_internal_6427 19 14255935 14262052 89 110.711 0.862722 18.8599 0.00127306 0.349401 0.0248756 0.0128734
ENSG00000072071.12 19 14316999 14316999 - 14 -176030 19_internal_7911 19 14493029 14521919 89 76.8494 1.19662 12.4869 0.0377689 0.228606 0.467662 0.410118
ENSG00000266913.1 19 14481008 14481008 - 15 -779355 19_internal_7512 19 15260363 15335591 89 102.28 0.913712 17.311 0.00742461 -0.275893 0.104478 0.0890127
ENSG00000123146.14 19 14491313 14491313 + 15 -561913 19_internal_7926 19 13924361 13929400 89 75.8412 1.01306 11.474 0.207407 -0.133485 0.945274 0.959092
ENSG00000267379.1 19 14519535 14519535 - 15 0 19_internal_6627 19 14248070 14649467 89 86.5316 0.988261 13.3249 0.0336504 -0.228562 0.393035 0.394014
ENSG00000123136.10 19 14530192 14530192 - 15 -876621 19_internal_6970 19 15406813 15644513 89 96.8049 1.11341 16.9102 0.00918121 0.265104 0.0746269 0.0781676
ENSG00000123143.8 19 14543865 14543865 + 15 149693 19_internal_7603 19 14693558 14734981 89 89.2607 1.07207 14.3777 0.000784201 -0.355902 0.00995025 0.00773194
ENSG00000267474.1 19 14569213 14569213 + 17 44041 19_internal_6616 19 14613254 14668462 89 90.9121 0.957986 15.1273 0.0300236 0.224079 0.328358 0.372543
ENSG00000224543.3 19 14599758 14599758 + 17 13496 19_internal_6616 19 14613254 14668462 89 105.27 0.86411 23.1382 0.00537585 0.27153 0.109453 0.0859286
ENSG00000123159.10 19 14606944 14606944 - 17 -799869 19_internal_6970 19 15406813 15644513 89 87.9744 1.00476 17.125 0.120788 0.165511 0.875622 0.893439
ENSG00000099797.7 19 14627897 14627897 + 17 261986 19_internal_7880 19 14889883 15261848 89 94.2322 0.919506 16.3153 0.123193 -0.163978 0.875622 0.875083
ENSG00000207707.1 19 14640355 14640355 + 17 413319 19_internal_6775 19 15053674 15149830 89 97.1004 0.947406 18.2554 0.017315 -0.277641 0.223881 0.233035
ENSG00000132002.3 19 14640582 14640582 - 17 0 19_internal_6616 19 14613254 14668462 89 92.2506 0.958319 16.5029 0.00542132 0.274833 0.0696517 0.0835002
ENSG00000099795.2 19 14682874 14682874 - 17 431539 19_internal_6419 19 14222470 14251335 89 88.409 1.06452 18.3234 0.0549396 -0.188092 0.626866 0.62405
ENSG00000269378.1 19 14733054 14733054 - 20 -963578 19_internal_6730 19 15696632 15765112 89 80.8475 1.12944 17.8494 0.00633315 0.27172 0.109453 0.114427
ENSG00000160961.7 19 14800613 14800613 + 21 74397 19_internal_7683 19 14875010 14907059 89 82.9682 1.02611 17.7076 0.0757816 -0.187762 0.800995 0.790971
ENSG00000127507.12 19 14889353 14889353 - 22 959953 19_internal_7926 19 13924361 13929400 89 85.141 1.11806 24.1696 0.0953278 0.174621 0.925373 0.911375
ENSG00000105137.8 19 15218214 15218214 + 21 478418 19_internal_6730 19 15696632 15765112 89 95.8836 0.911284 21.3463 0.086807 -0.184246 0.81592 0.836436
ENSG00000268564.1 19 15234971 15234971 + 24 -713052 19_internal_7911 19 14493029 14521919 89 88.6697 0.934503 20.8772 0.027345 0.228553 0.457711 0.475275
ENSG00000105135.11 19 15236596 15236596 - 24 0 19_internal_7880 19 14889883 15261848 89 112.832 1.00988 48.4996 0.0081885 0.287629 0.124378 0.127952
ENSG00000141867.12 19 15443356 15443356 - 26 0 19_internal_6970 19 15406813 15644513 89 87.2443 1.00792 23.5148 0.0215319 0.217815 0.427861 0.415753
ENSG00000268189.1 19 15489887 15489887 + 26 943721 19_internal_6426 19 16433608 16514655 89 72.5211 1.00376 16.33 0.00955161 -0.286528 0.288557 0.271994
ENSG00000105127.3 19 15490612 15490612 - 26 -283947 19_internal_8269 19 15774559 15781631 89 91.451 0.978294 29.2973 0.0139143 0.250547 0.308458 0.321645
ENSG00000269311.1 19 15494623 15494623 - 26 -279936 19_internal_8269 19 15774559 15781631 89 87.7832 1.01572 27.3139 0.0810624 0.188506 0.920398 0.904183
ENSG00000269589.1 19 15509379 15509379 + 28 -359549 19_internal_6775 19 15053674 15149830 89 88.7566 1.02835 24.1112 0.0487043 -0.208336 0.701493 0.691621
ENSG00000011243.11 19 15529952 15529952 - 28 -903656 19_internal_6426 19 16433608 16514655 89 83.8199 1.01994 23.0577 0.00976408 -0.27387 0.218905 0.237481
ENSG00000011451.10 19 15560762 15560762 - 28 298914 19_internal_7880 19 14889883 15261848 89 93.676 0.946569 26.9205 0.0147951 -0.259882 0.298507 0.310008
ENSG00000105122.7 19 15575377 15575377 - 28 0 19_internal_6998 19 15551213 17269312 89 82.325 0.967734 21.0447 0.042055 0.236605 0.676617 0.677745
ENSG00000161031.8 19 15609767 15609767 - 28 -625168 19_internal_7973 19 16234935 16248170 89 83.3854 1.01054 26.5787 0.0498256 0.212797 0.776119 0.790625
ENSG00000171954.6 19 15619304 15619304 + 28 804357 19_internal_7114 19 16423661 16495176 89 85.2105 1.13698 25.9687 0.03192 -0.201951 0.542289 0.553292
ENSG00000225067.2 19 15722467 15722467 + 29 804954 19_internal_6893 19 16527421 16532738 89 91.4684 0.990308 34.9865 0.0621617 0.204757 0.890547 0.881136
ENSG00000267135.1 19 15722720 15722720 - 29 -804701 19_internal_6893 19 16527421 16532738 89 85.0715 1.04457 24.9673 0.0444398 0.215955 0.711443 0.701684
ENSG00000186204.8 19 15783567 15783567 + 28 29180 19_internal_7358 19 15812747 15949701 89 80.7953 0.957521 20.2665 0.00333236 0.328113 0.124378 0.111782
ENSG00000214049.5 19 15939757 15939757 + 27 -171531 19_internal_7408 19 15720212 15768226 89 89.8344 0.984838 26.2756 0.0188039 0.254285 0.422886 0.391076
ENSG00000248453.1 19 15947865 15947865 - 27 -485743 19_internal_6426 19 16433608 16514655 89 72.243 1.21374 20.3163 0.00500264 -0.302586 0.159204 0.137578
ENSG00000167460.10 19 16177831 16177831 + 26 57104 19_internal_7973 19 16234935 16248170 89 87.1748 1.04012 24.4849 0.0206809 -0.257699 0.432836 0.401303
ENSG00000167461.7 19 16222439 16222439 + 27 282236 19_internal_7981 19 16504675 16518082 89 88.6176 0.898805 25.0064 0.0258661 -0.219728 0.527363 0.534853
ENSG00000196684.7 19 16244838 16244838 + 27 0 19_internal_6643 19 16225771 16269034 89 90.6166 0.984879 28.2339 0.000455039 0.375084 0.0149254 0.0121971
ENSG00000267068.1 19 16244838 16244838 + 27 0 19_internal_6643 19 16225771 16269034 89 82.0816 1.0164 23.6254 0.000116011 0.402058 0.00995025 0.0046158
ENSG00000269243.1 19 16250702 16250702 - 27 -516053 19_internal_6841 19 16766755 16790022 89 77.9619 1.11858 22.3715 0.000657873 -0.334243 0.0248756 0.0199875
ENSG00000105058.7 19 16296191 16296191 + 26 -48021 19_internal_7973 19 16234935 16248170 89 101.012 0.977498 33.0993 0.0219632 -0.255704 0.39801 0.39694
ENSG00000267033.1 19 16300269 16300269 - 26 538700 19_internal_5946 19 15694989 15761569 89 96.8223 0.95693 31.8387 0.0713959 -0.185974 0.870647 0.86988
ENSG00000072958.4 19 16308389 16308389 + 26 -60219 19_internal_7973 19 16234935 16248170 89 76.5191 0.944644 16.9993 0.00676072 -0.301959 0.223881 0.208436
ENSG00000267275.1 19 16435325 16435325 - 28 -437139 19_internal_9979 19 16872464 16948107 89 98.4215 0.95482 33.9793 0.035236 0.223939 0.621891 0.622328
ENSG00000127528.5 19 16435628 16435628 + 28 898294 19_internal_7196 19 17333922 17358517 89 67.5148 1.17858 18.5519 0.00816107 -0.273655 0.228856 0.253973
ENSG00000243745.2 19 16509770 16509770 - 28 240736 19_internal_6643 19 16225771 16269034 89 82.8639 0.989719 26.4728 0.0496213 -0.192788 0.781095 0.798749
ENSG00000240418.1 19 16523495 16523495 + 28 -28319 19_internal_7114 19 16423661 16495176 89 102.437 0.908635 36.5104 0.0254586 0.206553 0.482587 0.500596
ENSG00000127527.9 19 16582896 16582896 - 27 633195 19_internal_7358 19 15812747 15949701 89 89.6779 0.974808 22.6381 0.042026 0.209587 0.636816 0.625573
ENSG00000105072.4 19 16607122 16607122 + 27 -89040 19_internal_7981 19 16504675 16518082 89 95.7271 0.827087 24.3499 0.0410263 -0.208938 0.616915 0.650042
ENSG00000240106.2 19 16650795 16650795 - 27 -1069 19_internal_6373 19 16651864 16773128 89 90.5123 0.950655 27.3584 0.00318906 -0.312222 0.124378 0.0894185
ENSG00000085872.10 19 16653341 16653341 - 27 89606 19_internal_6615 19 16508751 16563735 89 91.6943 0.929611 24.3993 0.0299716 -0.2408 0.537313 0.528782
ENSG00000269399.1 19 16655625 16655625 - 27 -2156 19_internal_9045 19 16657781 16679791 89 78.24 0.993608 18.8333 0.0257459 0.251826 0.492537 0.507661
ENSG00000268309.1 19 16662584 16662584 + 27 0 19_internal_9045 19 16657781 16679791 89 76.467 0.993928 20.4404 0.00270879 0.321464 0.109453 0.107575
ENSG00000269085.1 19 16676362 16676362 + 27 -143624 19_internal_6893 19 16527421 16532738 89 91.2076 0.910666 25.9859 0.018259 -0.249343 0.393035 0.40179
ENSG00000127526.9 19 16683193 16683193 - 27 3402 19_internal_9045 19 16657781 16679791 89 93.7281 0.978488 30.1264 3.34557e-05 0.469994 0.00497512 0.000734649
ENSG00000269578.1 19 16698796 16698796 - 27 180714 19_internal_7981 19 16504675 16518082 89 83.4896 0.992093 21.5927 0.114313 -0.171968 0.945274 0.946509
ENSG00000268087.1 19 16721222 16721222 + 27 -473052 19_internal_7973 19 16234935 16248170 89 79.5437 1.11015 24.3591 0.00250047 0.293898 0.0845771 0.0734125
ENSG00000141979.4 19 16739015 16739015 - 27 977446 19_internal_5946 19 15694989 15761569 89 93.1719 1.08457 31.3388 0.00536159 -0.274083 0.104478 0.104494
ENSG00000105085.6 19 16739873 16739873 - 27 598233 19_internal_9102 19 16022084 16141640 89 83.1246 1.00195 23.1261 0.0064059 0.299737 0.199005 0.17715
ENSG00000269427.1 19 16741554 16741554 + 27 0 19_internal_6373 19 16651864 16773128 89 82.7596 1.04789 25.7636 0.061494 -0.191813 0.835821 0.840543
ENSG00000269044.1 19 16746080 16746080 - 27 -126384 19_internal_9979 19 16872464 16948107 89 74.7982 1.12227 20.5974 0.0750489 0.184033 0.880597 0.870465
ENSG00000267904.1 19 16751479 16751479 - 27 989910 19_internal_5946 19 15694989 15761569 89 80.6041 1.07339 20.1328 0.0343808 -0.226187 0.557214 0.564922
ENSG00000268790.1 19 16770926 16770926 - 24 91135 19_internal_9045 19 16657781 16679791 89 100.994 0.962432 30.0136 0.0390364 0.24753 0.61194 0.588993
ENSG00000214046.4 19 16771253 16771253 - 24 502219 19_internal_6643 19 16225771 16269034 89 91.1902 1.01028 22.9904 0.0971412 0.188989 0.885572 0.892426
ENSG00000072954.2 19 16771938 16771938 + 24 -239200 19_internal_6893 19 16527421 16532738 89 83.2289 1.03623 20.0501 0.0044556 -0.264919 0.109453 0.103032
ENSG00000127511.5 19 16940211 16940211 + 24 -667444 19_internal_6790 19 16221290 16272767 89 85.5234 1.03441 22.7852 0.0312774 -0.221802 0.567164 0.537948
ENSG00000268743.1 19 16954836 16954836 + 24 -459660 19_internal_7114 19 16423661 16495176 89 81.1256 1.03031 19.9003 0.000549163 -0.343422 0.0248756 0.0168106
ENSG00000127533.3 19 16999671 16999671 + 24 -51564 19_internal_9979 19 16872464 16948107 89 85.7842 1.02245 20.2795 0.00851004 0.302544 0.159204 0.172788
ENSG00000160111.7 19 17137625 17137625 - 25 642449 19_internal_7114 19 16423661 16495176 89 107.495 0.925575 32.5158 0.0524535 0.211424 0.691542 0.694067
ENSG00000131351.10 19 17186435 17186435 - 25 917401 19_internal_6643 19 16225771 16269034 89 92.1811 0.966911 23.5045 0.013382 -0.261487 0.283582 0.258267
ENSG00000099331.9 19 17186591 17186591 + 25 758830 19_internal_6806 19 17945421 17963619 89 87.8527 0.975593 22.824 0.0262676 -0.217176 0.467662 0.479686
ENSG00000269066.1 19 17210117 17210117 - 26 0 19_internal_6998 19 15551213 17269312 89 81.0561 0.941574 20.3692 0.00900522 0.290321 0.263682 0.254706
ENSG00000268056.1 19 17278861 17278861 - 24 505733 19_internal_6373 19 16651864 16773128 89 79.1961 1.082 22.2608 0.0054759 0.271602 0.154229 0.150555
ENSG00000269836.1 19 17289285 17289285 - 23 -325299 19_internal_7112 19 17614584 17685876 89 97.0135 0.941086 24.7577 0.137532 0.177014 0.965174 0.963396
ENSG00000269480.1 19 17318819 17318819 - 23 49507 19_internal_6998 19 15551213 17269312 89 96.718 0.843055 22.91 0.0460195 0.192647 0.651741 0.654815
ENSG00000053501.8 19 17326155 17326155 + 23 -830979 19_internal_7114 19 16423661 16495176 89 77.649 1.01827 18.1839 0.0388433 0.20953 0.626866 0.626161
ENSG00000099330.4 19 17337013 17337013 + 23 600033 19_internal_6566 19 17937046 17963350 89 82.916 1.01374 19.0916 0.0820797 0.183568 0.820896 0.842806
ENSG00000160113.5 19 17356749 17356749 - 23 0 19_internal_7891 19 17345587 17393787 89 79.7871 1.06905 19.6237 1.21549e-08 0.576802 0.00497512 5.20132e-07
ENSG00000105393.11 19 17378159 17378159 + 24 567262 19_internal_6806 19 17945421 17963619 89 104.193 0.823643 31.4612 0.0200081 0.253851 0.378109 0.401981
ENSG00000269307.1 19 17378227 17378227 + 24 567194 19_internal_6806 19 17945421 17963619 89 73.6857 1.06778 14.9798 0.0218105 0.246993 0.39801 0.399672
ENSG00000160117.10 19 17392454 17392454 + 24 -897278 19_internal_7114 19 16423661 16495176 89 75.6674 1.10774 16.2777 0.0780783 0.18745 0.800995 0.806347
ENSG00000130307.7 19 17393595 17393595 - 25 620467 19_internal_6373 19 16651864 16773128 89 82.8639 1.06977 19.2429 0.0542288 0.204147 0.706468 0.690332
ENSG00000130312.2 19 17403418 17403418 + 25 -908242 19_internal_7114 19 16423661 16495176 89 83.3506 1.03421 24.9988 0.0459579 -0.210463 0.746269 0.735211
ENSG00000269815.1 19 17407504 17407504 - 25 912328 19_internal_7114 19 16423661 16495176 89 99.2559 0.936154 26.9533 0.00968368 0.256031 0.18408 0.1798
ENSG00000130311.6 19 17420327 17420327 + 25 -630305 19_internal_6841 19 16766755 16790022 89 90.999 0.986481 24.3847 0.0306133 0.243815 0.482587 0.515949
ENSG00000127220.5 19 17421045 17421045 - 25 -971843 19_internal_9763 19 18392888 18708474 89 95.6229 0.926233 23.6928 0.00814051 -0.283757 0.149254 0.160051
ENSG00000074855.6 19 17445638 17445638 - 25 655616 19_internal_6841 19 16766755 16790022 89 89.8344 0.992945 24.9588 0.0505989 0.209507 0.706468 0.721092
ENSG00000130299.12 19 17445729 17445729 + 25 -497622 19_internal_9979 19 16872464 16948107 89 83.4201 0.968426 18.3867 0.0190237 -0.246419 0.353234 0.365862
ENSG00000269720.1 19 17503093 17503093 - 24 -433953 19_internal_6566 19 17937046 17963350 89 89.8691 1.03597 25.4984 0.0118014 0.245648 0.248756 0.238186
ENSG00000130303.8 19 17516457 17516457 - 23 122670 19_internal_7891 19 17345587 17393787 89 77.1102 1.01765 16.6197 0.151185 -0.158708 0.960199 0.963096
ENSG00000269640.1 19 17516503 17516503 + 23 876385 19_internal_9763 19 18392888 18708474 89 88.2873 0.970819 22.8885 0.108455 -0.167059 0.945274 0.933943
ENSG00000141971.8 19 17516531 17516531 + 23 428890 19_internal_6806 19 17945421 17963619 89 84.5848 1.03481 22.0143 0.122899 -0.15498 0.945274 0.953464
ENSG00000254503.1 19 17529097 17529097 - 22 315736 19_internal_7870 19 17195515 17213361 89 82.4988 1.03599 19.7306 0.0366268 -0.207292 0.60199 0.574679
ENSG00000269053.1 19 17530583 17530583 - 22 136796 19_internal_7891 19 17345587 17393787 89 89.5736 0.97348 21.176 0.0755078 -0.176178 0.80597 0.813645
ENSG00000269481.1 19 17533133 17533133 - 21 760005 19_internal_6373 19 16651864 16773128 89 82.1338 1.12863 19.2442 0.0351315 0.207604 0.552239 0.51396
ENSG00000188051.6 19 17559376 17559376 - 21 820476 19_internal_6173 19 16691823 16738900 89 90.86 1.1585 22.7196 0.129169 -0.157973 0.910448 0.936655
ENSG00000130304.12 19 17579578 17579578 + 20 -806450 19_internal_6373 19 16651864 16773128 89 94.5451 1.0104 26.6157 0.143636 -0.165703 0.9801 0.976171
ENSG00000130313.2 19 17622438 17622438 + 20 605322 19_internal_7661 19 18227760 18249146 89 98.8908 0.907105 21.6757 0.0717772 0.176312 0.726368 0.756893
ENSG00000269439.1 19 17622698 17622698 - 20 -739907 19_internal_7054 19 18362605 18366497 89 94.493 1.00887 20.6356 0.0226685 -0.235852 0.318408 0.320534
ENSG00000269161.1 19 17631374 17631374 - 20 -314047 19_internal_6806 19 17945421 17963619 89 85.8885 1.05793 19.0316 0.0306144 0.231963 0.467662 0.451872
ENSG00000167483.13 19 17634110 17634110 + 20 -240323 19_internal_7891 19 17345587 17393787 89 95.7793 0.94758 23.3142 0.0198149 0.250748 0.338308 0.332314
ENSG00000130309.6 19 17666403 17666403 + 20 -893275 19_internal_6373 19 16651864 16773128 89 105.322 0.828178 24.1938 0.024207 -0.22802 0.348259 0.378532
ENSG00000130477.10 19 17799401 17799401 - 16 530089 19_internal_6998 19 15551213 17269312 89 94.4582 1.05631 16.7085 0.0135101 -0.276115 0.149254 0.148557
ENSG00000130479.6 19 17830051 17830051 + 16 562837 19_internal_9763 19 18392888 18708474 89 91.9029 0.98547 16.8176 0.0357333 -0.203999 0.41791 0.436663
ENSG00000268112.1 19 17845322 17845322 - 16 576010 19_internal_6998 19 15551213 17269312 89 83.4896 1.12893 16.9528 0.0904214 0.187463 0.79602 0.80291
ENSG00000130475.10 19 17858527 17858527 + 16 -910420 19_internal_9979 19 16872464 16948107 89 82.0816 1.0505 15.0572 0.00355344 -0.299328 0.0746269 0.0640412
ENSG00000179913.6 19 17905637 17905637 + 16 31409 19_internal_6566 19 17937046 17963350 89 92.6156 0.949469 16.6403 0.0803719 0.17393 0.736318 0.741919
ENSG00000248099.3 19 17932383 17932383 - 16 -13038 19_internal_6806 19 17945421 17963619 89 87.0357 0.982892 14.3238 0.0172518 0.2408 0.293532 0.242335
ENSG00000105639.14 19 17958880 17958880 - 15 0 19_internal_6806 19 17945421 17963619 89 93.3283 0.906465 15.6832 1.11474e-05 0.464187 0.00497512 0.000259632
ENSG00000105640.7 19 17970685 17970685 + 15 -590826 19_internal_7356 19 17325121 17379859 89 102.68 0.982576 20.9371 0.0188958 0.244944 0.263682 0.224795
ENSG00000207166.1 19 17973397 17973397 + 15 -287521 19_internal_7112 19 17614584 17685876 89 101.759 0.959001 20.7364 0.103137 -0.172183 0.840796 0.838043
ENSG00000105641.3 19 17982782 17982782 + 15 410106 19_internal_9763 19 18392888 18708474 89 93.4326 0.902958 15.3967 0.109747 -0.162086 0.81592 0.833143
ENSG00000007080.6 19 18043825 18043825 + 15 -685308 19_internal_7196 19 17333922 17358517 89 88.3047 1.00881 14.4772 0.129597 -0.162262 0.875622 0.867458
ENSG00000105643.4 19 18111941 18111941 + 17 56219 19_internal_6320 19 18168160 18204838 89 84.6891 1.0502 15.9375 0.0144452 0.2633 0.208955 0.219286
ENSG00000268032.1 19 18133212 18133212 + 17 314433 19_internal_9856 19 18447645 18545904 89 88.548 0.979099 16.1911 0.0988372 -0.168541 0.791045 0.822983
ENSG00000268298.1 19 18142348 18142348 - 17 0 19_internal_9338 19 18117280 18162337 89 92.9285 0.906187 16.0232 0.00370868 0.306542 0.079602 0.0651184
ENSG00000099308.5 19 18208603 18208603 + 17 -939291 19_internal_6998 19 15551213 17269312 89 91.4857 0.954297 18.5536 0.052468 0.232015 0.60199 0.628252
ENSG00000096996.10 19 18209759 18209759 - 17 246140 19_internal_6806 19 17945421 17963619 89 83.8547 1.06642 18.1166 0.0364015 0.221837 0.522388 0.512521
ENSG00000269145.1 19 18262498 18262498 - 16 993186 19_internal_6998 19 15551213 17269312 89 97.2395 0.93925 18.286 0.123307 0.183889 0.895522 0.886111
ENSG00000105647.9 19 18263626 18263626 + 16 791129 19_internal_6752 19 19054755 19098350 89 87.2791 0.963726 15.0247 0.00190655 0.336771 0.039801 0.0359274
ENSG00000268173.1 19 18263968 18263968 + 16 790787 19_internal_6752 19 19054755 19098350 89 99.4123 1.10546 17.225 0.00279431 0.323932 0.0149254 0.0174995
ENSG00000216490.2 19 18283972 18283972 + 16 -121635 19_internal_9338 19 18117280 18162337 89 86.2014 1.17911 14.8389 0.0117658 0.253469 0.124378 0.122356
