ENSG00000207790.1 1 207975868 207975868 - 10 -2273 1_internal_21280 1 207978141 208050210 89 97.2395 0.878761 8.42201 0.0299302 0.236342 0.21393 0.229042
ENSG00000203709.4 1 208042495 208042495 - 10 0 1_internal_21280 1 207978141 208050210 89 92.8764 0.947615 11.0643 3.56431e-05 0.434768 0.00497512 0.000417261
ENSG00000174059.12 1 208084747 208084747 - 10 0 1_internal_15823 1 207504767 209850800 89 92.4939 1.04927 10.1139 0.0180832 -0.257843 0.144279 0.134325
ENSG00000076356.6 1 208417665 208417665 - 6 879612 1_internal_19818 1 207495703 207538053 89 95.5012 0.953032 6.55108 0.124145 0.152182 0.542289 0.559066
ENSG00000196878.7 1 209825811 209825811 - 6 0 1_internal_16352 1 209819729 209851240 89 91.6943 0.971288 6.04763 0.0285138 -0.223614 0.169154 0.15806
ENSG00000117594.4 1 209859510 209859510 + 6 60949 1_internal_17896 1 209920459 209959457 89 75.8934 0.99999 4.31327 0.0510701 -0.212503 0.303483 0.274709
ENSG00000227591.1 1 209897470 209897470 - 6 -22989 1_internal_17896 1 209920459 209959457 89 92.9633 1.03918 6.22101 0.0614735 -0.200191 0.318408 0.28401
ENSG00000009790.10 1 209929377 209929377 + 6 -78577 1_internal_15823 1 207504767 209850800 89 85.0715 1.01902 5.85751 0.398394 -0.0936923 0.955224 0.952594
ENSG00000162757.3 1 209957904 209957904 - 6 -21261 1_internal_21712 1 209979165 210002203 89 83.2984 1.04247 6.28983 0.0412483 0.201692 0.268657 0.250143
ENSG00000232222.1 1 209961038 209961038 - 6 110238 1_internal_15823 1 207504767 209850800 89 93.8498 0.997779 6.19516 0.00969528 -0.274672 0.039801 0.0482923
ENSG00000117595.6 1 209979465 209979465 - 6 128665 1_internal_15823 1 207504767 209850800 89 96.7006 0.906835 5.75508 0.0381659 -0.22863 0.174129 0.199357
ENSG00000117597.12 1 210001352 210001352 + 6 -150552 1_internal_15823 1 207504767 209850800 89 89.4867 1.02713 6.35729 0.0013425 0.325728 0.00995025 0.00717295
ENSG00000228110.2 1 210440587 210440587 - 6 481130 1_internal_17896 1 209920459 209959457 89 102.489 1.03595 6.7904 0.144401 -0.160003 0.552239 0.555294
ENSG00000054392.8 1 210501596 210501596 + 6 -499393 1_internal_21712 1 209979165 210002203 89 97.7262 1.01153 7.03969 0.0115239 -0.271715 0.0746269 0.0535873
ENSG00000224668.1 1 211035627 211035627 - 1 -471576 1_internal_20202 1 211507203 211551473 89 80.5693 0.999926 1.07165 0.382789 0.0834181 0.437811 0.428251
ENSG00000234004.3 1 211346819 211346819 + 3 897376 1_internal_24968 1 212244195 212502179 89 79.2482 1.00001 2.64576 0.358265 0.100574 0.721393 0.725062
ENSG00000117625.9 1 211431719 211431719 + 4 75484 1_internal_20202 1 211507203 211551473 89 92.1811 1.00002 3.79807 0.129512 0.159774 0.402985 0.392079
ENSG00000082512.10 1 211499957 211499957 + 4 7246 1_internal_20202 1 211507203 211551473 89 97.1699 1.00001 4.55941 0.000275456 0.369306 0.00995025 0.00065545
ENSG00000153363.8 1 211556145 211556145 + 4 688050 1_internal_24968 1 212244195 212502179 89 97.0135 0.999917 4.61669 0.203311 -0.141911 0.60199 0.608936
ENSG00000236809.2 1 211590367 211590367 + 4 653828 1_internal_24968 1 212244195 212502179 89 86.2883 1.0001 3.57212 0.477909 -0.0753243 0.905473 0.906371
ENSG00000261252.1 1 211608414 211608414 + 4 -56941 1_internal_20202 1 211507203 211551473 89 90.5471 1.00004 3.60426 0.128878 0.158463 0.383085 0.383473
ENSG00000170385.9 1 211752084 211752084 - 5 -652896 1_internal_19579 1 212404980 212458411 89 88.3221 1.00008 5.3656 0.00746033 0.301521 0.0497512 0.0405737
ENSG00000123684.8 1 212004114 212004114 - 7 -983865 1_internal_17557 1 212987979 212994495 89 90.1299 0.942755 7.07828 0.214535 -0.127286 0.81592 0.8289
ENSG00000143493.8 1 212208884 212208884 - 8 -820693 1_internal_20385 1 213029577 213068326 89 86.0623 0.994804 8.49291 0.0298367 0.216896 0.243781 0.24811
ENSG00000143476.13 1 212208919 212208919 + 8 196061 1_internal_19579 1 212404980 212458411 89 83.5939 1.01327 7.33054 0.0607979 -0.211598 0.442786 0.402864
ENSG00000220749.3 1 212225371 212225371 - 8 117819 1_internal_24983 1 212081032 212107552 89 87.8354 0.929056 7.65279 0.302812 -0.107964 0.940299 0.94611
ENSG00000066027.4 1 212458782 212458782 + 8 0 1_internal_24968 1 212244195 212502179 89 102.298 0.94841 8.60965 0.0201682 0.254527 0.0995025 0.119236
ENSG00000230063.1 1 212470790 212470790 + 8 0 1_internal_24968 1 212244195 212502179 89 100.733 0.90694 7.47628 0.186923 0.13884 0.761194 0.760297
ENSG00000225338.1 1 212482860 212482860 - 8 -355281 1_internal_24765 1 212838141 212884590 89 97.7262 1.05025 11.0093 0.021038 0.266894 0.154229 0.142276
ENSG00000234915.1 1 212505055 212505055 - 8 -482924 1_internal_17557 1 212987979 212994495 89 89.9734 1.0133 7.4198 0.155008 -0.145444 0.711443 0.702949
ENSG00000201544.1 1 212526158 212526158 + 8 -23979 1_internal_24968 1 212244195 212502179 89 76.8842 1.13162 7.48037 0.14367 -0.140329 0.746269 0.71978
ENSG00000229832.1 1 212530760 212530760 + 8 156539 1_internal_26024 1 212687299 212812483 89 82.6553 0.994856 7.54928 0.0686192 -0.186286 0.492537 0.466715
ENSG00000065600.8 1 212588243 212588243 - 7 -399736 1_internal_17557 1 212987979 212994495 89 88.8783 0.903358 6.22915 0.139385 -0.155809 0.626866 0.648834
ENSG00000117691.5 1 212606229 212606229 + 7 423348 1_internal_20385 1 213029577 213068326 89 84.7238 1.01272 6.92314 0.22077 0.131498 0.840796 0.836617
ENSG00000260805.1 1 212731175 212731175 + 7 -228996 1_internal_24968 1 212244195 212502179 89 69.4791 1.00014 5.20154 0.241429 0.133629 0.875622 0.844767
ENSG00000162772.12 1 212738676 212738676 + 7 -280265 1_internal_19579 1 212404980 212458411 89 82.4293 0.931006 5.60636 0.0274453 -0.23635 0.208955 0.20193
ENSG00000123685.4 1 212873327 212873327 - 7 765775 1_internal_24983 1 212081032 212107552 89 101.133 0.941265 7.20259 0.117978 -0.166362 0.537313 0.541914
ENSG00000117697.10 1 212965124 212965124 - 7 462945 1_internal_24968 1 212244195 212502179 89 93.2936 0.934048 6.95872 0.117117 0.151409 0.572139 0.580317
ENSG00000203705.5 1 212965170 212965170 + 7 64407 1_internal_20385 1 213029577 213068326 89 97.2916 1.04953 8.80462 0.0936404 0.178068 0.482587 0.495499
ENSG00000198468.3 1 213031430 213031430 - 7 0 1_internal_20385 1 213029577 213068326 89 95.5012 0.980247 7.80282 3.97402e-05 0.408828 0.00497512 0.000193247
ENSG00000162769.8 1 213031597 213031597 + 7 0 1_internal_20385 1 213029577 213068326 89 89.9561 0.962083 6.82113 6.2609e-05 0.374749 0.00497512 0.000531647
ENSG00000143494.11 1 213123862 213123862 + 6 -129367 1_internal_17557 1 212987979 212994495 89 82.9508 1.00003 5.02226 0.189923 -0.137026 0.706468 0.68562
ENSG00000174606.8 1 213189168 213189168 - 6 120842 1_internal_20385 1 213029577 213068326 89 88.3742 1.04688 6.85354 0.181255 0.142336 0.741294 0.734219
ENSG00000136643.7 1 213224589 213224589 + 6 -722410 1_internal_24968 1 212244195 212502179 89 76.3627 0.999909 5.49275 0.00567778 0.284626 0.039801 0.0560529
ENSG00000143499.9 1 214454445 214454445 + 2 146223 1_internal_17851 1 214600668 214725864 89 83.6635 0.999956 1.92106 0.503373 -0.0728661 0.746269 0.752466
ENSG00000228470.1 1 214530958 214530958 - 2 -283916 1_internal_22092 1 214814874 215704952 89 84.3414 0.999929 1.7538 0.14865 0.138829 0.288557 0.263151
ENSG00000152104.6 1 214725792 214725792 - 2 -89082 1_internal_22092 1 214814874 215704952 89 93.1371 1.00002 1.88612 0.135083 -0.154558 0.268657 0.224803
ENSG00000117724.8 1 214776538 214776538 + 2 -50674 1_internal_17851 1 214600668 214725864 89 79.6133 0.999991 1.96355 0.281886 0.11257 0.522388 0.515976
ENSG00000136636.7 1 215740735 215740735 + 1 -35783 1_internal_22092 1 214814874 215704952 89 100.09 1.00001 0.91178 0.0798237 0.19961 0.0646766 0.0577305
ENSG00000042781.8 1 216596738 216596738 - 1 891786 1_internal_22092 1 214814874 215704952 89 76.8146 0.999939 0.937421 0.17372 0.140392 0.18408 0.194955
ENSG00000229841.1 1 217665317 217665317 + 0 NA NA NA NA NA NA NA NA NA NA NA NA NA
ENSG00000092978.5 1 217804424 217804424 - 0 NA NA NA NA NA NA NA NA NA NA NA NA NA
ENSG00000067533.5 1 218458629 218458629 + 1 796868 1_internal_24634 1 219255497 219834823 89 113.145 0.99999 1.1595 0.00280984 0.31952 0.00497512 0.000869053
ENSG00000229016.1 1 218475314 218475314 - 1 -780183 1_internal_24634 1 219255497 219834823 89 84.6891 1 0.91444 0.908148 -0.0118723 0.895522 0.889862
ENSG00000143353.7 1 219347186 219347186 + 1 0 1_internal_24634 1 219255497 219834823 89 107.634 1.00003 1.20578 0.449972 -0.0786362 0.502488 0.466212
ENSG00000228063.1 1 219347303 219347303 - 1 0 1_internal_24634 1 219255497 219834823 89 64.1947 0.999902 0.916728 0.300285 -0.0986764 0.368159 0.354412
ENSG00000225920.2 1 219373909 219373909 - 1 0 1_internal_24634 1 219255497 219834823 89 91.1555 1.00007 1.16332 0.601908 0.0566073 0.676617 0.653087
ENSG00000223842.1 1 219398839 219398839 - 1 0 1_internal_24634 1 219255497 219834823 89 78.8137 1.00006 0.981422 0.213311 0.12965 0.238806 0.23779
ENSG00000215817.3 1 219786462 219786462 - 1 0 1_internal_24634 1 219255497 219834823 89 110.815 0.99997 1.05832 0.984642 0.00204088 0.970149 0.986474
ENSG00000136628.12 1 220220000 220220000 - 8 -685447 1_internal_23324 1 220905447 220979491 89 99.3254 0.893232 9.3476 0.109161 0.178627 0.641791 0.634993
ENSG00000162813.13 1 220263804 220263804 - 8 -785678 1_internal_19307 1 221049482 221341257 89 108.173 0.883531 9.659 0.0793759 -0.189967 0.427861 0.466797
ENSG00000067704.8 1 220267444 220267444 + 8 927632 1_internal_19287 1 221195076 221352073 89 90.8947 1.00399 8.05482 0.101937 0.167674 0.587065 0.563854
ENSG00000207590.1 1 220291304 220291304 - 8 -879921 1_internal_17273 1 221171225 221344139 89 77.7881 1.06683 7.73931 0.184149 0.147725 0.835821 0.830388
ENSG00000207624.1 1 220291583 220291583 - 8 -755290 1_internal_20267 1 221046873 221068232 89 83.959 1.01665 6.63413 0.201272 0.125052 0.820896 0.79405
ENSG00000232134.1 1 220317693 220317693 - 8 -630906 1_internal_16990 1 220948599 220968604 89 86.3578 0.983481 7.51238 0.0475291 0.188078 0.358209 0.33257
ENSG00000222370.1 1 220374018 220374018 - 8 539195 1_internal_24634 1 219255497 219834823 89 74.242 1.11412 6.97783 0.287236 0.108987 0.925373 0.927478
ENSG00000218283.2 1 220426912 220426912 + 8 745867 1_internal_16753 1 221172779 221205515 89 86.2014 1.03061 7.70842 0.0364944 0.216113 0.273632 0.254584
ENSG00000213033.4 1 220441259 220441259 - 8 -507340 1_internal_16990 1 220948599 220968604 89 81.9426 1.13278 8.29105 0.4815 0.0752707 0.995025 0.995769
ENSG00000118873.10 1 220445796 220445796 - 8 -603686 1_internal_19307 1 221049482 221341257 89 88.3221 1.00788 7.40272 0.0830844 -0.172966 0.477612 0.47519
ENSG00000162817.6 1 220863187 220863187 + 7 186295 1_internal_19307 1 221049482 221341257 89 89.7996 0.920551 6.13736 0.1531 0.156853 0.666667 0.666584
ENSG00000136630.10 1 221051699 221051699 + 9 959087 1_internal_19537 1 222010786 222015478 89 94.3191 0.945414 8.92699 0.0853345 -0.186365 0.507463 0.534083
ENSG00000143507.13 1 221915518 221915518 - 9 0 1_internal_22368 1 221906290 221943144 89 89.0695 1.03859 10.1171 0.00798236 0.297157 0.0696517 0.0693712
ENSG00000143512.8 1 222721445 222721445 - 5 778301 1_internal_22368 1 221906290 221943144 89 79.7176 1.00009 3.99725 0.0412867 0.227383 0.199005 0.19736
ENSG00000225265.1 1 222763167 222763167 + 6 181419 1_internal_24780 1 222944586 223236384 89 86.323 1 5.20019 0.00801759 0.267422 0.0646766 0.0460741
ENSG00000143498.13 1 222763275 222763275 - 6 -974041 1_internal_15888 1 223737316 223741658 89 79.2656 1.00012 5.01068 0.0258067 -0.239772 0.124378 0.165487
ENSG00000154305.12 1 222791428 222791428 + 6 -775950 1_internal_19537 1 222010786 222015478 89 95.8662 0.987933 6.02834 0.111776 -0.16907 0.492537 0.471406
ENSG00000229399.1 1 222815200 222815200 - 6 -546204 1_internal_20610 1 223361404 223375029 89 85.8363 0.999895 5.31551 0.347803 -0.0990848 0.895522 0.904054
ENSG00000244697.1 1 222817657 222817657 + 6 919659 1_internal_15888 1 223737316 223741658 89 96.7701 0.970774 5.63531 0.115708 0.167133 0.452736 0.464402
ENSG00000162819.7 1 222885895 222885895 + 6 416385 1_internal_22391 1 223302280 223357920 89 91.6596 1.03155 5.93636 0.031187 0.231753 0.144279 0.148598
ENSG00000186063.8 1 222886552 222886552 - 6 -850764 1_internal_15888 1 223737316 223741658 89 89.4867 1.0001 5.38745 0.152118 0.147571 0.61194 0.585952
ENSG00000197520.6 1 222910549 222910549 + 6 34037 1_internal_24780 1 222944586 223236384 89 87.8875 0.948143 5.6125 0.0479141 0.206543 0.268657 0.269551
ENSG00000228106.1 1 222988364 222988364 + 5 313916 1_internal_22391 1 223302280 223357920 89 81.9078 0.999894 4.44925 0.194095 0.137144 0.666667 0.655499
ENSG00000154309.7 1 222988406 222988406 + 5 748910 1_internal_15888 1 223737316 223741658 89 84.0633 1.00001 4.91475 0.111087 0.170851 0.457711 0.471118
ENSG00000187554.7 1 223316624 223316624 - 5 0 1_internal_22391 1 223302280 223357920 89 92.1811 1.00001 5.60775 1.21683e-14 0.736971 0.00497512 2.30208e-14
ENSG00000143502.9 1 223537544 223537544 - 5 179624 1_internal_22391 1 223302280 223357920 89 104.401 0.999951 5.24534 1.05545e-09 0.608871 0.00497512 2.01484e-10
ENSG00000203697.7 1 223853436 223853436 - 5 -204867 1_internal_19263 1 224058303 224100853 89 94.0236 1.00002 4.53899 0.247764 0.116342 0.681592 0.703154
ENSG00000162909.13 1 223889295 223889295 + 5 -147637 1_internal_15888 1 223737316 223741658 89 86.6359 1.00008 4.51496 0.171457 0.150935 0.58209 0.585639
ENSG00000143514.12 1 224033674 224033674 - 5 675754 1_internal_22391 1 223302280 223357920 89 95.9705 0.999922 5.29663 0.00312151 -0.322114 0.0199005 0.0113018
ENSG00000232372.1 1 224175856 224175856 - 5 939472 1_internal_24780 1 222944586 223236384 89 85.3844 1.00004 4.19326 0.268301 0.120091 0.736318 0.745281
ENSG00000243000.1 1 224183597 224183597 + 5 -441939 1_internal_15888 1 223737316 223741658 89 95.3273 1.00008 4.77085 0.00798831 0.297478 0.0447761 0.0284681
ENSG00000185495.6 1 224183659 224183659 + 5 -442001 1_internal_15888 1 223737316 223741658 89 89.1912 0.999898 5.08795 0.00253109 0.342746 0.0149254 0.0126812
ENSG00000263182.1 1 224196429 224196429 + 5 -454771 1_internal_15888 1 223737316 223741658 89 85.4191 0.999984 4.42707 0.00706906 0.287921 0.039801 0.0363432
ENSG00000143756.7 1 224301789 224301789 + 4 -926760 1_internal_20610 1 223361404 223375029 89 87.4355 0.999934 3.74815 0.295727 -0.106894 0.741294 0.737404
ENSG00000143753.8 1 224363458 224363458 + 3 -988429 1_internal_20610 1 223361404 223375029 89 86.0275 0.999916 2.48923 0.395425 -0.097144 0.716418 0.72366
ENSG00000237101.1 1 224407315 224407315 + 2 -665657 1_internal_15888 1 223737316 223741658 89 92.1289 1.00006 2.06402 0.401211 -0.0913915 0.626866 0.643133
ENSG00000221406.1 1 224444843 224444843 - 2 703185 1_internal_15888 1 223737316 223741658 89 99.2211 1.00007 2.19304 0.666626 -0.0430455 0.910448 0.899413
ENSG00000229742.1 1 224485348 224485348 + 2 -384495 1_internal_19263 1 224058303 224100853 89 90.999 0.999958 2.40281 0.186951 0.126595 0.38806 0.382996
ENSG00000143748.13 1 224518089 224518089 - 2 776431 1_internal_15888 1 223737316 223741658 89 100.612 1.00006 2.21029 0.530845 -0.0709209 0.781095 0.788689
ENSG00000143771.7 1 224544552 224544552 + 3 -443699 1_internal_19263 1 224058303 224100853 89 89.5736 0.999902 3.06868 0.0346791 -0.221228 0.0995025 0.101014
ENSG00000266618.1 1 224586013 224586013 - 3 -953632 1_internal_19236 1 225539645 225543134 89 95.8488 1.00009 2.9956 0.468447 -0.0790953 0.845771 0.834733
ENSG00000143786.3 1 224622362 224622362 + 4 917283 1_internal_19236 1 225539645 225543134 89 93.2936 1.00008 4.00608 0.0911228 0.179765 0.293532 0.295189
ENSG00000162923.10 1 224624735 224624735 - 4 883077 1_internal_15888 1 223737316 223741658 89 83.2984 0.99996 3.66502 0.355147 0.104582 0.810945 0.817309
ENSG00000185842.10 1 225083964 225083964 + 7 455681 1_internal_19236 1 225539645 225543134 89 78.6225 1.0001 5.46578 0.0606597 -0.187272 0.353234 0.358315
ENSG00000203691.2 1 225600404 225600404 + 12 651738 1_internal_16218 1 226252142 226261443 89 94.1801 0.995436 11.2668 0.0169207 0.255966 0.154229 0.148375
ENSG00000143815.10 1 225616627 225616627 - 12 -567590 1_internal_16198 1 226184217 226253609 89 76.6582 1.1472 10.8803 0.056528 -0.218253 0.547264 0.517779
ENSG00000154380.11 1 225840844 225840844 - 12 -626015 1_internal_16391 1 226466859 226471743 89 84.2197 0.937167 9.0034 0.0138677 0.241513 0.169154 0.162349
ENSG00000143742.8 1 225965531 225965531 + 12 94832 1_internal_18378 1 226060363 226088089 89 92.3201 1.10714 14.7522 0.106793 -0.164618 0.776119 0.758012
ENSG00000143819.8 1 225997794 225997794 + 12 62501 1_internal_17717 1 226060295 226087778 89 79.2482 1.04066 9.14324 0.0616669 0.202216 0.502488 0.505324
ENSG00000242861.1 1 226034223 226034223 - 12 377266 1_internal_16165 1 225607914 225656957 89 83.9764 0.854773 8.77723 0.0194594 0.241515 0.228856 0.248169
ENSG00000196187.7 1 226070069 226070069 - 12 0 1_internal_17717 1 226060295 226087778 89 102.506 0.920481 12.5886 0.00542293 0.271241 0.0447761 0.0470786
ENSG00000243709.1 1 226099082 226099082 - 12 -129219 1_internal_19887 1 226228301 226243873 89 84.55 1.02756 12.7934 0.0593558 0.200483 0.58209 0.571113
ENSG00000255835.1 1 226111978 226111978 - 12 -354881 1_internal_16391 1 226466859 226471743 89 91.6248 0.924177 11.3652 0.00296496 0.311069 0.0547264 0.0387212
ENSG00000143811.12 1 226111978 226111978 - 12 -354881 1_internal_16391 1 226466859 226471743 89 83.9416 1.05281 11.0554 0.00521652 0.29236 0.0497512 0.060913
ENSG00000143751.8 1 226187032 226187032 - 13 -65110 1_internal_16218 1 226252142 226261443 89 85.2279 1.01653 12.3119 0.3113 -0.104171 0.99005 0.991318
ENSG00000163041.5 1 226249552 226249552 + 13 -192686 1_internal_17755 1 226029478 226056866 89 84.4109 1.03657 12.6744 0.103521 0.17807 0.791045 0.769838
ENSG00000234478.1 1 226335704 226335704 + 13 9767 1_internal_22080 1 226345471 226352894 89 84.2545 1.07722 11.5346 0.0340013 0.231062 0.313433 0.334006
ENSG00000182827.8 1 226374431 226374431 - 13 -92428 1_internal_16391 1 226466859 226471743 89 88.8436 0.954516 10.8484 0.0253363 -0.243698 0.263682 0.263921
ENSG00000185155.6 1 226411319 226411319 + 13 -167446 1_internal_19887 1 226228301 226243873 89 91.9203 0.974876 11.1375 0.0663801 -0.179218 0.532338 0.521876
ENSG00000183814.11 1 226497570 226497570 - 13 440704 1_internal_17755 1 226029478 226056866 89 89.1912 0.983515 11.8495 0.0106561 -0.281987 0.119403 0.123276
ENSG00000143799.8 1 226595780 226595780 - 12 938823 1_internal_16165 1 225607914 225656957 89 91.7117 0.956416 12.1534 0.0579763 0.202494 0.532338 0.513201
ENSG00000229965.1 1 226626265 226626265 + 12 -382392 1_internal_19887 1 226228301 226243873 89 100.959 0.975711 14.7473 0.0511022 0.215196 0.452736 0.444289
ENSG00000203685.5 1 226736501 226736501 + 11 388535 1_internal_20282 1 227125036 227178980 89 87.9396 1.01496 12.0344 0.055547 -0.207744 0.517413 0.499746
ENSG00000228548.1 1 226856598 226856598 + 11 -595155 1_internal_16218 1 226252142 226261443 89 92.9285 1.04018 11.4603 0.0619707 0.21093 0.462687 0.467492
ENSG00000228382.1 1 226862768 226862768 - 11 609159 1_internal_16198 1 226184217 226253609 89 93.1197 0.960401 10.3357 0.118265 -0.186244 0.696517 0.714858
ENSG00000143772.5 1 226927024 226927024 - 11 -198012 1_internal_20282 1 227125036 227178980 89 83.0725 1.07619 10.3031 0.0282479 -0.250132 0.258706 0.267549
ENSG00000143801.12 1 227057885 227057885 + 9 -814012 1_internal_19887 1 226228301 226243873 89 78.5877 1.0102 8.40681 0.174738 0.133962 0.840796 0.848302
ENSG00000163050.11 1 227085237 227085237 + 9 -997148 1_internal_18378 1 226060363 226088089 89 80.9691 1.05815 8.90425 0.0102666 -0.268821 0.104478 0.104871
ENSG00000143776.13 1 227506175 227506175 - 2 -829689 1_internal_17930 1 228335864 228357045 89 95.0145 1.00002 2.12936 0.548773 0.0637369 0.810945 0.804606
ENSG00000234277.2 1 227581292 227581292 + 2 -402312 1_internal_20282 1 227125036 227178980 89 98.7865 0.999996 2.41862 0.111468 -0.176198 0.189055 0.2113
ENSG00000242757.1 1 227618227 227618227 + 2 -439247 1_internal_20282 1 227125036 227178980 89 83.5766 0.999976 2.1759 0.111468 -0.176198 0.248756 0.248529
ENSG00000181450.12 1 227751236 227751236 + 2 584628 1_internal_17930 1 228335864 228357045 89 89 1 1.87251 0.787803 0.0313467 0.960199 0.945132
ENSG00000225934.2 1 227786795 227786795 - 3 607815 1_internal_20282 1 227125036 227178980 89 77.2492 1.00005 2.9708 0.00152129 0.286234 0.0149254 0.009329
ENSG00000143740.9 1 227916240 227916240 + 4 954012 1_internal_22322 1 228870252 229132246 89 89 1.00002 4.03509 0.537469 0.0706357 0.945274 0.955452
ENSG00000081692.8 1 227923112 227923112 - 4 -947140 1_internal_22322 1 228870252 229132246 89 85.6625 1.00001 4.21516 0.0268527 0.2307 0.124378 0.120076
ENSG00000230005.2 1 227934892 227934892 - 4 -821596 1_internal_16172 1 228756488 228771541 89 89.5041 0.99993 4.52931 0.390461 -0.0839513 0.900498 0.892725
ENSG00000143761.9 1 228270361 228270361 + 8 825655 1_internal_16968 1 229096016 229144701 89 100.855 0.931881 8.22437 0.0653823 0.202613 0.363184 0.375344
ENSG00000264944.1 1 228284964 228284964 + 8 786850 1_internal_17737 1 229071814 229085323 89 93.5543 0.987793 6.39936 0.441974 0.0869983 0.975124 0.973345
ENSG00000143793.8 1 228293112 228293112 - 8 -969190 1_internal_20544 1 229262302 229336648 89 112.536 0.870036 7.87289 0.0220448 0.229641 0.114428 0.110617
ENSG00000162910.14 1 228297013 228297013 - 8 -965289 1_internal_20544 1 229262302 229336648 89 90.9469 0.97602 7.61324 0.0721314 0.184025 0.452736 0.431497
ENSG00000224566.2 1 228303174 228303174 - 8 -768640 1_internal_17737 1 229071814 229085323 89 89.2955 0.918205 6.64408 0.0317688 -0.231639 0.223881 0.224414
ENSG00000143774.11 1 228327663 228327663 + 8 542589 1_internal_22322 1 228870252 229132246 89 85.9406 0.955988 6.56988 0.0525144 0.199161 0.348259 0.339229
ENSG00000198835.3 1 228337553 228337553 + 8 758463 1_internal_16968 1 229096016 229144701 89 101.637 0.922311 7.9621 0.170254 -0.146086 0.716418 0.734185
ENSG00000203684.5 1 228353213 228353213 - 8 -517039 1_internal_22322 1 228870252 229132246 89 91.1033 1.01662 6.72267 0.324768 0.102544 0.930348 0.92243
ENSG00000181873.8 1 228353516 228353516 + 8 402972 1_internal_16172 1 228756488 228771541 89 80.2912 0.942691 6.76666 0.257259 -0.12236 0.895522 0.903095
ENSG00000154358.14 1 228395831 228395831 + 8 721623 1_internal_17358 1 229117454 229207198 89 89.365 0.987017 6.93307 0.100368 0.178236 0.502488 0.523023
ENSG00000162913.9 1 228401365 228401365 - 8 -694651 1_internal_16968 1 229096016 229144701 89 98.2477 0.913986 8.17517 0.339251 -0.0911922 0.970149 0.961411
ENSG00000154370.8 1 228594541 228594541 - 9 -161947 1_internal_16172 1 228756488 228771541 89 86.4621 0.936577 7.7978 0.119379 -0.181547 0.691542 0.671855
ENSG00000231563.1 1 228595082 228595082 + 9 275170 1_internal_22322 1 228870252 229132246 89 90.4428 0.884723 6.95052 0.000766584 0.358457 0.00995025 0.00924221
ENSG00000162931.7 1 228604562 228604562 - 9 -265690 1_internal_22322 1 228870252 229132246 89 69.9832 1.08038 6.30973 0.0108766 0.285088 0.134328 0.118466
ENSG00000181218.4 1 228645560 228645560 - 9 288515 1_internal_17930 1 228335864 228357045 89 90.0604 0.97185 8.16101 0.0749025 -0.201422 0.457711 0.475517
ENSG00000196890.3 1 228645808 228645808 + 9 509217 1_internal_16327 1 229155025 229208453 89 84.4109 0.947629 6.50771 0.00607804 0.292925 0.0597015 0.0573919
ENSG00000168159.7 1 228674762 228674762 + 10 442692 1_internal_17358 1 229117454 229207198 89 83.959 0.964531 8.32545 0.00142326 0.323833 0.0298507 0.0188958
ENSG00000215811.3 1 228700006 228700006 - 11 -760858 1_internal_19279 1 229460864 229548032 89 91.6248 1.07716 12.4703 0.111541 -0.161323 0.731343 0.728538
ENSG00000234975.5 1 228823162 228823162 + 12 637702 1_internal_19279 1 229460864 229548032 89 90.182 0.973235 10.5437 0.00701532 -0.28453 0.0696517 0.0736581
ENSG00000116574.4 1 228870824 228870824 + 12 0 1_internal_22322 1 228870252 229132246 89 85.7842 0.99111 9.57151 2.03251e-08 0.541152 0.00497512 4.01435e-07
ENSG00000168118.7 1 229406822 229406822 + 15 54042 1_internal_19279 1 229460864 229548032 89 85.7842 0.967813 12.9392 0.0120978 0.262109 0.18408 0.175938
ENSG00000240524.2 1 229407346 229407346 - 15 -729489 1_internal_18193 1 230136835 230148307 89 95.449 0.974201 17.6838 0.0764598 0.196262 0.721393 0.713486
ENSG00000213029.2 1 229440129 229440129 + 15 273557 1_internal_21051 1 229713686 229718428 89 76.693 1.14238 11.054 0.00493058 -0.297117 0.0746269 0.0650159
ENSG00000237481.1 1 229455150 229455150 + 15 5714 1_internal_19279 1 229460864 229548032 89 92.2506 1.03807 17.2359 0.00176441 0.298757 0.0248756 0.0211553
ENSG00000154429.6 1 229479041 229479041 - 15 0 1_internal_19279 1 229460864 229548032 89 97.9174 0.937001 14.6504 5.61205e-12 0.588864 0.00497512 3.70591e-11
ENSG00000226920.1 1 229576767 229576767 - 15 -73288 1_internal_19620 1 229650055 229674668 89 83.1941 1.04138 13.0926 0.050686 -0.220241 0.512438 0.529551
ENSG00000069248.8 1 229644103 229644103 - 15 307455 1_internal_20544 1 229262302 229336648 89 103.758 0.944726 16.2094 0.0374165 0.220805 0.353234 0.358509
ENSG00000201492.1 1 229685652 229685652 + 15 -914111 1_internal_16172 1 228756488 228771541 89 86.0797 1.0851 13.4499 0.0420376 -0.209677 0.467662 0.426445
ENSG00000135776.4 1 229694442 229694442 - 15 0 1_internal_25984 1 229687254 229762954 89 118.533 0.755719 17.8454 0.00448462 0.302627 0.0746269 0.0523805
ENSG00000135801.5 1 229761794 229761794 - 16 -476895 1_internal_18004 1 230238689 230264742 89 103.81 0.884322 19.0556 0.0427258 -0.221489 0.467662 0.482609
ENSG00000135763.5 1 229761981 229761981 + 16 -617280 1_internal_16968 1 229096016 229144701 89 84.8629 1.11251 13.4264 0.100668 0.186845 0.756219 0.753652
ENSG00000143641.8 1 230193536 230193536 + 13 -430582 1_internal_25984 1 229687254 229762954 89 85.8189 1.02631 11.7016 0.0619972 0.204627 0.537313 0.543286
ENSG00000227006.1 1 230404229 230404229 - 11 856197 1_internal_19279 1 229460864 229548032 89 93.6412 1.01898 13.6323 0.334216 -0.0996389 0.995025 0.994767
ENSG00000224407.1 1 230417639 230417639 - 11 -277807 1_internal_16752 1 230695446 230779342 89 89.8691 0.964843 10.3646 0.117446 0.169489 0.726368 0.732676
ENSG00000135775.8 1 230778235 230778235 + 12 732176 1_internal_17606 1 231510411 231557044 89 85.4365 1.01279 9.5516 0.00555807 -0.307103 0.0646766 0.0588681
ENSG00000119280.12 1 231005335 231005335 - 14 -653558 1_internal_16744 1 231658893 231751306 89 101.585 0.991572 19.1737 0.0113869 -0.273687 0.114428 0.125886
ENSG00000223393.1 1 231010592 231010592 + 14 343763 1_internal_17792 1 231354355 231380923 89 82.9682 1.05898 12.6741 0.00786869 0.248754 0.119403 0.10636
ENSG00000143643.8 1 231114621 231114621 - 14 786382 1_internal_26270 1 230197219 230328239 89 92.9285 1.00816 13.0604 0.114167 -0.170903 0.771144 0.767468
ENSG00000173409.9 1 231114727 231114727 + 14 239628 1_internal_17792 1 231354355 231380923 89 90.3732 1.00581 13.0191 0.00735597 -0.272453 0.104478 0.084957
ENSG00000221290.1 1 231155670 231155670 - 13 892291 1_internal_18268 1 230137405 230263379 89 78.3791 1.04471 10.7655 0.143591 -0.156348 0.835821 0.856186
ENSG00000227934.1 1 231157357 231157357 + 13 -378015 1_internal_16752 1 230695446 230779342 89 88.5654 0.918044 11.4302 0.0599766 -0.18891 0.532338 0.549585
ENSG00000182118.5 1 231175992 231175992 - 13 -482901 1_internal_16744 1 231658893 231751306 89 94.5973 0.957706 12.7396 0.103459 -0.176659 0.716418 0.72756
ENSG00000119283.11 1 231297858 231297858 + 11 56497 1_internal_17792 1 231354355 231380923 89 85.9754 1.06829 10.3703 0.0391498 0.219604 0.348259 0.332563
ENSG00000143633.8 1 231376933 231376933 - 10 -362212 1_internal_22175 1 231739145 231836301 89 76.9016 1.0791 8.68961 0.0807131 0.177482 0.587065 0.584331
ENSG00000116906.7 1 231376953 231376953 + 10 -597611 1_internal_16752 1 230695446 230779342 89 81.6123 1.07395 8.37539 0.0403365 0.220183 0.343284 0.314234
ENSG00000010072.11 1 231472850 231472850 + 10 -91927 1_internal_17792 1 231354355 231380923 89 75.1633 1.17929 8.13823 0.0436677 -0.202853 0.333333 0.336905
ENSG00000116903.6 1 231473598 231473598 - 10 -36813 1_internal_17606 1 231510411 231557044 89 92.6852 1.01415 9.54227 0.0223201 0.238025 0.18408 0.16791
ENSG00000135766.8 1 231560790 231560790 - 10 -268806 1_internal_25149 1 231829596 232066798 89 79.9783 1.09674 7.51849 0.136321 -0.156541 0.706468 0.692349
ENSG00000116918.8 1 231664287 231664287 + 11 -283364 1_internal_17792 1 231354355 231380923 89 90.5645 1.07038 9.98173 0.0695761 0.196842 0.477612 0.468109
ENSG00000233461.1 1 231664302 231664302 - 11 884960 1_internal_16752 1 230695446 230779342 89 88.635 1.04963 11.3932 0.110968 -0.166192 0.726368 0.723806
ENSG00000229228.1 1 231747836 231747836 - 11 190792 1_internal_17606 1 231510411 231557044 89 108.312 0.899839 14.0835 0.227251 -0.111937 0.955224 0.951597
ENSG00000162946.15 1 231762561 231762561 + 12 0 1_internal_22175 1 231739145 231836301 89 91.2945 1.06682 11.8601 7.32511e-09 0.6091 0.00497512 1.77425e-08
ENSG00000226758.1 1 232061580 232061580 + 12 -225279 1_internal_22175 1 231739145 231836301 89 114.049 0.863636 14.0785 0.0438054 0.229475 0.333333 0.338837
ENSG00000116991.6 1 232697304 232697304 - 11 0 1_internal_24794 1 232592113 232759222 89 87.8006 0.964107 9.13519 0.00521397 0.310563 0.0597015 0.0557046
ENSG00000212916.3 1 232940643 232940643 + 8 132582 1_internal_25186 1 233073225 233317011 89 81.6471 1.11399 7.42704 0.000147107 0.341897 0.00497512 0.000976327
ENSG00000135778.6 1 233086351 233086351 + 6 0 1_internal_25186 1 233073225 233317011 89 86.7924 0.977715 5.60133 1.59091e-08 0.539455 0.00497512 1.92499e-07
ENSG00000231940.1 1 233425193 233425193 - 6 108182 1_internal_25186 1 233073225 233317011 89 93.5891 0.99265 5.90814 0.0850366 0.167948 0.363184 0.381932
ENSG00000135749.13 1 233431459 233431459 - 6 2704 1_internal_19238 1 233416082 233428755 89 92.5982 1.00007 5.2866 0.00631985 0.298039 0.0348259 0.0279114
ENSG00000251508.1 1 233431473 233431473 - 6 664007 1_internal_17393 1 232752710 232767466 89 82.4814 1.00004 5.12361 0.00275113 0.320517 0.0248756 0.0200855
ENSG00000143674.6 1 233463514 233463514 + 7 -82182 1_internal_17077 1 233247204 233381332 89 95.6055 0.973626 7.28679 0.071819 -0.185401 0.338308 0.385242
ENSG00000236358.1 1 234492752 234492752 + 11 298136 1_internal_24626 1 234790888 235014038 89 99.0299 0.852002 10.868 0.355786 0.0988964 1 0.990648
ENSG00000235605.1 1 234492887 234492887 - 11 23865 1_internal_18205 1 234437723 234469022 89 105.861 1.05085 14.7841 0.124938 0.176998 0.721393 0.751791
ENSG00000168275.10 1 234509202 234509202 + 12 -40180 1_internal_18205 1 234437723 234469022 89 78.0488 1.17704 13.2095 0.0615366 0.216456 0.61194 0.598412
ENSG00000231663.1 1 234509339 234509339 - 12 -911631 1_internal_17132 1 235420970 235490528 89 80.7605 1.05593 10.4037 0.158012 0.132197 0.875622 0.859806
ENSG00000059588.5 1 234614849 234614849 - 12 0 1_internal_17217 1 234608213 234625453 89 97.8305 1.00208 14.3523 1.67239e-05 0.461469 0.00497512 8.93587e-05
ENSG00000228830.1 1 234742754 234742754 + 12 346793 1_internal_16005 1 235089547 235149710 89 90.182 0.983031 11.2603 0.0740894 0.196154 0.567164 0.577464
ENSG00000168264.6 1 234745271 234745271 - 12 -753903 1_internal_17285 1 235499174 235669267 89 88.4437 0.915425 11.0372 0.132681 0.166641 0.825871 0.819238
ENSG00000227630.1 1 234861148 234861148 + 12 -190758 1_internal_17638 1 234633795 234670390 89 78.6746 1.10804 10.6808 0.000840088 -0.374804 0.0298507 0.0111627
ENSG00000207181.1 1 235291252 235291252 - 16 -992133 1_internal_24591 1 236283385 236320576 89 75.8934 1.13853 13.4972 0.146541 -0.158984 0.910448 0.913968
ENSG00000173726.6 1 235292251 235292251 - 16 -991134 1_internal_24591 1 236283385 236320576 89 96.7527 0.933417 15.7027 0.0290503 -0.220303 0.363184 0.335723
ENSG00000188739.10 1 235324772 235324772 - 16 -958613 1_internal_24591 1 236283385 236320576 89 97.2916 0.926721 16.7047 0.0464822 0.209858 0.487562 0.506156
ENSG00000232686.1 1 235334206 235334206 - 16 603286 1_internal_18625 1 234664050 234730920 89 92.0072 1.03092 18.7063 0.0914384 0.163085 0.825871 0.805973
ENSG00000263439.1 1 235353431 235353431 - 16 622511 1_internal_18625 1 234664050 234730920 89 86.6707 1.00597 15.8751 0.0230966 0.231495 0.308458 0.327955
ENSG00000236863.2 1 235459180 235459180 + 16 -562703 1_internal_22648 1 234845072 234896477 89 91.0686 0.961116 16.6963 0.046613 0.222511 0.542289 0.54752
ENSG00000234086.2 1 235473313 235473313 - 15 576836 1_internal_22648 1 234845072 234896477 89 89.9039 0.943054 14.1172 0.0633689 0.200047 0.61194 0.620205
ENSG00000152904.7 1 235490665 235490665 + 15 -594188 1_internal_22648 1 234845072 234896477 89 99.673 1.02287 19.138 0.00640375 0.271012 0.0547264 0.0672683
ENSG00000054267.16 1 235491534 235491534 - 15 595057 1_internal_22648 1 234845072 234896477 89 89.3477 0.953812 12.7495 0.0257712 0.229907 0.293532 0.301565
ENSG00000227962.1 1 235500121 235500121 + 15 -603644 1_internal_22648 1 234845072 234896477 89 85.4539 1.01411 11.9188 0.000887456 0.316428 0.0248756 0.0124955
ENSG00000116957.8 1 235530675 235530675 + 15 -591845 1_internal_18767 1 234902952 234938830 89 90.5818 1.02953 13.7228 0.118921 0.171107 0.79602 0.806936
ENSG00000243533.1 1 235582830 235582830 + 15 -912440 1_internal_17638 1 234633795 234670390 89 120.063 0.828851 21.6569 0.0633732 0.207828 0.552239 0.578627
ENSG00000229795.2 1 235596300 235596300 + 15 0 1_internal_17285 1 235499174 235669267 89 80.3955 1.07118 13.0667 0.0782324 0.179309 0.721393 0.700612
ENSG00000162885.7 1 235667781 235667781 - 14 0 1_internal_17285 1 235499174 235669267 89 95.3273 0.861818 13.6437 0.0213693 0.23971 0.268657 0.272444
ENSG00000235674.2 1 235901305 235901305 + 11 136982 1_internal_15757 1 236038287 236057623 89 90.5645 1.06728 11.6535 0.0249831 0.238966 0.189055 0.217089
ENSG00000229463.1 1 236003482 236003482 - 10 0 1_internal_16201 1 235976706 236029408 89 82.8639 0.993967 8.7652 0.0283883 0.22492 0.293532 0.267309
ENSG00000143669.8 1 236046940 236046940 - 9 17532 1_internal_16201 1 235976706 236029408 89 86.184 0.975399 7.47053 9.68343e-08 0.48808 0.00497512 1.63018e-06
ENSG00000077585.9 1 236305832 236305832 + 7 386111 1_internal_21952 1 236691943 236768815 89 115.665 0.926699 9.96748 0.0174934 0.229355 0.0746269 0.081375
ENSG00000222650.1 1 236431080 236431080 + 7 -110504 1_internal_24591 1 236283385 236320576 89 80.1 1.04644 6.48168 0.0976568 -0.161631 0.527363 0.53065
ENSG00000086619.9 1 236445319 236445319 - 7 357221 1_internal_24271 1 236059977 236088098 89 91.9725 1.03928 7.32177 0.0334631 0.216465 0.208955 0.188953
ENSG00000186197.7 1 236511562 236511562 + 6 -482154 1_internal_16201 1 235976706 236029408 89 72.4516 1.00003 4.48508 0.587041 -0.0574348 0.975124 0.987612
ENSG00000244457.2 1 236646465 236646465 + 6 -617057 1_internal_16201 1 235976706 236029408 89 89.8691 1.00009 5.30294 0.308973 0.110169 0.870647 0.856526
ENSG00000116977.14 1 236681300 236681300 + 5 10643 1_internal_21952 1 236691943 236768815 89 97.6045 1.00004 5.15247 0.0114303 0.290334 0.0497512 0.0408568
ENSG00000223776.4 1 236687808 236687808 - 5 599710 1_internal_24271 1 236059977 236088098 89 98.6822 1.00001 5.90367 0.283039 -0.121641 0.850746 0.828482
ENSG00000230325.1 1 236713580 236713580 - 5 625482 1_internal_24271 1 236059977 236088098 89 95.1361 1.00003 5.20432 0.0973996 -0.188227 0.41791 0.375554
ENSG00000119285.6 1 236767804 236767804 - 5 0 1_internal_21952 1 236691943 236768815 89 94.3713 1.00005 5.17756 0.0210687 0.274349 0.104478 0.0874161
ENSG00000116984.8 1 236958610 236958610 + 5 -900987 1_internal_15757 1 236038287 236057623 89 87.7832 0.999879 4.67823 0.159313 -0.147774 0.572139 0.563126
ENSG00000226498.2 1 236982934 236982934 + 5 -894836 1_internal_24271 1 236059977 236088098 89 95.8662 0.999946 5.00198 0.084626 -0.195286 0.328358 0.317205
ENSG00000237991.2 1 237144637 237144637 + 2 -824061 1_internal_24591 1 236283385 236320576 89 84.5674 0.999899 2.08043 0.234345 -0.128024 0.422886 0.444944
ENSG00000133019.7 1 239549865 239549865 + 4 0 1_internal_20700 1 239549028 239557727 89 83.9068 0.999947 3.68387 0.510762 -0.0687559 0.925373 0.934679
ENSG00000233355.2 1 239893765 239893765 - 4 336038 1_internal_20700 1 239549028 239557727 89 80.5867 0.999962 3.5353 0.260874 -0.115845 0.696517 0.6943
ENSG00000180875.4 1 240775449 240775449 - 4 35405 1_internal_20559 1 240073475 240740044 89 98.5432 1.0001 4.25607 0.154672 0.159334 0.477612 0.458227
ENSG00000091483.6 1 241683061 241683061 - 4 -29849 1_internal_19648 1 241712910 241780319 89 88.635 1 4.43652 0.151278 -0.148939 0.517413 0.519111
ENSG00000117009.7 1 241695434 241695434 + 4 17476 1_internal_19648 1 241712910 241780319 89 97.674 1.00006 4.41774 0.08128 0.196143 0.273632 0.266433
ENSG00000203668.1 1 241799232 241799232 - 3 18913 1_internal_19648 1 241712910 241780319 89 96.3008 0.999953 3.21452 0.146852 0.159889 0.373134 0.363725
ENSG00000162843.11 1 241815580 241815580 + 3 -227459 1_internal_20412 1 241520041 241588121 89 73.79 1.00005 2.58394 0.0784775 -0.181471 0.263682 0.25852
ENSG00000054277.8 1 241840678 241840678 - 3 60359 1_internal_19648 1 241712910 241780319 89 77.4578 0.999936 2.34896 0.184402 0.147593 0.427861 0.435091
ENSG00000229022.1 1 241995237 241995237 + 3 306906 1_internal_15970 1 242302143 242351129 89 84.5152 0.999957 2.58004 0.391583 0.0962331 0.746269 0.736741
ENSG00000174371.12 1 242011269 242011269 + 3 290874 1_internal_15970 1 242302143 242351129 89 85.4713 1.00001 2.97135 0.411456 0.0883456 0.810945 0.802769
ENSG00000214837.3 1 243265046 243265046 - 4 913917 1_internal_15970 1 242302143 242351129 89 98.9604 0.999901 3.88959 0.374475 0.0946166 0.825871 0.811563
ENSG00000227230.1 1 243299200 243299200 + 4 -948071 1_internal_15970 1 242302143 242351129 89 93.5891 1.00002 4.07829 0.00781474 -0.262579 0.0298507 0.025726
ENSG00000232085.1 1 243327940 243327940 + 4 -976811 1_internal_15970 1 242302143 242351129 89 94.7537 0.99991 4.52422 0.119082 -0.172215 0.383085 0.402941
ENSG00000143702.11 1 243418650 243418650 - 5 0 1_internal_24405 1 243406940 243434699 89 99.8816 0.999935 5.90023 0.29075 -0.113854 0.810945 0.834687
ENSG00000054282.10 1 243419320 243419320 + 5 0 1_internal_24405 1 243406940 243434699 89 100.925 1.00008 5.6737 0.0199933 0.244167 0.0995025 0.0726171
ENSG00000224727.1 1 243431421 243431421 - 5 -954929 1_internal_17224 1 244386350 244419965 89 97.448 1 5.06874 0.12015 0.155579 0.432836 0.426261
ENSG00000236031.1 1 243708834 243708834 + 7 -100950 1_internal_20038 1 243583306 243607884 89 106.435 1.02173 8.53383 0.0415925 -0.226684 0.174129 0.191687
ENSG00000226766.1 1 243788358 243788358 - 7 -770838 1_internal_24992 1 244559196 244578528 89 86.8271 1.00005 6.92714 0.150643 -0.146377 0.666667 0.690487
ENSG00000232184.1 1 243904123 243904123 - 7 -482227 1_internal_17224 1 244386350 244419965 89 93.5195 1.01268 7.62001 0.0786804 0.176954 0.412935 0.425536
ENSG00000228939.1 1 243957702 243957702 - 7 -428648 1_internal_17224 1 244386350 244419965 89 91.2076 1.0481 8.04929 0.0656523 0.187004 0.412935 0.382292
ENSG00000117020.12 1 244014381 244014381 - 7 406497 1_internal_20038 1 243583306 243607884 89 96.6311 0.943705 7.13545 0.0785568 -0.207251 0.402985 0.41615
ENSG00000226828.1 1 244080704 244080704 + 7 373278 1_internal_21864 1 244453982 244489594 89 85.2279 1.05886 6.60476 0.133179 -0.165948 0.621891 0.61201
ENSG00000179456.9 1 244214585 244214585 + 7 344611 1_internal_24992 1 244559196 244578528 89 69.34 1.00001 5.34902 0.0243766 -0.24334 0.21393 0.227435
ENSG00000173728.6 1 244515937 244515937 + 6 -95972 1_internal_17224 1 244386350 244419965 89 88.2004 1.00011 5.13016 0.116603 -0.177625 0.477612 0.475662
ENSG00000225401.2 1 244558962 244558962 - 6 -234 1_internal_24992 1 244559196 244578528 89 83.4375 1.00001 5.4408 0.0636797 -0.183795 0.333333 0.336481
ENSG00000240963.1 1 244572894 244572894 - 6 0 1_internal_24992 1 244559196 244578528 89 108.625 0.928127 7.34567 0.0676283 -0.196552 0.293532 0.310947
ENSG00000035687.9 1 244615436 244615436 - 5 125842 1_internal_21864 1 244453982 244489594 89 93.7803 1.00009 5.17709 0.0181225 0.242203 0.0497512 0.0765191
ENSG00000179397.13 1 244617679 244617679 + 5 -128085 1_internal_21864 1 244453982 244489594 89 102.698 0.908576 5.68312 0.0382144 0.227572 0.189055 0.170595
ENSG00000121644.14 1 244816237 244816237 + 5 -326643 1_internal_21864 1 244453982 244489594 89 89.4172 0.999973 4.4006 0.0670653 0.206399 0.263682 0.26102
ENSG00000232059.2 1 244858022 244858022 - 5 368136 1_internal_16355 1 244385909 244489886 89 103.602 0.929189 5.58098 0.327771 -0.0990533 0.870647 0.867849
ENSG00000203667.5 1 244998624 244998624 + 5 -578659 1_internal_17224 1 244386350 244419965 89 113.684 0.999954 6.06877 0.426001 -0.0907792 0.930348 0.938254
ENSG00000188206.5 1 245018799 245018799 - 5 528913 1_internal_16355 1 244385909 244489886 89 84.4283 0.999926 4.67212 0.237223 -0.132019 0.751244 0.738793
ENSG00000153187.12 1 245027844 245027844 - 5 538250 1_internal_21864 1 244453982 244489594 89 77.5621 1.00011 3.96869 0.032373 -0.245058 0.169154 0.169926
ENSG00000203666.8 1 245133007 245133007 + 5 -643413 1_internal_21864 1 244453982 244489594 89 104.366 0.948197 5.65131 0.138703 0.16746 0.487562 0.502284
ENSG00000162849.11 1 245318287 245318287 + 7 444094 1_internal_25147 1 245762381 245971736 89 77.4404 1.04451 6.32799 0.324414 0.107498 0.925373 0.934973
ENSG00000235096.1 1 246196853 246196853 + 9 -11955 1_internal_18635 1 246175536 246184898 89 83.2289 1.16818 9.71266 0.0022702 0.323829 0.00497512 0.0157243
ENSG00000226876.1 1 246271928 246271928 + 10 809668 1_internal_19776 1 247081596 247133689 89 110.033 1.0115 12.3884 0.0571039 0.205119 0.343284 0.345647
ENSG00000225222.2 1 246342080 246342080 + 11 0 1_internal_20941 1 246182111 246395513 89 89.6084 0.967058 10.0835 0.176472 0.142024 0.845771 0.863369
ENSG00000202184.1 1 246352420 246352420 - 11 -594684 1_internal_23929 1 246947104 246958285 89 83.6461 1.01677 9.82857 0.133201 -0.17486 0.79602 0.781948
ENSG00000230184.1 1 246485740 246485740 - 11 -370329 1_internal_25395 1 246856069 246890612 89 91.0512 1.03038 12.4642 0.0919733 -0.168001 0.681592 0.672361
ENSG00000185420.14 1 246670614 246670614 - 11 275101 1_internal_20941 1 246182111 246395513 89 90.5123 1.03015 12.9908 0.016741 0.248601 0.159204 0.17619
ENSG00000162851.6 1 246729626 246729626 - 11 -157424 1_internal_23312 1 246887050 246895063 89 90.2516 0.99798 12.1089 0.0354093 0.21798 0.328358 0.34427
ENSG00000162852.9 1 246729746 246729746 + 11 -334233 1_internal_20941 1 246182111 246395513 89 90.86 0.91552 10.8643 0.0667176 -0.201415 0.522388 0.552162
ENSG00000225300.1 1 246769175 246769175 + 11 86894 1_internal_25395 1 246856069 246890612 89 91.6074 0.958555 10.7925 0.0362314 0.216296 0.333333 0.327737
ENSG00000228955.2 1 246795780 246795780 - 11 610882 1_internal_18635 1 246175536 246184898 89 88.183 0.992302 9.83777 0.0441505 0.217677 0.363184 0.368813
ENSG00000260698.1 1 246845410 246845410 + 12 445658 1_internal_17518 1 247291068 247334116 89 84.6369 1.00392 11.0667 0.167332 -0.139884 0.880597 0.885306
ENSG00000143653.9 1 246887349 246887349 + 12 0 1_internal_24806 1 246857900 246895303 89 78.3965 1.06677 9.87631 0.000109086 0.378878 0.00497512 0.00183727
ENSG00000260855.1 1 246935603 246935603 + 12 -44991 1_internal_25395 1 246856069 246890612 89 92.268 1.01232 12.7397 0.00171343 0.300411 0.0149254 0.0168347
ENSG00000227953.2 1 246939315 246939315 + 12 327478 1_internal_24440 1 247266793 247621318 89 104.749 0.884082 14.1241 0.0248884 -0.248989 0.243781 0.240065
ENSG00000223519.3 1 246993361 246993361 - 11 -273432 1_internal_24440 1 247266793 247621318 89 96.04 1.03514 12.4695 0.162573 -0.150406 0.855721 0.85429
ENSG00000153207.10 1 247095280 247095280 - 12 -74610 1_internal_19910 1 247169890 247268725 89 76.3279 1.06355 9.66763 0.0439288 -0.197743 0.442786 0.432972
ENSG00000215796.3 1 247206093 247206093 + 12 -247808 1_internal_23929 1 246947104 246958285 89 86.8445 0.951811 11.4726 0.0582184 -0.203195 0.527363 0.539087
ENSG00000135747.7 1 247242113 247242113 - 12 -48955 1_internal_17518 1 247291068 247334116 89 88.1656 1.00939 13.2856 0.0214718 0.257671 0.253731 0.252815
ENSG00000188295.9 1 247267674 247267674 - 12 -862193 1_internal_23732 1 248129867 248411188 89 95.1883 0.905378 11.7435 0.0157363 -0.263294 0.174129 0.170733
ENSG00000196418.7 1 247335318 247335318 - 12 -794549 1_internal_23732 1 248129867 248411188 89 92.3201 0.948519 11.9826 0.127358 -0.177374 0.81592 0.800328
ENSG00000224014.1 1 247338558 247338558 + 12 -204869 1_internal_19776 1 247081596 247133689 89 84.2197 1.07276 12.0636 0.0106021 0.263631 0.114428 0.122989
ENSG00000215795.2 1 247348784 247348784 - 12 0 1_internal_24440 1 247266793 247621318 89 99.4297 1.10647 16.5051 0.134941 0.1595 0.845771 0.840917
ENSG00000259865.1 1 247351828 247351828 - 12 393543 1_internal_23929 1 246947104 246958285 89 95.7619 0.936119 11.4971 0.0600061 0.202712 0.457711 0.483426
ENSG00000263568.1 1 247365362 247365362 - 12 231673 1_internal_19776 1 247081596 247133689 89 85.8189 1.00156 11.4282 0.241726 0.130285 0.960199 0.962761
ENSG00000252516.1 1 247367963 247367963 - 12 472660 1_internal_24806 1 246857900 246895303 89 77.058 1.14191 10.6645 0.0832771 -0.175972 0.661692 0.649183
ENSG00000227671.2 1 247372795 247372795 - 12 977282 1_internal_20941 1 246182111 246395513 89 79.7871 1.10847 11.7062 0.0956031 -0.189201 0.726368 0.724498
ENSG00000214144.3 1 247393242 247393242 + 12 0 1_internal_24440 1 247266793 247621318 89 89.3477 1.02382 11.7748 0.00693805 -0.310566 0.0895522 0.0722908
ENSG00000232347.1 1 247405125 247405125 - 11 -724742 1_internal_23732 1 248129867 248411188 89 94.6668 0.970744 10.9237 0.132661 0.163124 0.736318 0.764675
ENSG00000162714.7 1 247495148 247495148 - 11 161032 1_internal_17518 1 247291068 247334116 89 83.5418 1.06854 9.83943 0.00737633 0.270668 0.079602 0.0736634
ENSG00000162711.12 1 247579458 247579458 + 11 0 1_internal_24440 1 247266793 247621318 89 91.7117 1.0143 9.93802 4.74764e-06 0.472234 0.00497512 2.89832e-05
ENSG00000169224.8 1 247670360 247670360 + 13 974237 1_internal_24752 1 248644597 248795310 89 84.4805 1.04048 12.4239 0.0128513 0.283281 0.159204 0.160842
ENSG00000162722.8 1 248020501 248020501 + 10 625480 1_internal_20138 1 248645981 248760418 89 100.577 1.01324 11.9676 0.322056 -0.10115 0.985075 0.983615
ENSG00000238243.2 1 248031277 248031277 + 10 840173 1_internal_20989 1 248871450 249102405 89 97.3785 0.867583 9.4236 0.13892 0.143361 0.716418 0.752974
ENSG00000196071.3 1 248100493 248100493 + 11 -77898 1_internal_23102 1 248015001 248022595 89 83.7504 1.0488 10.3918 0.0120846 0.256981 0.144279 0.129423
ENSG00000224227.2 1 248153569 248153569 + 11 0 1_internal_23732 1 248129867 248411188 89 94.5451 0.992082 11.4809 0.0223225 0.238283 0.19403 0.196069
ENSG00000196539.2 1 248636627 248636627 + 8 494773 1_internal_16393 1 249131400 249202038 89 90.5992 0.994969 7.09288 0.00487484 0.292898 0.0497512 0.0321211
ENSG00000264500.1 1 249120576 249120576 + 6 -18171 1_internal_20989 1 248871450 249102405 89 84.4283 0.981346 5.88422 0.0539052 -0.209437 0.318408 0.315734
ENSG00000175137.9 1 249120832 249120832 - 6 -10568 1_internal_16393 1 249131400 249202038 89 88.4959 0.983961 5.62442 0.14264 0.155815 0.577114 0.589187
ENSG00000171161.8 1 249132409 249132409 + 6 0 1_internal_16393 1 249131400 249202038 89 97.9 1.04049 7.38526 0.197023 0.134702 0.756219 0.74775
ENSG00000171163.11 1 249153343 249153343 - 6 33366 1_internal_24110 1 249072587 249119977 89 89.9908 1.00003 5.87583 0.0388839 0.21695 0.223881 0.202633
ENSG00000185220.7 1 249200395 249200395 + 6 -80418 1_internal_24110 1 249072587 249119977 89 92.4766 0.955462 5.62534 0.0197534 0.258262 0.0895522 0.106375
