ENSG00000234420.2 10 43048270 43048270 - 9 -878045 10_internal_8790 10 43926315 43944831 89 80.8648 1.02836 7.60137 0.0158375 0.266129 0.139303 0.143023
ENSG00000233837.1 10 43062125 43062125 + 9 -529188 10_internal_10294 10 42401580 42532937 89 99.534 0.846705 9.10723 0.0086856 0.251299 0.0995025 0.0816873
ENSG00000196693.9 10 43134016 43134016 - 9 -465759 10_internal_8588 10 43599775 43642258 89 76.7104 1.07526 7.44895 0.0839367 0.204659 0.522388 0.543397
ENSG00000165733.6 10 43278249 43278249 + 9 -459985 10_internal_11671 10 38776020 42818264 89 96.8918 0.885858 8.49077 0.092675 0.179311 0.522388 0.558423
ENSG00000238732.1 10 43305778 43305778 - 9 497257 10_internal_8858 10 38780256 42808521 89 85.732 1.07815 8.70528 0.0792217 0.185801 0.517413 0.503514
ENSG00000169826.6 10 43633934 43633934 + 9 0 10_internal_8588 10 43599775 43642258 89 93.0328 0.949356 9.11402 0.00323493 0.331187 0.0298507 0.02892
ENSG00000198915.7 10 43762367 43762367 - 9 226700 10_internal_9784 10 43332230 43535667 89 85.6625 1.07566 8.92674 0.0994433 0.166034 0.621891 0.601444
ENSG00000169813.12 10 43904614 43904614 - 6 324977 10_internal_10866 10 43248174 43579637 89 79.7523 1.00012 4.9948 0.11247 -0.183355 0.502488 0.509983
ENSG00000230555.1 10 43916047 43916047 + 6 -336410 10_internal_10866 10 43248174 43579637 89 85.6625 1.03774 5.7352 0.180344 0.136505 0.681592 0.685298
ENSG00000243660.4 10 43932282 43932282 + 6 378111 10_internal_8453 10 44310393 44513615 89 95.2404 0.947674 6.0438 0.312845 -0.106797 0.905473 0.889801
ENSG00000236114.1 10 44018704 44018704 + 6 -73873 10_internal_8790 10 43926315 43944831 89 80.2564 1.00001 5.16394 0.126546 0.155697 0.572139 0.559861
ENSG00000196793.8 10 44070066 44070066 - 6 125235 10_internal_8790 10 43926315 43944831 89 97.9174 0.971407 5.61909 0.0103289 0.270267 0.0497512 0.0436257
ENSG00000232004.1 10 44101699 44101699 - 6 431821 10_internal_8778 10 43634430 43669878 89 95.8836 0.985325 5.70785 0.13725 0.159321 0.542289 0.533432
ENSG00000198298.8 10 44101855 44101855 + 6 -157024 10_internal_8790 10 43926315 43944831 89 99.2211 0.911069 6.6431 0.131372 0.150443 0.577114 0.58291
ENSG00000226245.1 10 44139320 44139320 + 6 171073 10_internal_8453 10 44310393 44513615 89 77.0232 1.00013 5.10387 0.00592551 0.290419 0.0447761 0.052425
ENSG00000230565.1 10 44141390 44141390 + 6 -605723 10_internal_9784 10 43332230 43535667 89 77.6664 0.99993 4.94565 0.0207125 0.225229 0.144279 0.143247
ENSG00000169740.8 10 44144304 44144304 - 6 564667 10_internal_10866 10 43248174 43579637 89 74.0508 1.00009 4.56418 0.0581839 0.191814 0.323383 0.330548
ENSG00000226790.2 10 44285865 44285865 - 6 -24528 10_internal_8453 10 44310393 44513615 89 72.7123 0.999929 4.91438 0.134002 0.160056 0.651741 0.613485
ENSG00000187783.7 10 45406648 45406648 + 7 0 10_internal_8925 10 45401199 45471639 89 82.2902 0.986981 6.59267 0.159299 0.151076 0.701493 0.725489
ENSG00000223462.1 10 45432956 45432956 + 7 -919341 10_internal_8453 10 44310393 44513615 89 91.9029 1.11085 7.59669 0.0669624 0.182539 0.39801 0.338681
ENSG00000107551.14 10 45454855 45454855 + 7 0 10_internal_8925 10 45401199 45471639 89 88.3568 1.03176 6.57243 0.102614 0.176143 0.487562 0.499293
ENSG00000165507.8 10 45474258 45474258 - 7 960643 10_internal_8453 10 44310393 44513615 89 84.9672 0.978094 7.44168 0.0248 0.218555 0.19403 0.200931
ENSG00000165512.4 10 45495923 45495923 + 7 234601 10_internal_11969 10 45730524 45737958 89 81.5428 1.02295 6.70316 0.0693019 0.190468 0.422886 0.426497
ENSG00000165511.4 10 45496336 45496336 - 7 982721 10_internal_8453 10 44310393 44513615 89 99.7947 0.866422 7.01924 0.360267 -0.0995469 0.970149 0.954014
ENSG00000226937.2 10 45567068 45567068 - 6 -163456 10_internal_11969 10 45730524 45737958 89 83.6982 0.987694 5.51319 0.0634306 0.194399 0.348259 0.342906
ENSG00000012779.5 10 45869661 45869661 + 6 24036 10_internal_8531 10 45893697 45935630 89 95.9357 1.03939 7.50449 3.84509e-06 0.44935 0.00497512 7.62002e-06
ENSG00000231964.1 10 45948569 45948569 - 6 12939 10_internal_8531 10 45893697 45935630 89 94.9275 0.964624 5.71968 0.0134638 0.251874 0.0497512 0.0666181
ENSG00000242639.1 10 46090046 46090046 - 8 352088 10_internal_11969 10 45730524 45737958 89 81.6471 1.12871 6.62514 0.231322 -0.11841 0.810945 0.825169
ENSG00000165406.9 10 46090354 46090354 - 8 123368 10_internal_8251 10 45867138 45966986 89 91.59 0.990341 8.14986 0.00418257 0.295436 0.0447761 0.0306044
ENSG00000172671.14 10 46168228 46168228 - 8 430270 10_internal_11969 10 45730524 45737958 89 96.4746 0.99947 9.1027 0.0369809 0.229226 0.243781 0.24119
ENSG00000230869.1 10 46174140 46174140 + 8 -95950 10_internal_9541 10 46039187 46078190 89 76.0846 1.06255 5.9035 0.217473 -0.136067 0.776119 0.807708
ENSG00000237840.1 10 46217887 46217887 - 8 746248 10_internal_8925 10 45401199 45471639 89 98.2998 0.99587 7.89472 0.26562 0.114531 0.880597 0.888409
ENSG00000228702.1 10 46221486 46221486 - 8 483528 10_internal_11969 10 45730524 45737958 89 96.4051 0.909632 7.51504 0.0513845 0.19061 0.313433 0.32061
ENSG00000172661.13 10 46222648 46222648 + 8 -255662 10_internal_8251 10 45867138 45966986 89 100.16 0.947481 8.93875 0.538504 0.0689584 1 0.998597
ENSG00000188234.9 10 46349323 46349323 - 8 413693 10_internal_8531 10 45893697 45935630 89 86.2535 0.991338 7.70959 0.161224 0.134643 0.756219 0.760256
ENSG00000239883.2 10 46411606 46411606 - 8 333416 10_internal_9541 10 46039187 46078190 89 111.58 0.835532 8.54083 0.0895595 -0.187449 0.447761 0.478131
ENSG00000204177.5 10 46762776 46762776 - 5 -188236 10_internal_12408 10 46951012 47701054 89 88.635 0.999927 4.81037 0.000423591 0.345817 0.00995025 0.00209358
ENSG00000165874.7 10 46897641 46897641 + 5 53371 10_internal_12408 10 46951012 47701054 89 83.368 0.999902 4.39434 0.0068298 0.295255 0.0447761 0.0383503
ENSG00000229927.1 10 46914088 46914088 + 5 36924 10_internal_12408 10 46951012 47701054 89 97.535 1.0001 4.71447 0.0159782 0.267377 0.0547264 0.0536796
ENSG00000204172.7 10 47239738 47239738 - 2 0 10_internal_12408 10 46951012 47701054 89 84.1502 0.999966 1.91402 0.258136 0.112489 0.482587 0.454791
ENSG00000251079.2 10 47241942 47241942 - 2 0 10_internal_12408 10 46951012 47701054 89 97.9695 0.999957 2.35264 0.326902 0.0968561 0.552239 0.573064
ENSG00000254929.1 10 47243502 47243502 - 2 0 10_internal_12408 10 46951012 47701054 89 95.9879 0.999923 1.89648 0.33963 0.0931682 0.522388 0.520483
ENSG00000189014.6 10 47379727 47379727 + 2 -248006 10_internal_10568 10 47000607 47131721 89 100.594 1.00007 1.91356 0.130892 0.167155 0.20398 0.196697
ENSG00000226964.1 10 47396223 47396223 + 2 0 10_internal_12408 10 46951012 47701054 89 90.0256 1.00007 1.88363 0.310304 0.110069 0.527363 0.499487
ENSG00000229577.1 10 47556165 47556165 + 3 0 10_internal_12408 10 46951012 47701054 89 77.3188 1.00011 2.77377 0.0189273 0.254682 0.0845771 0.0777607
ENSG00000226667.1 10 47573855 47573855 - 4 0 10_internal_12408 10 46951012 47701054 89 104.019 1.00006 4.75253 0.0045818 0.302758 0.0199005 0.0102595
ENSG00000215044.2 10 47594379 47594379 + 4 0 10_internal_12408 10 46951012 47701054 89 94.4408 1 4.5021 0.0448586 0.230327 0.19403 0.163037
ENSG00000243536.2 10 47644793 47644793 - 4 0 10_internal_12408 10 46951012 47701054 89 87.0531 0.99997 4.23996 0.000444169 0.350952 0.00995025 0.00217673
ENSG00000152726.14 10 47894023 47894023 + 4 675142 10_internal_10710 10 48569165 48579473 89 81.7687 0.999932 3.75597 0.213727 -0.132878 0.626866 0.631621
ENSG00000198035.9 10 48189612 48189612 + 3 248390 10_internal_9202 10 48438002 48605876 89 107.096 1.00006 3.29268 0.21057 0.134449 0.472637 0.457304
ENSG00000107623.3 10 48439138 48439138 - 3 0 10_internal_9202 10 48438002 48605876 89 99.5166 1.00008 3.17708 0.00199842 0.319862 0.00497512 0.00342424
ENSG00000183675.10 10 48827966 48827966 - 2 222090 10_internal_9202 10 48438002 48605876 89 96.9787 1.00002 2.19601 0.525592 0.0719138 0.781095 0.788874
ENSG00000204164.5 10 48950972 48950972 - 5 -941425 10_internal_8819 10 49892397 49935265 89 86.8793 1.00003 4.69563 0.196976 -0.137726 0.661692 0.654252
ENSG00000179296.8 10 49239743 49239743 - 5 660270 10_internal_10710 10 48569165 48579473 89 91.0859 1 5.32232 0.53093 -0.0642681 0.9801 0.981217
ENSG00000107643.10 10 49514698 49514698 + 7 354730 10_internal_12697 10 49869428 50016856 89 93.8846 0.889178 7.3032 0.0614244 0.192249 0.368159 0.390721
ENSG00000128805.9 10 49864310 49864310 - 6 -477978 10_internal_9819 10 50342288 50399864 89 89.2781 0.997792 6.2347 0.000370512 -0.375259 0.00497512 0.00229154
ENSG00000128815.12 10 49892921 49892921 + 6 449367 10_internal_9819 10 50342288 50399864 89 82.1164 0.999902 5.09374 0.000137825 -0.400123 0.00497512 0.00128092
ENSG00000204161.8 10 50396630 50396630 - 6 0 10_internal_9819 10 50342288 50399864 89 86.2014 1.05439 6.3456 1.3375e-07 0.521681 0.00497512 6.28512e-07
ENSG00000235939.1 10 50627323 50627323 + 7 -692058 10_internal_8819 10 49892397 49935265 89 89.8518 1.08838 7.32466 0.0743164 -0.181822 0.41791 0.385561
ENSG00000243251.3 10 50732273 50732273 - 7 -764427 10_internal_8570 10 51496700 51544843 89 80.7432 1.05714 6.77111 0.163827 0.154113 0.741294 0.731139
ENSG00000258838.1 10 50747584 50747584 - 7 175916 10_internal_10636 10 50446101 50571668 89 81.0039 1.00799 5.9717 0.30702 -0.107573 0.910448 0.907296
ENSG00000225830.6 10 50747584 50747584 - 7 -749116 10_internal_8570 10 51496700 51544843 89 95.3795 0.942644 7.89696 0.221987 -0.127155 0.835821 0.85162
ENSG00000229870.1 10 51023142 51023142 + 5 473558 10_internal_8570 10 51496700 51544843 89 99.673 0.999983 5.21001 0.0206691 -0.226306 0.0696517 0.0723196
ENSG00000230166.1 10 51117659 51117659 + 5 379041 10_internal_8570 10 51496700 51544843 89 103.81 1.01632 6.42853 0.525276 0.0676812 0.99005 0.986819
ENSG00000227345.3 10 51130715 51130715 - 5 559047 10_internal_10636 10 50446101 50571668 89 86.0275 0.9999 4.14684 0.292348 -0.114058 0.791045 0.772986
ENSG00000174194.10 10 51252947 51252947 - 6 853083 10_internal_9819 10 50342288 50399864 89 92.4592 1.00411 5.58389 0.0622626 -0.183929 0.273632 0.279214
ENSG00000225784.4 10 51371329 51371329 - 7 -965900 10_internal_9672 10 52337229 52420683 89 84.3936 0.977223 6.56818 0.0289906 -0.229568 0.223881 0.209426
ENSG00000244393.2 10 51371338 51371338 - 7 971474 10_internal_9819 10 50342288 50399864 89 74.9721 1.00001 5.25858 0.0208733 -0.226603 0.159204 0.166614
ENSG00000204152.5 10 51371390 51371390 + 7 -653621 10_internal_11992 10 50635024 50717769 89 84.1676 1.02487 6.08747 0.0972714 0.153917 0.492537 0.486211
ENSG00000204169.6 10 51486327 51486327 - 6 914659 10_internal_10636 10 50446101 50571668 89 89.8691 0.964516 5.58622 0.0294783 -0.223707 0.169154 0.162231
ENSG00000138293.15 10 51565108 51565108 + 6 -20265 10_internal_8570 10 51496700 51544843 89 86.2709 1.09681 6.59489 6.38665e-06 0.430244 0.00497512 2.19593e-05
ENSG00000138297.9 10 51623365 51623365 - 5 -713864 10_internal_9672 10 52337229 52420683 89 85.2105 1.00002 4.68898 0.0679018 0.173604 0.283582 0.302928
ENSG00000214982.5 10 51623417 51623417 + 5 713812 10_internal_9672 10 52337229 52420683 89 105.844 1.00005 5.72746 0.0579668 0.205712 0.238806 0.201794
ENSG00000178440.4 10 51732523 51732523 + 4 604706 10_internal_9672 10 52337229 52420683 89 100.299 1.00002 4.69081 0.237704 0.121317 0.646766 0.668817
ENSG00000222108.1 10 51739540 51739540 - 4 -394189 10_internal_12464 10 52133729 52368589 89 76.9189 0.999883 3.80755 0.431229 0.0746646 0.895522 0.907305
ENSG00000204149.4 10 51748078 51748078 + 4 -203235 10_internal_8570 10 51496700 51544843 89 95.0666 1.00007 3.73826 0.172728 0.141938 0.517413 0.475838
ENSG00000239769.1 10 51823136 51823136 - 5 278293 10_internal_8570 10 51496700 51544843 89 77.1102 0.999977 4.08392 0.0554043 0.185291 0.278607 0.271687
ENSG00000235618.2 10 51827563 51827563 - 5 0 10_internal_9795 10 51826307 51830003 89 82.3424 1.00008 4.53438 0.101574 0.168278 0.427861 0.426392
ENSG00000099290.10 10 51827648 51827648 + 5 0 10_internal_9795 10 51826307 51830003 89 83.4723 0.999899 4.59118 0.00696245 0.285645 0.0547264 0.0405614
ENSG00000188611.8 10 52008370 52008370 - 5 -742177 10_internal_8216 10 52750547 54074791 89 81.6471 1.00011 4.00863 0.179072 -0.147875 0.577114 0.587516
ENSG00000225137.1 10 52024738 52024738 + 5 -194735 10_internal_9795 10 51826307 51830003 89 101.359 0.927701 5.91075 0.0381967 0.22286 0.189055 0.174566
ENSG00000269165.1 10 52094298 52094298 + 5 -264295 10_internal_9795 10 51826307 51830003 89 98.5953 1.04833 6.1889 0.232127 0.128747 0.771144 0.749747
ENSG00000269700.1 10 52152766 52152766 + 5 0 10_internal_12464 10 52133729 52368589 89 91.9029 0.999995 4.96365 0.0254921 0.238937 0.0945274 0.109962
ENSG00000225303.1 10 52232574 52232574 + 5 -687731 10_internal_8570 10 51496700 51544843 89 87.5398 1.00007 4.77321 0.292937 0.105415 0.840796 0.813936
ENSG00000226561.1 10 52349592 52349592 - 5 519589 10_internal_9795 10 51826307 51830003 89 88.635 0.999976 5.18335 0.224398 0.132745 0.731343 0.733827
ENSG00000230036.1 10 52365953 52365953 - 5 821110 10_internal_8570 10 51496700 51544843 89 99.673 0.999907 5.44944 0.0623723 0.19956 0.208955 0.237436
ENSG00000198964.6 10 52384795 52384795 - 5 16206 10_internal_12464 10 52133729 52368589 89 90.2342 0.999976 4.99654 0.000410542 0.413305 0.00497512 0.00186775
ENSG00000226200.1 10 52388910 52388910 + 5 -844067 10_internal_8570 10 51496700 51544843 89 86.0971 1.0001 5.22058 0.0348204 0.219376 0.189055 0.182791
ENSG00000231588.1 10 52390835 52390835 - 5 0 10_internal_9672 10 52337229 52420683 89 96.2486 0.999943 5.0065 0.0203681 0.253714 0.0746269 0.0768326
ENSG00000231345.2 10 52415727 52415727 + 5 0 10_internal_9672 10 52337229 52420683 89 87.14 0.9999 4.45898 6.44225e-13 0.70466 0.00497512 5.00921e-12
ENSG00000240660.1 10 52418289 52418289 + 5 0 10_internal_9672 10 52337229 52420683 89 87.4008 1.00003 4.73916 1.20935e-12 0.702507 0.00497512 9.11482e-12
ENSG00000204147.5 10 52499078 52499078 + 5 -78395 10_internal_9672 10 52337229 52420683 89 84.7412 1.00009 4.97137 0.00173169 0.291952 0.0149254 0.0110801
ENSG00000185532.9 10 52750945 52750945 + 4 -920942 10_internal_9795 10 51826307 51830003 89 96.2139 0.999959 4.92969 0.425112 0.0845976 0.950249 0.923836
ENSG00000177613.7 10 53459355 53459355 - 1 0 10_internal_8216 10 52750547 54074791 89 68.9229 1.00004 0.899609 0.0355506 0.223738 0.0696517 0.0582652
ENSG00000122952.11 10 58121036 58121036 - 0 NA NA NA NA NA NA NA NA NA NA NA NA NA
ENSG00000180221.6 10 59972797 59972797 - 4 -121398 10_internal_8806 10 60094195 60127651 89 84.0807 0.999991 3.78501 0.0465545 -0.215336 0.208955 0.186543
ENSG00000151151.5 10 60027694 60027694 - 4 0 10_internal_8708 10 59999235 60043850 89 90.8426 1.00006 3.94815 0.385496 -0.0885826 0.835821 0.849088
ENSG00000122873.6 10 60028818 60028818 + 4 0 10_internal_8708 10 59999235 60043850 89 89.7996 1.00005 4.03632 0.00392607 0.298045 0.00995025 0.015115
ENSG00000072401.9 10 60094735 60094735 + 4 0 10_internal_11003 10 60093659 60133748 89 75.7369 0.999873 3.39654 0.0121536 0.279974 0.0199005 0.068833
ENSG00000108064.6 10 60144782 60144782 + 4 -17131 10_internal_8806 10 60094195 60127651 89 73.9813 1.00011 3.46867 0.188275 0.138872 0.60199 0.5971
ENSG00000108091.10 10 61666414 61666414 - 1 0 10_internal_12153 10 61563104 61669210 89 69.8268 1.00005 0.929917 0.316891 -0.107508 0.373134 0.354726
ENSG00000232682.1 10 61815632 61815632 + 1 -146422 10_internal_12153 10 61563104 61669210 89 87.3139 1.00002 1.14861 0.778488 0.0319356 0.835821 0.824833
ENSG00000202190.1 10 61841499 61841499 + 1 -172289 10_internal_12153 10 61563104 61669210 89 75.0416 1.00002 0.939631 0.457836 0.0814136 0.477612 0.474362
ENSG00000122872.8 10 62444263 62444263 + 1 -775053 10_internal_12153 10 61563104 61669210 89 84.324 1.00002 0.942566 0.906527 -0.0126293 0.890547 0.895588
ENSG00000151150.14 10 62493248 62493248 - 1 824038 10_internal_12153 10 61563104 61669210 89 88.4959 1.00003 1.01152 0.754565 0.0356044 0.776119 0.759172
ENSG00000170312.10 10 62538089 62538089 + 1 -868879 10_internal_12153 10 61563104 61669210 89 86.4447 1.00004 0.970352 0.084749 0.183487 0.0646766 0.0868356
ENSG00000150347.10 10 63661059 63661059 + 4 59605 10_internal_8978 10 63720664 63726810 89 76.0672 1.0001 3.5508 0.264923 0.118993 0.716418 0.722317
ENSG00000182010.6 10 64028466 64028466 - 6 -581834 10_internal_9137 10 64610300 64621448 89 82.3598 1.08377 6.6404 0.219182 -0.125838 0.825871 0.814427
ENSG00000138311.11 10 64133951 64133951 + 6 238910 10_internal_8006 10 64372861 64401042 89 92.8937 0.976124 6.35817 0.187356 -0.130488 0.721393 0.720637
ENSG00000181915.3 10 64564516 64564516 + 7 263068 10_internal_9689 10 64827584 64844249 89 68.3145 0.999859 4.97349 0.182253 0.147054 0.761194 0.749554
ENSG00000238280.1 10 64565647 64565647 - 7 838837 10_internal_8978 10 63720664 63726810 89 87.8701 1.07396 7.58782 0.0666991 0.184422 0.38806 0.382305
ENSG00000122877.8 10 64679660 64679660 - 7 58212 10_internal_9137 10 64610300 64621448 89 99.899 0.893032 7.97873 0.144608 0.156837 0.661692 0.689228
ENSG00000148572.10 10 64893050 64893050 + 6 241387 10_internal_8763 10 65134437 65153496 89 97.309 1.08803 6.33133 0.237489 -0.129885 0.79602 0.761575
ENSG00000234369.1 10 64981915 64981915 + 6 -137666 10_internal_9689 10 64827584 64844249 89 100.386 0.916566 5.87556 0.11347 -0.164683 0.452736 0.475181
ENSG00000230677.1 10 65035906 65035906 + 6 -191657 10_internal_9689 10 64827584 64844249 89 78.4313 0.999884 5.37912 0.0219838 -0.229083 0.169154 0.158632
ENSG00000226095.1 10 65086670 65086670 - 6 685628 10_internal_8006 10 64372861 64401042 89 78.9701 1.0001 4.82891 0.0282232 -0.223101 0.18408 0.173987
ENSG00000221063.1 10 65132808 65132808 - 6 -1629 10_internal_8763 10 65134437 65153496 89 89.8691 1.03167 6.51929 0.0129066 0.274861 0.0845771 0.0717051
ENSG00000235816.2 10 65187057 65187057 + 6 -565609 10_internal_9137 10 64610300 64621448 89 86.4447 1.01923 5.97273 0.00885491 0.25138 0.0696517 0.0542264
ENSG00000171988.12 10 65225722 65225722 - 6 824680 10_internal_8006 10 64372861 64401042 89 81.2125 0.999945 5.31256 0.191061 -0.142161 0.701493 0.717634
ENSG00000224412.1 10 65249221 65249221 + 6 -266317 10_internal_8936 10 64963664 64982904 89 98.1086 1.04046 6.50138 0.0991888 -0.168875 0.442786 0.413464
ENSG00000165476.7 10 65281123 65281123 + 6 -298219 10_internal_8936 10 64963664 64982904 89 84.4805 1.00004 5.41235 0.16435 0.156763 0.636816 0.648196
ENSG00000213609.3 10 65663005 65663005 - 3 680101 10_internal_8936 10 64963664 64982904 89 81.6297 0.999892 2.56864 0.0111711 -0.277855 0.0248756 0.0384072
ENSG00000235489.3 10 65930611 65930611 - 2 777115 10_internal_8763 10 65134437 65153496 89 101.533 0.999955 2.038 0.341439 0.0981425 0.522388 0.52977
ENSG00000183230.10 10 69455927 69455927 - 2 -342019 10_internal_11225 10 69797946 69821131 89 82.099 1.00008 2.04809 0.0311294 0.23297 0.0845771 0.0772103
ENSG00000096717.7 10 69644427 69644427 + 2 153519 10_internal_11225 10 69797946 69821131 89 80.5867 0.999973 1.99197 0.0781496 -0.188056 0.18408 0.178153
ENSG00000226318.1 10 69721221 69721221 - 2 -76725 10_internal_11225 10 69797946 69821131 89 72.8861 0.999908 1.87094 0.0867667 0.173405 0.18408 0.215078
ENSG00000266467.1 10 69767774 69767774 - 2 -30172 10_internal_11225 10 69797946 69821131 89 90.2516 0.999936 2.13513 0.440197 0.0866872 0.686567 0.706707
ENSG00000236375.2 10 69770601 69770601 - 2 40752 10_internal_10045 10 69623827 69729849 89 105.149 1.00001 2.14331 0.425064 -0.0785313 0.626866 0.648118
ENSG00000148634.10 10 69835105 69835105 - 3 13974 10_internal_11225 10 69797946 69821131 89 78.6746 1.00011 2.72746 0.0540955 0.200096 0.179104 0.180161
ENSG00000096746.12 10 70090931 70090931 + 3 681019 10_internal_9297 10 70771950 70776969 89 108.208 1.00008 3.61018 0.529504 0.0677909 0.900498 0.910719
ENSG00000108187.9 10 70092684 70092684 - 3 -679266 10_internal_9297 10 70771950 70776969 89 85.9232 1.00002 2.84209 0.141801 0.158671 0.39801 0.367626
ENSG00000204130.6 10 70167051 70167051 - 3 437202 10_internal_10045 10 69623827 69729849 89 95.1361 1.00008 2.98546 0.207035 0.12879 0.467662 0.470758
ENSG00000138346.9 10 70231879 70231879 - 4 -540071 10_internal_9297 10 70771950 70776969 89 82.777 0.999936 3.85974 0.203589 -0.143891 0.631841 0.61721
ENSG00000234635.2 10 70240521 70240521 - 4 -531429 10_internal_9297 10 70771950 70776969 89 91.6248 0.999977 4.84732 0.233653 0.136254 0.686567 0.712664
ENSG00000226493.1 10 70259289 70259289 + 4 -438158 10_internal_11225 10 69797946 69821131 89 81.734 1.00005 3.15497 0.21041 -0.132124 0.606965 0.56187
ENSG00000122912.9 10 70287231 70287231 - 4 -484719 10_internal_9297 10 70771950 70776969 89 95.7271 0.999955 4.04057 0.439708 -0.088351 0.890547 0.891484
ENSG00000138336.8 10 70320413 70320413 + 4 846808 10_internal_10020 10 71167221 71241625 89 88.8088 1.00007 4.25661 0.335855 -0.11094 0.81592 0.825408
ENSG00000227583.1 10 70434113 70434113 + 5 -704264 10_internal_10045 10 69623827 69729849 89 84.3066 1.00012 4.86642 0.474 0.0724861 0.955224 0.960766
ENSG00000228088.1 10 70452698 70452698 - 5 631567 10_internal_11225 10 69797946 69821131 89 89.3129 0.999975 4.79467 0.0632856 0.201842 0.273632 0.267356
ENSG00000260400.1 10 70458257 70458257 + 5 313693 10_internal_9297 10 70771950 70776969 89 86.4795 1.00004 4.97452 0.193974 -0.141058 0.696517 0.671349
ENSG00000060339.8 10 70480769 70480769 + 5 686452 10_internal_10020 10 71167221 71241625 89 92.2506 1.00007 5.09526 0.0958703 -0.170124 0.373134 0.381438
ENSG00000195401.2 10 70495580 70495580 - 5 -671641 10_internal_10020 10 71167221 71241625 89 86.0275 0.999978 4.94335 0.387816 0.0879441 0.925373 0.917222
ENSG00000221182.1 10 70514929 70514929 + 5 652292 10_internal_10020 10 71167221 71241625 89 88.8436 0.999904 4.69432 0.0610592 -0.208651 0.243781 0.256922
ENSG00000221184.1 10 70519075 70519075 + 5 -789226 10_internal_10045 10 69623827 69729849 89 95.8141 0.999919 5.68813 0.198587 0.131206 0.666667 0.681412
ENSG00000165730.10 10 70587298 70587298 + 6 -857449 10_internal_10045 10 69623827 69729849 89 93.0502 0.997352 6.08451 0.0650209 0.192682 0.328358 0.31126
ENSG00000107625.7 10 70661034 70661034 + 6 899839 10_internal_10376 10 71560873 71722749 89 96.2313 0.868907 6.07576 0.0188733 -0.238663 0.114428 0.122641
ENSG00000206855.1 10 70671515 70671515 - 6 941666 10_internal_10045 10 69623827 69729849 89 94.4408 0.972999 6.69833 0.0401544 -0.204259 0.228856 0.220299
ENSG00000165732.8 10 70715884 70715884 + 6 -986035 10_internal_10045 10 69623827 69729849 89 81.6471 1.06959 6.24801 0.00548107 -0.299274 0.0348259 0.0378426
ENSG00000266122.1 10 70725772 70725772 + 6 -995923 10_internal_10045 10 69623827 69729849 89 92.8416 1.02306 6.81202 0.258672 0.117295 0.850746 0.852395
ENSG00000198954.4 10 70748487 70748487 + 5 635100 10_internal_9996 10 71383587 71411638 89 95.6402 1.00004 4.96023 0.310335 -0.116691 0.820896 0.820707
ENSG00000214875.2 10 70750893 70750893 + 5 809980 10_internal_10376 10 71560873 71722749 89 90.3732 1.00001 4.91986 0.0750977 -0.168499 0.323383 0.310824
ENSG00000122862.4 10 70847862 70847862 + 4 535725 10_internal_9996 10 71383587 71411638 89 90.0777 0.999933 4.1804 0.0509687 -0.225964 0.228856 0.191519
ENSG00000122958.9 10 70883268 70883268 + 4 283953 10_internal_10020 10 71167221 71241625 89 92.268 0.999931 4.04705 0.370894 0.0963697 0.825871 0.838008
ENSG00000233163.1 10 70921662 70921662 - 4 144693 10_internal_9297 10 70771950 70776969 89 87.8527 0.999982 3.86022 0.154865 0.142929 0.477612 0.484124
ENSG00000156502.9 10 70939988 70939988 + 4 620885 10_internal_10376 10 71560873 71722749 89 94.5277 0.999981 4.24175 0.0223099 0.25683 0.0646766 0.0761813
ENSG00000156510.10 10 70980059 70980059 + 5 -203090 10_internal_9297 10 70771950 70776969 89 119.124 0.839912 6.86831 0.0944589 0.185907 0.368159 0.390121
ENSG00000229261.1 10 70992246 70992246 - 5 215277 10_internal_9297 10 70771950 70776969 89 82.7422 1.00004 4.42302 0.0718191 0.188437 0.298507 0.317221
ENSG00000231748.1 10 71027904 71027904 - 5 250935 10_internal_9297 10 70771950 70776969 89 87.1748 0.999915 4.59593 0.182423 0.152247 0.616915 0.613857
ENSG00000156515.15 10 71029740 71029740 + 5 -252771 10_internal_9297 10 70771950 70776969 89 95.1883 0.999943 5.52663 0.0190057 -0.248254 0.0995025 0.0815144
ENSG00000075073.10 10 71176623 71176623 - 6 0 10_internal_10020 10 71167221 71241625 89 83.7852 0.999975 5.44249 0.152143 -0.14412 0.626866 0.624689
ENSG00000099282.4 10 71211229 71211229 + 6 0 10_internal_10020 10 71167221 71241625 89 103.758 0.902454 6.22399 0.0067364 0.28129 0.0298507 0.0317378
ENSG00000171224.7 10 71390007 71390007 + 7 664710 10_internal_9218 10 72054717 72095429 89 96.04 0.920922 7.27139 0.148154 -0.150444 0.641791 0.677339
ENSG00000099284.8 10 71812552 71812552 + 6 -400914 10_internal_9996 10 71383587 71411638 89 109.738 0.874922 7.24933 0.0488977 0.235185 0.223881 0.242349
ENSG00000042286.10 10 71892690 71892690 - 7 481052 10_internal_9996 10 71383587 71411638 89 87.5572 0.942768 6.24069 0.0677698 0.191169 0.40796 0.39161
ENSG00000156521.9 10 71906432 71906432 - 7 -311079 10_internal_12922 10 72217511 72433104 89 94.1975 1.00502 7.49567 0.0180548 0.235823 0.129353 0.105581
ENSG00000229097.1 10 71923441 71923441 + 7 -200692 10_internal_10376 10 71560873 71722749 89 99.4471 0.923129 7.48374 0.0302654 0.220089 0.20398 0.181103
ENSG00000079332.8 10 71930279 71930279 - 7 688654 10_internal_10020 10 71167221 71241625 89 78.4834 1.02547 5.73944 0.104746 0.17322 0.552239 0.53258
ENSG00000230620.1 10 71968555 71968555 + 7 -556917 10_internal_9996 10 71383587 71411638 89 87.4182 0.991471 6.34448 0.0551313 -0.205337 0.313433 0.316364
ENSG00000180817.6 10 71993667 71993667 - 8 582029 10_internal_9996 10 71383587 71411638 89 86.8271 1.06358 8.82307 0.0352169 -0.22421 0.238806 0.259419
ENSG00000172731.9 10 72142382 72142382 - 10 46953 10_internal_9218 10 72054717 72095429 89 91.2945 1.00069 9.88016 0.102766 0.175158 0.641791 0.640401
ENSG00000148730.6 10 72164135 72164135 + 10 867042 10_internal_12485 10 73031177 73134891 89 82.6379 1.01568 8.73181 0.0642878 -0.178164 0.517413 0.484933
ENSG00000197604.4 10 72194585 72194585 + 10 941664 10_internal_9649 10 73136249 73158537 89 86.6359 1.03479 8.61644 0.0109313 0.25864 0.0895522 0.090415
ENSG00000156574.5 10 72207707 72207707 - 10 -928542 10_internal_9649 10 73136249 73158537 89 83.5939 1.01368 9.29884 0.0726391 0.187781 0.527363 0.542354
ENSG00000107719.7 10 72238564 72238564 + 10 -143135 10_internal_9218 10 72054717 72095429 89 101.429 0.899801 9.35517 0.0345321 0.223871 0.263682 0.245559
ENSG00000180644.5 10 72362531 72362531 - 10 -940727 10_internal_9404 10 73303258 73315216 89 89.0695 0.997781 9.67019 0.243049 -0.121311 0.925373 0.932403
ENSG00000166224.12 10 72575717 72575717 + 13 -489917 10_internal_11695 10 71948228 72085800 89 84.1676 1.02595 10.8081 0.0303513 -0.23485 0.288557 0.309687
ENSG00000233104.1 10 72577323 72577323 + 13 -854574 10_internal_10376 10 71560873 71722749 89 90.2168 1.00006 14.0993 0.18623 -0.144391 0.945274 0.942362
ENSG00000237998.2 10 72626426 72626426 - 14 -826547 10_internal_9044 10 73452973 73613487 89 86.7229 0.98839 12.8273 0.041846 0.212636 0.477612 0.448382
ENSG00000166228.4 10 72648541 72648541 - 16 925792 10_internal_10376 10 71560873 71722749 89 95.0145 1.0071 19.7648 0.0295243 0.242206 0.40796 0.384169
ENSG00000198246.7 10 73079015 73079015 + 17 373958 10_internal_9044 10 73452973 73613487 89 77.5795 1.02628 13.5938 0.0855841 0.183937 0.800995 0.78276
ENSG00000107736.14 10 73156691 73156691 + 16 291171 10_internal_8641 10 73447862 73480922 89 83.3332 1.09972 16.3819 0.00257591 0.330248 0.0298507 0.040729
ENSG00000214688.3 10 73497581 73497581 - 18 -785925 10_internal_11048 10 74283506 74288627 89 88.4264 1.00589 19.2227 0.0659674 -0.185358 0.741294 0.733472
ENSG00000107738.13 10 73533255 73533255 - 18 0 10_internal_9044 10 73452973 73613487 89 86.41 1.02455 17.7683 0.120828 -0.179417 0.910448 0.905567
ENSG00000197746.8 10 73611126 73611126 - 18 -26031 10_internal_9344 10 73637157 73657092 89 93.9715 0.928406 19.2777 0.118911 0.179862 0.925373 0.90444
ENSG00000107742.7 10 73848790 73848790 - 19 980112 10_internal_7783 10 72865737 72868678 89 90.4428 1.02707 19.9183 0.0322787 -0.238755 0.462687 0.451947
ENSG00000226701.1 10 73949699 73949699 + 18 -292607 10_internal_9344 10 73637157 73657092 89 92.4939 1.03412 21.4825 0.119906 0.177408 0.925373 0.918965
ENSG00000166295.3 10 73975787 73975787 + 18 -362300 10_internal_9044 10 73452973 73613487 89 85.6277 1.07229 17.6429 0.0333268 -0.23564 0.462687 0.450778
ENSG00000138303.12 10 73980083 73980083 - 18 821546 10_internal_9649 10 73136249 73158537 89 102.958 0.855906 22.7142 0.0861393 0.170873 0.845771 0.824833
ENSG00000200170.1 10 73980510 73980510 + 18 302996 10_internal_11048 10 74283506 74288627 89 91.7812 0.939949 18.506 0.0732166 -0.194805 0.736318 0.753801
ENSG00000168209.3 10 74033678 74033678 + 18 972388 10_internal_8376 10 75006066 75013552 89 97.8826 0.931652 22.684 0.00434293 -0.307987 0.0746269 0.0757796
ENSG00000148719.9 10 74114988 74114988 - 18 980097 10_internal_12485 10 73031177 73134891 89 95.0145 0.998488 19.0631 0.11719 0.155551 0.870647 0.880747
ENSG00000107745.10 10 74385899 74385899 - 15 957611 10_internal_11144 10 73368930 73428288 89 98.3867 0.942171 17.0983 0.0377504 -0.220665 0.412935 0.422719
ENSG00000156026.9 10 74451889 74451889 + 14 554177 10_internal_8376 10 75006066 75013552 89 86.549 0.982318 12.5236 0.00198327 -0.316704 0.039801 0.0303623
ENSG00000228673.1 10 74461207 74461207 + 14 -362858 10_internal_8150 10 74032382 74098349 89 97.2916 0.941963 12.1939 0.122041 -0.157878 0.736318 0.763834
ENSG00000215086.2 10 74678292 74678292 - 14 -936530 10_internal_8424 10 75614822 75720594 89 82.6379 1.11621 12.9427 0.0562426 0.188909 0.557214 0.535561
ENSG00000213700.3 10 74766353 74766353 - 16 -848469 10_internal_8424 10 75614822 75720594 89 76.6234 1.06162 14.4158 0.0425104 -0.206359 0.572139 0.562724
ENSG00000232646.1 10 74824884 74824884 + 19 -514827 10_internal_8400 10 74143748 74310057 89 87.592 1.00773 16.411 0.0673874 0.176033 0.671642 0.691008
ENSG00000237768.1 10 74831101 74831101 + 19 -586193 10_internal_9000 10 74228601 74244908 89 87.5746 0.982023 18.5432 0.00171161 -0.343014 0.0497512 0.0364165
ENSG00000122884.7 10 74856732 74856732 - 19 758383 10_internal_8150 10 74032382 74098349 89 91.9725 0.943293 15.4938 0.144039 -0.156447 0.900498 0.908197
ENSG00000166321.9 10 74870217 74870217 + 19 695448 10_internal_9840 10 75565665 75611667 89 79.3873 1.09129 14.5458 0.158685 -0.154753 0.935323 0.938225
ENSG00000221164.1 10 74885965 74885965 - 19 -644532 10_internal_8390 10 75530497 75546816 89 76.832 1.10969 14.4343 0.173537 0.147818 0.955224 0.956442
ENSG00000122882.5 10 74927853 74927853 - 20 -686969 10_internal_8424 10 75614822 75720594 89 80.6041 1.12488 19.9083 0.0703677 -0.197163 0.81592 0.797148
ENSG00000138286.9 10 74927924 74927924 + 20 828543 10_internal_8998 10 75756467 75821391 89 98.8908 0.947516 23.5693 0.0128893 0.244909 0.18408 0.207754
ENSG00000227382.1 10 74959584 74959584 + 20 699046 10_internal_8687 10 75658630 75683905 89 81.3168 1.07459 15.9728 0.0921202 -0.179836 0.845771 0.818794
ENSG00000244365.1 10 75003156 75003156 - 20 -527341 10_internal_8390 10 75530497 75546816 89 91.9551 0.937639 19.8029 0.322201 0.108932 1 0.999515
ENSG00000236756.3 10 75006946 75006946 + 20 0 10_internal_8376 10 75006066 75013552 89 72.9904 1.1147 13.2953 0.0580622 0.183941 0.656716 0.655787
ENSG00000249376.1 10 75008026 75008026 - 20 -772672 10_internal_8871 10 75780698 75791618 89 85.1236 0.936835 16.1597 0.0101644 -0.260489 0.20398 0.201339
ENSG00000213551.3 10 75008620 75008620 - 20 -606202 10_internal_8424 10 75614822 75720594 89 82.1859 1.09809 14.6583 0.014382 0.242551 0.19403 0.203123
ENSG00000182180.9 10 75012451 75012451 - 20 160640 10_internal_11570 10 74836238 74851811 89 97.1178 1.0194 22.5003 0.00872654 0.260228 0.124378 0.123469
ENSG00000227540.1 10 75012549 75012549 + 20 0 10_internal_8376 10 75006066 75013552 89 88.1135 1.07049 19.7851 0.00122099 0.348839 0.0248756 0.0189319
ENSG00000249393.1 10 75032571 75032571 + 20 626059 10_internal_8687 10 75658630 75683905 89 96.3008 0.9663 20.7025 0.14974 0.151885 0.940299 0.952215
ENSG00000156042.12 10 75119452 75119452 - 19 -592918 10_internal_8183 10 75712370 75745155 89 92.5809 0.96644 16.2974 0.0282157 0.216844 0.363184 0.356415
ENSG00000233144.1 10 75141191 75141191 + 19 -289380 10_internal_11570 10 74836238 74851811 89 87.6268 1.02994 17.4401 0.211446 0.13706 0.9801 0.984396
ENSG00000138279.10 10 75173834 75173834 - 19 160282 10_internal_8376 10 75006066 75013552 89 79.2656 1.16913 16.1465 0.152767 0.161733 0.940299 0.942427
ENSG00000229659.1 10 75182454 75182454 - 19 -726719 10_internal_8077 10 75909173 75937940 89 94.1453 0.925695 16.9429 0.0205824 0.233703 0.268657 0.288793
ENSG00000166343.5 10 75193319 75193319 - 19 904692 10_internal_11048 10 74283506 74288627 89 84.9498 0.963211 16.2636 0.0928473 -0.165847 0.825871 0.831492
ENSG00000221817.3 10 75255283 75255283 + 18 525415 10_internal_8871 10 75780698 75791618 89 86.6707 1.30051 22.2365 0.0465664 0.214132 0.616915 0.559258
ENSG00000107758.10 10 75255782 75255782 - 18 -653391 10_internal_8077 10 75909173 75937940 89 83.4027 1.032 16.034 0.0443707 0.215579 0.557214 0.558454
ENSG00000166348.12 10 75385711 75385711 - 15 372159 10_internal_8376 10 75006066 75013552 89 100.021 1.00805 17.5692 0.127894 0.161783 0.875622 0.859762
ENSG00000268584.1 10 75385754 75385754 + 15 406684 10_internal_12565 10 75792438 76392491 89 84.2371 1.03989 13.8696 0.0317272 -0.221722 0.393035 0.385697
ENSG00000234606.1 10 75413858 75413858 + 15 104765 10_internal_9774 10 75518623 75523251 89 84.098 1.02142 14.429 0.0602911 0.219895 0.641791 0.628353
ENSG00000251582.1 10 75435692 75435692 - 15 583881 10_internal_11570 10 74836238 74851811 89 94.7016 0.866753 13.1049 0.0336062 0.210563 0.373134 0.38013
ENSG00000172650.7 10 75457639 75457639 - 15 605828 10_internal_11570 10 74836238 74851811 89 83.4723 1.01668 12.8741 0.0420876 0.198592 0.437811 0.468755
ENSG00000224005.2 10 75473609 75473609 - 15 -323633 10_internal_10035 10 75797242 75813377 89 78.4834 1.02629 12.5113 0.038176 -0.216241 0.472637 0.4727
ENSG00000242338.2 10 75490227 75490227 - 15 -69287 10_internal_11294 10 75559514 75564281 89 93.6412 0.887695 15.1479 0.0321959 -0.228212 0.348259 0.405496
ENSG00000242288.4 10 75490272 75490272 - 15 -69242 10_internal_11294 10 75559514 75564281 89 80.8301 1.04216 12.7976 0.0307078 -0.238813 0.40796 0.383311
ENSG00000250959.2 10 75490320 75490320 + 15 -476768 10_internal_8376 10 75006066 75013552 89 92.407 1.00104 14.0274 0.188939 0.135185 0.930348 0.938759
ENSG00000235316.1 10 75491582 75491582 + 15 558018 10_internal_8524 10 76049600 76283232 89 92.3723 0.902949 13.8354 0.0208367 0.252289 0.253731 0.271265
ENSG00000176986.10 10 75504120 75504120 + 15 276578 10_internal_8871 10 75780698 75791618 89 96.5789 0.99994 16.4662 0.0127795 -0.267312 0.159204 0.14517
ENSG00000196968.4 10 75532049 75532049 + 15 180321 10_internal_8183 10 75712370 75745155 89 82.6031 1.09313 13.1812 0.0129262 0.268809 0.169154 0.165175
