ENSG00000168152.7 4 83821837 83821837 + 10 699298 4_internal_7688 4 84521135 84552772 89 83.5766 1.08015 10.7494 0.0326626 -0.222118 0.313433 0.30821
ENSG00000251022.1 4 83822113 83822113 - 10 -457402 4_internal_9847 4 84279515 84310296 89 81.0561 0.942084 7.68766 0.179469 0.151763 0.830846 0.835162
ENSG00000138674.12 4 83822319 83822319 - 10 624578 4_internal_7658 4 83187385 83197741 89 89.1564 1.04787 10.2543 0.0826411 0.181684 0.572139 0.564987
ENSG00000189308.6 4 83934079 83934079 - 10 -587056 4_internal_7688 4 84521135 84552772 89 90.6514 1.02428 11.911 0.00213217 -0.327455 0.0298507 0.0206368
ENSG00000138663.4 4 83955600 83955600 + 10 -808729 4_internal_8593 4 83136876 83146871 89 101.95 0.800306 10.938 0.130399 -0.172656 0.756219 0.776419
ENSG00000145287.6 4 84058228 84058228 - 10 0 4_internal_7572 4 84024524 84163499 89 88.3221 1.03038 11.5897 1.53981e-07 0.506386 0.00497512 1.31998e-06
ENSG00000248401.2 4 84168332 84168332 + 9 -970591 4_internal_7658 4 83187385 83197741 89 69.2705 1.14949 6.9278 0.232874 -0.126843 0.895522 0.886662
ENSG00000173085.9 4 84206067 84206067 - 8 31354 4_internal_8848 4 84156036 84174713 89 79.4742 0.937255 6.55516 0.132522 -0.16901 0.666667 0.693265
ENSG00000173083.10 4 84256306 84256306 - 8 66160 4_internal_10955 4 84180836 84190146 89 89.2434 0.972425 7.73527 0.00508944 0.283194 0.0348259 0.0422492
ENSG00000163312.6 4 84377009 84377009 - 8 213510 4_internal_7572 4 84024524 84163499 89 89.591 0.956466 7.35438 0.262405 -0.114109 0.885572 0.89895
ENSG00000163319.6 4 84377085 84377085 + 8 -202372 4_internal_8848 4 84156036 84174713 89 84.3066 1.10465 8.07609 0.170712 0.152547 0.825871 0.774517
ENSG00000213608.5 4 84398677 84398677 + 8 -140662 4_internal_7281 4 84236038 84258015 89 98.352 0.882651 8.54476 0.225623 0.140099 0.890547 0.88015
ENSG00000163322.9 4 84444501 84444501 - 8 486932 4_internal_7069 4 83291659 83957569 89 92.3896 0.918936 7.82697 0.0542357 -0.208196 0.373134 0.368491
ENSG00000138678.6 4 84457067 84457067 + 8 0 4_internal_8716 4 84455670 84484105 89 86.8619 1.06303 7.45876 3.47546e-08 0.573685 0.00497512 1.45625e-07
ENSG00000163624.5 4 85504132 85504132 + 5 890854 4_internal_11177 4 86394986 86760106 89 90.4602 1 5.13189 0.239953 0.129103 0.756219 0.748973
ENSG00000163625.11 4 85887544 85887544 - 8 -750175 4_internal_8405 4 86637719 86684009 89 98.1781 1.01944 10.9395 0.0190982 -0.24777 0.124378 0.134943
ENSG00000201901.1 4 86021649 86021649 + 8 616070 4_internal_8405 4 86637719 86684009 89 96.1443 0.972612 10.1329 0.4074 0.0888595 1 0.993605
ENSG00000163629.8 4 87515468 87515468 + 10 787327 4_internal_7400 4 88302795 88819265 89 101.846 0.948795 12.1332 0.142824 0.172861 0.771144 0.79405
ENSG00000251411.1 4 87835970 87835970 - 5 -467817 4_internal_7490 4 88303787 88344766 89 114.101 0.868026 6.25958 0.0328214 -0.230184 0.159204 0.133174
ENSG00000172493.16 4 87856154 87856154 + 4 0 4_internal_8472 4 87839513 87885019 89 95.7271 0.999902 4.04883 0.101588 0.174364 0.303483 0.315784
ENSG00000163633.6 4 87857354 87857354 - 4 0 4_internal_8472 4 87839513 87885019 89 84.0807 1.00006 3.77497 0.0127847 0.264825 0.0646766 0.0574011
ENSG00000248196.1 4 88087996 88087996 + 4 681513 4_internal_8148 4 88769509 88935841 89 77.9793 0.999933 3.33836 0.237944 -0.119665 0.656716 0.649498
ENSG00000248180.1 4 88128244 88128244 + 4 175543 4_internal_7490 4 88303787 88344766 89 98.2303 1.00005 4.37699 0.183914 0.141566 0.537313 0.540065
ENSG00000145332.8 4 88141760 88141760 - 4 -627749 4_internal_8148 4 88769509 88935841 89 99.3602 0.999941 4.07077 0.213122 0.144249 0.547264 0.572109
ENSG00000250163.1 4 88161466 88161466 - 5 -990214 4_internal_7255 4 89151680 89166917 89 93.902 1.00006 5.09983 0.265963 0.122272 0.776119 0.774249
ENSG00000170509.7 4 88244058 88244058 - 5 -59729 4_internal_7490 4 88303787 88344766 89 98.1781 1.02427 5.7594 0.0716213 0.190155 0.273632 0.282414
ENSG00000255723.1 4 88266362 88266362 - 5 -885318 4_internal_7255 4 89151680 89166917 89 78.5355 1.00001 3.96453 0.0584225 -0.208972 0.293532 0.267604
ENSG00000198189.6 4 88312538 88312538 - 9 0 4_internal_7490 4 88303787 88344766 89 107.461 0.966325 10.5018 0.0181525 -0.249363 0.124378 0.103411
ENSG00000170502.8 4 88343734 88343734 + 9 0 4_internal_7490 4 88303787 88344766 89 93.9193 1.02416 11.007 0.274858 0.111677 0.960199 0.963037
ENSG00000183199.6 4 88812995 88812995 + 10 -468229 4_internal_7490 4 88303787 88344766 89 86.41 1.00873 8.68154 0.00317339 0.283236 0.0248756 0.0302196
ENSG00000118762.3 4 88928820 88928820 + 9 369892 4_internal_8553 4 89298712 89377802 89 85.5756 1.11071 9.15753 0.0201261 0.231686 0.139303 0.151679
ENSG00000118777.6 4 89152474 89152474 - 9 0 4_internal_7255 4 89151680 89166917 89 93.5543 0.997809 9.47627 8.99388e-05 0.416288 0.00497512 0.000571171
ENSG00000200469.1 4 89196460 89196460 - 9 -99271 4_internal_8110 4 89295731 89410841 89 80.2391 0.978017 7.78522 0.0801687 0.192514 0.542289 0.557024
ENSG00000163644.9 4 89205921 89205921 - 9 39004 4_internal_7255 4 89151680 89166917 89 77.0754 1.00241 6.93623 0.000921424 0.335495 0.00995025 0.0140091
ENSG00000246375.2 4 89206094 89206094 + 9 -861328 4_internal_7490 4 88303787 88344766 89 86.8967 1.00913 9.60943 0.0767017 0.181968 0.557214 0.548491
ENSG00000138642.10 4 89299891 89299891 + 10 0 4_internal_8553 4 89298712 89377802 89 86.7402 1.01184 10.0313 7.24171e-06 0.460201 0.00497512 8.47911e-05
ENSG00000138646.4 4 89378268 89378268 + 9 -466 4_internal_8553 4 89298712 89377802 89 88.8957 0.967645 9.40955 8.43775e-06 0.437801 0.00497512 0.000110322
ENSG00000138641.11 4 89442199 89442199 + 9 -506358 4_internal_8148 4 88769509 88935841 89 91.816 0.910212 8.64728 0.100013 -0.175407 0.597015 0.617122
ENSG00000255072.1 4 89442940 89442940 - 9 32143 4_internal_8598 4 89302313 89410797 89 86.5316 0.961472 8.32834 0.0712697 -0.188208 0.487562 0.497378
ENSG00000145337.4 4 89444964 89444964 - 9 625699 4_internal_7400 4 88302795 88819265 89 85.1758 1.01861 8.96092 0.0309648 -0.253757 0.253731 0.264096
ENSG00000207524.1 4 89606105 89606105 - 9 226879 4_internal_7429 4 89299546 89379226 89 93.6412 1.02037 9.74091 0.388716 0.0921488 0.99005 0.989546
ENSG00000177432.6 4 89619386 89619386 - 9 -591687 4_internal_8210 4 90211073 90253989 89 76.832 1.13499 9.48918 0.127296 -0.161761 0.79602 0.763345
ENSG00000248019.2 4 89630940 89630940 + 9 147737 4_internal_7319 4 89778677 89883299 89 99.8816 0.907471 10.109 4.28663e-05 0.439814 0.00497512 0.000343265
ENSG00000138640.10 4 90032549 90032549 - 8 149250 4_internal_7319 4 89778677 89883299 89 77.875 1.00121 6.40306 2.3399e-05 0.454061 0.00497512 0.000485326
ENSG00000180346.2 4 90033968 90033968 + 8 -623127 4_internal_8110 4 89295731 89410841 89 95.5186 0.959011 8.93898 0.167793 -0.149868 0.791045 0.785626
ENSG00000185477.3 4 90229161 90229161 - 8 0 4_internal_8210 4 90211073 90253989 89 84.8803 1.1176 8.43085 0.000116687 0.408189 0.00995025 0.00062637
ENSG00000145335.11 4 90759466 90759466 - 5 876167 4_internal_7319 4 89778677 89883299 89 87.227 0.99989 5.12744 0.012148 0.271939 0.0547264 0.0651272
ENSG00000138722.5 4 90800683 90800683 + 5 14420 4_internal_7870 4 90815103 90821506 89 77.5273 1.00001 4.61633 5.29152e-05 0.431084 0.00995025 0.000749447
ENSG00000184305.10 4 91048686 91048686 + 4 0 4_internal_7437 4 91048466 91259726 89 88.2178 1.00004 3.42744 0.10928 0.167013 0.348259 0.331485
ENSG00000187653.10 4 91760263 91760263 - 3 938757 4_internal_7870 4 90815103 90821506 89 100.82 0.999954 3.43278 0.435757 -0.0879696 0.825871 0.833357
ENSG00000163104.13 4 95128762 95128762 + 1 990937 4_internal_10652 4 96119699 96494083 89 78.3617 0.999951 0.878449 0.532915 -0.06289 0.517413 0.512508
ENSG00000163106.6 4 95264027 95264027 - 1 -855672 4_internal_10652 4 96119699 96494083 89 97.6219 0.999963 1.04748 0.174024 0.140074 0.179104 0.161146
ENSG00000163110.10 4 95373037 95373037 + 1 746662 4_internal_10652 4 96119699 96494083 89 107.408 0.999993 1.08844 0.786385 0.0280221 0.800995 0.794025
ENSG00000242697.2 4 98946541 98946541 + 2 631192 4_internal_7830 4 99577733 99586272 89 82.325 1.00001 1.95615 0.0790317 0.167705 0.18408 0.170712
ENSG00000163116.5 4 99064391 99064391 - 2 -7725 4_internal_8988 4 99072116 99184136 89 76.7451 1.00005 1.98591 0.0710989 -0.201909 0.159204 0.177802
ENSG00000138698.9 4 99182535 99182535 + 2 0 4_internal_8988 4 99072116 99184136 89 84.3762 0.999953 2.02714 0.340511 0.1047 0.577114 0.586905
ENSG00000214559.3 4 99182781 99182781 - 2 0 4_internal_8988 4 99072116 99184136 89 74.5549 1.0001 1.82621 0.130316 0.168142 0.293532 0.282723
ENSG00000242318.1 4 99330441 99330441 + 2 -146305 4_internal_8988 4 99072116 99184136 89 92.0941 1.00004 1.8358 0.588315 -0.057013 0.80597 0.798243
ENSG00000168785.3 4 99579780 99579780 - 3 0 4_internal_7830 4 99577733 99586272 89 78.5529 1.0001 2.62213 0.0288876 0.246509 0.104478 0.101898
ENSG00000260641.1 4 99580055 99580055 + 3 0 4_internal_7830 4 99577733 99586272 89 93.0676 0.999945 3.0554 0.0166272 0.276518 0.0447761 0.0431056
ENSG00000249055.1 4 99830999 99830999 - 4 -608150 4_internal_8107 4 100439149 100450954 89 96.1791 1.00002 4.35869 0.0505359 -0.198716 0.18408 0.170702
ENSG00000151247.8 4 99851788 99851788 - 4 265516 4_internal_7830 4 99577733 99586272 89 89.5389 0.999971 3.42502 0.706439 -0.0409704 0.99005 0.984825
ENSG00000164024.7 4 99916771 99916771 + 4 522378 4_internal_8107 4 100439149 100450954 89 84.4109 0.999959 3.90556 0.480057 0.0794834 0.940299 0.928828
ENSG00000250496.2 4 99944282 99944282 - 4 -791443 4_internal_7463 4 100735725 100783802 89 83.9416 1.00005 3.42371 0.18984 -0.141105 0.547264 0.540134
ENSG00000197894.6 4 100009952 100009952 - 4 -725773 4_internal_7463 4 100735725 100783802 89 91.7117 0.999951 3.89444 0.0012492 -0.33895 0.00995025 0.00408853
ENSG00000246090.2 4 100010008 100010008 + 4 725717 4_internal_7463 4 100735725 100783802 89 94.5451 0.999961 3.94249 0.410334 -0.0842419 0.825871 0.863042
ENSG00000198099.4 4 100078949 100078949 - 5 -360200 4_internal_8107 4 100439149 100450954 89 97.2568 0.999924 5.18159 0.143345 -0.163637 0.507463 0.502282
ENSG00000172955.13 4 100140694 100140694 - 5 -298455 4_internal_8107 4 100439149 100450954 89 77.3188 0.999967 4.25679 0.165664 -0.139396 0.636816 0.605995
ENSG00000187758.3 4 100212185 100212185 - 4 625913 4_internal_7830 4 99577733 99586272 89 94.1279 0.999903 4.79017 0.00788862 -0.256239 0.0248756 0.0297471
ENSG00000138823.8 4 100484918 100484918 + 5 -898646 4_internal_7830 4 99577733 99586272 89 104.21 1.00007 5.12396 0.385026 0.0945424 0.885572 0.887395
ENSG00000145331.9 4 100485189 100485189 - 5 34235 4_internal_8107 4 100439149 100450954 89 96.3182 1.00011 5.40781 0.18664 0.142897 0.616915 0.633473
ENSG00000070190.8 4 100737990 100737990 + 4 0 4_internal_7463 4 100735725 100783802 89 89.9734 0.999943 4.65341 0.00105327 0.339912 0.00497512 0.00459173
ENSG00000109270.8 4 100815647 100815647 - 4 364693 4_internal_8107 4 100439149 100450954 89 101.533 1.00002 5.02963 0.0131108 -0.276684 0.039801 0.0397638
ENSG00000164031.12 4 100867883 100867883 - 5 84081 4_internal_7463 4 100735725 100783802 89 90.5123 1 4.51909 0.023485 -0.255776 0.104478 0.0970159
ENSG00000245322.2 4 100871163 100871163 + 5 945149 4_internal_7363 4 101816312 101904135 89 81.9252 1.00006 4.36831 0.0546947 0.181558 0.273632 0.255587
ENSG00000164032.7 4 100871545 100871545 - 5 420591 4_internal_8107 4 100439149 100450954 89 94.7189 0.9999 4.49278 0.100157 -0.167751 0.363184 0.344835
ENSG00000221265.1 4 102251571 102251571 - 7 253484 4_internal_8691 4 101941440 101998087 89 78.7789 0.999411 5.92868 0.107511 -0.160355 0.557214 0.562612
ENSG00000254531.1 4 102268937 102268937 + 6 -106503 4_internal_10421 4 102132153 102162434 89 83.2637 0.999986 5.52859 0.290995 0.109718 0.860697 0.868528
ENSG00000138814.12 4 102269435 102269435 - 6 2170 4_internal_9012 4 102061232 102267265 89 86.4273 1.00001 5.2363 0.000952435 0.36569 0.0199005 0.00590564
ENSG00000153064.7 4 102332443 102332443 + 6 -65178 4_internal_9012 4 102061232 102267265 89 98.352 1.00009 5.32849 0.0533418 -0.218278 0.20398 0.205174
ENSG00000138821.8 4 103352415 103352415 - 7 628519 4_internal_9304 4 102711688 102723896 89 67.3758 0.999861 4.70691 0.0208805 0.238911 0.169154 0.193402
ENSG00000248161.1 4 103371167 103371167 - 7 -236379 4_internal_10300 4 103607546 103616433 89 93.2588 0.957296 7.19572 0.0871699 0.169749 0.457711 0.471105
ENSG00000260651.1 4 103422476 103422476 - 7 -590249 4_internal_7980 4 104012725 104021643 89 93.4326 1.01102 7.16381 0.0618254 0.208458 0.328358 0.331462
ENSG00000109320.7 4 103422486 103422486 + 7 53597 4_internal_10751 4 103476083 103556346 89 83.4896 1.00491 6.69759 0.000343897 0.404445 0.00995025 0.00342335
ENSG00000238553.1 4 103487124 103487124 - 7 64713 4_internal_10302 4 103414597 103422411 89 91.451 1.059 8.16099 0.0197738 -0.2587 0.124378 0.121046
ENSG00000241981.2 4 103583768 103583768 + 7 -27422 4_internal_10751 4 103476083 103556346 89 94.6494 0.905016 6.20463 0.00664717 0.28439 0.0597015 0.0448837
ENSG00000248971.2 4 103651328 103651328 - 7 94982 4_internal_10751 4 103476083 103556346 89 81.7687 1.01573 6.16691 0.0328976 0.224813 0.21393 0.220882
ENSG00000230069.3 4 103651878 103651878 - 7 35445 4_internal_10300 4 103607546 103616433 89 84.5674 1.0987 7.30376 0.0407988 0.214571 0.273632 0.250875
ENSG00000224207.2 4 103655515 103655515 + 7 -233104 4_internal_10302 4 103414597 103422411 89 110.224 0.888073 7.97897 0.100834 -0.16974 0.477612 0.483363
ENSG00000251288.2 4 103672558 103672558 + 7 -116212 4_internal_10751 4 103476083 103556346 89 78.24 1.09656 6.27298 0.014822 0.266552 0.0995025 0.105405
ENSG00000109323.4 4 103682151 103682151 - 7 125805 4_internal_10751 4 103476083 103556346 89 97.7088 0.899809 6.74807 2.94859e-05 0.430917 0.00497512 0.000214538
ENSG00000246560.2 4 103749212 103749212 + 6 -73162 4_internal_8161 4 103655398 103676050 89 85.3148 1.00006 5.14577 0.338627 0.0981661 0.905473 0.89006
ENSG00000109332.15 4 103790053 103790053 - 6 233707 4_internal_10751 4 103476083 103556346 89 101.307 0.93449 5.85149 0.0137783 0.273553 0.0746269 0.0610916
ENSG00000145354.5 4 103790135 103790135 + 6 -114085 4_internal_8161 4 103655398 103676050 89 87.8354 1.03949 6.07734 0.000525931 0.356737 0.00497512 0.00273996
ENSG00000250651.1 4 103817882 103817882 + 6 194843 4_internal_7980 4 104012725 104021643 89 92.3896 1.02124 6.59092 0.0939864 -0.166649 0.40796 0.444913
ENSG00000249283.2 4 103883113 103883113 + 6 -460702 4_internal_10302 4 103414597 103422411 89 93.6064 0.931529 6.04502 0.0264871 -0.261364 0.139303 0.152992
ENSG00000164037.12 4 103940896 103940896 - 6 -71829 4_internal_7980 4 104012725 104021643 89 94.4756 1.04458 6.05103 0.0752918 -0.173376 0.293532 0.322046
ENSG00000164038.10 4 104006986 104006986 - 6 -48050 4_internal_7489 4 104055036 104064387 89 86.2709 1.00006 5.22821 0.210372 -0.119244 0.721393 0.722659
ENSG00000164039.10 4 104021040 104021040 - 6 344990 4_internal_8161 4 103655398 103676050 89 87.7484 0.978396 6.16524 0.0212971 0.196687 0.119403 0.136206
ENSG00000138778.7 4 104119566 104119566 - 6 55179 4_internal_7489 4 104055036 104064387 89 84.3414 1.01432 5.73474 0.0165686 0.244759 0.104478 0.103916
ENSG00000168769.8 4 106067032 106067032 + 2 147059 4_internal_8032 4 106214091 106228019 89 77.3709 1 1.76606 0.148399 0.150862 0.288557 0.29262
ENSG00000251586.1 4 106099220 106099220 - 2 -114871 4_internal_8032 4 106214091 106228019 89 115.909 0.999981 2.21954 0.070279 0.181676 0.104478 0.0839427
ENSG00000138777.15 4 106395238 106395238 - 2 167219 4_internal_8032 4 106214091 106228019 89 82.099 0.999965 1.82765 0.526929 0.0697275 0.79602 0.761457
ENSG00000249264.1 4 106405855 106405855 + 2 -177836 4_internal_8032 4 106214091 106228019 89 88.7393 1.00009 1.94961 0.34917 0.105813 0.616915 0.568042
ENSG00000236699.3 4 106473777 106473777 + 2 -245758 4_internal_8032 4 106214091 106228019 89 83.3158 0.999951 1.90625 0.647913 -0.0475687 0.895522 0.871146
ENSG00000249823.1 4 106616681 106616681 + 3 -605697 4_internal_8071 4 105989706 106010984 89 78.0141 1.00008 2.86161 0.398769 0.0874906 0.825871 0.799498
ENSG00000138780.9 4 106629935 106629935 + 3 981344 4_internal_7814 4 107611279 107630712 89 93.6064 1.00006 3.1395 0.420313 -0.0864223 0.80597 0.807625
ENSG00000251175.1 4 106748329 106748329 - 3 737345 4_internal_8071 4 105989706 106010984 89 95.449 0.999983 2.92513 0.0891272 0.18896 0.208955 0.212101
ENSG00000138785.10 4 106817143 106817143 - 3 -794136 4_internal_7814 4 107611279 107630712 89 87.6441 1.00009 3.34682 0.238248 -0.126114 0.60199 0.604132
ENSG00000249635.1 4 106943635 106943635 - 3 715616 4_internal_8032 4 106214091 106228019 89 82.3598 0.999974 2.97408 0.0773503 0.156621 0.273632 0.243043
ENSG00000164022.12 4 107236701 107236701 + 1 374578 4_internal_7814 4 107611279 107630712 89 86.3578 0.999972 1.02213 0.779054 -0.0296273 0.80597 0.789521
ENSG00000145348.11 4 107242652 107242652 - 1 -368627 4_internal_7814 4 107611279 107630712 89 88.548 0.999946 0.998099 0.520986 0.075738 0.532338 0.521399
ENSG00000138801.4 4 108641608 108641608 - 5 -308179 4_internal_8023 4 108949787 108985079 89 84.6195 0.999927 4.82888 0.140375 0.15162 0.562189 0.545344
ENSG00000164023.10 4 108745719 108745719 + 5 0 4_internal_9399 4 108720498 108815486 89 92.7895 1 5.16917 0.220745 0.132019 0.691542 0.706484
ENSG00000155016.13 4 108852525 108852525 + 5 -209176 4_internal_9474 4 108568882 108643349 89 83.0203 0.999935 4.12188 0.134266 0.156614 0.507463 0.483712
ENSG00000249604.1 4 108862411 108862411 - 5 219062 4_internal_9474 4 108568882 108643349 89 82.6031 1.00012 4.59526 0.277367 0.117123 0.78607 0.799916
ENSG00000245293.2 4 108899955 108899955 - 5 -49832 4_internal_8023 4 108949787 108985079 89 100.872 0.930107 5.46211 0.441761 0.0799857 0.960199 0.95154
ENSG00000138796.10 4 108910870 108910870 + 5 492776 4_internal_7993 4 109403646 109434871 89 96.2486 1.00007 5.27767 0.196175 0.14979 0.641791 0.646422
ENSG00000232021.2 4 109088681 109088681 + 5 -103602 4_internal_8023 4 108949787 108985079 89 88.2352 1.00007 4.62093 0.43838 -0.0818718 0.935323 0.931588
ENSG00000138795.5 4 109090112 109090112 - 5 274626 4_internal_9399 4 108720498 108815486 89 80.7605 1.00011 4.19078 0.38878 0.0888248 0.885572 0.891804
ENSG00000234492.3 4 109541616 109541616 - 5 556537 4_internal_8023 4 108949787 108985079 89 92.6156 0.999992 4.91854 0.284971 0.12 0.771144 0.794859
ENSG00000109475.12 4 109541722 109541722 + 5 -726236 4_internal_9399 4 108720498 108815486 89 106.435 1.00008 5.51219 0.0410297 -0.236766 0.144279 0.132138
ENSG00000198856.8 4 109571740 109571740 + 5 -461094 4_internal_7823 4 109087657 109110646 89 75.4066 0.999894 4.08009 0.35268 -0.0955901 0.860697 0.869165
ENSG00000206601.1 4 109573306 109573306 + 5 -757820 4_internal_9399 4 108720498 108815486 89 82.9855 0.999997 3.98852 0.160008 0.147241 0.557214 0.535618
ENSG00000188517.10 4 110223813 110223813 - 1 788942 4_internal_7993 4 109403646 109434871 89 83.4201 1.00006 1.08123 0.109955 0.170931 0.144279 0.131021
ENSG00000249465.1 4 110268615 110268615 - 1 833744 4_internal_7993 4 109403646 109434871 89 79.5785 0.999995 1.05822 0.439541 -0.0796216 0.517413 0.484116
ENSG00000138802.6 4 110354928 110354928 + 1 -920057 4_internal_7993 4 109403646 109434871 89 91.4162 0.999948 1.02987 0.55823 -0.0609432 0.587065 0.563547
ENSG00000247950.2 4 110354973 110354973 - 1 920102 4_internal_7993 4 109403646 109434871 89 90.999 0.999937 1.12187 0.198839 0.128906 0.20398 0.214758
ENSG00000243227.2 4 110372224 110372224 - 1 937353 4_internal_7993 4 109403646 109434871 89 73.7031 0.999945 0.828415 0.259229 -0.115171 0.268657 0.260112
ENSG00000207988.1 4 110409854 110409854 + 2 994782 4_internal_10241 4 111404636 111554166 89 90.1473 0.999999 1.70491 0.749663 -0.0315454 0.910448 0.904688
ENSG00000225094.3 4 110475250 110475250 - 1 -929386 4_internal_10241 4 111404636 111554166 89 100.403 1.00001 1.04372 0.632908 0.0493605 0.626866 0.62755
ENSG00000249965.2 4 110476326 110476326 + 1 928310 4_internal_10241 4 111404636 111554166 89 99.9859 0.999986 1.05524 0.0460399 0.211243 0.0348259 0.0362783
ENSG00000005059.11 4 110481361 110481361 + 1 923275 4_internal_10241 4 111404636 111554166 89 71.7041 1.00002 0.885597 0.35595 0.10572 0.368159 0.371085
ENSG00000248785.1 4 110594999 110594999 + 1 809637 4_internal_10241 4 111404636 111554166 89 128.198 1.00001 1.1565 0.376165 0.0850183 0.288557 0.32459
ENSG00000138794.5 4 110624739 110624739 - 1 -779897 4_internal_10241 4 111404636 111554166 89 98.1086 0.999968 1.04598 0.879582 0.015336 0.890547 0.885059
ENSG00000123739.6 4 110651233 110651233 - 1 -753403 4_internal_10241 4 111404636 111554166 89 76.5018 1.00003 1.00107 0.669621 0.0504105 0.681592 0.692932
ENSG00000109534.12 4 110736666 110736666 + 1 667970 4_internal_10241 4 111404636 111554166 89 80.2564 1 0.893261 0.698825 -0.0433691 0.666667 0.672499
ENSG00000180245.4 4 110749150 110749150 + 1 655486 4_internal_10241 4 111404636 111554166 89 86.775 0.999925 1.14518 0.674755 0.0404002 0.741294 0.727486
ENSG00000183423.7 4 110769358 110769358 + 1 635278 4_internal_10241 4 111404636 111554166 89 81.5254 1.00005 1.00383 0.00297458 -0.305011 0.00497512 0.00449688
ENSG00000170522.5 4 111120355 111120355 - 1 -284281 4_internal_10241 4 111404636 111554166 89 72.8688 1.00004 1.00891 0.853879 -0.0214102 0.865672 0.870086
ENSG00000174749.4 4 113066553 113066553 + 2 84425 4_internal_7717 4 113150978 113211990 89 104.054 0.999936 1.9909 0.00993898 0.27331 0.039801 0.0105155
ENSG00000243280.2 4 113092371 113092371 + 2 58607 4_internal_7717 4 113150978 113211990 89 85.9928 1.00006 1.99975 0.0197547 0.264054 0.0447761 0.0434269
ENSG00000260526.1 4 113152752 113152752 - 2 -50785 4_internal_7795 4 113203537 113238556 89 97.9869 0.999969 2.10688 0.129962 -0.157911 0.268657 0.221412
ENSG00000138660.7 4 113152893 113152893 + 2 50644 4_internal_7795 4 113203537 113238556 89 85.6799 1.00009 1.9218 2.10284e-07 0.537499 0.00497512 6.80922e-07
ENSG00000073331.13 4 113206665 113206665 + 2 0 4_internal_7795 4 113203537 113238556 89 103.967 1.00001 1.821 1.20194e-11 0.670043 0.00497512 4.16646e-13
ENSG00000145365.9 4 113207059 113207059 - 2 0 4_internal_7795 4 113203537 113238556 89 86.8098 0.999926 1.90961 1.04292e-15 0.775631 0.00497512 4.47939e-15
ENSG00000251441.1 4 113277291 113277291 + 2 -38735 4_internal_7795 4 113203537 113238556 89 90.3211 1.00002 1.84917 2.65218e-06 0.450195 0.00497512 4.13073e-06
ENSG00000248697.1 4 113377080 113377080 + 2 -138524 4_internal_7795 4 113203537 113238556 89 90.4254 1.00008 1.92304 0.0057209 0.279221 0.0149254 0.0102477
ENSG00000174720.11 4 113558120 113558120 + 2 -319564 4_internal_7795 4 113203537 113238556 89 76.1367 0.999915 1.78615 0.39338 0.0952694 0.651741 0.633727
ENSG00000138658.11 4 113558151 113558151 - 2 346161 4_internal_7717 4 113150978 113211990 89 96.266 0.999971 1.843 0.125222 -0.158817 0.228856 0.194505
ENSG00000199169.1 4 113569097 113569097 - 2 357107 4_internal_7717 4 113150978 113211990 89 117.23 1.00006 2.50102 0.51659 -0.0719303 0.761194 0.782177
ENSG00000199145.1 4 113569227 113569227 - 2 357237 4_internal_7717 4 113150978 113211990 89 116.378 1.00005 2.19902 0.214386 0.142218 0.318408 0.310206
ENSG00000207927.1 4 113569407 113569407 - 2 357417 4_internal_7717 4 113150978 113211990 89 70.2961 1.00001 1.57699 0.101919 0.170247 0.228856 0.220834
ENSG00000199102.1 4 113569586 113569586 - 2 357596 4_internal_7717 4 113150978 113211990 89 96.7701 0.999958 2.07546 0.253703 -0.115659 0.427861 0.424743
ENSG00000199058.1 4 113569713 113569713 - 2 357723 4_internal_7717 4 113150978 113211990 89 85.5582 1.00006 1.913 0.463683 0.0772262 0.706468 0.705809
ENSG00000249532.1 4 113571207 113571207 - 2 332651 4_internal_7795 4 113203537 113238556 89 85.4887 1.00001 1.98238 0.206693 0.13898 0.368159 0.3826
ENSG00000241741.1 4 113710034 113710034 - 3 498044 4_internal_7717 4 113150978 113211990 89 74.5375 1.00001 2.36773 0.0642346 0.199594 0.21393 0.201224
ENSG00000196656.6 4 114138326 114138326 - 3 899770 4_internal_7795 4 113203537 113238556 89 86.4795 1.00004 2.88793 0.210656 0.118718 0.497512 0.50709
ENSG00000145349.12 4 114683083 114683083 - 1 -21119 4_internal_7679 4 114704202 114748005 89 102.228 1.00001 1.19432 0.004454 0.273954 0.00995025 0.00273946
ENSG00000180801.11 4 114900883 114900883 - 1 152878 4_internal_7679 4 114704202 114748005 89 111.563 0.999957 1.08254 0.729439 -0.0368915 0.741294 0.726836
ENSG00000213492.2 4 118497329 118497329 - 2 -822404 4_internal_7453 4 119319733 119323369 89 74.9895 1.00005 1.93257 0.662184 -0.046942 0.885572 0.895052
ENSG00000206823.1 4 119200345 119200345 + 4 609116 4_internal_8131 4 119809461 119890932 89 88.5654 1.00005 3.55073 0.0832205 -0.193022 0.258706 0.267605
ENSG00000164099.3 4 119274158 119274158 - 5 -535303 4_internal_8131 4 119809461 119890932 89 105.827 0.881234 6.19305 0.00432969 -0.30435 0.0298507 0.0201777
ENSG00000154608.8 4 119388744 119388744 + 6 895712 4_internal_7713 4 120284456 120377877 89 81.8209 0.999919 4.94253 0.110071 -0.172486 0.507463 0.484918
ENSG00000260404.2 4 119512928 119512928 + 6 0 4_internal_7544 4 119511491 119607743 89 83.3854 1.00001 4.76031 0.00115584 0.322991 0.0248756 0.00788669
ENSG00000225892.3 4 119553429 119553429 + 6 0 4_internal_7544 4 119511491 119607743 89 91.4162 1.00011 5.35199 0.0162391 0.246269 0.0945274 0.0769135
ENSG00000217609.2 4 119557462 119557462 - 6 -726994 4_internal_7713 4 120284456 120377877 89 93.6586 0.957937 5.79708 0.097251 -0.171943 0.422886 0.436845
ENSG00000248213.1 4 119559179 119559179 - 6 -725277 4_internal_7713 4 120284456 120377877 89 103.184 0.957079 5.84122 0.000704648 0.345996 0.00497512 0.00205715
ENSG00000249907.1 4 119559507 119559507 + 6 249954 4_internal_8131 4 119809461 119890932 89 78.9354 0.999941 4.30558 0.124593 0.160599 0.482587 0.498837
ENSG00000145388.8 4 119606523 119606523 + 6 613043 4_internal_8055 4 120219566 120293971 89 77.9967 1.03317 5.8843 0.137352 0.155693 0.631841 0.639643
ENSG00000150961.10 4 119759838 119759838 - 6 152095 4_internal_7544 4 119511491 119607743 89 88.9826 1.05009 6.08924 0.166159 -0.141522 0.671642 0.650406
ENSG00000172403.6 4 119809996 119809996 + 6 -608261 4_internal_7758 4 118923962 119201735 89 92.7373 1.01671 5.99479 0.0309797 -0.215044 0.144279 0.149123
ENSG00000172399.5 4 120056939 120056939 + 6 227517 4_internal_7713 4 120284456 120377877 89 97.3611 1.01047 6.30326 0.0349506 0.229023 0.149254 0.156885
ENSG00000145390.6 4 120133742 120133742 + 6 150714 4_internal_7713 4 120284456 120377877 89 81.6645 1.00005 5.23256 0.125875 0.162371 0.552239 0.553205
ENSG00000178636.4 4 120133799 120133799 - 6 -150657 4_internal_7713 4 120284456 120377877 89 78.0141 0.999996 5.10316 0.232752 0.128124 0.80597 0.790882
ENSG00000164096.10 4 120225600 120225600 - 5 0 4_internal_8055 4 120219566 120293971 89 80.0826 0.999996 4.45218 0.0181844 0.268639 0.139303 0.10705
ENSG00000250412.1 4 120255484 120255484 + 5 -364552 4_internal_8131 4 119809461 119890932 89 92.268 0.99993 5.16529 0.155049 0.142764 0.547264 0.561842
ENSG00000229450.2 4 120299287 120299287 + 5 -5316 4_internal_8055 4 120219566 120293971 89 91.9029 1.00006 5.16348 0.22179 0.124248 0.721393 0.712251
ENSG00000249244.1 4 120316490 120316490 - 5 0 4_internal_7713 4 120284456 120377877 89 80.7258 0.999929 4.05192 0.0267411 -0.216751 0.134328 0.134185
ENSG00000260091.1 4 120330488 120330488 + 4 -439556 4_internal_8131 4 119809461 119890932 89 98.8908 1.00005 4.59163 0.0238395 0.232996 0.0895522 0.0765175
ENSG00000248280.1 4 120371312 120371312 - 4 0 4_internal_7713 4 120284456 120377877 89 94.3539 0.999982 4.24877 0.0100154 -0.283206 0.0497512 0.0335557
ENSG00000245958.2 4 120375946 120375946 + 4 0 4_internal_7713 4 120284456 120377877 89 86.6359 0.999991 3.40808 0.00126868 0.335461 0.00497512 0.00501687
ENSG00000250950.1 4 120377505 120377505 + 4 -486573 4_internal_8131 4 119809461 119890932 89 79.4916 1.00012 3.48628 0.0770125 -0.20217 0.263682 0.293307
ENSG00000138735.11 4 120550146 120550146 - 4 172269 4_internal_7713 4 120284456 120377877 89 101.481 1.00004 4.46569 0.00225195 0.332528 0.00995025 0.00491071
ENSG00000250938.1 4 120988113 120988113 + 3 -694142 4_internal_8055 4 120219566 120293971 89 88.2004 1.00003 2.86105 0.35901 -0.102998 0.751244 0.722556
ENSG00000164109.8 4 120988229 120988229 - 3 610352 4_internal_7713 4 120284456 120377877 89 87.9396 0.999918 2.65854 0.221206 0.123516 0.482587 0.490467
ENSG00000138738.6 4 121844025 121844025 - 1 0 4_internal_11343 4 121579581 122188961 89 102.698 0.999953 1.11739 0.00797314 0.293321 0.00497512 0.00486773
ENSG00000050730.11 4 122148621 122148621 - 1 0 4_internal_11343 4 121579581 122188961 89 96.9266 0.999992 1.15181 0.373253 0.0985864 0.38806 0.394035
ENSG00000164111.9 4 122618268 122618268 - 1 429307 4_internal_11343 4 121579581 122188961 89 82.7248 1.00004 0.958951 0.776154 0.0292725 0.756219 0.77
ENSG00000164112.8 4 122686582 122686582 - 1 497621 4_internal_11343 4 121579581 122188961 89 85.8711 1.00005 1.04753 0.657592 -0.0471033 0.666667 0.680283
ENSG00000123737.8 4 122722472 122722472 + 1 -533511 4_internal_11343 4 121579581 122188961 89 87.9049 1.00001 0.969466 0.461721 -0.0883056 0.457711 0.454193
ENSG00000145386.5 4 122745087 122745087 - 1 556126 4_internal_11343 4 121579581 122188961 89 115.509 0.999948 1.11288 0.35829 -0.108816 0.323383 0.322301
ENSG00000138686.5 4 122791652 122791652 - 1 602691 4_internal_11343 4 121579581 122188961 89 90.8252 0.999996 0.902761 0.657064 -0.0505441 0.597015 0.61616
ENSG00000138688.10 4 123073488 123073488 + 1 -884527 4_internal_11343 4 121579581 122188961 89 93.2588 0.999986 0.881747 0.343226 -0.104291 0.283582 0.299245
ENSG00000224786.1 4 123653348 123653348 - 1 -511750 4_internal_8296 4 124165098 124180997 89 111.024 1.00002 1.16226 0.526649 0.0639487 0.522388 0.531542
ENSG00000181004.5 4 123653857 123653857 + 1 511241 4_internal_8296 4 124165098 124180997 89 86.8445 1.00003 0.955399 0.78092 0.030416 0.751244 0.768241
ENSG00000138685.7 4 123747863 123747863 + 1 417235 4_internal_8296 4 124165098 124180997 89 94.1453 0.99998 1.09178 0.587358 -0.057277 0.60199 0.608816
ENSG00000170917.8 4 123844123 123844123 - 1 -320975 4_internal_8296 4 124165098 124180997 89 99.9164 1.00006 1.09445 0.0355245 -0.2314 0.0447761 0.0282689
ENSG00000145375.6 4 123844229 123844229 + 1 320869 4_internal_8296 4 124165098 124180997 89 79.5785 0.999946 0.933678 0.00213274 -0.321638 0.00497512 0.00345195
ENSG00000250322.2 4 124181273 124181273 - 1 276 4_internal_8296 4 124165098 124180997 89 93.1893 1.00007 1.02099 0.613338 -0.0541848 0.621891 0.612667
ENSG00000164056.6 4 124317950 124317950 + 1 -136953 4_internal_8296 4 124165098 124180997 89 75.2676 0.999994 1.01344 0.483123 0.0757888 0.512438 0.523905
ENSG00000151458.7 4 125633887 125633887 - 0 NA NA NA NA NA NA NA NA NA NA NA NA NA
ENSG00000196159.7 4 126237554 126237554 + 0 NA NA NA NA NA NA NA NA NA NA NA NA NA
