ENSG00000268797.1 19 41307202 41307202 + 16 20683 19_internal_6422 19 41327885 42402919 89 85.9059 1.14441 17.1748 0.0442688 0.221135 0.557214 0.507829
ENSG00000233622.1 19 41317295 41317295 - 16 -88401 19_internal_6339 19 41405696 41415315 89 85.141 0.957368 14.7101 0.0813797 0.187383 0.716418 0.757775
ENSG00000268339.1 19 41319515 41319515 + 16 -376655 19_internal_6498 19 40925649 40942860 89 83.2115 1.05111 14.6829 0.0305893 -0.198781 0.412935 0.397276
ENSG00000237118.2 19 41332677 41332677 - 16 -699513 19_internal_6813 19 42032190 42042578 89 91.2076 1.05364 16.2384 0.083007 -0.1774 0.711443 0.719848
ENSG00000269843.1 19 41343115 41343115 - 16 -733016 19_internal_7740 19 42076131 42092875 89 91.8334 0.940483 17.1429 0.0309528 -0.228043 0.447761 0.418888
ENSG00000255974.2 19 41356352 41356352 - 16 -719779 19_internal_7740 19 42076131 42092875 89 92.7895 0.901568 14.5014 0.026134 -0.230514 0.333333 0.33471
ENSG00000198077.6 19 41388657 41388657 - 17 0 19_internal_6422 19 41327885 42402919 89 83.9764 1.01814 16.5019 0.00874609 -0.263579 0.149254 0.158915
ENSG00000256612.2 19 41430124 41430124 + 17 -14809 19_internal_6339 19 41405696 41415315 89 96.1617 0.910766 17.3023 5.2991e-13 0.703269 0.00497512 1.29778e-11
ENSG00000197446.4 19 41620337 41620337 + 16 411853 19_internal_6813 19 42032190 42042578 89 94.3365 0.878013 15.277 0.0350009 -0.246332 0.462687 0.432776
ENSG00000167601.7 19 41725108 41725108 + 17 356498 19_internal_7664 19 42081606 42098888 89 101.411 0.893347 18.7867 0.109612 -0.17538 0.845771 0.848678
ENSG00000105323.12 19 41768401 41768401 + 17 307730 19_internal_7740 19 42076131 42092875 89 97.2395 0.994146 18.8496 0.000811063 -0.356332 0.00497512 0.00895317
ENSG00000239868.2 19 41792599 41792599 - 17 474717 19_internal_7087 19 41253544 41317882 89 93.2936 0.916432 17.8265 0.0513533 0.194626 0.606965 0.606496
ENSG00000142039.3 19 41816094 41816094 + 17 807989 19_internal_8178 19 42624083 42772526 89 94.8928 0.983352 18.2214 0.0507738 -0.210272 0.597015 0.564283
ENSG00000142046.9 19 41856816 41856816 + 17 767267 19_internal_8178 19 42624083 42772526 89 86.3057 1.00101 13.5641 0.0234901 -0.256239 0.328358 0.297137
ENSG00000105329.5 19 41859816 41859816 - 17 -764267 19_internal_8178 19 42624083 42772526 89 101.446 1.1523 26.3822 0.0438734 -0.198152 0.537313 0.500897
ENSG00000123810.3 19 41870078 41870078 - 17 552196 19_internal_7087 19 41253544 41317882 89 87.7832 0.9016 14.3011 0.0559751 0.204054 0.621891 0.617214
ENSG00000255730.1 19 41882662 41882662 + 17 -933445 19_internal_7010 19 40938564 40949217 89 76.7277 1.09436 14.8671 0.0634015 0.183852 0.711443 0.699583
ENSG00000248098.4 19 41884215 41884215 + 17 -934998 19_internal_7010 19 40938564 40949217 89 80.0826 0.956632 13.2216 0.0425863 0.199538 0.547264 0.543666
ENSG00000077348.4 19 41903384 41903384 - 17 0 19_internal_6342 19 41881702 42135137 89 82.2033 1.10485 16.1803 0.0668653 0.177815 0.691542 0.69563
ENSG00000268987.1 19 41905277 41905277 + 17 176329 19_internal_7664 19 42081606 42098888 89 101.446 1.01938 20.4422 0.0826457 0.170799 0.726368 0.733473
ENSG00000268475.1 19 41931264 41931264 + 17 -548058 19_internal_8891 19 41354204 41383206 89 81.2299 1.08339 15.0981 0.00455619 0.299426 0.0895522 0.0773464
ENSG00000177191.2 19 41934635 41934635 - 17 -141496 19_internal_7740 19 42076131 42092875 89 103.619 0.879342 18.5754 0.00446089 -0.281944 0.0597015 0.0603033
ENSG00000105341.14 19 41946622 41946622 - 16 -976872 19_internal_7574 19 42923494 42947664 89 99.3254 1.10996 22.5062 0.0767631 0.19276 0.731343 0.723579
ENSG00000267107.2 19 42006559 42006559 - 17 0 19_internal_6422 19 41327885 42402919 89 93.085 1.13154 18.2955 0.047758 -0.205648 0.552239 0.492663
ENSG00000268034.1 19 42012068 42012068 + 18 -628862 19_internal_8891 19 41354204 41383206 89 91.7812 0.959737 16.8608 0.0044497 0.269874 0.0696517 0.0717422
ENSG00000269800.1 19 42028349 42028349 - 19 -47782 19_internal_7740 19 42076131 42092875 89 99.2559 0.850864 18.0705 0.00331418 0.284498 0.0597015 0.0594167
ENSG00000268355.1 19 42037566 42037566 + 19 0 19_internal_6422 19 41327885 42402919 89 106.504 0.931253 22.408 0.0151539 -0.274092 0.199005 0.188021
ENSG00000007129.11 19 42041545 42041545 + 19 34586 19_internal_7740 19 42076131 42092875 89 93.9889 0.891373 18.843 1.25256e-05 0.440456 0.00497512 0.000368262
ENSG00000268027.1 19 42051554 42051554 + 19 0 19_internal_6422 19 41327885 42402919 89 83.1072 1.02615 13.6791 0.00904464 -0.294819 0.159204 0.139812
ENSG00000239736.2 19 42106090 42106090 + 18 -13215 19_internal_7740 19 42076131 42092875 89 75.4066 1.13812 14.0963 0.0334679 -0.244392 0.517413 0.455303
ENSG00000105352.6 19 42133442 42133442 - 17 0 19_internal_6342 19 41881702 42135137 89 100.838 0.997876 21.748 0.000616365 0.352134 0.00995025 0.0058425
ENSG00000269119.1 19 42333746 42333746 + 16 690402 19_internal_6448 19 43024148 43061580 89 112.293 0.848861 20.2463 0.0197885 -0.257973 0.243781 0.226171
ENSG00000105372.2 19 42363988 42363988 + 16 260095 19_internal_8178 19 42624083 42772526 89 88.8262 0.967927 14.693 0.0657572 -0.189032 0.626866 0.646884
ENSG00000105369.5 19 42381190 42381190 + 16 542304 19_internal_7574 19 42923494 42947664 89 87.2096 1.05825 16.9698 0.0358599 -0.224966 0.447761 0.452474
ENSG00000076928.13 19 42387228 42387228 + 15 -499495 19_internal_6686 19 41801877 41887733 89 87.7137 0.999342 12.8993 0.0858534 -0.197518 0.666667 0.696194
ENSG00000268041.1 19 42414249 42414249 - 15 526516 19_internal_6686 19 41801877 41887733 89 106.4 0.769491 14.4072 0.016295 -0.246272 0.218905 0.205201
ENSG00000105404.6 19 42463542 42463542 - 14 -490095 19_internal_6852 19 42953637 43100785 89 69.0793 1.08581 8.87837 0.148727 -0.147835 0.855721 0.849809
ENSG00000105409.10 19 42501649 42501649 - 14 402761 19_internal_7664 19 42081606 42098888 89 75.1459 1.1739 11.4086 0.0679462 -0.201425 0.631841 0.606939
ENSG00000105732.9 19 42572629 42572629 + 14 350865 19_internal_7574 19 42923494 42947664 89 79.8914 1.12501 11.9753 0.028571 0.243367 0.308458 0.316159
ENSG00000105737.5 19 42573650 42573650 - 14 480775 19_internal_7740 19 42076131 42092875 89 86.8967 0.975561 12.2356 0.220588 0.139 0.955224 0.958525
ENSG00000268525.1 19 42584259 42584259 - 14 491384 19_internal_7740 19 42076131 42092875 89 105.322 0.937638 15.5008 0.0143292 -0.258597 0.129353 0.132116
ENSG00000254887.1 19 42636707 42636707 + 14 316930 19_internal_6852 19 42953637 43100785 89 89.6084 0.930375 13.7094 0.0189337 -0.250927 0.243781 0.256343
ENSG00000259436.1 19 42656721 42656721 + 14 367427 19_internal_6448 19 43024148 43061580 89 81.2994 1.0433 11.094 0.00567295 0.265711 0.079602 0.0774602
ENSG00000028277.13 19 42700737 42700737 - 14 607862 19_internal_7740 19 42076131 42092875 89 87.5746 1.04821 14.3673 0.214863 0.137841 0.975124 0.968303
ENSG00000160570.9 19 42724292 42724292 - 14 589155 19_internal_6342 19 41881702 42135137 89 91.451 0.911166 11.668 0.0848045 0.193992 0.661692 0.66246
ENSG00000167625.6 19 42724423 42724423 + 14 0 19_internal_6720 19 42362880 42793896 89 84.6369 1.01666 13.0707 0.0866038 0.196275 0.726368 0.721951
ENSG00000105723.7 19 42746777 42746777 - 14 -206860 19_internal_6852 19 42953637 43100785 89 89.6432 1.06457 14.6231 0.0751449 0.195567 0.676617 0.650291
ENSG00000204957.1 19 42746927 42746927 + 14 -344008 19_internal_6422 19 41327885 42402919 89 96.04 0.981472 13.5981 0.0202936 0.252551 0.238806 0.202986
ENSG00000268643.1 19 42759284 42759284 - 14 -194353 19_internal_6852 19 42953637 43100785 89 81.6645 0.897721 10.1029 0.00834103 0.271319 0.179104 0.143094
ENSG00000105722.5 19 42759309 42759309 - 14 0 19_internal_5919 19 41766386 42777057 89 84.6717 1.12192 15.5928 0.0300864 -0.249885 0.39801 0.364717
ENSG00000079432.2 19 42772689 42772689 + 14 180855 19_internal_6908 19 42953544 43101317 89 81.4385 0.935352 12.8059 0.128986 -0.173987 0.885572 0.881618
ENSG00000188368.5 19 42806250 42806250 + 14 203931 19_internal_7268 19 43010181 43022667 89 74.9721 1.13005 10.9432 0.143018 -0.148209 0.880597 0.859761
ENSG00000079462.3 19 42807698 42807698 - 14 672561 19_internal_6342 19 41881702 42135137 89 86.775 1.00978 12.5669 0.0859763 0.174376 0.681592 0.690711
ENSG00000105429.8 19 42829761 42829761 + 14 -736886 19_internal_7740 19 42076131 42092875 89 85.593 1.06322 12.8493 0.0546316 0.21054 0.527363 0.516784
ENSG00000213904.3 19 42901280 42901280 + 14 -498361 19_internal_6422 19 41327885 42402919 89 85.4539 1.03488 11.1001 0.19445 0.140031 0.920398 0.91535
ENSG00000268605.1 19 42929223 42929223 - 14 156697 19_internal_8178 19 42624083 42772526 89 107.217 0.919337 16.4587 0.00485922 0.299479 0.0597015 0.043703
ENSG00000079435.5 19 42931578 42931578 - 14 528659 19_internal_6422 19 41327885 42402919 89 82.6727 1.05196 12.8423 0.111524 0.175435 0.830846 0.806697
ENSG00000189377.4 19 42947200 42947200 - 14 170143 19_internal_5919 19 41766386 42777057 89 90.182 1.00418 14.4282 0.113448 0.147804 0.791045 0.815959
ENSG00000269374.1 19 42989866 42989866 - 14 -20315 19_internal_7268 19 43010181 43022667 89 84.1676 0.991902 12.733 0.0775529 -0.180399 0.686567 0.685454
ENSG00000079385.16 19 43065386 43065386 - 13 0 19_internal_6908 19 42953544 43101317 89 87.2965 0.976792 10.9566 0.0409035 0.226756 0.378109 0.392562
ENSG00000124466.8 19 43969812 43969812 - 10 869027 19_internal_6852 19 42953637 43100785 89 84.7238 1.13379 10.1703 0.0473599 0.220407 0.383085 0.364978
ENSG00000176531.6 19 44009087 44009087 - 10 -176388 19_internal_7224 19 44185475 44206845 89 100.768 0.899935 9.67103 0.0921689 -0.167976 0.577114 0.566971
ENSG00000176472.6 19 44029649 44029649 + 9 681718 19_internal_9858 19 44711367 45005421 89 89.365 0.992827 8.12277 0.164197 -0.155292 0.766169 0.767301
ENSG00000105755.3 19 44031396 44031396 - 9 -197481 19_internal_7278 19 44228877 44238053 89 91.3467 1.06864 9.03001 0.143679 -0.14275 0.731343 0.716602
ENSG00000269177.1 19 44057597 44057597 + 9 127878 19_internal_7224 19 44185475 44206845 89 99.3949 1.02962 11.2618 0.0637562 0.187552 0.462687 0.424979
ENSG00000269583.1 19 44078790 44078790 + 9 -978005 19_internal_6852 19 42953637 43100785 89 93.224 0.963217 8.35394 0.0496053 -0.216124 0.328358 0.333216
ENSG00000234465.5 19 44080952 44080952 + 9 -979635 19_internal_6908 19 42953544 43101317 89 88.9305 0.984503 8.8473 0.0016408 -0.340911 0.0149254 0.0155533
ENSG00000073050.7 19 44084625 44084625 - 9 -144252 19_internal_7278 19 44228877 44238053 89 91.9203 0.949814 8.36394 0.0378946 -0.246459 0.308458 0.278975
ENSG00000268361.1 19 44097188 44097188 - 9 -74117 19_internal_6261 19 44171305 46021388 89 79.2482 1.09061 7.73512 0.011982 -0.252081 0.0995025 0.104275
ENSG00000167378.4 19 44100287 44100287 - 9 -71018 19_internal_6261 19 44171305 46021388 89 100.803 0.908624 9.03473 0.0968773 -0.185592 0.577114 0.558904
ENSG00000124444.11 19 44100544 44100544 + 9 128333 19_internal_7278 19 44228877 44238053 89 92.8242 0.915624 8.0006 0.0663933 -0.179666 0.442786 0.435708
ENSG00000226763.2 19 44100769 44100769 + 9 610598 19_internal_9858 19 44711367 45005421 89 88.6176 1.00241 9.46477 0.107411 -0.171577 0.691542 0.660659
ENSG00000269610.1 19 44106644 44106644 + 7 64661 19_internal_6261 19 44171305 46021388 89 82.7248 1.04656 7.03205 0.125883 0.162438 0.661692 0.635873
ENSG00000131116.7 19 44124026 44124026 - 8 -587341 19_internal_9858 19 44711367 45005421 89 90.043 1.00426 8.72724 0.120761 -0.147821 0.681592 0.666035
ENSG00000105767.2 19 44143991 44143991 - 8 -343590 19_internal_9987 19 44487581 44717562 89 86.3578 1.14438 8.75883 0.076632 -0.194026 0.467662 0.459589
ENSG00000011422.7 19 44174699 44174699 - 8 -10776 19_internal_7224 19 44185475 44206845 89 88.9131 1.08051 8.27436 0.0226035 0.238742 0.124378 0.14596
ENSG00000124449.6 19 44220162 44220162 + 9 -13317 19_internal_7224 19 44185475 44206845 89 83.0551 1.13802 8.00344 0.0376346 -0.177536 0.243781 0.24897
ENSG00000105771.9 19 44259142 44259142 - 10 -921138 19_internal_7317 19 45180280 45193797 89 99.673 0.94641 10.7909 0.143727 -0.155664 0.771144 0.770817
ENSG00000104783.7 19 44285409 44285409 - 10 -202172 19_internal_9987 19 44487581 44717562 89 81.2299 0.949084 8.81762 0.31452 0.108942 0.965174 0.97574
ENSG00000159871.10 19 44331358 44331358 - 10 -778841 19_internal_8052 19 45110199 45450834 89 101.324 0.935961 9.97301 0.224155 -0.138708 0.895522 0.895794
ENSG00000167637.12 19 44331444 44331444 + 10 778755 19_internal_8052 19 45110199 45450834 89 79.7176 0.989456 8.7631 0.0723578 0.197436 0.557214 0.563426
ENSG00000176222.7 19 44405537 44405537 - 12 -82044 19_internal_9987 19 44487581 44717562 89 90.5818 0.998778 12.6813 0.00308977 0.334797 0.0497512 0.0355345
ENSG00000267058.1 19 44405957 44405957 - 12 -81624 19_internal_9987 19 44487581 44717562 89 97.448 0.977965 13.471 0.00155617 0.344166 0.0149254 0.0138016
ENSG00000267191.1 19 44406153 44406153 + 12 0 19_internal_6261 19 44171305 46021388 89 74.607 1.1144 10.3507 0.0663994 -0.20328 0.59204 0.589105
ENSG00000124459.7 19 44439430 44439430 - 12 -907570 19_internal_7475 19 45347000 45396802 89 100.195 1.07867 16.6572 0.101382 0.171576 0.746269 0.734062
ENSG00000159905.10 19 44455375 44455375 + 12 654824 19_internal_8052 19 45110199 45450834 89 83.1941 1.18761 12.4705 0.0468726 0.23228 0.452736 0.420438
ENSG00000204920.6 19 44472014 44472014 + 12 638185 19_internal_8052 19 45110199 45450834 89 83.2984 0.979069 9.47791 0.275512 0.114063 0.950249 0.963321
ENSG00000266921.1 19 44506988 44506988 - 12 529930 19_internal_9293 19 43832070 43977058 89 100.942 0.849487 12.978 0.117982 0.163017 0.761194 0.78123
ENSG00000159882.8 19 44507100 44507100 + 12 -300255 19_internal_7224 19 44185475 44206845 89 75.285 1.04626 9.57998 0.164452 0.158973 0.870647 0.875231
ENSG00000159885.8 19 44529494 44529494 + 12 0 19_internal_9987 19 44487581 44717562 89 94.632 0.971189 13.8891 0.021006 0.228735 0.268657 0.22716
ENSG00000267022.1 19 44529506 44529506 + 12 0 19_internal_6261 19 44171305 46021388 89 88.4611 0.876098 9.60358 0.0138171 0.244588 0.169154 0.171062
ENSG00000178386.7 19 44555520 44555520 + 13 0 19_internal_9987 19 44487581 44717562 89 87.3139 0.977744 10.0494 0.0668469 0.1873 0.522388 0.5255
ENSG00000186026.6 19 44576297 44576297 + 13 0 19_internal_9987 19 44487581 44717562 89 90.043 1.04489 13.0902 0.0350719 0.204428 0.348259 0.343456
ENSG00000267680.1 19 44598492 44598492 + 13 -360439 19_internal_7278 19 44228877 44238053 89 85.732 1.11607 13.4923 0.00978595 0.273773 0.109453 0.107825
ENSG00000267163.1 19 44603864 44603864 - 13 365811 19_internal_7278 19 44228877 44238053 89 90.2863 1.0194 12.8315 0.0163971 0.24353 0.164179 0.175957
ENSG00000256294.3 19 44616334 44616334 + 14 924960 19_internal_7151 19 45541294 45584766 89 78.7441 1.17888 13.0969 0.0206003 0.243389 0.21393 0.249268
ENSG00000186019.10 19 44617298 44617298 - 14 410453 19_internal_7224 19 44185475 44206845 89 89.5215 1.06884 13.6927 0.0244809 0.236234 0.263682 0.25416
ENSG00000263002.3 19 44645710 44645710 + 14 -438865 19_internal_7224 19 44185475 44206845 89 94.9797 0.821094 13.7483 0.0374464 0.208 0.41791 0.448384
ENSG00000167380.12 19 44669226 44669226 + 14 511054 19_internal_7317 19 45180280 45193797 89 81.2473 1.11935 13.8739 0.146169 -0.160004 0.890547 0.900715
ENSG00000131115.11 19 44711700 44711700 + 14 829594 19_internal_7151 19 45541294 45584766 89 91.0338 0.952311 12.1919 0.205119 -0.13567 0.940299 0.939543
ENSG00000159915.8 19 44754318 44754318 + 16 314963 19_internal_8578 19 45069281 45147855 89 96.6484 0.937703 17.7919 0.0610426 0.208808 0.621891 0.632436
ENSG00000267590.1 19 44801257 44801257 + 16 545743 19_internal_7475 19 45347000 45396802 89 92.268 0.98397 16.1244 0.0161302 -0.246493 0.218905 0.213515
ENSG00000159917.10 19 44809199 44809199 - 16 -942241 19_internal_7624 19 45751440 45815532 89 98.6127 0.992112 19.77 0.0680192 -0.218056 0.676617 0.674126
ENSG00000062370.12 19 44871377 44871377 - 16 -733963 19_internal_8831 19 45605340 45689503 89 85.4191 1.02642 16.892 0.0245768 0.240237 0.393035 0.364909
ENSG00000267173.1 19 44905774 44905774 - 17 -441226 19_internal_7475 19 45347000 45396802 89 103.845 0.897192 17.7658 0.0244003 -0.250727 0.283582 0.282105
ENSG00000267508.1 19 44905774 44905774 - 17 -163507 19_internal_8578 19 45069281 45147855 89 86.4621 0.948555 14.4665 0.00655495 0.299183 0.109453 0.116317
ENSG00000267188.1 19 44952640 44952640 - 19 -116641 19_internal_8578 19 45069281 45147855 89 86.0449 1.05345 17.7387 0.008561 0.291603 0.144279 0.141689
ENSG00000167383.4 19 44952766 44952766 - 19 235204 19_internal_9987 19 44487581 44717562 89 88.9826 0.97083 17.6038 0.000227707 0.411285 0.00497512 0.00475976
ENSG00000176761.6 19 44971858 44971858 + 19 633482 19_internal_8831 19 45605340 45689503 89 94.5799 1.03489 22.4281 0.0418466 -0.229435 0.552239 0.543509
ENSG00000267242.1 19 44979403 44979403 - 18 772558 19_internal_7224 19 44185475 44206845 89 111.094 0.852109 23.7104 0.000936043 -0.345988 0.0149254 0.0117662
ENSG00000167384.6 19 45004576 45004576 - 19 -388313 19_internal_6190 19 45392889 46197288 89 84.6543 0.993728 16.682 0.0478626 -0.205866 0.577114 0.604402
ENSG00000073008.9 19 45147098 45147098 + 22 0 19_internal_8578 19 45069281 45147855 89 99.2732 0.941721 23.1532 7.4137e-10 0.556889 0.00497512 5.96763e-09
ENSG00000186567.8 19 45165545 45165545 + 23 -17690 19_internal_8578 19 45069281 45147855 89 89.0869 1.04589 23.0871 4.95361e-08 0.472108 0.00497512 5.89527e-07
ENSG00000069399.8 19 45250962 45250962 + 21 500478 19_internal_7624 19 45751440 45815532 89 90.1473 0.872539 19.8152 0.0503877 -0.233476 0.646766 0.684124
ENSG00000130202.5 19 45349432 45349432 + 22 0 19_internal_8052 19 45110199 45450834 89 96.5789 0.949523 23.9269 0.11995 -0.178533 0.925373 0.936181
ENSG00000130204.8 19 45393826 45393826 + 22 700396 19_internal_6858 19 46094222 46103310 89 89.452 0.954088 20.6142 0.110577 0.163189 0.920398 0.915811
ENSG00000267282.1 19 45394133 45394133 - 22 -876406 19_internal_6575 19 46270539 46297772 89 98.2824 0.834818 22.3329 0.0260164 0.237254 0.437811 0.43774
ENSG00000130203.5 19 45409011 45409011 + 22 595644 19_internal_6543 19 46004655 46146548 89 84.915 1.08315 19.6484 0.0349618 0.214189 0.567164 0.508611
ENSG00000267114.1 19 45457264 45457264 - 22 309409 19_internal_8578 19 45069281 45147855 89 98.4215 0.899729 24.1209 0.0178319 0.245697 0.278607 0.312555
ENSG00000104853.11 19 45457842 45457842 + 22 293598 19_internal_7624 19 45751440 45815532 89 79.8914 1.17706 22.5483 0.022455 0.234366 0.432836 0.42364
ENSG00000104856.9 19 45504688 45504688 + 22 246752 19_internal_7624 19 45751440 45815532 89 79.8393 0.944782 15.818 0.0125501 0.260649 0.278607 0.275571
ENSG00000104859.10 19 45542298 45542298 + 22 551492 19_internal_7071 19 46093790 46111225 89 87.7832 1.0271 19.3315 0.0159115 -0.278523 0.293532 0.265317
ENSG00000207003.1 19 45550716 45550716 + 22 543506 19_internal_6858 19 46094222 46103310 89 78.3617 1.10204 17.9634 0.00392226 0.294024 0.104478 0.0891698
ENSG00000170684.4 19 45579846 45579846 - 22 -690693 19_internal_6575 19 46270539 46297772 89 90.4949 1.00874 23.3815 0.0580962 0.19403 0.761194 0.737179
ENSG00000142252.6 19 45582453 45582453 + 22 362666 19_internal_6877 19 45945119 45976758 89 82.9682 1.01485 17.3891 0.0446601 -0.215294 0.547264 0.602762
ENSG00000007047.10 19 45582546 45582546 + 22 687993 19_internal_6575 19 46270539 46297772 89 94.4234 0.960099 23.5573 0.0118264 0.264842 0.20398 0.217738
ENSG00000267176.1 19 45593632 45593632 - 22 -120907 19_internal_7154 19 45714539 45719434 89 96.4051 0.879565 23.1779 0.0179845 0.240672 0.343284 0.333012
ENSG00000267348.1 19 45593649 45593649 - 22 399852 19_internal_7317 19 45180280 45193797 89 90.8078 0.853742 19.7616 0.0605737 0.202785 0.746269 0.748459
ENSG00000104866.6 19 45594654 45594654 + 22 10686 19_internal_8831 19 45605340 45689503 89 75.0764 1.19955 17.9149 0.00209105 0.312881 0.0348259 0.0453505
ENSG00000267346.1 19 45631827 45631827 + 22 516603 19_internal_7093 19 46148430 46167855 89 99.082 0.90789 19.4688 0.0244769 0.230211 0.38806 0.33622
ENSG00000267037.1 19 45653863 45653863 - 22 936301 19_internal_9987 19 44487581 44717562 89 104.21 0.91728 28.3858 0.0124904 0.290549 0.218905 0.21027
ENSG00000179846.7 19 45663408 45663408 - 22 515553 19_internal_8578 19 45069281 45147855 89 97.8305 0.875679 23.0941 0.0185616 0.222635 0.363184 0.330048
ENSG00000007255.6 19 45681495 45681495 - 22 -264096 19_internal_6392 19 45945591 45973891 89 77.2492 1.0292 16.2298 0.0106284 -0.277581 0.238806 0.235148
ENSG00000189114.6 19 45682003 45682003 + 22 322652 19_internal_6543 19 46004655 46146548 89 90.7383 0.921942 18.2369 0.0499677 0.200233 0.606965 0.625345
ENSG00000267545.1 19 45683080 45683080 + 22 312365 19_internal_6811 19 45995445 46010700 89 91.0164 0.942106 21.405 0.0359725 -0.226016 0.537313 0.549827
ENSG00000266958.1 19 45690646 45690646 + 22 304799 19_internal_6811 19 45995445 46010700 89 89.5041 1.04451 21.2718 0.034652 -0.220956 0.542289 0.50163
ENSG00000104879.4 19 45826235 45826235 - 21 -322195 19_internal_7093 19 46148430 46167855 89 79.5611 1.20196 20.6231 0.054538 0.194777 0.751244 0.706683
ENSG00000104892.12 19 45836692 45836692 + 21 0 19_internal_6190 19 45392889 46197288 89 95.5881 0.91668 20.0999 0.189776 -0.139761 0.985075 0.982057
ENSG00000104884.10 19 45874176 45874176 - 21 -121269 19_internal_6811 19 45995445 46010700 89 98.5258 0.908162 21.8846 0.0548411 -0.200978 0.646766 0.660101
ENSG00000117877.6 19 45909467 45909467 + 21 -904046 19_internal_9858 19 44711367 45005421 89 100.264 0.780437 20.3536 0.0151857 0.243616 0.298507 0.284371
ENSG00000104881.10 19 45909607 45909607 - 21 -184615 19_internal_6858 19 46094222 46103310 89 95.3447 0.941694 19.7581 0.0882644 -0.184806 0.820896 0.814113
ENSG00000125740.9 19 45971253 45971253 + 22 0 19_internal_6392 19 45945591 45973891 89 101.429 0.956018 29.346 0.00182392 0.374924 0.0248756 0.0301889
ENSG00000012061.11 19 45982086 45982086 - 22 0 19_internal_6261 19 44171305 46021388 89 94.9623 1.03182 24.1313 0.0161651 0.250857 0.303483 0.25625
ENSG00000213889.6 19 45992035 45992035 + 22 102187 19_internal_6858 19 46094222 46103310 89 90.3732 0.960465 20.5711 0.000917284 0.353194 0.0348259 0.0203582
ENSG00000125744.7 19 46000319 46000319 - 22 415553 19_internal_7151 19 45541294 45584766 89 80.2391 1.04882 15.6811 0.0171845 -0.251531 0.318408 0.29174
ENSG00000125753.9 19 46009837 46009837 + 21 -320334 19_internal_8831 19 45605340 45689503 89 87.6268 1.00192 18.0958 0.0226139 -0.253587 0.378109 0.351064
ENSG00000125741.4 19 46105470 46105470 - 21 289938 19_internal_7624 19 45751440 45815532 89 82.5336 1.1026 19.2418 0.1199 0.175444 0.940299 0.925557
ENSG00000267757.1 19 46144752 46144752 + 22 -425318 19_internal_7154 19 45714539 45719434 89 78.5182 1.10473 16.8909 0.0598159 0.216081 0.721393 0.706514
ENSG00000125746.10 19 46148887 46148887 - 21 874223 19_internal_6325 19 45223732 45274664 89 113.179 0.982642 34.2747 0.0339015 0.232205 0.477612 0.446791
ENSG00000010310.4 19 46171502 46171502 + 21 -355970 19_internal_7624 19 45751440 45815532 89 90.0256 1.0484 25.1388 0.0290012 -0.247612 0.492537 0.488661
ENSG00000011478.7 19 46195741 46195741 + 20 -185041 19_internal_6811 19 45995445 46010700 89 77.058 1.18879 18.2272 0.0567116 -0.190149 0.736318 0.702804
ENSG00000125743.6 19 46195827 46195827 - 20 174439 19_internal_6261 19 44171305 46021388 89 90.1473 0.961364 16.9194 0.00651984 0.298377 0.129353 0.110397
ENSG00000177051.5 19 46234162 46234162 - 21 212774 19_internal_6261 19 44171305 46021388 89 78.9701 1.00554 13.1659 0.0182043 -0.257298 0.313433 0.292257
ENSG00000259605.2 19 46268043 46268043 + 21 -257343 19_internal_6811 19 45995445 46010700 89 86.3404 1.02518 20.7612 0.165494 -0.144865 0.960199 0.979077
ENSG00000267395.1 19 46271054 46271054 + 21 -103199 19_internal_7093 19 46148430 46167855 89 99.2906 0.892965 22.3818 0.0662634 -0.195768 0.706468 0.739896
ENSG00000177045.5 19 46272141 46272141 - 21 261441 19_internal_6811 19 45995445 46010700 89 86.3057 0.959865 16.9477 0.254711 -0.124283 1 0.994708
ENSG00000104936.12 19 46285810 46285810 - 21 311919 19_internal_6392 19 45945591 45973891 89 81.6818 1.10692 16.6646 0.0610347 -0.207038 0.721393 0.677179
ENSG00000268434.1 19 46289231 46289231 - 21 569797 19_internal_7154 19 45714539 45719434 89 77.9793 1.05733 15.6477 0.0266119 -0.250689 0.422886 0.427825
ENSG00000185800.6 19 46296060 46296060 - 21 576626 19_internal_7154 19 45714539 45719434 89 95.3795 0.956758 23.2626 0.00841458 -0.27349 0.18408 0.152733
ENSG00000104941.3 19 46318577 46318577 - 21 307877 19_internal_6811 19 45995445 46010700 89 94.4061 0.911801 19.1836 0.0164601 -0.248277 0.278607 0.268441
ENSG00000269148.1 19 46333422 46333422 + 21 -748656 19_internal_7151 19 45541294 45584766 89 80.8127 1.03876 17.4173 0.182022 -0.144991 0.965174 0.979493
ENSG00000125755.13 19 46366548 46366548 - 22 -774473 19_internal_8211 19 47141021 47166077 89 101.046 0.968243 29.9003 0.00557216 -0.270831 0.109453 0.0977893
ENSG00000170604.3 19 46389376 46389376 - 22 489100 19_internal_7544 19 45894641 45900276 89 92.1289 0.963744 21.4749 0.0495649 -0.226975 0.661692 0.64916
ENSG00000176182.5 19 46405862 46405862 - 21 429104 19_internal_6877 19 45945119 45976758 89 77.5969 1.14293 16.8857 0.00273713 -0.29893 0.0447761 0.0554451
ENSG00000104983.4 19 46498339 46498339 + 20 418048 19_internal_9500 19 46916387 46999242 89 88.409 1.02508 19.8733 0.0126422 -0.261576 0.223881 0.217887
ENSG00000008438.4 19 46526323 46526323 - 20 806889 19_internal_7154 19 45714539 45719434 89 87.9744 1.02527 19.9803 0.0129074 -0.255886 0.169154 0.226461
ENSG00000268401.1 19 46530912 46530912 + 20 -333624 19_internal_6190 19 45392889 46197288 89 92.0072 1.04877 19.4475 0.00146235 0.34002 0.0149254 0.0190505
ENSG00000204869.4 19 46580376 46580376 - 21 433828 19_internal_6543 19 46004655 46146548 89 93.1893 0.872623 21.5945 0.0858336 0.175092 0.875622 0.861404
ENSG00000011485.9 19 46850251 46850251 + 26 -739026 19_internal_7071 19 46093790 46111225 89 80.2217 1.09537 20.0526 0.0101351 -0.279426 0.199005 0.217764
ENSG00000268810.1 19 46886426 46886426 - 26 912535 19_internal_6392 19 45945591 45973891 89 81.4211 1.03678 20.8946 0.00023982 0.369764 0.00497512 0.00766835
ENSG00000269151.1 19 46894109 46894109 - 26 -902387 19_internal_6747 19 47796496 47800917 89 96.7875 0.946651 27.7149 0.04714 -0.228785 0.676617 0.683887
ENSG00000204850.3 19 46997765 46997765 + 24 0 19_internal_9500 19 46916387 46999242 89 77.7359 1.13526 21.5719 0.0011203 0.323545 0.0199005 0.0308766
ENSG00000204851.5 19 46999755 46999755 - 24 513 19_internal_9500 19 46916387 46999242 89 79.7523 1.12804 20.2742 0.000745608 0.34329 0.0248756 0.0169964
ENSG00000268423.1 19 47104118 47104118 - 22 -994144 19_internal_9401 19 48098262 48131109 89 101.255 0.989696 29.1666 0.0705465 0.182197 0.820896 0.802858
ENSG00000160014.12 19 47104331 47104331 + 22 -957783 19_internal_6543 19 46004655 46146548 89 83.9242 1.12039 21.5695 0.0700941 -0.189773 0.810945 0.797332
ENSG00000230510.2 19 47104457 47104457 - 22 907169 19_internal_6190 19 45392889 46197288 89 99.3254 0.815039 24.801 0.0137238 0.270395 0.308458 0.290405
ENSG00000269292.1 19 47114036 47114036 - 21 967488 19_internal_6543 19 46004655 46146548 89 88.5307 1.14008 24.2539 0.0885543 -0.174544 0.895522 0.871328
ENSG00000160013.4 19 47128375 47128375 - 21 981827 19_internal_6543 19 46004655 46146548 89 87.6094 0.994457 20.3385 0.0656909 -0.203755 0.716418 0.762259
ENSG00000167414.4 19 47137942 47137942 - 21 -607879 19_internal_7264 19 47745821 47806229 89 104.94 0.781184 20.5817 0.161115 0.149574 0.975124 0.961544
ENSG00000245598.2 19 47163621 47163621 + 20 826142 19_internal_8286 19 47989763 47995489 89 98.7518 1.03994 21.0676 0.0238375 -0.255505 0.298507 0.289182
ENSG00000197380.6 19 47164395 47164395 - 20 -116648 19_internal_7432 19 47281043 47292918 89 94.4061 0.89947 20.816 0.0482804 0.205787 0.656716 0.6351
ENSG00000243560.2 19 47192325 47192325 - 19 -345840 19_internal_7536 19 47538165 47580071 89 91.1033 1.01902 21.6207 0.000407695 -0.355971 0.00995025 0.00677482
ENSG00000211513.3 19 47212602 47212602 - 18 -583894 19_internal_6747 19 47796496 47800917 89 79.4395 0.980488 13.6064 0.145488 -0.144982 0.920398 0.922374
ENSG00000105287.8 19 47220384 47220384 - 18 -877878 19_internal_9401 19 48098262 48131109 89 98.0564 0.978248 23.9776 0.100641 0.162525 0.885572 0.884624
ENSG00000269487.1 19 47231860 47231860 + 18 0 19_internal_6960 19 47215707 47241279 89 101.046 0.876222 21.2238 0.00613697 -0.265571 0.0995025 0.103454
ENSG00000222614.1 19 47239569 47239569 + 18 -941797 19_internal_6575 19 46270539 46297772 89 76.1715 1.09138 14.961 0.0817195 -0.175725 0.810945 0.792652
ENSG00000181027.6 19 47249303 47249303 + 18 -250061 19_internal_9500 19 46916387 46999242 89 85.3322 1.00025 14.3573 0.0481199 0.23256 0.517413 0.542321
ENSG00000090372.8 19 47250251 47250251 - 18 84174 19_internal_8211 19 47141021 47166077 89 96.0748 0.963272 19.8074 0.0488145 0.205938 0.606965 0.57701
ENSG00000105281.8 19 47291851 47291851 - 18 -71120 19_internal_6436 19 47362971 47552740 89 101.689 0.863407 19.0638 0.165653 -0.150793 0.960199 0.954985
ENSG00000042753.7 19 47354249 47354249 - 17 -442247 19_internal_6747 19 47796496 47800917 89 88.1135 0.896763 17.8481 0.0496625 0.211443 0.60199 0.651143
ENSG00000160007.13 19 47421933 47421933 + 17 185720 19_internal_6209 19 47607653 48019821 89 92.3896 0.932038 14.8976 0.175139 0.14678 0.940299 0.942043
ENSG00000130751.5 19 47523077 47523077 + 17 466686 19_internal_8286 19 47989763 47995489 89 99.899 0.888307 16.9892 0.0915961 -0.180233 0.761194 0.767147
ENSG00000130748.6 19 47551888 47551888 - 17 -213195 19_internal_6324 19 47765083 47778992 89 86.8098 0.934791 14.9789 0.145301 -0.156308 0.925373 0.922324
ENSG00000142230.7 19 47616531 47616531 + 17 179965 19_internal_6747 19 47796496 47800917 89 86.8793 1.01978 15.9692 0.0214906 0.241104 0.303483 0.302639
ENSG00000130749.5 19 47617009 47617009 - 17 -481253 19_internal_9401 19 48098262 48131109 89 100.281 1.01308 20.1524 0.0963546 0.198964 0.791045 0.799332
ENSG00000105327.11 19 47736023 47736023 - 17 -24507 19_internal_6245 19 47760530 47779771 89 92.8068 1.10376 19.0244 0.0205661 0.237062 0.258706 0.248361
ENSG00000105321.8 19 47759237 47759237 + 17 -759995 19_internal_9500 19 46916387 46999242 89 83.9937 0.97781 14.5812 0.0116952 0.278434 0.228856 0.198401
ENSG00000257704.2 19 47778142 47778142 + 17 0 19_internal_6245 19 47760530 47779771 89 74.0508 1.0639 12.9853 0.0171571 0.259343 0.298507 0.296277
ENSG00000197405.3 19 47793280 47793280 + 18 304982 19_internal_9401 19 48098262 48131109 89 114.727 0.843203 25.2 0.034822 0.212939 0.378109 0.422734
ENSG00000134830.3 19 47835404 47835404 + 18 948781 19_internal_7053 19 48784185 48788547 89 82.8117 1.07277 16.0095 0.0417489 0.207476 0.527363 0.524192
ENSG00000134815.13 19 47852538 47852538 + 18 245724 19_internal_9401 19 48098262 48131109 89 86.549 0.948266 17.7147 0.00144932 0.340333 0.039801 0.036071
ENSG00000118162.9 19 47987525 47987525 - 18 186608 19_internal_6747 19 47796496 47800917 89 95.901 0.890177 20.6783 0.0337627 -0.222667 0.452736 0.493463
ENSG00000268061.1 19 47987539 47987539 + 18 0 19_internal_6209 19 47607653 48019821 89 86.7229 0.981364 15.2471 0.0134945 -0.246544 0.20398 0.210166
ENSG00000105402.3 19 48018497 48018497 - 18 123102 19_internal_6530 19 47802687 47895395 89 84.4979 1.12011 16.6617 0.243643 -0.1274 0.985075 0.99066
ENSG00000118156.8 19 48059113 48059113 - 18 -933811 19_internal_8088 19 48992924 49007278 89 89.8518 0.94251 17.8102 0.0428829 0.231603 0.557214 0.560427
ENSG00000063169.6 19 48111453 48111453 + 18 881471 19_internal_8088 19 48992924 49007278 89 84.5152 1.11662 16.587 0.0294996 0.220471 0.422886 0.382052
ENSG00000269806.1 19 48129652 48129652 - 18 576912 19_internal_6436 19 47362971 47552740 89 93.9715 0.948288 17.7013 0.102022 0.174083 0.830846 0.83536
ENSG00000105373.14 19 48248779 48248779 + 17 -469008 19_internal_6245 19 47760530 47779771 89 87.4877 0.993831 15.4901 0.0670721 0.205064 0.666667 0.674513
ENSG00000221803.1 19 48259110 48259110 + 17 733814 19_internal_8088 19 48992924 49007278 89 91.816 0.916217 16.8877 0.0462374 0.205372 0.567164 0.562993
ENSG00000269656.1 19 48272097 48272097 - 17 493105 19_internal_6324 19 47765083 47778992 89 90.8947 0.918315 15.882 0.033282 0.192656 0.452736 0.438559
ENSG00000178980.10 19 48281829 48281829 + 17 -533173 19_internal_6829 19 47728474 47748656 89 85.8189 1.05318 16.751 0.018774 0.264845 0.273632 0.276118
ENSG00000105499.9 19 48614074 48614074 - 15 594253 19_internal_6209 19 47607653 48019821 89 92.1289 0.964641 15.6893 0.199915 0.138138 0.960199 0.967177
ENSG00000269534.1 19 48621689 48621689 + 15 -726644 19_internal_6283 19 47811977 47895045 89 88.0961 0.989126 13.779 0.0154606 -0.249362 0.19403 0.203503
ENSG00000269321.1 19 48649165 48649165 + 15 -653676 19_internal_8286 19 47989763 47995489 89 96.857 1.00503 18.2662 0.0118778 0.256996 0.169154 0.14528
