ENSG00000232344.2 17 17913957 17913957 + 15 844325 17_internal_10523 17 18758282 18825919 89 101.203 0.907904 15.1759 0.0920559 -0.171841 0.721393 0.715742
ENSG00000171953.10 17 17942523 17942523 - 15 -927767 17_internal_8328 17 18870290 18896787 89 87.4529 0.957465 12.8914 0.000166603 -0.366632 0.00497512 0.00321103
ENSG00000141034.5 17 17942606 17942606 + 15 -136109 17_internal_9539 17 17803499 17806497 89 87.8006 0.935962 12.0428 0.00393431 -0.302861 0.0746269 0.0611031
ENSG00000108591.5 17 17991200 17991200 + 14 -941946 17_internal_8850 17 17044542 17049254 89 88.9479 0.924069 12.1846 0.00157397 -0.319074 0.0298507 0.0264656
ENSG00000091536.12 17 18012020 18012020 + 14 -962766 17_internal_8850 17 17044542 17049254 89 99.6557 0.851481 13.9139 0.00810536 0.282112 0.119403 0.106818
ENSG00000091542.8 17 18086392 18086392 + 13 -423678 17_internal_11622 17 17614219 17662714 89 82.325 1.02927 10.2673 0.00680155 -0.30694 0.0895522 0.0840241
ENSG00000266677.1 17 18088067 18088067 - 13 281570 17_internal_9539 17 17803499 17806497 89 86.0102 1.02451 12.3396 0.0182874 -0.260088 0.233831 0.214398
ENSG00000131899.6 17 18128901 18128901 + 13 -66185 17_internal_9680 17 18056593 18062716 89 90.634 1.07984 14.4126 0.0322587 -0.22965 0.313433 0.325598
ENSG00000177731.10 17 18162230 18162230 - 14 355733 17_internal_9539 17 17803499 17806497 89 95.31 0.877887 14.556 0.0824733 -0.199039 0.706468 0.713191
ENSG00000177427.8 17 18163848 18163848 + 14 31363 17_internal_8855 17 18195211 18206538 89 89.1217 1.0689 12.7041 0.145262 0.159574 0.860697 0.848392
ENSG00000260647.1 17 18171394 18171394 + 14 586888 17_internal_10523 17 18758282 18825919 89 99.082 0.932001 13.6038 0.224434 0.127029 0.955224 0.957604
ENSG00000228000.1 17 18215218 18215218 + 14 -997891 17_internal_13313 17 16914283 17217327 89 73.5467 1.11474 11.0291 0.035294 0.220014 0.442786 0.416793
ENSG00000237382.2 17 18216074 18216074 + 14 654216 17_internal_8328 17 18870290 18896787 89 78.466 1.04602 12.0992 0.0326141 -0.220859 0.422886 0.404732
ENSG00000177302.9 17 18218321 18218321 - 13 0 17_internal_11776 17 18207821 18380780 89 96.2139 0.984372 14.4254 0.0186417 -0.258983 0.199005 0.19505
ENSG00000176994.9 17 18218624 18218624 + 13 -155908 17_internal_9680 17 18056593 18062716 89 95.9357 0.979161 16.6859 0.0556691 -0.212971 0.577114 0.560962
ENSG00000267350.1 17 18227536 18227536 + 13 0 17_internal_11776 17 18207821 18380780 89 87.2443 1.08472 12.3203 0.0136696 0.296899 0.134328 0.138339
ENSG00000176974.12 17 18266856 18266856 - 13 -47805 17_internal_12397 17 18314661 18673755 89 83.0551 1.03603 11.0072 0.020354 0.251992 0.218905 0.228918
ENSG00000213077.5 17 18430160 18430160 - 14 49380 17_internal_11776 17 18207821 18380780 89 97.8826 0.898795 13.3187 0.0167606 0.261518 0.189055 0.187466
ENSG00000233327.5 17 18445234 18445234 - 14 64454 17_internal_11776 17 18207821 18380780 89 101.203 0.879619 14.5193 0.00858547 0.288266 0.119403 0.101601
ENSG00000227077.2 17 18476045 18476045 + 14 0 17_internal_12397 17 18314661 18673755 89 86.4795 1.07644 13.6546 0.000859919 0.344209 0.0248756 0.00967233
ENSG00000154874.9 17 18528930 18528930 - 15 0 17_internal_12397 17 18314661 18673755 89 83.2289 1.02633 14.4926 5.23619e-12 0.65991 0.00497512 2.06611e-10
ENSG00000174977.7 17 18553508 18553508 + 14 -346970 17_internal_8855 17 18195211 18206538 89 99.0125 0.945815 16.0317 0.101677 0.174977 0.776119 0.773522
ENSG00000189375.6 17 18565263 18565263 - 14 902549 17_internal_11622 17 17614219 17662714 89 83.2984 1.03042 12.4725 0.0305427 -0.238391 0.383085 0.356246
ENSG00000264885.1 17 18572774 18572774 - 14 0 17_internal_12397 17 18314661 18673755 89 78.918 1.05513 10.7857 0.011216 0.229061 0.164179 0.149981
ENSG00000240445.3 17 18576186 18576186 - 14 769689 17_internal_9539 17 17803499 17806497 89 92.2332 0.932033 12.796 0.0115218 0.255079 0.149254 0.143874
ENSG00000224126.2 17 18580574 18580574 + 14 -774077 17_internal_9539 17 17803499 17806497 89 96.3182 0.902921 14.2163 0.0321875 0.218744 0.338308 0.357661
ENSG00000249459.4 17 18585575 18585575 - 14 922861 17_internal_11622 17 17614219 17662714 89 90.634 1.04558 15.3499 0.0431623 -0.209067 0.477612 0.454953
ENSG00000108448.15 17 18601311 18601311 + 14 -538595 17_internal_9680 17 18056593 18062716 89 89.4172 0.912826 13.7507 0.14243 0.160629 0.885572 0.893821
ENSG00000265693.1 17 18607953 18607953 + 14 -801456 17_internal_9539 17 17803499 17806497 89 83.9416 0.957234 11.7939 0.00770248 -0.258492 0.159204 0.120792
ENSG00000171928.9 17 18684308 18684308 + 13 -877811 17_internal_9539 17 17803499 17806497 89 94.4061 1.05291 15.9009 0.0463951 -0.216931 0.437811 0.454326
ENSG00000265478.1 17 18714253 18714253 - 13 871620 17_internal_10712 17 17721277 17842633 89 84.8107 1.06982 11.9889 0.222454 -0.125935 0.950249 0.953372
ENSG00000141127.9 17 18743398 18743398 + 13 14884 17_internal_10523 17 18758282 18825919 89 84.776 0.988457 10.2557 1.1294e-10 0.645325 0.00497512 4.02495e-09
ENSG00000264273.1 17 18764779 18764779 - 13 -142483 17_internal_9510 17 18907262 18924939 89 85.6799 0.955777 12.0903 0.0273181 0.22224 0.338308 0.332059
ENSG00000235672.1 17 18811592 18811592 + 12 -430812 17_internal_11776 17 18207821 18380780 89 98.3867 0.966879 13.3181 0.0633457 0.188916 0.502488 0.516679
ENSG00000154025.11 17 18853658 18853658 + 11 -27739 17_internal_10523 17 18758282 18825919 89 90.1646 0.98473 10.9589 0.00140717 0.332606 0.0199005 0.015288
ENSG00000188522.10 17 18908117 18908117 - 13 82198 17_internal_10523 17 18758282 18825919 89 83.9068 1.05316 13.23 8.49389e-05 0.42078 0.00497512 0.00125797
ENSG00000154016.9 17 18950950 18950950 - 12 125031 17_internal_10523 17 18758282 18825919 89 89.3477 1.05221 12.0462 0.00247033 0.33244 0.0248756 0.0234421
ENSG00000200229.1 17 18965225 18965225 + 13 175499 17_internal_12108 17 19140724 19217454 89 84.7934 1.09211 14.0713 0.0776674 -0.191551 0.691542 0.680267
ENSG00000265185.1 17 18965225 18965225 + 13 528204 17_internal_8176 17 19493429 19498311 89 89.4867 1.03302 12.9809 0.0947735 -0.168091 0.691542 0.710078
ENSG00000262074.2 17 18967449 18967449 - 13 586669 17_internal_11776 17 18207821 18380780 89 87.8701 0.966899 11.747 0.0224395 0.247231 0.268657 0.256322
ENSG00000201750.1 17 18967449 18967449 - 13 42510 17_internal_9510 17 18907262 18924939 89 93.5543 0.990393 12.3731 0.0745013 0.169981 0.577114 0.582677
ENSG00000262202.2 17 19015949 19015949 - 13 -477480 17_internal_8176 17 19493429 19498311 89 80.4477 1.1418 11.9504 0.00220561 -0.33609 0.0149254 0.0255747
ENSG00000199663.1 17 19015949 19015949 - 13 -477480 17_internal_8176 17 19493429 19498311 89 93.8672 1.04719 14.9886 0.017001 -0.259433 0.189055 0.175906
ENSG00000189152.6 17 19030782 19030782 + 13 824374 17_internal_8773 17 19855156 19884649 89 84.8803 1.0511 12.3397 0.0388576 -0.208828 0.393035 0.399776
ENSG00000262319.1 17 19047002 19047002 - 13 -808154 17_internal_8773 17 19855156 19884649 89 83.7504 1.087 11.1146 0.0579184 -0.209091 0.502488 0.491852
ENSG00000202364.1 17 19091329 19091329 + 12 -265410 17_internal_10523 17 18758282 18825919 89 87.0879 0.984888 11.306 0.0140621 0.265029 0.159204 0.163737
ENSG00000263934.1 17 19091329 19091329 + 12 -265410 17_internal_10523 17 18758282 18825919 89 91.0859 0.927388 11.6515 0.014073 0.264989 0.179104 0.166753
ENSG00000264940.1 17 19093558 19093558 - 12 -328839 17_internal_9975 17 19422397 19479850 89 84.0111 1.00818 10.3682 0.067518 -0.19152 0.537313 0.554416
ENSG00000199298.1 17 19093558 19093558 - 12 -328839 17_internal_9975 17 19422397 19479850 89 92.9459 1.00142 14.1172 0.0676582 -0.191428 0.606965 0.593173
ENSG00000072134.11 17 19118928 19118928 + 12 21796 17_internal_12108 17 19140724 19217454 89 82.2033 1.00484 9.70261 0.00170632 0.317984 0.0447761 0.0242362
ENSG00000235397.1 17 19209574 19209574 - 11 383655 17_internal_10523 17 18758282 18825919 89 96.3703 0.988236 11.8688 0.168331 0.141584 0.840796 0.860518
ENSG00000265263.1 17 19239440 19239440 - 11 21986 17_internal_12108 17 19140724 19217454 89 93.9715 0.946269 11.6964 0.00319686 0.310625 0.039801 0.0348838
ENSG00000166484.14 17 19281034 19281034 + 11 -356095 17_internal_9510 17 18907262 18924939 89 69.8789 1.08893 8.28229 0.086444 0.185703 0.636816 0.647835
ENSG00000108641.10 17 19281495 19281495 - 11 356556 17_internal_9510 17 18907262 18924939 89 98.1434 1.05074 13.9889 0.0585783 0.179304 0.492537 0.466041
ENSG00000166482.7 17 19290553 19290553 - 11 -131844 17_internal_9975 17 19422397 19479850 89 86.549 0.987797 11.1466 0.0340411 -0.238175 0.348259 0.345911
ENSG00000128482.10 17 19314438 19314438 + 11 107959 17_internal_9975 17 19422397 19479850 89 87.2096 1.13844 12.027 0.0547757 -0.18853 0.457711 0.44556
ENSG00000189343.6 17 19350169 19350169 - 11 -612415 17_internal_12524 17 19962584 20186792 89 82.2033 1.00564 9.86618 0.0127083 -0.256448 0.179104 0.150799
ENSG00000228331.2 17 19400256 19400256 + 10 22141 17_internal_9975 17 19422397 19479850 89 99.5687 0.918607 11.3604 0.041853 -0.199845 0.338308 0.34206
ENSG00000072210.14 17 19551449 19551449 + 10 -877694 17_internal_12397 17 18314661 18673755 89 103.219 0.906309 10.9426 0.0480914 0.213244 0.323383 0.354088
ENSG00000251786.1 17 19552900 19552900 - 10 726981 17_internal_10523 17 18758282 18825919 89 98.1781 0.982828 11.7498 0.0877783 -0.174883 0.572139 0.596545
ENSG00000264932.1 17 19553248 19553248 - 10 879493 17_internal_12397 17 18314661 18673755 89 92.4592 0.927691 9.64244 0.0104198 0.27054 0.144279 0.102579
ENSG00000180638.13 17 19622292 19622292 - 10 -232864 17_internal_8773 17 19855156 19884649 89 95.5533 0.940201 10.6663 0.0707101 0.206813 0.492537 0.517895
ENSG00000083290.15 17 19771249 19771249 - 10 272938 17_internal_8176 17 19493429 19498311 89 93.2588 1.02669 10.4542 0.0132355 0.260845 0.0995025 0.103796
ENSG00000266126.1 17 19833050 19833050 - 9 936263 17_internal_8328 17 18870290 18896787 89 86.0275 1.15065 9.43658 0.0605701 -0.20755 0.427861 0.402213
ENSG00000108599.9 17 19881656 19881656 - 9 984869 17_internal_8328 17 18870290 18896787 89 100.125 0.963009 9.05717 0.0559956 -0.211312 0.358209 0.343172
ENSG00000128487.12 17 19912657 19912657 + 8 -28008 17_internal_8773 17 19855156 19884649 89 101.481 1.1005 13.0166 0.144698 -0.176813 0.81592 0.780338
ENSG00000154898.11 17 20224477 20224477 + 10 -310342 17_internal_10371 17 19896141 19914135 89 87.0705 1.08727 10.9999 0.0430438 -0.214927 0.368159 0.35993
ENSG00000214832.4 17 20280153 20280153 - 12 -971104 17_internal_8598 17 21251257 21326014 89 78.466 1.14256 11.0552 0.220502 0.115675 0.935323 0.946814
ENSG00000189423.6 17 20327902 20327902 + 12 698115 17_internal_8049 17 21026017 21058038 89 85.6799 0.994175 11.1303 0.088549 0.184899 0.651741 0.672056
ENSG00000226981.2 17 20717933 20717933 + 10 -833284 17_internal_8773 17 19855156 19884649 89 88.7393 0.95986 10.8099 0.141817 -0.151121 0.81592 0.820771
ENSG00000233098.3 17 20771746 20771746 + 10 479511 17_internal_8598 17 21251257 21326014 89 91.451 1.00096 10.8979 0.0240058 -0.258219 0.228856 0.216059
ENSG00000263986.1 17 20903060 20903060 + 9 -716268 17_internal_12524 17 19962584 20186792 89 95.6576 0.896079 10.3318 0.0669014 0.211004 0.502488 0.508156
ENSG00000124422.7 17 20947073 20947073 - 8 -78944 17_internal_8049 17 21026017 21058038 89 91.677 0.969621 7.73124 0.281359 0.122211 0.925373 0.920195
ENSG00000109016.13 17 21026677 21026677 + 8 224580 17_internal_8598 17 21251257 21326014 89 84.5848 0.940492 6.98238 0.0298847 0.223877 0.233831 0.240914
ENSG00000235530.2 17 21117644 21117644 + 8 0 17_internal_9383 17 21111582 21154980 89 99.534 0.91235 8.06035 0.157611 0.128438 0.711443 0.721748
ENSG00000178307.5 17 21117937 21117937 - 8 59899 17_internal_8049 17 21026017 21058038 89 97.8826 0.987285 8.45328 0.0670807 0.189824 0.402985 0.384752
ENSG00000154035.6 17 21156722 21156722 - 8 969930 17_internal_12524 17 19962584 20186792 89 88.409 0.964697 7.75209 0.220646 0.13342 0.845771 0.864874
ENSG00000034152.14 17 21187984 21187984 + 7 0 17_internal_8733 17 21148425 21201726 89 108.66 0.935905 9.80668 0.00303325 -0.331453 0.0149254 0.0140468
ENSG00000184185.5 17 21279509 21279509 + 8 965034 17_internal_10305 17 22244543 25268288 89 85.4539 0.953882 5.92324 0.0738114 -0.185787 0.38806 0.410978
ENSG00000244582.2 17 21407884 21407884 + 8 -349846 17_internal_8049 17 21026017 21058038 89 88.8783 0.957877 8.26184 0.041551 0.215167 0.353234 0.315921
ENSG00000266466.1 17 21436235 21436235 + 8 0 17_internal_11958 17 21239863 25268275 89 111.563 0.97176 11.792 0.0811816 -0.189297 0.482587 0.472505
ENSG00000212719.5 17 21477781 21477781 - 8 419743 17_internal_8049 17 21026017 21058038 89 94.1801 0.916081 8.06343 0.0728143 0.187376 0.427861 0.458914
ENSG00000266050.1 17 21477781 21477781 - 8 276055 17_internal_8733 17 21148425 21201726 89 92.268 1.01682 8.89231 0.112157 0.186152 0.651741 0.622895
ENSG00000263563.1 17 21729601 21729601 + 8 -273900 17_internal_11954 17 21217506 21455701 89 84.8977 0.984749 6.28453 0.0583675 -0.203185 0.378109 0.349453
ENSG00000256618.1 17 22022437 22022437 + 7 -566736 17_internal_11954 17 21217506 21455701 89 111.893 0.859841 8.72743 0.330288 0.103199 0.975124 0.953215
ENSG00000239223.2 17 25601133 25601133 + 9 137734 17_internal_11848 17 25738867 25891082 89 99.3428 0.882856 9.38232 0.00609788 -0.283529 0.079602 0.0534104
ENSG00000109046.10 17 25621102 25621102 + 9 117765 17_internal_11848 17 25738867 25891082 89 91.225 0.948471 8.13343 0.0274572 -0.236826 0.223881 0.210311
ENSG00000264469.1 17 25641669 25641669 + 9 17309 17_internal_8995 17 25658978 25676847 89 91.9725 0.916604 8.00962 0.0974285 0.178075 0.562189 0.576607
ENSG00000141068.9 17 25783670 25783670 + 9 173248 17_internal_8892 17 25956918 25972177 89 69.2357 1.15771 7.28065 0.020314 0.259554 0.199005 0.201278
ENSG00000266853.1 17 25940277 25940277 - 11 -852227 17_internal_9976 17 26792504 26812875 89 76.4844 1.07357 9.41699 0.165967 -0.146483 0.855721 0.862233
ENSG00000266728.1 17 25950390 25950390 + 11 6528 17_internal_8892 17 25956918 25972177 89 81.2646 0.995786 9.10393 0.000650089 0.345524 0.0199005 0.0104047
ENSG00000266872.1 17 25953464 25953464 - 11 685189 17_internal_11958 17 21239863 25268275 89 81.0908 0.94298 10.0768 0.184528 -0.140186 0.915423 0.910407
ENSG00000168961.12 17 25956824 25956824 + 11 94 17_internal_8892 17 25956918 25972177 89 77.1449 1.04156 8.92142 0.00261711 0.324209 0.039801 0.0385859
ENSG00000007171.12 17 26127525 26127525 - 11 514530 17_internal_8037 17 25568583 25612995 89 94.3365 0.986421 11.6612 0.0171721 -0.2626 0.144279 0.157646
ENSG00000266527.1 17 26201671 26201671 + 11 -524824 17_internal_8995 17 25658978 25676847 89 81.4211 1.09647 11.0196 0.0368981 0.210113 0.38806 0.360522
ENSG00000266202.1 17 26220391 26220391 - 11 607396 17_internal_8037 17 25568583 25612995 89 102.889 1.01441 14.9073 0.0409425 0.216079 0.358209 0.337444
ENSG00000232859.4 17 26221778 26221778 - 11 -651635 17_internal_8610 17 26873413 26900522 89 98.6996 0.994851 13.0231 0.0390454 -0.218703 0.323383 0.327271
ENSG00000087095.8 17 26368763 26368763 + 10 -755768 17_internal_8037 17 25568583 25612995 89 105.601 0.950701 11.722 0.0914032 -0.170831 0.557214 0.572513
ENSG00000240873.1 17 26443432 26443432 - 10 626180 17_internal_9828 17 25798863 25817252 89 94.7189 1.02399 10.6332 0.21258 -0.132108 0.930348 0.900976
ENSG00000237575.4 17 26553589 26553589 + 11 739003 17_internal_7939 17 27292592 27311592 89 84.8803 1.07585 11.8082 0.0585222 0.175829 0.542289 0.512054
ENSG00000109084.9 17 26646121 26646121 + 11 -828869 17_internal_9828 17 25798863 25817252 89 75.3371 1.14127 8.94984 0.134989 -0.15856 0.781095 0.771058
ENSG00000109083.9 17 26662515 26662515 - 11 -919122 17_internal_8317 17 27581637 27619739 89 94.493 1.01962 12.2145 0.0491487 0.20213 0.442786 0.403242
ENSG00000109079.5 17 26662628 26662628 + 11 129876 17_internal_9976 17 26792504 26812875 89 87.5051 1.02918 10.1607 0.314916 -0.110381 0.985075 0.978667
ENSG00000004142.6 17 26684545 26684545 - 10 976034 17_internal_9156 17 25694049 25708511 89 93.1371 0.929919 9.57942 0.565048 -0.0592873 1 0.999647
ENSG00000244045.5 17 26684604 26684604 + 10 879638 17_internal_12062 17 27564242 27596970 89 79.4568 1.06354 8.73323 0.11392 -0.165666 0.711443 0.696941
ENSG00000258924.3 17 26684670 26684670 + 10 879572 17_internal_12062 17 27564242 27596970 89 80.6736 0.979186 6.9805 0.0496534 -0.202612 0.328358 0.36872
ENSG00000264302.1 17 26687677 26687677 + 10 -979166 17_internal_9156 17 25694049 25708511 89 89.8518 0.982709 9.05976 0.0578706 0.176624 0.41791 0.418836
ENSG00000265618.1 17 26689881 26689881 - 10 -874361 17_internal_12062 17 27564242 27596970 89 91.7291 0.941368 8.6889 0.0356808 -0.22156 0.278607 0.278531
ENSG00000004139.9 17 26691378 26691378 + 10 -874126 17_internal_9828 17 25798863 25817252 89 97.4307 1.01194 11.6953 0.133399 -0.153802 0.766169 0.760551
ENSG00000258852.2 17 26695033 26695033 - 10 -597559 17_internal_7939 17 27292592 27311592 89 93.4848 0.87449 9.69871 0.187325 -0.130687 0.895522 0.875556
ENSG00000109072.6 17 26697373 26697373 - 10 -866869 17_internal_12062 17 27564242 27596970 89 91.1381 1.02009 11.148 0.0100854 -0.271962 0.114428 0.0929624
ENSG00000255604.2 17 26700110 26700110 - 10 -864132 17_internal_12062 17 27564242 27596970 89 102.506 0.922763 10.4855 0.00344982 -0.300713 0.0348259 0.0246893
ENSG00000264098.1 17 26729128 26729128 + 9 852509 17_internal_8317 17 27581637 27619739 89 82.9682 0.998887 6.81401 0.160526 -0.147721 0.731343 0.731958
ENSG00000265254.1 17 26732258 26732258 + 9 831984 17_internal_12062 17 27564242 27596970 89 97.2047 0.988262 10.3816 0.0086743 0.265648 0.0696517 0.0636318
ENSG00000076351.8 17 26734215 26734215 - 9 916963 17_internal_9828 17 25798863 25817252 89 103.793 1.00539 9.8172 0.0266396 -0.226971 0.164179 0.14996
ENSG00000183405.5 17 26794814 26794814 + 9 497778 17_internal_7939 17 27292592 27311592 89 82.9508 1.1006 9.46484 0.0849744 -0.180531 0.60199 0.574886
ENSG00000109103.7 17 26879686 26879686 - 8 0 17_internal_8610 17 26873413 26900522 89 84.0111 1.01782 6.61422 0.00993942 0.290845 0.079602 0.0744999
ENSG00000087111.16 17 26898890 26898890 - 7 -665352 17_internal_12062 17 27564242 27596970 89 93.6934 0.997581 7.5582 0.145663 0.157363 0.681592 0.667969
ENSG00000265168.1 17 26900135 26900135 + 7 392457 17_internal_7939 17 27292592 27311592 89 114.014 0.971837 9.89389 0.0817524 -0.169878 0.373134 0.403245
ENSG00000109107.9 17 26904282 26904282 - 7 -659960 17_internal_12062 17 27564242 27596970 89 85.9754 1.04933 6.27773 0.275678 0.118571 0.865672 0.867993
ENSG00000227543.3 17 26925808 26925808 + 7 531586 17_internal_8586 17 27457394 27483708 89 85.9928 0.983191 6.97129 0.238452 0.131346 0.845771 0.864548
ENSG00000076382.10 17 26926297 26926297 - 7 25775 17_internal_8610 17 26873413 26900522 89 91.1033 1.0516 7.03358 0.140396 -0.163362 0.621891 0.621059
ENSG00000264608.1 17 26929302 26929302 - 7 116427 17_internal_9976 17 26792504 26812875 89 96.0922 0.917222 6.51958 0.0316366 -0.220732 0.189055 0.185442
ENSG00000265287.2 17 26934981 26934981 + 7 646656 17_internal_8317 17 27581637 27619739 89 87.3834 0.921658 5.38933 0.112156 0.185636 0.507463 0.520423
ENSG00000258472.3 17 26941215 26941215 - 7 -640422 17_internal_8317 17 27581637 27619739 89 91.816 0.94014 5.79003 0.0327146 0.226402 0.179104 0.183805
ENSG00000167524.10 17 26941218 26941218 - 7 -640419 17_internal_8317 17 27581637 27619739 89 90.4602 1.02423 7.88288 0.118431 0.17676 0.621891 0.609687
ENSG00000264044.1 17 26960224 26960224 + 8 993590 17_internal_12154 17 27953814 28087424 89 100.838 0.952364 9.56189 0.0330871 -0.218651 0.20398 0.220779
ENSG00000007202.9 17 26972472 26972472 - 9 -990834 17_internal_8841 17 27963306 28077846 89 87.7137 0.985816 8.49048 0.0222962 -0.247258 0.199005 0.186638
ENSG00000240494.2 17 26982575 26982575 + 9 971239 17_internal_12154 17 27953814 28087424 89 83.4723 0.963778 7.69823 0.0319983 0.218166 0.278607 0.272853
ENSG00000109111.10 17 26989109 26989109 + 9 575133 17_internal_12062 17 27564242 27596970 89 80.8127 1.13889 8.75857 0.28181 -0.11675 0.960199 0.947737
ENSG00000132581.4 17 26989207 26989207 - 9 176332 17_internal_9976 17 26792504 26812875 89 96.4746 1.08994 11.8811 0.0461898 0.210665 0.38806 0.32716
ENSG00000265205.1 17 26999822 26999822 - 9 -581815 17_internal_8317 17 27581637 27619739 89 89.6084 1.00282 9.63736 0.124172 -0.161122 0.706468 0.716376
ENSG00000167525.9 17 27038872 27038872 - 9 -926410 17_internal_9023 17 27965282 28014938 89 93.2762 0.933707 8.72238 0.0249267 -0.242964 0.20398 0.199389
ENSG00000109113.13 17 27045447 27045447 - 9 -411947 17_internal_8586 17 27457394 27483708 89 90.9816 0.936177 8.5103 0.0240367 0.259647 0.243781 0.20069
ENSG00000198242.8 17 27046411 27046411 + 9 907403 17_internal_12154 17 27953814 28087424 89 84.7238 0.952389 8.33451 0.0302875 0.227176 0.243781 0.275092
ENSG00000238423.1 17 27047568 27047568 + 9 917714 17_internal_9023 17 27965282 28014938 89 78.4486 1.17186 8.414 0.151718 -0.145417 0.79602 0.761466
ENSG00000238578.1 17 27049600 27049600 + 9 904214 17_internal_12154 17 27953814 28087424 89 101.863 0.964054 11.1022 0.0591865 0.209781 0.422886 0.406744
ENSG00000264577.1 17 27049895 27049895 - 9 -903919 17_internal_12154 17 27953814 28087424 89 73.0773 1.06576 6.81278 0.131588 0.165222 0.731343 0.701231
ENSG00000238649.1 17 27050447 27050447 + 9 912859 17_internal_8841 17 27963306 28077846 89 84.324 0.957637 8.86641 0.112318 -0.164894 0.716418 0.70131
ENSG00000238597.1 17 27050700 27050700 + 9 914582 17_internal_9023 17 27965282 28014938 89 92.6156 0.962999 8.60392 0.0133226 -0.270408 0.134328 0.10521
ENSG00000160602.9 17 27052915 27052915 + 9 912367 17_internal_9023 17 27965282 28014938 89 95.4838 0.988985 9.31144 0.0768611 -0.181771 0.522388 0.480009
ENSG00000160606.6 17 27054953 27054953 - 9 -237639 17_internal_7939 17 27292592 27311592 89 85.2975 1.02267 8.26763 0.00495187 -0.305737 0.0447761 0.0445484
ENSG00000265073.1 17 27070120 27070120 - 10 -895162 17_internal_9023 17 27965282 28014938 89 112.728 0.944926 15.6942 0.11859 -0.174307 0.741294 0.743856
ENSG00000076604.10 17 27071002 27071002 + 10 -258127 17_internal_9976 17 26792504 26812875 89 83.5244 0.939644 8.30326 0.186591 -0.145246 0.875622 0.858147
ENSG00000265474.1 17 27074670 27074670 - 10 261795 17_internal_9976 17 26792504 26812875 89 90.1646 1.00758 10.9024 0.153949 -0.148342 0.800995 0.830854
ENSG00000265840.1 17 27077097 27077097 - 10 176575 17_internal_8610 17 26873413 26900522 89 87.14 1.04596 9.47762 0.0411512 -0.238676 0.333333 0.322023
ENSG00000243053.2 17 27129462 27129462 + 10 835820 17_internal_9023 17 27965282 28014938 89 96.3355 0.993311 10.6433 0.0555177 0.167654 0.402985 0.399473
ENSG00000238516.1 17 27161740 27161740 + 11 902500 17_internal_8157 17 28064240 28106942 89 100.925 0.954473 12.4375 0.12811 -0.147656 0.746269 0.763563
ENSG00000132591.7 17 27181956 27181956 + 11 951805 17_internal_12410 17 28133761 28239912 89 89.226 0.959948 10.7337 0.0891816 -0.187719 0.646766 0.648009
ENSG00000173065.9 17 27182250 27182250 - 11 -399387 17_internal_8317 17 27581637 27619739 89 83.2289 1.02575 9.62013 0.0241498 -0.243164 0.253731 0.237783
ENSG00000264304.1 17 27219487 27219487 + 12 73105 17_internal_7939 17 27292592 27311592 89 92.4592 0.896915 9.78203 0.017381 -0.247079 0.21393 0.177321
ENSG00000132589.10 17 27224697 27224697 - 12 -356940 17_internal_8317 17 27581637 27619739 89 92.9111 0.950785 12.4088 3.37449e-05 -0.489205 0.00497512 0.000427596
ENSG00000266642.1 17 27224756 27224756 + 12 839484 17_internal_8157 17 28064240 28106942 89 93.1545 0.884399 12.2229 0.0508323 -0.205609 0.472637 0.492928
ENSG00000167536.9 17 27230089 27230089 - 12 -334153 17_internal_12062 17 27564242 27596970 89 92.4939 0.996568 13.1667 0.402639 -0.0920979 1 0.998629
ENSG00000265845.2 17 27253293 27253293 + 12 810947 17_internal_8157 17 28064240 28106942 89 88.3742 1.01045 12.3141 0.0655301 -0.190249 0.572139 0.566749
ENSG00000265908.1 17 27271814 27271814 + 12 693468 17_internal_9023 17 27965282 28014938 89 79.4568 1.0702 10.4189 0.12366 -0.161763 0.810945 0.787121
ENSG00000179761.6 17 27277531 27277531 + 12 786709 17_internal_8157 17 28064240 28106942 89 88.0439 0.935306 9.85476 0.0493141 0.195149 0.422886 0.431799
ENSG00000109118.9 17 27278789 27278789 - 12 -675025 17_internal_12154 17 27953814 28087424 89 84.776 0.997938 9.12594 0.0446561 0.213435 0.402985 0.375192
ENSG00000063015.14 17 27333458 27333458 - 12 -730782 17_internal_8157 17 28064240 28106942 89 89.452 0.987807 12.7968 0.0670593 0.203804 0.567164 0.5901
ENSG00000221995.4 17 27418537 27418537 - 12 -544769 17_internal_8841 17 27963306 28077846 89 92.6852 0.911812 10.3083 0.0759931 0.18947 0.547264 0.568791
ENSG00000263709.1 17 27467501 27467501 + 12 0 17_internal_8586 17 27457394 27483708 89 87.8527 0.89495 11.2013 0.206826 -0.134777 0.950249 0.940839
ENSG00000196535.9 17 27507430 27507430 - 12 -56812 17_internal_12062 17 27564242 27596970 89 87.1922 1.04374 10.547 0.067671 0.199627 0.522388 0.517853
ENSG00000178082.5 17 27531492 27531492 - 12 -433790 17_internal_9023 17 27965282 28014938 89 90.1125 0.978715 11.901 0.0238027 -0.232066 0.233831 0.25041
ENSG00000108255.3 17 27573881 27573881 + 12 490359 17_internal_8157 17 28064240 28106942 89 79.1613 0.957854 8.61303 0.032811 -0.226988 0.333333 0.342203
ENSG00000108256.3 17 27621136 27621136 - 12 -443104 17_internal_8157 17 28064240 28106942 89 83.5244 1.06685 11.0142 0.148117 -0.15714 0.800995 0.840962
ENSG00000266111.1 17 27679087 27679087 + 14 -778565 17_internal_8610 17 26873413 26900522 89 88.0439 1.0294 14.2615 0.0776705 0.184796 0.731343 0.68099
ENSG00000160551.5 17 27717482 27717482 + 14 953055 17_internal_8038 17 28670537 28718198 89 85.2105 0.999973 13.0181 0.0137405 -0.271229 0.21393 0.188591
ENSG00000263719.1 17 27717680 27717680 + 14 -817158 17_internal_8610 17 26873413 26900522 89 93.8672 0.920973 12.5584 0.00980438 0.279687 0.134328 0.118411
ENSG00000264808.1 17 27717795 27717795 - 14 -247487 17_internal_9023 17 27965282 28014938 89 90.9643 1.06342 14.6007 0.0666629 -0.199172 0.616915 0.590612
ENSG00000264031.1 17 27887565 27887565 + 13 176675 17_internal_8157 17 28064240 28106942 89 88.774 1.07214 11.5953 0.0509861 0.203338 0.447761 0.423311
ENSG00000167543.11 17 27893070 27893070 + 13 72212 17_internal_9023 17 27965282 28014938 89 92.6156 0.95628 12.6787 0.0154688 -0.252797 0.199005 0.17416
ENSG00000168792.4 17 27894155 27894155 - 13 -71127 17_internal_9023 17 27965282 28014938 89 80.465 0.930753 11.2977 0.0248273 -0.219699 0.293532 0.347837
ENSG00000264290.1 17 27896598 27896598 + 13 -585006 17_internal_7939 17 27292592 27311592 89 76.102 1.11272 9.8839 0.0605079 -0.190134 0.537313 0.525193
ENSG00000198720.8 17 27916787 27916787 + 12 -433079 17_internal_8586 17 27457394 27483708 89 93.5891 1.02913 13.503 0.00112331 -0.352724 0.0149254 0.00972443
ENSG00000108262.11 17 27921072 27921072 - 12 -744702 17_internal_8161 17 28665774 28693017 89 89.7475 1.07066 12.7728 0.0814655 -0.195637 0.626866 0.627781
ENSG00000264007.1 17 27949272 27949272 - 12 -716502 17_internal_8161 17 28665774 28693017 89 80.1521 1.08701 9.78139 0.0262121 0.215534 0.248756 0.25687
ENSG00000167549.14 17 27949925 27949925 - 12 -3889 17_internal_12154 17 27953814 28087424 89 86.7229 1.05218 11.5262 0.0214416 0.234819 0.248756 0.215975
ENSG00000263370.1 17 27966645 27966645 + 12 -655053 17_internal_7939 17 27292592 27311592 89 99.76 0.984572 15.4713 0.0467996 -0.206172 0.393035 0.433498
ENSG00000222858.1 17 27968720 27968720 - 12 0 17_internal_12154 17 27953814 28087424 89 81.2646 0.875559 8.2919 0.118852 0.144587 0.711443 0.74805
ENSG00000265625.1 17 27972865 27972865 - 12 -692909 17_internal_8161 17 28665774 28693017 89 88.9652 1.05203 12.828 0.0140086 0.272733 0.154229 0.148167
ENSG00000240531.1 17 28043703 28043703 - 12 28765 17_internal_9023 17 27965282 28014938 89 88.6002 1.00256 11.6498 0.0328772 0.225191 0.333333 0.324624
ENSG00000263657.1 17 28088121 28088121 + 13 -73183 17_internal_9023 17 27965282 28014938 89 100.264 0.918837 14.4676 0.0343015 0.222416 0.348259 0.341683
ENSG00000265713.1 17 28103719 28103719 - 13 -112517 17_internal_8511 17 28216236 28247501 89 79.0396 0.989098 10.9253 0.0899689 0.178192 0.726368 0.724593
ENSG00000240074.1 17 28182777 28182777 + 13 482997 17_internal_8161 17 28665774 28693017 89 91.7986 0.953148 12.7288 0.00186643 -0.316027 0.0149254 0.0243586
ENSG00000263477.1 17 28190420 28190420 + 13 -112574 17_internal_8841 17 27963306 28077846 89 106.435 0.927481 17.6639 0.0239237 0.240219 0.243781 0.244085
ENSG00000239129.1 17 28210024 28210024 + 13 0 17_internal_12410 17 28133761 28239912 89 99.6035 0.888467 16.1241 0.167898 0.15326 0.935323 0.934059
ENSG00000176927.10 17 28256218 28256218 + 13 -16306 17_internal_12410 17 28133761 28239912 89 81.4385 1.07749 11.4652 0.00425083 0.305438 0.0497512 0.054799
ENSG00000141298.12 17 28257294 28257294 - 13 169870 17_internal_12154 17 27953814 28087424 89 92.2854 1.03792 12.5744 7.44332e-05 0.389179 0.00497512 0.000514137
ENSG00000126653.11 17 28442539 28442539 + 12 -195038 17_internal_8511 17 28216236 28247501 89 89.3824 0.982352 10.779 0.0405009 -0.223804 0.358209 0.364849
ENSG00000199071.2 17 28444097 28444097 + 12 -824358 17_internal_8317 17 27581637 27619739 89 93.3283 0.819732 10.0578 0.056143 0.228572 0.487562 0.497704
ENSG00000266919.1 17 28444190 28444190 - 12 824451 17_internal_8317 17 27581637 27619739 89 88.3395 1.01393 10.5647 0.056143 0.228572 0.492537 0.455906
ENSG00000265394.1 17 28444515 28444515 - 12 357091 17_internal_12154 17 27953814 28087424 89 83.2637 1.15566 12.7486 0.0784526 0.192568 0.646766 0.635746
ENSG00000265739.1 17 28453136 28453136 - 12 213224 17_internal_12410 17 28133761 28239912 89 92.6678 1.06007 12.6761 0.130354 -0.157234 0.791045 0.793007
ENSG00000266987.1 17 28471808 28471808 - 12 393962 17_internal_8841 17 27963306 28077846 89 96.7527 0.987476 12.7196 0.105078 0.151632 0.711443 0.707446
ENSG00000108576.5 17 28563020 28563020 - 11 456078 17_internal_8157 17 28064240 28106942 89 94.3887 0.980822 10.4436 0.124889 0.147251 0.716418 0.724217
ENSG00000222679.1 17 28615195 28615195 - 10 600257 17_internal_9023 17 27965282 28014938 89 81.5428 1.03469 9.21257 0.106168 0.178424 0.691542 0.685868
ENSG00000108578.10 17 28619074 28619074 - 10 -46700 17_internal_8161 17 28665774 28693017 89 89.7822 0.941014 9.81666 0.00320709 0.300537 0.039801 0.0374014
ENSG00000108582.7 17 28705923 28705923 + 10 -12906 17_internal_8161 17 28665774 28693017 89 85.8189 1.08454 10.1361 0.0362804 0.232231 0.313433 0.299916
ENSG00000108587.10 17 28804380 28804380 + 11 -111363 17_internal_8161 17 28665774 28693017 89 78.2922 1.04302 8.6957 0.00550438 -0.310433 0.0746269 0.0684945
ENSG00000266733.1 17 28884130 28884130 + 13 -806284 17_internal_8841 17 27963306 28077846 89 91.6596 0.940146 12.9078 0.104648 -0.174775 0.756219 0.761904
ENSG00000214719.5 17 28903482 28903482 + 14 -825636 17_internal_8841 17 27963306 28077846 89 95.2926 0.852407 14.6453 0.238457 -0.125774 0.985075 0.981603
ENSG00000248121.2 17 28927814 28927814 + 14 -209616 17_internal_8038 17 28670537 28718198 89 92.0768 0.949247 14.5275 0.146413 -0.164547 0.910448 0.896523
ENSG00000264943.1 17 28951431 28951431 + 14 -873585 17_internal_8841 17 27963306 28077846 89 88.6697 1.04795 13.3708 0.0116907 -0.234075 0.139303 0.13207
ENSG00000250462.3 17 28956698 28956698 + 14 -878852 17_internal_8841 17 27963306 28077846 89 85.367 1.00817 13.3469 0.198921 -0.13577 0.945274 0.955129
ENSG00000264538.2 17 29036317 29036317 + 13 -958471 17_internal_8841 17 27963306 28077846 89 88.0439 1.10767 14.4883 0.100968 0.174231 0.78607 0.760327
ENSG00000265791.1 17 29109239 29109239 - 11 391041 17_internal_8038 17 28670537 28718198 89 78.8311 1.04419 9.94683 0.0429424 0.211406 0.383085 0.420663
ENSG00000266490.1 17 29119390 29119390 + 11 -426373 17_internal_8161 17 28665774 28693017 89 84.7934 1.00424 10.8946 0.0846468 0.18955 0.651741 0.650539
