ENSG00000165521.11 14 89259096 89259096 - 13 -763983 14_internal_6104 14 90023079 90045918 89 88.7914 1.05105 12.4736 0.0608294 -0.201092 0.562189 0.521594
ENSG00000165533.14 14 89290497 89290497 + 13 615756 14_internal_6018 14 89906253 89956994 89 86.3404 1.03898 12.1731 0.0786291 -0.182016 0.646766 0.637193
ENSG00000259151.2 14 89757938 89757938 - 13 -265141 14_internal_6104 14 90023079 90045918 89 88.6176 1.0661 11.3601 0.0600889 0.192441 0.527363 0.478331
ENSG00000258752.1 14 89816629 89816629 + 13 420424 14_internal_6153 14 90237053 90294342 89 92.3201 1.08214 14.5874 0.0307598 0.210529 0.298507 0.300206
ENSG00000258380.1 14 89866339 89866339 + 13 103307 14_internal_6310 14 89969646 89978404 89 77.7012 1.08982 11.1293 0.0198308 0.243952 0.233831 0.246255
ENSG00000258920.1 14 89883698 89883698 + 13 24883 14_internal_6139 14 89908581 89927095 89 81.7514 1.03459 10.6703 0.0989818 -0.180022 0.711443 0.712749
ENSG00000259073.1 14 90042560 90042560 + 13 711507 14_internal_6257 14 90754067 90768912 89 81.5428 1.02944 10.7353 0.0879897 0.177549 0.681592 0.675801
ENSG00000252522.1 14 90052006 90052006 + 13 702061 14_internal_6257 14 90754067 90768912 89 84.6717 1.02282 11.9748 0.0209867 0.253078 0.238806 0.246231
ENSG00000053254.11 14 90085493 90085493 - 14 -668574 14_internal_6257 14 90754067 90768912 89 93.0328 0.937988 12.9826 0.0162671 0.238659 0.189055 0.190837
ENSG00000258792.1 14 90109015 90109015 - 14 -128038 14_internal_6153 14 90237053 90294342 89 95.9705 0.999934 13.7194 0.00672662 -0.298936 0.079602 0.0649388
ENSG00000200312.1 14 90178855 90178855 + 15 894627 14_internal_9047 14 91073482 91271424 89 95.5359 0.923442 14.5084 0.0751747 0.192845 0.671642 0.656565
ENSG00000259053.1 14 90421003 90421003 - 16 -333064 14_internal_6257 14 90754067 90768912 89 80.2391 1.16905 15.8611 0.0382651 0.205105 0.522388 0.475814
ENSG00000140025.11 14 90421121 90421121 - 16 -833035 14_internal_8957 14 91254156 91303800 89 96.6311 0.990612 17.4754 0.0459541 0.205697 0.487562 0.491891
ENSG00000042088.9 14 90421283 90421283 + 16 742132 14_internal_6140 14 91163415 91226415 89 86.6707 1.06726 15.612 0.0999409 -0.18007 0.781095 0.803618
ENSG00000100764.9 14 90722839 90722839 + 20 531317 14_internal_8957 14 91254156 91303800 89 76.0846 1.01535 16.2345 0.0319622 0.235845 0.552239 0.538782
ENSG00000119720.13 14 90798481 90798481 - 21 -455675 14_internal_8957 14 91254156 91303800 89 96.4225 1.0642 22.9129 0.0043027 0.2933 0.0597015 0.053631
ENSG00000242571.1 14 90833523 90833523 - 20 -329892 14_internal_6140 14 91163415 91226415 89 102.958 0.990598 24.2599 0.0110864 0.270173 0.149254 0.144796
ENSG00000198668.6 14 90862846 90862846 + 20 -882967 14_internal_6903 14 89968832 89979879 89 89.7475 1.00069 19.9055 0.167013 0.163488 0.960199 0.972501
ENSG00000258424.1 14 90871579 90871579 - 20 825661 14_internal_6104 14 90023079 90045918 89 98.491 0.906443 20.1537 0.0615482 0.20544 0.656716 0.677253
ENSG00000213315.4 14 91232875 91232875 + 14 -938533 14_internal_6153 14 90237053 90294342 89 78.4834 1.10579 14.1985 0.0278948 0.222642 0.41791 0.382797
ENSG00000165914.10 14 91282823 91282823 - 14 -151308 14_internal_5960 14 91434131 91505906 89 71.426 1.15261 10.2792 0.0197263 0.272651 0.263682 0.256006
ENSG00000133943.14 14 91526677 91526677 + 12 47402 14_internal_7914 14 91574079 91627345 89 87.7832 0.882653 8.79019 0.00838769 0.269936 0.134328 0.105698
ENSG00000100784.5 14 91526980 91526980 - 12 21074 14_internal_5960 14 91434131 91505906 89 93.6064 0.956764 12.8991 0.00383771 0.342674 0.0646766 0.044787
ENSG00000258875.1 14 91709103 91709103 + 15 878033 14_internal_5773 14 92587136 92627900 89 92.1115 1.0066 15.7123 0.0169198 0.265892 0.21393 0.209951
ENSG00000119714.6 14 91720269 91720269 - 15 0 14_internal_8416 14 91689184 91741670 89 95.1014 1.02151 18.2981 0.0330534 0.222259 0.378109 0.389909
ENSG00000260810.1 14 91724643 91724643 + 15 899305 14_internal_6067 14 92623948 93002976 89 105.618 0.964912 20.5774 0.0266788 -0.220285 0.313433 0.294297
ENSG00000265856.1 14 91800057 91800057 + 13 -58387 14_internal_8416 14 91689184 91741670 89 92.0594 1.02044 13.8212 0.0715512 0.185187 0.636816 0.606814
ENSG00000015133.14 14 91884188 91884188 - 13 256843 14_internal_7914 14 91574079 91627345 89 82.4988 0.926654 9.69287 0.0112924 -0.275887 0.149254 0.159058
ENSG00000100796.13 14 91976898 91976898 - 14 -610238 14_internal_5773 14 92587136 92627900 89 109.06 0.826716 14.6428 0.0405001 0.225544 0.358209 0.378355
ENSG00000268657.1 14 92041383 92041383 - 14 414424 14_internal_6106 14 91527275 91626959 89 95.5533 1.02218 13.2336 0.0244052 -0.224374 0.218905 0.222171
ENSG00000258962.2 14 92175455 92175455 + 15 -41264 14_internal_5917 14 92129239 92134191 89 87.1574 0.918741 11.9611 0.0118823 0.26739 0.174129 0.171754
ENSG00000260711.1 14 92226142 92226142 - 15 91951 14_internal_5917 14 92129239 92134191 89 86.0797 0.917729 11.9252 0.070569 0.211126 0.631841 0.642883
ENSG00000133962.3 14 92247051 92247051 - 14 -872695 14_internal_5894 14 93119746 93153645 89 84.1328 0.975672 12.6318 0.03156 -0.224301 0.373134 0.387467
ENSG00000165929.8 14 92333880 92333880 - 12 706535 14_internal_7914 14 91574079 91627345 89 74.1725 1.10446 9.05879 0.053548 -0.22033 0.497512 0.474779
ENSG00000140092.10 14 92414331 92414331 - 12 786986 14_internal_7914 14 91574079 91627345 89 83.2984 1.02462 9.57683 0.360696 0.0989399 0.9801 0.988624
ENSG00000259020.2 14 92492910 92492910 + 14 -775013 14_internal_5680 14 91694564 91717897 89 91.7117 0.935424 12.2957 0.0567886 0.206499 0.502488 0.519933
ENSG00000100815.7 14 92507241 92507241 - 14 879896 14_internal_7914 14 91574079 91627345 89 93.1371 1.03096 13.1443 0.134674 0.167791 0.835821 0.821576
ENSG00000261372.1 14 92516990 92516990 - 14 -911006 14_internal_7643 14 93427996 93432061 89 99.8643 0.846558 13.6503 0.0180804 0.258944 0.208955 0.216101
ENSG00000259634.1 14 92525877 92525877 - 14 -61259 14_internal_5773 14 92587136 92627900 89 80.8648 1.01372 10.9558 0.0143908 0.253518 0.20398 0.190579
ENSG00000066427.16 14 92572965 92572965 - 15 -14171 14_internal_5773 14 92587136 92627900 89 79.7176 1.00885 12.407 0.0268476 0.243238 0.368159 0.363119
ENSG00000183648.3 14 92588261 92588261 - 15 -35687 14_internal_6067 14 92623948 93002976 89 89.0174 1.01884 13.5401 0.0322217 0.244831 0.353234 0.349212
ENSG00000165934.8 14 92588281 92588281 + 15 -960936 14_internal_7914 14 91574079 91627345 89 90.9816 0.972931 14.0928 0.0538725 -0.22389 0.537313 0.536296
ENSG00000100599.11 14 92980118 92980118 + 12 -845927 14_internal_5917 14 92129239 92134191 89 83.8547 1.0217 10.157 0.0252821 -0.246701 0.273632 0.256237
ENSG00000100600.10 14 93215047 93215047 - 12 291235 14_internal_8937 14 92651257 92923812 89 98.0217 0.877196 10.5967 0.0959294 0.172427 0.651741 0.64352
ENSG00000066455.8 14 93260576 93260576 + 12 -632676 14_internal_5773 14 92587136 92627900 89 90.0256 1.03601 10.8297 0.0735708 0.180849 0.552239 0.538216
ENSG00000100604.7 14 93389425 93389425 + 12 38571 14_internal_7643 14 93427996 93432061 89 98.7691 1.07586 15.9776 0.0350408 -0.228549 0.288557 0.312751
ENSG00000258730.1 14 93533797 93533797 + 13 884157 14_internal_6494 14 94417954 94445996 89 100.368 0.937458 14.9492 0.160578 -0.139128 0.885572 0.898891
ENSG00000100605.11 14 93582665 93582665 - 13 579689 14_internal_6067 14 92623948 93002976 89 98.7691 0.938228 14.4556 0.0101076 -0.274342 0.104478 0.109913
ENSG00000165943.4 14 93651273 93651273 - 13 -766681 14_internal_6494 14 94417954 94445996 89 87.818 0.99591 11.1522 0.0545776 -0.210106 0.462687 0.477415
ENSG00000153485.5 14 93651296 93651296 + 13 -727484 14_internal_8937 14 92651257 92923812 89 98.4215 1.05815 16.947 0.00528193 0.251239 0.039801 0.0455923
ENSG00000259066.1 14 93651318 93651318 + 13 -69728 14_internal_8685 14 93437249 93581590 89 85.9754 1.02299 13.193 0.0888988 0.169567 0.736318 0.722212
ENSG00000012963.9 14 93673401 93673401 + 13 744553 14_internal_6494 14 94417954 94445996 89 85.2801 0.875439 9.37804 0.0298851 -0.221629 0.288557 0.332953
ENSG00000170270.4 14 93673439 93673439 - 13 -96263 14_internal_8711 14 93769702 93788308 89 88.183 1.07108 15.2922 0.026853 0.23778 0.318408 0.315497
ENSG00000240096.1 14 93690485 93690485 - 13 -912398 14_internal_7966 14 94602883 94641196 89 108.608 0.994564 18.398 0.0193586 0.266782 0.149254 0.166857
ENSG00000011114.10 14 93799438 93799438 - 13 367377 14_internal_7643 14 93427996 93432061 89 91.9725 1.06711 14.8884 0.00779693 -0.294692 0.0895522 0.0808249
ENSG00000100628.7 14 94443137 94443137 - 10 879246 14_internal_7958 14 93497181 93563891 89 81.3516 1.07599 8.72077 0.0139594 0.245193 0.144279 0.128684
ENSG00000089723.5 14 94492675 94492675 + 10 376768 14_internal_8298 14 94869443 95994533 89 84.098 0.978005 8.74604 0.193788 -0.145217 0.885572 0.872308
ENSG00000089737.11 14 94547591 94547591 - 10 101595 14_internal_6494 14 94417954 94445996 89 84.0807 1.02641 9.58404 0.0718749 -0.209334 0.547264 0.539646
ENSG00000165948.6 14 94547628 94547628 + 10 55255 14_internal_7966 14 94602883 94641196 89 79.3699 1.03675 8.55807 0.0838875 0.181065 0.616915 0.588905
ENSG00000165949.8 14 94571182 94571182 + 9 -995776 14_internal_5924 14 93538630 93575406 89 86.0275 1.10454 7.98086 0.0164381 0.256139 0.0945274 0.107606
ENSG00000119632.3 14 94596590 94596590 - 7 -6293 14_internal_7966 14 94602883 94641196 89 77.6316 1.1514 6.49168 0.0150046 0.256651 0.0895522 0.0995022
ENSG00000119698.7 14 94612465 94612465 + 7 0 14_internal_7966 14 94602883 94641196 89 91.0859 1.0936 7.9225 0.000278857 0.369903 0.00497512 0.00100189
ENSG00000240914.1 14 95267800 95267800 - 5 327085 14_internal_5899 14 94889333 94940715 89 90.999 1.00007 4.97632 0.0624425 -0.192809 0.263682 0.263264
ENSG00000235706.3 14 95623982 95623982 + 5 -683267 14_internal_5899 14 94889333 94940715 89 84.8977 0.99993 5.30216 0.381245 0.0926327 0.930348 0.92884
ENSG00000100697.9 14 95624347 95624347 - 5 683632 14_internal_5899 14 94889333 94940715 89 83.2811 1.00007 4.59599 0.177107 0.14951 0.631841 0.624093
ENSG00000165959.5 14 95786243 95786243 - 4 -780619 14_internal_5792 14 96566862 96716486 89 79.8219 1.00006 3.56547 0.166734 0.148286 0.532338 0.529258
ENSG00000229645.4 14 95876427 95876427 - 5 0 14_internal_8298 14 94869443 95994533 89 84.1502 0.969177 5.31724 7.97495e-05 0.434014 0.00497512 0.000842797
ENSG00000176438.7 14 95942173 95942173 - 4 0 14_internal_8298 14 94869443 95994533 89 94.9102 1.00008 4.22805 7.23833e-06 0.50897 0.00497512 1.51555e-05
ENSG00000258572.1 14 95982473 95982473 + 4 847551 14_internal_7159 14 96830024 96859456 89 96.4746 0.999916 4.54631 0.326627 -0.0988408 0.810945 0.811268
ENSG00000182512.4 14 95999840 95999840 + 4 567022 14_internal_5792 14 96566862 96716486 89 80.4129 1.00003 3.53719 0.00109634 0.359202 0.00497512 0.00677782
ENSG00000252481.1 14 95999966 95999966 - 4 -566896 14_internal_5792 14 96566862 96716486 89 104.071 1.00001 5.35414 0.00147277 0.349683 0.0149254 0.00310923
ENSG00000247092.2 14 96001209 96001209 - 4 210703 14_internal_5995 14 95720991 95790506 89 90.4254 1.00006 4.0533 0.444005 -0.0793111 0.910448 0.904886
ENSG00000258927.1 14 96087251 96087251 + 4 742773 14_internal_7159 14 96830024 96859456 89 93.676 1.00007 4.15299 0.160414 -0.150455 0.502488 0.490252
ENSG00000187621.10 14 96116835 96116835 + 4 713189 14_internal_7159 14 96830024 96859456 89 86.8619 1.00004 4.02975 0.0480764 -0.21533 0.189055 0.189678
ENSG00000259084.1 14 96129593 96129593 + 4 700431 14_internal_7159 14 96830024 96859456 89 80.6562 0.99991 3.81371 0.0301301 -0.239031 0.129353 0.140971
ENSG00000227051.4 14 96505661 96505661 + 7 61201 14_internal_5792 14 96566862 96716486 89 91.9377 0.952871 6.87188 0.000283854 0.393924 0.00497512 0.00212853
ENSG00000100744.10 14 96829814 96829814 + 8 210 14_internal_7159 14 96830024 96859456 89 88.6697 1.06117 9.2285 0.209481 0.147368 0.905473 0.875726
ENSG00000066739.7 14 96830207 96830207 - 8 835674 14_internal_8298 14 94869443 95994533 89 97.3611 1.03137 9.68353 0.0456098 0.186732 0.338308 0.288477
ENSG00000140057.4 14 96858448 96858448 + 9 825807 14_internal_6621 14 97684255 97720607 89 110.311 0.9201 14.3274 0.29474 -0.1171 0.9801 0.984381
ENSG00000090060.13 14 96967770 96967770 + 9 -973237 14_internal_8298 14 94869443 95994533 89 89.8865 1.1142 10.4425 0.0418572 -0.224652 0.323383 0.302485
ENSG00000260806.1 14 96968658 96968658 - 9 252172 14_internal_5792 14 96566862 96716486 89 100.368 0.907482 10.1024 0.0461513 0.223265 0.338308 0.340043
ENSG00000258702.1 14 97059070 97059070 + 8 625185 14_internal_6621 14 97684255 97720607 89 87.3312 0.973972 6.75119 0.12221 0.166171 0.621891 0.607584
ENSG00000100749.3 14 97263641 97263641 + 8 0 14_internal_8342 14 97248578 97454716 89 91.6943 1.01923 8.71483 0.0432023 0.233719 0.283582 0.291712
ENSG00000258825.1 14 97397704 97397704 + 8 -135155 14_internal_6523 14 97259054 97262549 89 92.8416 1.01311 9.53882 0.221079 -0.126189 0.885572 0.893917
ENSG00000225163.3 14 97409916 97409916 + 8 -550460 14_internal_7159 14 96830024 96859456 89 99.0994 0.960645 10.1899 0.00471012 0.29749 0.0447761 0.0334683
ENSG00000246084.2 14 97925153 97925153 + 6 0 14_internal_8591 14 97717581 99741670 89 86.6881 0.947517 5.71151 0.00266916 0.319153 0.0348259 0.0216753
ENSG00000246223.4 14 98444461 98444461 - 4 989745 14_internal_8342 14 97248578 97454716 89 97.8479 0.999988 4.44669 0.482986 -0.0764115 0.940299 0.936429
ENSG00000258511.1 14 98602411 98602411 + 3 0 14_internal_8591 14 97717581 99741670 89 102.646 1 3.41626 0.38361 0.0962307 0.751244 0.769563
ENSG00000259097.1 14 98671480 98671480 - 3 0 14_internal_8591 14 97717581 99741670 89 74.5027 0.99992 2.44523 0.421816 -0.081082 0.766169 0.781001
ENSG00000232573.1 14 99439638 99439638 - 2 0 14_internal_8591 14 97717581 99741670 89 91.7986 0.999976 2.19188 0.319156 0.10194 0.537313 0.558911
ENSG00000234648.1 14 99439651 99439651 + 2 0 14_internal_8591 14 97717581 99741670 89 95.7271 0.999976 2.09793 0.267688 0.105837 0.41791 0.45351
ENSG00000229402.1 14 99624753 99624753 + 2 0 14_internal_8591 14 97717581 99741670 89 87.4703 0.999932 1.9657 0.0831158 0.189742 0.164179 0.161729
ENSG00000235785.1 14 99729285 99729285 + 2 0 14_internal_8591 14 97717581 99741670 89 91.4336 0.999988 2.21155 0.00259521 0.338931 0.00995025 0.00500169
ENSG00000127152.13 14 99737861 99737861 - 2 0 14_internal_8591 14 97717581 99741670 89 93.7629 1.00006 2.05028 0.777747 0.0314337 0.965174 0.951739
ENSG00000183576.8 14 99947216 99947216 - 4 -803846 14_internal_5752 14 100751062 102229382 89 82.3598 0.999875 3.60904 0.249677 -0.13144 0.691542 0.676088
ENSG00000090061.13 14 99947506 99947506 + 4 795898 14_internal_8518 14 100743404 100915796 89 84.0285 0.999923 3.98703 0.0155774 -0.270789 0.0646766 0.0728398
ENSG00000258749.1 14 99978838 99978838 + 4 772224 14_internal_5752 14 100751062 102229382 89 95.675 0.99997 3.92898 0.255114 0.113897 0.671642 0.656186
ENSG00000205476.4 14 100070363 100070363 - 5 -680699 14_internal_5752 14 100751062 102229382 89 81.2473 1.00006 4.75482 0.107941 0.169627 0.457711 0.469016
ENSG00000247970.2 14 100070893 100070893 + 5 680169 14_internal_5752 14 100751062 102229382 89 95.6229 1 4.77035 0.0861765 -0.183076 0.298507 0.31145
ENSG00000182218.5 14 100111447 100111447 + 5 631957 14_internal_8518 14 100743404 100915796 89 99.4123 0.999989 5.68045 0.256207 -0.108627 0.791045 0.773442
ENSG00000036530.4 14 100150641 100150641 + 6 847249 14_internal_7902 14 100997890 101112696 89 90.2342 1.03597 6.7065 0.549287 0.0625177 0.99005 0.994651
ENSG00000196405.8 14 100437786 100437786 + 7 560104 14_internal_7902 14 100997890 101112696 89 89.9213 0.947598 6.73628 0.0181785 -0.257133 0.134328 0.128395
ENSG00000258560.1 14 100541215 100541215 - 8 -929047 14_internal_8341 14 101470262 101589077 89 73.3902 1.07664 6.81315 0.188803 0.140975 0.840796 0.817635
ENSG00000265154.1 14 100575851 100575851 - 8 -422039 14_internal_7902 14 100997890 101112696 89 94.2496 1.04828 8.51596 0.0753939 0.174556 0.437811 0.424802
ENSG00000199082.1 14 100575992 100575992 + 8 558889 14_internal_7888 14 101134881 101178856 89 94.4582 1.01482 7.51605 0.205135 0.133283 0.840796 0.793917
ENSG00000168350.6 14 100626500 100626500 - 8 -508381 14_internal_7888 14 101134881 101178856 89 84.776 0.956421 7.14088 0.0305851 -0.260312 0.228856 0.241869
ENSG00000100811.5 14 100704635 100704635 + 8 430246 14_internal_7888 14 101134881 101178856 89 87.4355 0.962839 7.7908 0.12 -0.175723 0.626866 0.656371
ENSG00000258982.1 14 100704892 100704892 - 8 554357 14_internal_6752 14 100138737 100150535 89 82.4293 1.12644 7.81415 0.0783969 -0.175861 0.482587 0.466917
ENSG00000258522.1 14 100715854 100715854 - 8 -459603 14_internal_6105 14 101175457 101310323 89 85.593 1.01922 6.92351 0.013248 0.27223 0.0945274 0.0953185
ENSG00000258904.1 14 100730118 100730118 + 8 -988448 14_internal_8591 14 97717581 99741670 89 84.7412 0.895853 6.70828 0.00404607 -0.295478 0.0597015 0.0490756
ENSG00000258504.1 14 100757453 100757453 + 7 0 14_internal_8518 14 100743404 100915796 89 82.7596 0.962808 5.82564 0.000197728 0.402522 0.00995025 0.00247434
ENSG00000259052.1 14 100757793 100757793 - 7 -240097 14_internal_7902 14 100997890 101112696 89 97.1699 0.960188 7.9278 0.0307154 0.227388 0.199005 0.189602
ENSG00000197119.7 14 100772884 100772884 - 7 0 14_internal_8518 14 100743404 100915796 89 87.6963 0.959867 6.8069 2.64697e-05 0.445714 0.00497512 0.000294366
ENSG00000258666.1 14 100800127 100800127 + 7 0 14_internal_8518 14 100743404 100915796 89 91.2771 1.03116 8.04287 0.12275 -0.163116 0.626866 0.623202
ENSG00000258521.1 14 100806169 100806169 + 7 664093 14_internal_8341 14 101470262 101589077 89 106.07 1.07361 8.03031 0.223582 0.138465 0.766169 0.783907
ENSG00000258581.2 14 100832965 100832965 + 7 301916 14_internal_7888 14 101134881 101178856 89 84.776 0.973121 5.82897 0.0511592 -0.188068 0.293532 0.301858
ENSG00000176473.9 14 100842755 100842755 + 7 155135 14_internal_7902 14 100997890 101112696 89 85.5408 1.07629 6.83921 0.0533356 0.198689 0.328358 0.302942
ENSG00000140105.11 14 100843142 100843142 - 7 0 14_internal_8518 14 100743404 100915796 89 88.9305 0.977626 6.88119 0.000439162 -0.368014 0.0199005 0.00348079
ENSG00000258500.2 14 100947289 100947289 + 7 187592 14_internal_7888 14 101134881 101178856 89 103.688 0.953983 9.00229 0.325575 -0.101807 0.970149 0.957052
ENSG00000259031.1 14 101005276 101005276 + 7 0 14_internal_7902 14 100997890 101112696 89 93.0154 1.04656 8.50735 0.000298629 0.378567 0.00497512 0.00135611
ENSG00000183092.11 14 101053750 101053750 - 7 0 14_internal_7902 14 100997890 101112696 89 91.59 1.03536 7.45604 3.58247e-11 0.635173 0.00497512 6.13841e-11
ENSG00000241494.1 14 102144280 102144280 + 14 27341 14_internal_6717 14 102171621 102231426 89 99.6035 1.07586 16.9477 0.0935075 0.167276 0.696517 0.711345
ENSG00000258512.1 14 102196774 102196774 + 13 0 14_internal_6717 14 102171621 102231426 89 96.4746 0.991946 14.2798 0.081338 0.191909 0.666667 0.645888
ENSG00000078304.13 14 102228135 102228135 + 13 836555 14_internal_5935 14 103064690 103167618 89 76.2932 1.02136 9.801 0.0635401 0.216967 0.61194 0.57633
ENSG00000259088.1 14 102276658 102276658 - 14 -963734 14_internal_8309 14 103240392 103262661 89 81.96 1.04652 12.972 0.00653146 0.280301 0.114428 0.0989321
ENSG00000256705.3 14 102305868 102305868 - 14 -758822 14_internal_5935 14 103064690 103167618 89 81.734 1.20505 13.8282 0.00806609 0.269962 0.079602 0.0887117
ENSG00000259161.2 14 102310459 102310459 - 13 -754231 14_internal_5935 14 103064690 103167618 89 88.6176 0.98019 14.5299 0.0399013 0.217019 0.452736 0.45975
ENSG00000197102.6 14 102430865 102430865 + 13 385339 14_internal_5657 14 102816204 102839199 89 83.3332 1.08954 12.1924 0.0210774 0.26783 0.253731 0.234414
ENSG00000259013.2 14 102435938 102435938 - 13 846861 14_internal_8341 14 101470262 101589077 89 87.6789 1.05252 12.4331 0.0446211 -0.201464 0.402985 0.420262
ENSG00000258959.1 14 102532565 102532565 - 13 -561466 14_internal_6134 14 103094031 103136681 89 88.2352 0.981565 11.5251 0.0908611 0.186775 0.686567 0.679522
ENSG00000140153.13 14 102605840 102605840 + 13 81365 14_internal_7815 14 102687205 102775636 89 92.4766 1.07133 14.4262 0.0316125 0.219926 0.293532 0.308278
ENSG00000080824.13 14 102606036 102606036 - 13 -210168 14_internal_5657 14 102816204 102839199 89 83.2115 0.98938 11.3248 0.0436395 0.231529 0.477612 0.453123
ENSG00000080823.16 14 102771537 102771537 - 13 -132398 14_internal_6448 14 102903935 102992399 89 89.2781 0.977843 11.4703 0.0395684 -0.214179 0.358209 0.378923
ENSG00000022976.11 14 102783714 102783714 + 13 243052 14_internal_6509 14 103026766 103047026 89 78.9354 1.04793 10.6537 0.0362852 0.223 0.402985 0.390186
ENSG00000100865.10 14 102829253 102829253 - 14 -197513 14_internal_6509 14 103026766 103047026 89 99.1863 0.914027 15.7064 0.118263 0.172471 0.830846 0.829252
ENSG00000196663.11 14 102829300 102829300 + 14 74635 14_internal_6448 14 102903935 102992399 89 99.6035 0.894371 15.534 0.0719967 0.199308 0.626866 0.644414
ENSG00000156381.4 14 102976136 102976136 - 14 -6671 14_internal_7010 14 102982807 103022371 89 91.1902 1.02859 15.9388 0.0431158 -0.225205 0.487562 0.47006
ENSG00000089902.7 14 103058998 103058998 + 14 -36627 14_internal_7010 14 102982807 103022371 89 97.448 0.945741 15.3951 0.00379925 0.302204 0.0547264 0.0452182
ENSG00000230988.3 14 103129045 103129045 - 15 0 14_internal_6134 14 103094031 103136681 89 95.1535 0.948472 14.2824 0.0650351 0.19865 0.59204 0.586942
ENSG00000131323.10 14 103243813 103243813 + 13 0 14_internal_8309 14 103240392 103262661 89 83.0725 1.05473 12.0125 0.000643997 0.365486 0.0149254 0.00898606
ENSG00000238853.1 14 103255928 103255928 - 13 393151 14_internal_7067 14 102816490 102862777 89 96.4398 0.932185 13.2201 0.00863271 -0.274986 0.0895522 0.0966789
ENSG00000166126.6 14 103388993 103388993 + 13 -526216 14_internal_7067 14 102816490 102862777 89 81.96 0.963035 10.63 0.0542579 -0.194294 0.497512 0.526784
ENSG00000259515.1 14 103399911 103399911 + 14 168622 14_internal_7243 14 103568533 103747396 89 91.9725 0.943494 14.5635 0.0277937 0.204942 0.343284 0.338259
ENSG00000198752.5 14 103523799 103523799 - 14 -298004 14_internal_6155 14 103821803 103889417 89 79.648 1.01031 11.2373 0.021469 -0.230056 0.293532 0.282385
ENSG00000185215.4 14 103589779 103589779 + 14 -453098 14_internal_6134 14 103094031 103136681 89 96.8223 1.0894 17.2446 0.0473522 -0.210959 0.452736 0.450851
ENSG00000259775.1 14 103798704 103798704 - 13 536043 14_internal_8309 14 103240392 103262661 89 87.001 1.05606 14.0268 0.0642708 0.184474 0.616915 0.600351
ENSG00000100664.6 14 103799881 103799881 + 13 -52485 14_internal_7243 14 103568533 103747396 89 83.1768 1.03044 10.5091 0.188645 -0.150753 0.905473 0.904275
ENSG00000207315.1 14 103804186 103804186 + 13 -56790 14_internal_7243 14 103568533 103747396 89 81.7166 1.11762 13.6774 0.0722131 -0.19714 0.691542 0.659685
ENSG00000075413.13 14 103851729 103851729 + 12 -804703 14_internal_6509 14 103026766 103047026 89 72.1387 1.10166 7.97002 0.0785282 -0.187643 0.587065 0.57499
ENSG00000244691.1 14 103879098 103879098 - 12 886699 14_internal_6448 14 102903935 102992399 89 82.0469 1.06588 11.2255 0.0886424 -0.185299 0.661692 0.677437
ENSG00000166165.8 14 103989448 103989448 - 12 -876310 14_internal_8851 14 104865758 105124796 89 75.7717 1.02926 8.50433 0.0525035 -0.188389 0.452736 0.465118
ENSG00000260285.1 14 103995409 103995409 - 11 105992 14_internal_6155 14 103821803 103889417 89 96.8918 0.878808 9.90633 0.0951436 0.183159 0.597015 0.624298
ENSG00000166166.8 14 103995521 103995521 + 11 870237 14_internal_8851 14 104865758 105124796 89 93.5891 0.974066 12.8508 0.0142537 -0.266381 0.159204 0.151926
ENSG00000258851.1 14 104019758 104019758 + 11 846000 14_internal_8851 14 104865758 105124796 89 89.6779 1.05134 10.4398 0.022606 0.23969 0.179104 0.188623
ENSG00000126214.15 14 104028233 104028233 + 10 61897 14_internal_7545 14 104090130 104106354 89 93.224 1.01638 10.3617 0.0167758 0.268886 0.149254 0.134044
ENSG00000166170.9 14 104029168 104029168 - 10 766507 14_internal_8309 14 103240392 103262661 89 96.5789 0.931514 10.5285 0.291542 -0.113807 0.970149 0.968913
ENSG00000256500.3 14 104029299 104029299 + 10 60831 14_internal_7545 14 104090130 104106354 89 91.4336 0.946167 9.72432 0.115472 0.167225 0.666667 0.700654
ENSG00000256053.2 14 104029299 104029299 + 10 836459 14_internal_8851 14 104865758 105124796 89 97.2395 1.15118 12.4482 0.000274907 -0.367107 0.00497512 0.000638974
ENSG00000246451.2 14 104150352 104150352 - 7 43998 14_internal_7545 14 104090130 104106354 89 92.2506 1.06835 8.38498 0.00706732 0.286161 0.039801 0.0396917
ENSG00000224997.1 14 104177607 104177607 + 6 688151 14_internal_8851 14 104865758 105124796 89 77.4404 0.999986 5.43094 0.0118779 -0.283125 0.0845771 0.0988938
ENSG00000126215.9 14 104181841 104181841 - 6 -683917 14_internal_8851 14 104865758 105124796 89 98.717 0.948389 5.99628 0.0523957 -0.20775 0.228856 0.243409
ENSG00000100711.8 14 104182067 104182067 + 6 -919406 14_internal_8309 14 103240392 103262661 89 82.4119 1.08734 6.22582 0.155571 -0.155615 0.661692 0.659016
ENSG00000088808.12 14 104313927 104313927 - 6 -551831 14_internal_8851 14 104865758 105124796 89 82.5684 1.00001 5.12828 0.00997641 -0.280336 0.079602 0.0653476
ENSG00000258534.1 14 104346448 104346448 - 6 599052 14_internal_7243 14 103568533 103747396 89 93.4326 0.911154 6.03172 0.0872528 -0.169893 0.422886 0.436986
ENSG00000156411.5 14 104394606 104394606 - 6 505189 14_internal_6155 14 103821803 103889417 89 85.8711 1.00615 5.86344 0.222477 -0.13157 0.791045 0.783627
ENSG00000156414.14 14 104394799 104394799 + 6 -288445 14_internal_7545 14 104090130 104106354 89 87.6441 1.02782 6.2609 0.368487 -0.100193 0.930348 0.943176
ENSG00000203485.7 14 105155943 105155943 + 5 -31147 14_internal_8851 14 104865758 105124796 89 95.4143 1.00007 4.86511 0.0182185 0.233354 0.0547264 0.0684724
ENSG00000258858.1 14 105157621 105157621 - 5 32825 14_internal_8851 14 104865758 105124796 89 95.5012 1.00003 5.31107 0.172122 0.159401 0.61194 0.596696
ENSG00000185100.5 14 105190523 105190523 + 5 43860 14_internal_6058 14 105234383 105269349 89 99.9686 0.97303 5.8839 0.133069 0.167705 0.522388 0.512866
ENSG00000184990.8 14 105219437 105219437 + 5 14946 14_internal_6058 14 105234383 105269349 89 96.4051 0.978068 5.53231 0.091112 -0.185817 0.378109 0.374419
ENSG00000258430.1 14 105235686 105235686 + 5 288241 14_internal_6799 14 105523927 105554029 89 97.1004 0.999942 4.86507 0.0112111 -0.264104 0.0298507 0.0386124
ENSG00000142208.11 14 105262088 105262088 - 5 -591093 14_internal_7300 14 105853181 105878942 89 93.9541 0.999999 5.07309 0.0629329 -0.186897 0.243781 0.253515
ENSG00000179627.9 14 105266933 105266933 + 5 -142137 14_internal_8851 14 104865758 105124796 89 84.7934 1.00003 4.60286 0.260225 0.125809 0.776119 0.767834
ENSG00000258701.1 14 105287538 105287538 + 5 -162742 14_internal_8851 14 104865758 105124796 89 91.8334 1.00001 5.16446 0.0108275 -0.270046 0.0547264 0.0487673
ENSG00000258811.1 14 105309000 105309000 + 5 214927 14_internal_6799 14 105523927 105554029 89 81.4385 1.00001 4.31298 0.184816 0.13365 0.646766 0.627694
ENSG00000099814.9 14 105331617 105331617 + 5 -62268 14_internal_6058 14 105234383 105269349 89 85.3844 0.999988 4.35413 0.110372 -0.168849 0.41791 0.420926
ENSG00000166428.8 14 105391153 105391153 + 5 132774 14_internal_6799 14 105523927 105554029 89 109.442 0.99994 5.30299 0.051021 0.219988 0.164179 0.150992
ENSG00000185567.6 14 105444694 105444694 - 4 -79233 14_internal_6799 14 105523927 105554029 89 88.409 0.999914 3.11737 0.0188354 0.226915 0.0895522 0.0587703
ENSG00000140104.9 14 105452112 105452112 + 4 -182763 14_internal_6058 14 105234383 105269349 89 90.5471 0.999979 3.65914 0.253342 -0.124773 0.656716 0.649698
ENSG00000170779.10 14 105487485 105487485 - 4 218136 14_internal_6058 14 105234383 105269349 89 76.8842 1.00001 3.03647 0.112042 -0.162192 0.402985 0.367118
ENSG00000183484.7 14 105531782 105531782 - 4 -321399 14_internal_7300 14 105853181 105878942 89 96.2139 1.00005 4.04396 0.0333333 -0.237707 0.124378 0.10437
ENSG00000257556.1 14 105559946 105559946 + 5 -435150 14_internal_8851 14 104865758 105124796 89 76.0498 1.00009 3.67137 0.110338 0.171657 0.432836 0.425517
ENSG00000184916.4 14 105635161 105635161 - 5 -218020 14_internal_7300 14 105853181 105878942 89 83.2984 0.99999 4.069 0.10029 0.175615 0.402985 0.383047
ENSG00000257816.1 14 105639541 105639541 + 5 911330 14_internal_9462 14 106550871 106934730 89 98.7865 1.00001 4.9645 0.0160206 -0.259491 0.0597015 0.0541192
ENSG00000257622.1 14 105647531 105647531 - 5 522735 14_internal_8851 14 104865758 105124796 89 90.4254 1.00008 5.00567 0.024998 0.21321 0.139303 0.113831
ENSG00000183828.9 14 105647660 105647660 - 5 -903211 14_internal_9462 14 106550871 106934730 89 93.8498 1.0001 5.07532 0.0198195 -0.257824 0.104478 0.0820104
ENSG00000184887.9 14 105714827 105714827 + 5 -160798 14_internal_6799 14 105523927 105554029 89 88.8957 0.999961 5.17836 0.0192242 -0.252493 0.0995025 0.0959822
ENSG00000179364.9 14 105766900 105766900 + 5 -212871 14_internal_6799 14 105523927 105554029 89 87.8527 0.9999 4.3169 0.228723 -0.119804 0.656716 0.679637
ENSG00000185024.11 14 105781926 105781926 - 5 -768945 14_internal_9462 14 106550871 106934730 89 89.6432 1.0001 4.76855 0.0467487 0.21 0.223881 0.200926
ENSG00000242085.1 14 105840955 105840955 + 5 -716159 14_internal_8851 14 104865758 105124796 89 92.4244 0.999957 5.37368 0.0720987 -0.190349 0.303483 0.310365
ENSG00000256498.1 14 105861979 105861979 + 6 -737183 14_internal_8851 14 104865758 105124796 89 77.2666 1.00013 4.837 0.274369 0.114021 0.855721 0.832256
ENSG00000226174.2 14 105864916 105864916 + 6 989843 14_internal_7258 14 106854759 106950890 89 88.183 1.00002 5.4336 0.0920104 -0.181843 0.412935 0.413463
ENSG00000251602.2 14 105886076 105886076 - 6 616727 14_internal_6058 14 105234383 105269349 89 94.2148 0.90658 5.7075 0.0535893 -0.204159 0.283582 0.281399
ENSG00000182979.12 14 105886159 105886159 + 6 664712 14_internal_9462 14 106550871 106934730 89 87.5746 0.961454 5.72382 0.0402128 0.218725 0.21393 0.232758
ENSG00000257270.1 14 105936954 105936954 - 6 812158 14_internal_8851 14 104865758 105124796 89 90.8947 0.959306 6.03489 0.1557 0.150703 0.661692 0.645065
ENSG00000182809.6 14 105939299 105939299 + 6 -669950 14_internal_6058 14 105234383 105269349 89 92.6504 1.07897 7.31837 0.0376405 -0.217822 0.208955 0.193191
ENSG00000213145.5 14 105952654 105952654 + 7 -827858 14_internal_8851 14 104865758 105124796 89 90.5818 0.873312 5.58619 0.0291518 0.232708 0.19403 0.192299
ENSG00000257341.1 14 105953536 105953536 + 7 -828740 14_internal_8851 14 104865758 105124796 89 87.0531 1.08955 7.10106 0.0167101 0.256183 0.109453 0.0968293
ENSG00000185347.12 14 105956192 105956192 + 7 898567 14_internal_7258 14 106854759 106950890 89 87.9223 0.987515 6.37188 0.293023 0.113082 0.895522 0.895195
ENSG00000184986.6 14 105992940 105992940 + 8 -113998 14_internal_7300 14 105853181 105878942 89 94.8059 0.958108 8.10261 0.0739113 0.181544 0.442786 0.440307
ENSG00000211890.3 14 106054732 106054732 - 8 -895275 14_internal_7333 14 106950007 106996214 89 84.8803 1.05421 7.58721 0.176973 -0.133046 0.78607 0.77743
ENSG00000211892.2 14 106092403 106092403 - 8 823054 14_internal_6058 14 105234383 105269349 89 93.45 0.97187 9.22039 0.164188 -0.149127 0.79602 0.794164
ENSG00000211893.3 14 106111127 106111127 - 8 -743632 14_internal_7258 14 106854759 106950890 89 80.7084 1.03933 7.23237 0.0341906 -0.226441 0.273632 0.259885
ENSG00000253364.1 14 106115394 106115394 - 8 -739365 14_internal_7258 14 106854759 106950890 89 98.6822 1.08098 9.90729 0.0319881 -0.230429 0.21393 0.182853
ENSG00000253755.1 14 106136180 106136180 - 7 -718579 14_internal_7258 14 106854759 106950890 89 75.5283 1.00013 5.12006 0.0933236 -0.180611 0.472637 0.487205
ENSG00000211895.3 14 106175002 106175002 - 8 -679757 14_internal_7258 14 106854759 106950890 89 90.4602 0.976666 7.84564 0.095845 -0.167493 0.547264 0.546261
ENSG00000211896.2 14 106209408 106209408 - 8 -645351 14_internal_7258 14 106854759 106950890 89 80.8996 0.963009 6.79344 0.0560133 -0.199677 0.40796 0.400254
ENSG00000211897.3 14 106237742 106237742 - 8 -617017 14_internal_7258 14 106854759 106950890 89 83.6809 1.16009 8.38525 0.0286884 -0.225143 0.189055 0.190728
ENSG00000211898.3 14 106312010 106312010 - 7 -542749 14_internal_7258 14 106854759 106950890 89 84.7064 1.01851 6.14872 0.254245 -0.118795 0.840796 0.846749
ENSG00000211899.3 14 106322323 106322323 - 7 -627684 14_internal_7333 14 106950007 106996214 89 101.098 0.994776 7.03558 0.103567 0.162086 0.462687 0.457437
ENSG00000211900.2 14 106329468 106329468 - 7 -525291 14_internal_7258 14 106854759 106950890 89 103.706 0.959708 8.99836 0.0274545 -0.215596 0.154229 0.158797
ENSG00000242472.1 14 106330072 106330072 - 7 776043 14_internal_6799 14 105523927 105554029 89 88.9652 1.07296 7.07464 0.148228 0.145636 0.656716 0.651336
ENSG00000240041.1 14 106330470 106330470 - 7 -524289 14_internal_7258 14 106854759 106950890 89 80.6389 1.07199 6.47703 0.21882 -0.125207 0.835821 0.816459
ENSG00000242887.1 14 106330845 106330845 - 7 -523914 14_internal_7258 14 106854759 106950890 89 74.8852 1.02189 5.77354 0.303586 -0.108994 0.915423 0.910527
ENSG00000226777.3 14 106383838 106383838 + 7 766213 14_internal_7650 14 107150051 107180283 89 85.5234 0.987193 6.24472 0.110179 -0.175586 0.537313 0.547306
ENSG00000211933.2 14 106406108 106406108 - 7 -743943 14_internal_7650 14 107150051 107180283 89 96.1443 0.953259 6.55378 0.0865627 -0.186588 0.402985 0.421523
ENSG00000225200.2 14 106445233 106445233 - 7 -704818 14_internal_7650 14 107150051 107180283 89 93.3283 1.03401 7.87758 0.21601 -0.125598 0.825871 0.827945
ENSG00000211934.2 14 106453170 106453170 - 7 -508131 14_internal_8253 14 106961301 107083981 89 91.8334 1.04853 6.65434 0.278462 0.112086 0.855721 0.868717
ENSG00000211935.2 14 106471723 106471723 - 7 917694 14_internal_6799 14 105523927 105554029 89 109.199 0.853043 7.64667 0.0922812 0.176976 0.427861 0.460801
ENSG00000211936.2 14 106478603 106478603 - 7 -376156 14_internal_7258 14 106854759 106950890 89 83.6635 1.04765 6.69216 0.0630157 -0.189471 0.393035 0.369589
ENSG00000211937.2 14 106494597 106494597 - 7 -360162 14_internal_7258 14 106854759 106950890 89 101.585 0.96441 7.66275 0.148296 -0.143922 0.636816 0.646742
ENSG00000211938.2 14 106518932 106518932 - 7 -442369 14_internal_8253 14 106961301 107083981 89 86.2883 0.949561 6.22944 0.102341 0.170741 0.537313 0.531699
ENSG00000211941.2 14 106573800 106573800 - 6 0 14_internal_9462 14 106550871 106934730 89 99.2906 0.961296 6.99003 0.0952606 0.181936 0.427861 0.451424
ENSG00000211942.2 14 106586667 106586667 - 6 -374634 14_internal_8253 14 106961301 107083981 89 80.1174 0.999897 4.79749 0.123992 0.168721 0.537313 0.527256
ENSG00000211943.2 14 106610852 106610852 - 6 -243907 14_internal_7258 14 106854759 106950890 89 95.7098 0.897013 5.98418 0.0457018 -0.206997 0.268657 0.251461
ENSG00000211945.2 14 106642056 106642056 - 6 -212703 14_internal_7258 14 106854759 106950890 89 73.5988 0.99989 4.16901 0.194347 -0.131469 0.666667 0.678373
ENSG00000211947.2 14 106692203 106692203 - 6 -162556 14_internal_7258 14 106854759 106950890 89 84.1676 0.999939 5.3619 0.0783671 -0.179353 0.402985 0.386151
ENSG00000211949.2 14 106725733 106725733 - 6 -129026 14_internal_7258 14 106854759 106950890 89 97.5871 1.02872 6.98903 0.211406 -0.134503 0.78607 0.763126
ENSG00000211950.2 14 106733639 106733639 - 6 0 14_internal_9462 14 106550871 106934730 89 94.9102 0.905562 6.15096 0.0224857 0.241313 0.149254 0.137142
ENSG00000211953.2 14 106791536 106791536 - 6 -169765 14_internal_8253 14 106961301 107083981 89 98.0738 0.930913 5.67787 0.449235 0.078691 0.940299 0.962495
ENSG00000231475.2 14 106805716 106805716 - 6 -144291 14_internal_7333 14 106950007 106996214 89 72.1561 1.00009 4.7212 0.182296 0.142514 0.746269 0.709004
ENSG00000254289.1 14 106812517 106812517 - 6 0 14_internal_9462 14 106550871 106934730 89 89.3129 0.98279 5.39703 0.214079 0.124148 0.741294 0.73174
ENSG00000211955.2 14 106816253 106816253 - 6 -38506 14_internal_7258 14 106854759 106950890 89 92.5635 0.999968 5.67129 0.172594 -0.139719 0.606965 0.638406
ENSG00000211956.2 14 106830076 106830076 - 6 -119931 14_internal_7333 14 106950007 106996214 89 92.3723 0.90948 5.53209 0.135813 0.145445 0.527363 0.574002
ENSG00000253325.1 14 106833664 106833664 - 6 954722 14_internal_7300 14 105853181 105878942 89 85.4191 1.08888 6.14484 0.00970057 0.266991 0.0597015 0.0514214
ENSG00000211957.2 14 106845789 106845789 - 6 -8970 14_internal_7258 14 106854759 106950890 89 83.959 0.999998 5.42198 0.0255425 0.216821 0.124378 0.15278
ENSG00000253240.1 14 106849142 106849142 - 6 970200 14_internal_7300 14 105853181 105878942 89 84.2197 0.99993 5.57002 0.0206761 0.229332 0.129353 0.128656
ENSG00000253359.1 14 106853026 106853026 - 6 -297025 14_internal_7650 14 107150051 107180283 89 93.45 0.931265 6.20837 0.0657594 -0.187306 0.353234 0.348073
ENSG00000211959.2 14 106878126 106878126 - 6 0 14_internal_7258 14 106854759 106950890 89 107.721 0.947205 7.30204 0.0731656 -0.168663 0.313433 0.329308
ENSG00000232216.1 14 106926724 106926724 - 5 -34577 14_internal_8253 14 106961301 107083981 89 92.5982 0.967732 5.56836 0.0244611 0.257041 0.114428 0.124673
ENSG00000187156.4 14 106938445 106938445 + 5 211606 14_internal_7650 14 107150051 107180283 89 91.2598 1 5.26685 0.13966 0.161407 0.527363 0.533288
ENSG00000211961.2 14 106963424 106963424 - 5 -186627 14_internal_7650 14 107150051 107180283 89 85.9232 0.999979 4.55866 0.00104825 0.338507 0.0149254 0.00583563
ENSG00000211962.2 14 106967788 106967788 - 5 33058 14_internal_9462 14 106550871 106934730 89 90.408 1.00005 4.68306 0.171524 -0.138557 0.59204 0.577746
ENSG00000229092.2 14 106974954 106974954 - 5 -175097 14_internal_7650 14 107150051 107180283 89 81.0213 0.999892 4.59103 0.0641328 0.187284 0.303483 0.309288
ENSG00000211964.2 14 106994346 106994346 - 5 43456 14_internal_7258 14 106854759 106950890 89 97.2047 1.00008 4.71984 0.105903 -0.165396 0.402985 0.362525
ENSG00000211965.2 14 107013477 107013477 - 5 62587 14_internal_7258 14 106854759 106950890 89 81.5775 1.00004 4.28713 0.0531854 -0.204536 0.253731 0.24768
ENSG00000211966.2 14 107035221 107035221 - 5 84331 14_internal_7258 14 106854759 106950890 89 100.82 1.06676 6.16765 0.138644 -0.1578 0.512438 0.499342
ENSG00000211967.2 14 107049341 107049341 - 5 53127 14_internal_7333 14 106950007 106996214 89 95.1535 1.00002 4.98528 0.287766 -0.108438 0.781095 0.794002
ENSG00000224373.2 14 107083830 107083830 - 5 -66221 14_internal_7650 14 107150051 107180283 89 113.127 0.987456 8.09154 0.0202345 -0.237572 0.0646766 0.0717481
ENSG00000211973.2 14 107170428 107170428 - 5 0 14_internal_7650 14 107150051 107180283 89 89.7648 1.00012 4.87315 0.227975 0.126899 0.721393 0.712959
ENSG00000225698.2 14 107199471 107199471 - 5 115490 14_internal_8253 14 106961301 107083981 89 89.9213 0.999952 5.50986 0.145356 0.15365 0.562189 0.573483
ENSG00000224650.2 14 107219365 107219365 - 5 135384 14_internal_8253 14 106961301 107083981 89 98.6648 0.930374 5.44689 0.201214 0.136703 0.641791 0.683676
