ENSG00000214894.2 6 30798436 30798436 - 19 6488 6_internal_13602 6 30733885 30791948 89 105.427 0.963035 24.149 5.05192e-08 0.518808 0.00497512 1.33375e-07
ENSG00000204580.7 6 30844198 30844198 + 19 -32239 6_internal_10363 6 30784101 30811959 89 86.9314 1.09442 18.0361 5.14312e-08 0.537327 0.00497512 3.55182e-07
ENSG00000213780.6 6 30875961 30875961 + 19 -831987 6_internal_14754 6 29949712 30043974 89 82.1686 1.12946 17.5069 0.0557841 0.19077 0.661692 0.64924
ENSG00000137411.11 6 30876019 30876019 + 19 270473 6_internal_15677 6 31146492 31277289 89 87.7311 0.899901 16.6125 0.0758754 -0.173558 0.771144 0.774467
ENSG00000204536.8 6 31126015 31126015 - 16 -20477 6_internal_15677 6 31146492 31277289 89 75.8934 1.21359 12.9861 0.000149971 0.420946 0.00497512 0.00184692
ENSG00000137310.7 6 31126319 31126319 + 16 237159 6_internal_10872 6 31363478 31382263 89 93.7281 1.01078 15.1608 0.24704 0.119392 0.9801 0.982319
ENSG00000204531.10 6 31148508 31148508 - 16 560721 6_internal_9837 6 30455359 30587787 89 81.8904 1.04345 12.6301 0.14651 0.142925 0.885572 0.888044
ENSG00000206344.5 6 31165537 31165537 + 16 -376879 6_internal_13300 6 30720030 30788658 89 75.2676 1.07851 11.5144 0.00571185 0.268106 0.119403 0.0989546
ENSG00000232703.1 6 31169695 31169695 - 16 357736 6_internal_10363 6 30784101 30811959 89 91.5727 0.969525 14.6438 0.00360449 0.293139 0.0497512 0.0501598
ENSG00000204525.8 6 31239907 31239907 - 16 0 6_internal_15677 6 31146492 31277289 89 91.7291 0.923081 13.4205 0.000126501 0.420121 0.00497512 0.00228326
ENSG00000214892.4 6 31243349 31243349 + 16 -510389 6_internal_15405 6 30715444 30732960 89 86.2709 1.01894 12.4252 0.0404902 0.213608 0.432836 0.417098
ENSG00000227939.1 6 31248094 31248094 + 16 -660307 6_internal_9837 6 30455359 30587787 89 92.1289 1.02594 14.3252 0.0188728 0.244583 0.238806 0.206224
ENSG00000234745.4 6 31324965 31324965 - 16 -599671 6_internal_9758 6 31924636 31942325 89 74.242 1.05614 10.2979 0.0143477 -0.258891 0.179104 0.210632
ENSG00000204520.7 6 31367561 31367561 + 16 0 6_internal_10872 6 31363478 31382263 89 77.284 1.07382 10.7648 0.01388 0.26752 0.19403 0.184573
ENSG00000206337.6 6 31368479 31368479 + 16 0 6_internal_15197 6 31330551 31443248 89 89.2434 0.906182 12.157 0.00407617 0.303164 0.079602 0.0657368
ENSG00000199332.1 6 31370027 31370027 - 16 0 6_internal_10872 6 31363478 31382263 89 78.2227 1.09355 11.0041 0.0166464 0.223332 0.189055 0.205041
ENSG00000233902.1 6 31431113 31431113 - 17 -493523 6_internal_9758 6 31924636 31942325 89 95.6055 0.937543 16.199 0.012225 -0.265473 0.179104 0.163605
ENSG00000204516.5 6 31462658 31462658 + 17 -80395 6_internal_10872 6 31363478 31382263 89 84.9846 1.0046 13.0899 0.0355169 0.219771 0.432836 0.411425
ENSG00000204511.2 6 31496494 31496494 + 17 -994837 6_internal_10068 6 30467237 30501657 89 99.3602 1.03806 19.3194 0.0684189 0.194051 0.661692 0.643173
ENSG00000201785.1 6 31504226 31504226 - 15 -718055 6_internal_12119 6 32222281 32304883 89 84.5674 1.13485 14.3678 0.0327448 -0.2395 0.383085 0.360424
ENSG00000265236.1 6 31508955 31508955 - 15 -874298 6_internal_16081 6 32383253 32766165 89 74.5896 1.11972 10.2686 0.126391 0.151524 0.81592 0.807477
ENSG00000234006.1 6 31510081 31510081 + 15 -66833 6_internal_15197 6 31330551 31443248 89 89.7996 0.963053 12.1616 0.0110542 -0.2473 0.124378 0.134181
ENSG00000198563.8 6 31510225 31510225 - 15 -873028 6_internal_16081 6 32383253 32766165 89 79.4047 1.04981 10.1525 0.0600986 0.193036 0.517413 0.528774
ENSG00000254870.1 6 31514385 31514385 - 15 -868868 6_internal_16081 6 32383253 32766165 89 92.8937 0.921873 13.577 0.032787 0.222398 0.39801 0.368919
ENSG00000204498.6 6 31514647 31514647 + 15 -132384 6_internal_10872 6 31363478 31382263 89 99.534 1.16695 17.5374 0.0752464 0.194587 0.597015 0.594277
ENSG00000213760.5 6 31516204 31516204 - 15 -867049 6_internal_16081 6 32383253 32766165 89 94.9102 0.932258 14.2595 0.00554215 0.314794 0.0845771 0.071911
ENSG00000226979.4 6 31539831 31539831 + 15 -952044 6_internal_9837 6 30455359 30587787 89 84.0459 1.09067 12.9788 0.0522909 -0.223856 0.527363 0.507243
ENSG00000232810.3 6 31543344 31543344 + 15 -266055 6_internal_15677 6 31146492 31277289 89 98.0391 0.952255 13.7479 0.110978 0.16412 0.756219 0.759755
ENSG00000227507.2 6 31550299 31550299 - 15 962512 6_internal_9837 6 30455359 30587787 89 89.4693 1.02106 14.0339 0.0454672 -0.222062 0.472637 0.465197
ENSG00000204482.5 6 31553901 31553901 + 15 -936421 6_internal_12366 6 30608154 30617480 89 83.0725 1.03415 11.9528 0.107558 0.171779 0.791045 0.77298
ENSG00000204475.4 6 31560762 31560762 - 15 972975 6_internal_9837 6 30455359 30587787 89 92.0594 1.00641 14.2097 0.0163752 -0.239228 0.189055 0.186451
ENSG00000204472.7 6 31582961 31582961 + 15 -200698 6_internal_10872 6 31363478 31382263 89 99.4297 1.00004 15.1844 0.0340474 -0.250739 0.343284 0.31948
ENSG00000204469.8 6 31588497 31588497 + 14 -799839 6_internal_13300 6 30720030 30788658 89 86.6881 1.08487 12.0299 0.0189773 0.258359 0.19403 0.189279
ENSG00000200816.1 6 31590856 31590856 + 14 -973376 6_internal_12366 6 30608154 30617480 89 90.043 1.03027 11.7094 0.0234168 -0.226096 0.21393 0.222655
ENSG00000204444.6 6 31620193 31620193 + 13 -828245 6_internal_13602 6 30733885 30791948 89 92.1984 0.970628 11.0167 0.0200993 0.237923 0.19403 0.192294
ENSG00000204463.7 6 31620482 31620482 - 13 831824 6_internal_13300 6 30720030 30788658 89 86.3926 0.946095 10.5002 0.122453 0.171685 0.766169 0.779888
ENSG00000227198.1 6 31626106 31626106 + 13 596175 6_internal_12119 6 32222281 32304883 89 88.1309 0.970603 12.6261 0.00537004 -0.286716 0.0696517 0.074867
ENSG00000204439.3 6 31628549 31628549 - 13 351260 6_internal_15677 6 31146492 31277289 89 87.6441 0.930333 10.2938 0.286554 0.120299 0.9801 0.974422
ENSG00000201207.1 6 31631065 31631065 + 13 752188 6_internal_16081 6 32383253 32766165 89 80.8127 1.04858 9.64657 0.0414363 -0.233273 0.39801 0.380411
ENSG00000204435.8 6 31633013 31633013 + 13 -844355 6_internal_13300 6 30720030 30788658 89 79.8045 1.02046 9.68545 0.0400927 -0.220894 0.383085 0.394115
ENSG00000263020.1 6 31633879 31633879 + 13 -845221 6_internal_13300 6 30720030 30788658 89 84.4631 1.01008 11.2091 0.0942433 -0.164585 0.696517 0.701001
ENSG00000204438.5 6 31634060 31634060 - 13 920329 6_internal_10485 6 30697249 30713731 89 79.5611 1.0279 9.18073 0.00052605 -0.380007 0.00995025 0.00833581
ENSG00000240053.7 6 31637944 31637944 + 13 0 6_internal_9751 6 30292833 31672246 89 85.5582 0.99726 9.76636 0.16283 0.141008 0.835821 0.840943
ENSG00000204428.7 6 31651817 31651817 - 13 269554 6_internal_10872 6 31363478 31382263 89 94.5104 1.06417 14.4549 0.00296689 -0.307031 0.0248756 0.0244194
ENSG00000204427.7 6 31671221 31671221 - 13 882563 6_internal_13300 6 30720030 30788658 89 79.8914 0.97039 9.15092 0.0673952 -0.210655 0.527363 0.561857
ENSG00000204422.7 6 31681849 31681849 - 13 893191 6_internal_13300 6 30720030 30788658 89 92.6852 0.918955 12.1521 0.0800735 -0.197877 0.61194 0.642482
ENSG00000213722.4 6 31698394 31698394 - 13 -81849 6_internal_10128 6 31780243 31792595 89 88.2525 0.930391 9.98354 0.0120562 0.253495 0.134328 0.139353
ENSG00000213719.4 6 31707540 31707540 - 13 -72703 6_internal_10128 6 31780243 31792595 89 110.381 0.775123 14.1885 0.152767 0.1581 0.850746 0.869958
ENSG00000204410.10 6 31707725 31707725 + 13 -325462 6_internal_10872 6 31363478 31382263 89 86.6359 1.15743 12.4812 0.00110166 0.33448 0.00497512 0.00776258
ENSG00000255152.4 6 31707797 31707797 + 13 -325534 6_internal_10872 6 31363478 31382263 89 88.7393 0.953648 10.3694 0.00124938 0.325305 0.0199005 0.0162778
ENSG00000228727.3 6 31730576 31730576 + 12 194060 6_internal_9758 6 31924636 31942325 89 94.7885 1.02155 10.8907 0.0683958 0.19118 0.487562 0.479983
ENSG00000235663.1 6 31733365 31733365 - 11 61119 6_internal_9751 6 30292833 31672246 89 86.0275 1.01157 9.14688 0.0309435 0.23129 0.263682 0.265542
ENSG00000204396.6 6 31745108 31745108 - 11 -179528 6_internal_9758 6 31924636 31942325 89 86.0102 1.10377 9.97827 0.0322831 -0.223997 0.288557 0.25759
ENSG00000204394.8 6 31763730 31763730 - 11 951771 6_internal_10363 6 30784101 30811959 89 90.4602 1.04488 9.88877 0.0931543 -0.198825 0.58209 0.589547
ENSG00000204392.5 6 31774761 31774761 - 11 -447520 6_internal_12119 6 32222281 32304883 89 91.0512 1.10204 9.96502 0.126129 0.1699 0.701493 0.690251
ENSG00000204389.6 6 31783291 31783291 + 11 -991343 6_internal_13602 6 30733885 30791948 89 88.7045 0.967083 10.1055 0.0884731 0.185844 0.621891 0.624231
ENSG00000204390.8 6 31783437 31783437 - 11 340189 6_internal_15197 6 31330551 31443248 89 95.1361 1.00472 13.191 0.104288 -0.178158 0.741294 0.722397
ENSG00000204388.5 6 31795512 31795512 + 9 -2917 6_internal_10128 6 31780243 31792595 89 86.1666 1.02921 8.41961 0.0322332 0.231427 0.218905 0.247665
ENSG00000204387.8 6 31802385 31802385 + 9 122251 6_internal_9758 6 31924636 31942325 89 90.9295 1.01364 9.29908 0.0146511 0.252228 0.114428 0.115696
ENSG00000201823.1 6 31803040 31803040 + 9 -525751 6_internal_15677 6 31146492 31277289 89 81.3863 1.00832 7.43123 0.0376027 0.204417 0.303483 0.296192
ENSG00000201754.1 6 31804853 31804853 + 11 417428 6_internal_12119 6 32222281 32304883 89 87.818 1.00948 11.1628 0.00365783 0.288532 0.0547264 0.0411953
ENSG00000204386.5 6 31830683 31830683 - 10 448420 6_internal_10872 6 31363478 31382263 89 87.7311 0.949799 7.66484 0.13527 0.161808 0.696517 0.698886
ENSG00000237080.1 6 31851538 31851538 + 10 952124 6_internal_10842 6 32803662 32923531 89 81.282 1.04581 9.88551 0.0502541 -0.228357 0.442786 0.444219
ENSG00000204371.7 6 31865464 31865464 - 11 193218 6_internal_9751 6 30292833 31672246 89 92.1463 1.08215 12.4423 0.08718 0.185158 0.606965 0.620879
ENSG00000166278.10 6 31865562 31865562 + 11 938100 6_internal_10842 6 32803662 32923531 89 88.3742 1.09566 11.599 0.173344 -0.133787 0.875622 0.875236
ENSG00000204366.3 6 31869769 31869769 - 11 592480 6_internal_15677 6 31146492 31277289 89 72.7645 1.15704 8.61071 0.0885219 0.182716 0.60199 0.619889
ENSG00000244255.1 6 31895475 31895475 + 11 29161 6_internal_9758 6 31924636 31942325 89 82.7596 1.0158 7.89674 0.0692603 0.197412 0.472637 0.474384
ENSG00000243649.4 6 31895475 31895475 + 11 -223229 6_internal_9751 6 30292833 31672246 89 89.7996 0.945118 9.58307 0.0615841 0.201496 0.462687 0.476168
ENSG00000221267.1 6 31924717 31924717 - 11 -936594 6_internal_11965 6 32861311 32898449 89 93.8498 1.02904 11.6847 0.091641 -0.179923 0.631841 0.62563
ENSG00000204351.6 6 31926857 31926857 + 11 -544594 6_internal_10872 6 31363478 31382263 89 84.0285 1.16799 13.0685 0.0345473 0.22518 0.363184 0.338424
ENSG00000204356.6 6 31926887 31926887 - 11 483639 6_internal_15197 6 31330551 31443248 89 104.436 0.956075 13.4549 0.0291865 -0.235703 0.248756 0.236316
ENSG00000204344.9 6 31938868 31938868 + 11 -661579 6_internal_15677 6 31146492 31277289 89 82.2729 1.16029 11.4417 0.0619091 -0.182715 0.557214 0.509174
ENSG00000204348.5 6 31940069 31940069 - 11 -863593 6_internal_10842 6 32803662 32923531 89 97.5697 0.964998 12.0489 0.0655185 -0.21303 0.482587 0.502808
ENSG00000254729.1 6 31940158 31940158 + 11 864457 6_internal_9793 6 32804615 33292298 89 88.7566 0.964607 10.4522 0.00540851 -0.291224 0.0746269 0.0625178
ENSG00000244731.3 6 31949801 31949801 + 11 433452 6_internal_16081 6 32383253 32766165 89 105.514 0.870185 11.1523 0.0077051 0.292811 0.0746269 0.0641083
ENSG00000204338.4 6 31973413 31973413 + 11 887898 6_internal_11965 6 32861311 32898449 89 87.4877 1.01468 10.2656 0.0413203 0.224042 0.333333 0.356912
ENSG00000168477.13 6 32083111 32083111 - 12 410865 6_internal_9751 6 30292833 31672246 89 93.2936 0.982929 11.4261 0.248682 0.111132 0.965174 0.956284
ENSG00000213676.6 6 32096030 32096030 - 12 -287223 6_internal_16081 6 32383253 32766165 89 85.6451 1.02012 11.0235 0.12265 -0.174373 0.776119 0.77851
ENSG00000204315.3 6 32098068 32098068 - 12 -285185 6_internal_16081 6 32383253 32766165 89 79.3873 1.09414 11.1454 0.149247 -0.171548 0.875622 0.861756
ENSG00000221988.7 6 32121218 32121218 + 12 -843929 6_internal_15677 6 31146492 31277289 89 98.491 1.00671 14.8928 0.153747 0.150785 0.875622 0.880086
ENSG00000258388.2 6 32121622 32121622 + 12 -329027 6_internal_10128 6 31780243 31792595 89 84.6543 1.01149 9.90933 0.0426863 -0.205995 0.38806 0.381102
ENSG00000204314.6 6 32122150 32122150 - 12 329555 6_internal_10128 6 31780243 31792595 89 91.9725 1.02588 13.0394 0.0296436 -0.207758 0.298507 0.288898
ENSG00000241404.2 6 32132360 32132360 + 12 671302 6_internal_10842 6 32803662 32923531 89 85.1584 1.09834 11.6166 0.00966392 0.263598 0.0845771 0.097733
ENSG00000204310.6 6 32145873 32145873 - 12 353278 6_internal_10128 6 31780243 31792595 89 93.6064 1.08454 13.7893 0.236317 -0.136042 0.960199 0.964814
ENSG00000204308.6 6 32146131 32146131 + 12 -473885 6_internal_9751 6 30292833 31672246 89 83.3506 1.0319 8.85419 0.0504754 0.20732 0.38806 0.398277
ENSG00000204305.9 6 32152101 32152101 - 12 209776 6_internal_9758 6 31924636 31942325 89 86.3752 0.990705 11.7024 0.0411617 -0.202262 0.412935 0.415887
ENSG00000259382.1 6 32153659 32153659 - 12 -883891 6_internal_15745 6 33037550 33182205 89 88.3916 0.920851 10.904 0.0587061 0.217476 0.527363 0.526249
ENSG00000204304.5 6 32157963 32157963 - 12 -879587 6_internal_15745 6 33037550 33182205 89 96.4398 0.816518 10.7204 0.0402804 0.233685 0.358209 0.39232
ENSG00000213654.5 6 32163300 32163300 - 12 781037 6_internal_10872 6 31363478 31382263 89 92.859 1.08375 14.7874 0.157744 0.160821 0.915423 0.894556
ENSG00000204301.5 6 32191844 32191844 - 12 809581 6_internal_10872 6 31363478 31382263 89 91.677 0.945337 10.1042 0.0119949 0.279711 0.139303 0.119504
ENSG00000204287.8 6 32407619 32407619 + 10 396996 6_internal_9793 6 32804615 33292298 89 87.7658 1.13901 10.5716 0.00166292 -0.342452 0.0149254 0.0102144
ENSG00000198502.5 6 32498064 32498064 - 10 0 6_internal_16081 6 32383253 32766165 89 91.9029 1.01427 10.071 0.000300687 0.415362 0.00497512 0.0021965
ENSG00000229391.3 6 32527799 32527799 - 10 -948500 6_internal_13889 6 33476299 33548770 89 87.2791 0.966032 8.20136 0.0666242 -0.183057 0.452736 0.461463
ENSG00000196126.6 6 32557625 32557625 - 10 -246990 6_internal_9793 6 32804615 33292298 89 86.2014 1.04283 9.3044 0.000496557 -0.388101 0.00497512 0.00446312
ENSG00000196735.6 6 32595956 32595956 + 10 208659 6_internal_9793 6 32804615 33292298 89 87.957 0.980833 8.50726 0.00709182 -0.289171 0.0945274 0.0653452
ENSG00000223534.1 6 32627657 32627657 + 10 0 6_internal_16081 6 32383253 32766165 89 94.2496 0.99792 9.40553 0.00107099 0.361557 0.00497512 0.00720902
ENSG00000241287.1 6 32630227 32630227 - 10 0 6_internal_16081 6 32383253 32766165 89 78.1357 1.02706 7.46816 0.00661236 0.303518 0.0845771 0.0731458
ENSG00000179344.11 6 32636160 32636160 - 10 0 6_internal_16081 6 32383253 32766165 89 101.446 1.02261 11.1577 0.000286717 0.40574 0.00497512 0.00101802
ENSG00000241106.2 6 32784825 32784825 - 10 -691474 6_internal_13889 6 33476299 33548770 89 85.4365 1.16344 10.5551 0.0922152 0.183299 0.626866 0.603543
ENSG00000204267.9 6 32806557 32806557 - 9 -230993 6_internal_15745 6 33037550 33182205 89 86.6012 0.964761 8.22224 0.0559148 0.199808 0.39801 0.412178
ENSG00000250264.1 6 32806599 32806599 - 9 -54712 6_internal_11965 6 32861311 32898449 89 75.5805 1.14661 8.22213 0.0340151 0.219944 0.298507 0.285849
ENSG00000204261.4 6 32811863 32811863 + 9 49448 6_internal_11965 6 32861311 32898449 89 98.126 0.936162 9.56158 0.000977417 0.337981 0.00497512 0.00730714
ENSG00000240065.2 6 32811913 32811913 + 9 0 6_internal_10842 6 32803662 32923531 89 94.7711 0.930016 8.89284 0.00812375 0.28043 0.0547264 0.0685643
ENSG00000204264.4 6 32812480 32812480 - 9 -225070 6_internal_15745 6 33037550 33182205 89 80.6389 1.07077 8.93561 0.0475151 0.229621 0.38806 0.388376
ENSG00000168394.9 6 32821755 32821755 - 9 -215795 6_internal_15745 6 33037550 33182205 89 91.5379 1.00844 8.69621 0.000293589 0.390232 0.00497512 0.00197524
ENSG00000234515.1 6 32847625 32847625 - 10 0 6_internal_10842 6 32803662 32923531 89 82.5684 1.13984 10.5725 0.0132552 0.247202 0.129353 0.122972
ENSG00000242574.3 6 32908847 32908847 - 10 142682 6_internal_16081 6 32383253 32766165 89 89.1738 0.909728 8.55725 0.0847012 0.17979 0.572139 0.571697
ENSG00000248993.1 6 32920899 32920899 - 10 -785662 6_internal_10244 6 33706561 33713059 89 85.8885 1.01727 9.50841 0.170401 0.137017 0.830846 0.841117
ENSG00000204256.7 6 32936437 32936437 + 10 770124 6_internal_10244 6 33706561 33713059 89 83.6809 0.923283 8.02415 0.218427 -0.133606 0.905473 0.894594
ENSG00000223837.2 6 32938009 32938009 + 10 885249 6_internal_14538 6 33823258 33883538 89 86.9836 1.13194 10.2386 0.0523253 0.188651 0.39801 0.380268
ENSG00000204257.9 6 32938493 32938493 - 10 -537806 6_internal_13889 6 33476299 33548770 89 80.5172 1.04692 8.15036 0.044022 0.22575 0.333333 0.350587
ENSG00000263756.1 6 32940630 32940630 - 10 -765931 6_internal_10244 6 33706561 33713059 89 85.5234 1.03891 8.96374 0.107073 -0.177162 0.646766 0.647552
ENSG00000204252.8 6 32977389 32977389 - 9 672506 6_internal_12119 6 32222281 32304883 89 85.1758 1.23168 10.2961 0.0537908 -0.200876 0.383085 0.365041
ENSG00000223865.5 6 33043703 33043703 + 9 0 6_internal_15745 6 33037550 33182205 89 89.1043 1.0231 8.98349 6.12263e-05 0.416356 0.00497512 0.000453708
ENSG00000224796.1 6 33047228 33047228 + 9 0 6_internal_15745 6 33037550 33182205 89 89.3303 1.01402 10.7759 0.0190781 0.231003 0.189055 0.180277
ENSG00000231389.2 6 33048552 33048552 - 9 0 6_internal_15745 6 33037550 33182205 89 95.5359 1.10798 12.0769 0.000125943 0.403296 0.00497512 0.000381751
ENSG00000204248.6 6 33160276 33160276 - 9 855393 6_internal_12119 6 32222281 32304883 89 105.583 0.822201 8.63984 0.0257268 0.247887 0.19403 0.18811
ENSG00000202441.1 6 33167378 33167378 + 9 0 6_internal_15745 6 33037550 33182205 89 82.9334 1.05446 9.4901 0.0283563 -0.250553 0.263682 0.259087
ENSG00000112473.11 6 33168222 33168222 + 9 0 6_internal_9793 6 32804615 33292298 89 88.3742 1.01037 9.17249 0.0523831 0.194298 0.393035 0.389591
ENSG00000204231.6 6 33168630 33168630 - 9 863747 6_internal_12119 6 32222281 32304883 89 85.3322 1.04192 9.18963 0.206061 0.133423 0.905473 0.885522
ENSG00000204228.3 6 33172419 33172419 + 9 303880 6_internal_13889 6 33476299 33548770 89 93.0154 1.04027 9.6212 0.0704521 -0.1821 0.472637 0.454049
ENSG00000204227.4 6 33176272 33176272 + 9 -252741 6_internal_10842 6 32803662 32923531 89 82.1686 1.01596 8.02746 0.0841483 -0.181828 0.567164 0.552441
ENSG00000232940.1 6 33217311 33217311 + 10 258988 6_internal_13889 6 33476299 33548770 89 89.3129 0.9606 9.57256 0.00946115 0.272861 0.114428 0.0958754
ENSG00000231500.2 6 33239787 33239787 + 10 -341338 6_internal_11965 6 32861311 32898449 89 86.6012 1.15326 10.9628 0.0795415 -0.198472 0.567164 0.552641
ENSG00000223501.4 6 33239824 33239824 - 10 -236475 6_internal_13889 6 33476299 33548770 89 93.0328 0.969338 8.87325 0.0507573 0.206587 0.378109 0.354545
ENSG00000235863.1 6 33244917 33244917 + 10 578341 6_internal_14538 6 33823258 33883538 89 92.9285 0.949871 9.8469 0.0324784 0.216467 0.288557 0.272566
ENSG00000204220.5 6 33257079 33257079 + 10 -952196 6_internal_12119 6 32222281 32304883 89 90.182 0.973965 9.73274 0.0286369 -0.223973 0.253731 0.249466
ENSG00000227057.2 6 33257304 33257304 - 10 -449257 6_internal_10244 6 33706561 33713059 89 91.0859 0.937501 9.40897 0.032046 -0.215608 0.273632 0.277504
ENSG00000237441.4 6 33267101 33267101 - 11 -923941 6_internal_10696 6 34191042 34218389 89 87.3486 1.01648 10.4414 0.0524683 0.203477 0.452736 0.436529
ENSG00000231925.7 6 33282164 33282164 - 11 -541094 6_internal_14538 6 33823258 33883538 89 77.9271 1.14096 10.6071 0.0172977 -0.26891 0.199005 0.190048
ENSG00000236104.2 6 33285719 33285719 - 11 -537539 6_internal_14538 6 33823258 33883538 89 83.4549 1.11923 10.1001 0.198533 0.138745 0.865672 0.892934
ENSG00000204209.6 6 33297046 33297046 - 11 992163 6_internal_12119 6 32222281 32304883 89 84.2893 1.03028 11.3155 0.13306 0.175563 0.820896 0.819799
ENSG00000237649.3 6 33359313 33359313 + 11 -177108 6_internal_15745 6 33037550 33182205 89 97.3264 0.853133 11.8352 0.150246 -0.153412 0.825871 0.851823
ENSG00000204194.1 6 33368333 33368333 - 12 186128 6_internal_15745 6 33037550 33182205 89 109.425 0.891446 16.2659 0.00732269 -0.305255 0.0746269 0.0674863
ENSG00000112511.13 6 33378176 33378176 + 12 -195971 6_internal_15745 6 33037550 33182205 89 94.4756 0.831504 11.0575 0.173098 0.151494 0.885572 0.890596
ENSG00000112514.10 6 33386094 33386094 - 12 93796 6_internal_9793 6 32804615 33292298 89 108.069 0.86134 15.5404 0.0295091 -0.220318 0.293532 0.29024
ENSG00000197283.7 6 33387847 33387847 + 12 972761 6_internal_10766 6 34360608 34394891 89 77.3535 1.0055 10.0147 0.113993 -0.164933 0.78607 0.779575
ENSG00000264085.1 6 33406108 33406108 + 12 -113810 6_internal_9793 6 32804615 33292298 89 90.4602 0.852391 11.0638 0.217485 0.115952 0.955224 0.946789
ENSG00000213588.3 6 33422356 33422356 + 12 -130058 6_internal_9793 6 32804615 33292298 89 81.96 1.13833 10.7441 0.110993 -0.177716 0.741294 0.721239
ENSG00000030110.8 6 33548019 33548019 - 12 -643023 6_internal_10696 6 34191042 34218389 89 91.8682 1.01425 12.3863 0.0432197 0.224233 0.402985 0.389864
ENSG00000204188.3 6 33551515 33551515 + 12 -627984 6_internal_10842 6 32803662 32923531 89 79.7002 0.911885 8.53494 0.0137765 -0.27926 0.174129 0.189823
ENSG00000197251.3 6 33561115 33561115 - 12 378910 6_internal_15745 6 33037550 33182205 89 96.1791 0.979749 13.3929 0.0377312 0.226809 0.368159 0.351358
ENSG00000096433.5 6 33588522 33588522 + 12 234736 6_internal_14538 6 33823258 33883538 89 98.5258 0.97049 12.8816 0.073898 0.198586 0.542289 0.562738
ENSG00000269490.1 6 33663474 33663474 - 13 481269 6_internal_15745 6 33037550 33182205 89 84.2023 0.967095 10.816 0.0216736 -0.252408 0.278607 0.258408
ENSG00000266509.1 6 33665905 33665905 + 13 -483700 6_internal_15745 6 33037550 33182205 89 88.4785 1.09206 13.9187 0.0727644 -0.195378 0.641791 0.617878
ENSG00000137288.4 6 33679504 33679504 - 13 -681104 6_internal_10766 6 34360608 34394891 89 83.4201 1.13735 11.8305 0.112301 -0.157354 0.761194 0.751199
ENSG00000161904.7 6 33756913 33756913 - 13 990748 6_internal_16081 6 32383253 32766165 89 87.8527 1.02637 11.6779 0.109145 -0.185383 0.721393 0.73969
ENSG00000137309.14 6 34204577 34204577 + 10 776575 6_internal_14672 6 34981152 35019437 89 93.6238 0.902851 9.18816 0.0884065 0.173624 0.547264 0.582521
ENSG00000186577.7 6 34217247 34217247 - 10 -143361 6_internal_10766 6 34360608 34394891 89 87.6268 0.913011 8.38767 0.0085938 0.280562 0.119403 0.0954778
ENSG00000220583.1 6 34231450 34231450 - 10 939152 6_internal_9793 6 32804615 33292298 89 109.321 0.99858 14.2459 0.0460353 -0.207283 0.358209 0.323032
ENSG00000225339.2 6 34247456 34247456 + 10 -698686 6_internal_13889 6 33476299 33548770 89 86.8967 1.03164 9.18219 0.0172953 -0.255471 0.164179 0.148371
ENSG00000112664.4 6 34360451 34360451 - 9 38110 6_internal_10668 6 34298933 34322341 89 89.817 1.0733 9.28927 0.00414477 0.317501 0.0248756 0.0277023
ENSG00000124614.9 6 34393902 34393902 - 9 845132 6_internal_13889 6 33476299 33548770 89 99.7426 1.17768 11.2565 0.0781676 0.194529 0.487562 0.435218
ENSG00000124507.5 6 34433916 34433916 + 10 -885146 6_internal_13889 6 33476299 33548770 89 88.4959 0.92069 8.52568 0.138794 0.150965 0.756219 0.750792
ENSG00000196114.3 6 34544433 34544433 - 10 660895 6_internal_14538 6 33823258 33883538 89 84.098 1.01154 9.66237 0.0359502 -0.198051 0.313433 0.330683
ENSG00000216636.1 6 34584315 34584315 + 10 -871256 6_internal_10244 6 33706561 33713059 89 87.5746 1.0707 10.4972 0.119147 0.163272 0.721393 0.721648
ENSG00000265123.1 6 34653419 34653419 - 10 -897427 6_internal_15670 6 35550846 35706075 89 97.9695 1.02843 11.7554 0.0815557 0.183651 0.572139 0.547874
ENSG00000196821.5 6 34664636 34664636 - 11 342295 6_internal_10668 6 34298933 34322341 89 91.3988 0.950881 12.443 0.0828136 0.196545 0.656716 0.659987
ENSG00000217130.1 6 34711953 34711953 + 11 946787 6_internal_10701 6 35658740 35688865 89 100.994 0.963829 12.5999 0.0326536 0.225938 0.293532 0.268253
ENSG00000124562.5 6 34725183 34725183 + 10 933557 6_internal_10701 6 35658740 35688865 89 100.16 0.967748 10.7167 0.110502 0.182224 0.631841 0.650822
ENSG00000065060.12 6 34759857 34759857 + 11 -876319 6_internal_14538 6 33823258 33883538 89 93.7107 0.966547 9.99914 0.0404402 -0.22691 0.318408 0.318468
ENSG00000064995.12 6 34855866 34855866 - 12 460975 6_internal_10766 6 34360608 34394891 89 89.1391 0.988435 10.7932 0.0247113 0.240044 0.248756 0.24057
ENSG00000064999.12 6 34857042 34857042 + 12 881409 6_internal_10592 6 35738451 35779844 89 85.3322 1.00249 11.8104 0.119833 -0.161373 0.781095 0.800345
ENSG00000187762.4 6 34991297 34991297 + 12 -631214 6_internal_11409 6 34263234 34360083 89 83.5592 1.02559 10.753 0.120061 0.155253 0.761194 0.774289
ENSG00000146197.7 6 35182190 35182190 + 13 831949 6_internal_14779 6 36014139 36065310 89 88.3221 0.990198 13.1226 0.0419212 0.217785 0.447761 0.440794
ENSG00000065029.10 6 35226686 35226686 + 13 787453 6_internal_14779 6 36014139 36065310 89 103.393 0.835839 13.8173 0.0324746 0.230736 0.333333 0.334588
ENSG00000023892.9 6 35265595 35265595 + 13 472856 6_internal_10592 6 35738451 35779844 89 111.598 0.858632 17.6088 0.0410469 -0.20763 0.378109 0.396021
ENSG00000112033.9 6 35310335 35310335 + 13 505291 6_internal_14047 6 35815626 35845069 89 88.0092 1.01057 11.2127 0.00510111 0.269383 0.0646766 0.0564822
ENSG00000112039.3 6 35420138 35420138 + 11 130708 6_internal_15670 6 35550846 35706075 89 98.8734 1.0355 14.1558 0.00344399 -0.32075 0.0248756 0.0248046
ENSG00000198755.6 6 35436185 35436185 + 11 114661 6_internal_15670 6 35550846 35706075 89 88.6002 1.02597 11.6418 0.140251 -0.149487 0.81592 0.823372
ENSG00000007866.14 6 35464853 35464853 - 12 -862977 6_internal_10745 6 36327830 36339339 89 89.0869 1.10707 13.1149 0.0133053 -0.296832 0.124378 0.126854
ENSG00000219023.1 6 35523650 35523650 + 12 674619 6_internal_12948 6 36198269 36265481 89 82.6727 0.980457 9.78788 0.0930961 -0.176659 0.681592 0.672374
ENSG00000218749.1 6 35575405 35575405 + 12 -715810 6_internal_10421 6 34662938 34859595 89 98.2998 1.01792 13.07 0.00326336 -0.289322 0.0298507 0.0238415
ENSG00000212579.1 6 35619595 35619595 + 13 118856 6_internal_10592 6 35738451 35779844 89 80.4477 1.07851 11.1433 0.0196218 -0.25997 0.243781 0.227075
ENSG00000265527.1 6 35632566 35632566 - 13 0 6_internal_15670 6 35550846 35706075 89 79.1787 1.09748 11.7581 0.270001 -0.116603 0.9801 0.981207
ENSG00000096060.9 6 35696360 35696360 - 15 -42091 6_internal_10592 6 35738451 35779844 89 72.2604 1.02816 10.7051 0.140085 -0.160637 0.895522 0.881408
ENSG00000232909.1 6 35704724 35704724 - 15 -262326 6_internal_9713 6 35967050 35973151 89 80.6736 0.954233 12.1437 0.000173031 -0.388376 0.00995025 0.00555412
ENSG00000157343.4 6 35704809 35704809 + 15 -685372 6_internal_14672 6 34981152 35019437 89 104.14 0.832186 17.1172 0.128918 0.160146 0.890547 0.875923
ENSG00000197753.6 6 35773070 35773070 + 15 -66995 6_internal_15670 6 35550846 35706075 89 90.9121 0.939402 13.8329 0.140127 -0.168887 0.885572 0.87981
ENSG00000096063.10 6 35889119 35889119 - 14 183044 6_internal_15670 6 35550846 35706075 89 86.6012 1.01396 12.0888 0.00579743 -0.320995 0.0845771 0.0727609
ENSG00000112053.9 6 35992645 35992645 - 15 19494 6_internal_9713 6 35967050 35973151 89 81.7687 1.05621 13.8612 0.0368751 0.211858 0.462687 0.449202
ENSG00000112062.6 6 35995488 35995488 + 15 18651 6_internal_14779 6 36014139 36065310 89 78.8658 1.03144 11.1259 0.064231 0.208086 0.636816 0.59881
ENSG00000237719.1 6 36060423 36060423 - 17 -928637 6_internal_16000 6 36989060 37094553 89 106.748 0.972771 19.2766 0.0167052 0.254254 0.154229 0.165308
ENSG00000156711.11 6 36095586 36095586 + 17 102683 6_internal_12948 6 36198269 36265481 89 97.1525 0.954199 21.2323 0.0163063 0.250585 0.223881 0.246877
ENSG00000221743.1 6 36108365 36108365 - 17 -89904 6_internal_12948 6 36198269 36265481 89 89.6084 0.956669 15.1236 0.0435586 0.200294 0.502488 0.505156
ENSG00000096070.15 6 36164521 36164521 + 17 -319452 6_internal_14047 6 35815626 35845069 89 104.453 0.888128 19.1799 0.0361089 0.203348 0.412935 0.417765
ENSG00000246982.2 6 36164982 36164982 - 17 -33287 6_internal_12948 6 36198269 36265481 89 89.4346 1.02299 16.9355 0.0474012 -0.213413 0.58209 0.545916
ENSG00000010030.9 6 36356164 36356164 - 17 -80585 6_internal_12985 6 36436749 36443815 89 73.199 1.02604 11.0171 0.00845168 0.279627 0.174129 0.162901
ENSG00000112078.9 6 36410544 36410544 + 17 200561 6_internal_10706 6 36611105 36620593 89 80.3607 1.01202 12.4355 0.0864377 0.177098 0.751244 0.738519
ENSG00000179165.8 6 36410666 36410666 - 17 944559 6_internal_10424 6 35418795 35466107 89 88.5133 1.02868 15.3289 0.103952 0.178774 0.810945 0.809398
ENSG00000240733.2 6 36418978 36418978 - 17 -224557 6_internal_15762 6 36643535 36750905 89 91.1207 1.0208 16.4575 0.133229 -0.153038 0.900498 0.892752
ENSG00000264878.1 6 36478375 36478375 - 16 -165160 6_internal_15762 6 36643535 36750905 89 82.5684 1.01496 13.2495 0.167062 -0.134794 0.940299 0.929865
ENSG00000239964.2 6 36489968 36489968 + 16 121137 6_internal_10706 6 36611105 36620593 89 87.1574 1.03476 14.6839 0.00518331 -0.282999 0.0995025 0.0724381
ENSG00000112079.8 6 36515247 36515247 - 16 809172 6_internal_15670 6 35550846 35706075 89 80.3086 1.04155 14.9513 0.0976627 0.17797 0.850746 0.830978
ENSG00000164530.8 6 36555311 36555311 + 16 55794 6_internal_10706 6 36611105 36620593 89 79.1961 0.923238 10.7091 0.0106712 0.268886 0.199005 0.187769
ENSG00000112081.10 6 36562145 36562145 + 16 -118330 6_internal_12985 6 36436749 36443815 89 82.916 1.00586 12.5327 0.0171827 0.266735 0.253731 0.235815
ENSG00000124762.7 6 36644305 36644305 + 16 -671154 6_internal_9713 6 35967050 35973151 89 119.333 0.726439 19.3406 0.0177728 0.257851 0.20398 0.218023
ENSG00000124772.7 6 36807778 36807778 - 14 56873 6_internal_15762 6 36643535 36750905 89 99.9859 0.978547 17.85 0.0444529 0.205092 0.482587 0.462037
ENSG00000198663.10 6 36839646 36839646 + 14 -574165 6_internal_12948 6 36198269 36265481 89 96.2486 0.936353 13.3839 0.164484 -0.132906 0.875622 0.894812
ENSG00000137168.7 6 36842800 36842800 - 14 503461 6_internal_10745 6 36327830 36339339 89 89.5562 0.877237 11.4092 0.0286078 0.232894 0.343284 0.336381
ENSG00000137409.13 6 36954074 36954074 - 14 333481 6_internal_10706 6 36611105 36620593 89 96.5963 0.889653 16.0726 0.0210552 0.25104 0.263682 0.28094
ENSG00000146192.10 6 36973422 36973422 + 13 894360 6_internal_14280 6 37867782 37990077 89 99.9164 0.967529 15.5061 0.0192078 0.24433 0.218905 0.197178
ENSG00000226976.1 6 37012607 37012607 + 14 0 6_internal_10343 6 36996313 37020615 89 88.6871 0.925611 12.5596 0.0157049 0.246158 0.208955 0.211812
ENSG00000137193.8 6 37137979 37137979 + 13 0 6_internal_15122 6 36995510 37162882 89 87.1748 1.06536 13.4921 0.000326777 0.400284 0.00497512 0.00349685
ENSG00000065491.8 6 37225548 37225548 + 13 562335 6_internal_12506 6 37787883 37957838 89 99.4297 0.999874 16.7499 0.0194664 -0.251397 0.208955 0.203651
ENSG00000172738.7 6 37225931 37225931 - 13 960450 6_internal_12948 6 36198269 36265481 89 100.368 0.859677 13.7841 0.0323326 -0.216279 0.378109 0.342148
ENSG00000112130.12 6 37321748 37321748 + 12 -877933 6_internal_12985 6 36436749 36443815 89 106.504 0.828613 12.6505 0.00651472 -0.286477 0.0845771 0.067501
ENSG00000239953.2 6 37328961 37328961 + 12 -642808 6_internal_12914 6 36663785 36686153 89 101.881 0.937125 11.4502 0.0608921 -0.199992 0.412935 0.43947
ENSG00000137200.7 6 37400995 37400995 + 11 -306442 6_internal_16000 6 36989060 37094553 89 92.6852 0.997735 10.8854 0.00147576 -0.335348 0.0199005 0.0128516
ENSG00000198937.7 6 37467698 37467698 - 10 -320185 6_internal_12506 6 37787883 37957838 89 77.5621 1.03181 7.81192 0.0137972 0.249164 0.159204 0.146096
ENSG00000204110.5 6 37475124 37475124 + 10 525429 6_internal_11073 6 38000553 38086463 89 95.0492 0.931057 9.99731 0.00366358 -0.315505 0.0348259 0.0347065
ENSG00000227920.2 6 37512921 37512921 + 10 487632 6_internal_11073 6 38000553 38086463 89 89 0.840879 7.12428 0.005638 -0.293935 0.0895522 0.0692972
ENSG00000229559.2 6 37515056 37515056 - 10 -485497 6_internal_11073 6 38000553 38086463 89 93.8672 1.02617 11.121 0.00860558 -0.284578 0.0845771 0.0691872
ENSG00000112139.9 6 37667082 37667082 - 9 572529 6_internal_16000 6 36989060 37094553 89 92.8242 0.878532 7.31264 0.119493 -0.166137 0.626866 0.633315
ENSG00000225945.1 6 37786994 37786994 - 7 -213559 6_internal_11073 6 38000553 38086463 89 86.9836 0.956171 6.6958 0.0961506 -0.197011 0.517413 0.526475
ENSG00000156639.7 6 37787275 37787275 + 7 -766660 6_internal_10343 6 36996313 37020615 89 85.2627 1.07049 6.82846 0.0112333 0.268246 0.0746269 0.0706344
ENSG00000243313.2 6 37800961 37800961 - 7 -199592 6_internal_11073 6 38000553 38086463 89 81.8035 0.999847 5.97648 0.0457228 -0.214327 0.308458 0.28916
ENSG00000200597.1 6 37883349 37883349 + 7 -788796 6_internal_16000 6 36989060 37094553 89 81.1951 1.04912 6.56293 0.0329254 -0.227604 0.233831 0.224034
ENSG00000218521.1 6 37971089 37971089 - 7 -29464 6_internal_11073 6 38000553 38086463 89 79.7176 1.00009 5.33352 0.25289 -0.117845 0.835821 0.825753
ENSG00000232932.1 6 38131580 38131580 - 5 -946861 6_internal_10835 6 39078441 39112054 89 82.3076 1.00004 4.31897 0.0491268 0.198373 0.233831 0.229343
ENSG00000225874.1 6 38145069 38145069 - 5 187231 6_internal_12506 6 37787883 37957838 89 99.9338 0.888967 5.60028 0.101852 0.173196 0.402985 0.437997
ENSG00000226533.1 6 38449468 38449468 + 6 -363005 6_internal_11073 6 38000553 38086463 89 83.959 1.00007 5.17493 0.150927 -0.142331 0.58209 0.60198
ENSG00000199938.1 6 38533726 38533726 + 6 544715 6_internal_10835 6 39078441 39112054 89 93.3109 0.976896 6.42182 0.0395209 0.199253 0.233831 0.213643
ENSG00000217227.1 6 38555099 38555099 + 6 -597261 6_internal_12506 6 37787883 37957838 89 79.3873 1.00003 4.67874 0.508575 0.0730992 0.9801 0.971502
ENSG00000183826.12 6 38607924 38607924 - 6 -470517 6_internal_10835 6 39078441 39112054 89 84.8803 1.00007 5.37991 0.00709861 0.309977 0.0298507 0.045234
ENSG00000124767.5 6 38670917 38670917 - 6 713079 6_internal_12506 6 37787883 37957838 89 87.366 1.0166 5.57571 0.0923542 0.180301 0.40796 0.420638
ENSG00000124721.13 6 38683117 38683117 + 7 -725279 6_internal_12506 6 37787883 37957838 89 83.1768 0.993704 5.96658 0.00540851 0.288401 0.0646766 0.0429962
ENSG00000217165.1 6 39078097 39078097 + 5 344 6_internal_10835 6 39078441 39112054 89 96.9266 1.00005 5.37261 1.31197e-13 0.732517 0.00497512 5.79813e-14
ENSG00000112167.5 6 39082965 39082965 - 5 0 6_internal_10835 6 39078441 39112054 89 90.8078 1.00003 5.33976 3.8012e-16 0.78429 0.00497512 1.02004e-15
ENSG00000164626.8 6 39197226 39197226 - 4 0 6_internal_12216 6 39173939 39198162 89 80.5693 1.00011 3.58689 0.0140255 0.267748 0.039801 0.0680261
ENSG00000124780.9 6 39282329 39282329 - 4 0 6_internal_13913 6 39280426 39311064 89 72.8688 1.00011 3.43768 0.0123599 0.268441 0.0696517 0.0790613
ENSG00000146122.12 6 39760142 39760142 + 5 -449078 6_internal_13913 6 39280426 39311064 89 82.8812 1 4.36151 0.178911 0.133088 0.60199 0.611088
ENSG00000124615.13 6 39902290 39902290 - 5 41687 6_internal_15545 6 39674678 39860603 89 90.8773 1 4.6243 0.046735 0.188049 0.218905 0.189687
ENSG00000180211.5 6 39926572 39926572 - 5 65969 6_internal_15545 6 39674678 39860603 89 94.7363 1.00007 5.65713 0.00191089 0.31164 0.0149254 0.00767378
ENSG00000204091.3 6 40302693 40302693 + 7 453488 6_internal_11769 6 40756181 40773678 89 86.7924 1.06715 6.59425 0.00661671 0.292853 0.0248756 0.0376777
ENSG00000204092.2 6 40313890 40313890 - 6 -442291 6_internal_11769 6 40756181 40773678 89 94.1975 1.04602 6.37402 0.0127516 0.275073 0.0547264 0.0558528
ENSG00000226070.1 6 40337213 40337213 - 6 -418968 6_internal_11769 6 40756181 40773678 89 96.8744 1.01503 7.07989 0.000100543 0.427673 0.00497512 0.000308406
ENSG00000156564.8 6 40555204 40555204 - 6 -200977 6_internal_11769 6 40756181 40773678 89 102.767 0.879536 6.38756 0.00353555 0.28918 0.0298507 0.0195194
ENSG00000124602.5 6 41006928 41006928 - 8 -919972 6_internal_14737 6 41926900 42022995 89 97.8652 0.919487 7.64338 0.0669541 -0.192026 0.393035 0.388079
ENSG00000112212.7 6 41010293 41010293 + 8 259316 6_internal_11328 6 41269609 41287816 89 93.6586 0.981238 7.60377 0.254843 0.125254 0.880597 0.8827
ENSG00000124701.5 6 41021043 41021043 + 8 629513 6_internal_10652 6 41650556 41681548 89 91.0338 1.06151 8.31994 0.0419821 -0.21852 0.268657 0.259886
ENSG00000001167.10 6 41040684 41040684 + 8 609872 6_internal_10652 6 41650556 41681548 89 91.0686 0.923084 7.81684 0.0387052 -0.205583 0.298507 0.286573
ENSG00000124596.12 6 41065526 41065526 - 8 -204083 6_internal_11328 6 41269609 41287816 89 83.3158 0.952187 7.23652 0.0243352 -0.231375 0.21393 0.212985
ENSG00000161912.12 6 41068761 41068761 + 8 858139 6_internal_14737 6 41926900 42022995 89 85.6104 1.08983 8.29597 0.0024247 -0.308813 0.0248756 0.016687
ENSG00000228342.1 6 41108570 41108570 - 8 -818330 6_internal_14737 6 41926900 42022995 89 89.5736 1.03594 8.4765 0.107943 -0.180318 0.60199 0.601103
ENSG00000161911.7 6 41122075 41122075 - 8 -2109 6_internal_12670 6 41124184 41157131 89 101.968 0.897148 7.14174 0.00969365 -0.272032 0.0447761 0.0567829
ENSG00000112195.8 6 41168932 41168932 - 8 11801 6_internal_12670 6 41124184 41157131 89 95.7098 0.939738 8.05762 0.0148089 0.264702 0.134328 0.104844
ENSG00000137166.10 6 41514164 41514164 + 12 731111 6_internal_11154 6 42245275 42263796 89 97.2221 0.952678 10.9086 0.0446063 0.218747 0.338308 0.350325
ENSG00000231102.1 6 41688134 41688134 + 13 557141 6_internal_11154 6 42245275 42263796 89 78.1357 1.05698 10.2553 0.23073 -0.130809 0.960199 0.950678
ENSG00000112561.12 6 41703997 41703997 - 13 446986 6_internal_11876 6 41149200 41257011 89 98.1781 1.01127 14.3282 0.0891707 -0.195175 0.676617 0.663901
ENSG00000124593.10 6 41748087 41748087 + 13 -473177 6_internal_14746 6 41158021 41274910 89 79.1439 1.06347 10.7362 0.0206805 -0.234309 0.263682 0.245602
ENSG00000137218.6 6 41754280 41754280 - 13 72732 6_internal_10652 6 41650556 41681548 89 78.1879 1.04369 10.7012 0.0200927 -0.246042 0.253731 0.25477
ENSG00000214736.3 6 41755400 41755400 + 13 -480490 6_internal_14746 6 41158021 41274910 89 86.323 0.874374 9.16186 0.0170325 -0.240079 0.20398 0.208613
ENSG00000268745.1 6 41759148 41759148 + 13 -985470 6_internal_11769 6 40756181 40773678 89 94.1627 0.958089 12.7165 0.0129615 0.251587 0.144279 0.139954
ENSG00000251403.1 6 41764356 41764356 - 13 489446 6_internal_14746 6 41158021 41274910 89 80.9865 0.98531 11.2818 0.00918856 0.268564 0.154229 0.141853
ENSG00000164663.9 6 41863099 41863099 - 12 -417139 6_internal_10639 6 42280238 42304073 89 85.6104 1.0883 10.9031 0.102571 -0.176374 0.691542 0.685599
ENSG00000124641.10 6 41888877 41888877 - 12 613967 6_internal_14746 6 41158021 41274910 89 80.1521 0.950847 9.1613 0.114372 0.161618 0.756219 0.74953
ENSG00000112578.5 6 41888926 41888926 + 12 37974 6_internal_14737 6 41926900 42022995 89 95.449 0.910579 11.0592 0.0300428 0.248268 0.268657 0.281087
ENSG00000206875.1 6 41986252 41986252 - 12 698436 6_internal_11328 6 41269609 41287816 89 92.6852 1.05579 11.9711 0.12534 -0.164719 0.771144 0.759596
ENSG00000223946.1 6 41997791 41997791 + 12 282518 6_internal_15222 6 42280309 42516429 89 91.3119 0.970947 11.0779 0.0421928 -0.215169 0.348259 0.374668
ENSG00000112576.8 6 42018095 42018095 - 12 761084 6_internal_11876 6 41149200 41257011 89 89.7475 1.01072 11.3509 0.0309588 -0.23078 0.303483 0.289645
ENSG00000137413.11 6 42018251 42018251 + 12 261987 6_internal_10639 6 42280238 42304073 89 101.342 0.981663 13.6787 0.0910991 -0.175829 0.616915 0.644047
ENSG00000261068.1 6 42061997 42061997 - 13 787087 6_internal_14746 6 41158021 41274910 89 70.4525 1.2069 9.80358 0.116072 -0.156017 0.791045 0.769246
ENSG00000188112.4 6 42110357 42110357 - 13 835447 6_internal_14746 6 41158021 41274910 89 81.2125 0.988278 9.97845 0.103855 -0.170087 0.736318 0.726004
ENSG00000112599.8 6 42162654 42162654 - 12 -220914 6_internal_11633 6 42383568 42393329 89 112.05 0.889252 16.9962 0.0513339 0.203929 0.437811 0.445906
ENSG00000048544.5 6 42185603 42185603 - 12 162608 6_internal_14737 6 41926900 42022995 89 93.0154 0.958503 10.986 0.235373 -0.121615 0.950249 0.943593
ENSG00000124496.8 6 42419789 42419789 - 11 -855437 6_internal_15189 6 43275226 43338378 89 78.1879 0.991917 8.63507 0.00942996 -0.289668 0.144279 0.124801
ENSG00000024048.6 6 42531800 42531800 + 11 529211 6_internal_9988 6 43061011 43064813 89 86.6186 1.07874 9.50393 0.194876 0.14513 0.855721 0.866458
ENSG00000206848.1 6 42631900 42631900 + 12 660737 6_internal_11785 6 43292637 43361930 89 93.7803 0.914997 11.9182 0.00207569 0.285788 0.0348259 0.0268444
ENSG00000112619.6 6 42690312 42690312 - 11 -903375 6_internal_11257 6 43593687 43613485 89 86.1666 0.959921 10.1824 0.0181463 -0.2289 0.218905 0.202338
ENSG00000124659.4 6 42714558 42714558 - 12 321229 6_internal_11633 6 42383568 42393329 89 84.5326 1.12636 11.5523 0.0130603 0.277568 0.124378 0.126111
ENSG00000112624.7 6 42714696 42714696 + 12 878991 6_internal_11257 6 43593687 43613485 89 77.6664 1.0958 10.029 0.25478 0.116985 0.965174 0.960362
ENSG00000236163.1 6 42756998 42756998 + 12 -363669 6_internal_11633 6 42383568 42393329 89 95.2404 0.966074 12.0031 0.0358135 0.228739 0.328358 0.320879
ENSG00000146223.9 6 42847356 42847356 + 13 -251844 6_internal_11095 6 42532420 42595512 89 90.5645 0.954612 11.2588 0.217979 -0.127424 0.935323 0.938652
ENSG00000221821.2 6 42858554 42858554 - 13 -416672 6_internal_15189 6 43275226 43338378 89 83.5766 1.25649 14.7004 0.0461838 -0.203369 0.467662 0.44245
ENSG00000137161.12 6 42896938 42896938 + 12 -633142 6_internal_11154 6 42245275 42263796 89 94.7189 1.00367 12.9652 0.0426666 0.21119 0.373134 0.380674
ENSG00000231113.1 6 42908102 42908102 + 12 866575 6_internal_13910 6 43774677 43824416 89 104.749 0.906619 14.1721 0.178497 -0.139433 0.910448 0.906185
ENSG00000181524.6 6 42924503 42924503 - 12 -669184 6_internal_11257 6 43593687 43613485 89 86.2535 1.00755 11.3452 0.00986663 0.273818 0.139303 0.116552
ENSG00000124713.5 6 42928496 42928496 + 12 846181 6_internal_13910 6 43774677 43824416 89 95.9705 0.995914 11.7782 0.237861 0.124846 0.925373 0.946979
ENSG00000124587.9 6 42946958 42946958 - 12 683162 6_internal_11154 6 42245275 42263796 89 82.2033 0.99393 9.25226 0.0254426 -0.261146 0.278607 0.260953
ENSG00000112640.10 6 42952237 42952237 + 12 322989 6_internal_15189 6 43275226 43338378 89 88.3742 1.05116 11.1177 0.159051 0.131792 0.860697 0.845761
ENSG00000124733.3 6 42981706 42981706 - 12 465277 6_internal_15222 6 42280309 42516429 89 90.8078 0.928143 12.6556 0.118424 -0.178074 0.800995 0.807201
ENSG00000124702.12 6 42981951 42981951 + 12 -465522 6_internal_15222 6 42280309 42516429 89 83.9764 1.05176 11.3697 0.136137 0.160373 0.835821 0.825037
ENSG00000124541.5 6 42989383 42989383 + 12 71628 6_internal_9988 6 43061011 43064813 89 91.5379 0.990582 13.6758 0.147119 0.161478 0.870647 0.877627
ENSG00000137171.10 6 43008515 43008515 + 12 266711 6_internal_15189 6 43275226 43338378 89 89.3477 1.00445 11.9744 0.10763 -0.165137 0.756219 0.740379
ENSG00000044090.4 6 43021683 43021683 - 12 -752994 6_internal_13910 6 43774677 43824416 89 82.7943 1.02159 10.405 0.123085 0.151682 0.756219 0.777806
ENSG00000112651.7 6 43027544 43027544 - 11 511115 6_internal_15222 6 42280309 42516429 89 85.1932 1.01694 9.73155 0.0757171 -0.203173 0.572139 0.558953
ENSG00000112655.11 6 43044006 43044006 + 11 -780210 6_internal_11154 6 42245275 42263796 89 99.7947 0.932814 12.3833 0.11972 -0.155749 0.721393 0.74971
ENSG00000112658.6 6 43139037 43139037 + 11 454650 6_internal_11257 6 43593687 43613485 89 91.8682 0.973125 12.8217 0.0607768 0.185076 0.542289 0.539714
ENSG00000112659.8 6 43149913 43149913 + 11 624764 6_internal_13910 6 43774677 43824416 89 87.8006 0.980913 10.0372 0.0982217 0.167494 0.656716 0.662372
ENSG00000245261.1 6 43191598 43191598 - 12 887525 6_internal_10639 6 42280238 42304073 89 88.7393 0.940641 10.3244 0.0407361 -0.208246 0.38806 0.379783
ENSG00000112667.8 6 43197222 43197222 - 12 601710 6_internal_11095 6 42532420 42595512 89 84.4457 1.05021 10.7125 0.0551038 0.199627 0.482587 0.471572
ENSG00000146215.9 6 43276535 43276535 - 11 -907483 6_internal_10972 6 44184018 44206568 89 99.673 0.971793 12.517 0.0450197 -0.201652 0.363184 0.363588
ENSG00000220614.1 6 43295872 43295872 + 12 -779443 6_internal_15222 6 42280309 42516429 89 90.182 0.930575 10.396 0.0525155 0.207813 0.467662 0.453397
ENSG00000179157.4 6 43331217 43331217 + 11 0 6_internal_15189 6 43275226 43338378 89 102.054 0.950572 13.7297 0.26744 0.115122 0.9801 0.977054
ENSG00000171467.10 6 43337181 43337181 - 11 -945507 6_internal_10903 6 44282688 44302908 89 91.2424 0.949142 11.174 0.165691 0.14436 0.860697 0.869152
ENSG00000124574.9 6 43395104 43395104 + 10 887584 6_internal_10903 6 44282688 44302908 89 96.0574 0.90748 10.9241 0.0492508 0.220635 0.39801 0.412759
ENSG00000171462.9 6 43424370 43424370 - 10 828858 6_internal_11095 6 42532420 42595512 89 93.6586 1.05513 11.5017 0.0603653 -0.201473 0.462687 0.446124
ENSG00000137221.9 6 43445261 43445261 + 10 -380448 6_internal_9988 6 43061011 43064813 89 89.0869 0.939871 9.67708 0.143018 -0.151295 0.80597 0.793071
ENSG00000171453.12 6 43477440 43477440 + 10 116247 6_internal_11257 6 43593687 43613485 89 83.5592 0.923142 8.57273 0.0355558 -0.199616 0.338308 0.342291
ENSG00000204052.3 6 43478424 43478424 - 10 -705594 6_internal_10972 6 44184018 44206568 89 86.2535 1.01377 10.0446 0.00590703 0.29635 0.0646766 0.0628623
ENSG00000137207.6 6 43484728 43484728 - 10 -797960 6_internal_10903 6 44282688 44302908 89 83.959 1.09017 9.30766 0.0765986 0.193958 0.542289 0.525243
ENSG00000219470.1 6 43507440 43507440 - 10 -267237 6_internal_13910 6 43774677 43824416 89 76.8668 1.06961 7.64537 0.0695936 -0.187136 0.487562 0.4901
ENSG00000124571.13 6 43543812 43543812 - 9 -230865 6_internal_13910 6 43774677 43824416 89 82.2729 1.04006 8.54332 0.0651575 -0.194046 0.522388 0.473835
ENSG00000170734.7 6 43543887 43543887 + 9 640131 6_internal_10972 6 44184018 44206568 89 82.9508 1.04199 8.86569 0.0201165 0.245211 0.169154 0.184494
