ENSG00000149646.7 20 34556512 34556512 + 9 988893 20_internal_5144 20 35545405 35640345 89 87.227 0.960142 8.05414 0.0183248 -0.249384 0.164179 0.16058
ENSG00000260032.1 20 34638882 34638882 - 9 -469041 20_internal_6878 20 35107923 35124116 89 88.7045 0.956819 7.02348 0.0723481 -0.189962 0.41791 0.432643
ENSG00000088367.15 20 34679426 34679426 + 9 -312838 20_internal_4864 20 34330610 34366588 89 103.115 0.86885 9.29615 0.0291786 -0.246447 0.218905 0.214006
ENSG00000131043.7 20 34824381 34824381 + 10 -457793 20_internal_4864 20 34330610 34366588 89 87.14 0.957341 8.07775 0.0665531 -0.199767 0.427861 0.461456
ENSG00000080845.13 20 34894258 34894258 + 9 -763036 20_internal_5973 20 34093582 34131222 89 85.8363 1.06667 8.16374 0.0709851 0.187169 0.432836 0.445954
ENSG00000259729.1 20 35154533 35154533 - 9 791495 20_internal_4570 20 34244751 34363038 89 83.8373 0.969607 7.28823 0.2086 0.134747 0.870647 0.847094
ENSG00000101335.5 20 35169887 35169887 + 9 -935004 20_internal_4823 20 34216336 34234883 89 90.8947 0.859199 7.994 0.0775341 -0.204311 0.527363 0.530095
ENSG00000232907.2 20 35201794 35201794 - 9 -343611 20_internal_5144 20 35545405 35640345 89 96.9092 0.876537 8.38516 0.118484 0.161565 0.636816 0.652401
ENSG00000118707.4 20 35201891 35201891 + 9 -561874 20_internal_4555 20 33862241 34640017 89 86.2014 1.05804 8.11808 0.049539 0.215517 0.348259 0.332545
ENSG00000259399.1 20 35202956 35202956 + 9 -78840 20_internal_6878 20 35107923 35124116 89 88.5133 0.958988 9.37553 0.0258816 0.240228 0.243781 0.238156
ENSG00000101084.12 20 35234137 35234137 + 9 -999254 20_internal_4823 20 34216336 34234883 89 97.9869 0.925519 9.1974 0.0717553 -0.207532 0.457711 0.463434
ENSG00000227688.2 20 35248806 35248806 + 8 296599 20_internal_5144 20 35545405 35640345 89 92.6678 0.92082 7.04126 0.082338 -0.183154 0.452736 0.466136
ENSG00000101082.9 20 35274619 35274619 - 8 634602 20_internal_4555 20 33862241 34640017 89 86.3578 0.991811 8.14844 0.262979 -0.120049 0.920398 0.924273
ENSG00000101079.16 20 35374481 35374481 - 6 734464 20_internal_4555 20 33862241 34640017 89 101.272 0.886682 6.16183 0.0423315 -0.222023 0.218905 0.217376
ENSG00000149636.10 20 35402230 35402230 - 6 762213 20_internal_4555 20 33862241 34640017 89 103.028 0.940179 7.32415 0.118351 0.159839 0.542289 0.537702
ENSG00000149639.9 20 35492089 35492089 - 6 367973 20_internal_6878 20 35107923 35124116 89 93.224 1.21905 8.40559 0.0121584 -0.232225 0.0348259 0.0441535
ENSG00000101342.4 20 35504534 35504534 + 6 40871 20_internal_5144 20 35545405 35640345 89 103.011 0.916212 7.94187 3.31307e-05 0.394505 0.00497512 0.000145585
ENSG00000101347.7 20 35580246 35580246 - 6 0 20_internal_5144 20 35545405 35640345 89 83.9068 0.999905 5.21798 0.000140889 0.365675 0.00497512 0.00114555
ENSG00000231241.1 20 35650387 35650387 - 5 10042 20_internal_5144 20 35545405 35640345 89 83.4723 0.999947 4.19831 0.0865321 0.174012 0.363184 0.348439
ENSG00000226144.2 20 35677657 35677657 + 5 -553541 20_internal_6878 20 35107923 35124116 89 89.226 1.00003 5.40213 0.607054 0.0501197 1 0.993524
ENSG00000269846.1 20 35724188 35724188 + 6 -83843 20_internal_5144 20 35545405 35640345 89 89.6605 0.966816 6.448 0.0200466 0.224935 0.144279 0.129841
ENSG00000080839.7 20 35724398 35724398 - 6 84053 20_internal_5144 20 35545405 35640345 89 98.126 0.947436 6.44645 0.00825124 0.280755 0.039801 0.0425959
ENSG00000118705.12 20 35806813 35806813 + 7 988772 20_internal_5336 20 36795585 36934447 89 93.0328 1.02675 7.55441 0.211773 -0.140732 0.800995 0.810664
ENSG00000101353.10 20 35807991 35807991 - 7 -909156 20_internal_7210 20 36717147 36827810 89 85.9232 1.01184 6.814 0.015748 0.225087 0.114428 0.111087
ENSG00000101363.8 20 35918041 35918041 + 8 932718 20_internal_7333 20 36850759 36907894 89 78.6746 1.04338 6.86054 0.002847 -0.290911 0.0348259 0.0289861
ENSG00000197122.7 20 35973088 35973088 + 8 877671 20_internal_7333 20 36850759 36907894 89 74.9721 1.09093 6.52107 0.0497238 -0.203338 0.358209 0.344322
ENSG00000235167.1 20 36137633 36137633 - 7 497288 20_internal_5144 20 35545405 35640345 89 112.693 0.925504 8.47251 0.02882 0.232351 0.154229 0.134389
ENSG00000053438.7 20 36149617 36149617 + 7 -153019 20_internal_5294 20 35718454 35996598 89 95.1709 0.933648 7.50128 0.277366 0.121957 0.915423 0.907396
ENSG00000166619.7 20 36156333 36156333 - 7 -694426 20_internal_7333 20 36850759 36907894 89 96.7875 1.06642 9.38784 0.0684598 -0.203066 0.40796 0.394988
ENSG00000132792.14 20 36322408 36322408 + 6 -308428 20_internal_7073 20 35897800 36013980 89 82.8291 1.00486 5.688 0.0726089 0.179288 0.358209 0.388199
ENSG00000199683.1 20 36603883 36603883 - 9 607285 20_internal_5294 20 35718454 35996598 89 97.6914 0.922268 9.27429 0.0681077 -0.191343 0.462687 0.451472
ENSG00000101407.8 20 36661870 36661870 - 8 -133715 20_internal_5336 20 36795585 36934447 89 99.2559 0.978133 9.68817 0.176962 0.137638 0.820896 0.807731
ENSG00000101413.7 20 36661948 36661948 + 8 133637 20_internal_5336 20 36795585 36934447 89 82.5336 1.11715 7.31373 0.163012 0.149704 0.726368 0.727572
ENSG00000252791.1 20 36681148 36681148 - 8 684550 20_internal_5294 20 35718454 35996598 89 78.6572 1.07844 7.30007 0.0299998 0.203828 0.273632 0.233641
ENSG00000224635.1 20 37045444 37045444 - 6 -381808 20_internal_5118 20 37427252 37513520 89 93.3109 0.950365 6.72691 0.0863808 0.182808 0.447761 0.449124
ENSG00000199452.1 20 37050421 37050421 - 6 -376831 20_internal_5118 20 37427252 37513520 89 91.4162 0.95495 5.57345 0.0939108 -0.162674 0.402985 0.428434
ENSG00000235408.1 20 37053978 37053978 - 6 226168 20_internal_7210 20 36717147 36827810 89 90.3037 0.979073 5.4456 0.0607619 0.192832 0.293532 0.290655
ENSG00000201416.1 20 37053979 37053979 - 6 226169 20_internal_7210 20 36717147 36827810 89 83.4549 1.00011 5.36281 0.0879716 0.175785 0.427861 0.426708
ENSG00000201599.1 20 37056085 37056085 - 6 228275 20_internal_7210 20 36717147 36827810 89 96.8744 0.905032 6.37955 0.00607971 0.275353 0.0597015 0.0385265
ENSG00000225091.1 20 37056086 37056086 - 6 228276 20_internal_7210 20 36717147 36827810 89 78.7441 0.999905 4.90061 0.00597537 0.273485 0.0746269 0.0468459
ENSG00000201512.1 20 37058446 37058446 - 6 -368806 20_internal_5118 20 37427252 37513520 89 74.6244 1.00013 4.93369 0.387569 -0.0806346 0.935323 0.937038
ENSG00000200354.1 20 37062641 37062641 - 6 234831 20_internal_7210 20 36717147 36827810 89 97.8131 1.04169 7.26989 0.0482226 0.199789 0.238806 0.23031
ENSG00000196756.6 20 37063996 37063996 - 6 129549 20_internal_5336 20 36795585 36934447 89 87.2965 1.0001 4.79286 0.0333148 0.232113 0.169154 0.157184
ENSG00000174365.14 20 37075221 37075221 + 6 -247411 20_internal_7210 20 36717147 36827810 89 79.6307 0.989331 5.40639 0.0809282 -0.16763 0.457711 0.435366
ENSG00000199266.1 20 37078013 37078013 + 6 511774 20_internal_5106 20 37589787 37616056 89 81.0908 0.999882 5.26162 0.052983 -0.185749 0.288557 0.29716
ENSG00000170471.10 20 37101459 37101459 + 6 -167012 20_internal_5336 20 36795585 36934447 89 87.0705 1.00001 5.25514 0.157157 -0.147871 0.616915 0.604352
ENSG00000231307.1 20 37166401 37166401 + 6 423386 20_internal_5106 20 37589787 37616056 89 83.6113 0.999171 5.54509 0.33441 0.0983697 0.895522 0.908037
ENSG00000101442.8 20 37377085 37377085 + 6 50167 20_internal_5118 20 37427252 37513520 89 95.3447 1.00035 6.14484 0.245169 -0.124344 0.791045 0.797517
ENSG00000199691.1 20 37390171 37390171 + 6 110322 20_internal_7674 20 37500493 39591862 89 95.8314 1.00483 6.26762 0.00262476 -0.308794 0.0248756 0.010927
ENSG00000101445.4 20 37434348 37434348 + 6 155439 20_internal_5106 20 37589787 37616056 89 82.777 0.99387 5.4419 0.00548121 0.313732 0.0646766 0.0405334
ENSG00000240474.2 20 37501413 37501413 + 6 -673603 20_internal_7210 20 36717147 36827810 89 82.8465 0.997405 5.58937 0.183487 -0.127062 0.731343 0.712563
ENSG00000101447.9 20 37554955 37554955 + 6 -620508 20_internal_5336 20 36795585 36934447 89 90.0951 1.02869 5.87641 0.0701255 -0.200015 0.328358 0.327722
ENSG00000101452.9 20 37590942 37590942 + 6 -77422 20_internal_5118 20 37427252 37513520 89 87.6789 1.00005 5.28943 0.0846648 -0.167244 0.412935 0.382163
ENSG00000223864.1 20 37607065 37607065 - 6 699171 20_internal_7333 20 36850759 36907894 89 87.2791 1.00002 5.27657 0.0323234 0.208011 0.154229 0.167055
ENSG00000198900.5 20 39657458 39657458 + 5 -560955 20_internal_6255 20 38967306 39096503 89 84.4979 1.0001 4.31113 0.209239 0.133948 0.671642 0.659642
ENSG00000124181.8 20 39765600 39765600 + 5 -562762 20_internal_4602 20 39119451 39202838 89 93.1023 1.00001 5.34857 0.191803 -0.131356 0.616915 0.65812
ENSG00000226648.1 20 39766643 39766643 - 5 133569 20_internal_5059 20 39619132 39633074 89 114.066 1.00006 5.78852 0.168614 -0.151359 0.507463 0.519322
ENSG00000242748.1 20 39825331 39825331 + 5 -622493 20_internal_4602 20 39119451 39202838 89 83.2463 0.999994 4.18387 0.360096 -0.091801 0.875622 0.861159
ENSG00000174306.16 20 39946312 39946312 - 5 313238 20_internal_5059 20 39619132 39633074 89 84.0285 0.999904 4.52488 0.0593918 0.208326 0.288557 0.269433
ENSG00000132793.7 20 39969560 39969560 + 5 -766722 20_internal_4602 20 39119451 39202838 89 85.4365 0.999973 4.3693 0.0390473 0.196615 0.19403 0.175509
ENSG00000183798.4 20 39995467 39995467 - 5 792629 20_internal_4602 20 39119451 39202838 89 78.3617 0.999947 3.93497 0.0982761 0.15715 0.427861 0.397934
ENSG00000235088.1 20 40090584 40090584 - 5 994081 20_internal_6255 20 38967306 39096503 89 83.0377 0.999973 4.51055 0.141003 0.164438 0.562189 0.532529
ENSG00000232493.2 20 40176061 40176061 + 3 -584199 20_internal_7674 20 37500493 39591862 89 82.5336 1.00001 2.27252 0.448819 -0.0819232 0.766169 0.759535
ENSG00000124177.10 20 40247133 40247133 - 2 655271 20_internal_7674 20 37500493 39591862 89 73.6162 1.00004 1.71615 0.441854 -0.0880914 0.691542 0.679288
ENSG00000124193.9 20 42086568 42086568 + 4 606720 20_internal_7109 20 42693288 42851707 89 121.506 1.00007 4.97825 0.0921444 -0.193561 0.248756 0.220908
ENSG00000185513.9 20 42136320 42136320 + 5 45966 20_internal_6483 20 42182286 42255040 89 83.7678 1.00004 4.50046 0.164036 0.150591 0.562189 0.58396
ENSG00000234271.1 20 42152212 42152212 - 5 -197435 20_internal_5024 20 42349647 42365941 89 120.237 0.889411 7.17968 0.279153 -0.114247 0.840796 0.841002
ENSG00000226143.1 20 42179589 42179589 - 5 -2697 20_internal_6483 20 42182286 42255040 89 92.633 1.0001 4.98624 0.139814 0.148489 0.502488 0.506117
ENSG00000101049.10 20 42187608 42187608 + 5 921448 20_internal_5364 20 43109056 43121164 89 92.7721 1.0001 4.87761 0.0649361 -0.182907 0.283582 0.258483
ENSG00000101052.8 20 42219571 42219571 + 5 345764 20_internal_5800 20 42565335 42611333 89 101.55 0.98766 6.13775 0.148613 0.148705 0.542289 0.557733
ENSG00000101057.11 20 42295754 42295754 + 5 53893 20_internal_5024 20 42349647 42365941 89 102.506 0.999931 5.5923 0.356106 -0.0957706 0.885572 0.886031
ENSG00000124196.5 20 42355638 42355638 - 5 0 20_internal_5024 20 42349647 42365941 89 90.0604 0.999966 4.95805 0.000608951 0.361314 0.00995025 0.00279684
ENSG00000124191.12 20 42543492 42543492 + 6 149796 20_internal_7109 20 42693288 42851707 89 92.9111 0.945209 5.94693 0.0018754 0.361595 0.0298507 0.0116226
ENSG00000132823.6 20 42839431 42839431 - 9 -675380 20_internal_5052 20 43514811 43701200 89 112.728 0.876089 11.1211 0.211992 -0.129321 0.875622 0.882176
ENSG00000223891.1 20 42839600 42839600 + 9 -228267 20_internal_5800 20 42565335 42611333 89 88.5133 1.08469 9.76803 0.00711561 0.294736 0.039801 0.0531481
ENSG00000124194.11 20 42875887 42875887 + 10 997632 20_internal_5331 20 43873519 43885431 89 85.9754 1.06575 9.43954 0.102806 -0.150323 0.691542 0.637309
ENSG00000197296.5 20 42939809 42939809 - 10 684769 20_internal_6483 20 42182286 42255040 89 97.2047 0.971943 10.6177 0.253235 0.120427 0.945274 0.942593
ENSG00000226243.1 20 43095482 43095482 - 10 -618298 20_internal_5809 20 43713780 43725045 89 87.8354 1.07561 9.46859 0.0371923 0.206571 0.298507 0.27732
ENSG00000124120.6 20 43104526 43104526 + 10 768993 20_internal_5331 20 43873519 43885431 89 95.2404 1.0277 10.6763 0.0301994 -0.200332 0.228856 0.224917
ENSG00000132824.9 20 43150750 43150750 - 10 -631181 20_internal_5639 20 43781931 43884537 89 94.0063 0.93421 8.70571 0.18873 0.140091 0.840796 0.832926
ENSG00000168734.9 20 43160426 43160426 + 10 -549093 20_internal_5800 20 42565335 42611333 89 88.1482 1.05365 11.545 0.0274944 -0.219311 0.248756 0.258651
ENSG00000196839.8 20 43280874 43280874 - 9 429167 20_internal_7109 20 42693288 42851707 89 84.0459 0.999168 8.4289 0.166237 -0.150541 0.800995 0.809761
ENSG00000132832.5 20 43324737 43324737 - 9 -256160 20_internal_5260 20 43580897 43591600 89 98.9777 0.913931 9.97771 0.216894 0.132068 0.910448 0.897466
ENSG00000064205.6 20 43343485 43343485 + 9 -977544 20_internal_5024 20 42349647 42365941 89 82.777 0.996231 7.9812 0.0109732 0.246379 0.139303 0.108822
ENSG00000166913.8 20 43514317 43514317 + 8 267614 20_internal_5639 20 43781931 43884537 89 81.1951 1.00233 6.53073 0.104197 0.173898 0.58209 0.567522
ENSG00000101104.8 20 43538703 43538703 + 8 -417539 20_internal_5364 20 43109056 43121164 89 77.2492 1.15938 7.58905 0.0258323 -0.222179 0.223881 0.193904
ENSG00000025772.7 20 43589127 43589127 - 8 -124653 20_internal_5809 20 43713780 43725045 89 75.8586 1.00805 6.46444 0.000958278 -0.34305 0.0149254 0.0142901
ENSG00000101109.7 20 43595115 43595115 + 8 186816 20_internal_5639 20 43781931 43884537 89 100.872 0.9098 9.24069 0.0315965 -0.225378 0.233831 0.222874
ENSG00000252021.1 20 43632989 43632989 + 7 0 20_internal_5052 20 43514811 43701200 89 82.7943 1.08711 7.10086 0.146931 0.151083 0.676617 0.684093
ENSG00000124134.4 20 43729753 43729753 - 7 4708 20_internal_5809 20 43713780 43725045 89 84.2893 1.06452 6.8029 0.000173005 0.412648 0.00497512 0.00113737
ENSG00000124145.5 20 43977064 43977064 - 7 92527 20_internal_5639 20 43781931 43884537 89 84.324 0.995054 6.48705 0.161163 -0.157273 0.726368 0.709365
ENSG00000204070.5 20 43990577 43990577 + 7 -265532 20_internal_5809 20 43713780 43725045 89 98.3867 0.97457 6.72135 0.0728392 -0.200845 0.323383 0.348344
ENSG00000254806.1 20 43991840 43991840 + 7 -870676 20_internal_5364 20 43109056 43121164 89 109.46 0.90277 8.27583 0.0476611 -0.219896 0.253731 0.250774
ENSG00000232880.1 20 44017345 44017345 - 7 292300 20_internal_5809 20 43713780 43725045 89 91.4684 1.02083 6.88477 0.0492784 -0.213813 0.273632 0.269081
ENSG00000244274.3 20 44034697 44034697 + 7 -913533 20_internal_5364 20 43109056 43121164 89 68.2623 0.999922 5.36644 0.041733 -0.205041 0.338308 0.341133
ENSG00000124251.6 20 44036529 44036529 - 7 311484 20_internal_5809 20 43713780 43725045 89 88.2178 0.940602 7.49337 0.110809 -0.181409 0.58209 0.616465
ENSG00000124155.11 20 44044707 44044707 + 7 -319662 20_internal_5809 20 43713780 43725045 89 81.3863 1.07153 7.1582 0.0117907 -0.263093 0.0845771 0.0911096
ENSG00000269549.1 20 44074071 44074071 + 7 744926 20_internal_6674 20 44818997 44828601 89 108.26 0.883721 9.07809 0.095812 0.174773 0.492537 0.519236
ENSG00000234011.2 20 44076042 44076042 + 7 -954878 20_internal_5364 20 43109056 43121164 89 100.003 1.01664 7.6492 0.18222 0.143437 0.766169 0.724109
ENSG00000235508.2 20 44270009 44270009 - 6 384578 20_internal_5331 20 43873519 43885431 89 95.2752 0.96116 6.31327 0.217034 -0.132674 0.78607 0.77035
ENSG00000101457.8 20 44420576 44420576 + 7 -695531 20_internal_5809 20 43713780 43725045 89 87.7832 0.920109 6.01827 0.0364582 -0.22441 0.228856 0.239843
ENSG00000175063.12 20 44441215 44441215 + 7 870753 20_internal_6949 20 45311968 45323508 89 86.0449 1.0026 6.80075 0.15775 -0.147899 0.701493 0.705383
ENSG00000101470.5 20 44462384 44462384 - 7 576953 20_internal_5331 20 43873519 43885431 89 77.8229 1.13568 6.37597 0.0331934 0.1997 0.223881 0.209214
ENSG00000124104.14 20 44462449 44462449 + 7 -870849 20_internal_5260 20 43580897 43591600 89 80.8822 1.00045 5.86387 0.299524 0.112062 0.875622 0.898219
ENSG00000101473.12 20 44486045 44486045 - 7 894445 20_internal_5260 20 43580897 43591600 89 82.0643 0.966872 6.16224 0.0190605 0.250699 0.19403 0.152252
ENSG00000132801.5 20 44486256 44486256 + 7 -761211 20_internal_5809 20 43713780 43725045 89 91.6074 0.979967 7.18948 0.00378958 0.297428 0.0248756 0.0255576
ENSG00000168612.4 20 44509866 44509866 + 7 -918266 20_internal_5260 20 43580897 43591600 89 92.7547 1.10236 8.53879 0.142645 0.154869 0.706468 0.671694
ENSG00000149634.4 20 44516274 44516274 - 7 -302723 20_internal_6674 20 44818997 44828601 89 91.6596 1.04783 7.55395 0.00878436 -0.286793 0.039801 0.0494294
ENSG00000064601.11 20 44519591 44519591 + 7 -635054 20_internal_5639 20 43781931 43884537 89 78.327 0.949515 5.61662 0.12164 0.162566 0.58209 0.611026
ENSG00000124257.6 20 44519926 44519926 - 7 794881 20_internal_5809 20 43713780 43725045 89 82.0643 1.07324 7.16477 0.0940662 -0.168092 0.537313 0.526994
ENSG00000100979.10 20 44540794 44540794 - 7 656257 20_internal_5639 20 43781931 43884537 89 75.4588 0.989269 5.51731 0.23219 -0.11926 0.820896 0.828453
ENSG00000100982.7 20 44563267 44563267 + 7 -971667 20_internal_5260 20 43580897 43591600 89 98.0564 0.905608 6.96683 0.0570609 0.204919 0.303483 0.322016
ENSG00000198026.6 20 44600833 44600833 - 6 -218164 20_internal_6674 20 44818997 44828601 89 81.2994 0.99991 5.24488 0.0929022 0.191578 0.472637 0.452141
ENSG00000124140.7 20 44650329 44650329 + 6 168668 20_internal_6674 20 44818997 44828601 89 89.5736 0.9622 5.29082 0.0631979 -0.214471 0.293532 0.305529
ENSG00000124160.7 20 44718591 44718591 - 5 993546 20_internal_5809 20 43713780 43725045 89 81.8383 0.999885 4.38856 0.500881 -0.0670377 0.965174 0.959632
ENSG00000213820.3 20 44728157 44728157 + 4 -843620 20_internal_5639 20 43781931 43884537 89 79.5785 0.999903 3.31711 0.409724 -0.0801437 0.845771 0.850252
ENSG00000101017.9 20 44746911 44746911 + 4 -861480 20_internal_5331 20 43873519 43885431 89 77.5969 0.999951 3.40384 0.0956163 0.175061 0.328358 0.352447
ENSG00000080189.10 20 44993043 44993043 - 3 -318925 20_internal_6949 20 45311968 45323508 89 79.6307 0.999922 2.43995 0.114434 -0.166431 0.313433 0.299088
ENSG00000062598.13 20 45061704 45061704 - 4 -690291 20_internal_5695 20 45751995 45773945 89 79.5959 0.999914 3.44148 0.033105 -0.214418 0.154229 0.143382
ENSG00000198185.7 20 45142198 45142198 - 4 313597 20_internal_6674 20 44818997 44828601 89 81.7166 1.00009 3.25644 0.070862 -0.198016 0.228856 0.24729
ENSG00000158296.9 20 45304714 45304714 - 5 -7254 20_internal_6949 20 45311968 45323508 89 99.3428 1.04758 6.17839 0.142926 0.156691 0.542289 0.530233
ENSG00000172315.5 20 45318418 45318418 - 5 -877932 20_internal_6519 20 46196350 46214678 89 86.0449 1.00001 5.05922 0.0423847 -0.230399 0.21393 0.211918
ENSG00000267882.1 20 45947246 45947246 + 6 249104 20_internal_6519 20 46196350 46214678 89 90.3211 0.999969 5.21535 0.0703793 -0.170205 0.333333 0.30862
ENSG00000231119.2 20 45981305 45981305 + 6 74979 20_internal_5864 20 46056284 46120439 89 100.942 0.956596 6.00179 0.0222591 0.262326 0.0995025 0.0970313
ENSG00000101040.15 20 45985567 45985567 - 6 662059 20_internal_6949 20 45311968 45323508 89 93.4152 1.00005 5.26865 0.0840234 -0.181724 0.343284 0.34309
ENSG00000124151.13 20 46130601 46130601 + 6 220941 20_internal_5700 20 46351542 46415768 89 90.5992 0.999934 5.32961 0.094761 -0.172601 0.39801 0.401549
ENSG00000229853.1 20 46260182 46260182 - 8 139743 20_internal_5864 20 46056284 46120439 89 96.8223 0.933829 6.9796 0.00725416 0.277 0.039801 0.0446657
ENSG00000255438.2 20 46306645 46306645 + 9 -91967 20_internal_6519 20 46196350 46214678 89 73.877 1.11409 6.83473 0.157272 -0.133452 0.751244 0.744286
ENSG00000196562.10 20 46415360 46415360 - 9 -821444 20_internal_5143 20 47236804 47450030 89 97.1699 1.02534 9.24056 0.00514353 -0.250618 0.0348259 0.0285537
ENSG00000124126.9 20 47444420 47444420 - 13 20729 20_internal_5401 20 47331341 47423691 89 97.9869 1.00825 15.4447 8.28051e-20 0.791821 0.00497512 1.23915e-20
ENSG00000124198.8 20 47538427 47538427 + 13 317089 20_internal_6974 20 47855516 47860765 89 83.4896 1.02226 10.2769 0.0724479 0.193079 0.59204 0.574948
ENSG00000124207.12 20 47662849 47662849 + 15 703056 20_internal_5872 20 48365905 48436248 89 87.3486 1.00859 13.5817 0.00192143 0.319757 0.0199005 0.027452
ENSG00000226284.1 20 47751017 47751017 + 15 114929 20_internal_5347 20 47865946 47874227 89 87.3312 0.973263 11.58 0.176102 0.154337 0.910448 0.90422
ENSG00000124214.15 20 47804904 47804904 - 17 -561001 20_internal_5872 20 48365905 48436248 89 89.2434 1.04583 16.9732 0.0340729 0.213615 0.432836 0.420654
ENSG00000124228.10 20 47835884 47835884 + 17 588981 20_internal_5023 20 48424865 48451779 89 79.3873 0.952516 11.686 0.173737 -0.149298 0.935323 0.931225
ENSG00000177410.8 20 47894715 47894715 + 18 -409642 20_internal_5114 20 47472397 47485073 89 92.0941 0.958832 18.7491 0.0499911 0.205965 0.59204 0.606062
ENSG00000124201.10 20 47894963 47894963 - 18 -720332 20_internal_5994 20 48615295 48647708 89 98.5084 0.991375 18.556 0.156265 0.15972 0.945274 0.934243
ENSG00000209042.1 20 47895477 47895477 + 18 719818 20_internal_5994 20 48615295 48647708 89 84.6717 0.996346 15.2695 0.00687855 0.289364 0.124378 0.121885
ENSG00000222365.1 20 47896856 47896856 + 18 482492 20_internal_4752 20 48379348 48420466 89 76.832 1.0509 14.4405 0.0168815 -0.262006 0.328358 0.298448
ENSG00000212304.1 20 47897220 47897220 + 18 -412147 20_internal_5114 20 47472397 47485073 89 86.6533 0.947528 18.1209 0.0221973 0.244696 0.402985 0.382166
ENSG00000158470.5 20 48330415 48330415 - 21 612 20_internal_5636 20 47242947 48329803 89 85.2975 0.952024 16.4314 0.000937987 0.323508 0.0348259 0.0240491
ENSG00000197818.7 20 48429250 48429250 + 20 0 20_internal_5307 20 48339694 48464501 89 90.3211 1.04113 19.6873 0.107496 0.163079 0.860697 0.879447
ENSG00000237788.1 20 48445662 48445662 + 20 -995632 20_internal_5143 20 47236804 47450030 89 90.9643 0.903636 18.1336 0.0238032 -0.22416 0.383085 0.383193
ENSG00000158480.6 20 48532080 48532080 - 18 95832 20_internal_5872 20 48365905 48436248 89 90.9643 1.04795 20.4272 0.00356181 0.279976 0.0597015 0.0546751
ENSG00000124226.7 20 48552948 48552948 + 19 572462 20_internal_5074 20 49125410 49190375 89 77.4578 1.06541 15.224 0.0851166 -0.181038 0.781095 0.808463
ENSG00000239157.1 20 48556937 48556937 - 19 696172 20_internal_6974 20 47855516 47860765 89 83.6287 0.992202 16.4125 0.0262147 0.228092 0.40796 0.409387
ENSG00000229222.1 20 48573282 48573282 + 19 31765 20_internal_5633 20 48605047 48658386 89 82.2033 1.14784 16.3406 0.0149962 -0.255221 0.21393 0.214819
ENSG00000124216.3 20 48599536 48599536 + 19 -163288 20_internal_5872 20 48365905 48436248 89 91.7291 0.976144 17.4544 0.0179844 -0.247742 0.268657 0.259776
ENSG00000244687.7 20 48732496 48732496 - 20 478192 20_internal_6663 20 48231993 48254304 89 79.7523 1.0583 16.2935 0.213987 0.115722 0.985075 0.986985
ENSG00000124208.16 20 48770174 48770174 - 20 515870 20_internal_6663 20 48231993 48254304 89 87.3486 0.978073 19.9078 0.164942 0.13795 0.9801 0.97597
ENSG00000240849.6 20 48770335 48770335 - 20 -97880 20_internal_6172 20 48868215 49058706 89 79.8045 1.14081 15.0698 0.0920837 0.165613 0.79602 0.792833
ENSG00000172216.4 20 48807376 48807376 + 20 99972 20_internal_7224 20 48907348 49077946 89 81.7861 1.02057 16.0505 0.0515139 0.191157 0.621891 0.633656
ENSG00000196396.5 20 49126891 49126891 + 19 418174 20_internal_4527 20 49545065 49576548 89 97.535 0.953372 21.7622 0.14629 0.155013 0.955224 0.953797
ENSG00000239742.2 20 49174535 49174535 - 19 738287 20_internal_5872 20 48365905 48436248 89 91.9203 1.15912 23.2528 0.00646688 0.270419 0.0845771 0.0827683
ENSG00000201501.1 20 49179546 49179546 + 19 -715331 20_internal_5670 20 47447605 48464215 89 85.8537 1.1072 17.9577 0.0305308 0.230028 0.412935 0.409278
ENSG00000232043.1 20 49194578 49194578 - 19 116632 20_internal_7224 20 48907348 49077946 89 83.6461 1.05765 17.8348 0.042193 -0.220656 0.606965 0.565921
ENSG00000208018.1 20 49202323 49202323 + 19 -781857 20_internal_4752 20 48379348 48420466 89 91.3467 0.995376 19.7494 4.32137e-05 0.43216 0.00995025 0.000699926
ENSG00000042062.7 20 49308065 49308065 - 18 187858 20_internal_7013 20 49113590 49120207 89 79.0396 1.18373 20.1553 0.0521901 0.207651 0.736318 0.692868
ENSG00000124171.4 20 49348081 49348081 + 17 -270135 20_internal_7224 20 48907348 49077946 89 92.5635 1.03953 17.2967 0.078 -0.166483 0.716418 0.712617
ENSG00000124243.12 20 49411431 49411431 + 17 -89182 20_internal_5488 20 49303425 49322249 89 79.2135 1.0413 13.2451 0.108196 0.17061 0.820896 0.831432
ENSG00000230043.1 20 49457286 49457286 - 14 798900 20_internal_5633 20 48605047 48658386 89 101.237 1.06392 18.5577 0.0908946 0.193951 0.716418 0.724602
ENSG00000228663.1 20 49530268 49530268 + 12 547104 20_internal_7640 20 50077372 50384542 89 97.9 0.92865 12.3436 0.0179319 -0.24974 0.174129 0.175129
ENSG00000259456.1 20 49547521 49547521 + 12 -471940 20_internal_5268 20 48802825 49075581 89 95.7793 0.912153 11.1719 0.0183615 0.224077 0.189055 0.1819
ENSG00000101126.9 20 49547958 49547958 - 12 -90788 20_internal_5415 20 49638746 50418722 89 99.2559 0.931398 11.8194 0.114977 -0.169446 0.686567 0.721877
ENSG00000000419.8 20 49575092 49575092 - 12 497146 20_internal_7224 20 48907348 49077946 89 101.846 0.967127 13.6439 0.0153256 0.260979 0.134328 0.131984
ENSG00000124217.3 20 49575363 49575363 + 12 -916977 20_internal_5633 20 48605047 48658386 89 87.1227 0.969442 11.5963 0.0238191 0.222822 0.293532 0.271019
ENSG00000101096.14 20 50179168 50179168 - 6 856919 20_internal_5488 20 49303425 49322249 89 88.4611 1.12268 6.58907 0.406365 -0.0867441 0.950249 0.960877
ENSG00000054793.9 20 50385173 50385173 - 5 -358369 20_internal_5744 20 50743542 50759937 89 102.871 0.912683 5.78936 0.0574674 0.211719 0.233831 0.252207
ENSG00000233347.1 20 50727588 50727588 - 4 308866 20_internal_5415 20 49638746 50418722 89 96.857 0.999954 4.56618 0.173464 0.151605 0.507463 0.537865
ENSG00000020256.15 20 50820847 50820847 - 4 402125 20_internal_5415 20 49638746 50418722 89 81.5602 0.999934 3.59166 0.27861 0.111245 0.741294 0.721961
ENSG00000234948.1 20 50827184 50827184 + 5 -442642 20_internal_7640 20 50077372 50384542 89 89.5041 0.999907 4.38371 0.0340827 0.222934 0.149254 0.139079
ENSG00000182463.8 20 51588946 51588946 + 7 234859 20_internal_7667 20 51823805 52168533 89 90.9121 0.876273 7.4855 4.71323e-06 0.453208 0.00497512 0.000106165
ENSG00000252629.1 20 51679156 51679156 + 7 661581 20_internal_5787 20 52340737 52408251 89 83.9937 0.999955 5.72128 0.0135842 0.252089 0.114428 0.0909069
ENSG00000199218.1 20 51714191 51714191 + 7 521359 20_internal_4855 20 52235550 52297189 89 80.6736 0.964177 5.62605 0.00141015 -0.333762 0.0199005 0.0157021
ENSG00000223492.1 20 51796089 51796089 - 7 -27716 20_internal_7667 20 51823805 52168533 89 88.3742 1.01519 6.3374 0.00226774 0.299555 0.0199005 0.0138141
ENSG00000227705.1 20 51825244 51825244 - 7 0 20_internal_7667 20 51823805 52168533 89 91.1902 1.025 5.70384 0.00857222 0.263716 0.039801 0.0400114
ENSG00000231703.2 20 52029448 52029448 - 7 0 20_internal_7667 20 51823805 52168533 89 87.8701 1.06081 6.29101 0.00274367 0.301099 0.0199005 0.0139885
ENSG00000224530.1 20 52037738 52037738 + 7 197812 20_internal_4855 20 52235550 52297189 89 98.352 0.95367 7.39316 0.140125 -0.156756 0.631841 0.633479
ENSG00000227164.2 20 52105495 52105495 + 7 0 20_internal_7667 20 51823805 52168533 89 81.9947 0.999939 5.3843 0.00306543 0.310117 0.0149254 0.0239457
ENSG00000259723.1 20 52120853 52120853 - 7 0 20_internal_7667 20 51823805 52168533 89 82.69 1.03905 6.43341 0.0542602 0.201557 0.338308 0.327259
ENSG00000197670.5 20 52169309 52169309 + 7 19036 20_internal_6568 20 52188345 52559058 89 97.1699 0.97406 7.55974 0.0297216 0.259338 0.154229 0.171126
ENSG00000235415.1 20 52224893 52224893 + 7 0 20_internal_7142 20 52224334 52561368 89 88.5654 1.01498 6.50803 0.0715315 0.201168 0.422886 0.379163
ENSG00000171940.9 20 52226446 52226446 - 7 0 20_internal_7142 20 52224334 52561368 89 100.421 0.851522 7.17709 0.00164154 0.329827 0.00995025 0.0132116
ENSG00000064787.8 20 52687304 52687304 - 7 279053 20_internal_5787 20 52340737 52408251 89 101.151 0.884193 6.85197 0.153175 0.156483 0.651741 0.656864
ENSG00000101132.5 20 52824386 52824386 + 7 -265328 20_internal_6568 20 52188345 52559058 89 92.7547 0.951197 6.38949 0.0644938 0.207183 0.383085 0.345042
ENSG00000185834.9 20 53691155 53691155 + 1 -957552 20_internal_5279 20 52728710 52733603 89 76.102 1.00002 0.908959 0.931971 0.00924053 0.905473 0.919098
ENSG00000124098.9 20 54933971 54933971 + 4 122362 20_internal_4921 20 55056333 56206154 89 113.232 0.999926 4.34983 0.661713 -0.0479883 0.99005 0.985379
ENSG00000087586.13 20 54967393 54967393 - 5 -16319 20_internal_4664 20 54983712 55064236 89 87.7137 1.00004 4.47923 0.400698 -0.090364 0.880597 0.901635
ENSG00000101138.7 20 54967427 54967427 + 5 104491 20_internal_5750 20 55071918 55081777 89 88.9652 1.00006 4.68631 0.0182674 -0.249745 0.079602 0.082856
ENSG00000087589.12 20 54987168 54987168 + 6 960688 20_internal_5579 20 55947856 56051737 89 90.4602 0.96655 5.4198 0.0483602 -0.198169 0.228856 0.241437
ENSG00000228601.1 20 55034639 55034639 - 7 -949189 20_internal_6573 20 55983828 55993954 89 92.5635 0.969367 6.48976 0.381695 -0.0847608 0.965174 0.953837
ENSG00000212084.2 20 55035413 55035413 - 7 -20920 20_internal_4921 20 55056333 56206154 89 96.9787 0.853494 6.58374 0.0395355 -0.210391 0.258706 0.252824
ENSG00000022277.8 20 55043647 55043647 + 7 0 20_internal_4605 20 54965950 55047678 89 91.1729 0.910836 6.62356 0.0172573 0.241358 0.129353 0.127299
ENSG00000238294.1 20 55050699 55050699 + 7 897157 20_internal_5579 20 55947856 56051737 89 85.9406 1.07037 7.29754 0.10151 -0.171963 0.562189 0.53369
ENSG00000124103.8 20 55092243 55092243 + 8 -10466 20_internal_5750 20 55071918 55081777 89 94.9623 1.01276 7.62909 0.338566 0.102265 0.935323 0.947745
ENSG00000179467.1 20 55097413 55097413 + 8 -33177 20_internal_4664 20 54983712 55064236 89 79.1439 1.10875 7.05152 0.081511 0.184301 0.472637 0.478332
ENSG00000124091.5 20 55100981 55100981 - 8 0 20_internal_4921 20 55056333 56206154 89 73.6162 1.14024 6.77328 0.0854489 -0.183899 0.532338 0.513137
ENSG00000213714.1 20 55108302 55108302 + 8 0 20_internal_4921 20 55056333 56206154 89 101.481 1.03595 9.58167 0.318781 0.109635 0.955224 0.958198
ENSG00000214541.3 20 55176757 55176757 + 8 771099 20_internal_5579 20 55947856 56051737 89 98.9256 0.950974 8.26142 0.32417 -0.111068 0.955224 0.951011
ENSG00000101146.8 20 55926066 55926066 + 11 -861830 20_internal_4664 20 54983712 55064236 89 94.4582 0.915459 10.1641 0.0331017 -0.219368 0.283582 0.289901
ENSG00000228995.1 20 55933425 55933425 - 11 851648 20_internal_5750 20 55071918 55081777 89 99.2732 1.02811 10.1746 0.15019 0.154076 0.741294 0.744066
ENSG00000256222.1 20 55934878 55934878 - 11 -257199 20_internal_4889 20 56192077 56205849 89 82.8986 0.941117 8.8155 0.0628159 -0.182441 0.497512 0.513513
ENSG00000132819.12 20 55966463 55966463 + 11 65489 20_internal_4745 20 56031952 56058934 89 84.55 1.12476 10.5023 0.0313405 0.250504 0.263682 0.265575
ENSG00000218018.2 20 55968118 55968118 - 11 886341 20_internal_5750 20 55071918 55081777 89 90.5645 1.06844 11.0037 0.00951523 -0.290554 0.0895522 0.0776776
ENSG00000124097.7 20 56064083 56064083 - 11 5149 20_internal_4745 20 56031952 56058934 89 86.775 1.02582 10.8736 0.0273354 -0.223443 0.263682 0.265474
ENSG00000227297.1 20 56176256 56176256 - 9 -15821 20_internal_4889 20 56192077 56205849 89 89.9213 1.01971 8.67752 0.252757 0.124124 0.920398 0.915199
ENSG00000124256.10 20 56195632 56195632 - 9 -785117 20_internal_4949 20 56980749 56993710 89 82.325 1.04498 7.33176 0.0643537 0.195846 0.432836 0.415932
ENSG00000124225.11 20 56286592 56286592 - 10 234855 20_internal_5579 20 55947856 56051737 89 87.1053 1.04979 8.99517 0.0638177 -0.188024 0.457711 0.439572
ENSG00000124224.11 20 56884495 56884495 - 13 27552 20_internal_6686 20 56831122 56856943 89 92.3896 0.935424 11.6343 4.63192e-05 0.430219 0.00497512 0.000655615
ENSG00000124209.3 20 56884752 56884752 + 13 -559641 20_internal_5108 20 56283634 56325111 89 92.2332 0.997574 12.9693 0.0624384 0.195598 0.537313 0.539368
ENSG00000124164.11 20 56964178 56964178 + 13 -912441 20_internal_5579 20 55947856 56051737 89 94.493 0.963881 12.8191 0.00642544 0.290717 0.0746269 0.069397
ENSG00000198768.6 20 57090187 57090187 - 9 96477 20_internal_4949 20 56980749 56993710 89 95.4838 0.904697 8.06663 0.0872952 -0.172952 0.497512 0.519587
ENSG00000124222.15 20 57226328 57226328 + 8 0 20_internal_4645 20 57224234 57269477 89 96.7527 0.897388 7.72028 0.0761976 0.179627 0.442786 0.452318
ENSG00000254995.4 20 57226490 57226490 + 8 0 20_internal_4645 20 57224234 57269477 89 69.0098 0.999975 5.42281 0.00470482 0.295964 0.0746269 0.0679089
ENSG00000215440.7 20 57264187 57264187 + 8 0 20_internal_4645 20 57224234 57269477 89 79.4047 1.13414 7.55446 0.00237644 0.339469 0.0199005 0.0182523
ENSG00000254419.1 20 57285851 57285851 + 8 -428908 20_internal_6686 20 56831122 56856943 89 91.4684 1.05155 7.55212 0.076973 0.19246 0.432836 0.411909
ENSG00000087460.17 20 57414773 57414773 + 7 277325 20_internal_7327 20 57692098 57979446 89 91.5031 1.04085 6.415 0.114517 0.170296 0.502488 0.506559
ENSG00000235590.3 20 57425958 57425958 - 7 -753848 20_internal_5746 20 58179806 58363476 89 87.7311 0.923035 6.09379 0.23401 0.115007 0.840796 0.82816
ENSG00000225806.2 20 57463864 57463864 - 7 -228234 20_internal_7327 20 57692098 57979446 89 76.8668 1.00006 5.29135 0.265229 -0.12191 0.890547 0.849305
ENSG00000101158.7 20 57556296 57556296 + 8 135802 20_internal_7327 20 57692098 57979446 89 94.3713 0.860342 6.61403 0.105561 0.186706 0.512438 0.552223
ENSG00000101160.9 20 57582302 57582302 - 9 -938220 20_internal_5004 20 58520522 58561662 89 88.3742 0.961442 7.22511 0.215496 -0.130866 0.835821 0.838736
ENSG00000101162.3 20 57594309 57594309 + 9 97789 20_internal_7327 20 57692098 57979446 89 86.6707 0.997366 8.84097 0.0620914 0.19996 0.457711 0.452527
ENSG00000124172.5 20 57607437 57607437 - 9 613727 20_internal_4949 20 56980749 56993710 89 94.3018 0.915962 9.05822 0.0740732 0.205374 0.512438 0.501581
ENSG00000101166.11 20 57617964 57617964 - 9 -74134 20_internal_7327 20 57692098 57979446 89 111.598 0.831579 9.0291 0.117586 0.170714 0.567164 0.606505
ENSG00000124203.5 20 57766075 57766075 + 12 0 20_internal_7327 20 57692098 57979446 89 77.3883 1.02573 8.96071 8.67834e-05 0.420066 0.00497512 0.00192431
ENSG00000124205.11 20 57875482 57875482 + 11 -120955 20_internal_5874 20 57719521 57754527 89 101.516 0.888115 10.8263 0.092508 -0.164797 0.587065 0.607536
ENSG00000196074.7 20 58508710 58508710 - 10 -11812 20_internal_5004 20 58520522 58561662 89 91.3988 0.949793 8.92578 0.000147542 0.39286 0.00497512 0.00153551
ENSG00000196227.6 20 58508819 58508819 + 10 0 20_internal_5504 20 57732241 58518038 89 87.2096 1.10069 8.27521 0.00493717 0.286774 0.0199005 0.0307426
ENSG00000132825.5 20 58515352 58515352 - 10 535906 20_internal_7327 20 57692098 57979446 89 96.6311 0.98212 9.68473 0.0117823 0.279004 0.0945274 0.0850923
ENSG00000124215.12 20 58533471 58533471 + 10 0 20_internal_5004 20 58520522 58561662 89 87.957 0.942673 8.57852 0.137224 -0.161001 0.731343 0.744377
ENSG00000176659.5 20 58630980 58630980 + 10 0 20_internal_4943 20 58619759 58807125 89 94.2322 0.896676 9.36872 1.62604e-06 0.484877 0.00497512 2.63532e-05
ENSG00000228340.1 20 58662895 58662895 + 10 27956 20_internal_7322 20 58690851 58984072 89 91.2076 1.00034 9.8435 8.53095e-06 0.438557 0.00497512 6.46285e-05
ENSG00000179242.10 20 59827559 59827559 + 4 0 20_internal_5019 20 59223877 60295477 89 79.735 0.999927 3.83038 0.00556068 0.306607 0.0348259 0.032938
ENSG00000179253.3 20 60294804 60294804 - 7 0 20_internal_5019 20 59223877 60295477 89 100.038 0.934746 7.86174 6.83868e-08 0.53682 0.00497512 2.45468e-07
ENSG00000130699.11 20 60640866 60640866 - 9 0 20_internal_5064 20 60604512 60713516 89 99.1863 0.971837 9.64096 0.15909 0.135037 0.751244 0.767442
ENSG00000149657.15 20 60697517 60697517 + 9 769966 20_internal_5597 20 61467483 61478370 89 97.7436 0.898511 9.36822 0.242618 0.134287 0.925373 0.918611
ENSG00000101182.10 20 60718496 60718496 - 9 4980 20_internal_5064 20 60604512 60713516 89 91.0859 1.00251 9.05174 0.00352041 0.313583 0.039801 0.0279044
ENSG00000184402.10 20 60718822 60718822 + 9 222349 20_internal_4867 20 60941171 61450890 89 72.6602 1.18877 7.25136 0.120206 0.171001 0.701493 0.653079
ENSG00000101181.13 20 60758085 60758085 + 9 437746 20_internal_4656 20 61195831 61286151 89 87.2443 1.0264 9.89212 0.11681 0.163385 0.741294 0.709875
ENSG00000130703.11 20 60813580 60813580 + 9 127591 20_internal_4867 20 60941171 61450890 89 94.3713 1.07003 9.45596 0.0128571 0.254261 0.0895522 0.0777824
ENSG00000130706.8 20 60877149 60877149 + 9 318682 20_internal_4656 20 61195831 61286151 89 81.9947 0.978001 6.85814 0.00357806 -0.336049 0.0547264 0.0379662
ENSG00000226332.2 20 60881381 60881381 - 9 -314450 20_internal_4656 20 61195831 61286151 89 86.8619 0.998263 8.43308 0.0241046 -0.260799 0.19403 0.19903
ENSG00000130702.9 20 60942368 60942368 - 9 -253463 20_internal_4656 20 61195831 61286151 89 87.227 0.997197 8.59456 0.0792672 -0.197384 0.527363 0.523449
ENSG00000171858.13 20 60962172 60962172 + 9 233659 20_internal_4656 20 61195831 61286151 89 95.7271 0.977824 8.7874 0.0690844 0.189827 0.442786 0.426405
ENSG00000149679.7 20 60982341 60982341 - 9 -213490 20_internal_4656 20 61195831 61286151 89 95.7619 1.01126 9.87685 0.00073397 -0.345342 0.00497512 0.00424647
ENSG00000101187.11 20 61273797 61273797 + 14 193686 20_internal_5597 20 61467483 61478370 89 89.8518 0.98958 13.3968 0.00507007 0.307962 0.0895522 0.0653103
ENSG00000167046.4 20 61274656 61274656 - 14 0 20_internal_4867 20 60941171 61450890 89 76.5018 1.11943 11.6632 0.0309062 0.240181 0.383085 0.364497
ENSG00000101188.4 20 61340189 61340189 + 13 -54038 20_internal_4656 20 61195831 61286151 89 86.1492 0.911464 11.0718 0.0977327 0.191875 0.711443 0.733559
ENSG00000223669.1 20 61366699 61366699 - 14 80548 20_internal_4656 20 61195831 61286151 89 87.4529 0.99189 13.3155 0.0204598 0.232184 0.243781 0.255732
ENSG00000228705.1 20 61406764 61406764 - 14 120613 20_internal_4656 20 61195831 61286151 89 91.0164 0.981743 12.6944 0.089429 0.178378 0.671642 0.687112
ENSG00000101189.5 20 61427805 61427805 + 14 755922 20_internal_5411 20 62183727 62245062 89 96.3182 0.969748 16.3498 0.024981 -0.218976 0.303483 0.291088
ENSG00000060491.11 20 61436187 61436187 + 14 19242 20_internal_4631 20 61455429 61466692 89 86.184 0.988369 12.0425 0.163434 0.146277 0.895522 0.896393
ENSG00000229873.1 20 61436939 61436939 - 14 -771920 20_internal_5957 20 62208859 62245766 89 95.4143 0.967691 15.1515 0.0852532 -0.193284 0.731343 0.703914
ENSG00000092758.11 20 61447596 61447596 + 14 7833 20_internal_4631 20 61455429 61466692 89 90.0777 1.02015 15.6713 2.67214e-06 0.474497 0.00497512 2.93988e-05
ENSG00000233838.4 20 61476490 61476490 + 14 732369 20_internal_5957 20 62208859 62245766 89 86.6186 1.07992 15.1967 0.0043849 0.314651 0.0497512 0.0570373
ENSG00000101190.8 20 61493115 61493115 - 14 26423 20_internal_4631 20 61455429 61466692 89 69.7051 1.17352 10.2328 0.098842 0.179931 0.741294 0.746876
ENSG00000101191.12 20 61569304 61569304 - 17 -587891 20_internal_5274 20 62157195 62487406 89 89.9908 1.07173 17.1432 0.00204914 0.331049 0.0248756 0.0247998
ENSG00000101193.6 20 61569471 61569471 + 17 949074 20_internal_4773 20 62518545 62526473 89 93.1197 0.891573 15.6603 0.0469151 -0.203145 0.537313 0.542826
ENSG00000101194.13 20 61584052 61584052 + 17 -105682 20_internal_5597 20 61467483 61478370 89 94.1801 0.887748 15.4799 0.0804174 0.204042 0.731343 0.728891
ENSG00000238820.1 20 61733483 61733483 + 18 -266791 20_internal_4631 20 61455429 61466692 89 83.0551 1.08129 15.8589 0.0620532 0.19742 0.671642 0.660716
ENSG00000225978.1 20 61733557 61733557 + 18 -266865 20_internal_4631 20 61455429 61466692 89 90.3906 0.967085 16.1494 0.00325016 0.303927 0.0597015 0.053282
ENSG00000231133.1 20 61733631 61733631 - 18 266939 20_internal_4631 20 61455429 61466692 89 93.1545 1.00593 17.6926 0.0424332 0.216232 0.477612 0.492044
ENSG00000149658.13 20 61847586 61847586 - 18 -519005 20_internal_5018 20 62366591 62616096 89 82.7248 1.11614 15.7517 0.11775 0.177134 0.870647 0.870219
ENSG00000101199.8 20 61904137 61904137 + 18 304722 20_internal_5957 20 62208859 62245766 89 78.1531 0.996496 13.2555 0.0368942 0.233652 0.507463 0.49921
ENSG00000101210.6 20 62130505 62130505 - 18 -389672 20_internal_5061 20 62520177 62547378 89 90.182 0.858091 14.8273 0.0136772 0.25796 0.268657 0.236536
ENSG00000125534.5 20 62152077 62152077 + 18 5118 20_internal_5274 20 62157195 62487406 89 80.0479 1.10297 15.6746 0.0312003 0.249038 0.482587 0.434275
ENSG00000101213.5 20 62168723 62168723 - 18 -15004 20_internal_5411 20 62183727 62245062 89 93.085 1.0359 18.2882 0.0556215 0.204947 0.60199 0.595127
ENSG00000125508.3 20 62178857 62178857 - 18 -509104 20_internal_5137 20 62687961 62710079 89 103.584 0.891621 20.0918 0.0238814 0.237232 0.313433 0.309151
ENSG00000125531.5 20 62184373 62184373 + 18 27395 20_internal_5093 20 62211768 62234845 89 93.5021 0.872658 17.4117 0.1303 0.165412 0.925373 0.915231
ENSG00000241624.1 20 62199958 62199958 - 18 0 20_internal_5274 20 62157195 62487406 89 79.6133 1.165 16.3961 0.0987064 0.187867 0.880597 0.838609
ENSG00000130589.11 20 62205592 62205592 - 18 -309899 20_internal_4860 20 62515491 62576660 89 74.5375 1.11738 12.6107 0.0733487 0.200538 0.701493 0.700314
ENSG00000101216.6 20 62258394 62258394 - 17 -108197 20_internal_5018 20 62366591 62616096 89 89.8865 0.938198 16.6307 0.0575235 -0.216608 0.641791 0.645027
ENSG00000232442.1 20 62258580 62258580 + 17 -791888 20_internal_4631 20 61455429 61466692 89 99.3775 0.912643 17.866 0.057877 0.216334 0.59204 0.600984
ENSG00000197457.5 20 62284780 62284780 - 17 818088 20_internal_4631 20 61455429 61466692 89 84.9672 0.9618 14.9623 0.0657485 -0.203162 0.681592 0.689251
ENSG00000258366.3 20 62289163 62289163 + 16 -857593 20_internal_6244 20 61293526 61431570 89 95.0666 0.951038 16.1805 0.183025 0.141464 0.960199 0.95413
ENSG00000026036.16 20 62290653 62290653 + 16 229524 20_internal_5061 20 62520177 62547378 89 87.6441 1.07117 14.6905 0.20478 -0.141783 0.965174 0.963018
ENSG00000243509.4 20 62328021 62328021 + 16 190524 20_internal_4773 20 62518545 62526473 89 85.6451 1.08524 15.6025 0.0309879 0.248089 0.373134 0.380642
ENSG00000197114.6 20 62338794 62338794 + 16 328200 20_internal_5287 20 62666994 62734371 89 88.6697 0.996993 14.8707 0.0752333 -0.187954 0.686567 0.691363
ENSG00000101246.14 20 62339355 62339355 - 16 93589 20_internal_5957 20 62208859 62245766 89 79.4916 1.01314 13.5979 0.0135025 0.27391 0.20398 0.230622
ENSG00000203896.5 20 62366815 62366815 + 16 300179 20_internal_5287 20 62666994 62734371 89 82.7422 0.954579 11.6579 0.0774844 -0.188059 0.671642 0.679765
ENSG00000125520.8 20 62369623 62369623 + 16 297371 20_internal_5287 20 62666994 62734371 89 81.8209 1.06966 14.0698 0.0677892 -0.192286 0.686567 0.664003
ENSG00000229299.2 20 62376042 62376042 + 16 290952 20_internal_5287 20 62666994 62734371 89 85.4713 1.04268 14.6959 0.0939647 0.158368 0.78607 0.777389
ENSG00000130584.6 20 62462597 62462597 - 13 984227 20_internal_5597 20 61467483 61478370 89 97.1178 0.966403 14.3947 0.0230641 -0.261414 0.243781 0.23951
ENSG00000183260.5 20 62492566 62492566 + 11 22925 20_internal_4860 20 62515491 62576660 89 93.2414 0.888969 10.7244 0.0172987 0.27332 0.208955 0.189423
ENSG00000268858.1 20 62493217 62493217 - 11 -22274 20_internal_4860 20 62515491 62576660 89 85.9059 1.07393 10.0289 0.0243043 0.241956 0.208955 0.210219
ENSG00000101150.11 20 62496596 62496596 + 11 23581 20_internal_5061 20 62520177 62547378 89 87.5746 1.0067 10.5593 0.0794889 0.191271 0.597015 0.59168
ENSG00000101152.6 20 62526518 62526518 + 11 0 20_internal_5061 20 62520177 62547378 89 92.4939 0.9792 10.6634 0.00442836 0.313536 0.0547264 0.041925
ENSG00000199805.1 20 62540308 62540308 + 11 0 20_internal_5018 20 62366591 62616096 89 91.5379 0.95427 10.1934 0.0662026 -0.197021 0.502488 0.503484
ENSG00000215946.2 20 62551365 62551365 + 11 0 20_internal_4860 20 62515491 62576660 89 83.6113 1.06003 9.55438 0.0894057 0.182323 0.636816 0.608994
ENSG00000223010.1 20 62572897 62572897 - 11 25519 20_internal_5061 20 62520177 62547378 89 84.1154 0.943258 7.9427 0.329382 0.10844 0.975124 0.968054
ENSG00000207554.1 20 62574079 62574079 - 11 0 20_internal_4860 20 62515491 62576660 89 88.8436 0.946745 10.1532 0.0889231 0.160768 0.636816 0.635474
ENSG00000267848.1 20 62585007 62585007 + 11 0 20_internal_5018 20 62366591 62616096 89 76.0324 1.11245 8.86387 0.160305 -0.14562 0.830846 0.827721
ENSG00000198276.8 20 62587769 62587769 - 11 11109 20_internal_4860 20 62515491 62576660 89 85.0367 1.01108 9.30514 0.00197378 0.339457 0.0298507 0.0219377
ENSG00000130590.9 20 62611361 62611361 - 11 -55633 20_internal_5287 20 62666994 62734371 89 88.635 0.925173 10.7677 5.39114e-05 0.426107 0.00497512 0.00107565
ENSG00000101161.6 20 62612488 62612488 + 11 54506 20_internal_5287 20 62666994 62734371 89 96.0922 0.939424 11.3577 1.49784e-06 0.487993 0.00497512 1.36821e-05
ENSG00000196421.3 20 62665697 62665697 + 11 1297 20_internal_5287 20 62666994 62734371 89 80.7084 1.00584 8.63313 2.48398e-07 0.529422 0.00497512 7.27532e-06
ENSG00000196700.3 20 62680113 62680113 - 11 103453 20_internal_4860 20 62515491 62576660 89 82.3771 1.14305 9.8679 0.00845817 0.287687 0.0646766 0.0729547
ENSG00000171703.12 20 62681189 62681189 + 11 0 20_internal_5287 20 62666994 62734371 89 92.3375 0.912555 10.1029 0.0504042 0.203818 0.412935 0.423245
ENSG00000171700.9 20 62711323 62711323 - 11 184850 20_internal_4773 20 62518545 62526473 89 110.763 0.801585 11.7495 0.0558957 -0.191995 0.383085 0.426345
ENSG00000125510.11 20 62711526 62711526 + 11 -1447 20_internal_5137 20 62687961 62710079 89 84.9672 1.03333 9.87451 0.0243681 0.25375 0.208955 0.229716
ENSG00000203880.6 20 62887048 62887048 + 11 -641282 20_internal_5957 20 62208859 62245766 89 78.7615 1.15766 10.3012 0.0907117 0.185085 0.676617 0.646859
ENSG00000149656.4 20 62921738 62921738 + 11 -675972 20_internal_5957 20 62208859 62245766 89 96.9613 0.891408 9.80743 0.02701 -0.239364 0.263682 0.232436
ENSG00000232852.1 20 62924351 62924351 - 11 678585 20_internal_5957 20 62208859 62245766 89 86.2188 0.951971 9.14363 0.0609285 -0.188433 0.467662 0.482843
