ENSG00000223972.4 1 11869 11869 + 9 982077 1_internal_17566 1 993946 1005509 89 85.1932 0.944888 7.11482 0.0520324 0.190436 0.393035 0.369191
ENSG00000227232.3 1 29806 29806 - 9 -809210 1_internal_19629 1 839016 897684 89 90.7035 1.03596 8.77878 0.0350155 0.225743 0.233831 0.242221
ENSG00000237683.4 1 139697 139697 - 11 -573274 1_internal_17009 1 712971 763351 89 94.2148 1.07552 11.3439 0.271379 -0.111558 0.960199 0.960917
ENSG00000241860.1 1 149707 149707 - 12 -708184 1_internal_16697 1 857891 878721 89 92.9111 0.966917 11.4312 0.241984 -0.11928 0.955224 0.953859
ENSG00000239368.1 1 173864 173864 - 12 -539107 1_internal_17009 1 712971 763351 89 87.9049 0.995337 10.2692 0.0598888 -0.210805 0.512438 0.48106
ENSG00000228463.3 1 267253 267253 - 14 -590638 1_internal_16697 1 857891 878721 89 96.6484 0.869067 12.7779 0.0756212 0.189001 0.61194 0.630419
ENSG00000237094.4 1 317720 317720 + 14 -76956 1_internal_22329 1 235522 240764 89 90.7557 0.979691 12.0101 0.171205 -0.13282 0.885572 0.892237
ENSG00000225630.1 1 565020 565020 + 17 543360 1_internal_17409 1 1108380 1125357 89 95.1535 0.929368 17.6064 0.0697534 -0.18569 0.691542 0.696282
ENSG00000237973.1 1 566454 566454 + 17 381323 1_internal_17256 1 947777 955468 89 80.4998 1.12018 14.6496 0.0275854 0.219911 0.383085 0.362217
ENSG00000229344.1 1 568137 568137 + 17 510462 1_internal_16276 1 1078599 1094658 89 83.6635 1.12903 16.0875 0.0322249 0.213789 0.39801 0.403419
ENSG00000248527.1 1 569076 569076 + 17 963569 1_internal_16675 1 1532645 1544087 89 91.0859 1.0114 15.4072 0.00758878 0.259621 0.124378 0.0983091
ENSG00000198744.5 1 569756 569756 + 17 269260 1_internal_19629 1 839016 897684 89 80.0826 1.05101 11.7537 0.0238768 -0.254071 0.318408 0.296285
ENSG00000224956.4 1 663527 663527 - 21 -541642 1_internal_23576 1 1205169 1262513 89 85.2627 0.934824 17.0021 0.0106987 0.269728 0.21393 0.218889
ENSG00000235373.1 1 685396 685396 - 21 -519773 1_internal_23576 1 1205169 1262513 89 106.435 0.895545 29.1081 0.0409605 0.221207 0.567164 0.576458
ENSG00000240618.1 1 700305 700305 - 22 -539611 1_internal_15992 1 1239916 1591646 89 90.3211 0.959781 20.5932 0.0188869 0.238649 0.328358 0.331372
ENSG00000228327.2 1 714006 714006 - 22 -491163 1_internal_23576 1 1205169 1262513 89 77.4057 1.05808 16.7465 0.0240407 0.240094 0.437811 0.425951
ENSG00000237491.3 1 714162 714162 + 22 0 1_internal_17009 1 712971 763351 89 91.1207 1.00897 22.6446 0.00881944 0.266621 0.169154 0.163969
ENSG00000269831.1 1 739137 739137 - 22 -466032 1_internal_23576 1 1205169 1262513 89 93.9541 0.980106 22.3917 0.0659074 -0.182688 0.746269 0.749259
ENSG00000230092.3 1 745541 745541 - 22 0 1_internal_17009 1 712971 763351 89 83.0551 0.915357 16.5266 0.0468199 0.207677 0.631841 0.643447
ENSG00000177757.1 1 752751 752751 + 22 105140 1_internal_16697 1 857891 878721 89 84.6891 1.08033 20.03 0.197099 0.122021 0.985075 0.988996
ENSG00000240453.1 1 753092 753092 - 22 0 1_internal_17009 1 712971 763351 89 88.2873 0.964845 19.3495 0.0670474 0.188952 0.726368 0.756766
ENSG00000225880.4 1 762902 762902 - 22 -831090 1_internal_16980 1 1593992 1661897 89 89.3303 0.973822 22.5975 0.052291 0.187052 0.691542 0.709674
ENSG00000228794.3 1 762988 762988 + 22 859695 1_internal_17540 1 1622683 1656783 89 104.279 0.847357 27.3808 0.115703 0.167052 0.960199 0.94072
ENSG00000187634.6 1 860260 860260 + 23 73310 1_internal_17134 1 933570 1476905 89 77.2666 1.10069 18.0175 0.0659188 -0.186534 0.756219 0.776186
ENSG00000188976.6 1 894689 894689 - 23 -727994 1_internal_17540 1 1622683 1656783 89 93.5543 0.906316 21.5861 0.0266837 -0.230529 0.432836 0.442622
ENSG00000187961.9 1 895967 895967 + 23 -132616 1_internal_17009 1 712971 763351 89 92.1289 0.972619 20.8304 0.00439698 -0.285686 0.0945274 0.0817207
ENSG00000187583.5 1 901877 901877 + 23 -4193 1_internal_19629 1 839016 897684 89 93.6238 1.02256 22.055 0.00273482 -0.317779 0.039801 0.0422097
ENSG00000188290.6 1 935552 935552 - 23 -12225 1_internal_17256 1 947777 955468 89 89.7822 1.058 26.0794 3.30936e-05 0.401828 0.00995025 0.000513734
ENSG00000231702.2 1 943609 943609 - 23 -589036 1_internal_16675 1 1532645 1544087 89 100.264 0.949177 29.155 0.1096 0.156934 0.955224 0.940617
ENSG00000187608.5 1 948803 948803 + 23 0 1_internal_17256 1 947777 955468 89 85.9406 0.996047 19.4617 3.3498e-06 0.489528 0.00497512 9.99861e-05
ENSG00000188157.9 1 955503 955503 + 23 249666 1_internal_23576 1 1205169 1262513 89 83.7852 1.08204 20.4827 0.00238108 0.335729 0.0547264 0.0491264
ENSG00000242590.1 1 990413 990413 + 24 966025 1_internal_20863 1 1956438 1983366 89 81.4732 1.0922 18.7287 0.0133939 0.257032 0.243781 0.249068
ENSG00000217801.4 1 995114 995114 + 24 693246 1_internal_16864 1 1688360 2234554 89 83.1246 1.07614 19.0048 0.00151474 0.368946 0.0348259 0.0308354
ENSG00000131591.13 1 1051741 1051741 - 25 -91579 1_internal_20394 1 1143320 1151110 89 95.4838 1.14536 32.4985 0.000163273 0.382359 0.00497512 0.00123085
ENSG00000162571.9 1 1109264 1109264 + 28 961554 1_internal_16822 1 2070818 2092296 89 78.7441 1.05123 19.4431 0.0243263 -0.241248 0.467662 0.467776
ENSG00000186891.9 1 1142071 1142071 - 29 244387 1_internal_19629 1 839016 897684 89 87.2965 0.88592 21.5306 0.0251314 -0.246862 0.472637 0.497314
ENSG00000186827.6 1 1149518 1149518 - 29 0 1_internal_20394 1 1143320 1151110 89 83.0377 1.03317 21.6728 0.086722 0.195629 0.895522 0.887285
ENSG00000078808.11 1 1167411 1167411 - 29 -855311 1_internal_17520 1 2022722 2045076 89 92.9111 0.979575 26.8341 0.0286151 -0.235369 0.532338 0.507238
ENSG00000176022.3 1 1167629 1167629 + 29 164509 1_internal_16925 1 1332138 1345174 89 79.4916 1.06417 20.0736 0.0323441 0.232628 0.58209 0.5594
ENSG00000184163.3 1 1182102 1182102 - 29 -57814 1_internal_15992 1 1239916 1591646 89 78.9875 1.10427 20.1144 0.00119292 -0.31744 0.0348259 0.0310106
ENSG00000260179.1 1 1186714 1186714 - 29 380706 1_internal_17408 1 793493 806008 89 95.5012 0.944748 27.0168 0.0355176 -0.212538 0.567164 0.579041
ENSG00000160087.16 1 1209265 1209265 - 30 968501 1_internal_22329 1 235522 240764 89 84.3414 1.09759 29.293 0.0228305 0.2332 0.532338 0.503174
ENSG00000230415.1 1 1210603 1210603 + 31 812119 1_internal_17520 1 2022722 2045076 89 91.2598 0.977238 29.4735 0.0379569 0.203175 0.646766 0.665626
ENSG00000162572.14 1 1214447 1214447 + 31 0 1_internal_23576 1 1205169 1262513 89 76.3279 1.13765 22.9675 0.0433136 0.210691 0.751244 0.721756
ENSG00000169972.7 1 1243947 1243947 + 30 0 1_internal_23576 1 1205169 1262513 89 91.0164 0.960429 26.0126 0.0113341 0.271159 0.263682 0.256165
ENSG00000131584.13 1 1244989 1244989 - 30 150331 1_internal_16276 1 1078599 1094658 89 81.6123 1.086 24.1698 0.0651576 0.198511 0.855721 0.837842
ENSG00000240731.1 1 1254069 1254069 - 30 159411 1_internal_16276 1 1078599 1094658 89 84.7064 1.08275 25.3604 0.00523543 0.27287 0.159204 0.125502
ENSG00000127054.13 1 1260071 1260071 - 30 -356277 1_internal_23754 1 1616348 1655289 89 73.9291 1.02386 16.751 0.00488944 -0.311552 0.154229 0.151969
ENSG00000224051.2 1 1260136 1260136 + 30 285121 1_internal_20095 1 1545257 1550733 89 98.5258 0.955309 33.6933 0.00669466 0.275744 0.179104 0.150787
ENSG00000169962.4 1 1266694 1266694 + 30 838091 1_internal_18050 1 2104785 2127801 89 95.6229 0.843336 31.3186 0.0224074 0.264025 0.462687 0.512595
ENSG00000107404.13 1 1284730 1284730 - 30 -47408 1_internal_16925 1 1332138 1345174 89 74.4854 1.121 19.7614 0.0396824 0.21562 0.686567 0.66023
ENSG00000162576.11 1 1297157 1297157 - 30 533806 1_internal_17009 1 712971 763351 89 93.7803 0.933581 27.1042 0.0136492 -0.251643 0.313433 0.296503
ENSG00000175756.9 1 1310875 1310875 - 30 -283117 1_internal_16980 1 1593992 1661897 89 89.5389 0.912107 22.8667 0.00961075 0.249468 0.243781 0.230737
ENSG00000221978.7 1 1334708 1334708 - 30 0 1_internal_15992 1 1239916 1591646 89 92.4418 0.965148 30.4823 0.0697178 0.203282 0.865672 0.876268
ENSG00000224870.3 1 1334902 1334902 + 30 281446 1_internal_23754 1 1616348 1655289 89 76.7973 1.08978 18.7997 0.0572358 -0.186694 0.751244 0.752445
ENSG00000264293.1 1 1341132 1341132 - 30 -722553 1_internal_20327 1 2063685 2085484 89 79.4742 1.15727 26.0443 0.0716059 0.184639 0.850746 0.885523
ENSG00000242485.1 1 1342693 1342693 - 31 -312013 1_internal_16733 1 1654706 1678203 89 78.4139 1.14673 23.9443 0.0440603 -0.216656 0.771144 0.717769
ENSG00000235098.4 1 1357149 1357149 - 31 11975 1_internal_16925 1 1332138 1345174 89 78.1879 1.07473 22.7916 0.0075102 -0.281122 0.228856 0.214733
ENSG00000215915.5 1 1385069 1385069 + 31 824484 1_internal_17868 1 2209553 2247721 89 82.3945 1.10333 24.2113 0.0863392 -0.176238 0.900498 0.904669
ENSG00000160072.13 1 1407143 1407143 + 31 209205 1_internal_23754 1 1616348 1655289 89 89.0348 1.08569 31.7897 0.00978412 -0.25672 0.243781 0.23223
ENSG00000197785.9 1 1447531 1447531 + 31 616154 1_internal_20327 1 2063685 2085484 89 91.7117 0.924316 27.1781 0.0667224 0.196242 0.850746 0.847124
ENSG00000205090.4 1 1475833 1475833 - 31 350476 1_internal_17409 1 1108380 1125357 89 80.6041 1.04983 20.9034 0.0459335 0.192262 0.701493 0.691973
ENSG00000215791.2 1 1499904 1499904 - 31 -635342 1_internal_17429 1 2135246 2159209 89 81.5428 1.05559 23.3535 0.00671493 -0.266448 0.164179 0.178815
ENSG00000160075.9 1 1510249 1510249 - 32 165075 1_internal_16925 1 1332138 1345174 89 84.6891 0.996927 21.2416 0.0181731 -0.244993 0.353234 0.367572
ENSG00000215014.3 1 1510355 1510355 + 32 -384998 1_internal_17409 1 1108380 1125357 89 83.4375 1.06751 23.3374 0.188265 0.148293 0.99005 0.994125
ENSG00000228594.1 1 1535476 1535476 - 32 0 1_internal_16675 1 1532645 1544087 89 85.2105 1.07971 26.04 0.00711102 0.283561 0.154229 0.169232
ENSG00000197530.8 1 1550795 1550795 + 32 -653111 1_internal_19629 1 839016 897684 89 93.1023 0.926803 29.0351 0.0346725 0.225393 0.646766 0.628708
ENSG00000248333.3 1 1590473 1590473 - 33 -25875 1_internal_23754 1 1616348 1655289 89 82.0121 1.00887 24.8779 0.000566713 0.37003 0.0348259 0.0222622
ENSG00000269737.1 1 1603429 1603429 + 33 0 1_internal_16980 1 1593992 1661897 89 88.0439 0.884837 26.6267 0.0592444 0.207037 0.825871 0.842081
ENSG00000269227.1 1 1604714 1604714 + 33 83646 1_internal_16864 1 1688360 2234554 89 80.3955 0.983912 22.0244 0.0576906 0.203559 0.80597 0.808565
ENSG00000189339.7 1 1624167 1624167 - 33 0 1_internal_17540 1 1622683 1656783 89 77.6838 1.06652 22.2089 0.0152797 0.261393 0.373134 0.378853
ENSG00000008128.17 1 1655777 1655777 - 33 488 1_internal_23754 1 1616348 1655289 89 109.512 0.90798 45.1763 0.000442723 0.370327 0.0149254 0.00743452
ENSG00000227775.3 1 1655951 1655951 + 33 0 1_internal_16980 1 1593992 1661897 89 86.0449 1.04922 25.0832 1.8563e-06 0.474496 0.00497512 4.22635e-05
ENSG00000268575.1 1 1669127 1669127 - 33 13838 1_internal_23754 1 1616348 1655289 89 100.855 0.906002 36.5752 1.48947e-05 0.447796 0.00497512 0.000348066
ENSG00000215790.2 1 1677431 1677431 - 33 0 1_internal_16733 1 1654706 1678203 89 80.2043 0.998614 22.4389 2.68757e-13 0.679801 0.00497512 9.31191e-11
ENSG00000008130.11 1 1711896 1711896 - 33 449383 1_internal_23576 1 1205169 1262513 89 86.1318 1.04384 27.0002 0.0714896 -0.190449 0.875622 0.873911
ENSG00000078369.11 1 1822502 1822502 - 30 -387051 1_internal_17868 1 2209553 2247721 89 89.591 0.95893 25.9239 0.0609784 -0.19664 0.810945 0.811406
ENSG00000231050.1 1 1822910 1822910 + 30 386643 1_internal_17868 1 2209553 2247721 89 76.3105 1.00302 18.3624 0.00300621 0.311269 0.0995025 0.104275
ENSG00000169885.5 1 1846266 1846266 + 30 -501092 1_internal_16925 1 1332138 1345174 89 74.6592 1.11436 19.5501 0.114465 0.164545 0.940299 0.946882
ENSG00000067606.11 1 1981909 1981909 + 27 -320012 1_internal_16980 1 1593992 1661897 89 89.0174 0.933664 22.7184 0.0251347 -0.244391 0.472637 0.471813
ENSG00000182873.4 1 2115828 2115828 - 25 23532 1_internal_16822 1 2070818 2092296 89 73.9117 1.15047 18.1321 0.0662368 -0.182436 0.810945 0.795246
ENSG00000269554.1 1 2121237 2121237 + 25 -570504 1_internal_20095 1 1545257 1550733 89 82.2207 1.08573 18.8858 0.000499897 0.378805 0.0149254 0.0104145
ENSG00000162585.11 1 2144159 2144159 - 24 593426 1_internal_20095 1 1545257 1550733 89 97.2916 0.917731 21.9779 0.0632939 0.194264 0.741294 0.723101
ENSG00000203301.2 1 2145620 2145620 - 24 994510 1_internal_20394 1 1143320 1151110 89 81.3342 1.13809 22.6946 0.0293538 -0.232197 0.487562 0.517187
ENSG00000157933.9 1 2160134 2160134 + 23 -814960 1_internal_16925 1 1332138 1345174 89 81.1604 1.0849 18.9005 0.0531896 0.217848 0.691542 0.68793
ENSG00000238240.2 1 2283296 2283296 - 22 -59350 1_internal_18661 1 2342646 2493657 89 82.2207 0.949064 14.612 0.0978043 0.157614 0.820896 0.835763
ENSG00000178642.5 1 2316811 2316811 + 22 -157602 1_internal_17429 1 2135246 2159209 89 97.9869 0.840727 19.3074 0.000825939 0.334415 0.0348259 0.0194373
ENSG00000116151.8 1 2323146 2323146 - 22 666363 1_internal_17540 1 1622683 1656783 89 90.2516 0.963534 18.8001 0.0478136 -0.203348 0.606965 0.605836
ENSG00000157916.13 1 2323267 2323267 + 22 -666484 1_internal_17540 1 1622683 1656783 89 104.453 0.940829 25.1049 0.080914 0.178309 0.791045 0.79817
ENSG00000157911.5 1 2345236 2345236 - 21 689947 1_internal_23754 1 1616348 1655289 89 83.6461 1.03974 16.4324 0.024857 0.241717 0.383085 0.371453
ENSG00000229813.1 1 2357419 2357419 + 21 -765773 1_internal_15992 1 1239916 1591646 89 82.5162 1.01717 16.6235 0.0386907 -0.214664 0.547264 0.539444
ENSG00000149527.11 1 2398898 2398898 + 21 -353822 1_internal_17520 1 2022722 2045076 89 94.9102 0.953561 21.2697 0.0290757 -0.227788 0.41791 0.428795
ENSG00000224387.1 1 2424697 2424697 - 22 767914 1_internal_17540 1 1622683 1656783 89 81.4559 1.039 17.6541 0.0650701 0.185552 0.766169 0.747266
ENSG00000229393.1 1 2425918 2425918 - 22 0 1_internal_18661 1 2342646 2493657 89 82.8291 1.01047 16.5407 0.0380856 0.212476 0.507463 0.531985
ENSG00000157881.8 1 2458039 2458039 - 22 330238 1_internal_18050 1 2104785 2127801 89 82.916 0.955315 15.665 0.0221033 0.258149 0.373134 0.372449
ENSG00000157873.12 1 2487078 2487078 + 21 -936345 1_internal_20095 1 1545257 1550733 89 83.2984 1.13435 19.155 0.0178212 0.263139 0.283582 0.286649
ENSG00000238164.2 1 2488470 2488470 - 21 896824 1_internal_15992 1 1239916 1591646 89 90.0604 0.926008 18.4932 0.0741844 0.183438 0.766169 0.775743
ENSG00000225931.2 1 2497849 2497849 + 21 -412365 1_internal_20327 1 2063685 2085484 89 81.8904 1.06359 16.7495 0.00232187 0.32783 0.039801 0.0462405
ENSG00000228037.1 1 2512999 2512999 + 21 -851102 1_internal_16980 1 1593992 1661897 89 87.9918 0.885108 15.4281 0.0104762 0.256073 0.233831 0.200253
ENSG00000157870.10 1 2517930 2517930 + 21 0 1_internal_16857 1 2506736 2524906 89 94.0584 0.956998 19.3998 0.000401775 0.351214 0.00995025 0.00675443
ENSG00000237058.1 1 2564007 2564007 + 20 19450 1_internal_17255 1 2583457 2629552 89 79.3352 1.00702 15.3045 0.0423613 -0.200423 0.58209 0.578706
ENSG00000142606.11 1 2564481 2564481 - 20 -18976 1_internal_17255 1 2583457 2629552 89 84.5674 1.04497 17.5351 0.00153523 0.271756 0.039801 0.0293885
ENSG00000215912.7 1 2718286 2718286 - 17 193380 1_internal_16857 1 2506736 2524906 89 94.3191 0.923683 15.2314 0.00690052 -0.292357 0.0895522 0.098814
ENSG00000130762.10 1 3370990 3370990 + 7 163711 1_internal_22075 1 3534701 3548421 89 83.959 0.990548 6.43105 0.224802 0.121086 0.80597 0.828896
ENSG00000162591.10 1 3528059 3528059 - 5 0 1_internal_26239 1 3418345 3529116 89 100.664 0.999926 5.09552 0.0484494 0.217336 0.179104 0.16947
ENSG00000238260.1 1 3541307 3541307 - 5 -39034 1_internal_24804 1 3580341 3661132 89 102.263 1.00004 5.91483 0.0245056 -0.221666 0.129353 0.0903073
ENSG00000158109.9 1 3541566 3541566 + 5 -12450 1_internal_26239 1 3418345 3529116 89 110.45 1.00072 6.20776 0.0167528 -0.258795 0.039801 0.0465595
ENSG00000078900.9 1 3569084 3569084 + 5 11257 1_internal_24804 1 3580341 3661132 89 84.4283 1.00011 4.5221 0.292875 -0.100735 0.810945 0.807888
ENSG00000116213.10 1 3569325 3569325 - 5 -118389 1_internal_25278 1 3687714 3823336 89 100.09 0.937612 5.63886 0.166077 -0.154236 0.59204 0.604755
ENSG00000227372.5 1 3663900 3663900 - 4 134784 1_internal_26239 1 3418345 3529116 89 89 1.00008 4.13283 0.00249491 0.319169 0.0149254 0.0102667
ENSG00000162592.3 1 3668962 3668962 + 4 -139846 1_internal_26239 1 3418345 3529116 89 93.2414 0.999999 3.94495 0.342168 0.0894724 0.810945 0.795038
ENSG00000235169.3 1 3689352 3689352 + 4 -160236 1_internal_26239 1 3418345 3529116 89 86.7402 1.00004 3.54602 0.15771 0.14914 0.477612 0.46816
ENSG00000266075.1 1 3699379 3699379 + 4 -38247 1_internal_24804 1 3580341 3661132 89 92.7895 1.00005 4.08399 0.306986 -0.106261 0.79602 0.762662
ENSG00000130764.5 1 3713068 3713068 - 4 164647 1_internal_22075 1 3534701 3548421 89 82.0121 0.999948 3.66572 0.109106 -0.17313 0.383085 0.384845
ENSG00000116198.8 1 3773778 3773778 - 4 0 1_internal_25278 1 3687714 3823336 89 85.7842 0.999915 3.33835 0.341733 -0.0969138 0.751244 0.763449
ENSG00000169598.11 1 3773845 3773845 + 4 -112713 1_internal_24804 1 3580341 3661132 89 83.7504 0.999901 3.95822 0.130149 0.160133 0.462687 0.454931
ENSG00000264428.1 1 3800628 3800628 + 5 -139496 1_internal_24804 1 3580341 3661132 89 107.304 0.994669 6.71229 0.38801 0.0888803 0.940299 0.940893
ENSG00000198912.6 1 3816857 3816857 - 5 -967884 1_internal_16361 1 4784741 4798143 89 93.1719 1.0001 5.46884 0.460695 0.0751724 0.960199 0.962086
ENSG00000236423.1 1 3816936 3816936 + 5 967805 1_internal_16361 1 4784741 4798143 89 94.5104 0.979316 6.11639 0.100257 -0.18245 0.452736 0.449032
ENSG00000196581.5 1 4714792 4714792 + 2 69949 1_internal_16361 1 4784741 4798143 89 90.7209 0.999912 1.92339 1.58884e-06 0.468051 0.00497512 2.42385e-06
ENSG00000069424.9 1 6051526 6051526 + 6 0 1_internal_24934 1 6034925 6076254 89 85.002 0.999949 4.82467 6.91556e-06 0.431898 0.00497512 5.38286e-05
ENSG00000131697.13 1 6052533 6052533 - 6 0 1_internal_24934 1 6034925 6076254 89 88.5654 0.99996 5.51138 0.224132 -0.132796 0.78607 0.755075
ENSG00000268332.1 1 6101399 6101399 - 6 25145 1_internal_24934 1 6034925 6076254 89 86.2014 1.04982 6.08806 0.00450768 0.268436 0.0199005 0.0257842
ENSG00000116254.13 1 6240183 6240183 - 6 -734486 1_internal_17349 1 6974669 7024002 89 96.0053 1.0028 6.03866 0.230056 -0.125995 0.771144 0.762768
ENSG00000158286.8 1 6265535 6265535 + 6 -195422 1_internal_18187 1 6064160 6070113 89 100.577 0.931006 6.03455 0.174529 -0.138492 0.651741 0.65003
ENSG00000116251.5 1 6269449 6269449 - 6 151723 1_internal_18715 1 6103273 6117726 89 82.4988 0.999932 4.62977 0.489252 0.0766268 0.965174 0.961684
ENSG00000116237.10 1 6296032 6296032 - 6 49761 1_internal_21989 1 6230094 6246271 89 88.1482 1.00821 5.57518 0.00317893 -0.311686 0.0149254 0.0177731
ENSG00000158292.6 1 6321035 6321035 - 6 203309 1_internal_18715 1 6103273 6117726 89 109.216 1.00434 8.54989 0.154969 -0.142435 0.661692 0.646262
ENSG00000097021.14 1 6454451 6454451 - 6 378197 1_internal_24934 1 6034925 6076254 89 83.4375 0.999972 5.11506 0.0182619 -0.255946 0.124378 0.109049
ENSG00000187017.10 1 6484848 6484848 + 6 -238577 1_internal_21989 1 6230094 6246271 89 82.916 1.00011 5.32541 0.107062 -0.153604 0.522388 0.493438
ENSG00000215788.5 1 6526255 6526255 - 6 450001 1_internal_24934 1 6034925 6076254 89 75.7195 0.999879 4.71291 0.428864 -0.0817534 0.965174 0.947917
ENSG00000171680.16 1 6580121 6580121 - 6 21462 1_internal_21138 1 6478993 6558659 89 108.104 0.999969 6.39112 2.27631e-07 0.504838 0.00497512 7.37699e-08
ENSG00000253022.1 1 6600914 6600914 + 6 -42255 1_internal_21138 1 6478993 6558659 89 86.0797 1 5.59779 0.0410142 0.195836 0.228856 0.224919
ENSG00000229519.2 1 6607965 6607965 + 6 -537852 1_internal_18187 1 6064160 6070113 89 76.6408 1.00003 4.72388 0.0346818 -0.215237 0.19403 0.215591
ENSG00000162408.10 1 6614595 6614595 - 6 55936 1_internal_21138 1 6478993 6558659 89 83.8721 0.999891 5.13217 0.00015579 0.401397 0.00497512 0.00124284
ENSG00000173662.15 1 6615241 6615241 + 6 -368970 1_internal_21989 1 6230094 6246271 89 85.2279 1.01925 5.61986 0.100537 -0.181539 0.492537 0.465385
ENSG00000204859.7 1 6640061 6640061 + 6 334608 1_internal_17349 1 6974669 7024002 89 86.0971 0.982559 5.51254 0.263109 0.118315 0.850746 0.829228
ENSG00000116273.5 1 6673745 6673745 + 6 300924 1_internal_17349 1 6974669 7024002 89 80.6041 1.02792 5.76253 0.31574 -0.113755 0.880597 0.90461
ENSG00000162413.12 1 6674667 6674667 - 6 116008 1_internal_21138 1 6478993 6558659 89 91.6596 1.00433 5.79908 0.0229386 0.238322 0.114428 0.114459
ENSG00000041988.10 1 6684926 6684926 + 6 -438655 1_internal_21989 1 6230094 6246271 89 79.6133 0.999986 5.31828 0.176831 0.153554 0.676617 0.698063
ENSG00000007923.11 1 6761984 6761984 - 6 -212685 1_internal_17349 1 6974669 7024002 89 86.7576 1.05111 6.49593 0.0682659 0.194171 0.38806 0.360667
ENSG00000237436.1 1 6844903 6844903 - 6 768649 1_internal_24934 1 6034925 6076254 89 86.9141 1.06579 6.12181 0.0530632 0.205287 0.268657 0.269056
ENSG00000171735.13 1 6845384 6845384 + 6 -727658 1_internal_18715 1 6103273 6117726 89 89.7996 0.931373 5.45318 0.372673 -0.103991 0.935323 0.928401
ENSG00000227950.1 1 6894678 6894678 - 7 -79991 1_internal_17349 1 6974669 7024002 89 89.9908 1.11716 7.20157 0.176317 -0.136893 0.731343 0.709156
ENSG00000049245.8 1 7831329 7831329 + 11 831042 1_internal_17594 1 8662371 8690888 89 93.2936 1.0014 11.3296 0.223227 -0.139922 0.935323 0.932906
ENSG00000049246.9 1 7844380 7844380 + 11 42462 1_internal_19687 1 7886842 7892155 89 83.8895 1.03329 9.78809 6.76511e-05 0.377478 0.00497512 0.000845423
ENSG00000236266.1 1 7887402 7887402 - 11 0 1_internal_19687 1 7886842 7892155 89 89.8691 0.984781 9.97343 0.000264209 0.370382 0.00497512 0.00270526
ENSG00000049247.9 1 7913572 7913572 - 11 889570 1_internal_17349 1 6974669 7024002 89 83.4723 1.05601 9.46722 0.0488361 -0.19724 0.412935 0.397083
ENSG00000049249.4 1 8000926 8000926 - 12 -163430 1_internal_25600 1 8164356 8375947 89 81.2299 0.973513 9.14121 0.165515 -0.149044 0.860697 0.852469
ENSG00000116288.8 1 8014351 8014351 + 12 648020 1_internal_17594 1 8662371 8690888 89 75.3023 1.06685 10.2532 0.0381151 0.229512 0.393035 0.418681
ENSG00000200344.1 1 8043043 8043043 - 13 -513564 1_internal_18577 1 8556607 8588566 89 100.229 0.906501 13.7337 3.04162e-05 -0.401845 0.00497512 0.000313044
ENSG00000116285.8 1 8086368 8086368 - 14 -430124 1_internal_19083 1 8516492 8588258 89 90.7383 1.02276 14.8196 0.0740439 0.191994 0.661692 0.656592
ENSG00000162426.10 1 8377886 8377886 + 19 -1939 1_internal_25600 1 8164356 8375947 89 90.3211 0.920871 17.006 0.00389455 0.308524 0.0945274 0.0772017
ENSG00000232912.1 1 8484705 8484705 + 20 771113 1_internal_16371 1 9255818 9264474 89 80.9344 1.0642 16.2548 0.0437509 0.182642 0.59204 0.570286
ENSG00000234619.1 1 8810489 8810489 + 21 -336552 1_internal_16129 1 8428778 8473937 89 104.905 1.00565 29.0546 0.0539942 0.189905 0.626866 0.656773
ENSG00000224315.2 1 8846972 8846972 - 21 -175353 1_internal_19250 1 9022325 9130890 89 79.4916 1.26909 20.3727 0.00741008 -0.256314 0.119403 0.122258
ENSG00000226545.1 1 8858534 8858534 + 21 -167372 1_internal_16953 1 8483921 8691162 89 99.4992 0.914089 24.3745 0.179326 -0.143666 0.995025 0.98654
ENSG00000228423.1 1 8865919 8865919 + 21 177350 1_internal_21152 1 9043269 9071867 89 89.2086 0.993193 20.6895 0.0369671 0.214831 0.552239 0.542262
ENSG00000142599.13 1 8877702 8877702 - 21 403765 1_internal_16129 1 8428778 8473937 89 90.8426 1.01659 20.8331 1.30017e-06 0.50149 0.00497512 1.74656e-05
ENSG00000236269.1 1 8938066 8938066 - 21 251450 1_internal_17713 1 8662041 8686616 89 102.524 0.895621 23.8931 0.0141573 -0.240947 0.208955 0.226373
ENSG00000230679.1 1 8938894 8938894 + 21 179625 1_internal_16445 1 9118519 9122793 89 98.8561 0.892762 22.0693 0.00226358 0.292567 0.0547264 0.0427446
ENSG00000074800.8 1 8939308 8939308 - 21 248420 1_internal_17594 1 8662371 8690888 89 99.7773 0.951113 24.9349 0.000837238 0.370686 0.0149254 0.0127825
ENSG00000238249.1 1 8953468 8953468 + 21 43537 1_internal_17184 1 8997005 9049004 89 87.6441 1.03094 25.2379 2.75015e-09 0.565516 0.00497512 5.48175e-08
ENSG00000232208.2 1 8967803 8967803 - 21 -29202 1_internal_17184 1 8997005 9049004 89 80.8127 1.06343 17.0173 8.08607e-10 0.621688 0.00497512 2.85721e-08
ENSG00000232663.2 1 8969801 8969801 + 21 27204 1_internal_17184 1 8997005 9049004 89 86.323 0.986711 17.4644 0.000401993 0.333482 0.00497512 0.00917159
ENSG00000131686.8 1 9005922 9005922 + 21 0 1_internal_17184 1 8997005 9049004 89 83.4201 0.987069 19.4112 7.94603e-06 0.453901 0.00497512 0.000332665
ENSG00000197241.3 1 9086404 9086404 - 21 -32115 1_internal_16445 1 9118519 9122793 89 90.634 0.969231 21.0598 0.0924244 0.179078 0.855721 0.867755
ENSG00000142583.12 1 9148537 9148537 - 22 76670 1_internal_21152 1 9043269 9071867 89 83.9937 1.09322 21.0977 0.00956241 0.287118 0.208955 0.186611
ENSG00000180758.10 1 9189229 9189229 - 22 498341 1_internal_17594 1 8662371 8690888 89 87.9223 0.978211 21.1612 0.0205298 -0.261074 0.358209 0.376654
ENSG00000049239.7 1 9294863 9294863 + 24 820157 1_internal_24218 1 10115020 10173628 89 76.8494 1.09927 19.1103 0.00241837 -0.320956 0.0696517 0.0668846
ENSG00000171621.9 1 9352939 9352939 + 24 -1658 1_internal_17422 1 9331966 9351281 89 84.5848 1.06916 19.4024 0.0095474 0.275568 0.159204 0.175807
ENSG00000171612.5 1 9599541 9599541 + 21 16364 1_internal_18876 1 9615905 9620449 89 93.5891 0.892268 18.981 0.0535829 0.215564 0.646766 0.652367
ENSG00000231181.1 1 9636485 9636485 + 21 -505595 1_internal_19250 1 9022325 9130890 89 90.4602 1.02645 22.7688 0.0129586 -0.257101 0.228856 0.233343
ENSG00000188807.8 1 9648932 9648932 + 21 -28483 1_internal_18876 1 9615905 9620449 89 85.958 1.08637 20.0445 0.0841003 0.176307 0.850746 0.826955
ENSG00000171608.11 1 9711790 9711790 + 18 -556776 1_internal_24399 1 9125399 9155014 89 83.5939 1.0368 15.8899 0.00473754 0.306434 0.0995025 0.0851341
ENSG00000179840.5 1 9714644 9714644 - 18 665640 1_internal_17184 1 8997005 9049004 89 77.7186 0.993626 12.7197 0.0244593 0.21667 0.383085 0.372362
ENSG00000233268.2 1 9722633 9722633 - 18 377875 1_internal_20348 1 9313901 9344758 89 75.8064 1.0565 13.2207 0.00553534 0.284138 0.109453 0.113657
ENSG00000231789.1 1 9747632 9747632 - 19 -459050 1_internal_17938 1 10206682 10484929 89 81.3342 0.819771 12.8116 0.0551162 0.196299 0.671642 0.668402
ENSG00000171603.11 1 9884584 9884584 - 19 -378938 1_internal_16045 1 10263522 10318470 89 88.1135 1.0017 18.3682 0.103123 0.16851 0.870647 0.868945
ENSG00000223989.1 1 9908376 9908376 + 19 -563618 1_internal_20348 1 9313901 9344758 89 98.4736 0.956229 24.6039 0.176759 0.146167 0.99005 0.985665
ENSG00000178585.10 1 9970394 9970394 - 19 -339033 1_internal_19605 1 10309427 10318453 89 87.0357 0.90735 16.2096 0.0688062 -0.181408 0.711443 0.736401
ENSG00000228150.1 1 10002981 10002981 + 19 433834 1_internal_16930 1 10436815 10491912 89 80.1348 1.09573 18.6636 0.0861043 0.180968 0.850746 0.849457
ENSG00000162441.6 1 10003465 10003465 - 19 503486 1_internal_18833 1 9440139 9499979 89 95.2752 1.06468 20.9089 0.183954 0.154634 0.955224 0.976357
ENSG00000173614.9 1 10003486 10003486 + 19 -658728 1_internal_20348 1 9313901 9344758 89 88.1135 0.99078 17.1421 0.0177334 -0.272799 0.308458 0.275646
ENSG00000241326.1 1 10043199 10043199 + 19 71821 1_internal_24218 1 10115020 10173628 89 84.1502 1.05895 19.0848 0.103065 0.191868 0.875622 0.888349
ENSG00000130939.13 1 10092890 10092890 + 16 -748132 1_internal_20348 1 9313901 9344758 89 87.001 0.997514 15.5181 0.0699297 -0.19326 0.666667 0.693394
ENSG00000224340.1 1 10114839 10114839 - 16 159807 1_internal_17569 1 9934621 9955032 89 92.8764 0.993303 16.5834 0.00861454 0.258964 0.124378 0.116024
ENSG00000233623.2 1 10118729 10118729 + 16 144793 1_internal_16045 1 10263522 10318470 89 98.352 0.948437 18.7566 0.0792523 -0.192858 0.726368 0.735066
ENSG00000054523.12 1 10270863 10270863 + 12 0 1_internal_16045 1 10263522 10318470 89 90.4949 1.02584 11.752 0.155336 0.144962 0.865672 0.849999
ENSG00000264501.1 1 10366523 10366523 + 11 -48070 1_internal_19605 1 10309427 10318453 89 86.4273 1.11141 10.9469 0.02879 0.230858 0.243781 0.246563
ENSG00000142657.16 1 10458649 10458649 + 11 271669 1_internal_19758 1 10730318 10754065 89 97.6045 0.926585 12.4286 0.0973419 0.182212 0.656716 0.686398
ENSG00000251503.2 1 10490159 10490159 + 11 -535127 1_internal_17569 1 9934621 9955032 89 89.226 1.03892 11.897 0.0599467 0.204207 0.507463 0.500791
ENSG00000175279.15 1 10490500 10490500 + 11 -172047 1_internal_19605 1 10309427 10318453 89 101.394 0.914693 14.4657 0.0750989 -0.196324 0.60199 0.613273
ENSG00000241563.2 1 10509776 10509776 + 10 -17864 1_internal_16930 1 10436815 10491912 89 86.0797 1.05606 9.35151 0.0896106 -0.169971 0.577114 0.583368
ENSG00000203469.2 1 10518612 10518612 + 10 -344984 1_internal_24218 1 10115020 10173628 89 98.2477 0.981344 11.2144 0.140829 0.162191 0.776119 0.772465
ENSG00000142655.8 1 10532345 10532345 + 10 822346 1_internal_22355 1 11354691 11445046 89 96.0574 0.963935 12.9459 0.410775 0.086043 1 0.998559
ENSG00000160049.7 1 10532583 10532583 - 10 577551 1_internal_17569 1 9934621 9955032 89 92.1115 0.915011 10.8443 0.0568242 -0.203385 0.467662 0.485327
ENSG00000243267.2 1 10676893 10676893 + 9 53425 1_internal_19758 1 10730318 10754065 89 93.676 0.917556 8.78346 0.118508 0.165455 0.686567 0.671635
ENSG00000130940.9 1 10856707 10856707 - 10 538237 1_internal_16045 1 10263522 10318470 89 81.6645 0.968009 7.89787 0.0838246 0.192363 0.547264 0.570655
ENSG00000120948.10 1 11072414 11072414 + 14 741951 1_internal_17294 1 11814365 11846020 89 82.2381 1.03731 12.2143 0.0567494 -0.191086 0.562189 0.555298
ENSG00000009724.12 1 11107290 11107290 - 14 353225 1_internal_19758 1 10730318 10754065 89 102.228 0.959125 17.611 0.114489 -0.164896 0.81592 0.823362
ENSG00000116649.5 1 11120081 11120081 - 14 946453 1_internal_24218 1 10115020 10173628 89 95.6576 0.885985 14.4299 0.0464006 -0.215985 0.507463 0.492768
ENSG00000226849.1 1 11128528 11128528 + 14 770169 1_internal_17401 1 11898697 11954327 89 83.1941 0.999494 12.1812 0.0200193 -0.237512 0.223881 0.261463
ENSG00000230337.1 1 11159732 11159732 + 14 -841279 1_internal_19605 1 10309427 10318453 89 95.3447 0.927941 13.3947 0.0908278 -0.189012 0.666667 0.701033
ENSG00000171824.9 1 11159938 11159938 - 14 668026 1_internal_16930 1 10436815 10491912 89 93.9889 0.980805 14.492 0.0323292 0.220253 0.383085 0.344679
ENSG00000225602.1 1 11203955 11203955 + 15 610410 1_internal_17294 1 11814365 11846020 89 103.914 0.843047 15.0199 0.0798485 -0.187761 0.636816 0.664295
ENSG00000171819.4 1 11249398 11249398 + 15 -888098 1_internal_23171 1 10271049 10361300 89 87.2443 1.04552 15.8894 0.0328146 -0.253786 0.422886 0.406897
ENSG00000198793.8 1 11322564 11322564 - 13 -642427 1_internal_18144 1 11964991 12083115 89 101.968 1.0075 18.8644 0.135645 0.15796 0.895522 0.887854
ENSG00000120942.8 1 11333263 11333263 + 13 21428 1_internal_22355 1 11354691 11445046 89 80.9691 0.976809 9.89598 0.013234 0.271326 0.179104 0.174244
ENSG00000238199.1 1 11339408 11339408 - 13 -845213 1_internal_15906 1 12184621 12260462 89 77.4404 1.00395 9.51113 0.00938813 0.245002 0.174129 0.136263
ENSG00000204624.6 1 11539223 11539223 + 10 322015 1_internal_16111 1 11861238 11876667 89 91.6596 0.959654 9.41372 0.0290899 0.219237 0.258706 0.242394
ENSG00000132879.9 1 11714432 11714432 + 11 250559 1_internal_18144 1 11964991 12083115 89 93.815 0.949626 10.7332 0.148494 -0.157088 0.800995 0.810822
ENSG00000116661.9 1 11715842 11715842 - 11 -945053 1_internal_21782 1 12660895 12695180 89 92.0072 0.814437 9.37568 0.109293 0.18066 0.701493 0.716794
ENSG00000116663.6 1 11724181 11724181 + 11 90184 1_internal_17294 1 11814365 11846020 89 78.4313 1.0424 9.33154 0.181481 0.124633 0.865672 0.881431
ENSG00000116670.9 1 11751707 11751707 - 12 306661 1_internal_22355 1 11354691 11445046 89 90.4775 1.07849 12.7179 0.186932 -0.148117 0.920398 0.913229
ENSG00000162490.6 1 11751786 11751786 + 12 62579 1_internal_17294 1 11814365 11846020 89 89.591 1.00419 12.7107 0.0362622 0.233121 0.378109 0.367577
ENSG00000177674.10 1 11796141 11796141 + 11 18224 1_internal_17294 1 11814365 11846020 89 93.4152 0.972812 11.3446 0.056527 0.188395 0.472637 0.45896
ENSG00000215910.3 1 11821844 11821844 + 11 0 1_internal_17294 1 11814365 11846020 89 83.9068 1.10041 10.4071 0.00356915 0.282853 0.039801 0.0336825
ENSG00000011021.17 1 11866207 11866207 + 11 882065 1_internal_16913 1 12748272 12776432 89 79.8219 1.05248 10.203 0.0120326 -0.228367 0.154229 0.146704
ENSG00000177000.6 1 11866977 11866977 - 11 20957 1_internal_17294 1 11814365 11846020 89 82.6553 0.968245 8.94053 0.00184008 0.297139 0.0298507 0.027091
ENSG00000236997.1 1 11883337 11883337 - 11 -129678 1_internal_21257 1 12013015 12022496 89 87.2791 0.942153 9.58235 0.00808571 0.289378 0.104478 0.0950288
ENSG00000242349.1 1 11901074 11901074 + 11 63917 1_internal_18144 1 11964991 12083115 89 87.1227 0.928718 9.76631 0.235242 0.116096 0.940299 0.939812
ENSG00000175206.6 1 11908402 11908402 - 11 -752493 1_internal_21782 1 12660895 12695180 89 86.2014 1.00667 9.89635 0.0479128 -0.195253 0.378109 0.404747
ENSG00000199347.1 1 11968209 11968209 + 11 0 1_internal_18144 1 11964991 12083115 89 81.1951 0.906619 9.09041 0.010525 0.293635 0.174129 0.156295
ENSG00000201801.1 1 11969984 11969984 - 11 524938 1_internal_22355 1 11354691 11445046 89 88.3916 0.942776 8.67881 0.00601819 -0.305511 0.0646766 0.0633569
ENSG00000116685.11 1 11986485 11986485 - 11 -674410 1_internal_21782 1 12660895 12695180 89 87.0184 0.955969 11.0117 0.0660884 -0.198563 0.557214 0.566193
ENSG00000083444.11 1 11994262 11994262 + 11 43305 1_internal_26498 1 12037567 12099745 89 85.6451 1.02417 11.4181 0.118282 0.145639 0.766169 0.776454
ENSG00000116688.11 1 12040238 12040238 + 11 -595192 1_internal_22355 1 11354691 11445046 89 92.2506 0.93923 9.99971 0.164416 0.154828 0.830846 0.834108
ENSG00000116691.6 1 12079523 12079523 + 11 -233503 1_internal_17294 1 11814365 11846020 89 78.3096 1.15499 10.0529 0.0569994 0.20128 0.497512 0.471508
ENSG00000028137.12 1 12227060 12227060 + 11 0 1_internal_15906 1 12184621 12260462 89 87.8875 1.03979 10.7988 2.3344e-10 0.633271 0.00497512 1.47718e-09
ENSG00000048707.8 1 12290124 12290124 + 11 -207009 1_internal_18144 1 11964991 12083115 89 96.718 0.84892 11.8665 0.119939 -0.172214 0.781095 0.783146
ENSG00000239149.1 1 12567300 12567300 + 10 -315858 1_internal_17975 1 12190388 12251442 89 86.6186 0.969802 8.80049 0.000670869 0.37175 0.0199005 0.00817336
ENSG00000229484.1 1 12587766 12587766 + 10 73129 1_internal_21782 1 12660895 12695180 89 97.2916 1.04571 12.1709 0.0433982 0.210258 0.338308 0.32804
ENSG00000221340.1 1 12630100 12630100 - 10 -30795 1_internal_21782 1 12660895 12695180 89 92.8242 0.981399 10.0457 0.0273016 0.221316 0.20398 0.22553
ENSG00000162496.4 1 12677737 12677737 - 10 0 1_internal_21782 1 12660895 12695180 89 93.1719 0.979341 9.49711 0.000576803 0.387927 0.00995025 0.00457562
ENSG00000116731.17 1 14026693 14026693 + 1 0 1_internal_16052 1 14025312 14062997 89 91.9551 1.00002 0.906317 0.00455227 0.303141 0.0149254 0.00355804
ENSG00000227612.1 1 14105625 14105625 - 1 42628 1_internal_16052 1 14025312 14062997 89 89.452 0.999995 1.01816 0.188792 0.125058 0.19403 0.190728
ENSG00000142634.8 1 15736391 15736391 + 9 816696 1_internal_20550 1 16553087 16624081 89 73.4424 1.03125 7.49766 0.0338914 0.217764 0.333333 0.326896
ENSG00000162438.7 1 15764935 15764935 + 9 640340 1_internal_18460 1 16405275 16514647 89 82.777 1.05818 8.01943 0.0160399 -0.221135 0.134328 0.132856
ENSG00000215704.5 1 15792404 15792404 + 9 -374713 1_internal_25144 1 15250792 15417691 89 83.2811 0.948178 8.8666 0.0692349 0.19458 0.527363 0.541539
ENSG00000132906.13 1 15853029 15853029 - 12 -679039 1_internal_23488 1 16532068 16544851 89 97.0656 0.913841 13.7805 0.110347 0.176811 0.746269 0.777104
ENSG00000116138.8 1 15853308 15853308 + 12 420849 1_internal_16791 1 16274157 16295178 89 92.2332 0.876853 12.2211 0.0475555 0.223589 0.462687 0.48222
ENSG00000116771.5 1 15911605 15911605 - 12 -912687 1_internal_18957 1 16824292 17278823 89 97.9521 0.925688 12.9504 0.0179528 0.267224 0.18408 0.183533
ENSG00000237301.1 1 15930121 15930121 - 14 -344036 1_internal_16791 1 16274157 16295178 89 109.738 0.844774 16.8549 0.165052 0.146322 0.925373 0.916816
ENSG00000235084.2 1 15931077 15931077 + 14 0 1_internal_18972 1 15929592 16012983 89 88.9131 0.942345 12.7223 0.129969 -0.162589 0.845771 0.844613
ENSG00000197312.7 1 15943995 15943995 + 14 968165 1_internal_25318 1 16912160 17056736 89 85.6799 1.04369 12.4722 0.210586 0.137665 0.945274 0.950685
ENSG00000215695.1 1 15986364 15986364 + 14 0 1_internal_18972 1 15929592 16012983 89 84.776 1.0607 12.8402 0.154508 -0.165435 0.885572 0.890682
ENSG00000116786.7 1 16010827 16010827 + 14 521241 1_internal_23488 1 16532068 16544851 89 87.4703 0.949188 11.8001 0.15376 -0.158193 0.890547 0.877724
ENSG00000162461.7 1 16062900 16062900 + 15 490187 1_internal_20550 1 16553087 16624081 89 88.3221 0.967814 12.5107 0.0296348 0.237714 0.383085 0.334313
ENSG00000237938.1 1 16063391 16063391 - 15 -948820 1_internal_17829 1 17012211 17249274 89 86.0449 1.02866 13.8439 0.0709402 -0.188372 0.671642 0.6529
ENSG00000224321.1 1 16119291 16119291 + 15 792869 1_internal_25318 1 16912160 17056736 89 92.6156 0.881921 13.5858 0.0242729 0.229081 0.288557 0.311351
ENSG00000233954.4 1 16134194 16134194 - 15 -139963 1_internal_16791 1 16274157 16295178 89 95.31 0.968712 15.8052 0.0598947 0.198361 0.567164 0.580471
ENSG00000178715.7 1 16154724 16154724 + 15 119433 1_internal_16791 1 16274157 16295178 89 92.9285 0.976756 15.9933 0.000255251 0.359485 0.0149254 0.0034327
ENSG00000065526.6 1 16174359 16174359 + 15 -584741 1_internal_20198 1 15478807 15589618 89 103.897 0.933041 18.6138 0.00833324 0.288379 0.0895522 0.0946894
ENSG00000179743.2 1 16174642 16174642 - 15 -99515 1_internal_16791 1 16274157 16295178 89 86.0623 1.01531 14.8238 0.0181009 0.251065 0.268657 0.253623
ENSG00000238818.1 1 16237392 16237392 + 15 -647774 1_internal_20198 1 15478807 15589618 89 83.507 1.016 13.0651 0.0111253 0.276661 0.169154 0.161991
ENSG00000234607.2 1 16296127 16296127 + 15 716084 1_internal_17829 1 17012211 17249274 89 69.2531 1.17964 10.7956 0.0879304 -0.162688 0.756219 0.730057
ENSG00000116809.7 1 16302627 16302627 - 15 289644 1_internal_18972 1 15929592 16012983 89 98.5084 0.987642 18.334 0.123975 -0.173379 0.900498 0.872997
ENSG00000142627.9 1 16482582 16482582 - 16 -429578 1_internal_25318 1 16912160 17056736 89 125.539 0.805518 24.6209 0.00528234 0.289935 0.0547264 0.0498567
ENSG00000234166.1 1 16524349 16524349 + 17 7719 1_internal_23488 1 16532068 16544851 89 82.3076 1.09189 16.2974 0.0156971 0.254867 0.253731 0.244033
ENSG00000142632.11 1 16539140 16539140 - 17 0 1_internal_23488 1 16532068 16544851 89 89.0695 1.05703 16.0348 0.000258908 0.37542 0.00995025 0.00294337
ENSG00000237276.3 1 16543823 16543823 - 17 0 1_internal_23488 1 16532068 16544851 89 93.0328 1.03289 17.6835 0.000421381 0.363771 0.00497512 0.00456502
ENSG00000204377.3 1 16556038 16556038 - 17 -366820 1_internal_20011 1 16922858 16924760 89 80.5346 1.08664 16.0834 0.0505687 -0.193829 0.631841 0.613366
ENSG00000132881.5 1 16563495 16563495 - 17 0 1_internal_20550 1 16553087 16624081 89 86.4621 1.04414 16.6344 0.0137978 -0.256938 0.21393 0.207717
ENSG00000233929.1 1 16567893 16567893 - 17 554910 1_internal_18972 1 15929592 16012983 89 78.1705 1.05323 13.0713 0.017016 -0.273228 0.258706 0.262357
ENSG00000037637.6 1 16678949 16678949 - 19 134098 1_internal_23488 1 16532068 16544851 89 89.1043 1.11662 20.8882 0.0984023 0.191209 0.865672 0.861673
ENSG00000055070.12 1 16679070 16679070 + 19 920013 1_internal_24370 1 17599083 17663546 89 90.182 1.01514 17.9485 0.308816 0.107078 1 0.998511
ENSG00000226457.1 1 16696025 16696025 - 19 683042 1_internal_18972 1 15929592 16012983 89 94.9971 0.977189 18.2423 0.0742044 0.202637 0.721393 0.715346
ENSG00000187144.7 1 16763919 16763919 - 20 -991925 1_internal_18009 1 17755844 17967804 89 89.6258 1.00472 18.4491 0.0998619 0.172145 0.855721 0.851813
ENSG00000157191.14 1 16767167 16767167 + 20 -471989 1_internal_16791 1 16274157 16295178 89 89.9387 0.901086 18.0455 0.0246122 0.260866 0.393035 0.402477
ENSG00000226029.1 1 16787443 16787443 + 20 618273 1_internal_17592 1 17405716 17453128 89 91.8682 0.945267 18.4794 0.0411643 0.198754 0.542289 0.537544
ENSG00000080947.10 1 16825752 16825752 - 20 -803300 1_internal_21850 1 17629052 17692891 89 86.7402 0.976795 17.2998 0.0544218 0.187335 0.626866 0.651313
ENSG00000206652.1 1 16840780 16840780 - 20 -71380 1_internal_25318 1 16912160 17056736 89 85.4713 1.00013 16.0722 0.0308375 0.238882 0.432836 0.429952
ENSG00000261135.1 1 16841140 16841140 + 20 0 1_internal_26440 1 16832268 17200784 89 79.4047 1.02366 14.0651 0.0120022 0.264221 0.19403 0.212555
ENSG00000219481.4 1 16940083 16940083 - 21 0 1_internal_26440 1 16832268 17200784 89 89.5562 0.890878 17.4648 3.22007e-13 0.656912 0.00497512 8.49377e-11
ENSG00000215908.5 1 16971178 16971178 - 21 0 1_internal_26440 1 16832268 17200784 89 87.8006 1.11044 22.8769 6.85068e-16 0.703156 0.00497512 7.34167e-16
ENSG00000186301.6 1 16972069 16972069 + 21 40142 1_internal_17829 1 17012211 17249274 89 71.8605 1.23903 17.8367 7.81931e-07 -0.528177 0.00497512 1.82263e-05
ENSG00000236698.1 1 17012550 17012550 - 20 0 1_internal_18957 1 16824292 17278823 89 81.8904 1.08718 17.2972 0.0931778 -0.165885 0.860697 0.840282
ENSG00000268869.1 1 17046652 17046652 - 19 -359064 1_internal_17592 1 17405716 17453128 89 96.1791 0.910863 18.9346 0.0503472 0.202777 0.577114 0.596508
ENSG00000186715.5 1 17096732 17096732 - 19 0 1_internal_17829 1 17012211 17249274 89 87.3139 1.01441 15.0629 1.64593e-06 0.514114 0.00497512 2.66543e-05
ENSG00000228549.1 1 17197440 17197440 + 18 0 1_internal_17829 1 17012211 17249274 89 87.3312 1.20299 19.5991 0.00135263 0.370382 0.0149254 0.012927
ENSG00000235241.1 1 17215590 17215590 + 18 0 1_internal_17829 1 17012211 17249274 89 101.603 0.946853 20.5451 1.18616e-11 0.718815 0.00497512 3.41954e-11
ENSG00000238142.1 1 17216144 17216144 - 18 0 1_internal_17829 1 17012211 17249274 89 92.042 0.971263 16.7208 7.89044e-13 0.733926 0.00497512 1.14574e-11
ENSG00000058453.11 1 17222232 17222232 + 18 0 1_internal_17829 1 17012211 17249274 89 87.1574 0.954728 13.7644 1.19907e-05 0.466176 0.00497512 0.000303983
ENSG00000207005.1 1 17222475 17222475 + 18 -297715 1_internal_20011 1 16922858 16924760 89 81.1951 1.1654 15.3254 0.0935484 0.172634 0.781095 0.787022
ENSG00000226526.1 1 17305421 17305421 + 17 601113 1_internal_22596 1 17906534 17923015 89 86.184 0.963138 13.2044 0.25175 -0.116388 0.9801 0.982426
ENSG00000117122.9 1 17307330 17307330 - 17 418085 1_internal_24247 1 16837891 16889245 89 80.5172 1.05 13.2367 0.0522774 -0.173109 0.59204 0.567103
ENSG00000159363.13 1 17338423 17338423 - 17 -290629 1_internal_21850 1 17629052 17692891 89 76.0498 1.10789 14.5611 0.0709744 -0.197547 0.761194 0.732516
ENSG00000117118.5 1 17380665 17380665 - 17 101842 1_internal_18957 1 16824292 17278823 89 91.3641 0.958263 15.2167 0.00376772 0.30026 0.0646766 0.0569861
ENSG00000159339.9 1 17634690 17634690 + 15 39235 1_internal_18400 1 17673925 17683375 89 79.4916 1.03925 11.58 2.76222e-09 0.585874 0.00497512 1.21681e-07
ENSG00000227751.1 1 17733256 17733256 + 15 -454433 1_internal_18957 1 16824292 17278823 89 80.6562 0.982634 11.1325 0.0862867 0.178807 0.716418 0.706705
ENSG00000266727.1 1 17740190 17740190 - 15 539406 1_internal_26440 1 16832268 17200784 89 90.6166 1.12201 17.2943 0.0384153 0.199561 0.412935 0.419769
ENSG00000179051.9 1 17766220 17766220 - 15 102674 1_internal_24370 1 17599083 17663546 89 93.7455 0.972979 14.0004 0.00628549 0.270418 0.0696517 0.0740857
ENSG00000159423.12 1 19229275 19229275 - 9 -601433 1_internal_21444 1 19830708 19909265 89 86.3404 1.03076 8.29178 0.0677806 -0.191703 0.447761 0.447744
ENSG00000255275.3 1 19247615 19247615 - 9 -157274 1_internal_17858 1 19404889 19415249 89 93.3631 0.991013 8.99454 0.0857873 -0.181903 0.512438 0.524449
ENSG00000169991.6 1 19283180 19283180 - 9 -411252 1_internal_17076 1 19694432 19815766 89 111.615 0.941215 10.3401 0.0441801 -0.204189 0.248756 0.248297
ENSG00000266098.1 1 19410145 19410145 - 9 917988 1_internal_20961 1 18487273 18492157 89 80.6041 1.0695 9.05558 0.00698822 -0.256558 0.0696517 0.0736245
ENSG00000127481.9 1 19536770 19536770 - 10 -135049 1_internal_19091 1 19671819 19974400 89 72.5906 1.08652 9.3048 0.0389063 0.226262 0.41791 0.410763
ENSG00000230424.1 1 19536995 19536995 + 10 157437 1_internal_17076 1 19694432 19815766 89 97.5523 0.879714 8.31863 0.156175 0.14723 0.731343 0.750921
ENSG00000053372.4 1 19578033 19578033 + 10 116399 1_internal_17076 1 19694432 19815766 89 90.0082 1.0171 9.65804 0.0846471 0.189335 0.557214 0.558851
ENSG00000127463.9 1 19578046 19578046 - 10 94262 1_internal_20300 1 19446664 19483784 89 102.089 1.01324 13.606 0.0774564 0.185744 0.537313 0.553857
ENSG00000211454.8 1 19600688 19600688 - 10 116904 1_internal_20300 1 19446664 19483784 89 107.687 0.912843 12.7537 0.111383 0.157699 0.701493 0.688929
ENSG00000162482.4 1 19615744 19615744 - 10 -875663 1_internal_18530 1 20491407 20499187 89 76.4496 1.08186 7.42862 0.106918 0.153113 0.631841 0.628528
ENSG00000053371.8 1 19638640 19638640 - 10 -33179 1_internal_19091 1 19671819 19974400 89 88.8783 0.908499 8.69601 0.104141 0.182384 0.606965 0.65527
ENSG00000040487.8 1 19638820 19638820 + 10 -155036 1_internal_20300 1 19446664 19483784 89 77.6838 1.03633 8.20052 0.000598216 0.376907 0.0149254 0.00921561
ENSG00000240490.2 1 19750878 19750878 + 10 0 1_internal_16282 1 19713702 19811854 89 101.255 1.03911 12.2343 0.00976327 0.274939 0.079602 0.0612698
