ENSG00000214391.3 11 90015728 90015728 + 0 NA NA NA NA NA NA NA NA NA NA NA NA NA
ENSG00000165323.11 11 92085262 92085262 + 0 NA NA NA NA NA NA NA NA NA NA NA NA NA
ENSG00000255445.1 11 92885241 92885241 + 2 536201 11_internal_8672 11 93421442 93454731 89 83.142 1 1.77295 0.0677467 0.198213 0.129353 0.133313
ENSG00000180773.10 11 92931130 92931130 - 2 -298769 11_internal_9929 11 93229899 93278175 89 102.767 0.99999 2.33498 0.0256772 0.254387 0.0597015 0.0380381
ENSG00000166002.2 11 93276674 93276674 - 3 0 11_internal_9929 11 93229899 93278175 89 70.835 0.999988 2.35917 1.29962e-06 0.510473 0.00497512 3.77069e-05
ENSG00000166004.9 11 93394805 93394805 + 5 968145 11_internal_11487 11 94362950 94529225 89 96.4572 1.00007 5.70654 0.323624 0.103904 0.860697 0.873614
ENSG00000254911.1 11 93454679 93454679 + 5 832508 11_internal_8825 11 94287187 94337158 89 86.3926 0.999933 4.54168 0.0671512 0.197278 0.283582 0.285405
ENSG00000201199.1 11 93454708 93454708 + 5 0 11_internal_8672 11 93421442 93454731 89 86.7055 1.00397 5.54715 0.0966397 0.181012 0.432836 0.44442
ENSG00000199675.1 11 93454963 93454963 + 5 832224 11_internal_8825 11 94287187 94337158 89 91.7465 0.999945 4.88131 0.0247665 0.241543 0.114428 0.10574
ENSG00000207112.1 11 93463812 93463812 - 5 -899138 11_internal_11487 11 94362950 94529225 89 89.1391 1.00002 5.48936 0.0233233 -0.233009 0.139303 0.120966
ENSG00000206799.1 11 93464265 93464265 - 5 -822922 11_internal_8825 11 94287187 94337158 89 80.6736 0.999914 4.65695 0.0964169 -0.182788 0.40796 0.429637
ENSG00000202314.1 11 93464740 93464740 - 5 -822447 11_internal_8825 11 94287187 94337158 89 91.9898 1.00009 5.38131 0.0901492 0.187453 0.373134 0.379548
ENSG00000206834.1 11 93465299 93465299 - 5 187124 11_internal_9929 11 93229899 93278175 89 89.6779 1.00005 5.25889 0.229575 -0.123748 0.731343 0.743188
ENSG00000207304.1 11 93465665 93465665 - 5 -821522 11_internal_8825 11 94287187 94337158 89 93.3457 0.999912 5.33878 0.151244 0.160985 0.557214 0.557389
ENSG00000239195.1 11 93466466 93466466 - 5 -809704 11_internal_9135 11 94276170 94318836 89 81.6297 1.03169 5.86389 0.129217 -0.154399 0.60199 0.591371
ENSG00000207145.1 11 93466763 93466763 - 5 12032 11_internal_8672 11 93421442 93454731 89 78.5008 0.999916 4.41739 0.103799 -0.176492 0.462687 0.450424
ENSG00000221170.1 11 93466930 93466930 - 5 -809240 11_internal_9135 11 94276170 94318836 89 78.8832 1.00008 4.62363 0.0227493 -0.23255 0.139303 0.139891
ENSG00000210825.1 11 93468402 93468402 - 5 190227 11_internal_9929 11 93229899 93278175 89 99.6035 1.00007 5.21403 0.22196 -0.126983 0.646766 0.679782
ENSG00000182919.9 11 93474757 93474757 + 5 812430 11_internal_8825 11 94287187 94337158 89 101.62 0.937108 6.13362 0.00447585 0.301076 0.0348259 0.0193118
ENSG00000042429.6 11 93517393 93517393 + 5 769794 11_internal_8825 11 94287187 94337158 89 95.3447 1.00006 4.91991 0.0036738 0.320599 0.00995025 0.012901
ENSG00000166012.10 11 93517557 93517557 - 5 -758613 11_internal_9135 11 94276170 94318836 89 77.0754 1.00005 4.03221 0.52737 -0.0666505 0.965174 0.962341
ENSG00000238437.1 11 93530379 93530379 + 5 745791 11_internal_9135 11 94276170 94318836 89 91.9203 0.999947 5.04384 0.381058 -0.0960671 0.895522 0.905307
ENSG00000265292.1 11 93533649 93533649 + 5 753538 11_internal_8825 11 94287187 94337158 89 89.7475 1.0001 5.05017 0.0891422 0.174934 0.373134 0.371259
ENSG00000214376.5 11 93583697 93583697 - 5 -779253 11_internal_11487 11 94362950 94529225 89 82.0469 0.999944 4.12106 0.177122 0.143363 0.61194 0.591231
ENSG00000110218.4 11 93862094 93862094 + 5 500856 11_internal_11487 11 94362950 94529225 89 96.5268 1.00003 5.95869 0.0585401 0.199003 0.303483 0.257724
ENSG00000256745.1 11 93922163 93922163 - 5 643988 11_internal_9929 11 93229899 93278175 89 84.915 1.00006 4.34524 0.0715042 -0.191189 0.313433 0.298559
ENSG00000123901.3 11 94134585 94134585 - 6 679854 11_internal_8672 11 93421442 93454731 89 91.9898 1.03159 5.83933 0.231859 -0.125124 0.78607 0.763411
ENSG00000255893.1 11 94206736 94206736 - 7 928561 11_internal_9929 11 93229899 93278175 89 79.9783 1.00014 5.53292 0.248698 0.114196 0.855721 0.830346
ENSG00000168876.4 11 94226795 94226795 + 7 136155 11_internal_11487 11 94362950 94529225 89 96.0922 0.994093 6.89613 0.00254201 0.317884 0.0248756 0.0120524
ENSG00000020922.7 11 94227074 94227074 - 7 -768965 11_internal_8345 11 94996039 95196121 89 86.775 0.968554 6.06749 0.232297 0.114927 0.80597 0.816393
ENSG00000134627.7 11 94277006 94277006 + 7 719033 11_internal_8345 11 94996039 95196121 89 100.664 0.934847 6.53385 0.170341 0.150257 0.636816 0.665917
ENSG00000196371.2 11 94277017 94277017 + 7 0 11_internal_9135 11 94276170 94318836 89 81.5428 1.15035 7.44678 0.000837309 0.361669 0.00497512 0.00489018
ENSG00000166025.13 11 94439597 94439597 + 6 736328 11_internal_11806 11 95175925 95189212 89 88.5133 1.04761 6.36377 0.165735 0.151271 0.671642 0.669628
ENSG00000255929.1 11 94473521 94473521 - 5 136363 11_internal_8825 11 94287187 94337158 89 77.8229 1.00011 4.36324 0.299303 0.106232 0.855721 0.827954
ENSG00000213368.3 11 94646212 94646212 + 5 -327376 11_internal_9135 11 94276170 94318836 89 90.5818 0.999957 4.49196 0.0892863 0.187856 0.303483 0.333891
ENSG00000256469.1 11 94658686 94658686 - 5 -517239 11_internal_11806 11 95175925 95189212 89 97.8652 1.00325 5.793 0.0494307 0.208545 0.21393 0.206056
ENSG00000150316.7 11 94706776 94706776 - 5 -469149 11_internal_11806 11 95175925 95189212 89 91.9029 0.99996 4.87723 0.0271926 -0.234452 0.109453 0.11524
ENSG00000186280.5 11 94706845 94706845 + 5 -177620 11_internal_11487 11 94362950 94529225 89 82.6205 0.99992 4.32381 0.23005 -0.120697 0.711443 0.707779
ENSG00000235268.2 11 94758422 94758422 + 5 237617 11_internal_8345 11 94996039 95196121 89 112.137 0.999938 6.89429 0.332482 0.100711 0.900498 0.892521
ENSG00000180771.9 11 94800056 94800056 + 5 195983 11_internal_8345 11 94996039 95196121 89 78.0141 0.999964 4.47692 0.243918 -0.123275 0.751244 0.763712
ENSG00000149218.4 11 94822974 94822974 + 5 352951 11_internal_11806 11 95175925 95189212 89 78.3791 0.999998 4.30983 0.107002 -0.194918 0.442786 0.452738
ENSG00000245552.2 11 94883703 94883703 + 5 292222 11_internal_11806 11 95175925 95189212 89 75.5631 0.999924 3.87864 0.000316505 0.365568 0.00995025 0.00352884
ENSG00000149212.6 11 94965705 94965705 - 8 -210220 11_internal_11806 11 95175925 95189212 89 99.5166 1.0118 8.76662 1.84237e-07 0.53725 0.00497512 2.5406e-07
ENSG00000166037.6 11 95523129 95523129 + 7 412588 11_internal_7721 11 95935717 96001984 89 87.3139 0.996931 6.65345 0.0052506 0.264741 0.0348259 0.0377404
ENSG00000077458.8 11 95523573 95523573 - 7 994348 11_internal_11487 11 94362950 94529225 89 90.9295 1.00546 6.42442 0.0129402 0.253234 0.0646766 0.0734005
ENSG00000256885.1 11 95557336 95557336 - 6 -341313 11_internal_9074 11 95898649 95983353 89 94.4756 1.01456 6.36319 0.0568804 0.180225 0.248756 0.270923
ENSG00000087053.13 11 95658479 95658479 - 6 -277238 11_internal_7721 11 95935717 96001984 89 94.5451 1.06962 6.29366 0.021075 0.261316 0.0845771 0.0873753
ENSG00000242993.1 11 95696383 95696383 + 6 202266 11_internal_9074 11 95898649 95983353 89 80.4998 1.00005 5.39728 0.00379293 0.310805 0.0199005 0.0315149
ENSG00000266192.1 11 96074602 96074602 + 6 0 11_internal_8635 11 95930467 96077235 89 96.9961 1.11357 6.37736 0.267999 0.116427 0.820896 0.809773
ENSG00000184384.8 11 96076382 96076382 - 6 887170 11_internal_11806 11 95175925 95189212 89 91.0859 0.989162 5.68276 0.0473923 0.198377 0.233831 0.233974
ENSG00000149231.7 11 96123087 96123087 - 6 45659 11_internal_8384 11 96056981 96077428 89 87.3139 1.00009 5.2484 0.0191809 0.262174 0.114428 0.10233
ENSG00000183340.5 11 96123153 96123153 + 6 -45725 11_internal_8384 11 96056981 96077428 89 90.999 1.01907 6.22053 0.157873 0.152677 0.636816 0.637174
ENSG00000165895.12 11 100558384 100558384 + 1 0 11_internal_8116 11 100551540 100633281 89 86.6012 0.999974 0.93405 0.402774 -0.0871926 0.40796 0.388367
ENSG00000110318.9 11 101785746 101785746 + 3 763146 11_internal_12030 11 102548892 102601890 89 90.1473 1.00003 3.15783 0.00685058 -0.313352 0.0298507 0.0203762
ENSG00000023445.8 11 102188215 102188215 + 3 295483 11_internal_8512 11 102483698 102557534 89 88.6176 0.999952 3.33128 0.219414 -0.14153 0.577114 0.563734
ENSG00000110330.4 11 102217942 102217942 + 3 54590 11_internal_11670 11 102272532 102328265 89 88.3395 1.00007 3.08418 0.113371 0.176868 0.318408 0.313253
ENSG00000255337.1 11 102323650 102323650 + 3 0 11_internal_11670 11 102272532 102328265 89 83.7852 0.999938 2.67153 0.172085 0.140091 0.452736 0.421575
ENSG00000152558.10 11 102341115 102341115 - 3 12850 11_internal_11670 11 102272532 102328265 89 96.04 1.00006 3.38674 0.320566 0.110433 0.726368 0.704129
ENSG00000260966.1 11 102926528 102926528 - 4 368994 11_internal_8512 11 102483698 102557534 89 94.1453 0.999946 4.00669 0.248723 -0.123978 0.636816 0.658897
ENSG00000137692.6 11 102962944 102962944 - 4 361054 11_internal_12030 11 102548892 102601890 89 87.5572 0.99997 3.6035 0.442018 0.0863951 0.915423 0.880769
ENSG00000187240.9 11 102980160 102980160 + 4 787086 11_internal_8855 11 103767246 104035642 89 83.5418 1.00001 3.84848 0.0337362 0.20871 0.124378 0.144403
ENSG00000170962.8 11 104035107 104035107 - 3 -904821 11_internal_11468 11 104939928 104981915 89 81.9078 0.999947 2.52745 0.0496676 -0.206564 0.119403 0.144246
ENSG00000235505.3 11 104789800 104789800 - 4 -150128 11_internal_11468 11 104939928 104981915 89 82.0295 0.999989 3.90257 0.00267482 0.326067 0.0199005 0.0153262
ENSG00000196954.8 11 104840163 104840163 - 4 -99765 11_internal_11468 11 104939928 104981915 89 98.6648 1.00005 4.0224 0.00280481 0.325781 0.0199005 0.00661026
ENSG00000254750.1 11 104942268 104942268 - 4 0 11_internal_11468 11 104939928 104981915 89 72.0865 1.00005 3.09238 1.24146e-06 0.485447 0.00497512 3.99993e-05
ENSG00000204397.3 11 104972158 104972158 - 4 0 11_internal_11468 11 104939928 104981915 89 83.4201 0.999882 3.48984 0.000681105 0.365114 0.00497512 0.00351625
ENSG00000137752.18 11 104972158 104972158 - 4 0 11_internal_11468 11 104939928 104981915 89 87.0705 1.00002 4.17446 0.0616366 0.196648 0.218905 0.243086
ENSG00000152578.8 11 105480721 105480721 + 3 -418581 11_internal_7880 11 105050311 105062140 89 90.999 0.999983 2.85816 0.163761 0.140312 0.368159 0.390559
ENSG00000170903.6 11 105893130 105893130 - 3 911215 11_internal_11468 11 104939928 104981915 89 73.2512 0.999933 2.81478 0.108175 0.170956 0.363184 0.357126
ENSG00000149313.6 11 105946228 105946228 + 3 -884088 11_internal_7880 11 105050311 105062140 89 74.9025 1.00009 2.80911 0.499801 -0.073642 0.865672 0.884384
ENSG00000182359.9 11 105948492 105948492 - 3 886352 11_internal_7880 11 105050311 105062140 89 102.42 1.00001 3.75471 0.120031 -0.181678 0.323383 0.313269
ENSG00000254433.1 11 105972702 105972702 - 3 990787 11_internal_11468 11 104939928 104981915 89 82.4641 0.999974 2.49022 0.505814 -0.070967 0.840796 0.840858
ENSG00000255353.1 11 107047012 107047012 + 0 NA NA NA NA NA NA NA NA NA NA NA NA NA
ENSG00000261098.1 11 107186997 107186997 - 0 NA NA NA NA NA NA NA NA NA NA NA NA NA
ENSG00000225215.1 11 107275315 107275315 - 0 NA NA NA NA NA NA NA NA NA NA NA NA NA
ENSG00000152404.11 11 107328572 107328572 - 0 NA NA NA NA NA NA NA NA NA NA NA NA NA
ENSG00000137760.10 11 107436472 107436472 - 0 NA NA NA NA NA NA NA NA NA NA NA NA NA
ENSG00000240652.1 11 107779146 107779146 + 0 NA NA NA NA NA NA NA NA NA NA NA NA NA
ENSG00000110660.9 11 107799019 107799019 - 0 NA NA NA NA NA NA NA NA NA NA NA NA NA
ENSG00000166266.9 11 107879459 107879459 + 0 NA NA NA NA NA NA NA NA NA NA NA NA NA
ENSG00000200855.1 11 107955640 107955640 + 0 NA NA NA NA NA NA NA NA NA NA NA NA NA
ENSG00000075239.9 11 107992243 107992243 + 0 NA NA NA NA NA NA NA NA NA NA NA NA NA
ENSG00000255467.1 11 107992411 107992411 - 0 NA NA NA NA NA NA NA NA NA NA NA NA NA
ENSG00000149311.11 11 108093211 108093211 + 0 NA NA NA NA NA NA NA NA NA NA NA NA NA
ENSG00000149308.10 11 108093369 108093369 - 0 NA NA NA NA NA NA NA NA NA NA NA NA NA
ENSG00000206967.1 11 108100331 108100331 - 0 NA NA NA NA NA NA NA NA NA NA NA NA NA
ENSG00000269042.1 11 108136480 108136480 - 0 NA NA NA NA NA NA NA NA NA NA NA NA NA
ENSG00000166323.8 11 108338258 108338258 - 0 NA NA NA NA NA NA NA NA NA NA NA NA NA
ENSG00000178202.8 11 108369159 108369159 - 0 NA NA NA NA NA NA NA NA NA NA NA NA NA
ENSG00000110723.7 11 108464465 108464465 - 0 NA NA NA NA NA NA NA NA NA NA NA NA NA
ENSG00000178105.5 11 108535752 108535752 + 1 932542 11_internal_8395 11 109468294 109622758 89 99.8295 0.999991 1.0555 0.528465 0.0672156 0.527363 0.523196
ENSG00000240698.1 11 108561683 108561683 - 1 -906611 11_internal_8395 11 109468294 109622758 89 100.959 0.999981 1.09 0.290986 -0.115677 0.278607 0.280394
ENSG00000254730.1 11 108600831 108600831 - 1 -867463 11_internal_8395 11 109468294 109622758 89 87.8006 0.999961 1.06133 0.677071 0.0453361 0.686567 0.700762
ENSG00000203334.3 11 108828445 108828445 + 2 639849 11_internal_8395 11 109468294 109622758 89 77.9967 1.00008 1.78701 0.0587606 0.195846 0.124378 0.13332
ENSG00000149289.6 11 109964087 109964087 + 2 0 11_internal_10460 11 109816613 109985124 89 82.4293 1.00007 1.91798 0.194777 0.138492 0.353234 0.367093
ENSG00000137710.10 11 110167447 110167447 - 2 544689 11_internal_8395 11 109468294 109622758 89 82.1686 1.00002 1.95623 0.357764 -0.0978742 0.606965 0.603748
ENSG00000137714.2 11 110300607 110300607 + 2 -677849 11_internal_8395 11 109468294 109622758 89 75.1633 1.0001 1.84867 0.159876 -0.147813 0.333333 0.332949
ENSG00000110777.7 11 111326355 111326355 - 4 0 11_internal_11254 11 111316004 111413297 89 99.2732 1.00006 4.62111 0.0195246 -0.227857 0.0845771 0.061387
ENSG00000204381.7 11 111411005 111411005 + 5 654852 11_internal_9510 11 112065857 112093588 89 99.4123 0.999939 5.1685 0.000462854 -0.2977 0.00995025 0.00110727
ENSG00000170145.4 11 111473115 111473115 + 5 707519 11_internal_10139 11 112180634 112206559 89 83.6287 0.999954 4.67827 0.122698 -0.178899 0.492537 0.491693
ENSG00000235286.1 11 111543128 111543128 - 6 -617323 11_internal_9168 11 112160451 112205856 89 81.0039 1.00005 5.37036 0.0833403 -0.182821 0.422886 0.427413
ENSG00000137713.11 11 111637151 111637151 - 6 -428706 11_internal_9510 11 112065857 112093588 89 83.1246 1.00004 5.13908 0.0272528 -0.238035 0.159204 0.157927
ENSG00000254990.1 11 111649074 111649074 - 6 -416783 11_internal_9510 11 112065857 112093588 89 115.491 0.868271 8.04455 0.0456451 0.205575 0.223881 0.221627
ENSG00000254450.1 11 111699936 111699936 - 6 286639 11_internal_11254 11 111316004 111413297 89 86.7229 1.07823 6.28166 0.19064 -0.13136 0.751244 0.721635
ENSG00000254949.1 11 111734977 111734977 + 6 445657 11_internal_10139 11 112180634 112206559 89 113.701 0.917689 7.10866 0.0319266 -0.233241 0.134328 0.127986
ENSG00000086848.9 11 111742305 111742305 - 6 -650083 11_internal_8871 11 112392388 112411149 89 88.3221 0.999983 5.35398 0.00867288 0.299246 0.039801 0.046908
ENSG00000137720.3 11 111749659 111749659 + 6 430975 11_internal_10139 11 112180634 112206559 89 87.0531 1.00354 6.11459 0.00429638 0.310143 0.0199005 0.0282628
ENSG00000258529.1 11 111750149 111750149 - 6 -642239 11_internal_8871 11 112392388 112411149 89 80.7779 0.999942 5.21022 0.0273052 0.226736 0.174129 0.171871
ENSG00000255561.2 11 111751967 111751967 - 6 -408484 11_internal_9168 11 112160451 112205856 89 98.1434 1.03577 7.00242 0.0922743 -0.174835 0.472637 0.412849
ENSG00000150764.9 11 111797868 111797868 + 6 682860 11_internal_8958 11 112480728 112494951 89 91.4162 0.949943 5.54239 0.228486 0.12281 0.776119 0.767299
ENSG00000150768.11 11 111895538 111895538 + 7 264913 11_internal_9168 11 112160451 112205856 89 111.667 0.781454 8.13954 0.0415027 -0.240453 0.228856 0.262959
ENSG00000230911.1 11 111901091 111901091 - 7 -579637 11_internal_8958 11 112480728 112494951 89 94.267 0.984886 7.14837 0.227427 -0.122789 0.825871 0.825106
ENSG00000150776.13 11 111944810 111944810 + 7 235824 11_internal_10139 11 112180634 112206559 89 89.8691 0.910973 7.39086 0.0263562 0.218047 0.20398 0.209379
ENSG00000150773.6 11 111944998 111944998 - 7 -535730 11_internal_8958 11 112480728 112494951 89 96.0922 0.954025 8.11062 0.0276736 0.220024 0.18408 0.182766
ENSG00000204370.4 11 111957497 111957497 + 7 434891 11_internal_8871 11 112392388 112411149 89 86.6359 1.09756 7.2897 0.0737862 0.200937 0.427861 0.401422
ENSG00000150779.7 11 111957522 111957522 - 7 -223112 11_internal_10139 11 112180634 112206559 89 93.3109 1.08006 7.97282 0.00598964 0.304716 0.0298507 0.0286235
ENSG00000255292.1 11 111957627 111957627 + 7 523101 11_internal_8958 11 112480728 112494951 89 75.2154 0.999943 5.04912 0.187155 -0.137171 0.711443 0.724853
ENSG00000150782.7 11 112034840 112034840 - 7 -31017 11_internal_9510 11 112065857 112093588 89 79.5785 0.999948 5.39136 0.262869 -0.119962 0.845771 0.842088
ENSG00000150783.5 11 112038095 112038095 + 7 142539 11_internal_10139 11 112180634 112206559 89 88.774 0.969337 6.25519 0.0939298 -0.181808 0.482587 0.476376
ENSG00000254638.1 11 112043329 112043329 - 7 -437399 11_internal_8958 11 112480728 112494951 89 78.918 1.00585 6.28131 0.0978421 0.175282 0.547264 0.546753
ENSG00000197580.7 11 112046190 112046190 + 7 346198 11_internal_8871 11 112392388 112411149 89 88.8957 0.99052 5.90004 0.0650735 0.189096 0.348259 0.332651
ENSG00000214264.4 11 112051496 112051496 + 7 780081 11_internal_10539 11 112831577 113114354 89 81.0908 1.05157 5.93491 0.472551 -0.0733221 0.975124 0.980501
ENSG00000150787.3 11 112097088 112097088 + 7 -3500 11_internal_9510 11 112065857 112093588 89 90.3037 0.983294 7.10671 0.198718 -0.144972 0.791045 0.79157
ENSG00000243250.1 11 112106748 112106748 - 7 -73886 11_internal_10139 11 112180634 112206559 89 106.087 0.919164 7.77732 0.150022 0.152427 0.616915 0.650293
ENSG00000268472.1 11 112130988 112130988 + 7 700589 11_internal_10539 11 112831577 113114354 89 91.451 0.97191 6.85798 0.094625 0.17065 0.497512 0.490106
ENSG00000188771.3 11 112131583 112131583 - 7 718286 11_internal_11254 11 111316004 111413297 89 73.7205 0.999943 4.92255 0.268768 -0.121349 0.840796 0.844099
ENSG00000213234.4 11 112139094 112139094 - 7 -341634 11_internal_8958 11 112480728 112494951 89 93.676 0.90882 6.58834 0.00543216 0.275281 0.0597015 0.0402175
ENSG00000250303.2 11 112141472 112141472 + 7 18979 11_internal_9168 11 112160451 112205856 89 109.738 0.908318 8.35325 8.06928e-06 0.461519 0.00497512 1.8434e-05
ENSG00000149294.11 11 112831997 112831997 + 7 -337046 11_internal_8958 11 112480728 112494951 89 84.9324 0.962972 6.67354 0.0163581 0.246455 0.139303 0.131659
ENSG00000255129.1 11 113185159 113185159 - 8 -750078 11_internal_11250 11 113935237 114079930 89 87.9396 1.08196 7.87131 0.0644819 0.202709 0.368159 0.378819
ENSG00000149292.11 11 113185251 113185251 + 8 -979395 11_internal_9168 11 112160451 112205856 89 84.9846 0.929853 7.09156 0.163831 -0.154674 0.741294 0.764497
ENSG00000170209.4 11 113258513 113258513 + 6 892743 11_internal_9271 11 114151256 114197909 89 96.5441 0.926401 6.79353 0.0333024 -0.203805 0.218905 0.195124
ENSG00000149295.9 11 113346413 113346413 - 6 -588824 11_internal_11250 11 113935237 114079930 89 94.5451 1.01025 7.23376 0.113636 0.15221 0.512438 0.539594
ENSG00000166682.6 11 113577095 113577095 - 4 -358142 11_internal_11250 11 113935237 114079930 89 89.3129 1.00009 4.81757 0.239011 0.127466 0.716418 0.730317
ENSG00000256091.1 11 113582442 113582442 + 4 568814 11_internal_9271 11 114151256 114197909 89 96.6484 0.99994 3.9391 0.214182 -0.136541 0.567164 0.57538
ENSG00000086827.4 11 113644533 113644533 - 4 -290704 11_internal_11250 11 113935237 114079930 89 93.1719 1.00002 4.33573 0.0877185 -0.203125 0.338308 0.305274
ENSG00000256167.1 11 113659953 113659953 + 4 138675 11_internal_12358 11 113798628 114131898 89 87.4355 0.999898 3.57796 0.144806 -0.15203 0.457711 0.437223
ENSG00000255710.2 11 113692607 113692607 - 4 578253 11_internal_10539 11 112831577 113114354 89 95.6229 1.00002 3.71602 0.118397 -0.165058 0.348259 0.339096
ENSG00000048028.7 11 113746292 113746292 - 4 -188945 11_internal_11250 11 113935237 114079930 89 81.7861 0.999971 3.4623 0.0795391 -0.182194 0.303483 0.286469
ENSG00000109906.9 11 113930315 113930315 + 4 4922 11_internal_11250 11 113935237 114079930 89 89.1738 0.999912 4.30125 0.000844743 0.357303 0.00497512 0.00358778
ENSG00000256195.1 11 114250767 114250767 - 3 52858 11_internal_9271 11 114151256 114197909 89 84.55 0.999942 2.96119 4.24222e-05 0.422399 0.00497512 0.000196044
ENSG00000076053.6 11 114270752 114270752 + 3 -138854 11_internal_12358 11 113798628 114131898 89 91.1033 0.999961 3.08906 0.205176 0.134236 0.512438 0.497848
ENSG00000180425.6 11 114271233 114271233 - 3 191303 11_internal_11250 11 113935237 114079930 89 102.68 0.999937 3.15552 0.299177 0.118454 0.631841 0.620892
ENSG00000255663.1 11 114271404 114271404 + 3 -73495 11_internal_9271 11 114151256 114197909 89 83.6287 0.999913 2.80697 0.0197836 0.255976 0.0447761 0.0656858
ENSG00000076043.5 11 114310108 114310108 + 3 -112199 11_internal_9271 11 114151256 114197909 89 99.0473 1.00003 3.37564 0.000336352 0.373634 0.00497512 0.00052158
ENSG00000256533.1 11 114323786 114323786 + 3 -243856 11_internal_11250 11 113935237 114079930 89 82.0816 0.999938 2.62016 0.0924167 -0.176554 0.258706 0.2548
ENSG00000095110.3 11 114430617 114430617 - 3 232708 11_internal_9271 11 114151256 114197909 89 84.5848 1.00009 2.71037 0.0760544 0.167264 0.238806 0.211066
ENSG00000256674.1 11 114453975 114453975 + 3 -256066 11_internal_9271 11 114151256 114197909 89 82.1338 1.00002 2.78465 0.300373 0.114151 0.636816 0.658202
ENSG00000137634.5 11 114466484 114466484 - 3 386554 11_internal_11250 11 113935237 114079930 89 87.1053 1.00001 2.81036 0.438183 -0.0818161 0.79602 0.807033
ENSG00000182985.9 11 115375675 115375675 - 1 -199826 11_internal_9661 11 115575501 115589047 89 96.7527 1.00003 1.13297 0.499943 0.0745125 0.527363 0.525102
ENSG00000137656.7 11 116643704 116643704 - 3 -96786 11_internal_11012 11 116740490 116751591 89 83.1941 0.999956 2.4308 0.0634041 0.203526 0.189055 0.167738
ENSG00000226645.1 11 116644105 116644105 + 3 180491 11_internal_9356 11 116824596 116968581 89 93.45 1.0001 3.51282 0.241356 -0.119851 0.597015 0.600454
ENSG00000231611.1 11 116646592 116646592 - 3 -220971 11_internal_8066 11 116867563 116936669 89 93.3631 1.00007 3.22446 0.140845 -0.154217 0.358209 0.365093
ENSG00000109917.6 11 116658766 116658766 - 3 -165830 11_internal_9356 11 116824596 116968581 89 84.3066 1.00008 2.29458 0.331397 0.103573 0.626866 0.620634
ENSG00000235910.1 11 116706833 116706833 + 5 117763 11_internal_9356 11 116824596 116968581 89 91.1729 0.999912 4.93482 0.0838419 0.180489 0.363184 0.337842
ENSG00000118137.5 11 116708666 116708666 - 5 -976211 11_internal_8707 11 117684877 117888058 89 110.172 0.869881 5.37653 0.00652822 -0.277943 0.0497512 0.0240479
ENSG00000231865.1 11 116761437 116761437 - 5 -63159 11_internal_9356 11 116824596 116968581 89 82.8117 0.999944 4.10164 0.00666617 0.271699 0.0298507 0.0359448
ENSG00000234268.1 11 116906767 116906767 - 5 0 11_internal_9356 11 116824596 116968581 89 105.966 0.915739 5.38991 0.00333923 -0.339826 0.0149254 0.0113342
ENSG00000160584.11 11 116969153 116969153 - 6 572 11_internal_9356 11 116824596 116968581 89 96.3182 0.929583 5.8837 1.02349e-05 0.435762 0.00497512 5.58647e-05
ENSG00000168092.9 11 117014983 117014983 + 6 -78314 11_internal_8066 11 116867563 116936669 89 94.9275 0.968897 5.45686 0.328053 0.110801 0.870647 0.876323
ENSG00000149577.10 11 117049449 117049449 + 7 -80868 11_internal_9356 11 116824596 116968581 89 85.141 1.19202 7.02601 0.0621242 0.186056 0.328358 0.308222
ENSG00000149591.12 11 117070037 117070037 + 8 -101456 11_internal_9356 11 116824596 116968581 89 91.5379 0.947444 7.44524 0.039344 0.200904 0.243781 0.2653
ENSG00000160613.8 11 117103241 117103241 - 8 -823923 11_internal_9024 11 117927164 118017361 89 97.4828 0.929213 7.99523 0.0743077 -0.190952 0.422886 0.433467
ENSG00000167257.6 11 117103341 117103341 + 8 950190 11_internal_7820 11 118053531 118124458 89 91.5031 0.973495 7.81224 0.305809 0.114169 0.950249 0.940504
ENSG00000265969.1 11 117166263 117166263 - 9 -760901 11_internal_9024 11 117927164 118017361 89 82.2902 1.0522 7.33765 0.162042 0.15241 0.776119 0.748333
ENSG00000110274.9 11 117185273 117185273 + 9 -433682 11_internal_11012 11 116740490 116751591 89 95.1883 0.938556 8.50588 0.106406 0.180495 0.606965 0.599143
ENSG00000186318.11 11 117186975 117186975 - 9 250306 11_internal_8066 11 116867563 116936669 89 107.043 0.856726 9.56911 0.0446111 -0.224187 0.313433 0.300586
ENSG00000177103.9 11 117688240 117688240 - 11 -5303 11_internal_10198 11 117693543 117708414 89 84.6891 1.1384 12.3004 0.00475922 0.301212 0.0447761 0.0459667
ENSG00000254844.3 11 117689158 117689158 + 11 0 11_internal_8707 11 117684877 117888058 89 91.3119 0.958509 9.94494 0.000283927 0.360761 0.00995025 0.00306382
ENSG00000251594.1 11 117690134 117690134 - 11 0 11_internal_8707 11 117684877 117888058 89 102.837 0.945583 12.7444 0.0228372 0.24427 0.199005 0.189067
ENSG00000137731.8 11 117699413 117699413 - 11 0 11_internal_8707 11 117684877 117888058 89 90.773 0.948693 11.0201 9.62204e-05 0.392675 0.00497512 0.0013169
ENSG00000255245.2 11 117747382 117747382 - 12 0 11_internal_8707 11 117684877 117888058 89 83.8547 1.0236 10.7227 0.000222354 0.371544 0.00497512 0.00315312
ENSG00000137747.10 11 117800174 117800174 - 11 0 11_internal_8707 11 117684877 117888058 89 91.3293 0.942687 10.1387 0.0697202 0.182157 0.527363 0.5275
ENSG00000110324.5 11 117857063 117857063 + 11 0 11_internal_8707 11 117684877 117888058 89 100.125 0.978032 12.9659 8.07826e-06 0.458538 0.00497512 3.59958e-05
ENSG00000255163.1 11 118079926 118079926 - 13 0 11_internal_7820 11 118053531 118124458 89 95.6229 1.03902 14.6858 0.00570341 0.276435 0.0597015 0.0523672
ENSG00000160593.13 11 118095809 118095809 - 13 0 11_internal_7820 11 118053531 118124458 89 89.591 0.907662 12.1278 0.000596266 0.337113 0.0199005 0.0113025
ENSG00000160588.5 11 118123065 118123065 - 13 -513943 11_internal_8142 11 118637008 118660982 89 82.3945 1.00412 11.0944 0.0713413 0.196587 0.616915 0.614906
ENSG00000149573.3 11 118135251 118135251 - 13 247193 11_internal_8707 11 117684877 117888058 89 93.3979 0.960945 14.1136 0.0571682 0.216693 0.552239 0.542987
ENSG00000198851.5 11 118175260 118175260 + 13 902318 11_internal_7755 11 119077578 121462586 89 87.9744 1.01229 12.053 0.125662 -0.161852 0.791045 0.804397
ENSG00000167286.5 11 118213459 118213459 - 14 196098 11_internal_9024 11 117927164 118017361 89 95.1014 0.95343 14.5172 0.00128024 -0.370852 0.0199005 0.0156636
ENSG00000160654.5 11 118215059 118215059 + 14 523653 11_internal_9335 11 118738712 118772472 89 92.2506 0.960994 15.0207 0.0760332 0.193382 0.681592 0.683851
ENSG00000110344.5 11 118230300 118230300 + 14 -105842 11_internal_7820 11 118053531 118124458 89 82.8639 0.973674 11.1255 0.028813 -0.223349 0.318408 0.339229
ENSG00000167283.3 11 118271869 118271869 + 14 -563455 11_internal_10198 11 117693543 117708414 89 81.6297 1.17198 13.8494 0.0242469 -0.251263 0.318408 0.278829
ENSG00000254873.1 11 118272610 118272610 - 14 148152 11_internal_7820 11 118053531 118124458 89 90.4602 0.958009 12.3676 0.120103 -0.160532 0.766169 0.798057
ENSG00000255384.1 11 118305921 118305921 - 14 597507 11_internal_10198 11 117693543 117708414 89 82.8465 1.02276 12.7506 0.033977 0.210836 0.41791 0.401448
ENSG00000118058.15 11 118307205 118307205 + 14 653398 11_internal_8631 11 118960603 118993417 89 92.4939 1.01114 14.3347 0.0818629 0.178649 0.651741 0.673936
ENSG00000172425.6 11 118398187 118398187 + 15 787298 11_internal_10157 11 119185485 119212668 89 77.6838 1.055 12.5227 0.215204 0.132377 0.960199 0.96825
ENSG00000149582.10 11 118401756 118401756 + 15 -513698 11_internal_8707 11 117684877 117888058 89 76.2584 1.00552 11.4935 0.00143047 -0.32607 0.0348259 0.0351925
ENSG00000255435.2 11 118401809 118401809 - 15 513751 11_internal_8707 11 117684877 117888058 89 76.8842 1.07611 11.4869 0.061802 -0.205076 0.626866 0.597432
ENSG00000243431.1 11 118431405 118431405 + 16 754080 11_internal_10157 11 119185485 119212668 89 88.9305 0.987416 15.9931 0.0246537 -0.238873 0.353234 0.3357
ENSG00000095139.7 11 118443105 118443105 + 16 742380 11_internal_10157 11 119185485 119212668 89 97.9869 0.898398 20.3516 0.0550556 -0.199598 0.616915 0.645392
ENSG00000118096.3 11 118443685 118443685 - 16 249939 11_internal_11379 11 118131228 118193746 89 86.7576 0.982731 13.666 0.0540721 0.190243 0.572139 0.56085
ENSG00000207185.1 11 118464703 118464703 + 16 -411715 11_internal_8391 11 118045021 118052988 89 105.322 0.881242 18.4564 0.064369 -0.199199 0.572139 0.619997
ENSG00000019144.12 11 118477155 118477155 + 16 -283409 11_internal_11379 11 118131228 118193746 89 98.9256 0.885216 16.2313 0.0293073 -0.21238 0.353234 0.353653
ENSG00000118094.6 11 118550399 118550399 - 17 841985 11_internal_10198 11 117693543 117708414 89 111.267 0.876458 21.5762 0.016607 0.247326 0.218905 0.194543
ENSG00000255422.1 11 118575316 118575316 + 17 -522328 11_internal_8391 11 118045021 118052988 89 73.5119 1.14866 14.2392 0.0833136 -0.193372 0.78607 0.78713
ENSG00000110367.6 11 118661858 118661858 - 17 -523627 11_internal_10157 11 119185485 119212668 89 82.4988 1.04562 15.672 0.0734031 -0.205462 0.731343 0.735479
ENSG00000160683.4 11 118754475 118754475 + 16 -560729 11_internal_11379 11 118131228 118193746 89 86.1492 1.07809 16.9515 0.0242547 -0.240048 0.333333 0.331573
ENSG00000245869.2 11 118758451 118758451 - 16 0 11_internal_9335 11 118738712 118772472 89 89.6605 0.951822 13.8911 0.011711 0.272569 0.169154 0.164152
ENSG00000264211.1 11 118781417 118781417 + 16 -194251 11_internal_8614 11 118567627 118587166 89 96.6137 1.02428 17.3871 0.106064 -0.164407 0.81592 0.807114
ENSG00000110375.2 11 118795873 118795873 + 16 -23401 11_internal_9335 11 118738712 118772472 89 85.3148 0.982534 14.0441 0.00397871 0.307652 0.0646766 0.0691565
ENSG00000186174.6 11 118796317 118796317 - 16 -130122 11_internal_11079 11 118926439 118989116 89 85.5756 0.988073 16.0549 0.00749436 0.286023 0.119403 0.135346
ENSG00000239726.2 11 118801920 118801920 + 16 383565 11_internal_10157 11 119185485 119212668 89 95.1014 1.03498 15.7676 0.0224039 0.242953 0.243781 0.237176
ENSG00000176302.8 11 118842417 118842417 + 16 701123 11_internal_10653 11 119543540 119587552 89 117.89 0.728123 21.3586 0.0644034 -0.191243 0.59204 0.648633
ENSG00000242712.2 11 118865044 118865044 + 16 678496 11_internal_10653 11 119543540 119587552 89 79.8566 1.04475 12.4099 0.153974 -0.141729 0.900498 0.904076
ENSG00000255121.2 11 118868714 118868714 - 16 -525395 11_internal_10399 11 119394109 119490247 89 85.8537 0.969647 12.3586 0.0158603 0.259207 0.20398 0.211583
ENSG00000186166.3 11 118868852 118868852 + 16 -207870 11_internal_8142 11 118637008 118660982 89 80.0652 1.02854 12.9398 0.000988614 -0.353552 0.0298507 0.0203457
ENSG00000240970.1 11 118874156 118874156 - 16 680410 11_internal_11379 11 118131228 118193746 89 85.6973 0.994922 16.1333 0.0125405 -0.253069 0.228856 0.209425
ENSG00000254428.1 11 118875603 118875603 - 16 -85000 11_internal_8631 11 118960603 118993417 89 87.0184 1.06164 14.8917 0.0200876 0.245584 0.258706 0.250557
ENSG00000254909.1 11 118876644 118876644 - 16 988586 11_internal_8707 11 117684877 117888058 89 83.0551 1.06276 13.8499 0.0556642 -0.200895 0.597015 0.576147
ENSG00000196655.5 11 118889142 118889142 + 15 -301976 11_internal_8614 11 118567627 118587166 89 86.3404 1.05356 14.2466 0.0152347 0.261268 0.20398 0.194342
ENSG00000118181.5 11 118889401 118889401 - 15 228419 11_internal_8142 11 118637008 118660982 89 93.1197 0.976371 14.4799 0.130941 0.166881 0.830846 0.854206
ENSG00000266398.1 11 118889654 118889654 + 15 295831 11_internal_10157 11 119185485 119212668 89 84.0111 1.04823 14.1882 0.0672757 -0.17883 0.661692 0.652615
ENSG00000137700.10 11 118901616 118901616 - 15 129144 11_internal_9335 11 118738712 118772472 89 81.7514 1.08677 12.6413 0.0349422 -0.231308 0.393035 0.388277
ENSG00000255114.1 11 118914899 118914899 + 15 -721153 11_internal_11379 11 118131228 118193746 89 100.855 0.937153 17.3406 0.106327 -0.16903 0.79602 0.806268
ENSG00000149428.14 11 118927913 118927913 - 15 910552 11_internal_9024 11 117927164 118017361 89 76.015 1.03773 12.4292 0.120645 -0.15819 0.855721 0.862777
ENSG00000160695.9 11 118938403 118938403 + 15 0 11_internal_11079 11 118926439 118989116 89 98.7865 0.868305 17.3076 0.0998521 0.167674 0.825871 0.816258
ENSG00000256269.2 11 118955576 118955576 + 15 -938215 11_internal_9024 11 117927164 118017361 89 98.5432 0.946381 16.2713 0.00397984 -0.293657 0.0497512 0.047249
ENSG00000188486.3 11 118966177 118966177 - 15 379011 11_internal_8614 11 118567627 118587166 89 89.0869 0.932231 12.7051 0.00431084 -0.291934 0.0746269 0.0664464
ENSG00000172375.8 11 118972908 118972908 + 15 0 11_internal_11079 11 118926439 118989116 89 94.9623 0.926569 15.9014 0.0141624 0.267257 0.189055 0.192799
ENSG00000172269.12 11 118979041 118979041 - 15 -415068 11_internal_10399 11 119394109 119490247 89 93.4326 1.12942 19.6921 0.0358179 -0.236316 0.437811 0.407583
ENSG00000172273.8 11 118992297 118992297 + 15 -219825 11_internal_9335 11 118738712 118772472 89 89.1912 0.947788 12.4051 0.138948 0.168436 0.845771 0.854889
ENSG00000160703.10 11 119037277 119037277 + 14 -264805 11_internal_9335 11 118738712 118772472 89 81.4732 1.03597 13.0826 0.0289689 -0.244943 0.373134 0.370031
ENSG00000172367.11 11 119056166 119056166 + 13 129319 11_internal_10157 11 119185485 119212668 89 98.6648 0.838471 14.1207 0.0890835 -0.168693 0.721393 0.723883
ENSG00000248712.3 11 119067479 119067479 - 13 74062 11_internal_8631 11 118960603 118993417 89 87.6094 1.05324 14.8546 0.0702612 0.181695 0.646766 0.65213
ENSG00000110395.3 11 119076752 119076752 + 14 826 11_internal_7755 11 119077578 121462586 89 97.2395 0.921113 13.9488 0.0113224 0.283748 0.149254 0.131382
ENSG00000076706.8 11 119191799 119191799 - 13 530817 11_internal_8142 11 118637008 118660982 89 89.4867 0.982532 11.3132 0.003522 0.307003 0.0447761 0.0406519
ENSG00000173456.4 11 119205237 119205237 + 12 215296 11_internal_9270 11 119420533 119589320 89 105.688 0.828589 13.5639 0.105301 0.184583 0.691542 0.732928
ENSG00000245385.2 11 119208019 119208019 - 12 620853 11_internal_8614 11 118567627 118587166 89 91.451 1.02271 12.9046 0.0345742 0.22586 0.343284 0.333658
ENSG00000259159.1 11 119217368 119217368 - 12 0 11_internal_7755 11 119077578 121462586 89 81.9078 1.06069 11.3268 0.0219855 0.229245 0.238806 0.249571
ENSG00000223953.3 11 119217383 119217383 - 12 0 11_internal_7755 11 119077578 121462586 89 109.112 0.806902 12.9761 0.0219855 0.229245 0.233831 0.211195
ENSG00000235718.3 11 119217383 119217383 - 12 0 11_internal_7755 11 119077578 121462586 89 93.9193 0.97087 13.076 0.0219855 0.229245 0.238806 0.229753
ENSG00000036672.10 11 119252436 119252436 - 12 0 11_internal_7755 11 119077578 121462586 89 97.6219 0.906391 12.6229 0.0940159 -0.183852 0.666667 0.686266
ENSG00000110400.5 11 119599794 119599794 - 11 827322 11_internal_9335 11 118738712 118772472 89 88.8436 1.01907 12.887 0.0170496 0.256787 0.19403 0.192505
ENSG00000184232.3 11 120081475 120081475 + 6 0 11_internal_8119 11 120076143 120097451 89 101.046 0.921769 6.00844 0.0165986 0.243681 0.0696517 0.0794539
ENSG00000196914.4 11 120207787 120207787 + 7 -110336 11_internal_8119 11 120076143 120097451 89 87.6615 0.97048 6.92673 0.0454772 0.218512 0.313433 0.297489
ENSG00000269601.1 11 120330047 120330047 - 9 740727 11_internal_9270 11 119420533 119589320 89 75.8238 1.09986 7.26023 0.0378437 0.207352 0.323383 0.29529
ENSG00000154114.8 11 120894781 120894781 + 12 342786 11_internal_8162 11 121237567 121277650 89 81.6471 0.956926 8.57534 0.202426 -0.139398 0.895522 0.891851
ENSG00000109927.5 11 120971882 120971882 + 12 265685 11_internal_8162 11 121237567 121277650 89 90.1994 1.14705 14.4651 0.079159 0.175717 0.621891 0.63055
ENSG00000109929.5 11 121163162 121163162 + 12 28913 11_internal_12825 11 121192075 121265267 89 100.195 0.906848 12.7421 0.0263883 0.249571 0.238806 0.251129
ENSG00000137642.7 11 121322912 121322912 + 13 -57645 11_internal_12825 11 121192075 121265267 89 88.1656 1.02914 10.5255 0.00338033 0.320631 0.0348259 0.0328557
ENSG00000246790.2 11 121323722 121323722 - 13 58455 11_internal_12825 11 121192075 121265267 89 84.3936 1.00417 12.1536 0.0087693 0.234519 0.129353 0.121488
ENSG00000154127.5 11 122526383 122526383 + 14 0 11_internal_11643 11 122524538 122635501 89 101.516 1.01132 18.3234 1.28522e-13 0.741298 0.00497512 3.21102e-14
ENSG00000109943.4 11 122709208 122709208 + 14 -3872 11_internal_9578 11 122700508 122705336 89 95.675 1.0225 13.8872 0.0213456 0.251714 0.223881 0.202887
ENSG00000109944.5 11 122753391 122753391 + 14 -117890 11_internal_11643 11 122524538 122635501 89 89.2434 0.940611 12.924 0.0489559 0.216489 0.497512 0.50379
ENSG00000254944.1 11 122831035 122831035 + 14 -566025 11_internal_10816 11 122189962 122265010 89 76.3279 1.12623 12.0436 0.150893 -0.16093 0.895522 0.893861
ENSG00000233541.4 11 122921869 122921869 + 14 -525662 11_internal_8814 11 122387737 122396207 89 90.2342 1.07064 14.3663 0.0112923 -0.256687 0.124378 0.122011
ENSG00000200879.1 11 122928869 122928869 - 14 -79203 11_internal_10595 11 123008072 123135971 89 93.224 0.968838 15.0936 0.0277258 -0.255572 0.348259 0.324256
ENSG00000207118.1 11 122929703 122929703 - 14 533496 11_internal_8814 11 122387737 122396207 89 90.7557 1.05924 17.1169 0.0396509 -0.227106 0.482587 0.454548
ENSG00000202252.1 11 122930130 122930130 - 14 533923 11_internal_8814 11 122387737 122396207 89 94.3191 0.922059 13.9835 0.0115171 -0.279729 0.164179 0.147868
ENSG00000109971.8 11 122933938 122933938 - 14 537731 11_internal_8814 11 122387737 122396207 89 84.8455 1.12632 13.9293 0.0437126 -0.224644 0.462687 0.445446
ENSG00000166250.7 11 123065989 123065989 - 14 -291751 11_internal_8370 11 123357740 123365037 89 83.4723 1.10709 14.1168 0.0458356 0.190807 0.527363 0.489216
ENSG00000254667.1 11 123301058 123301058 + 12 0 11_internal_11464 11 123298873 123337883 89 88.4959 1.18086 13.3386 5.53436e-10 0.627741 0.00497512 2.63519e-10
ENSG00000255414.1 11 123325106 123325106 + 12 0 11_internal_11464 11 123298873 123337883 89 97.4654 1.09554 15.5111 1.3825e-07 0.560603 0.00497512 1.32017e-07
ENSG00000023171.10 11 123396344 123396344 + 11 -58461 11_internal_11464 11 123298873 123337883 89 95.5012 1.01662 11.5978 1.98429e-16 0.747829 0.00497512 1.01054e-16
ENSG00000254449.1 11 123470160 123470160 - 10 132277 11_internal_11464 11 123298873 123337883 89 95.3447 0.865019 9.24158 0.00690371 0.264663 0.079602 0.0737891
ENSG00000166257.4 11 123525952 123525952 - 9 188069 11_internal_11464 11 123298873 123337883 89 93.3631 1.02512 9.08152 1.74324e-07 0.572992 0.00497512 5.4967e-07
ENSG00000166261.6 11 123612383 123612383 - 10 476412 11_internal_10595 11 123008072 123135971 89 97.674 1.01239 11.6872 0.244044 0.119185 0.955224 0.945779
ENSG00000110002.10 11 123986069 123986069 + 6 -850098 11_internal_10595 11 123008072 123135971 89 102.02 0.879166 6.42695 0.0239988 0.237915 0.134328 0.132408
ENSG00000154144.8 11 124492732 124492732 + 2 216173 11_internal_11964 11 124708905 125366692 89 74.7635 1.00008 1.78515 0.376504 -0.100083 0.597015 0.61933
ENSG00000200278.1 11 124506355 124506355 + 2 103146 11_internal_8405 11 124609501 124633656 89 101.794 0.999985 2.22767 0.124764 0.14619 0.228856 0.21024
ENSG00000064199.2 11 124543694 124543694 + 2 65807 11_internal_8405 11 124609501 124633656 89 104.245 0.999973 2.27959 0.175229 0.126341 0.298507 0.295049
ENSG00000110013.8 11 124565603 124565603 - 2 -43898 11_internal_8405 11 124609501 124633656 89 104.766 1.00004 2.42535 0.129987 0.167338 0.218905 0.226068
ENSG00000154146.6 11 124609829 124609829 + 2 0 11_internal_8405 11 124609501 124633656 89 88.6002 1.00002 1.85361 0.163076 0.147943 0.298507 0.282572
ENSG00000255045.1 11 124616233 124616233 - 2 0 11_internal_8405 11 124609501 124633656 89 96.7527 0.999997 2.1417 0.0203475 0.252598 0.0348259 0.0330047
ENSG00000019102.7 11 124622134 124622134 - 2 0 11_internal_8405 11 124609501 124633656 89 91.1033 1.00001 2.19023 0.00225524 0.294375 0.00995025 0.00437156
ENSG00000250073.2 11 124629025 124629025 + 2 0 11_internal_8405 11 124609501 124633656 89 95.675 1.00006 2.32479 0.0436566 0.214744 0.0597015 0.0826489
ENSG00000149564.7 11 124632186 124632186 - 2 0 11_internal_8405 11 124609501 124633656 89 89.9561 1.00004 1.90046 0.0662333 0.174036 0.0995025 0.119513
ENSG00000254509.1 11 124661124 124661124 + 2 47781 11_internal_11964 11 124708905 125366692 89 110.398 1.00001 2.26563 0.653042 0.0474856 0.910448 0.885921
ENSG00000245498.2 11 124670346 124670346 + 2 38559 11_internal_11964 11 124708905 125366692 89 99.3775 1.00003 2.1917 0.0992408 -0.184781 0.189055 0.169823
ENSG00000120458.5 11 124670569 124670569 - 2 36913 11_internal_8405 11 124609501 124633656 89 99.9338 0.99999 1.93805 0.796145 0.0276939 0.960199 0.948797
ENSG00000254941.1 11 124678165 124678165 - 2 44509 11_internal_8405 11 124609501 124633656 89 87.5225 0.999986 1.96854 0.13435 0.158566 0.278607 0.252877
ENSG00000154134.10 11 124735282 124735282 + 2 0 11_internal_11964 11 124708905 125366692 89 94.8754 1.00001 2.24847 0.0309625 0.228476 0.0547264 0.0572487
ENSG00000154133.9 11 124768396 124768396 - 2 0 11_internal_11964 11 124708905 125366692 89 80.6736 0.99998 1.91216 0.135765 0.164539 0.273632 0.276412
ENSG00000149548.9 11 124824017 124824017 + 2 0 11_internal_11964 11 124708905 125366692 89 95.675 1.00007 1.90592 0.246052 0.122078 0.427861 0.390803
ENSG00000134955.7 11 124932963 124932963 + 2 0 11_internal_11964 11 124708905 125366692 89 81.0908 1.00009 1.71101 0.154328 -0.15134 0.288557 0.279026
ENSG00000203306.3 11 124958377 124958377 + 2 0 11_internal_11964 11 124708905 125366692 89 98.0564 0.999965 2.08643 0.585859 -0.0558327 0.830846 0.825848
ENSG00000150433.5 11 124981659 124981659 - 2 0 11_internal_11964 11 124708905 125366692 89 76.7451 0.999991 1.75319 0.0499665 0.212409 0.104478 0.117541
ENSG00000149547.9 11 125439112 125439112 + 5 740256 11_internal_10621 11 126179368 126276512 89 97.1178 0.95543 5.64923 0.114583 -0.184456 0.482587 0.466768
ENSG00000222297.1 11 125444615 125444615 + 5 650743 11_internal_8826 11 126095358 126157152 89 90.6861 1.00003 5.41939 0.227181 0.135686 0.751244 0.744876
ENSG00000134910.7 11 125461607 125461607 + 5 633751 11_internal_8826 11 126095358 126157152 89 101.394 0.971881 5.85294 0.253526 -0.122285 0.771144 0.779593
ENSG00000254671.1 11 125462473 125462473 - 5 -632885 11_internal_8826 11 126095358 126157152 89 108.017 1.00005 5.80266 0.228291 0.127899 0.681592 0.693127
ENSG00000149554.7 11 125495036 125495036 + 5 600322 11_internal_8826 11 126095358 126157152 89 97.309 1.0235 6.13752 0.132751 0.154519 0.517413 0.519914
ENSG00000198331.6 11 125753509 125753509 + 4 425859 11_internal_10621 11 126179368 126276512 89 96.9787 1.00005 4.15581 0.0136468 -0.25282 0.0597015 0.0409735
ENSG00000110060.4 11 125773116 125773116 - 4 406424 11_internal_11964 11 124708905 125366692 89 101.359 1.00006 4.52051 0.0375629 0.233707 0.109453 0.113965
ENSG00000264299.1 11 125827795 125827795 + 4 505795 11_internal_11913 11 126333590 126354625 89 74.5375 1.00012 3.06614 0.375177 0.0935781 0.810945 0.809055
ENSG00000064309.10 11 125933230 125933230 - 4 -400360 11_internal_11913 11 126333590 126354625 89 88.548 0.999923 4.53601 0.174878 0.142618 0.621891 0.584423
ENSG00000254759.1 11 125937434 125937434 + 4 -570742 11_internal_11964 11 124708905 125366692 89 86.2188 0.999892 4.103 0.215188 -0.137787 0.656716 0.644044
ENSG00000254694.1 11 126078922 126078922 - 4 -100446 11_internal_10621 11 126179368 126276512 89 94.9623 1.00008 4.31706 0.332685 0.0989025 0.835821 0.807041
ENSG00000197798.4 11 126081309 126081309 + 4 98059 11_internal_10621 11 126179368 126276512 89 88.2178 1.0001 3.48062 0.39329 -0.0824879 0.840796 0.826436
ENSG00000165526.4 11 126081587 126081587 - 4 -252003 11_internal_11913 11 126333590 126354625 89 86.5838 0.999966 3.77975 0.18793 0.132622 0.572139 0.557605
ENSG00000110074.6 11 126138950 126138950 + 4 40418 11_internal_10621 11 126179368 126276512 89 83.368 1.00002 4.23947 0.0177696 -0.257665 0.079602 0.0892294
ENSG00000182934.6 11 126139039 126139039 - 4 -40329 11_internal_10621 11 126179368 126276512 89 104.523 1.0001 5.12086 0.155133 -0.14764 0.502488 0.490073
ENSG00000150455.9 11 126152960 126152960 + 4 180630 11_internal_11913 11 126333590 126354625 89 81.0908 1.00013 4.13802 0.122961 -0.166073 0.447761 0.466878
ENSG00000254905.1 11 126164149 126164149 - 4 -169441 11_internal_11913 11 126333590 126354625 89 81.1256 1.00009 3.43584 0.2178 -0.117965 0.621891 0.609552
ENSG00000110063.4 11 126173647 126173647 + 4 159943 11_internal_11913 11 126333590 126354625 89 86.7576 0.999924 3.79539 0.618972 -0.0535382 0.970149 0.975451
ENSG00000255062.1 11 126174213 126174213 - 4 807521 11_internal_11964 11 124708905 125366692 89 80.0479 0.999961 3.46879 0.123399 -0.150261 0.432836 0.41714
ENSG00000110080.13 11 126225535 126225535 + 4 0 11_internal_10621 11 126179368 126276512 89 104.523 1.00007 4.54569 0.166459 0.145257 0.482587 0.478869
ENSG00000149571.6 11 126873355 126873355 - 3 716203 11_internal_8826 11 126095358 126157152 89 71.652 0.999921 2.5955 0.25576 -0.114877 0.616915 0.615723
ENSG00000254612.1 11 127811552 127811552 - 5 -93824 11_internal_10510 11 127905376 127925699 89 78.5182 0.999889 4.40164 0.0618292 -0.189793 0.278607 0.305674
ENSG00000134954.9 11 128457437 128457437 - 5 531738 11_internal_10510 11 127905376 127925699 89 84.6195 0.999964 4.79418 0.125938 -0.158796 0.517413 0.503037
ENSG00000151702.11 11 128555046 128555046 + 5 -629347 11_internal_10510 11 127905376 127925699 89 98.5432 0.999955 5.78512 0.0879223 -0.178421 0.368159 0.352925
ENSG00000254703.1 11 128565918 128565918 - 5 0 11_internal_9015 11 128565494 128674142 89 82.7074 0.999924 4.5855 0.0860509 0.188269 0.373134 0.376984
ENSG00000151704.11 11 128737268 128737268 - 6 811569 11_internal_10510 11 127905376 127925699 89 78.6746 1.00008 4.86182 0.358493 -0.10311 0.920398 0.908201
ENSG00000174370.5 11 128775930 128775930 - 6 850231 11_internal_10510 11 127905376 127925699 89 93.6412 0.952047 6.01583 0.0203431 0.243857 0.119403 0.113049
ENSG00000134909.13 11 129149219 129149219 - 8 647616 11_internal_9663 11 128414351 128501603 89 83.2984 1.06392 6.88486 0.0291283 -0.230093 0.20398 0.192468
ENSG00000151715.3 11 129685714 129685714 + 6 0 11_internal_11581 11 129683037 129738502 89 95.675 0.967659 5.37826 3.68103e-19 0.803365 0.00497512 3.89917e-19
ENSG00000170322.9 11 129765485 129765485 - 6 26983 11_internal_11581 11 129683037 129738502 89 88.2352 0.999985 5.35954 5.82238e-07 0.463013 0.00497512 3.49075e-06
ENSG00000170325.10 11 129872730 129872730 - 6 -611293 11_internal_8993 11 130484023 130819653 89 87.8006 0.97412 6.11991 0.00572818 -0.280464 0.039801 0.040164
ENSG00000233220.3 11 129872833 129872833 + 6 67791 11_internal_8501 11 129940624 129977241 89 98.352 1.02487 7.6213 0.122935 0.176775 0.547264 0.559011
ENSG00000267981.1 11 129936836 129936836 + 6 547187 11_internal_8993 11 130484023 130819653 89 89.0174 0.928122 5.79498 0.0949304 -0.183776 0.457711 0.473095
ENSG00000084234.11 11 129939732 129939732 + 6 -201230 11_internal_11581 11 129683037 129738502 89 96.1443 1.06074 5.99178 0.0679738 -0.172594 0.283582 0.273966
ENSG00000244451.1 11 129952676 129952676 - 6 214174 11_internal_11581 11 129683037 129738502 89 97.2916 0.91908 6.08254 0.0180878 0.233075 0.104478 0.0994145
ENSG00000255358.1 11 130155728 130155728 - 6 1708 11_internal_9427 11 130138849 130154020 89 86.9488 0.932611 5.49467 0.0494391 -0.206737 0.248756 0.284558
ENSG00000255220.1 11 130165536 130165536 + 6 -92012 11_internal_11951 11 130000674 130073524 89 93.7977 0.966873 5.4199 0.147393 0.148248 0.547264 0.564271
ENSG00000239421.2 11 130180075 130180075 + 6 -339134 11_internal_8982 11 129815987 129840941 89 82.7074 1.0001 5.39065 0.179209 0.130915 0.726368 0.690358
ENSG00000175773.7 11 130184419 130184419 + 6 -110895 11_internal_11951 11 130000674 130073524 89 87.0184 0.994191 5.84186 0.333766 -0.106752 0.920398 0.911948
ENSG00000196323.6 11 130184581 130184581 - 6 207340 11_internal_8501 11 129940624 129977241 89 92.0594 0.934504 6.07248 0.0102672 -0.288043 0.079602 0.0663123
ENSG00000134917.9 11 130298888 130298888 - 7 -185135 11_internal_8993 11 130484023 130819653 89 81.143 1.1369 6.59261 0.0520266 0.198602 0.283582 0.29289
ENSG00000254842.2 11 130735456 130735456 - 7 0 11_internal_8993 11 130484023 130819653 89 82.5336 1.02935 6.53187 0.0652446 -0.211159 0.373134 0.389319
ENSG00000255455.2 11 130740142 130740142 - 6 666618 11_internal_11951 11 130000674 130073524 89 93.0676 0.92008 6.03657 0.117435 -0.17379 0.542289 0.540031
ENSG00000120451.6 11 130786404 130786404 - 6 712880 11_internal_11951 11 130000674 130073524 89 86.0102 1.04491 6.26216 0.0577651 -0.195418 0.308458 0.311005
ENSG00000264919.1 11 133768476 133768476 - 4 -343061 11_internal_12065 11 134111537 134127094 89 99.7947 1.00004 4.50723 0.0820128 0.18229 0.288557 0.26295
ENSG00000254918.2 11 133782257 133782257 - 4 -31790 11_internal_8762 11 133814047 133905367 89 88.5133 0.999976 3.79146 0.0269761 0.224659 0.0746269 0.0999835
ENSG00000080854.9 11 133826880 133826880 - 4 -284657 11_internal_12065 11 134111537 134127094 89 90.0604 0.999921 3.6653 0.00294723 0.285473 0.0149254 0.01016
ENSG00000204241.3 11 133902167 133902167 + 4 0 11_internal_8762 11 133814047 133905367 89 89.0174 1.00003 3.72072 0.0857446 0.191887 0.263682 0.283517
ENSG00000254648.1 11 133907002 133907002 - 4 -187852 11_internal_8911 11 134094854 134123052 89 96.8396 0.999912 4.35436 0.162539 -0.158193 0.472637 0.49471
ENSG00000166086.7 11 133938820 133938820 + 4 172717 11_internal_12065 11 134111537 134127094 89 83.2984 1.0001 4.28163 0.317346 0.0964568 0.820896 0.823896
ENSG00000254481.1 11 133994224 133994224 - 4 88857 11_internal_8762 11 133814047 133905367 89 87.4182 0.999932 4.10055 0.000558331 0.344896 0.0149254 0.00256538
ENSG00000255348.1 11 134048719 134048719 + 4 62818 11_internal_12065 11 134111537 134127094 89 87.4877 0.999958 3.93923 0.132551 0.147042 0.422886 0.437549
ENSG00000151502.5 11 134094539 134094539 + 4 315 11_internal_8911 11 134094854 134123052 89 100.716 0.999991 4.19845 0.0912035 0.185735 0.273632 0.270177
ENSG00000151503.7 11 134095348 134095348 - 4 -34287 11_internal_10773 11 134129635 134140975 89 96.2486 1.00002 4.16017 0.151593 -0.150553 0.457711 0.455191
ENSG00000151500.9 11 134123285 134123285 - 4 -6350 11_internal_10773 11 134129635 134140975 89 91.1729 0.999972 4.69636 0.0259006 0.241426 0.134328 0.108432
ENSG00000151498.7 11 134123389 134123389 + 4 6246 11_internal_10773 11 134129635 134140975 89 86.2361 1.00008 3.56965 0.000233352 0.417828 0.00497512 0.00104273
ENSG00000166105.11 11 134144139 134144139 + 4 -3164 11_internal_10773 11 134129635 134140975 89 97.2916 1.00004 4.33363 0.00277424 0.322372 0.00995025 0.00758527
ENSG00000149328.9 11 134201768 134201768 + 4 -60793 11_internal_10773 11 134129635 134140975 89 95.223 0.99994 4.54667 0.458279 0.0733448 0.940299 0.930044
ENSG00000109956.8 11 134281812 134281812 - 4 158760 11_internal_8911 11 134094854 134123052 89 82.6379 0.999945 3.85934 0.244236 0.126824 0.711443 0.690325
