ENSG00000162927.8 2 61245389 61245389 - 5 -409767 2_internal_15061 2 61655156 61664250 89 104.923 0.910144 6.1626 0.0131353 -0.255565 0.0696517 0.0583384
ENSG00000162929.9 2 61293006 61293006 + 5 362150 2_internal_15061 2 61655156 61664250 89 98.4389 0.906385 5.59273 0.0191209 0.263524 0.104478 0.0974152
ENSG00000212978.4 2 61372104 61372104 - 5 -286007 2_internal_14634 2 61658111 61678149 89 79.8566 1.00011 4.29759 0.11852 0.162202 0.477612 0.475271
ENSG00000237651.2 2 61372243 61372243 + 5 282913 2_internal_15061 2 61655156 61664250 89 90.9295 0.999928 5.02923 0.0185436 0.268264 0.114428 0.0840783
ENSG00000173209.17 2 61404553 61404553 + 5 253558 2_internal_14634 2 61658111 61678149 89 105.444 1.00001 5.84052 0.121532 0.160682 0.422886 0.430066
ENSG00000234624.2 2 61644332 61644332 - 4 -576306 2_internal_20669 2 62220638 62639598 89 87.1227 0.999899 4.06424 0.112042 0.171841 0.38806 0.393964
ENSG00000206937.1 2 61644513 61644513 - 4 -13598 2_internal_14634 2 61658111 61678149 89 98.9604 0.999999 3.90337 0.523634 -0.0644579 0.950249 0.933768
ENSG00000115464.10 2 61697904 61697904 - 3 19755 2_internal_14634 2 61658111 61678149 89 97.1178 1.00009 3.27306 0.722496 0.0367817 0.9801 0.982721
ENSG00000082898.12 2 61765761 61765761 - 3 -454877 2_internal_20669 2 62220638 62639598 89 118.69 0.999982 4.09474 0.328626 0.114276 0.691542 0.706852
ENSG00000170264.8 2 62081278 62081278 - 3 -139360 2_internal_20669 2 62220638 62639598 89 94.0932 1.00004 2.80003 0.446303 -0.0845098 0.79602 0.796316
ENSG00000236498.1 2 62095567 62095567 + 3 125071 2_internal_20669 2 62220638 62639598 89 80.8301 0.999972 2.88424 0.35589 -0.101122 0.756219 0.747047
ENSG00000173163.6 2 62115859 62115859 + 3 -437710 2_internal_14634 2 61658111 61678149 89 89.3477 0.999964 3.15184 0.00516971 -0.288453 0.0447761 0.0159347
ENSG00000115484.10 2 62115939 62115939 - 3 -104699 2_internal_20669 2 62220638 62639598 89 86.8967 0.999903 2.9224 0.0804476 -0.194974 0.21393 0.226537
ENSG00000242735.1 2 62373548 62373548 + 3 -709298 2_internal_15061 2 61655156 61664250 89 86.9488 0.999904 2.66346 0.125555 0.1531 0.313433 0.309989
ENSG00000229839.2 2 62374016 62374016 - 3 709766 2_internal_15061 2 61655156 61664250 89 102.002 0.999997 3.48616 0.535981 0.0636784 0.915423 0.915312
ENSG00000170340.10 2 62423248 62423248 + 3 0 2_internal_20669 2 62220638 62639598 89 98.4389 1.00007 3.32192 0.0182686 0.268728 0.0646766 0.042641
ENSG00000266097.1 2 62432961 62432961 + 3 -754812 2_internal_14634 2 61658111 61678149 89 82.4988 1.00002 3.20376 0.160296 -0.153996 0.452736 0.463254
ENSG00000115504.10 2 62900986 62900986 + 1 -261388 2_internal_20669 2 62220638 62639598 89 100.403 1.00006 1.11763 0.365071 0.107266 0.358209 0.367078
ENSG00000226605.1 2 63085573 63085573 - 1 445975 2_internal_20669 2 62220638 62639598 89 96.2834 1.00002 0.996489 0.4647 -0.0744994 0.452736 0.445726
ENSG00000237162.1 2 63167051 63167051 + 1 -527453 2_internal_20669 2 62220638 62639598 89 103.341 1.00006 1.22117 0.808827 0.027432 0.845771 0.854949
ENSG00000231609.1 2 63275775 63275775 - 1 636177 2_internal_20669 2 62220638 62639598 89 81.7166 1.00001 0.997332 0.138657 -0.164848 0.144279 0.15564
ENSG00000242412.1 2 63346677 63346677 - 1 707079 2_internal_20669 2 62220638 62639598 89 106.053 1.00004 1.22902 0.907654 0.0124837 0.925373 0.940394
ENSG00000233716.1 2 63460712 63460712 - 4 -993338 2_internal_19063 2 64454050 64514967 89 91.5205 0.999918 3.70411 0.230785 0.124352 0.626866 0.609642
ENSG00000203415.2 2 63746647 63746647 - 4 -707403 2_internal_19063 2 64454050 64514967 89 84.0807 0.999989 3.19066 0.368253 -0.0834281 0.79602 0.784564
ENSG00000014641.13 2 63815743 63815743 + 4 552696 2_internal_14609 2 64368439 64505955 89 113.771 1.00001 3.95674 0.143013 0.148864 0.348259 0.333683
ENSG00000143951.11 2 64054977 64054977 - 4 -313462 2_internal_14609 2 64368439 64505955 89 79.8566 0.999932 2.96992 0.510972 0.0692729 0.875622 0.896233
ENSG00000169764.10 2 64068074 64068074 + 5 300365 2_internal_14609 2 64368439 64505955 89 93.676 0.999963 4.24799 0.480822 0.0809089 0.920398 0.932299
ENSG00000251775.1 2 64110525 64110525 - 5 -344075 2_internal_14913 2 64454600 64512579 89 88.8783 1.00001 4.24083 0.0686118 0.194254 0.263682 0.260879
ENSG00000143952.13 2 64246567 64246567 - 5 -818173 2_internal_14020 2 65064740 65093218 89 90.0777 1.00006 4.53701 0.245595 -0.126261 0.726368 0.716754
ENSG00000228079.1 2 64315380 64315380 - 5 -53059 2_internal_14609 2 64368439 64505955 89 97.3264 1.00006 4.87554 0.0339365 -0.211064 0.124378 0.122852
ENSG00000225889.2 2 64370373 64370373 + 5 0 2_internal_14609 2 64368439 64505955 89 80.0652 0.999875 4.49609 7.81372e-05 0.411392 0.00497512 0.000810368
ENSG00000197329.6 2 64371588 64371588 - 5 -83012 2_internal_14913 2 64454600 64512579 89 75.9629 0.999883 3.55327 7.43366e-05 0.42896 0.00497512 0.000901731
ENSG00000236148.4 2 64574875 64574875 - 7 -489865 2_internal_14020 2 65064740 65093218 89 107.235 0.940516 7.76177 0.0963429 -0.155503 0.40796 0.44895
ENSG00000119862.7 2 64681103 64681103 + 9 383637 2_internal_14020 2 65064740 65093218 89 88.1656 0.896056 6.91307 0.0500726 0.220079 0.328358 0.353888
ENSG00000260101.1 2 64751227 64751227 - 9 236260 2_internal_19063 2 64454050 64514967 89 100.403 0.914302 9.20356 0.0507563 0.187876 0.338308 0.340021
ENSG00000119844.10 2 64751465 64751465 + 9 829433 2_internal_15977 2 65580898 65588383 89 82.3598 1.07705 8.25275 0.0574231 0.193693 0.39801 0.403565
ENSG00000226756.1 2 64871746 64871746 + 9 192994 2_internal_14020 2 65064740 65093218 89 86.0449 0.912768 7.35339 0.0663727 0.194242 0.447761 0.460907
ENSG00000227791.3 2 64892741 64892741 + 9 -377774 2_internal_19063 2 64454050 64514967 89 103.949 0.893682 11.3146 0.0404662 0.208346 0.333333 0.313732
ENSG00000179833.3 2 64977449 64977449 - 9 -549966 2_internal_17938 2 65527415 65598489 89 86.9314 1.05703 8.5122 0.0332539 -0.243577 0.238806 0.240396
ENSG00000227394.1 2 65187768 65187768 - 10 -941038 2_internal_19933 2 66128806 66417477 89 92.4939 0.925587 8.86714 0.261795 -0.11427 0.925373 0.933532
ENSG00000115902.6 2 65215611 65215611 + 10 -709656 2_internal_14609 2 64368439 64505955 89 100.699 0.91361 10.4681 0.0613545 0.195913 0.41791 0.435122
ENSG00000232613.1 2 65280151 65280151 - 10 186933 2_internal_14020 2 65064740 65093218 89 86.8619 1.02499 9.04646 0.116804 0.152825 0.691542 0.680267
ENSG00000011523.9 2 65283500 65283500 + 10 308876 2_internal_20715 2 65592376 65664439 89 100.646 0.807334 9.46432 0.022287 0.24094 0.238806 0.20826
ENSG00000138069.12 2 65357240 65357240 - 10 -235136 2_internal_20715 2 65592376 65664439 89 89.226 1.02176 9.04676 0.0328366 -0.235128 0.243781 0.249957
ENSG00000172974.10 2 65432137 65432137 + 10 -917170 2_internal_19063 2 64454050 64514967 89 82.0295 1.11827 9.68893 0.0683624 -0.193227 0.532338 0.503218
ENSG00000138071.9 2 65454887 65454887 + 10 -942308 2_internal_14913 2 64454600 64512579 89 90.182 0.860409 8.17755 0.015963 0.23871 0.179104 0.166142
ENSG00000198369.5 2 65659771 65659771 - 7 244642 2_internal_18273 2 65386511 65415129 89 96.6832 1.0317 8.17407 0.119048 -0.166939 0.547264 0.579452
ENSG00000143995.13 2 66660584 66660584 + 3 -996145 2_internal_20715 2 65592376 65664439 89 82.2729 0.999895 2.84421 0.421103 0.0872684 0.80597 0.807149
ENSG00000143971.7 2 67624451 67624451 + 4 723699 2_internal_21656 2 68348150 68501064 89 108.886 0.999934 4.74545 0.231084 0.123332 0.621891 0.62139
ENSG00000197223.7 2 68338080 68338080 - 4 -77073 2_internal_17017 2 68415153 68437207 89 95.0492 1.00001 4.48105 0.00378923 -0.327271 0.0149254 0.0123389
ENSG00000236259.1 2 68352397 68352397 + 4 236782 2_internal_13938 2 68589179 68656155 89 86.0971 1.00005 3.82591 0.0110444 0.271046 0.0447761 0.0467753
ENSG00000243667.2 2 68384692 68384692 - 4 -30461 2_internal_17017 2 68415153 68437207 89 100.108 1.00005 3.89131 0.00879067 0.282229 0.0298507 0.0210058
ENSG00000115946.3 2 68384976 68384976 + 4 0 2_internal_21656 2 68348150 68501064 89 95.9879 1.00007 4.23474 0.156664 -0.150917 0.467662 0.475174
ENSG00000216115.1 2 68457058 68457058 + 8 972763 2_internal_15047 2 69429821 69442548 89 85.0367 1.02119 7.36689 0.10243 -0.170844 0.567164 0.568564
ENSG00000221823.5 2 68488362 68488362 - 8 -427278 2_internal_14842 2 68915640 69065565 89 88.6002 0.996964 7.72818 0.144952 0.160141 0.726368 0.705408
ENSG00000119865.4 2 68547183 68547183 - 8 -41996 2_internal_13938 2 68589179 68656155 89 87.1748 1.01925 7.70831 0.00220688 -0.326567 0.0149254 0.017247
ENSG00000115956.9 2 68592305 68592305 + 8 323335 2_internal_14842 2 68915640 69065565 89 97.2742 0.997767 9.27189 0.201365 -0.134942 0.81592 0.844425
ENSG00000204923.2 2 68694390 68694390 - 8 -221250 2_internal_14842 2 68915640 69065565 89 91.5379 0.930401 6.98374 0.0324671 0.23957 0.253731 0.219882
ENSG00000169621.5 2 68694693 68694693 + 8 708357 2_internal_15812 2 69403050 69500862 89 79.5785 1.06708 7.5568 0.174019 -0.150428 0.791045 0.794864
ENSG00000214525.4 2 68756584 68756584 - 8 -632247 2_internal_13498 2 69388831 69405954 89 99.6383 0.990542 9.82688 0.0639388 -0.196008 0.41791 0.399825
ENSG00000163219.7 2 68906733 68906733 + 9 482098 2_internal_13498 2 69388831 69405954 89 94.7885 1.09115 10.671 0.0336727 -0.216524 0.263682 0.227117
ENSG00000237576.1 2 69059176 69059176 + 10 932035 2_internal_17597 2 69991211 70032371 89 88.7393 1.04161 10.2429 0.0488362 0.210348 0.40796 0.383904
ENSG00000228329.1 2 69064324 69064324 - 10 -365497 2_internal_15047 2 69429821 69442548 89 84.7238 1.05024 9.23473 0.257615 -0.126776 0.950249 0.939948
ENSG00000198380.7 2 69614382 69614382 - 18 958227 2_internal_13938 2 68589179 68656155 89 86.0797 1.10874 17.4677 0.057711 -0.190059 0.636816 0.630104
ENSG00000169599.8 2 69664760 69664760 - 17 222212 2_internal_15047 2 69429821 69442548 89 96.0053 0.985121 21.3389 0.00039802 -0.351012 0.00497512 0.00542813
ENSG00000188971.2 2 69693664 69693664 - 18 -780064 2_internal_13527 2 70473728 70521874 89 110.972 0.83526 22.7182 0.0724011 0.185555 0.701493 0.71481
ENSG00000244236.2 2 69743883 69743883 + 20 406124 2_internal_13808 2 70150007 70302010 89 79.6828 1.06501 16.0325 0.0251885 0.245906 0.393035 0.397267
ENSG00000207016.1 2 69747306 69747306 - 20 -485491 2_internal_14644 2 70232797 70258450 89 85.2801 0.954831 15.9638 0.0435224 -0.231123 0.542289 0.566331
ENSG00000232228.1 2 69822190 69822190 - 20 -298045 2_internal_17507 2 70120235 70131269 89 87.1574 0.986453 18.982 0.0593558 -0.19362 0.716418 0.70874
ENSG00000229948.2 2 69824485 69824485 + 20 398192 2_internal_14361 2 70222677 70313975 89 92.859 0.934178 19.2037 0.00532358 -0.300113 0.0895522 0.0983733
ENSG00000234198.2 2 69871557 69871557 + 20 307419 2_internal_15729 2 70178976 70239356 89 92.3027 0.916304 19.4237 0.0294509 0.236179 0.472637 0.449129
ENSG00000115977.13 2 69901481 69901481 - 20 -89730 2_internal_17597 2 69991211 70032371 89 82.7596 1.04489 15.7445 0.00713753 0.270218 0.124378 0.125539
ENSG00000196975.9 2 69947923 69947923 + 20 43288 2_internal_17597 2 69991211 70032371 89 81.5254 1.16169 19.592 0.0234297 0.253763 0.39801 0.376857
ENSG00000087338.3 2 70056774 70056774 + 21 93233 2_internal_13808 2 70150007 70302010 89 84.5152 1.19398 23.4749 0.107686 -0.164395 0.910448 0.924858
ENSG00000124380.6 2 70120692 70120692 + 21 -88321 2_internal_17597 2 69991211 70032371 89 76.9711 1.14979 17.8919 0.00939086 0.273556 0.19403 0.189807
ENSG00000059728.6 2 70124820 70124820 + 21 74930 2_internal_13334 2 70199750 70278622 89 99.308 0.888939 24.8109 0.110265 0.171527 0.915423 0.92436
ENSG00000268328.1 2 70129841 70129841 - 21 -102956 2_internal_14644 2 70232797 70258450 89 84.8977 1.07441 19.4794 0.0473789 -0.210478 0.636816 0.622085
ENSG00000238465.1 2 70139827 70139827 + 21 -107456 2_internal_17597 2 69991211 70032371 89 98.8561 0.938051 23.4441 0.001846 0.325599 0.0298507 0.0307396
ENSG00000244617.1 2 70189397 70189397 - 21 -43400 2_internal_14644 2 70232797 70258450 89 80.3955 1.1321 20.2939 0.0477762 0.197838 0.676617 0.666607
ENSG00000169564.5 2 70314585 70314585 + 21 678894 2_internal_15123 2 70993479 71056821 89 93.8324 1.05911 21.192 0.192646 -0.139016 0.975124 0.983545
ENSG00000179818.7 2 70315978 70315978 - 21 2003 2_internal_14361 2 70222677 70313975 89 107.009 1.01677 31.3284 0.0277098 0.230696 0.412935 0.383528
ENSG00000233060.1 2 70316853 70316853 + 21 419371 2_internal_16820 2 70736224 70782321 89 88.8436 1.01641 20.8207 0.034702 -0.231765 0.522388 0.514632
ENSG00000226505.1 2 70330352 70330352 - 21 90996 2_internal_15729 2 70178976 70239356 89 83.5418 0.985572 16.9876 0.0560187 -0.192228 0.656716 0.681528
ENSG00000115998.3 2 70475747 70475747 - 19 -517732 2_internal_15123 2 70993479 71056821 89 94.9275 0.840457 16.6505 0.0673652 0.195167 0.671642 0.70268
ENSG00000116001.11 2 70475792 70475792 - 19 103918 2_internal_13443 2 70138643 70371874 89 83.959 1.10358 17.9225 0.0261085 0.229183 0.41791 0.380517
ENSG00000231414.1 2 70481142 70481142 - 19 -200604 2_internal_13968 2 70681746 70703398 89 83.8373 0.974025 15.5844 0.033772 -0.229016 0.467662 0.478089
ENSG00000116005.7 2 70484518 70484518 + 19 -112644 2_internal_13443 2 70138643 70371874 89 92.5113 0.957009 16.6728 0.0411325 -0.233495 0.512438 0.490409
ENSG00000143977.9 2 70520903 70520903 - 18 488532 2_internal_17597 2 69991211 70032371 89 81.143 1.02655 14.5305 0.0148366 0.267009 0.263682 0.243544
ENSG00000233849.1 2 70528583 70528583 + 18 584925 2_internal_13783 2 71113508 71129318 89 103.08 1.05322 20.5882 0.105323 -0.171868 0.825871 0.81112
ENSG00000035141.3 2 70529222 70529222 - 18 993922 2_internal_13365 2 69386903 69535300 89 110.242 0.826574 21.1199 0.111918 0.166485 0.855721 0.859948
ENSG00000163235.11 2 70781325 70781325 - 21 0 2_internal_16820 2 70736224 70782321 89 88.1135 1.05514 21.3139 0.000654427 0.34306 0.00995025 0.0114227
ENSG00000075340.16 2 70995357 70995357 - 20 623483 2_internal_13443 2 70138643 70371874 89 84.55 0.892886 15.1404 0.00674459 0.300864 0.164179 0.154126
ENSG00000144031.7 2 71205510 71205510 + 19 -926888 2_internal_13334 2 70199750 70278622 89 89.8691 0.877475 18.1012 0.0155034 0.261772 0.268657 0.295983
ENSG00000228384.3 2 71221573 71221573 + 19 503510 2_internal_13399 2 71725083 71867796 89 71.9996 1.09656 13.3055 0.0265736 0.252459 0.432836 0.422513
ENSG00000258881.1 2 71221879 71221879 - 19 919869 2_internal_13808 2 70150007 70302010 89 74.3637 1.01684 12.7179 0.107703 0.160805 0.870647 0.852992
ENSG00000144043.7 2 71222075 71222075 - 19 958455 2_internal_16010 2 70255259 70263620 89 88.3916 1.00078 18.5025 0.0445984 -0.223182 0.587065 0.575842
ENSG00000124357.7 2 71291474 71291474 + 15 -951719 2_internal_16061 2 70215858 70339755 89 82.69 1.00759 12.4741 0.0918328 -0.184035 0.756219 0.744191
ENSG00000124370.6 2 71357369 71357369 - 12 835495 2_internal_13527 2 70473728 70521874 89 76.2063 0.972013 9.19487 0.018333 0.247317 0.248756 0.249919
ENSG00000124383.3 2 71357444 71357444 + 12 -300623 2_internal_15123 2 70993479 71056821 89 93.4326 1.01051 13.0719 0.137929 -0.173609 0.820896 0.83163
ENSG00000124374.8 2 71454213 71454213 - 11 324895 2_internal_13783 2 71113508 71129318 89 85.3496 1.04569 9.36931 0.125069 0.182373 0.721393 0.722314
ENSG00000075292.13 2 71503691 71503691 + 11 221392 2_internal_13399 2 71725083 71867796 89 95.449 0.986061 11.5256 0.114845 -0.186614 0.706468 0.717212
ENSG00000200779.1 2 71606988 71606988 - 10 -502546 2_internal_18829 2 72109534 72469646 89 93.8498 0.925639 9.51879 0.167866 -0.148151 0.791045 0.822783
ENSG00000233971.1 2 72211564 72211564 - 6 473505 2_internal_15471 2 71723359 71738059 89 92.8416 0.959389 6.3151 0.246845 0.113756 0.820896 0.828748
ENSG00000228568.1 2 72515914 72515914 + 6 -777987 2_internal_20204 2 71674793 71737927 89 100.073 1.00399 7.46016 0.0349798 -0.193504 0.19403 0.172654
ENSG00000144036.10 2 73053170 73053170 - 3 -814132 2_internal_14330 2 73867302 73944932 89 92.0768 0.999975 3.16936 0.168685 -0.154921 0.427861 0.427728
ENSG00000135638.8 2 73143176 73143176 + 4 0 2_internal_14259 2 73141870 73152149 89 89.8518 0.999969 4.08014 0.127352 -0.154451 0.40796 0.421519
ENSG00000144040.8 2 73302747 73302747 - 5 -993802 2_internal_19268 2 74296549 74305833 89 75.4066 0.999913 4.0915 0.442218 -0.0830111 0.930348 0.930911
ENSG00000135631.11 2 73383849 73383849 - 5 -912700 2_internal_19268 2 74296549 74305833 89 91.6422 0.999969 4.55751 0.583524 -0.0557906 0.9801 0.980388
ENSG00000135632.7 2 73441350 73441350 + 5 -971704 2_internal_18829 2 72109534 72469646 89 78.918 0.999953 4.02985 0.068815 0.200653 0.298507 0.306269
ENSG00000135617.3 2 73460366 73460366 - 5 990720 2_internal_18829 2 72109534 72469646 89 79.2135 1.00003 4.30472 0.13671 0.157102 0.507463 0.529032
ENSG00000135624.10 2 73460548 73460548 + 5 836001 2_internal_19268 2 74296549 74305833 89 93.5021 0.922015 5.7761 0.0992256 -0.180331 0.412935 0.461085
ENSG00000163013.6 2 73511559 73511559 - 4 -355743 2_internal_14330 2 73867302 73944932 89 84.4457 0.999995 4.15673 0.158285 -0.145909 0.527363 0.537729
ENSG00000116127.13 2 73612886 73612886 + 4 254416 2_internal_14330 2 73867302 73944932 89 100.855 0.999987 4.84934 0.0736937 0.18048 0.258706 0.247077
ENSG00000230002.2 2 73683891 73683891 + 6 -531742 2_internal_14259 2 73141870 73152149 89 90.5297 1.00133 6.21964 0.00882498 -0.267344 0.0447761 0.0500513
ENSG00000144035.3 2 73869520 73869520 - 7 717371 2_internal_14259 2 73141870 73152149 89 83.959 0.948216 5.90032 0.040024 -0.198695 0.243781 0.265449
ENSG00000163016.5 2 73872046 73872046 + 7 -719897 2_internal_14259 2 73141870 73152149 89 72.608 1.00009 5.38959 0.41595 -0.0840446 0.955224 0.964867
ENSG00000144034.10 2 73964527 73964527 - 8 -332022 2_internal_19268 2 74296549 74305833 89 91.0859 1.05848 9.07171 0.0796763 0.169981 0.522388 0.486174
ENSG00000144048.6 2 74007284 74007284 - 9 -912216 2_internal_21991 2 74919500 75189342 89 82.6031 1.01912 8.57453 0.106421 -0.169306 0.656716 0.658162
ENSG00000124356.11 2 74056086 74056086 + 9 927164 2_internal_15544 2 74983250 75046040 89 88.8957 0.997889 9.08149 0.000661584 -0.35014 0.0248756 0.0061064
ENSG00000114956.15 2 74153953 74153953 + 8 765547 2_internal_21991 2 74919500 75189342 89 88.8088 1.01335 7.72724 0.00030666 0.396157 0.00497512 0.00220647
ENSG00000237883.1 2 74208568 74208568 - 8 -710932 2_internal_21991 2 74919500 75189342 89 91.8682 0.978856 8.30965 0.0539396 0.206117 0.38806 0.358066
ENSG00000235499.1 2 74212259 74212259 + 8 -145198 2_internal_14313 2 74054594 74067061 89 102.002 0.915347 9.11099 0.117496 -0.143238 0.61194 0.628802
ENSG00000255989.1 2 74213653 74213653 + 8 769597 2_internal_15544 2 74983250 75046040 89 86.3926 1.00745 7.97015 0.0739293 0.16321 0.517413 0.474484
ENSG00000187605.10 2 74229840 74229840 + 8 66709 2_internal_19268 2 74296549 74305833 89 100.577 1.00096 10.5887 0.00018057 0.410876 0.00497512 0.000717711
ENSG00000257800.1 2 74347807 74347807 + 8 -402875 2_internal_14330 2 73867302 73944932 89 88.8436 0.979473 7.81345 0.051431 -0.196654 0.318408 0.348734
ENSG00000163170.7 2 74375121 74375121 - 8 -306232 2_internal_18769 2 74681353 74711998 89 103.202 0.868884 9.20903 0.143428 0.156113 0.721393 0.725719
ENSG00000225439.2 2 74375136 74375136 + 8 -308075 2_internal_14313 2 74054594 74067061 89 99.5514 0.969622 9.91537 0.0236503 0.230542 0.189055 0.164183
ENSG00000114978.12 2 74406025 74406025 - 8 -275608 2_internal_14144 2 74681633 74700887 89 85.4887 1.0565 9.23033 0.341908 0.10358 0.9801 0.979582
ENSG00000065911.7 2 74425689 74425689 + 8 255944 2_internal_14144 2 74681633 74700887 89 93.8324 1.02861 9.00588 0.113687 -0.175008 0.636816 0.617282
ENSG00000229798.1 2 74535135 74535135 - 9 -146498 2_internal_14144 2 74681633 74700887 89 103.567 0.923827 9.77505 0.201249 0.139203 0.820896 0.85224
ENSG00000188687.11 2 74570541 74570541 - 9 -348959 2_internal_21991 2 74919500 75189342 89 85.3844 1.14552 9.441 0.185827 -0.14121 0.855721 0.840964
ENSG00000234632.1 2 74577196 74577196 + 9 -632264 2_internal_14330 2 73867302 73944932 89 86.8098 1.04561 8.55509 0.213226 0.128701 0.885572 0.870631
ENSG00000225658.1 2 74578261 74578261 + 9 -511200 2_internal_14313 2 74054594 74067061 89 85.1236 0.995575 7.92313 0.156301 0.16584 0.746269 0.763305
ENSG00000264324.1 2 74590504 74590504 - 9 -328996 2_internal_21991 2 74919500 75189342 89 85.6625 0.997751 7.90613 0.269127 -0.114095 0.905473 0.92444
ENSG00000237737.1 2 74612613 74612613 + 9 68740 2_internal_18769 2 74681353 74711998 89 91.6248 0.969409 9.99352 0.0140395 0.256393 0.139303 0.129165
ENSG00000204843.8 2 74619214 74619214 - 9 313381 2_internal_19268 2 74296549 74305833 89 77.3709 1.00486 7.07437 0.070005 -0.20198 0.497512 0.489715
ENSG00000233155.1 2 74645569 74645569 - 9 339736 2_internal_19268 2 74296549 74305833 89 88.0092 0.963973 9.1434 0.130209 -0.158124 0.731343 0.739453
ENSG00000159239.7 2 74648718 74648718 - 9 342885 2_internal_19268 2 74296549 74305833 89 91.4857 1.05886 9.76293 0.0670591 -0.20153 0.437811 0.444789
ENSG00000005448.12 2 74648805 74648805 + 9 -342972 2_internal_19268 2 74296549 74305833 89 88.4959 1.02875 9.50515 0.0868941 -0.162593 0.547264 0.569945
ENSG00000114993.11 2 74669549 74669549 - 9 -105635 2_internal_14358 2 74775184 74815300 89 92.407 1.01826 10.7657 0.47632 0.07798 1 0.99883
ENSG00000115274.10 2 74682150 74682150 + 9 -737218 2_internal_14330 2 73867302 73944932 89 100.89 0.942066 9.58708 0.0367505 0.212513 0.223881 0.248745
ENSG00000239779.2 2 74685456 74685456 + 9 -740524 2_internal_14330 2 73867302 73944932 89 79.509 1.15135 8.64363 0.018843 0.226966 0.164179 0.154626
ENSG00000115275.7 2 74692537 74692537 - 9 -226963 2_internal_21991 2 74919500 75189342 89 95.901 1.03027 9.79182 0.143499 -0.155422 0.736318 0.730616
ENSG00000204822.6 2 74700449 74700449 - 9 0 2_internal_18769 2 74681353 74711998 89 104.123 0.947509 10.6809 0.162711 -0.148475 0.791045 0.792374
ENSG00000115282.15 2 74710200 74710200 + 9 273050 2_internal_15544 2 74983250 75046040 89 89.9561 1.13365 9.45697 0.193656 -0.137698 0.855721 0.837205
ENSG00000135637.9 2 74710535 74710535 - 9 404702 2_internal_19268 2 74296549 74305833 89 85.3844 1.01601 7.90809 0.0463353 -0.208333 0.313433 0.33183
ENSG00000258821.1 2 74726494 74726494 - 9 659433 2_internal_14313 2 74054594 74067061 89 74.7113 1.1553 7.63401 0.192476 0.126702 0.835821 0.835266
ENSG00000257702.1 2 74729722 74729722 + 9 -662661 2_internal_14313 2 74054594 74067061 89 81.873 1.09334 9.20643 0.0775987 0.17438 0.557214 0.542571
ENSG00000179528.10 2 74732192 74732192 - 9 -42992 2_internal_14358 2 74775184 74815300 89 85.8711 1.10893 8.88701 0.0332289 0.216178 0.248756 0.23657
ENSG00000115289.8 2 74735707 74735707 - 9 23709 2_internal_18769 2 74681353 74711998 89 88.7219 0.982347 8.18437 0.225405 -0.116001 0.890547 0.88064
ENSG00000144045.9 2 74753463 74753463 - 9 -21721 2_internal_14358 2 74775184 74815300 89 82.6727 1.04482 7.62634 0.0332891 -0.230881 0.248756 0.250204
ENSG00000115317.7 2 74756504 74756504 + 9 669719 2_internal_18339 2 75426223 75788387 89 80.917 1.05109 8.12886 0.443376 -0.0804599 0.99005 0.993125
ENSG00000115307.12 2 74757066 74757066 - 9 812134 2_internal_14330 2 73867302 73944932 89 81.8209 0.937239 7.6888 0.241864 -0.121616 0.905473 0.912716
ENSG00000115325.9 2 74776153 74776153 + 9 -831221 2_internal_14330 2 73867302 73944932 89 90.3211 0.959282 7.8516 0.118833 -0.149738 0.626866 0.637557
ENSG00000115318.7 2 74782817 74782817 - 9 837885 2_internal_14330 2 73867302 73944932 89 95.8314 0.908292 8.98502 0.123649 0.167946 0.691542 0.686153
ENSG00000159374.13 2 74875465 74875465 - 9 174578 2_internal_14144 2 74681633 74700887 89 86.2883 1.07302 9.99482 0.0601969 0.1977 0.447761 0.45153
ENSG00000135622.8 2 74881355 74881355 + 9 -66055 2_internal_14358 2 74775184 74815300 89 107.6 0.965601 10.7784 0.122556 -0.161008 0.621891 0.649732
ENSG00000224646.2 2 74981946 74981946 - 8 0 2_internal_21991 2 74919500 75189342 89 94.9449 1.02436 9.89713 0.180712 -0.141563 0.840796 0.829635
ENSG00000159399.4 2 75061108 75061108 + 8 0 2_internal_21991 2 74919500 75189342 89 86.5316 1.01306 7.63549 7.08675e-05 0.41051 0.00497512 0.000617878
ENSG00000115350.7 2 75185619 75185619 + 7 0 2_internal_21991 2 74919500 75189342 89 90.7383 0.944661 7.07968 0.00104612 0.349309 0.0149254 0.00886541
ENSG00000115353.5 2 75426826 75426826 - 6 237484 2_internal_21991 2 74919500 75189342 89 104.853 0.84938 6.58637 0.137474 0.158096 0.59204 0.594915
ENSG00000115364.9 2 75873909 75873909 + 3 -684567 2_internal_21991 2 74919500 75189342 89 101.237 1 3.30798 0.695333 0.0396189 0.9801 0.97598
ENSG00000226247.1 2 75878753 75878753 - 3 689411 2_internal_21991 2 74919500 75189342 89 87.8701 0.999937 2.57226 0.457495 -0.0756411 0.79602 0.795437
ENSG00000005436.9 2 75938115 75938115 - 3 149728 2_internal_18339 2 75426223 75788387 89 85.5756 1.00009 2.75447 0.344502 0.105722 0.676617 0.699866
ENSG00000200488.1 2 76672536 76672536 - 1 884149 2_internal_18339 2 75426223 75788387 89 81.0387 1.00007 0.93998 0.705565 -0.0411487 0.676617 0.696259
ENSG00000163541.7 2 84687169 84687169 - 6 -21295 2_internal_14563 2 84708464 84725610 89 115.804 0.756355 7.50775 0.0552901 0.206673 0.288557 0.310378
ENSG00000115423.13 2 84743579 84743579 + 6 884649 2_internal_14620 2 85628228 85826998 89 91.9725 1.00239 6.52196 0.126003 0.168757 0.577114 0.56394
ENSG00000259056.1 2 84977893 84977893 + 8 567354 2_internal_17206 2 85545247 85618759 89 97.0309 0.995882 7.97068 0.106281 -0.174498 0.517413 0.537034
ENSG00000235847.2 2 85005347 85005347 - 8 -159631 2_internal_19755 2 85164978 85174671 89 82.4293 0.935686 7.20477 0.307128 -0.101917 0.950249 0.947835
ENSG00000213400.3 2 85101820 85101820 + 9 772617 2_internal_20188 2 85874437 86034518 89 89.6084 0.939676 8.10609 0.0494233 -0.195335 0.373134 0.361162
ENSG00000034510.4 2 85132749 85132749 + 10 -407139 2_internal_14563 2 84708464 84725610 89 91.8334 1.00945 11.0161 0.0645608 -0.21267 0.527363 0.492327
ENSG00000186854.6 2 85134132 85134132 - 10 -920254 2_internal_17874 2 86054386 86083860 89 87.2617 1.0205 8.70397 0.0766613 -0.175672 0.527363 0.504868
ENSG00000213399.2 2 85142910 85142910 + 10 959121 2_internal_19120 2 86102031 86229228 89 95.5012 1.05847 11.3148 0.0749269 -0.195548 0.512438 0.506044
ENSG00000176407.12 2 85198216 85198216 + 10 -472606 2_internal_14563 2 84708464 84725610 89 86.3578 0.925514 8.79122 0.0474902 0.205242 0.393035 0.404583
ENSG00000260840.1 2 85294470 85294470 - 12 -965391 2_internal_14765 2 86259861 86300542 89 97.4133 0.898066 13.2873 0.218234 0.137174 0.965174 0.955763
ENSG00000152284.4 2 85360533 85360533 + 12 741498 2_internal_19120 2 86102031 86229228 89 93.5891 0.923213 9.50968 0.0347149 -0.23312 0.283582 0.288476
ENSG00000246575.2 2 85542164 85542164 + 11 -816554 2_internal_14563 2 84708464 84725610 89 99.6904 0.926489 11.6316 0.0349142 -0.240292 0.293532 0.293296
ENSG00000152291.9 2 85555548 85555548 - 11 -265701 2_internal_14139 2 85821249 85845054 89 95.2752 1.06918 11.5027 0.0218643 0.214113 0.174129 0.160967
ENSG00000115459.12 2 85581517 85581517 + 11 -406846 2_internal_19755 2 85164978 85174671 89 91.4336 0.94062 9.63162 0.236537 0.11613 0.925373 0.927355
ENSG00000042445.9 2 85581743 85581743 - 11 -46485 2_internal_14620 2 85628228 85826998 89 92.5461 1.01636 11.6374 0.00922044 0.26335 0.079602 0.0844479
ENSG00000202382.1 2 85594708 85594708 + 11 648484 2_internal_13559 2 86243192 86270608 89 92.7547 0.990668 10.8601 0.147389 0.146403 0.78607 0.805938
ENSG00000242095.2 2 85595405 85595405 + 11 647787 2_internal_13559 2 86243192 86270608 89 110.12 0.889396 13.399 0.110505 0.157586 0.696517 0.696767
ENSG00000042493.10 2 85645555 85645555 - 11 0 2_internal_14620 2 85628228 85826998 89 80.8301 0.933614 7.76811 0.000339394 0.407266 0.0199005 0.00722311
ENSG00000152292.11 2 85645844 85645844 + 11 597348 2_internal_13559 2 86243192 86270608 89 89.7475 1.09563 11.0802 0.255482 -0.115082 0.960199 0.953494
ENSG00000168906.8 2 85766288 85766288 + 11 108149 2_internal_20188 2 85874437 86034518 89 91.3119 0.881334 10.2101 0.120307 0.161141 0.751244 0.756731
ENSG00000115486.6 2 85788670 85788670 - 11 0 2_internal_14620 2 85628228 85826998 89 91.7639 1.05225 11.3503 0.00634738 -0.280504 0.0547264 0.0521396
ENSG00000118640.6 2 85788685 85788685 + 11 -169926 2_internal_17206 2 85545247 85618759 89 97.309 0.806761 9.98384 0.0129829 0.262108 0.154229 0.15147
ENSG00000168899.4 2 85811531 85811531 + 11 0 2_internal_14620 2 85628228 85826998 89 96.04 0.957924 10.8495 0.0245391 0.251836 0.21393 0.208761
ENSG00000168894.5 2 85822848 85822848 + 11 -42883 2_internal_18947 2 85654183 85779965 89 85.4887 0.940488 8.88398 0.120417 -0.152563 0.706468 0.725511
ENSG00000168883.14 2 85829979 85829979 + 11 0 2_internal_14139 2 85821249 85845054 89 85.1932 1.04357 9.91375 0.012582 0.261529 0.119403 0.122809
ENSG00000168890.9 2 85830319 85830319 - 11 -271712 2_internal_19120 2 86102031 86229228 89 83.2811 1.03784 9.38803 0.170701 -0.154146 0.825871 0.845373
ENSG00000168887.6 2 85839189 85839189 - 11 59224 2_internal_18947 2 85654183 85779965 89 84.7412 0.942072 9.54227 0.226309 -0.121744 0.930348 0.932266
ENSG00000168878.11 2 85895864 85895864 - 12 -206167 2_internal_19120 2 86102031 86229228 89 87.8354 1.00329 11.3438 0.0568988 0.198347 0.477612 0.494105
ENSG00000115523.12 2 85912298 85912298 + 12 0 2_internal_20188 2 85874437 86034518 89 85.367 1.13352 12.5905 0.000476257 0.362607 0.00995025 0.00386829
ENSG00000115525.12 2 86116137 86116137 - 12 0 2_internal_19120 2 86102031 86229228 89 76.241 0.991064 9.52648 1.50715e-11 0.629865 0.00497512 4.90472e-09
