ENSG00000260774.1 5 217394 217394 - 3 0 5_internal_9354 5 214848 275882 89 90.5818 0.999914 2.83521 0.0168807 0.240187 0.0696517 0.0445161
ENSG00000164366.2 5 218330 218330 - 3 0 5_internal_9354 5 214848 275882 89 103.723 0.999946 3.4525 0.0317928 0.215365 0.0497512 0.0687307
ENSG00000073578.11 5 218356 218356 + 3 0 5_internal_9354 5 214848 275882 89 99.8816 0.999978 3.11854 0.0500699 0.225926 0.124378 0.113416
ENSG00000248925.1 5 271631 271631 - 3 0 5_internal_9354 5 214848 275882 89 75.9455 0.999933 2.54043 0.637389 -0.0508846 0.930348 0.93711
ENSG00000249915.2 5 271736 271736 + 3 0 5_internal_9354 5 214848 275882 89 83.0898 0.999906 2.71804 0.0027668 -0.305069 0.0199005 0.0104119
ENSG00000250848.1 5 290436 290436 - 3 -236414 5_internal_8934 5 526850 545563 89 79.0918 1.00011 2.58248 0.154929 -0.146771 0.41791 0.401198
ENSG00000063438.12 5 304291 304291 + 3 -28409 5_internal_9354 5 214848 275882 89 88.183 1.00008 2.68603 0.0576426 -0.192874 0.109453 0.15021
ENSG00000221990.2 5 443258 443258 - 3 0 5_internal_12144 5 320522 449583 89 106.47 1.00003 3.72789 0.746453 -0.0338385 0.995025 0.991706
ENSG00000180104.10 5 443273 443273 + 3 -167391 5_internal_9354 5 214848 275882 89 92.3375 0.999992 3.0161 0.122535 -0.165768 0.328358 0.309869
ENSG00000188242.3 5 473213 473213 - 4 197331 5_internal_9354 5 214848 275882 89 106.244 0.999968 5.01645 0.0279456 -0.248657 0.114428 0.0790325
ENSG00000225138.2 5 478238 478238 + 4 48612 5_internal_8934 5 526850 545563 89 85.6973 0.999928 4.01004 0.00192174 0.319131 0.00995025 0.00934332
ENSG00000066230.6 5 524447 524447 - 5 -2403 5_internal_8934 5 526850 545563 89 82.777 1.00001 4.33633 0.00726562 0.275748 0.0348259 0.0411514
ENSG00000112877.6 5 612387 612387 + 6 -66824 5_internal_8934 5 526850 545563 89 84.6369 1.00008 5.32579 0.0116979 0.258904 0.0845771 0.0721378
ENSG00000268885.1 5 667759 667759 + 6 -122196 5_internal_8934 5 526850 545563 89 91.8334 0.930089 5.75921 0.0197701 0.255585 0.129353 0.118615
ENSG00000171368.10 5 693510 693510 - 6 243927 5_internal_12144 5 320522 449583 89 98.5084 0.963923 5.84567 0.292144 0.117553 0.850746 0.846292
ENSG00000206077.6 5 767067 767067 - 6 -795881 5_internal_9736 5 1562948 1634759 89 105.044 0.878275 7.23915 0.0420219 0.221692 0.253731 0.23007
ENSG00000188818.8 5 851101 851101 - 6 -617019 5_internal_11317 5 1468120 1518458 89 86.2709 0.999958 4.79642 0.261384 0.115662 0.761194 0.777339
ENSG00000071539.9 5 892758 892758 + 6 -347195 5_internal_8934 5 526850 545563 89 89 1.01223 6.48763 0.0776703 0.203815 0.412935 0.402482
ENSG00000028310.13 5 892939 892939 - 6 -595782 5_internal_8236 5 1488721 1525430 89 97.8479 1.12525 7.20437 0.271349 0.110921 0.855721 0.847476
ENSG00000113504.14 5 1112150 1112150 - 6 836268 5_internal_9354 5 214848 275882 89 84.1676 1.00005 5.22414 0.175644 0.154155 0.646766 0.662871
ENSG00000164362.14 5 1295184 1295184 - 5 -267764 5_internal_9736 5 1562948 1634759 89 92.5635 0.999993 4.97865 0.0506987 -0.211014 0.21393 0.210091
ENSG00000049656.9 5 1345214 1345214 - 5 -143507 5_internal_8236 5 1488721 1525430 89 82.9682 1.00005 4.4858 0.0783656 0.169951 0.378109 0.34261
ENSG00000153395.5 5 1524092 1524092 - 4 5634 5_internal_11317 5 1468120 1518458 89 74.468 0.999938 3.37839 4.87225e-07 0.481321 0.00497512 1.42995e-05
ENSG00000185986.10 5 1594735 1594735 - 3 69305 5_internal_8236 5 1488721 1525430 89 109.529 0.999967 3.39443 0.00218051 -0.323668 0.00995025 0.00227466
ENSG00000248126.1 5 1598242 1598242 + 3 0 5_internal_9736 5 1562948 1634759 89 85.2105 1.0001 2.79992 0.0130566 -0.254191 0.0447761 0.0418602
ENSG00000232615.4 5 1614951 1614951 + 3 -96493 5_internal_11317 5 1468120 1518458 89 84.1676 0.999899 2.49765 0.0472081 0.206799 0.109453 0.128739
ENSG00000188002.6 5 1634120 1634120 - 3 115662 5_internal_11317 5 1468120 1518458 89 91.4336 0.999998 3.02953 0.399795 -0.094159 0.776119 0.780054
ENSG00000171421.7 5 1801480 1801480 - 3 283022 5_internal_11317 5 1468120 1518458 89 92.5113 1.00005 3.06632 0.155131 -0.143248 0.39801 0.386233
ENSG00000145494.7 5 1801514 1801514 + 3 -166755 5_internal_9736 5 1562948 1634759 89 93.9715 0.999903 3.31781 0.646974 0.0511184 0.970149 0.965623
ENSG00000145536.11 5 5140443 5140443 + 0 NA NA NA NA NA NA NA NA NA NA NA NA NA
ENSG00000164151.7 5 5420777 5420777 + 0 NA NA NA NA NA NA NA NA NA NA NA NA NA
ENSG00000250490.1 5 6339997 6339997 - 3 -445864 5_internal_9082 5 6785861 6791782 89 91.3467 0.999985 3.21315 0.154365 -0.1423 0.383085 0.404567
ENSG00000133398.3 5 6378707 6378707 - 3 -407154 5_internal_9082 5 6785861 6791782 89 80.7953 0.999977 2.7749 0.160431 0.152987 0.39801 0.425848
ENSG00000037474.10 5 6633404 6633404 - 3 0 5_internal_13080 5 6606677 6646732 89 91.9203 0.999995 2.67406 0.027002 0.233694 0.0895522 0.0644275
ENSG00000145545.7 5 6633456 6633456 + 3 0 5_internal_13080 5 6606677 6646732 89 87.4355 0.999994 2.92445 0.409061 0.0840788 0.781095 0.789677
ENSG00000248677.1 5 6707824 6707824 - 3 61092 5_internal_13080 5 6606677 6646732 89 101.637 0.999954 3.20031 0.116597 0.159362 0.258706 0.269464
ENSG00000112941.8 5 6714718 6714718 + 3 -67986 5_internal_13080 5 6606677 6646732 89 74.0682 1.00013 3.03703 0.139616 -0.151247 0.467662 0.448601
ENSG00000200243.1 5 6848575 6848575 - 3 201843 5_internal_13080 5 6606677 6646732 89 90.4602 1.00007 3.2192 0.0590567 0.191047 0.159204 0.172145
ENSG00000124275.10 5 7851299 7851299 + 0 NA NA NA NA NA NA NA NA NA NA NA NA NA
ENSG00000124279.7 5 7869150 7869150 - 0 NA NA NA NA NA NA NA NA NA NA NA NA NA
ENSG00000247516.2 5 8457606 8457606 + 0 NA NA NA NA NA NA NA NA NA NA NA NA NA
ENSG00000112902.7 5 9546187 9546187 - 2 -717400 5_internal_9180 5 10263587 10276574 89 80.2217 1.0001 1.82667 0.296504 0.099918 0.522388 0.50794
ENSG00000250786.1 5 9546312 9546312 + 2 890467 5_internal_13649 5 10436779 10637533 89 81.5775 1.00007 1.85273 0.896223 -0.0116541 0.995025 0.986129
ENSG00000260515.1 5 10197740 10197740 - 5 -65847 5_internal_9180 5 10263587 10276574 89 80.8301 1.00011 4.20623 0.165062 0.132031 0.562189 0.579079
ENSG00000150756.8 5 10250009 10250009 - 5 -13578 5_internal_9180 5 10263587 10276574 89 78.4313 0.999967 4.35068 0.437197 -0.0896361 0.915423 0.934725
ENSG00000150753.7 5 10250033 10250033 + 5 493234 5_internal_10701 5 10743267 10747983 89 88.4437 1.04528 6.12026 0.0552873 0.201341 0.308458 0.277984
ENSG00000164237.4 5 10308138 10308138 - 5 -653677 5_internal_11445 5 10961815 10977704 89 103.254 0.956924 5.72685 0.291048 -0.104723 0.835821 0.82592
ENSG00000259802.1 5 10353713 10353713 - 5 77139 5_internal_9180 5 10263587 10276574 89 103.097 1.01114 7.1323 0.148896 -0.153978 0.58209 0.593935
ENSG00000145495.9 5 10353815 10353815 + 5 -77241 5_internal_9180 5 10263587 10276574 89 80.2912 1.00011 4.01775 0.394359 0.0866147 0.895522 0.886862
ENSG00000145491.7 5 10441636 10441636 + 5 -165062 5_internal_9180 5 10263587 10276574 89 89.9213 0.999902 5.16287 0.197576 0.134732 0.696517 0.674264
ENSG00000112977.11 5 10761384 10761384 - 5 13401 5_internal_10701 5 10743267 10747983 89 84.5326 1.00002 4.6713 0.00300903 0.308216 0.0447761 0.0178129
ENSG00000038382.13 5 14143811 14143811 + 4 0 5_internal_10243 5 14143804 14210957 89 99.9686 1.00005 4.14315 0.0144106 0.254651 0.0447761 0.0387099
ENSG00000145569.4 5 14581884 14581884 + 4 0 5_internal_13792 5 14542644 14602154 89 85.2627 0.999962 3.7137 0.000237031 0.386639 0.00497512 0.00119327
ENSG00000248791.1 5 14620129 14620129 + 4 -266943 5_internal_9693 5 14325273 14353186 89 85.5756 0.999976 3.79567 0.426001 0.0829048 0.890547 0.885565
ENSG00000250182.2 5 14653438 14653438 - 4 442481 5_internal_10243 5 14143804 14210957 89 100.942 0.999963 4.3046 0.190095 0.147645 0.537313 0.534499
ENSG00000261360.1 5 14664713 14664713 - 4 451116 5_internal_9927 5 14129022 14213597 89 91.5727 0.999994 3.98488 0.00838516 0.273097 0.0298507 0.029519
ENSG00000154124.4 5 14664773 14664773 + 4 -311587 5_internal_9693 5 14325273 14353186 89 84.8629 0.999894 4.10277 0.230418 0.13823 0.666667 0.678543
ENSG00000249485.1 5 14798509 14798509 - 4 584912 5_internal_9927 5 14129022 14213597 89 88.4785 0.99996 3.79416 0.0525875 -0.209851 0.189055 0.187622
ENSG00000264792.1 5 14826121 14826121 - 4 223967 5_internal_13792 5 14542644 14602154 89 105.67 0.999986 5.00342 0.0383505 0.201246 0.0945274 0.114285
ENSG00000154122.8 5 14871887 14871887 - 4 269733 5_internal_13792 5 14542644 14602154 89 93.7107 0.999999 4.15014 0.0900819 0.170707 0.288557 0.298718
ENSG00000249928.2 5 14874820 14874820 - 4 663863 5_internal_10243 5 14143804 14210957 89 102.037 0.999952 4.71152 0.108084 0.176891 0.353234 0.342764
ENSG00000248150.1 5 16440190 16440190 - 8 -990895 5_internal_9459 5 17431085 17457733 89 95.675 0.942713 8.2406 0.185588 -0.133379 0.800995 0.800895
ENSG00000173545.4 5 16465901 16465901 - 8 0 5_internal_12438 5 16463585 16620040 89 94.3018 0.990516 8.00694 0.0237073 -0.224414 0.149254 0.151702
ENSG00000246214.1 5 16616035 16616035 + 8 0 5_internal_8479 5 16615697 16631784 89 75.9455 1.11088 7.71399 1.12785e-13 0.634049 0.00497512 3.8174e-12
ENSG00000154153.9 5 16617167 16617167 - 8 0 5_internal_12438 5 16463585 16620040 89 80.1695 1.07288 7.25595 2.67003e-17 0.725648 0.00497512 6.56419e-16
ENSG00000250415.1 5 16617334 16617334 + 8 0 5_internal_8479 5 16615697 16631784 89 92.5287 0.973952 8.9112 2.5637e-06 0.505249 0.00497512 1.94819e-05
ENSG00000145555.10 5 16936372 16936372 - 9 304588 5_internal_8479 5 16615697 16631784 89 94.5277 0.92259 8.31003 0.000168666 0.345771 0.00995025 0.00155221
ENSG00000176788.6 5 17217669 17217669 + 9 -585885 5_internal_8479 5 16615697 16631784 89 90.1299 1.04212 9.15364 0.0339177 0.224062 0.278607 0.245392
ENSG00000223361.5 5 17354733 17354733 - 9 163652 5_internal_9752 5 16727646 17191081 89 87.0531 1.0953 8.83551 0.0599722 -0.193136 0.393035 0.392899
ENSG00000248693.1 5 18746282 18746282 - 2 0 5_internal_8970 5 18736432 18747484 89 98.491 0.999984 1.97656 0.0959663 0.176143 0.159204 0.151624
ENSG00000214132.4 5 20305557 20305557 - 0 NA NA NA NA NA NA NA NA NA NA NA NA NA
ENSG00000183666.11 5 21341942 21341942 + 0 NA NA NA NA NA NA NA NA NA NA NA NA NA
ENSG00000233974.3 5 21484120 21484120 - 0 NA NA NA NA NA NA NA NA NA NA NA NA NA
ENSG00000203563.1 5 21493692 21493692 + 0 NA NA NA NA NA NA NA NA NA NA NA NA NA
ENSG00000213430.5 5 21882694 21882694 + 0 NA NA NA NA NA NA NA NA NA NA NA NA NA
ENSG00000248874.1 5 23951457 23951457 + 0 NA NA NA NA NA NA NA NA NA NA NA NA NA
ENSG00000226432.3 5 24170479 24170479 + 0 NA NA NA NA NA NA NA NA NA NA NA NA NA
ENSG00000251593.1 5 25909612 25909612 + 0 NA NA NA NA NA NA NA NA NA NA NA NA NA
ENSG00000113360.12 5 31532303 31532303 - 6 -612461 5_internal_12853 5 32144764 32173799 89 99.3949 0.981979 6.40434 0.0141179 -0.26304 0.079602 0.0626204
ENSG00000082213.13 5 31532373 31532373 + 6 487612 5_internal_9144 5 32019985 32028981 89 72.7818 1.00002 5.02742 0.0307419 -0.229961 0.199005 0.230912
ENSG00000133401.11 5 31639517 31639517 + 6 380468 5_internal_9144 5 32019985 32028981 89 91.6422 1.00169 6.62278 0.187728 0.136884 0.706468 0.733522
ENSG00000250764.1 5 32122047 32122047 - 6 -882 5_internal_9789 5 32122929 32134215 89 83.9416 0.999959 5.23012 0.0564003 -0.187363 0.303483 0.292207
ENSG00000113384.8 5 32174456 32174456 - 6 673728 5_internal_9545 5 31153242 31500728 89 98.8039 0.933583 6.80621 0.00200122 0.307925 0.0149254 0.0108051
ENSG00000150712.6 5 32313115 32313115 - 6 812387 5_internal_9545 5 31153242 31500728 89 88.4959 0.982617 6.66099 0.355111 -0.101976 0.945274 0.948504
ENSG00000222961.1 5 32379573 32379573 - 6 -118449 5_internal_13045 5 32498022 32599229 89 81.4037 0.999986 5.20769 0.0656498 -0.198253 0.328358 0.346357
ENSG00000207956.1 5 32394581 32394581 - 6 -103441 5_internal_13045 5 32498022 32599229 89 112.137 0.969857 8.33017 0.0846483 0.18843 0.338308 0.377798
ENSG00000056097.11 5 32444867 32444867 - 6 271068 5_internal_12853 5 32144764 32173799 89 93.2936 0.955589 5.73456 0.0744021 -0.193741 0.353234 0.351677
ENSG00000113387.7 5 32531739 32531739 + 5 0 5_internal_13045 5 32498022 32599229 89 101.307 0.999962 5.76733 0.00130864 0.353683 0.00497512 0.0034734
ENSG00000113389.11 5 32689176 32689176 + 5 -660195 5_internal_9144 5 32019985 32028981 89 86.0102 1.00003 4.65649 0.357384 0.103537 0.875622 0.879879
ENSG00000181495.1 5 32788945 32788945 + 5 -759964 5_internal_9144 5 32019985 32028981 89 88.2352 0.999995 4.89027 0.340404 0.108363 0.855721 0.871335
ENSG00000240376.1 5 33162285 33162285 + 5 773807 5_internal_11098 5 33936092 34009897 89 103.063 0.999904 5.69744 0.126585 0.151722 0.442786 0.451565
ENSG00000249572.1 5 33440725 33440725 - 4 -741902 5_internal_10663 5 34182627 34194227 89 86.2883 0.999911 3.93062 0.411467 0.0886905 0.905473 0.881473
ENSG00000113407.9 5 33440802 33440802 + 4 741825 5_internal_10663 5 34182627 34194227 89 82.5684 0.999989 3.60748 0.160735 0.146542 0.507463 0.504338
ENSG00000164175.10 5 33984835 33984835 - 3 -197792 5_internal_10663 5 34182627 34194227 89 105.114 1.00001 3.84474 0.395546 0.0889477 0.825871 0.815429
ENSG00000250767.1 5 33997829 33997829 - 3 0 5_internal_11850 5 33997135 34062773 89 81.3689 0.999978 2.67139 0.304874 -0.102525 0.686567 0.652393
ENSG00000242110.3 5 34008220 34008220 - 3 -174407 5_internal_10663 5 34182627 34194227 89 84.0111 0.999996 2.51914 0.149427 -0.132646 0.393035 0.358188
ENSG00000082196.15 5 34124633 34124633 - 3 -57994 5_internal_10663 5 34182627 34194227 89 76.4496 0.999919 2.86601 0.00599618 -0.288712 0.0298507 0.0309478
ENSG00000215156.4 5 34190138 34190138 + 3 0 5_internal_10663 5 34182627 34194227 89 82.5162 0.99991 2.39319 1.50666e-23 0.84076 0.00497512 1.4636e-21
ENSG00000215158.5 5 34244901 34244901 - 4 50674 5_internal_10663 5 34182627 34194227 89 100.09 0.999929 4.758 3.4103e-08 -0.571613 0.00497512 2.27956e-08
ENSG00000039560.9 5 34656342 34656342 + 5 -593569 5_internal_11850 5 33997135 34062773 89 85.7842 1.00003 5.06116 0.024689 0.241008 0.154229 0.131392
ENSG00000205838.8 5 34838938 34838938 + 5 388204 5_internal_12061 5 35227142 35519056 89 84.8803 0.999914 5.28537 0.0200499 -0.231637 0.119403 0.116551
ENSG00000113460.8 5 34915481 34915481 + 5 -721254 5_internal_10663 5 34182627 34194227 89 72.7992 1.00013 4.15183 0.15637 0.135485 0.60199 0.60431
ENSG00000113456.14 5 34919094 34919094 - 5 -308048 5_internal_12061 5 35227142 35519056 89 92.042 1.00011 5.07123 0.119212 -0.17505 0.452736 0.45571
ENSG00000168724.10 5 34929698 34929698 + 5 452945 5_internal_9521 5 35382643 35431716 89 79.8566 0.999926 4.49959 0.0230546 -0.236637 0.159204 0.133755
ENSG00000152582.8 5 35617946 35617946 + 4 -98890 5_internal_12061 5 35227142 35519056 89 93.5195 1.00008 3.92122 0.0229469 0.250953 0.104478 0.0751041
ENSG00000248969.1 5 35827120 35827120 - 5 308064 5_internal_12061 5 35227142 35519056 89 94.4408 0.999984 5.30218 0.00887619 0.262032 0.0547264 0.0366522
ENSG00000168685.10 5 35852797 35852797 + 5 -333741 5_internal_12061 5 35227142 35519056 89 84.185 0.999972 4.93633 0.0251007 0.235987 0.144279 0.136981
ENSG00000164187.6 5 36152063 36152063 - 6 77563 5_internal_11014 5 36034639 36074500 89 92.3027 1.0499 7.26685 0.000673448 0.365134 0.00995025 0.00288388
ENSG00000145604.11 5 36152091 36152091 + 6 -633035 5_internal_12061 5 35227142 35519056 89 94.1105 0.995706 5.82282 0.373163 -0.0958979 0.945274 0.925947
ENSG00000245711.2 5 36221157 36221157 + 6 889174 5_internal_8985 5 37110331 37199051 89 83.4027 0.99996 5.39247 0.212444 -0.125293 0.761194 0.75143
ENSG00000152620.8 5 36242381 36242381 - 6 -412000 5_internal_8990 5 36654381 36687593 89 103.271 0.976751 6.88892 0.121208 0.17516 0.502488 0.507702
ENSG00000079215.8 5 36606457 36606457 + 6 47924 5_internal_8990 5 36654381 36687593 89 85.2453 1.00004 5.30502 0.0746521 0.183457 0.368159 0.361493
ENSG00000250155.1 5 36725297 36725297 - 6 -385034 5_internal_8985 5 37110331 37199051 89 105.096 0.920149 6.97853 0.367793 0.104875 0.955224 0.945462
ENSG00000248044.1 5 36876759 36876759 - 6 -616246 5_internal_9325 5 37493005 37772153 89 92.7721 0.897138 5.51529 0.088265 -0.199187 0.402985 0.424939
ENSG00000164190.11 5 36876861 36876861 + 6 676088 5_internal_12562 5 37552949 37778469 89 101.55 0.963955 6.56691 0.320667 -0.112103 0.905473 0.899059
ENSG00000249850.1 5 36885308 36885308 + 6 225023 5_internal_8985 5 37110331 37199051 89 78.9527 1.00014 5.29987 0.0960813 0.190721 0.487562 0.483273
ENSG00000244073.1 5 37085158 37085158 + 5 -397565 5_internal_8990 5 36654381 36687593 89 104.784 0.881046 5.53296 0.210969 0.128213 0.711443 0.700145
ENSG00000228212.1 5 37209466 37209466 + 5 343483 5_internal_12562 5 37552949 37778469 89 80.0305 1.00008 4.52987 0.31963 -0.111663 0.875622 0.853352
ENSG00000197603.8 5 37249530 37249530 - 5 561937 5_internal_8990 5 36654381 36687593 89 90.6687 1.04457 5.88611 0.173749 -0.140843 0.681592 0.648486
ENSG00000251880.1 5 37327237 37327237 + 5 -128186 5_internal_8985 5 37110331 37199051 89 83.8199 1.00011 4.53499 0.124666 -0.157055 0.467662 0.485315
ENSG00000113569.11 5 37371283 37371283 - 5 996039 5_internal_10299 5 36273123 36375244 89 84.3414 0.99993 4.79647 0.0201116 0.253193 0.0995025 0.108611
ENSG00000082068.4 5 37379314 37379314 + 4 -691721 5_internal_8990 5 36654381 36687593 89 85.2453 1.00011 3.54343 0.0979258 -0.176761 0.333333 0.325878
ENSG00000248216.1 5 37506959 37506959 - 4 0 5_internal_9325 5 37493005 37772153 89 84.0633 1.0001 4.10303 0.353187 0.0997413 0.840796 0.846787
ENSG00000222743.1 5 37620190 37620190 - 4 0 5_internal_9325 5 37493005 37772153 89 86.1492 1.00011 4.06502 0.420049 -0.0856825 0.885572 0.896484
ENSG00000206743.1 5 37700539 37700539 - 3 0 5_internal_12562 5 37552949 37778469 89 78.7094 1.00001 2.81143 0.0525275 -0.207322 0.223881 0.180522
ENSG00000145623.8 5 38845960 38845960 + 3 289070 5_internal_11659 5 39135030 39226751 89 85.141 0.999966 3.03708 0.188639 -0.138409 0.507463 0.489471
ENSG00000249089.1 5 39022513 39022513 + 4 112517 5_internal_11659 5 39135030 39226751 89 77.8402 0.99994 3.67257 0.0431082 -0.215953 0.228856 0.199069
ENSG00000164327.8 5 39074510 39074510 - 4 -60520 5_internal_11659 5 39135030 39226751 89 86.8098 1.00009 4.02173 0.0228369 -0.250862 0.109453 0.0952501
ENSG00000269215.1 5 39105358 39105358 + 4 29672 5_internal_11659 5 39135030 39226751 89 78.9006 0.999963 3.85173 0.356784 0.104265 0.850746 0.846988
ENSG00000251215.1 5 39170437 39170437 - 4 -774727 5_internal_10405 5 39945164 40026325 89 85.8711 1.00007 3.8352 0.151221 -0.149398 0.492537 0.484413
ENSG00000082074.11 5 39274630 39274630 - 4 -380387 5_internal_8652 5 39655017 39662187 89 97.0482 1.00001 4.51878 0.322154 -0.105924 0.800995 0.801869
ENSG00000199552.1 5 40655065 40655065 + 9 0 5_internal_9331 5 40647876 40691290 89 87.0531 1.05985 8.94176 0.000147106 0.421319 0.00497512 0.00103239
ENSG00000171522.5 5 40679600 40679600 + 8 -265247 5_internal_8454 5 40382676 40414353 89 110.937 0.923026 9.41699 0.000391429 0.381799 0.00995025 0.00126259
ENSG00000113638.8 5 40756077 40756077 - 8 729752 5_internal_10405 5 39945164 40026325 89 93.5543 0.925493 7.09254 0.033773 -0.234635 0.233831 0.221221
ENSG00000212567.1 5 40790306 40790306 - 8 360018 5_internal_10158 5 40396681 40430288 89 95.5533 0.951392 7.39123 0.000938474 0.336006 0.00995025 0.00591853
ENSG00000132356.7 5 40798476 40798476 - 8 368188 5_internal_10158 5 40396681 40430288 89 89.452 0.933277 7.01742 0.00510182 0.285781 0.0547264 0.0441424
ENSG00000212296.1 5 40832837 40832837 - 8 32649 5_internal_9140 5 40778076 40800188 89 85.9928 0.92204 6.23451 0.13733 0.159468 0.651741 0.653351
ENSG00000145592.9 5 40835437 40835437 - 8 35249 5_internal_9140 5 40778076 40800188 89 90.4602 1.02981 6.93689 0.106323 0.17979 0.537313 0.517915
ENSG00000132357.9 5 40841286 40841286 + 8 -211908 5_internal_8932 5 40614706 40629378 89 94.2322 0.802528 6.2515 0.182097 0.142885 0.736318 0.75964
ENSG00000248668.1 5 41870132 41870132 + 1 720332 5_internal_8959 5 42590464 42622751 89 92.9633 0.999969 0.918282 0.664815 -0.0455336 0.651741 0.626528
ENSG00000083720.8 5 41870621 41870621 - 1 -719843 5_internal_8959 5 42590464 42622751 89 89.5215 0.99996 1.18989 0.871209 -0.0174609 0.900498 0.912431
ENSG00000205765.4 5 41904290 41904290 + 1 686174 5_internal_8959 5 42590464 42622751 89 113.336 1 1.16402 0.633839 0.0501108 0.656716 0.646466
ENSG00000151876.8 5 41925356 41925356 + 2 999076 5_internal_9320 5 42924432 42944712 89 94.1627 0.999914 2.1119 0.573824 -0.0631067 0.825871 0.825825
ENSG00000198865.5 5 42756903 42756903 + 6 230095 5_internal_12286 5 42986998 43071209 89 91.5031 0.921405 6.07073 0.184059 -0.135758 0.696517 0.724049
ENSG00000250722.1 5 42887494 42887494 - 6 -99504 5_internal_12286 5 42986998 43071209 89 81.8209 0.999909 4.95042 0.273693 -0.111903 0.810945 0.821642
ENSG00000249516.1 5 42917516 42917516 + 6 75842 5_internal_8753 5 42993358 43066483 89 85.2105 1.02407 6.06545 0.0647099 0.189275 0.358209 0.348125
ENSG00000250711.1 5 42972726 42972726 + 6 14272 5_internal_12286 5 42986998 43071209 89 95.3273 0.982971 6.73045 0.179718 -0.130926 0.701493 0.708772
ENSG00000251131.1 5 43018531 43018531 + 6 0 5_internal_12286 5 42986998 43071209 89 85.0889 0.999898 5.04929 0.0284251 0.229144 0.159204 0.152191
ENSG00000215068.3 5 43041677 43041677 + 6 0 5_internal_8753 5 42993358 43066483 89 85.1236 0.999935 5.36248 0.0589335 -0.21908 0.313433 0.301702
ENSG00000177721.3 5 43043272 43043272 - 6 0 5_internal_12286 5 42986998 43071209 89 94.267 1.04556 6.80498 0.0170175 0.248542 0.0945274 0.0809866
ENSG00000172262.6 5 43065278 43065278 + 6 0 5_internal_8263 5 42948692 43068784 89 75.4066 0.999954 4.637 0.11296 0.165208 0.517413 0.515787
ENSG00000177738.3 5 43067521 43067521 - 6 0 5_internal_12286 5 42986998 43071209 89 86.2014 0.999913 5.10977 0.0518698 0.216901 0.288557 0.253978
ENSG00000177453.3 5 43192173 43192173 + 6 -247461 5_internal_9320 5 42924432 42944712 89 93.1197 1.07543 6.87863 0.0373998 0.220668 0.18408 0.179807
ENSG00000261604.1 5 43287703 43287703 + 6 -236452 5_internal_9760 5 43028639 43051251 89 100.49 0.963136 6.66603 0.0579946 0.206041 0.303483 0.274694
ENSG00000112972.10 5 43313614 43313614 - 6 244830 5_internal_8263 5 42948692 43068784 89 87.0357 1.00009 5.46574 0.0712166 0.178552 0.383085 0.344718
ENSG00000151882.7 5 43412493 43412493 - 6 361242 5_internal_9760 5 43028639 43051251 89 97.3264 0.983213 6.33211 0.0946814 0.185334 0.427861 0.419946
ENSG00000151881.10 5 43483995 43483995 - 6 417512 5_internal_8753 5 42993358 43066483 89 90.3732 0.976055 5.6851 0.303062 0.111505 0.870647 0.872297
ENSG00000249492.1 5 43484061 43484061 + 6 -415277 5_internal_8263 5 42948692 43068784 89 81.8383 1.0575 6.07198 0.000243267 -0.358773 0.00497512 0.00183888
ENSG00000249855.1 5 43496556 43496556 - 6 425347 5_internal_12286 5 42986998 43071209 89 84.1154 1.05074 6.19616 0.18937 0.145712 0.741294 0.736994
ENSG00000248554.1 5 43511160 43511160 + 6 -459909 5_internal_9760 5 43028639 43051251 89 91.0512 0.993328 5.99432 0.0347621 -0.231798 0.19403 0.183257
ENSG00000172244.3 5 43515247 43515247 - 6 892496 5_internal_8959 5 42590464 42622751 89 88.0787 0.979585 5.50113 0.00299298 0.28124 0.0199005 0.0188035
ENSG00000248240.1 5 43515376 43515376 + 6 -444167 5_internal_12286 5 42986998 43071209 89 81.2299 0.994415 5.39814 0.0396816 0.225182 0.268657 0.241792
ENSG00000172239.9 5 43557860 43557860 - 6 935109 5_internal_8959 5 42590464 42622751 89 93.45 0.999986 6.19194 0.363262 -0.100349 0.935323 0.931534
ENSG00000249286.1 5 43588325 43588325 - 6 519541 5_internal_8263 5 42948692 43068784 89 94.6668 1.03197 6.33006 0.0499636 0.189291 0.21393 0.23076
ENSG00000112992.11 5 43602795 43602795 + 6 -980044 5_internal_8959 5 42590464 42622751 89 90.2168 1.00007 5.42298 0.0614558 0.195354 0.313433 0.283781
ENSG00000248092.2 5 43603332 43603332 - 6 552081 5_internal_9760 5 43028639 43051251 89 99.3428 1.09284 8.11739 0.130017 -0.168205 0.587065 0.571467
ENSG00000224993.2 5 43667334 43667334 - 5 722622 5_internal_9320 5 42924432 42944712 89 87.0184 0.999977 5.2984 0.116871 -0.168478 0.477612 0.495228
ENSG00000251141.1 5 44808879 44808879 - 0 NA NA NA NA NA NA NA NA NA NA NA NA NA
ENSG00000112996.5 5 44809027 44809027 + 0 NA NA NA NA NA NA NA NA NA NA NA NA NA
ENSG00000170571.6 5 49739082 49739082 - 6 -110209 5_internal_9924 5 49849291 49887632 89 91.7812 1.00426 5.85653 1.55562e-05 0.441431 0.00497512 6.4207e-05
ENSG00000151883.11 5 49961733 49961733 + 6 -74101 5_internal_9924 5 49849291 49887632 89 82.3945 0.999908 4.25031 0.000383345 0.361303 0.00497512 0.00269772
ENSG00000249405.1 5 50155854 50155854 - 6 108076 5_internal_10980 5 49808083 50047778 89 85.2453 1 5.48803 0.312202 0.109105 0.875622 0.882144
ENSG00000213949.3 5 52083730 52083730 + 3 0 5_internal_12227 5 52019730 52406397 89 102.02 0.999974 3.32097 7.17446e-05 0.3779 0.00497512 7.02417e-05
ENSG00000152684.10 5 52083774 52083774 + 3 0 5_internal_10309 5 52068576 52303126 89 104.749 0.999966 3.244 0.196922 0.136332 0.437811 0.434996
ENSG00000164171.5 5 52285156 52285156 + 3 689124 5_internal_9435 5 52974280 53027524 89 91.1902 0.999962 3.30859 0.0577026 -0.206353 0.179104 0.169823
ENSG00000247796.2 5 52405672 52405672 + 3 0 5_internal_12227 5 52019730 52406397 89 102.906 0.999937 3.24537 0.230856 0.138217 0.477612 0.510272
ENSG00000164172.14 5 52405893 52405893 - 3 102767 5_internal_10309 5 52068576 52303126 89 87.14 0.999914 3.05322 0.033512 0.21766 0.114428 0.104305
ENSG00000134363.6 5 52776239 52776239 + 3 -369842 5_internal_12227 5 52019730 52406397 89 76.6756 1.00007 2.57728 0.222724 -0.133488 0.562189 0.536459
ENSG00000164258.7 5 52856463 52856463 + 6 -450066 5_internal_12227 5 52019730 52406397 89 88.9305 1.0552 6.52826 0.169605 0.156523 0.681592 0.683442
ENSG00000238508.1 5 52905417 52905417 + 8 68863 5_internal_9435 5 52974280 53027524 89 88.8609 1.02548 8.34584 0.0268415 -0.233187 0.18408 0.194259
ENSG00000250854.1 5 52968075 52968075 - 12 -845011 5_internal_11046 5 53813086 54041750 89 76.9016 1.09188 9.33734 0.10698 0.171911 0.721393 0.708591
ENSG00000222960.1 5 53207953 53207953 - 14 -731342 5_internal_9244 5 53939295 54042703 89 89.2607 1.0842 14.6623 0.15765 0.149228 0.900498 0.906109
ENSG00000241230.2 5 53344138 53344138 - 13 -525202 5_internal_8834 5 53869340 53879061 89 92.0246 0.975057 13.6157 0.00642785 -0.299285 0.0845771 0.0790544
ENSG00000185305.5 5 53606412 53606412 - 13 -238592 5_internal_9491 5 53845004 53922898 89 82.777 1.09498 10.3379 0.11096 0.176813 0.716418 0.714822
ENSG00000178996.8 5 53813589 53813589 + 13 125706 5_internal_9244 5 53939295 54042703 89 87.4877 1.09107 13.1951 0.00105815 0.353379 0.0199005 0.0100806
ENSG00000164283.8 5 54318499 54318499 - 12 -203387 5_internal_8732 5 54521886 54530709 89 91.1555 0.991573 10.8544 0.0973362 0.172234 0.656716 0.658223
ENSG00000113088.5 5 54320081 54320081 + 12 -441020 5_internal_8834 5 53869340 53879061 89 92.3201 1.03375 11.3459 0.00614814 -0.282059 0.0497512 0.0520948
ENSG00000240535.3 5 54330098 54330098 - 12 304153 5_internal_10117 5 53948620 54025945 89 93.9715 0.895374 10.8358 0.00824134 -0.283536 0.109453 0.095086
ENSG00000249454.1 5 54368843 54368843 + 12 153043 5_internal_8732 5 54521886 54530709 89 95.31 1.05652 14.4773 0.0723081 0.183973 0.61194 0.585107
ENSG00000145649.7 5 54398476 54398476 + 12 -356726 5_internal_11046 5 53813086 54041750 89 92.0246 1.02934 12.446 0.00500418 0.289742 0.0547264 0.0474998
ENSG00000251307.1 5 54529762 54529762 + 13 -479883 5_internal_10224 5 54032903 54049879 89 90.999 1.00143 12.6687 0.0146317 0.277378 0.159204 0.158306
ENSG00000067248.5 5 54603550 54603550 - 13 680397 5_internal_8526 5 53909766 53923153 89 81.143 1.02374 10.1815 0.0386769 -0.220509 0.393035 0.385496
ENSG00000039123.11 5 54603588 54603588 + 13 -553709 5_internal_10224 5 54032903 54049879 89 100.664 0.817256 13.028 0.0266465 0.255129 0.303483 0.299306
ENSG00000250853.1 5 54826529 54826529 - 14 -651577 5_internal_9261 5 55478106 55499255 89 94.1975 0.932995 16.0698 0.0900427 -0.188968 0.776119 0.76581
ENSG00000067113.12 5 54830878 54830878 - 14 804933 5_internal_10117 5 53948620 54025945 89 94.2322 0.857932 12.8912 0.0943157 0.189717 0.716418 0.736806
ENSG00000177058.7 5 55069022 55069022 - 7 -770874 5_internal_9189 5 55839896 55847283 89 83.8721 1.03928 6.09477 0.154321 0.158935 0.651741 0.656321
ENSG00000262211.1 5 55231971 55231971 + 7 613135 5_internal_9509 5 55845106 55905197 89 85.9754 1.05293 6.28523 0.590045 -0.0539713 1 0.99629
ENSG00000264281.2 5 55240458 55240458 + 7 -709749 5_internal_8732 5 54521886 54530709 89 87.6963 1.01595 6.37158 0.229794 0.122437 0.810945 0.811822
ENSG00000134352.15 5 55290821 55290821 - 7 -737964 5_internal_9442 5 56028785 56154923 89 106.209 0.906506 6.63708 0.412168 0.085575 0.965174 0.960722
ENSG00000227908.3 5 55290995 55290995 + 7 662483 5_internal_8404 5 55953478 55990300 89 80.8648 0.980297 5.88031 0.00878304 0.290332 0.0945274 0.0757133
ENSG00000249236.1 5 55354877 55354877 + 7 123229 5_internal_9261 5 55478106 55499255 89 95.4838 0.964681 5.68882 0.0150835 0.253497 0.0845771 0.0727586
ENSG00000253032.1 5 55421498 55421498 + 7 56608 5_internal_9261 5 55478106 55499255 89 97.2742 0.958149 6.48981 0.210142 0.117094 0.751244 0.758836
ENSG00000243592.1 5 55432806 55432806 + 7 407090 5_internal_9189 5 55839896 55847283 89 89.0174 0.999902 5.7385 0.144872 -0.143194 0.587065 0.59259
ENSG00000164512.12 5 55529186 55529186 - 7 29931 5_internal_9261 5 55478106 55499255 89 90.9816 0.999897 5.36763 0.0205536 0.228529 0.134328 0.0987938
ENSG00000267982.1 5 55762524 55762524 - 6 -190954 5_internal_8404 5 55953478 55990300 89 81.8557 1.00008 4.7625 0.00441144 0.270827 0.0248756 0.0298132
ENSG00000248727.1 5 55777773 55777773 - 6 -175705 5_internal_8404 5 55953478 55990300 89 88.4785 1 4.75579 2.10882e-12 0.687736 0.00497512 1.16321e-11
ENSG00000226221.1 5 55800899 55800899 - 6 -152579 5_internal_8404 5 55953478 55990300 89 96.0227 0.999969 5.10333 0.123185 -0.16114 0.447761 0.445944
ENSG00000095015.5 5 56111401 56111401 + 6 -121101 5_internal_8404 5 55953478 55990300 89 81.7861 1.00008 4.76177 6.55421e-14 0.704696 0.00497512 3.2028e-12
ENSG00000238717.1 5 56152975 56152975 + 6 -162675 5_internal_8404 5 55953478 55990300 89 85.5061 0.999976 4.75386 7.24203e-09 0.617028 0.00497512 6.79558e-08
ENSG00000237705.1 5 56157991 56157991 - 6 167691 5_internal_8404 5 55953478 55990300 89 90.2689 1.00003 4.89695 1.08316e-12 0.649665 0.00497512 3.66076e-12
ENSG00000155542.6 5 56205087 56205087 + 6 -214787 5_internal_8404 5 55953478 55990300 89 99.2559 1.00006 5.415 0.00125708 0.331172 0.00497512 0.00354539
ENSG00000225230.1 5 56206541 56206541 - 6 216241 5_internal_8404 5 55953478 55990300 89 85.6277 1.00009 5.41559 0.105318 0.16792 0.467662 0.47499
ENSG00000235635.1 5 56237134 56237134 + 6 -252105 5_internal_13676 5 55642481 55985029 89 84.7586 1.00008 4.56151 0.12518 -0.15554 0.512438 0.482823
ENSG00000155545.14 5 56267502 56267502 - 6 420219 5_internal_9189 5 55839896 55847283 89 81.9078 1.00004 4.98112 0.182785 0.131595 0.686567 0.673663
ENSG00000062194.10 5 56469775 56469775 + 6 -484746 5_internal_13676 5 55642481 55985029 89 130.84 1.00007 8.1443 0.337524 0.0916705 0.905473 0.898019
ENSG00000145632.10 5 57756087 57756087 - 6 -8995 5_internal_9577 5 57765082 57774377 89 98.2998 0.878869 6.25142 0.111802 0.178669 0.502488 0.521047
ENSG00000175857.4 5 57787262 57787262 + 6 0 5_internal_8283 5 57784572 57843159 89 85.1236 0.999934 5.1001 0.0266361 0.242157 0.164179 0.144711
ENSG00000247345.2 5 58335588 58335588 + 8 316236 5_internal_9017 5 58651824 59559768 89 88.8957 1.13814 8.77073 0.0226177 -0.227307 0.119403 0.137239
ENSG00000113448.12 5 59817947 59817947 - 10 -913729 5_internal_10804 5 60731676 60752025 89 84.4979 1.03027 9.95187 0.212411 0.135609 0.920398 0.916178
ENSG00000035499.8 5 59996017 59996017 - 10 -706732 5_internal_9554 5 60702749 60764333 89 83.2811 0.973901 9.84701 0.288637 0.118899 0.99005 0.973478
ENSG00000164181.9 5 60140216 60140216 - 10 577523 5_internal_12827 5 58817010 59562693 89 80.0305 0.98977 8.40513 0.0835329 -0.202754 0.59204 0.595396
ENSG00000215032.2 5 60189404 60189404 - 10 833657 5_internal_11821 5 58454400 59355747 89 81.6645 0.969024 8.52965 0.0590021 0.192323 0.492537 0.47904
ENSG00000233847.1 5 60213317 60213317 + 10 395822 5_internal_11368 5 60609139 60626899 89 96.4051 0.944451 11.1795 0.0766926 -0.189401 0.542289 0.55619
ENSG00000049167.9 5 60240900 60240900 - 10 -388572 5_internal_9209 5 60629472 60711173 89 94.858 0.973133 11.058 0.0871231 -0.158924 0.597015 0.601067
ENSG00000164182.6 5 60240956 60240956 + 10 -681188 5_internal_9017 5 58651824 59559768 89 93.1371 0.89017 11.7306 0.0281193 -0.225903 0.308458 0.304927
ENSG00000251279.1 5 60457897 60457897 + 9 151242 5_internal_11368 5 60609139 60626899 89 89.3998 1.05539 9.91929 0.0789433 0.191746 0.552239 0.529742
ENSG00000188725.3 5 60458301 60458301 - 9 895608 5_internal_12827 5 58817010 59562693 89 86.9314 0.995903 9.10664 0.205274 0.138162 0.875622 0.884744
ENSG00000130449.5 5 60628100 60628100 + 4 -1201 5_internal_11368 5 60609139 60626899 89 106.261 1.00003 4.9917 0.0779738 -0.182507 0.273632 0.242032
ENSG00000251682.1 5 60642953 60642953 + 4 -16054 5_internal_11368 5 60609139 60626899 89 78.1531 1.00001 3.90466 0.165491 0.149402 0.542289 0.569029
ENSG00000250461.1 5 60670939 60670939 + 4 31810 5_internal_9554 5 60702749 60764333 89 76.1367 1.00004 3.54313 0.28224 -0.121519 0.751244 0.745214
ENSG00000213891.3 5 60687698 60687698 - 4 60799 5_internal_11368 5 60609139 60626899 89 69.3053 1.00011 3.26274 0.23476 -0.130686 0.706468 0.679993
ENSG00000068796.11 5 61601989 61601989 + 5 199801 5_internal_12726 5 61801790 62079696 89 98.943 1.00002 5.23809 0.00739299 -0.292489 0.0447761 0.0245122
ENSG00000086189.5 5 61699766 61699766 - 4 935433 5_internal_9554 5 60702749 60764333 89 96.6484 1.00008 4.56375 0.0867785 -0.191369 0.318408 0.296731
ENSG00000086200.11 5 61699799 61699799 + 4 101991 5_internal_12726 5 61801790 62079696 89 87.5051 0.999936 4.04612 0.712185 0.0427971 1 0.993732
ENSG00000241991.1 5 61858043 61858043 - 1 0 5_internal_12726 5 61801790 62079696 89 80.3086 0.999945 0.933025 0.787835 0.0286962 0.756219 0.775466
ENSG00000240436.1 5 61872098 61872098 - 1 0 5_internal_12726 5 61801790 62079696 89 73.651 0.999986 0.935604 0.976829 -0.00278658 0.975124 0.972988
ENSG00000186105.7 5 61874562 61874562 + 1 0 5_internal_12726 5 61801790 62079696 89 108.017 0.999985 1.08077 0.113056 0.15946 0.0995025 0.0869423
ENSG00000153006.9 5 64064512 64064512 - 1 -903145 5_internal_8886 5 64967657 65031825 89 83.7852 0.999993 1.06134 0.655972 0.0496339 0.706468 0.68736
ENSG00000153015.10 5 64064757 64064757 + 1 902900 5_internal_8886 5 64967657 65031825 89 73.5293 0.999951 0.969868 0.518905 -0.0681452 0.552239 0.546916
ENSG00000248288.1 5 64505748 64505748 + 1 461909 5_internal_8886 5 64967657 65031825 89 83.6635 0.999989 0.969375 0.855252 -0.0200547 0.855721 0.85094
ENSG00000205644.5 5 64711180 64711180 + 1 256477 5_internal_8886 5 64967657 65031825 89 81.2473 1 0.933317 0.666885 0.0468829 0.671642 0.655712
ENSG00000049192.10 5 64777747 64777747 - 1 -189910 5_internal_8886 5 64967657 65031825 89 86.2188 0.999997 0.960055 0.00779874 0.287813 0.0149254 0.00848001
ENSG00000250081.1 5 64782875 64782875 - 1 -184782 5_internal_8886 5 64967657 65031825 89 80.7432 1.00002 1.02186 0.0101565 0.280768 0.0248756 0.0146912
ENSG00000123219.7 5 64858998 64858998 - 2 -108659 5_internal_8886 5 64967657 65031825 89 96.4572 1.00004 1.8706 0.00217748 0.339393 0.00497512 0.00264616
ENSG00000113593.7 5 64859063 64859063 + 2 108594 5_internal_8886 5 64967657 65031825 89 114.622 0.999943 2.13896 0.155151 0.161496 0.233831 0.214009
ENSG00000207352.1 5 64900588 64900588 - 2 -67069 5_internal_8886 5 64967657 65031825 89 89.2434 1.00005 1.89485 0.113547 -0.163298 0.199005 0.20332
ENSG00000113597.12 5 64920543 64920543 + 2 47114 5_internal_8886 5 64967657 65031825 89 91.7117 1.00003 2.15416 0.249521 0.121108 0.452736 0.450066
ENSG00000253251.1 5 64920592 64920592 + 2 47065 5_internal_8886 5 64967657 65031825 89 80.7084 0.999986 1.6189 0.197435 -0.135852 0.328358 0.330917
ENSG00000113595.10 5 64921802 64921802 - 2 -45855 5_internal_8886 5 64967657 65031825 89 103.654 0.999943 1.97963 0.0568968 0.213227 0.124378 0.0772867
ENSG00000123213.17 5 65018023 65018023 + 3 829626 5_internal_9416 5 65847649 66040294 89 91.0338 0.999977 3.33984 0.766577 -0.0334487 0.985075 0.991952
ENSG00000197860.5 5 65018862 65018862 - 3 0 5_internal_8886 5 64967657 65031825 89 89.4346 0.999939 3.09655 0.000685617 0.346933 0.00497512 0.00205876
ENSG00000112851.10 5 65222303 65222303 + 4 913061 5_internal_13191 5 66135364 66172340 89 87.9918 0.999916 3.7555 0.0557545 -0.213197 0.18408 0.198376
ENSG00000252904.1 5 65257147 65257147 - 4 -757053 5_internal_12004 5 66014200 66019110 89 89.6605 1.00007 4.19609 0.482584 -0.0707391 0.940299 0.93617
ENSG00000153914.11 5 65435799 65435799 + 7 578401 5_internal_12004 5 66014200 66019110 89 102.819 0.899381 6.60988 0.145162 -0.163042 0.606965 0.606376
ENSG00000253744.1 5 65440623 65440623 - 7 -865911 5_internal_9369 5 66306534 66331618 89 98.0391 1.02934 8.68894 0.0612431 0.211212 0.358209 0.342676
ENSG00000251391.3 5 65492117 65492117 + 8 643247 5_internal_13191 5 66135364 66172340 89 91.8855 0.942437 7.03635 0.106377 0.154773 0.557214 0.553042
ENSG00000069020.13 5 65892176 65892176 + 10 567847 5_internal_12559 5 66460023 66519258 89 71.0088 1.12172 8.12298 2.05102e-07 0.539607 0.00497512 7.67324e-06
ENSG00000229666.1 5 66299781 66299781 - 10 -160242 5_internal_12559 5 66460023 66519258 89 83.9416 1.14372 9.46558 0.00616825 0.289968 0.0447761 0.0464187
ENSG00000134061.4 5 66492627 66492627 - 10 161009 5_internal_9369 5 66306534 66331618 89 86.1492 0.984375 9.4681 0.0279686 0.233376 0.283582 0.261768
