ENSG00000253463.1 8 124135346 124135346 + 5 798483 8_internal_7917 8 124933829 125047587 89 86.5838 1.00006 4.52198 0.253929 -0.110367 0.741294 0.744533
ENSG00000147689.12 8 124191200 124191200 + 5 742629 8_internal_7917 8 124933829 125047587 89 82.8465 0.999984 4.87033 0.0838558 -0.16467 0.378109 0.386357
ENSG00000243498.2 8 124249092 124249092 + 5 -216243 8_internal_9816 8 123806556 124032849 89 93.1719 1.00005 5.30645 0.608772 -0.0565261 0.99005 0.992312
ENSG00000189376.7 8 124253638 124253638 - 5 -680191 8_internal_7917 8 124933829 125047587 89 79.2656 1.00007 4.42868 0.0102624 0.273052 0.0646766 0.0666312
ENSG00000222607.1 8 124275083 124275083 + 6 -242646 8_internal_10929 8 123792088 124032437 89 101.22 0.868952 6.21549 0.251116 0.117387 0.800995 0.824325
ENSG00000238422.1 8 124278985 124278985 - 6 246548 8_internal_10929 8 123792088 124032437 89 76.4322 1.00005 5.06924 0.0488297 0.206061 0.323383 0.300289
ENSG00000259305.1 8 124279627 124279627 - 6 -654202 8_internal_7917 8 124933829 125047587 89 84.0285 0.999893 4.75823 0.00889415 0.269162 0.0149254 0.0514514
ENSG00000165156.8 8 124287781 124287781 - 6 254932 8_internal_9816 8 123806556 124032849 89 89.3477 1.00593 6.52513 0.460601 -0.0803012 0.9801 0.981797
ENSG00000252297.1 8 124354654 124354654 + 6 -322217 8_internal_10929 8 123792088 124032437 89 93.9715 1.12851 7.70017 0.0459038 0.194386 0.253731 0.219759
ENSG00000207704.2 8 124360274 124360274 + 6 -613589 8_internal_8146 8 123685575 123746685 89 68.2971 0.999927 4.49471 0.132645 -0.166527 0.626866 0.608105
ENSG00000254388.1 8 124364421 124364421 + 6 -617736 8_internal_8146 8 123685575 123746685 89 91.1902 0.964258 6.74416 0.189837 0.145426 0.741294 0.758668
ENSG00000156802.8 8 124428590 124428590 - 6 282847 8_internal_7569 8 124141779 124145743 89 75.876 0.999968 4.30821 0.0481421 -0.216412 0.268657 0.262369
ENSG00000156795.2 8 124428965 124428965 + 6 -283222 8_internal_7569 8 124141779 124145743 89 84.5674 1.00002 4.91066 0.168998 -0.147086 0.636816 0.622775
ENSG00000156804.3 8 124553446 124553446 - 7 520597 8_internal_9816 8 123806556 124032849 89 90.6687 0.996729 7.39818 0.233609 -0.123655 0.860697 0.855037
ENSG00000176853.11 8 124780696 124780696 + 7 957558 8_internal_8197 8 125738254 125853462 89 99.8643 0.958713 7.49602 0.036044 0.230098 0.18408 0.196968
ENSG00000253227.1 8 125283924 125283924 + 6 889257 8_internal_10169 8 126173181 126246176 89 76.467 0.999872 5.04298 0.0871615 -0.157901 0.462687 0.453841
ENSG00000237586.3 8 125313556 125313556 + 7 872647 8_internal_7344 8 126186203 126245979 89 96.1096 0.939802 7.33194 0.0805946 -0.183681 0.437811 0.438633
ENSG00000164983.6 8 125384933 125384933 - 7 -801270 8_internal_7344 8 126186203 126245979 89 77.7707 1.09724 6.67854 0.0593381 -0.192082 0.348259 0.375068
ENSG00000183665.4 8 125463048 125463048 + 9 0 8_internal_7106 8 125461803 125564245 89 99.5687 1.01444 10.95 2.35749e-05 0.459842 0.00497512 7.32365e-05
ENSG00000245149.3 8 125486817 125486817 - 11 -976998 8_internal_7492 8 126463815 126508124 89 76.3453 1.10862 9.63834 0.00207683 -0.336279 0.0298507 0.0279999
ENSG00000170881.4 8 125486979 125486979 + 11 686202 8_internal_10169 8 126173181 126246176 89 93.3457 0.991865 10.7381 0.187689 -0.13579 0.875622 0.878435
ENSG00000253106.1 8 125500751 125500751 + 11 963064 8_internal_7492 8 126463815 126508124 89 100.872 0.856886 10.6747 0.0270165 -0.243928 0.208955 0.241105
ENSG00000147684.3 8 125551344 125551344 + 11 733532 8_internal_8112 8 126284876 126305557 89 98.2998 0.961332 12.2563 0.146945 -0.14863 0.81592 0.822011
ENSG00000147687.11 8 125551699 125551699 - 11 -733177 8_internal_8112 8 126284876 126305557 89 109.998 0.925428 14.0936 0.0132045 0.24955 0.109453 0.0982575
ENSG00000170873.14 8 125740730 125740730 - 12 176485 8_internal_7106 8 125461803 125564245 89 86.0102 1.17167 14.8047 0.000489949 0.358233 0.00497512 0.00372236
ENSG00000180938.5 8 125985540 125985540 + 12 621984 8_internal_10843 8 126607524 126715343 89 78.3791 1.11934 12.4483 0.0258105 0.23392 0.338308 0.317186
ENSG00000104549.7 8 126010739 126010739 + 12 -157277 8_internal_8197 8 125738254 125853462 89 91.2424 1.05544 12.6229 0.0623272 0.202945 0.517413 0.511279
ENSG00000253167.1 8 126052926 126052926 + 11 231950 8_internal_8112 8 126284876 126305557 89 87.2096 0.971862 8.89323 0.192963 -0.142945 0.870647 0.864679
ENSG00000156831.3 8 126103921 126103921 + 11 359838 8_internal_8521 8 126463759 126652166 89 83.2463 1.00403 10.5634 0.198372 -0.145709 0.915423 0.920472
ENSG00000164961.10 8 126104082 126104082 - 11 826774 8_internal_7765 8 125265698 125277308 89 91.9203 1.1094 12.0171 0.131372 0.156889 0.791045 0.767981
ENSG00000242170.2 8 126282846 126282846 + 10 -429384 8_internal_8197 8 125738254 125853462 89 95.0318 0.890963 10.0138 0.0312494 0.21594 0.303483 0.280764
ENSG00000254431.1 8 126363658 126363658 - 10 -100101 8_internal_8521 8 126463759 126652166 89 82.6031 1.04188 9.25266 0.0666805 -0.199266 0.512438 0.506134
ENSG00000173334.3 8 126442563 126442563 + 10 -196387 8_internal_10169 8 126173181 126246176 89 91.0164 1.12147 10.9788 0.0663099 0.189638 0.502488 0.457316
ENSG00000206695.1 8 126913195 126913195 + 10 -607638 8_internal_8112 8 126284876 126305557 89 81.2994 1.05579 8.46672 0.0362472 0.207608 0.338308 0.300416
ENSG00000245164.2 8 126963493 126963493 - 10 455369 8_internal_7492 8 126463815 126508124 89 85.1236 1.02862 9.16273 0.370142 0.0982315 0.985075 0.986901
ENSG00000253651.1 8 126964558 126964558 - 10 374131 8_internal_8141 8 126441129 126590427 89 86.3057 1.07233 9.56114 0.0584204 -0.201276 0.427861 0.426444
ENSG00000254010.1 8 127569141 127569141 + 8 -916975 8_internal_8521 8 126463759 126652166 89 92.5809 0.953498 7.81831 0.230353 -0.122474 0.830846 0.868039
ENSG00000254286.1 8 127570120 127570120 + 8 -979693 8_internal_8141 8 126441129 126590427 89 98.2129 0.966262 8.59035 0.0315083 -0.226777 0.223881 0.200173
ENSG00000168672.3 8 127570638 127570638 - 8 918472 8_internal_8521 8 126463759 126652166 89 92.6678 1.08517 9.08554 0.0637155 -0.187526 0.412935 0.382409
ENSG00000253543.1 8 127595251 127595251 - 7 -843251 8_internal_9049 8 128438502 128472933 89 83.9242 1.06112 6.24295 0.0618026 -0.1866 0.373134 0.335933
ENSG00000253573.1 8 127802882 127802882 - 6 -635620 8_internal_9049 8 128438502 128472933 89 86.3578 1.00002 5.22943 0.16462 0.140298 0.616915 0.625092
ENSG00000253438.2 8 127859300 127859300 + 7 43163 8_internal_9621 8 127902463 127911961 89 88.0613 0.975362 6.62214 0.181385 -0.127116 0.736318 0.747355
ENSG00000253264.1 8 128094466 128094466 - 9 -344036 8_internal_9049 8 128438502 128472933 89 110.45 0.813717 11.5903 0.0834926 0.172353 0.547264 0.565529
ENSG00000224722.3 8 128099755 128099755 - 9 32876 8_internal_7683 8 128001759 128066879 89 99.6904 0.873726 9.37991 0.0723723 0.185879 0.457711 0.486897
ENSG00000254166.1 8 128215467 128215467 - 11 303506 8_internal_9621 8 127902463 127911961 89 88.7219 0.950879 11.7648 0.121992 -0.151594 0.79602 0.799772
ENSG00000247844.1 8 128231333 128231333 - 11 8046 8_internal_7483 8 127888616 128223287 89 81.6645 1.18082 11.2947 0.0730244 -0.166291 0.587065 0.56439
ENSG00000253929.1 8 128351519 128351519 + 12 700095 8_internal_10177 8 129051614 129282501 89 97.1525 0.933545 12.4271 0.0949378 -0.161188 0.686567 0.676853
ENSG00000212993.3 8 128426535 128426535 + 12 -203248 8_internal_7483 8 127888616 128223287 89 82.7596 1.09532 10.8261 0.00801253 0.26828 0.109453 0.08491
ENSG00000246228.2 8 128494384 128494384 - 12 21451 8_internal_9049 8 128438502 128472933 89 102.072 0.971534 14.749 0.0879403 0.176349 0.626866 0.655268
ENSG00000249375.2 8 128746213 128746213 - 12 -75088 8_internal_7891 8 128821301 128934439 89 86.8967 0.95303 10.2438 0.259041 -0.126006 0.975124 0.960776
ENSG00000136997.10 8 128747680 128747680 + 12 514234 8_internal_8171 8 129261914 129289821 89 92.6678 0.872153 9.64202 0.107987 0.18219 0.671642 0.693915
ENSG00000249859.2 8 128806779 128806779 + 12 14522 8_internal_7891 8 128821301 128934439 89 78.6746 1.04337 10.9625 0.00745859 0.290677 0.129353 0.110674
ENSG00000221315.1 8 128808208 128808208 + 12 453706 8_internal_8171 8 129261914 129289821 89 75.6848 1.0858 9.54788 0.0831876 -0.174597 0.631841 0.639166
ENSG00000256655.1 8 128960591 128960591 - 11 -91023 8_internal_10177 8 129051614 129282501 89 83.4375 0.972045 8.99401 0.0246207 0.218633 0.248756 0.248575
ENSG00000207110.1 8 129011377 129011377 + 11 250537 8_internal_8171 8 129261914 129289821 89 94.8232 1.00834 13.08 0.154521 -0.162405 0.855721 0.862522
ENSG00000222501.1 8 129022857 129022857 - 11 88418 8_internal_7891 8 128821301 128934439 89 80.6389 1.01256 9.10674 0.0734312 0.192389 0.547264 0.564303
ENSG00000221176.1 8 129061398 129061398 + 11 114889 8_internal_11057 8 129176287 129207207 89 89.226 0.925458 10.304 0.144275 -0.141379 0.810945 0.818741
ENSG00000254275.2 8 129576925 129576925 - 8 409771 8_internal_10153 8 129139759 129167154 89 86.9662 1.02702 7.61523 0.310351 -0.116445 0.935323 0.941912
ENSG00000254317.1 8 130844547 130844547 + 12 92287 8_internal_6685 8 130936834 130979016 89 77.9098 1.03798 8.93919 0.00387808 0.288091 0.0547264 0.0533086
ENSG00000243402.1 8 130876724 130876724 + 12 300644 8_internal_9662 8 131177368 131182739 89 74.6766 1.02364 9.36286 0.00423204 0.321764 0.0845771 0.074405
ENSG00000200075.1 8 130880962 130880962 - 12 0 8_internal_7701 8 130877159 130888147 89 84.8107 0.988306 10.4643 0.0339869 -0.239187 0.353234 0.342406
ENSG00000254263.1 8 130902711 130902711 + 12 138340 8_internal_7746 8 131041051 131043802 89 98.9604 1.03348 13.4828 0.171947 0.15268 0.855721 0.88143
ENSG00000253720.1 8 130952102 130952102 + 12 0 8_internal_6685 8 130936834 130979016 89 79.1266 0.973517 9.56833 0.140572 -0.142551 0.800995 0.828297
ENSG00000253043.1 8 131016847 131016847 - 12 128700 8_internal_7701 8 130877159 130888147 89 83.7156 1.046 10.5885 0.0432798 0.206442 0.422886 0.397688
ENSG00000264653.1 8 131020699 131020699 - 12 132552 8_internal_7701 8 130877159 130888147 89 94.3539 1.0169 12.8615 0.178857 0.151863 0.900498 0.90081
ENSG00000153310.13 8 131029375 131029375 - 12 51780 8_internal_7482 8 130950746 130977595 89 82.099 1.03865 10.6702 1.04583e-05 0.468842 0.00497512 0.000176454
ENSG00000212342.1 8 131175218 131175218 + 12 -131416 8_internal_7746 8 131041051 131043802 89 88.2699 0.973754 9.17349 0.029828 -0.216163 0.308458 0.258716
ENSG00000153317.10 8 131455906 131455906 - 13 111297 8_internal_8240 8 130895137 131344609 89 86.7402 1.02169 12.7256 0.00123268 0.316788 0.0199005 0.0163361
ENSG00000132294.9 8 132916335 132916335 + 5 0 8_internal_7467 8 130980741 134164937 89 94.5973 1.00008 4.80655 0.240972 -0.116357 0.681592 0.709226
ENSG00000129295.4 8 133687838 133687838 - 8 -218061 8_internal_8136 8 133905899 133914559 89 78.1531 0.987325 7.25478 0.0447576 0.212654 0.378109 0.368176
ENSG00000165071.10 8 133772958 133772958 - 8 0 8_internal_7467 8 130980741 134164937 89 82.5336 1.05363 6.87722 0.021207 0.247641 0.149254 0.150746
ENSG00000129292.15 8 133787618 133787618 + 8 -819073 8_internal_10441 8 132868641 132968545 89 91.0686 1.06361 9.54786 0.0523818 0.219383 0.38806 0.356113
ENSG00000223697.1 8 133856543 133856543 - 8 -628400 8_internal_10432 8 134484943 134677862 89 95.6229 1.00039 8.93052 0.0101218 0.282777 0.0597015 0.066397
ENSG00000042832.7 8 133879203 133879203 + 8 26696 8_internal_8136 8 133905899 133914559 89 100.733 0.905085 9.44082 0.121899 -0.166262 0.651741 0.668641
ENSG00000155926.9 8 134115298 134115298 - 9 -161037 8_internal_11214 8 134276335 134416723 89 82.6205 1.05881 8.48545 0.381716 0.0953026 0.9801 0.985181
ENSG00000104419.10 8 134314265 134314265 - 9 0 8_internal_11214 8 134276335 134416723 89 87.7484 1.0585 8.12131 0.00697086 0.26739 0.039801 0.0484179
ENSG00000225259.3 8 134420249 134420249 + 9 -505690 8_internal_8136 8 133905899 133914559 89 107.235 0.923159 9.08576 0.131952 -0.160961 0.641791 0.641325
ENSG00000008513.10 8 134584183 134584183 - 10 0 8_internal_10432 8 134484943 134677862 89 80.7605 1.06969 8.10728 0.00228009 0.339271 0.039801 0.0223472
ENSG00000261220.1 8 134584414 134584414 + 10 310678 8_internal_9275 8 134895092 134899058 89 83.3854 1.00141 8.89055 0.0364801 -0.218784 0.288557 0.322554
ENSG00000248492.1 8 135610314 135610314 + 6 -711256 8_internal_9275 8 134895092 134899058 89 91.5205 0.99736 5.8214 0.481857 -0.0796456 0.975124 0.976796
ENSG00000066827.11 8 135725292 135725292 - 5 791154 8_internal_7286 8 134908443 134934138 89 105.827 0.999987 5.21114 0.300226 -0.11886 0.78607 0.789436
ENSG00000259820.1 8 135810515 135810515 - 5 911457 8_internal_9275 8 134895092 134899058 89 76.1715 1.00009 4.21027 0.0318474 -0.243883 0.174129 0.184081
ENSG00000254028.1 8 135844990 135844990 + 5 -233664 8_internal_8241 8 135468986 135611326 89 72.2082 1.00005 4.11759 0.13957 0.167804 0.547264 0.566124
ENSG00000250733.3 8 140943416 140943416 + 9 530022 8_internal_6895 8 141473438 141525631 89 92.2158 0.884215 8.06416 0.0506991 -0.201805 0.38806 0.376101
ENSG00000167632.10 8 141468678 141468678 - 18 -625102 8_internal_6732 8 142093780 142138449 89 84.0285 1.01527 16.3835 0.0221413 0.24258 0.333333 0.345899
ENSG00000259891.1 8 141518142 141518142 - 18 -627245 8_internal_9746 8 142145387 142180567 89 82.3424 1.07839 17.1627 0.0724197 0.184612 0.78607 0.753992
ENSG00000104472.5 8 141521397 141521397 + 18 -52370 8_internal_8943 8 141409982 141469027 89 92.3375 1.07018 18.4292 0.0550632 -0.19932 0.597015 0.586461
ENSG00000259758.1 8 141539600 141539600 - 18 -844416 8_internal_7458 8 142384016 144121474 89 82.099 1.06671 15.8465 0.0842008 -0.19056 0.781095 0.78337
ENSG00000123908.7 8 141645718 141645718 - 18 -738298 8_internal_7458 8 142384016 144121474 89 84.1502 0.990405 16.1531 0.0318669 -0.242607 0.462687 0.460163
ENSG00000169398.15 8 142012315 142012315 - 18 -254816 8_internal_7304 8 142267131 142357702 89 101.759 1.00381 20.4547 0.078019 0.196548 0.691542 0.712984
ENSG00000105339.6 8 142127377 142127377 + 15 18010 8_internal_9746 8 142145387 142180567 89 111.685 0.759294 18.0459 0.0014669 0.354449 0.0298507 0.0236725
ENSG00000253210.1 8 142140060 142140060 - 15 1611 8_internal_6732 8 142093780 142138449 89 89.9561 1.10027 15.6414 0.0162508 -0.267516 0.169154 0.181418
ENSG00000253307.1 8 142263391 142263391 - 12 6383 8_internal_10287 8 142094304 142257008 89 90.2168 1.01173 11.2062 0.185737 0.13601 0.890547 0.893803
ENSG00000254019.1 8 142264664 142264664 + 12 32039 8_internal_7674 8 142296703 142306037 89 84.0459 1.0982 12.4028 0.00399043 0.305104 0.039801 0.0454622
ENSG00000254197.1 8 142288327 142288327 + 12 94774 8_internal_7872 8 142383101 142429836 89 89.0174 0.94452 10.2708 0.18827 -0.121133 0.885572 0.892674
ENSG00000022567.5 8 142318404 142318404 - 12 61396 8_internal_10287 8 142094304 142257008 89 101.655 0.982969 14.6078 1.31688e-05 0.445528 0.00497512 5.55415e-05
ENSG00000184489.7 8 142402093 142402093 + 11 -876462 8_internal_6895 8 141473438 141525631 89 94.6146 0.997827 11.1412 0.00209937 -0.29297 0.0199005 0.0169093
ENSG00000244998.1 8 142402674 142402674 - 11 264225 8_internal_6732 8 142093780 142138449 89 88.2352 1.05574 11.5716 0.0529216 0.204041 0.477612 0.447683
ENSG00000269739.1 8 142517249 142517249 - 12 260241 8_internal_10287 8 142094304 142257008 89 78.4139 1.09545 10.1899 0.0170122 0.241783 0.18408 0.192137
ENSG00000226807.2 8 142517330 142517330 - 12 260322 8_internal_10287 8 142094304 142257008 89 114.744 0.926701 16.9033 0.0109843 0.256232 0.0597015 0.0795003
ENSG00000171045.10 8 143484601 143484601 - 10 0 8_internal_7458 8 142384016 144121474 89 98.9604 0.950332 11.0449 0.423708 -0.0788571 1 0.996758
ENSG00000261693.1 8 143485013 143485013 + 10 -8033 8_internal_9030 8 143449327 143476980 89 83.3506 1.14275 10.8346 0.00822585 -0.275185 0.0696517 0.0748771
ENSG00000181790.6 8 143530791 143530791 + 10 185294 8_internal_6817 8 143716085 143752527 89 97.8131 0.983569 11.4681 0.263617 -0.11729 0.950249 0.959016
ENSG00000198576.2 8 143696833 143696833 - 13 -122941 8_internal_8967 8 143819774 143839923 89 94.7363 0.836229 10.7171 0.238325 -0.126092 0.960199 0.951221
ENSG00000167653.4 8 143751726 143751726 + 14 782327 8_internal_7525 8 144534053 144543842 89 100.021 0.97608 16.3939 0.0575755 -0.201998 0.542289 0.533387
ENSG00000234616.4 8 143763386 143763386 - 14 -484300 8_internal_7350 8 144247686 144250590 89 77.9619 1.11885 14.146 0.0203405 0.240366 0.328358 0.296999
ENSG00000160886.9 8 143781529 143781529 + 14 -304549 8_internal_9030 8 143449327 143476980 89 75.1459 1.10452 11.8799 0.0152193 0.265654 0.218905 0.224468
ENSG00000253741.1 8 143808391 143808391 - 14 331411 8_internal_9030 8 143449327 143476980 89 95.8836 0.914414 14.7151 0.0233152 0.259437 0.298507 0.279066
ENSG00000130193.7 8 143808621 143808621 + 14 598688 8_internal_10225 8 144407309 144468075 89 91.9725 0.982902 15.758 0.00382092 -0.289595 0.0646766 0.0533475
ENSG00000253806.1 8 143809108 143809108 - 14 26755 8_internal_10104 8 143756989 143782353 89 92.9459 0.98479 13.7977 0.0739038 -0.20344 0.61194 0.626666
ENSG00000180155.14 8 143859640 143859640 - 15 -750776 8_internal_9068 8 144610416 144644082 89 85.958 1.01706 14.2015 0.0809151 -0.183632 0.756219 0.71644
ENSG00000160932.6 8 144099399 144099399 + 19 511017 8_internal_9068 8 144610416 144644082 89 96.6311 0.924135 18.3971 0.0691796 -0.200069 0.676617 0.698622
ENSG00000247317.3 8 144099854 144099854 - 19 0 8_internal_7458 8 142384016 144121474 89 77.2145 1.05938 14.472 0.000763696 0.355314 0.0298507 0.0193664
ENSG00000177335.6 8 144120626 144120626 + 20 0 8_internal_7458 8 142384016 144121474 89 87.0531 1.0234 20.3692 8.82219e-07 0.467515 0.00497512 1.82859e-05
ENSG00000181638.13 8 144328991 144328991 + 21 827390 8_internal_7320 8 145156381 145165299 89 82.5162 1.13303 19.9446 0.097495 0.181824 0.880597 0.880795
ENSG00000264668.1 8 144329280 144329280 + 21 717332 8_internal_7235 8 145046612 145692563 89 83.2811 1.03188 18.4854 0.0886966 -0.18013 0.860697 0.849258
ENSG00000250571.2 8 144349603 144349603 + 21 184450 8_internal_7525 8 144534053 144543842 89 90.1646 1.05043 20.0301 0.0129487 -0.282666 0.19403 0.200808
ENSG00000253716.1 8 144363860 144363860 - 21 -333407 8_internal_7124 8 144697267 144720192 89 88.8088 0.972716 19.6516 0.00128433 -0.325871 0.0447761 0.0281984
ENSG00000185730.3 8 144371846 144371846 + 21 784535 8_internal_7320 8 145156381 145165299 89 97.6219 0.946162 26.1791 0.100323 0.17286 0.910448 0.911442
ENSG00000263660.1 8 144397091 144397091 + 21 -121795 8_internal_10546 8 144212324 144275296 89 87.3139 0.976354 16.2761 0.0275877 -0.210904 0.422886 0.393154
ENSG00000184428.7 8 144442149 144442149 - 20 0 8_internal_10225 8 144407309 144468075 89 95.223 0.936453 20.6053 0.011036 0.27237 0.18408 0.186089
ENSG00000158106.8 8 144451057 144451057 + 20 -175761 8_internal_10546 8 144212324 144275296 89 79.5785 1.10916 19.0212 0.033808 -0.227779 0.522388 0.533954
ENSG00000014164.6 8 144623623 144623623 - 23 0 8_internal_9068 8 144610416 144644082 89 99.3428 0.88464 26.4081 0.000216669 0.351744 0.0149254 0.0051062
ENSG00000221399.1 8 144624280 144624280 + 23 0 8_internal_9068 8 144610416 144644082 89 85.8885 0.975647 19.5769 0.000283825 0.362262 0.0149254 0.00807652
ENSG00000254144.1 8 144624280 144624280 + 23 0 8_internal_9068 8 144610416 144644082 89 91.5727 1.05692 26.4131 0.000192704 0.371579 0.00497512 0.00292615
ENSG00000254859.1 8 144631899 144631899 - 23 0 8_internal_9068 8 144610416 144644082 89 85.4539 1.00407 21.6926 1.25977e-06 0.466252 0.00497512 4.27286e-05
ENSG00000104518.6 8 144635377 144635377 + 23 0 8_internal_9068 8 144610416 144644082 89 74.2594 1.01778 14.7668 0.00711519 0.2915 0.18408 0.18141
ENSG00000204839.4 8 144655141 144655141 - 23 187066 8_internal_10225 8 144407309 144468075 89 80.0652 1.06254 18.8074 0.0106182 0.271087 0.20398 0.227424
ENSG00000255050.1 8 144655660 144655660 + 23 -405070 8_internal_7350 8 144247686 144250590 89 96.8223 0.905069 23.8241 0.017707 0.261109 0.313433 0.318939
ENSG00000147813.11 8 144660819 144660819 - 23 410229 8_internal_7350 8 144247686 144250590 89 89.5736 0.919717 19.4083 0.017963 0.252486 0.303483 0.329631
ENSG00000254741.1 8 144661806 144661806 + 23 -550650 8_internal_7753 8 144073635 144111156 89 94.0758 0.971429 23.9523 0.00457784 -0.27768 0.0945274 0.0886833
ENSG00000179886.4 8 144680074 144680074 + 23 0 8_internal_7145 8 144670750 145750701 89 86.0449 0.959713 18.9703 0.0598355 0.211231 0.736318 0.731006
ENSG00000104529.13 8 144681711 144681711 - 23 -15556 8_internal_7124 8 144697267 144720192 89 78.9354 0.980023 15.0069 0.0200164 -0.237057 0.368159 0.361955
ENSG00000104524.9 8 144691943 144691943 - 23 -354669 8_internal_7235 8 145046612 145692563 89 79.5785 0.992619 18.3372 0.12067 -0.160546 0.935323 0.940964
ENSG00000104522.11 8 144700218 144700218 - 23 -836427 8_internal_7274 8 145536645 145544976 89 93.4848 1.02397 26.8458 0.021065 -0.258691 0.39801 0.375335
ENSG00000254812.1 8 144715926 144715926 - 23 0 8_internal_7124 8 144697267 144720192 89 89.4693 1.01242 18.7705 1.55949e-05 -0.433124 0.00497512 0.000249767
ENSG00000183309.6 8 144718183 144718183 + 23 -442887 8_internal_10546 8 144212324 144275296 89 97.4828 0.85081 21.0511 0.00235071 0.343261 0.0597015 0.0534542
ENSG00000181135.11 8 144766622 144766622 + 22 -926699 8_internal_8967 8 143819774 143839923 89 88.7393 1.09082 19.7001 0.0611157 -0.19845 0.706468 0.680144
ENSG00000181097.5 8 144778324 144778324 + 22 -58132 8_internal_7124 8 144697267 144720192 89 99.6557 0.884239 21.881 0.0875965 -0.176789 0.820896 0.831217
ENSG00000181085.10 8 144798429 144798429 + 21 -330354 8_internal_10225 8 144407309 144468075 89 87.227 1.04023 19.2844 0.00531453 -0.289404 0.0945274 0.095364
ENSG00000180921.6 8 144815971 144815971 - 21 976048 8_internal_8967 8 143819774 143839923 89 87.4529 0.916408 17.5843 0.099115 0.177536 0.850746 0.868447
ENSG00000203499.6 8 144816310 144816310 + 21 106059 8_internal_10423 8 144922369 145091738 89 77.2492 1.1678 16.7837 0.000953623 -0.317277 0.0248756 0.0182699
ENSG00000216090.1 8 144895212 144895212 - 20 -161286 8_internal_7712 8 145056498 145071727 89 87.7484 0.867216 16.15 0.0258154 -0.240801 0.393035 0.423072
ENSG00000180900.12 8 144897549 144897549 - 20 -258832 8_internal_7320 8 145156381 145165299 89 83.7678 1.00023 14.488 0.0689817 -0.200154 0.701493 0.690303
ENSG00000179950.9 8 144912029 144912029 - 20 -155614 8_internal_7371 8 145067643 145089319 89 86.4969 0.96801 17.3122 0.0502479 -0.222339 0.651741 0.628594
ENSG00000255343.1 8 144916233 144916233 - 20 -620412 8_internal_7274 8 145536645 145544976 89 85.367 1.13808 18.2357 0.0925763 0.172559 0.825871 0.819467
ENSG00000185189.11 8 144924200 144924200 - 20 -612445 8_internal_7274 8 145536645 145544976 89 101.863 0.873083 20.8115 0.00342072 0.28784 0.0746269 0.0566219
ENSG00000227184.3 8 144952632 144952632 - 20 0 8_internal_10423 8 144922369 145091738 89 79.7176 1.02631 14.9951 0.0674294 0.189022 0.741294 0.720635
ENSG00000178209.10 8 145050902 145050902 - 21 0 8_internal_10423 8 144922369 145091738 89 83.1768 0.987471 15.6581 8.15751e-07 0.514949 0.00497512 3.36008e-05
ENSG00000178719.12 8 145064226 145064226 + 22 50653 8_internal_7197 8 145114879 145138497 89 93.815 0.961966 21.9654 0.00551555 -0.293367 0.104478 0.101962
ENSG00000178685.9 8 145086940 145086940 - 22 0 8_internal_10423 8 144922369 145091738 89 78.7789 1.0022 18.3915 0.00230532 0.35019 0.0845771 0.0731758
ENSG00000178814.11 8 145118735 145118735 - 21 0 8_internal_7197 8 145114879 145138497 89 100.838 0.894426 24.9815 0.0243915 0.238859 0.39801 0.39346
ENSG00000178896.6 8 145133529 145133529 + 20 918012 8_internal_7257 8 146051541 146128392 89 89.2434 0.906348 19.7785 0.00391423 0.31572 0.0845771 0.0972866
ENSG00000255224.1 8 145134168 145134168 - 20 413976 8_internal_7124 8 144697267 144720192 89 84.098 1.1103 19.4472 0.0377589 0.206052 0.567164 0.529908
ENSG00000197858.6 8 145137493 145137493 + 20 -48174 8_internal_7371 8 145067643 145089319 89 78.4834 0.957812 14.9181 0.0506662 -0.223737 0.656716 0.65969
ENSG00000179091.4 8 145149930 145149930 + 20 -78203 8_internal_7712 8 145056498 145071727 89 73.2859 1.04017 13.6929 0.0164809 -0.247644 0.353234 0.319311
ENSG00000179632.5 8 145159402 145159402 + 20 -20905 8_internal_7197 8 145114879 145138497 89 88.3916 0.989077 18.8636 0.0289275 -0.239283 0.452736 0.436677
ENSG00000179698.9 8 145162629 145162629 + 20 0 8_internal_7320 8 145156381 145165299 89 87.3312 1.12048 19.7033 1.03248e-08 0.577939 0.00497512 4.30857e-08
ENSG00000179526.12 8 145163027 145163027 - 20 -888514 8_internal_7257 8 146051541 146128392 89 93.9541 1.00753 20.9496 0.0276496 -0.241443 0.39801 0.390505
ENSG00000235173.2 8 145192672 145192672 + 20 -472480 8_internal_7124 8 144697267 144720192 89 100.925 1.0123 25.5971 0.0272449 0.234823 0.353234 0.376823
ENSG00000179832.13 8 145202919 145202919 + 20 -37620 8_internal_7320 8 145156381 145165299 89 86.549 0.941417 20.8517 0.151543 -0.150974 0.9801 0.975001
ENSG00000170727.7 8 145515082 145515082 - 17 660349 8_internal_7489 8 144821486 144854733 89 101.342 0.960497 21.7996 0.0570806 0.199006 0.616915 0.627063
ENSG00000185122.5 8 145515280 145515280 + 17 -443553 8_internal_7712 8 145056498 145071727 89 90.5123 1.06522 15.6279 0.0154261 0.269792 0.19403 0.180615
ENSG00000254690.1 8 145538801 145538801 - 17 373502 8_internal_7320 8 145156381 145165299 89 87.5746 1.07721 15.5528 0.0405796 0.208594 0.452736 0.452904
ENSG00000185000.4 8 145550573 145550573 - 16 412076 8_internal_7197 8 145114879 145138497 89 94.7363 1.18353 20.7514 0.128378 0.169023 0.910448 0.897186
ENSG00000185803.4 8 145577795 145577795 + 16 473746 8_internal_7257 8 146051541 146128392 89 83.733 0.954622 12.0302 0.106337 -0.185591 0.800995 0.790939
ENSG00000214597.3 8 145579269 145579269 - 16 0 8_internal_7145 8 144670750 145750701 89 93.2066 0.985971 15.0041 0.050568 -0.211972 0.487562 0.508532
ENSG00000182325.6 8 145583036 145583036 - 16 38060 8_internal_7274 8 145536645 145544976 89 83.3854 0.940495 11.9102 0.0380192 0.228352 0.472637 0.448823
ENSG00000173137.6 8 145596790 145596790 + 16 -507471 8_internal_7371 8 145067643 145089319 89 86.8098 0.978413 14.7885 0.0935548 0.175248 0.776119 0.787943
ENSG00000216133.1 8 145619445 145619445 - 16 74469 8_internal_7274 8 145536645 145544976 89 101.637 0.96663 16.8081 0.00118316 -0.338182 0.00995025 0.0104596
ENSG00000071894.9 8 145634753 145634753 - 16 89777 8_internal_7274 8 145536645 145544976 89 84.915 0.95083 10.9707 0.0140299 -0.259887 0.199005 0.184482
ENSG00000147804.5 8 145642279 145642279 - 16 922087 8_internal_7124 8 144697267 144720192 89 93.2762 0.929136 15.8931 0.0693145 0.179803 0.681592 0.673374
ENSG00000160948.8 8 145653931 145653931 - 15 0 8_internal_7656 8 145596380 145671081 89 95.7967 0.880226 13.7661 0.28265 -0.112214 0.99005 0.98885
ENSG00000232600.2 8 145660602 145660602 + 15 -805869 8_internal_7489 8 144821486 144854733 89 87.3834 1.08001 14.4684 0.084093 0.194586 0.711443 0.703887
ENSG00000160949.12 8 145669827 145669827 - 15 0 8_internal_7145 8 144670750 145750701 89 101.324 0.864727 14.7846 0.0143707 0.276533 0.19403 0.172809
ENSG00000254578.1 8 145689200 145689200 + 15 -834467 8_internal_7489 8 144821486 144854733 89 83.5418 1.00652 13.0629 0.112877 0.177823 0.835821 0.822519
ENSG00000187954.8 8 145691060 145691060 - 15 128421 8_internal_7329 8 145555042 145562639 89 85.4713 1.05326 13.9737 0.0663851 -0.166841 0.636816 0.626502
ENSG00000167702.6 8 145691426 145691426 + 15 -971234 8_internal_7124 8 144697267 144720192 89 98.4389 0.936553 14.1902 0.075992 -0.184851 0.636816 0.624421
ENSG00000160973.7 8 145701718 145701718 - 15 629991 8_internal_7712 8 145056498 145071727 89 99.2732 1.01058 16.9666 0.0307566 -0.216919 0.343284 0.3152
ENSG00000160972.5 8 145703352 145703352 + 15 -158376 8_internal_7274 8 145536645 145544976 89 93.676 0.974259 13.3268 0.0235275 0.234119 0.208955 0.248435
ENSG00000261139.1 8 145725663 145725663 - 14 587166 8_internal_7197 8 145114879 145138497 89 81.9947 0.947687 11.0074 0.0368725 -0.223532 0.40796 0.424377
ENSG00000167701.9 8 145728356 145728356 + 14 -636618 8_internal_10423 8 144922369 145091738 89 90.5992 0.987875 13.335 0.162233 0.160557 0.905473 0.901841
ENSG00000255182.1 8 145730827 145730827 - 14 185851 8_internal_7274 8 145536645 145544976 89 98.5084 0.970417 15.4646 0.0396853 0.213256 0.393035 0.394059
ENSG00000167700.3 8 145734457 145734457 + 14 -595960 8_internal_7197 8 145114879 145138497 89 90.3732 1.01421 14.4922 0.061202 -0.200835 0.597015 0.580929
ENSG00000265393.1 8 145737950 145737950 + 14 -175311 8_internal_7329 8 145555042 145562639 89 90.3732 0.988117 12.7597 0.162808 0.140901 0.895522 0.893302
ENSG00000160957.7 8 145743229 145743229 - 14 651491 8_internal_10423 8 144922369 145091738 89 95.0666 0.924447 14.0332 0.0247659 0.250725 0.268657 0.284216
ENSG00000160959.3 8 145743376 145743376 + 14 0 8_internal_7145 8 144670750 145750701 89 87.818 1.02529 13.4065 0.0103636 0.289879 0.159204 0.128626
ENSG00000254402.1 8 145752416 145752416 - 14 1715 8_internal_7145 8 144670750 145750701 89 103.88 0.984119 16.016 0.0125712 0.265395 0.109453 0.110745
ENSG00000213563.2 8 145754516 145754516 - 14 616019 8_internal_7197 8 145114879 145138497 89 95.8141 0.904499 11.7183 0.0765835 -0.193829 0.606965 0.595338
ENSG00000147799.7 8 145911194 145911194 - 13 772697 8_internal_7197 8 145114879 145138497 89 93.9889 0.975915 14.8143 0.19575 -0.147155 0.945274 0.952645
ENSG00000198169.3 8 145981802 145981802 - 13 910075 8_internal_7712 8 145056498 145071727 89 83.3332 1.13618 12.1636 0.00322018 -0.288143 0.0348259 0.0328163
ENSG00000196378.6 8 146012730 146012730 - 13 -38811 8_internal_7257 8 146051541 146128392 89 98.3346 0.924418 13.0111 0.024238 -0.223933 0.233831 0.240549
ENSG00000161016.10 8 146017972 146017972 - 13 -33569 8_internal_7257 8 146051541 146128392 89 92.2854 0.905952 12.0088 0.0123698 0.270976 0.149254 0.154259
ENSG00000197363.4 8 146024261 146024261 + 13 -461622 8_internal_7329 8 145555042 145562639 89 82.8291 1.00123 10.5437 0.0664568 0.190882 0.58209 0.568321
ENSG00000147789.10 8 146052849 146052849 + 13 -961111 8_internal_10423 8 144922369 145091738 89 87.4182 1.00215 13.1406 0.139604 -0.161595 0.860697 0.868324
ENSG00000263640.1 8 146078798 146078798 + 12 -940301 8_internal_7197 8 145114879 145138497 89 90.4602 0.909797 10.6 0.0407192 0.240441 0.38806 0.388797
ENSG00000170619.8 8 146079121 146079121 - 12 913822 8_internal_7320 8 145156381 145165299 89 83.8025 1.12886 10.0088 0.0414219 0.226079 0.338308 0.33027
ENSG00000196150.8 8 146127553 146127553 - 10 962254 8_internal_7320 8 145156381 145165299 89 79.0744 1.09538 9.0035 0.0983242 0.185522 0.656716 0.645267
ENSG00000170631.10 8 146176274 146176274 - 8 151244 8_internal_7981 8 145979495 146025030 89 96.3008 0.969435 8.85752 0.109543 -0.16444 0.59204 0.60395
ENSG00000255164.1 8 146218300 146218300 + 8 -467599 8_internal_7145 8 144670750 145750701 89 81.5428 0.877426 6.26298 0.125589 0.170237 0.606965 0.669649
ENSG00000254618.1 8 146220272 146220272 + 8 -675296 8_internal_7274 8 145536645 145544976 89 87.9918 1.08306 8.37932 0.234155 0.127829 0.880597 0.882035
ENSG00000255559.1 8 146228197 146228197 + 8 -477496 8_internal_7145 8 144670750 145750701 89 84.2371 0.961505 7.77895 0.105549 0.168549 0.61194 0.630915
ENSG00000196922.5 8 146228281 146228281 - 8 477580 8_internal_7145 8 144670750 145750701 89 88.2352 1.03777 7.90267 0.0611931 0.198248 0.383085 0.381107
ENSG00000182307.8 8 146277764 146277764 + 8 -585201 8_internal_7235 8 145046612 145692563 89 96.857 0.916074 8.12857 0.00234634 -0.310071 0.0298507 0.0180689
