ENSG00000236875.2 9 11987 11987 + 8 253335 9_internal_6777 9 265322 301793 89 100.507 0.905557 8.69438 0.165875 -0.145817 0.781095 0.764522
ENSG00000227518.1 9 27657 27657 + 8 180403 9_internal_10204 9 208060 300420 89 87.4703 1.05736 8.46617 0.176175 0.156319 0.810945 0.798302
ENSG00000181404.13 9 29739 29739 - 8 -317369 9_internal_7524 9 347108 358473 89 80.9518 0.985358 6.78453 0.115653 -0.172185 0.621891 0.628075
ENSG00000172785.12 9 188979 188979 - 8 0 9_internal_10618 9 176357 207118 89 88.8262 0.937329 8.06082 7.9444e-10 0.607227 0.00497512 2.21214e-08
ENSG00000107099.10 9 214854 214854 + 8 0 9_internal_10204 9 208060 300420 89 87.5572 0.940832 7.4998 1.6016e-06 0.478733 0.00497512 2.87938e-05
ENSG00000235880.1 9 273002 273002 - 8 0 9_internal_6777 9 265322 301793 89 85.593 0.973165 7.55566 0.0770703 0.188497 0.492537 0.492954
ENSG00000107104.13 9 470291 470291 + 8 0 9_internal_8736 9 444811 472898 89 102.559 0.87264 7.90501 1.02873e-06 0.477065 0.00497512 7.21609e-06
ENSG00000235330.2 9 477750 477750 + 8 363378 9_internal_10053 9 841128 1053158 89 97.7609 0.862575 8.39392 0.231286 0.125217 0.895522 0.88875
ENSG00000228115.1 9 487774 487774 + 8 -14876 9_internal_8736 9 444811 472898 89 89.0174 0.963833 7.89009 0.00540241 0.292911 0.039801 0.0474765
ENSG00000227155.2 9 492112 492112 - 8 190319 9_internal_6777 9 265322 301793 89 89.5041 1.0419 8.13425 0.00347965 0.292198 0.0248756 0.0230546
ENSG00000264949.1 9 507553 507553 - 8 34655 9_internal_8736 9 444811 472898 89 80.2391 1.04708 7.34381 2.42674e-05 0.402893 0.00497512 0.000308588
ENSG00000226403.1 9 547317 547317 + 8 -74419 9_internal_8736 9 444811 472898 89 76.6408 1.11063 7.20029 2.57815e-06 0.424558 0.00497512 3.19643e-05
ENSG00000202172.1 9 558826 558826 + 8 -85928 9_internal_8736 9 444811 472898 89 98.9777 0.94189 9.95144 0.00852668 0.276139 0.0746269 0.0648576
ENSG00000227914.2 9 685555 685555 - 8 212657 9_internal_8736 9 444811 472898 89 94.0758 1.04109 9.18876 4.38723e-05 0.413872 0.00497512 0.000170301
ENSG00000080503.14 9 2015342 2015342 + 3 255105 9_internal_8358 9 2270447 2321928 89 92.3723 0.999973 2.69983 0.06861 0.205508 0.189055 0.162446
ENSG00000236199.1 9 2046023 2046023 - 3 -224424 9_internal_8358 9 2270447 2321928 89 92.4939 1.00009 3.23225 0.669393 0.0476672 0.975124 0.970359
ENSG00000222973.1 9 2162953 2162953 - 2 -64758 9_internal_7783 9 2227711 2264601 89 90.408 0.999923 2.00527 0.29068 -0.111895 0.467662 0.49239
ENSG00000147852.9 9 2621834 2621834 + 2 -357233 9_internal_7783 9 2227711 2264601 89 85.0367 1.00005 2.04617 0.0912657 -0.174038 0.169154 0.191783
ENSG00000168263.8 9 2717502 2717502 + 2 -452901 9_internal_7783 9 2227711 2264601 89 74.468 1.00008 1.85611 0.00292662 -0.332845 0.0149254 0.0120738
ENSG00000080608.8 9 2844241 2844241 - 3 579640 9_internal_7783 9 2227711 2264601 89 93.0154 1.00003 3.50929 0.0873389 -0.207345 0.258706 0.255017
ENSG00000215297.3 9 3364792 3364792 - 1 -367701 9_internal_8936 9 3732493 4671327 89 97.8479 0.999962 0.994023 0.466067 -0.0774754 0.452736 0.442652
ENSG00000203286.4 9 3469181 3469181 - 1 -263312 9_internal_8936 9 3732493 4671327 89 88.6871 0.999946 1.00325 0.842376 0.0228623 0.850746 0.843601
ENSG00000080298.11 9 3526004 3526004 - 1 -206489 9_internal_8936 9 3732493 4671327 89 85.9059 0.999975 1.00578 0.93332 -0.00869726 0.925373 0.935519
ENSG00000232104.1 9 3526723 3526723 + 1 205770 9_internal_8936 9 3732493 4671327 89 105.375 0.999969 1.09162 0.433087 -0.0878047 0.422886 0.420626
ENSG00000237359.1 9 3647335 3647335 + 3 947360 9_internal_8383 9 4594695 4685219 89 101.046 0.999928 3.38252 0.0412033 0.206974 0.139303 0.0965222
ENSG00000235326.1 9 3674546 3674546 + 3 57947 9_internal_8936 9 3732493 4671327 89 90.5645 0.999961 2.64213 0.214326 -0.132781 0.467662 0.464156
ENSG00000226669.1 9 3689626 3689626 - 3 -905069 9_internal_8383 9 4594695 4685219 89 80.9691 1.00005 2.43225 0.149805 0.150292 0.368159 0.36374
ENSG00000230001.1 9 4071884 4071884 - 6 0 9_internal_8936 9 3732493 4671327 89 101.394 0.955529 6.48891 0.0313726 0.23172 0.139303 0.146293
ENSG00000107249.15 9 4348392 4348392 - 6 0 9_internal_8936 9 3732493 4671327 89 93.8498 1.02503 5.78996 0.000681844 0.364701 0.00995025 0.00240333
ENSG00000106688.7 9 4490444 4490444 + 7 81701 9_internal_8595 9 4572145 4605309 89 92.1289 1.04389 7.34789 0.0229693 0.247919 0.159204 0.128757
ENSG00000225893.1 9 4633027 4633027 + 7 369138 9_internal_7774 9 5002165 5018181 89 91.3988 1.07039 7.52984 0.0612727 -0.197181 0.308458 0.329954
ENSG00000205808.4 9 4662298 4662298 + 7 0 9_internal_8383 9 4594695 4685219 89 90.1125 0.954668 6.70573 0.234639 0.122856 0.79602 0.840139
ENSG00000106686.12 9 4666674 4666674 - 7 -182596 9_internal_8093 9 4849270 4925001 89 86.6012 0.982015 6.76284 0.165808 0.147094 0.701493 0.726392
ENSG00000106993.7 9 4679559 4679559 + 7 0 9_internal_8383 9 4594695 4685219 89 90.043 0.939276 5.87443 0.0870209 0.172149 0.437811 0.436205
ENSG00000147853.10 9 4742043 4742043 - 7 -260122 9_internal_7774 9 5002165 5018181 89 89.0695 1.08816 7.19924 0.0978147 0.171422 0.512438 0.48362
ENSG00000120158.6 9 4792869 4792869 + 7 -187560 9_internal_8595 9 4572145 4605309 89 79.7523 1.00009 5.07013 0.129532 0.168272 0.567164 0.564964
ENSG00000233186.2 9 4804972 4804972 - 7 -643822 9_internal_10392 9 5448794 5570942 89 79.3352 1.01266 5.92342 0.298171 -0.101135 0.920398 0.901582
ENSG00000269305.1 9 4859260 4859260 - 7 -589534 9_internal_10392 9 5448794 5570942 89 89 0.99173 6.09268 0.267931 0.116652 0.860697 0.852246
ENSG00000243754.1 9 4860454 4860454 + 7 -175235 9_internal_8383 9 4594695 4685219 89 96.2486 1.04372 7.9823 0.310942 0.105614 0.935323 0.931587
ENSG00000096968.7 9 4985033 4985033 + 7 463761 9_internal_10392 9 5448794 5570942 89 96.5268 0.997976 6.83296 0.0218549 0.231832 0.109453 0.110642
ENSG00000234534.1 9 5040945 5040945 + 7 407849 9_internal_10392 9 5448794 5570942 89 94.0584 1.0224 6.90498 0.000727705 0.330385 0.00995025 0.00308884
ENSG00000182347.10 9 5086112 5086112 - 9 -362682 9_internal_10392 9 5448794 5570942 89 89.7996 1.02434 8.96985 0.0639331 -0.178158 0.427861 0.429363
ENSG00000224083.1 9 5096666 5096666 + 9 -425339 9_internal_8936 9 3732493 4671327 89 79.8045 1.05836 7.31944 0.0987178 0.157865 0.59204 0.576724
ENSG00000237711.1 9 5100236 5100236 + 9 -428909 9_internal_8936 9 3732493 4671327 89 82.5857 1.07421 8.93066 0.110856 -0.16119 0.686567 0.668021
ENSG00000236254.1 9 5107937 5107937 + 9 -89756 9_internal_7774 9 5002165 5018181 89 80.4824 1.01573 7.7493 0.0800512 0.165612 0.562189 0.535918
ENSG00000230225.1 9 5109496 5109496 + 9 -424277 9_internal_8383 9 4594695 4685219 89 75.2154 1.14154 8.26134 0.11771 0.142397 0.736318 0.692815
ENSG00000236567.2 9 5110913 5110913 + 9 337881 9_internal_10392 9 5448794 5570942 89 81.1256 1.10135 7.46074 0.0305207 0.219486 0.233831 0.216303
ENSG00000254017.1 9 5113549 5113549 + 9 -428330 9_internal_8383 9 4594695 4685219 89 99.4818 0.980464 10.2907 0.0600789 0.200362 0.383085 0.398459
ENSG00000249864.1 9 5164251 5164251 - 9 479032 9_internal_8383 9 4594695 4685219 89 95.8662 0.989145 8.89837 0.0674383 0.18302 0.427861 0.415599
ENSG00000107014.7 9 5304969 5304969 - 9 286788 9_internal_7774 9 5002165 5018181 89 91.7291 0.952937 8.68503 0.189979 0.148387 0.845771 0.839269
ENSG00000107018.5 9 5339873 5339873 - 9 321692 9_internal_7774 9 5002165 5018181 89 93.224 0.9184 9.13116 0.0866629 0.203872 0.562189 0.568507
ENSG00000231967.1 9 5356525 5356525 - 9 -698036 9_internal_7213 9 6054561 6070148 89 87.3486 1.05824 8.73254 0.039047 -0.209321 0.288557 0.280275
ENSG00000214190.2 9 5418976 5418976 - 10 400795 9_internal_7774 9 5002165 5018181 89 95.7793 0.914833 10.3656 0.00401079 0.300664 0.0348259 0.0403279
ENSG00000107020.5 9 5437878 5437878 - 10 -10916 9_internal_10392 9 5448794 5570942 89 93.815 1.0826 11.7777 0.167675 0.144029 0.880597 0.847732
ENSG00000120217.9 9 5450503 5450503 + 10 0 9_internal_10392 9 5448794 5570942 89 92.2854 0.984086 11.0578 0.00741683 0.267476 0.0646766 0.0718859
ENSG00000197646.6 9 5510545 5510545 + 10 0 9_internal_10392 9 5448794 5570942 89 81.5775 1.08363 9.32069 0.00050006 0.367231 0.00497512 0.00518461
ENSG00000231509.1 9 5584490 5584490 + 10 -659489 9_internal_8093 9 4849270 4925001 89 93.7107 0.895884 10.4897 0.0958856 0.171282 0.646766 0.66154
ENSG00000107036.7 9 5629025 5629025 + 9 -957698 9_internal_8936 9 3732493 4671327 89 97.8479 0.937981 10.6449 0.0721961 -0.190333 0.522388 0.508413
ENSG00000225408.1 9 5720244 5720244 - 8 -348116 9_internal_8294 9 6068360 6081086 89 101.759 0.982334 10.2529 0.0877547 0.182264 0.512438 0.521439
ENSG00000099219.9 9 5833117 5833117 - 8 -235243 9_internal_8294 9 6068360 6081086 89 92.8764 0.923984 7.25381 0.113181 -0.170396 0.59204 0.589072
ENSG00000223621.1 9 5856426 5856426 - 7 -823576 9_internal_7028 9 6680002 6759902 89 98.8908 0.930015 7.64676 0.0749909 -0.186664 0.40796 0.413146
ENSG00000238654.1 9 5890150 5890150 + 7 789852 9_internal_7028 9 6680002 6759902 89 88.3916 0.964691 6.29235 0.134461 -0.150214 0.597015 0.615761
ENSG00000120215.5 9 5890802 5890802 + 7 521132 9_internal_8598 9 6411934 6433773 89 90.0777 1.03751 7.87275 0.0578749 0.207064 0.368159 0.349472
ENSG00000183354.7 9 6007901 6007901 - 8 436959 9_internal_10392 9 5448794 5570942 89 75.4066 1.00454 6.59103 0.106469 0.179023 0.606965 0.620947
ENSG00000137040.8 9 6015618 6015618 - 8 997437 9_internal_7774 9 5002165 5018181 89 84.0111 1.0986 8.19337 0.133556 0.160008 0.701493 0.688654
ENSG00000147854.11 9 6413151 6413151 + 8 266851 9_internal_7028 9 6680002 6759902 89 76.4844 1.16801 7.54629 0.0461155 0.2141 0.38806 0.322462
ENSG00000233367.1 9 6449558 6449558 - 8 15785 9_internal_8598 9 6411934 6433773 89 96.04 1.06572 8.71735 0.215441 0.124845 0.840796 0.839408
ENSG00000215066.3 9 6470375 6470375 - 8 400227 9_internal_7213 9 6054561 6070148 89 90.2689 1.00894 8.40983 0.0179177 -0.25104 0.144279 0.132341
ENSG00000178445.8 9 6645650 6645650 - 7 -475516 9_internal_7938 9 7121166 7151593 89 85.5408 1.05589 6.8854 0.376189 -0.0868839 0.965174 0.961481
ENSG00000225489.1 9 6716548 6716548 + 7 404618 9_internal_7938 9 7121166 7151593 89 79.509 1.20836 7.07648 0.261518 -0.103055 0.890547 0.878139
ENSG00000107077.12 9 6720863 6720863 + 7 0 9_internal_7028 9 6680002 6759902 89 95.4316 1.00008 6.65385 0.0855302 0.197015 0.40796 0.404429
ENSG00000236563.1 9 6780333 6780333 + 7 -346560 9_internal_8598 9 6411934 6433773 89 115.891 0.831469 7.69184 0.153156 -0.149001 0.616915 0.642207
ENSG00000230581.2 9 6834456 6834456 + 7 286710 9_internal_7938 9 7121166 7151593 89 100.281 1.00007 8.08835 0.0461052 0.231635 0.268657 0.245278
ENSG00000224972.1 9 6902670 6902670 + 7 -832522 9_internal_7213 9 6054561 6070148 89 96.2313 0.923031 7.14998 0.000743857 0.332171 0.00995025 0.00514445
ENSG00000230207.1 9 7478320 7478320 - 6 326727 9_internal_7938 9 7121166 7151593 89 92.7025 1.00003 5.43914 0.207122 -0.136368 0.686567 0.698575
ENSG00000137038.7 9 7888380 7888380 - 6 -77835 9_internal_6668 9 7966215 7978550 89 78.3443 1.12886 6.55186 0.310543 0.105286 0.915423 0.920675
ENSG00000212695.4 9 8713311 8713311 + 3 20307 9_internal_8366 9 8733618 8858689 89 91.816 1.00008 3.06719 0.0716725 0.217634 0.189055 0.192396
ENSG00000265735.1 9 9442060 9442060 + 1 -583371 9_internal_8366 9 8733618 8858689 89 69.6008 0.999991 0.874455 0.905158 0.0132146 0.905473 0.885543
ENSG00000229029.2 9 14593575 14593575 + 1 699143 9_internal_9104 9 15292718 15311454 89 73.5119 0.999939 0.908058 0.907349 -0.0119601 0.905473 0.894309
ENSG00000175893.6 9 14693469 14693469 - 1 -599249 9_internal_9104 9 15292718 15311454 89 92.6852 0.999974 0.949174 0.19881 -0.131164 0.179104 0.181011
ENSG00000164946.14 9 14910993 14910993 - 1 -381725 9_internal_9104 9 15292718 15311454 89 81.5428 0.999971 0.938259 0.446549 -0.0852582 0.442786 0.445277
ENSG00000214110.3 9 14922332 14922332 - 1 -370386 9_internal_9104 9 15292718 15311454 89 97.1525 1.00004 1.01185 0.666736 0.0435834 0.686567 0.657006
ENSG00000215237.5 9 14993310 14993310 + 1 299408 9_internal_9104 9 15292718 15311454 89 81.6471 0.999931 0.954081 0.307432 -0.105042 0.328358 0.316051
ENSG00000234297.2 9 15055055 15055055 + 1 237663 9_internal_9104 9 15292718 15311454 89 85.4018 0.999944 0.939702 0.293234 -0.116331 0.303483 0.287933
ENSG00000155158.14 9 15307358 15307358 - 1 0 9_internal_9104 9 15292718 15311454 89 113.093 0.999991 1.09634 0.00116136 0.356989 0.00497512 0.00027254
ENSG00000164975.11 9 15422702 15422702 + 1 -111248 9_internal_9104 9 15292718 15311454 89 80.4477 1.00003 1.0223 0.0755711 0.197739 0.109453 0.0931584
ENSG00000164985.9 9 15511017 15511017 - 1 199563 9_internal_9104 9 15292718 15311454 89 85.1062 0.999945 0.885538 0.944696 0.00725005 0.940299 0.92449
ENSG00000164989.10 9 15552895 15552895 + 1 -241441 9_internal_9104 9 15292718 15311454 89 69.201 1.00005 0.961658 0.587064 0.0579201 0.577114 0.617897
ENSG00000044459.9 9 17134980 17134980 + 1 -240667 9_internal_7977 9 16884121 16894313 89 93.6064 0.999962 1.04767 0.111953 -0.171741 0.119403 0.107681
ENSG00000236680.1 9 19026890 19026890 + 4 63873 9_internal_7954 9 19090763 19143494 89 87.1748 1.00001 3.51499 0.506514 0.0712738 0.915423 0.919063
ENSG00000155875.9 9 19033251 19033251 - 4 -92831 9_internal_8091 9 19126082 19169721 89 90.1299 0.999916 3.92263 0.497239 -0.0786198 0.940299 0.931177
ENSG00000155876.4 9 19049372 19049372 + 4 0 9_internal_7962 9 19047942 19103747 89 76.4148 0.999901 3.29791 0.355049 0.105132 0.80597 0.805902
ENSG00000251733.1 9 19063784 19063784 - 4 -866480 9_internal_10364 9 19930264 20257171 89 85.4887 0.999884 3.98453 0.174356 -0.155408 0.557214 0.553438
ENSG00000201118.1 9 19089591 19089591 + 4 0 9_internal_7962 9 19047942 19103747 89 105.688 1.00006 4.10085 0.538137 0.0613275 0.945274 0.942718
ENSG00000147874.6 9 19103117 19103117 - 4 -827147 9_internal_10364 9 19930264 20257171 89 82.2381 0.999896 3.6903 0.127116 -0.162319 0.422886 0.433278
ENSG00000147872.5 9 19149288 19149288 - 4 0 9_internal_8091 9 19126082 19169721 89 87.818 1.00001 3.94071 0.000158565 0.380949 0.00497512 0.000691224
ENSG00000232176.1 9 19201044 19201044 - 4 -729220 9_internal_10364 9 19930264 20257171 89 75.1111 1.00004 3.58741 0.535837 -0.0614639 0.955224 0.951453
ENSG00000242215.1 9 19276173 19276173 + 4 654091 9_internal_10364 9 19930264 20257171 89 93.2588 0.999944 4.07078 0.190807 -0.133122 0.567164 0.555254
ENSG00000137145.14 9 19288622 19288622 + 4 641642 9_internal_10364 9 19930264 20257171 89 87.818 1.0001 4.20316 0.200356 -0.13248 0.61194 0.615437
ENSG00000232978.1 9 19292577 19292577 - 4 -637687 9_internal_10364 9 19930264 20257171 89 86.7055 1.00007 3.6919 0.10404 -0.162838 0.343284 0.345917
ENSG00000238348.1 9 19310689 19310689 + 4 619575 9_internal_10364 9 19930264 20257171 89 73.79 1.00005 3.75645 0.0382944 -0.193196 0.223881 0.205444
ENSG00000137154.8 9 19380252 19380252 - 4 -550012 9_internal_10364 9 19930264 20257171 89 84.0807 1.00004 3.51558 0.363847 -0.0944437 0.810945 0.8111
ENSG00000177076.4 9 19408925 19408925 + 4 -239204 9_internal_8091 9 19126082 19169721 89 100.421 0.999962 4.72967 0.361703 0.100482 0.855721 0.852143
ENSG00000260912.1 9 19453207 19453207 + 4 -349460 9_internal_7962 9 19047942 19103747 89 73.0773 1.00012 3.53427 0.156926 -0.152848 0.537313 0.545284
ENSG00000237434.1 9 20331444 20331444 + 7 326927 9_internal_8995 9 20658371 20805915 89 94.6668 0.891398 6.47395 0.105933 -0.146451 0.502488 0.529196
ENSG00000263790.1 9 20411236 20411236 - 7 154065 9_internal_10364 9 19930264 20257171 89 82.1686 1.0905 6.34378 0.00467236 0.307338 0.0348259 0.0297336
ENSG00000222202.1 9 20418319 20418319 + 7 -161148 9_internal_10364 9 19930264 20257171 89 84.4283 0.97431 6.38775 0.0086596 0.271378 0.0746269 0.0709924
ENSG00000237088.1 9 20532550 20532550 + 8 -275379 9_internal_10364 9 19930264 20257171 89 84.0633 1.09626 7.5921 0.00420463 0.3003 0.0248756 0.0285892
ENSG00000252324.1 9 20576216 20576216 + 8 -319045 9_internal_10364 9 19930264 20257171 89 92.7547 1.01267 7.30302 0.00949359 0.283326 0.0597015 0.0553233
ENSG00000171843.11 9 20622542 20622542 - 8 365371 9_internal_10364 9 19930264 20257171 89 82.1164 1.13272 8.04372 1.30328e-09 0.611818 0.00497512 4.5874e-09
ENSG00000188352.7 9 20658308 20658308 + 8 63 9_internal_8995 9 20658371 20805915 89 76.9885 1.10933 6.52872 7.31711e-13 0.60451 0.00497512 1.37796e-11
ENSG00000227071.1 9 20684687 20684687 - 8 -596441 9_internal_10152 9 21281128 21296986 89 104.766 0.918632 9.04354 0.25191 -0.117666 0.905473 0.900452
ENSG00000207609.1 9 20716104 20716104 + 8 361315 9_internal_7833 9 21077419 21083245 89 108.886 0.892541 10.5252 0.0283573 0.227254 0.18408 0.189563
ENSG00000188921.11 9 21031635 21031635 - 11 32775 9_internal_8321 9 20987416 20998860 89 107.495 0.8477 11.7178 0.000113636 0.374724 0.00995025 0.000954933
ENSG00000226393.1 9 21321299 21321299 + 10 -215307 9_internal_8078 9 20980109 21105992 89 85.002 1.00095 8.93179 0.210105 -0.125103 0.880597 0.892023
ENSG00000198642.5 9 21335379 21335379 - 10 336519 9_internal_8321 9 20987416 20998860 89 90.4602 1.01719 9.92715 0.168625 0.161201 0.835821 0.829146
ENSG00000171889.3 9 21559668 21559668 - 10 476423 9_internal_7833 9 21077419 21083245 89 94.1279 0.859273 8.51641 0.00271507 0.317108 0.0597015 0.0319878
ENSG00000244230.2 9 21699313 21699313 + 10 -578492 9_internal_7589 9 21095779 21120821 89 89.0521 0.901986 9.04667 0.131071 -0.149484 0.756219 0.753398
ENSG00000099810.13 9 21802542 21802542 + 10 -22175 9_internal_8024 9 21743937 21780367 89 96.5094 0.97314 10.9669 0.0319406 0.22331 0.273632 0.257972
ENSG00000264545.1 9 21802635 21802635 + 10 10351 9_internal_9212 9 21812986 22032378 89 83.3158 1.03572 9.92393 0.0197999 0.237342 0.20398 0.201864
ENSG00000229298.1 9 21812346 21812346 - 9 691525 9_internal_7589 9 21095779 21120821 89 72.6775 1.02909 6.0001 0.220826 0.132792 0.835821 0.840816
ENSG00000265194.1 9 21861925 21861925 - 9 81558 9_internal_8024 9 21743937 21780367 89 93.676 0.967498 9.48327 0.0519327 0.206611 0.393035 0.376379
ENSG00000264801.1 9 21929456 21929456 + 9 0 9_internal_11026 9 21815922 22245566 89 103.167 0.903194 10.2047 0.0695838 0.179816 0.442786 0.45943
ENSG00000240498.2 9 21994777 21994777 + 9 0 9_internal_11026 9 21815922 22245566 89 92.6156 0.933552 8.76504 0.0204347 0.242528 0.164179 0.170899
ENSG00000147889.12 9 21995300 21995300 - 9 912055 9_internal_7833 9 21077419 21083245 89 100.386 0.981269 11.0082 0.0619506 0.198073 0.422886 0.422791
ENSG00000147883.9 9 22009362 22009362 - 8 903370 9_internal_8078 9 20980109 21105992 89 83.733 1.08429 7.86384 0.0773082 0.18938 0.467662 0.471871
ENSG00000232466.1 9 26880547 26880547 - 3 -59510 9_internal_8111 9 26940057 27228330 89 112.867 0.999925 3.80762 0.287904 0.127106 0.616915 0.632411
ENSG00000120159.7 9 26892802 26892802 - 3 -47255 9_internal_8111 9 26940057 27228330 89 67.7756 1.00007 2.24931 0.0596986 -0.195131 0.218905 0.212229
ENSG00000096872.11 9 26947037 26947037 + 3 637894 9_internal_6698 9 27584931 27603551 89 88.2004 0.999942 3.21972 0.35908 0.100418 0.771144 0.763861
ENSG00000137055.10 9 26947461 26947461 - 3 -613917 9_internal_7514 9 27561378 27603013 89 106.87 0.999964 3.89712 0.0831155 0.184144 0.208955 0.205974
ENSG00000184434.7 9 27005691 27005691 - 3 -555687 9_internal_7514 9 27561378 27603013 89 93.2066 1 3.28309 0.209351 -0.124308 0.527363 0.517068
ENSG00000147896.3 9 27524312 27524312 + 3 37066 9_internal_7514 9 27561378 27603013 89 90.4428 0.99999 3.1311 0.63818 0.0540766 0.965174 0.957558
ENSG00000120162.8 9 27529779 27529779 - 3 301449 9_internal_8111 9 26940057 27228330 89 112.484 0.999928 3.28315 0.459279 -0.0825675 0.830846 0.818327
ENSG00000147894.10 9 27573864 27573864 - 3 0 9_internal_7514 9 27561378 27603013 89 100.212 0.999979 3.52091 0.0141607 0.271457 0.039801 0.0320783
ENSG00000215210.3 9 30689103 30689103 + 0 NA NA NA NA NA NA NA NA NA NA NA NA NA
ENSG00000122729.12 9 32384618 32384618 + 3 637430 9_internal_7576 9 33022048 33045415 89 94.9275 1.00007 3.56025 0.0279907 -0.248691 0.0845771 0.0802232
ENSG00000107201.5 9 32526322 32526322 - 4 -495726 9_internal_7576 9 33022048 33045415 89 92.0072 0.999956 4.89063 0.348118 0.10398 0.855721 0.869008
ENSG00000203542.1 9 32548487 32548487 - 4 -961956 9_internal_7915 9 33510443 33677999 89 101.95 0.999923 4.86941 0.127476 0.152888 0.40796 0.410107
ENSG00000235453.3 9 32551142 32551142 + 4 0 9_internal_7124 9 32549683 32574290 89 94.0758 0.999922 4.68515 0.182075 0.139033 0.572139 0.582386
ENSG00000197579.3 9 32552551 32552551 - 4 -564164 9_internal_7571 9 33116715 33127262 89 87.4182 1.00009 3.83164 0.0173495 0.247173 0.0845771 0.0685983
ENSG00000203659.4 9 32553187 32553187 + 4 957256 9_internal_7915 9 33510443 33677999 89 90.1125 1.00008 3.78818 0.0195966 0.230793 0.0597015 0.0695129
ENSG00000214006.1 9 32556904 32556904 + 4 0 9_internal_7124 9 32549683 32574290 89 85.2105 1.00009 4.29037 0.160628 0.138955 0.557214 0.550086
ENSG00000241043.1 9 32566787 32566787 + 4 549928 9_internal_7571 9 33116715 33127262 89 94.0932 0.999985 4.46192 0.339465 0.0922088 0.845771 0.827949
ENSG00000232303.2 9 32567124 32567124 - 4 0 9_internal_7124 9 32549683 32574290 89 93.4848 0.999992 4.46314 0.734813 -0.0369859 0.995025 0.997026
ENSG00000165264.6 9 32573160 32573160 - 4 -937283 9_internal_7915 9 33510443 33677999 89 88.3047 0.999901 4.09366 0.259056 -0.119626 0.691542 0.710012
ENSG00000122728.6 9 32635667 32635667 - 4 -874776 9_internal_7915 9 33510443 33677999 89 87.2096 0.999924 3.85652 0.827394 0.0228448 1 0.998902
ENSG00000256239.1 9 32635667 32635667 - 4 -874776 9_internal_7915 9 33510443 33677999 89 96.1965 0.99998 4.19403 0.827394 0.0228448 1 0.999258
ENSG00000236796.1 9 32869593 32869593 - 7 -640850 9_internal_7915 9 33510443 33677999 89 84.776 1.00265 6.086 0.0490216 -0.201225 0.278607 0.288971
ENSG00000237437.1 9 32945994 32945994 + 7 921017 9_internal_7983 9 33867011 33885980 89 89.6779 0.869406 5.9487 0.0119997 0.275308 0.114428 0.0997304
ENSG00000236184.1 9 32980401 32980401 - 7 406111 9_internal_7124 9 32549683 32574290 89 95.31 1.05395 8.66171 0.0849601 0.172896 0.487562 0.464233
ENSG00000225693.1 9 33020163 33020163 - 7 -728461 9_internal_7508 9 33748624 33752916 89 87.6094 1.01305 7.56437 0.119736 0.157921 0.621891 0.623099
ENSG00000137074.13 9 33025166 33025166 - 7 0 9_internal_7576 9 33022048 33045415 89 84.098 1.08752 6.95305 0.0380169 -0.209807 0.223881 0.231841
ENSG00000086061.11 9 33025209 33025209 + 7 91506 9_internal_7571 9 33116715 33127262 89 86.6186 1.04243 6.67558 0.072257 0.215034 0.38806 0.391347
ENSG00000222169.1 9 33042214 33042214 - 7 467924 9_internal_7124 9 32549683 32574290 89 94.5973 0.90354 6.74928 0.0920287 -0.176982 0.467662 0.486735
ENSG00000122692.7 9 33076665 33076665 - 7 -433778 9_internal_7915 9 33510443 33677999 89 93.4848 0.958803 7.18677 0.0663116 0.181306 0.38806 0.377493
ENSG00000233554.1 9 33166973 33166973 + 9 -39711 9_internal_7571 9 33116715 33127262 89 98.8387 0.944983 8.5197 0.00184983 0.337172 0.0149254 0.0115798
ENSG00000086062.8 9 33167354 33167354 - 9 40092 9_internal_7571 9 33116715 33127262 89 91.6248 1.03021 10.0066 4.61932e-14 0.708695 0.00497512 8.00992e-14
ENSG00000122711.4 9 33218363 33218363 + 10 920875 9_internal_6972 9 34139238 34143788 89 93.902 0.951308 9.50416 0.0815166 -0.184749 0.547264 0.538834
ENSG00000107262.11 9 33264761 33264761 - 10 -874477 9_internal_6972 9 34139238 34143788 89 98.3693 0.834687 8.80369 0.0828492 0.185929 0.507463 0.544639
ENSG00000086065.8 9 33264940 33264940 + 10 483684 9_internal_7508 9 33748624 33752916 89 90.8252 0.954636 9.3371 0.0308902 -0.222445 0.253731 0.261433
ENSG00000086102.14 9 33290509 33290509 + 10 219934 9_internal_7915 9 33510443 33677999 89 91.7986 0.92679 8.9568 0.0807289 -0.191367 0.502488 0.542265
ENSG00000165269.7 9 33402643 33402643 - 10 357228 9_internal_7576 9 33022048 33045415 89 93.5195 1.02309 10.3125 0.164455 0.146853 0.80597 0.81594
ENSG00000165272.9 9 33447609 33447609 - 10 402194 9_internal_7576 9 33022048 33045415 89 113.718 0.894428 14.7032 0.385742 0.0972813 1 0.997678
ENSG00000165271.11 9 33473928 33473928 - 10 -274696 9_internal_7508 9 33748624 33752916 89 91.3814 1.02216 10.6948 0.167094 0.138162 0.840796 0.842881
ENSG00000237984.2 9 33677497 33677497 - 10 -189514 9_internal_7983 9 33867011 33885980 89 96.5268 0.971072 10.4344 0.0656915 -0.198235 0.447761 0.461025
ENSG00000010438.11 9 33750515 33750515 + 10 -623253 9_internal_7571 9 33116715 33127262 89 95.0145 1.03211 10.8247 0.0645205 0.192758 0.427861 0.449567
ENSG00000107341.4 9 33817565 33817565 + 10 -772150 9_internal_7576 9 33022048 33045415 89 88.0439 1.08004 9.89385 0.00520236 0.292585 0.0298507 0.0403373
ENSG00000200834.1 9 33830976 33830976 + 10 -703714 9_internal_7571 9 33116715 33127262 89 92.268 0.917833 9.56343 0.0837673 -0.163057 0.542289 0.579214
ENSG00000230925.2 9 33911120 33911120 - 10 -251851 9_internal_6917 9 34162971 34173542 89 88.9131 1.08501 9.62961 0.045144 -0.208239 0.353234 0.321492
ENSG00000238300.1 9 33934374 33934374 - 10 888959 9_internal_7576 9 33022048 33045415 89 105.757 0.884043 11.6911 0.0837676 -0.173546 0.537313 0.566282
ENSG00000226801.2 9 33968516 33968516 - 10 841254 9_internal_7571 9 33116715 33127262 89 90.0256 0.98466 8.62029 0.0577042 -0.183106 0.41791 0.400328
ENSG00000235983.1 9 33983643 33983643 + 10 -97663 9_internal_7983 9 33867011 33885980 89 87.2965 0.937358 9.31296 0.193522 0.140215 0.875622 0.883876
ENSG00000137073.15 9 34048947 34048947 - 9 921685 9_internal_7571 9 33116715 33127262 89 82.099 1.0997 7.68998 0.343163 -0.0949766 0.960199 0.962675
ENSG00000228352.1 9 34084330 34084330 + 9 560361 9_internal_8233 9 34644691 34653737 89 86.2535 1.0697 8.60972 0.099241 0.189446 0.597015 0.584749
ENSG00000224802.2 9 34109966 34109966 - 9 982704 9_internal_7571 9 33116715 33127262 89 103.219 0.918573 9.57159 0.115623 -0.151622 0.616915 0.63031
ENSG00000198876.7 9 34127397 34127397 - 8 -11841 9_internal_6972 9 34139238 34143788 89 109.79 0.977817 10.9644 0.0824356 -0.182727 0.502488 0.464104
ENSG00000165006.8 9 34179003 34179003 + 8 -35215 9_internal_6972 9 34139238 34143788 89 93.9541 0.957362 8.56206 0.0751021 -0.201994 0.487562 0.470218
ENSG00000227383.1 9 34191553 34191553 + 8 -18011 9_internal_6917 9 34162971 34173542 89 92.8764 1.0043 8.92191 0.190845 0.141046 0.810945 0.831309
ENSG00000200141.1 9 34194905 34194905 - 8 516906 9_internal_7915 9 33510443 33677999 89 93.1893 0.941676 7.18781 0.348217 -0.0937616 0.960199 0.953033
ENSG00000203512.1 9 34195642 34195642 + 8 -517643 9_internal_7915 9 33510443 33677999 89 80.465 1.03632 6.0573 0.476759 0.0696034 0.970149 0.9837
ENSG00000203511.3 9 34201513 34201513 - 8 315533 9_internal_7983 9 33867011 33885980 89 105.183 0.9564 9.34267 0.0454519 0.211257 0.298507 0.263537
ENSG00000252164.1 9 34206239 34206239 - 8 706 9_internal_7439 9 34179426 34205533 89 88.7219 1.03911 7.96851 0.180272 -0.137762 0.800995 0.785189
ENSG00000233668.1 9 34224626 34224626 - 8 19093 9_internal_7439 9 34179426 34205533 89 85.6104 0.90934 5.68189 0.0505435 -0.206459 0.298507 0.317076
ENSG00000186638.10 9 34329198 34329198 - 8 651199 9_internal_7915 9 33510443 33677999 89 83.0029 1.14376 8.79178 0.0182217 0.264585 0.139303 0.135521
ENSG00000164978.12 9 34329504 34329504 + 8 -155962 9_internal_6917 9 34162971 34173542 89 76.6234 1.05248 7.28394 0.167483 0.139727 0.810945 0.789701
ENSG00000164976.7 9 34376851 34376851 - 8 490871 9_internal_7983 9 33867011 33885980 89 83.5418 0.981284 7.18129 0.000144747 -0.374221 0.00497512 0.0018924
ENSG00000164972.7 9 34397830 34397830 - 8 224288 9_internal_6917 9 34162971 34173542 89 102.663 0.905475 9.45684 0.0197104 -0.252031 0.139303 0.139552
ENSG00000164970.10 9 34458568 34458568 - 8 572588 9_internal_7983 9 33867011 33885980 89 84.8281 1.04318 8.68963 0.247529 0.116796 0.930348 0.920597
ENSG00000164967.5 9 34612101 34612101 - 11 859185 9_internal_7508 9 33748624 33752916 89 86.7229 1.0003 10.5726 0.185857 0.148975 0.870647 0.894447
ENSG00000137100.10 9 34620515 34620515 - 11 476727 9_internal_6972 9 34139238 34143788 89 88.9479 0.972746 10.8795 0.280408 0.116777 0.975124 0.973622
ENSG00000147955.11 9 34637806 34637806 - 11 494018 9_internal_6972 9 34139238 34143788 89 75.424 1.10453 9.12777 0.200038 -0.137684 0.890547 0.901676
ENSG00000213930.6 9 34638130 34638130 + 11 -697464 9_internal_9760 9 33827584 33940666 89 95.0145 0.850344 8.70609 0.00144728 0.349256 0.0298507 0.0184693
ENSG00000258728.1 9 34646642 34646642 + 11 -705976 9_internal_9760 9 33827584 33940666 89 98.9082 0.99989 14.4401 0.00865061 0.295608 0.0746269 0.0783079
ENSG00000137070.12 9 34650699 34650699 + 11 854467 9_internal_6946 9 35505166 35541178 89 100.421 0.959348 12.3905 0.0361136 -0.23605 0.258706 0.296648
ENSG00000213927.3 9 34664045 34664045 - 11 458512 9_internal_7439 9 34179426 34205533 89 91.225 0.992323 12.8204 0.214625 -0.124431 0.960199 0.951157
ENSG00000230074.1 9 34665662 34665662 + 11 839504 9_internal_6946 9 35505166 35541178 89 89.2086 0.98825 10.586 0.00973233 0.279692 0.124378 0.100644
ENSG00000261215.1 9 34666026 34666026 - 11 460493 9_internal_7439 9 34179426 34205533 89 95.084 1.08281 10.5286 0.0728479 -0.189883 0.487562 0.461883
ENSG00000187186.10 9 34666109 34666109 - 11 12372 9_internal_8233 9 34644691 34653737 89 95.9879 1.0242 11.2977 0.0500198 0.216228 0.378109 0.371185
ENSG00000137094.10 9 34989638 34989638 + 8 -845850 9_internal_6972 9 34139238 34143788 89 81.6471 0.980235 6.28516 0.224313 -0.135755 0.825871 0.833232
ENSG00000174038.8 9 35041092 35041092 + 8 787262 9_internal_8535 9 35828354 35847776 89 91.5379 0.978963 8.17815 0.0425926 -0.196019 0.278607 0.291575
ENSG00000269510.1 9 35042824 35042824 - 8 -452591 9_internal_7845 9 35495415 35520007 89 89.8344 1.04056 9.25378 0.0509449 0.221927 0.373134 0.358303
ENSG00000241568.2 9 35049268 35049268 + 8 779086 9_internal_8535 9 35828354 35847776 89 96.4746 1.01119 8.09783 0.214575 0.122403 0.820896 0.82669
ENSG00000165280.11 9 35073246 35073246 - 8 899704 9_internal_6917 9 34162971 34173542 89 82.5336 1.07111 7.64866 0.354769 -0.102145 0.975124 0.967987
ENSG00000221829.5 9 35080013 35080013 - 8 -442900 9_internal_7981 9 35522913 35532084 89 85.1932 0.98342 7.3511 0.0209934 -0.260436 0.174129 0.169092
ENSG00000234181.1 9 35096375 35096375 + 8 399040 9_internal_7845 9 35495415 35520007 89 106.591 0.871094 8.96595 0.277474 -0.104015 0.930348 0.927148
ENSG00000165282.8 9 35096591 35096591 - 8 923049 9_internal_6917 9 34162971 34173542 89 94.7537 0.896662 8.73339 0.0136148 0.258966 0.114428 0.120716
ENSG00000165283.10 9 35103154 35103154 - 8 -402012 9_internal_6946 9 35505166 35541178 89 96.3182 0.998511 9.90084 0.0757689 0.179267 0.482587 0.48468
ENSG00000005238.13 9 35115999 35115999 - 8 972211 9_internal_6972 9 34139238 34143788 89 84.6021 1.14857 8.40884 0.0266417 0.245289 0.199005 0.176217
ENSG00000198722.8 9 35161999 35161999 + 8 -956466 9_internal_7439 9 34179426 34205533 89 93.9193 0.924644 7.5354 0.0607663 -0.195141 0.363184 0.378105
ENSG00000198853.7 9 35490124 35490124 + 7 15042 9_internal_6946 9 35505166 35541178 89 86.1318 1.01077 6.57821 0.00230162 0.34002 0.0248756 0.0168981
ENSG00000215187.5 9 35563896 35563896 - 7 -264458 9_internal_8535 9 35828354 35847776 89 96.8049 0.912118 6.77175 0.0042827 0.300532 0.039801 0.0281824
ENSG00000107140.10 9 35605367 35605367 + 7 -951630 9_internal_8233 9 34644691 34653737 89 84.0459 0.958003 6.50167 0.0935438 0.176073 0.557214 0.526941
ENSG00000231393.1 9 35642511 35642511 + 7 492330 9_internal_7699 9 36134841 36161836 89 80.9865 1.09329 6.35128 0.114328 -0.152532 0.557214 0.554313
ENSG00000227933.1 9 35646267 35646267 + 7 -114183 9_internal_7981 9 35522913 35532084 89 94.9275 0.962965 7.45689 0.0799867 -0.190644 0.422886 0.438108
ENSG00000137101.7 9 35646807 35646807 - 7 993070 9_internal_8233 9 34644691 34653737 89 81.3168 1.1611 6.39099 0.152771 0.157327 0.691542 0.642527
ENSG00000137078.4 9 35650937 35650937 - 7 118853 9_internal_7981 9 35522913 35532084 89 79.9436 1.05386 6.61719 0.328992 0.108593 0.925373 0.939933
ENSG00000199916.1 9 35658014 35658014 - 6 116836 9_internal_6946 9 35505166 35541178 89 88.7219 1.00589 5.76665 0.0172207 -0.250563 0.114428 0.0947548
ENSG00000159884.7 9 35658301 35658301 + 6 -126217 9_internal_7981 9 35522913 35532084 89 79.3178 0.94851 5.76132 0.381049 0.102782 0.975124 0.955582
ENSG00000137135.12 9 35675863 35675863 - 6 -152491 9_internal_8535 9 35828354 35847776 89 90.8078 0.999912 5.30473 0.283368 -0.124829 0.830846 0.823024
ENSG00000198467.7 9 35691017 35691017 - 6 158933 9_internal_7981 9 35522913 35532084 89 85.2105 1.00009 5.08443 0.224973 -0.129324 0.761194 0.744115
ENSG00000107175.6 9 35732332 35732332 + 6 -212325 9_internal_7845 9 35495415 35520007 89 84.2893 0.966978 5.6284 0.181712 0.140546 0.721393 0.714185
ENSG00000137076.12 9 35732392 35732392 - 6 -645270 9_internal_7607 9 36377662 36400536 89 89.7127 0.959946 7.05161 0.0527735 -0.21326 0.343284 0.331393
ENSG00000107185.8 9 35749203 35749203 + 6 385638 9_internal_7699 9 36134841 36161836 89 90.4428 0.977588 5.76452 0.155571 0.149063 0.631841 0.623296
ENSG00000070610.10 9 35749983 35749983 - 6 -384858 9_internal_7699 9 36134841 36161836 89 90.3732 0.955993 5.58867 0.0219498 -0.238486 0.129353 0.124528
ENSG00000215183.4 9 35756610 35756610 - 6 -621052 9_internal_7607 9 36377662 36400536 89 94.0932 0.928057 5.79545 0.0526799 -0.189709 0.278607 0.271482
ENSG00000228843.1 9 35757937 35757937 - 6 -376904 9_internal_7699 9 36134841 36161836 89 89.2607 1.06471 6.35812 0.0995729 0.168339 0.457711 0.455612
ENSG00000227388.2 9 35772160 35772160 + 6 -230982 9_internal_6946 9 35505166 35541178 89 86.0623 0.971837 6.60905 0.0429614 0.182891 0.268657 0.282703
ENSG00000159899.10 9 35792151 35792151 + 6 -260067 9_internal_7981 9 35522913 35532084 89 78.9354 0.999916 5.36555 0.187127 -0.153124 0.736318 0.725854
ENSG00000137098.9 9 35812269 35812269 - 6 280185 9_internal_7981 9 35522913 35532084 89 94.8754 0.914149 5.90293 0.0526624 -0.217213 0.238806 0.277444
ENSG00000137103.11 9 35814448 35814448 + 6 -294441 9_internal_7845 9 35495415 35520007 89 103.097 1.00503 7.70538 0.102252 -0.155605 0.497512 0.465091
ENSG00000137133.5 9 35815351 35815351 - 6 295344 9_internal_7845 9 35495415 35520007 89 92.4592 0.985303 6.64678 0.227092 -0.132859 0.79602 0.809231
ENSG00000236083.1 9 35859980 35859980 - 6 318802 9_internal_6946 9 35505166 35541178 89 96.9961 0.961493 6.49196 0.19996 -0.134072 0.756219 0.73904
ENSG00000213866.3 9 35972315 35972315 - 6 452308 9_internal_7845 9 35495415 35520007 89 81.6645 1.10645 6.17227 0.44605 -0.0739823 0.975124 0.974716
ENSG00000122707.7 9 36036430 36036430 + 6 341232 9_internal_7607 9 36377662 36400536 89 78.5877 0.999939 5.46823 0.12031 -0.158149 0.562189 0.574074
ENSG00000122694.10 9 36136730 36136730 + 6 0 9_internal_7699 9 36134841 36161836 89 93.45 0.991184 7.1883 2.89491e-05 0.443626 0.00497512 0.000142303
ENSG00000185972.4 9 36169389 36169389 + 7 -628211 9_internal_6946 9 35505166 35541178 89 96.718 0.987176 7.83157 0.196044 0.113991 0.781095 0.787537
