ENSG00000266904.1 19 19887232 19887232 - 10 -84278 19_internal_8000 19 19971510 21583761 6.71656e-06 0.407222 1
ENSG00000267481.1 19 19901340 19901340 - 10 -70170 19_internal_8000 19 19971510 21583761 7.25084e-08 0.547436 1
ENSG00000081665.9 19 19932560 19932560 - 10 0 19_internal_9835 19 19842944 22035720 1.12595e-05 0.491276 0
ENSG00000081665.9 19 19932560 19932560 - 10 -38950 19_internal_8000 19 19971510 21583761 1.45325e-06 0.538656 1
ENSG00000256771.2 19 19976695 19976695 + 10 0 19_internal_8000 19 19971510 21583761 2.01781e-05 0.48954 1
ENSG00000269110.1 19 20844389 20844389 - 2 0 19_internal_9835 19 19842944 22035720 3.75477e-07 0.547971 1
ENSG00000188171.10 19 20844402 20844402 - 2 0 19_internal_9835 19 19842944 22035720 1.41304e-06 0.526641 1
ENSG00000182141.5 19 21512227 21512227 - 2 0 19_internal_9835 19 19842944 22035720 5.1738e-06 0.459421 1
ENSG00000196268.7 19 21579921 21579921 + 2 0 19_internal_9835 19 19842944 22035720 2.67761e-08 0.572126 1
ENSG00000269237.1 19 21587961 21587961 + 2 0 19_internal_9835 19 19842944 22035720 1.62791e-06 0.508267 1
ENSG00000268119.1 19 21646710 21646710 - 2 0 19_internal_9835 19 19842944 22035720 2.47694e-07 0.529446 1
ENSG00000268119.1 19 21646710 21646710 - 2 62949 19_internal_8000 19 19971510 21583761 0.000291729 0.389561 0
ENSG00000197013.5 19 21679484 21679484 + 2 0 19_internal_9835 19 19842944 22035720 1.32972e-09 0.581849 1
ENSG00000268081.1 19 21752039 21752039 - 2 0 19_internal_9835 19 19842944 22035720 2.92892e-09 0.581254 1
ENSG00000268278.1 19 21820776 21820776 + 3 0 19_internal_9835 19 19842944 22035720 6.2637e-05 0.437284 1
ENSG00000160321.10 19 22193751 22193751 - 3 158031 19_internal_9835 19 19842944 22035720 7.2469e-07 0.546969 1
ENSG00000229676.2 19 22817126 22817126 + 5 0 19_internal_7795 19 22816455 24098352 1.38651e-05 0.461414 1
ENSG00000268981.1 19 22899793 22899793 - 5 0 19_internal_7795 19 22816455 24098352 0.000133668 0.377176 1
ENSG00000267410.1 19 34692721 34692721 + 7 -985694 19_internal_7804 19 33616733 33707027 1.5803e-06 -0.495466 1
ENSG00000089351.9 19 35485688 35485688 + 10 -8474 19_internal_7903 19 35464084 35477214 1.31557e-05 0.418834 1
ENSG00000253950.2 19 35500023 35500023 + 10 -22809 19_internal_7903 19 35464084 35477214 6.80249e-08 0.499157 1
