ENSG00000121274.8 16 50186829 50186829 + 4 180289 16_internal_7440 16 50367118 50403795 0.000120157 0.41809 1
ENSG00000121281.7 16 50280048 50280048 + 4 87070 16_internal_7440 16 50367118 50403795 2.00939e-15 0.739684 1
ENSG00000238544.1 16 50386203 50386203 - 4 0 16_internal_7440 16 50367118 50403795 2.87346e-10 0.613013 1
ENSG00000238544.1 16 50386203 50386203 - 4 -258308 16_internal_5659 16 50644511 50662383 0.00029513 0.378808 0
ENSG00000166164.11 16 50402845 50402845 - 4 0 16_internal_7440 16 50367118 50403795 2.57635e-17 0.781749 1
ENSG00000140807.4 16 50582241 50582241 + 4 -178446 16_internal_7440 16 50367118 50403795 1.54711e-06 0.470105 1
ENSG00000260029.2 16 50587851 50587851 - 4 184056 16_internal_7440 16 50367118 50403795 1.48651e-08 0.560494 1
ENSG00000167208.10 16 50715264 50715264 - 4 311469 16_internal_7440 16 50367118 50403795 5.73694e-05 0.441467 0
ENSG00000167208.10 16 50715264 50715264 - 4 0 16_internal_8817 16 50708832 50799193 6.27869e-06 0.494314 1
ENSG00000167207.7 16 50727514 50727514 + 4 -323719 16_internal_7440 16 50367118 50403795 1.06586e-06 0.467838 1
ENSG00000083799.13 16 50775961 50775961 + 4 -372166 16_internal_7440 16 50367118 50403795 1.32182e-05 0.421093 1
ENSG00000261804.1 16 53407405 53407405 + 5 0 16_internal_7182 16 53399023 53424600 5.44167e-06 0.466512 1
ENSG00000140853.11 16 57023397 57023397 + 10 0 16_internal_7454 16 56997991 57090615 1.13986e-14 0.725831 1
ENSG00000140853.11 16 57023397 57023397 + 10 68486 16_internal_7222 16 57091883 57109086 3.06327e-06 0.480641 0
