ENSG00000230148.4 17 46620913 46620913 + 14 0 17_internal_8597 17 46618048 46657860 2.8757e-10 0.613484 1
ENSG00000230148.4 17 46620913 46620913 + 14 11915 17_internal_9223 17 46632828 46656350 3.20272e-09 0.58568 0
ENSG00000173917.9 17 46623441 46623441 - 14 0 17_internal_8597 17 46618048 46657860 8.41326e-09 0.576845 0
ENSG00000173917.9 17 46623441 46623441 - 14 -9387 17_internal_9223 17 46632828 46656350 1.53533e-09 0.602194 1
ENSG00000233101.6 17 46626992 46626992 + 14 0 17_internal_8597 17 46618048 46657860 2.30868e-12 0.652098 1
ENSG00000233101.6 17 46626992 46626992 + 14 5836 17_internal_9223 17 46632828 46656350 3.00373e-07 0.507997 0
ENSG00000182742.5 17 46657473 46657473 - 14 1123 17_internal_9223 17 46632828 46656350 5.70305e-12 0.697963 1
ENSG00000257178.1 17 46659621 46659621 - 14 1761 17_internal_8597 17 46618048 46657860 1.10687e-05 0.463632 1
ENSG00000120093.7 17 46682274 46682274 - 14 24414 17_internal_8597 17 46618048 46657860 7.03321e-08 0.542096 0
ENSG00000120093.7 17 46682274 46682274 - 14 25924 17_internal_9223 17 46632828 46656350 1.0431e-12 0.679821 1
ENSG00000141232.4 17 48945339 48945339 - 9 -38419 17_internal_9242 17 48983758 49028718 1.14918e-05 0.442329 1
