ENSG00000153395.5 5 1524092 1524092 - 4 5634 5_internal_11317 5 1468120 1518458 4.87225e-07 0.481321 1
ENSG00000246214.1 5 16616035 16616035 + 8 0 5_internal_12438 5 16463585 16620040 1.18523e-07 0.494524 0
ENSG00000246214.1 5 16616035 16616035 + 8 0 5_internal_8479 5 16615697 16631784 1.12785e-13 0.634049 1
ENSG00000154153.9 5 16617167 16617167 - 8 0 5_internal_12438 5 16463585 16620040 2.67003e-17 0.725648 1
ENSG00000154153.9 5 16617167 16617167 - 8 0 5_internal_8479 5 16615697 16631784 2.78587e-16 0.696603 0
ENSG00000250415.1 5 16617334 16617334 + 8 0 5_internal_8479 5 16615697 16631784 2.5637e-06 0.505249 1
ENSG00000215156.4 5 34190138 34190138 + 3 0 5_internal_10663 5 34182627 34194227 1.50666e-23 0.84076 1
ENSG00000215158.5 5 34244901 34244901 - 4 50674 5_internal_10663 5 34182627 34194227 3.4103e-08 -0.571613 1
ENSG00000170571.6 5 49739082 49739082 - 6 -110209 5_internal_9924 5 49849291 49887632 1.55562e-05 0.441431 1
ENSG00000213949.3 5 52083730 52083730 + 3 0 5_internal_12227 5 52019730 52406397 7.17446e-05 0.3779 1
ENSG00000248727.1 5 55777773 55777773 - 6 0 5_internal_13676 5 55642481 55985029 1.83002e-11 0.655607 0
ENSG00000248727.1 5 55777773 55777773 - 6 -175705 5_internal_8404 5 55953478 55990300 2.10882e-12 0.687736 1
ENSG00000248727.1 5 55777773 55777773 - 6 -251012 5_internal_9442 5 56028785 56154923 1.4445e-07 0.55618 0
ENSG00000095015.5 5 56111401 56111401 + 6 -126372 5_internal_13676 5 55642481 55985029 7.75443e-12 0.649738 0
ENSG00000095015.5 5 56111401 56111401 + 6 -121101 5_internal_8404 5 55953478 55990300 6.55421e-14 0.704696 1
ENSG00000095015.5 5 56111401 56111401 + 6 0 5_internal_9442 5 56028785 56154923 5.76204e-10 0.622461 0
ENSG00000238717.1 5 56152975 56152975 + 6 -167946 5_internal_13676 5 55642481 55985029 4.04066e-05 0.451549 0
ENSG00000238717.1 5 56152975 56152975 + 6 -162675 5_internal_8404 5 55953478 55990300 7.24203e-09 0.617028 1
ENSG00000238717.1 5 56152975 56152975 + 6 0 5_internal_9442 5 56028785 56154923 9.52636e-06 0.500292 0
ENSG00000237705.1 5 56157991 56157991 - 6 172962 5_internal_13676 5 55642481 55985029 3.63454e-12 0.629317 0
ENSG00000237705.1 5 56157991 56157991 - 6 167691 5_internal_8404 5 55953478 55990300 1.08316e-12 0.649665 1
ENSG00000237705.1 5 56157991 56157991 - 6 3068 5_internal_9442 5 56028785 56154923 9.25073e-09 0.560217 0
ENSG00000069020.13 5 65892176 65892176 + 10 414358 5_internal_9369 5 66306534 66331618 1.24388e-05 0.458368 0
ENSG00000069020.13 5 65892176 65892176 + 10 567847 5_internal_12559 5 66460023 66519258 2.05102e-07 0.539607 1
