ENSG00000175928.5 3 3841121 3841121 + 5 0 3_internal_18274 3 3232468 4027447 0.000154135 0.364745 1
ENSG00000134107.4 3 5020801 5020801 + 12 0 3_internal_16797 3 4908147 5068836 1.24916e-05 0.436493 1
ENSG00000224660.1 3 15295691 15295691 + 8 10822 3_internal_17619 3 15306513 15451667 1.17023e-05 0.470076 1
ENSG00000131370.11 3 15382875 15382875 - 7 0 3_internal_17619 3 15306513 15451667 3.55494e-07 0.526369 1
ENSG00000182247.5 3 23244511 23244511 + 2 0 3_internal_14047 3 23153756 23497772 5.95492e-12 0.579893 1
ENSG00000261572.1 3 32280070 32280070 - 7 -46051 3_internal_11657 3 32326121 32334262 1.35216e-05 0.42394 1
ENSG00000170293.4 3 32280171 32280171 + 7 45950 3_internal_11657 3 32326121 32334262 3.19566e-12 0.614332 1
ENSG00000234737.1 3 32300432 32300432 + 7 25689 3_internal_11657 3 32326121 32334262 3.5767e-11 0.616184 1
ENSG00000153551.9 3 32433163 32433163 + 8 0 3_internal_11540 3 32430860 32491580 9.88216e-10 0.570626 1
ENSG00000114812.8 3 42530791 42530791 + 8 0 3_internal_17373 3 42153035 42581878 8.66918e-07 0.531779 1
ENSG00000232354.2 3 42574098 42574098 - 8 0 3_internal_17373 3 42153035 42581878 5.69732e-07 0.555006 1
ENSG00000075914.8 3 45016733 45016733 + 12 1135 3_internal_13711 3 45017868 45254201 2.80728e-05 0.452184 1
ENSG00000211456.5 3 45730548 45730548 + 23 10550 3_internal_16225 3 45741098 45784265 3.58404e-06 0.479321 1
