ENSG00000251938.1 3 47130098 47130098 + 6 50036 3_internal_11108 3 47180134 47204989 163 165.881 0.969695 5.84523 0.080728 0.138581 0.39801 0.39249
ENSG00000181555.15 3 47205457 47205457 - 6 605045 3_internal_10852 3 46530164 46600412 163 162.682 1.00456 5.82416 0.0989907 -0.128745 0.442786 0.454132
ENSG00000227398.2 3 47205987 47205987 + 6 -690823 3_internal_16997 3 46128754 46515164 163 150.091 0.999968 5.13104 0.0166431 -0.190537 0.119403 0.10598
ENSG00000114648.7 3 47324407 47324407 + 6 -119418 3_internal_11108 3 47180134 47204989 163 159.912 1.05146 6.45242 0.00762755 -0.21148 0.0298507 0.0437789
ENSG00000088727.8 3 47324941 47324941 - 6 581184 3_internal_11266 3 46734044 46743757 163 160.692 0.899303 5.95311 0.208952 0.0956625 0.80597 0.789144
ENSG00000260236.1 3 47422489 47422489 - 6 907325 3_internal_16997 3 46128754 46515164 163 151.603 1.02357 5.99595 0.297567 0.084135 0.890547 0.892875
ENSG00000076201.9 3 47422501 47422501 + 6 -295355 3_internal_12855 3 47050334 47127146 163 148.546 0.999964 5.11153 0.22284 0.0974318 0.776119 0.761634
ENSG00000238350.1 3 47507839 47507839 + 5 -302850 3_internal_11108 3 47180134 47204989 163 145.442 1.00005 4.80731 0.368123 0.068881 0.925373 0.910934
ENSG00000114650.14 3 47518616 47518616 - 5 313627 3_internal_11108 3 47180134 47204989 163 157.349 0.99997 4.78429 4.2949e-05 0.308943 0.00497512 0.000279358
ENSG00000163832.11 3 47555251 47555251 - 6 -982730 3_internal_11496 3 48537981 48604545 163 180.175 0.925887 6.5349 0.0866905 0.136826 0.38806 0.420468
ENSG00000114646.5 3 47622282 47622282 - 5 417293 3_internal_11108 3 47180134 47204989 163 173.888 0.999946 5.38809 0.0643529 -0.143914 0.248756 0.267137
ENSG00000214773.1 3 47646167 47646167 - 5 -891814 3_internal_11496 3 48537981 48604545 163 147.687 1.00002 4.83296 0.144715 -0.113818 0.59204 0.581972
ENSG00000235695.1 3 47705116 47705116 + 5 -961359 3_internal_11266 3 46734044 46743757 163 164.687 0.999954 4.94555 0.0344556 0.170323 0.154229 0.155237
ENSG00000266457.1 3 47810601 47810601 + 4 -683455 3_internal_12855 3 47050334 47127146 163 174.35 0.999957 3.72583 0.635046 -0.0373506 0.975124 0.973731
ENSG00000173473.6 3 47823596 47823596 - 4 -714385 3_internal_11496 3 48537981 48604545 163 143.978 1.00004 2.94055 0.259828 -0.0885231 0.646766 0.634247
ENSG00000132153.10 3 47844399 47844399 + 4 693582 3_internal_11496 3 48537981 48604545 163 187.816 1.00001 4.74832 0.324039 -0.0790933 0.840796 0.802913
ENSG00000224895.1 3 48002571 48002571 - 5 -843997 3_internal_11285 3 48846568 48886741 163 168.508 1.00003 5.39869 0.124848 -0.121997 0.512438 0.494262
ENSG00000047849.17 3 48130769 48130769 - 5 -407212 3_internal_11496 3 48537981 48604545 163 166.836 0.999994 5.15126 0.340939 0.0762904 0.870647 0.878021
ENSG00000265078.1 3 48136595 48136595 - 5 931606 3_internal_11108 3 47180134 47204989 163 144.838 0.999983 4.20473 0.169412 -0.110531 0.58209 0.59896
ENSG00000164047.3 3 48264837 48264837 + 4 794823 3_internal_11622 3 49059660 49067712 163 211.884 0.999993 5.31086 0.328295 0.0736136 0.80597 0.804903
ENSG00000164048.9 3 48282590 48282590 + 4 777070 3_internal_11622 3 49059660 49067712 163 173.347 0.999988 3.96611 0.0245899 0.17062 0.0845771 0.0786316
ENSG00000229759.1 3 48298428 48298428 - 4 -548140 3_internal_11285 3 48846568 48886741 163 144.663 1 3.34565 0.100331 -0.124698 0.353234 0.352138
ENSG00000228638.1 3 48332865 48332865 - 4 -513703 3_internal_11285 3 48846568 48886741 163 151.555 0.999955 3.5087 0.0875238 0.134037 0.303483 0.307683
ENSG00000172113.4 3 48343175 48343175 - 4 -503393 3_internal_11285 3 48846568 48886741 163 177.071 0.999971 4.11749 0.0932089 0.127813 0.283582 0.291044
ENSG00000229453.1 3 48369831 48369831 - 4 -689829 3_internal_11622 3 49059660 49067712 163 159.769 1.00001 4.10295 0.212184 0.0932341 0.631841 0.633056
ENSG00000265053.1 3 48421324 48421324 + 4 116657 3_internal_11496 3 48537981 48604545 163 160.358 1.00001 3.46586 0.157103 -0.111826 0.482587 0.454696
ENSG00000164050.8 3 48471594 48471594 - 4 -66387 3_internal_11496 3 48537981 48604545 163 150.823 0.99999 3.46395 0.000147928 0.280284 0.00497512 0.000909633
ENSG00000232112.3 3 48481667 48481667 + 4 577993 3_internal_11622 3 49059660 49067712 163 153.274 0.99998 4.00673 0.207336 0.0973125 0.631841 0.633272
ENSG00000164051.9 3 48481866 48481866 - 4 -34891 3_internal_11460 3 48516757 48543234 163 161.838 0.999955 3.86643 0.0582448 -0.142722 0.20398 0.210037
ENSG00000244380.1 3 48488060 48488060 - 4 -49921 3_internal_11496 3 48537981 48604545 163 115.644 0.999948 3.07062 0.0351528 -0.161848 0.164179 0.215999
ENSG00000164053.13 3 48488114 48488114 + 4 28643 3_internal_11460 3 48516757 48543234 163 135.191 0.999975 3.48199 0.00972265 0.195005 0.0447761 0.0632077
ENSG00000213689.5 3 48506445 48506445 + 4 31536 3_internal_11496 3 48537981 48604545 163 141.765 1.00005 3.72643 0.238506 0.0916779 0.726368 0.693238
ENSG00000164054.11 3 48542259 48542259 - 4 0 3_internal_11460 3 48516757 48543234 163 183.55 1.00004 4.08586 0.00673542 0.206763 0.0149254 0.0163568
ENSG00000114268.7 3 48599448 48599448 - 4 0 3_internal_11496 3 48537981 48604545 163 171.866 0.99999 4.21541 0.450337 0.058589 0.895522 0.912046
ENSG00000114270.11 3 48632700 48632700 - 4 28155 3_internal_11496 3 48537981 48604545 163 156.505 0.99998 3.50018 0.228082 0.0956623 0.621891 0.613106
ENSG00000010256.6 3 48648409 48648409 - 4 43864 3_internal_11496 3 48537981 48604545 163 160.421 1.00001 4.1655 0.247821 -0.0933038 0.681592 0.700986
ENSG00000225697.6 3 48672926 48672926 - 4 68381 3_internal_11496 3 48537981 48604545 163 167.473 1.00005 3.90928 0.31814 0.0769799 0.756219 0.767633
ENSG00000213672.3 3 48723797 48723797 - 5 -122771 3_internal_11285 3 48846568 48886741 163 154.595 0.999983 4.44628 0.0657385 -0.144681 0.278607 0.286588
ENSG00000068745.10 3 48777786 48777786 - 5 234552 3_internal_11460 3 48516757 48543234 163 153.895 0.999995 4.36075 0.174886 0.0987029 0.58209 0.595571
ENSG00000224424.6 3 48885005 48885005 + 6 -341771 3_internal_11460 3 48516757 48543234 163 176.148 1.02659 6.02237 0.205182 0.103523 0.701493 0.704994
ENSG00000114302.11 3 48885279 48885279 - 6 -963060 3_internal_14341 3 49848339 49944260 163 136.528 1.00001 4.33204 0.00875482 -0.206368 0.0547264 0.0693857
ENSG00000178537.5 3 48936426 48936426 - 6 393192 3_internal_11460 3 48516757 48543234 163 165.101 1.02152 6.01157 0.0667817 0.142147 0.338308 0.322898
ENSG00000177479.15 3 48956254 48956254 + 6 892085 3_internal_14341 3 49848339 49944260 163 178.998 1.02649 6.66523 0.00829467 -0.201661 0.0348259 0.0337253
ENSG00000221883.2 3 48956818 48956818 - 6 70077 3_internal_11285 3 48846568 48886741 163 140.221 0.99996 4.9788 0.0223276 0.180829 0.164179 0.158771
ENSG00000235236.1 3 49021418 49021418 - 6 -826921 3_internal_14341 3 49848339 49944260 163 164.719 1.04231 6.17117 0.184766 -0.105035 0.701493 0.696744
ENSG00000178467.12 3 49027319 49027319 + 6 -422774 3_internal_11496 3 48537981 48604545 163 180.016 0.997369 7.15592 0.291981 0.0843957 0.890547 0.89322
ENSG00000223343.1 3 49027421 49027421 - 6 -681760 3_internal_11214 3 49709181 49729831 163 166.2 1.00002 5.25115 0.173591 -0.107847 0.626866 0.622704
ENSG00000178252.11 3 49044495 49044495 + 6 803844 3_internal_14341 3 49848339 49944260 163 188.23 0.987178 6.63602 0.0939937 0.126775 0.38806 0.396362
ENSG00000199032.1 3 49057667 49057667 - 6 514433 3_internal_11460 3 48516757 48543234 163 159.53 1.00001 5.29481 0.181307 -0.106845 0.661692 0.663743
ENSG00000178057.9 3 49057892 49057892 + 6 -171151 3_internal_11285 3 48846568 48886741 163 163.891 1.01901 5.85095 0.120481 0.120667 0.542289 0.51649
ENSG00000207605.1 3 49058142 49058142 - 6 453597 3_internal_11496 3 48537981 48604545 163 169.813 0.900549 5.71046 0.308287 -0.0797036 0.895522 0.886673
ENSG00000178149.12 3 49059726 49059726 - 6 -788613 3_internal_14341 3 49848339 49944260 163 170.036 0.93018 6.02172 0.0466894 0.154556 0.248756 0.258316
ENSG00000178035.7 3 49066841 49066841 - 6 -642340 3_internal_11214 3 49709181 49729831 163 174.222 0.971575 6.55963 0.20024 -0.101269 0.766169 0.748772
ENSG00000241461.2 3 49120666 49120666 + 6 -52954 3_internal_11622 3 49059660 49067712 163 160.724 0.999952 4.94344 0.0905351 0.129892 0.378109 0.382218
ENSG00000198218.5 3 49131796 49131796 - 6 245055 3_internal_11285 3 48846568 48886741 163 150.886 0.98668 5.47973 0.35722 0.0748783 0.930348 0.92601
ENSG00000172053.10 3 49142553 49142553 - 6 -705786 3_internal_14341 3 49848339 49944260 163 155.805 1.06544 5.91447 0.416293 0.065765 0.955224 0.958408
ENSG00000172046.14 3 49158371 49158371 - 6 -689968 3_internal_14341 3 49848339 49944260 163 174.493 1.03906 6.74401 0.134083 -0.111767 0.58209 0.564445
ENSG00000177352.9 3 49203754 49203754 - 7 -954901 3_internal_11896 3 50158655 50331277 163 161.536 1.00797 6.50024 0.0513005 0.148346 0.308458 0.291512
ENSG00000185909.10 3 49209044 49209044 + 7 949611 3_internal_11896 3 50158655 50331277 163 148.324 1.02052 6.13743 0.097735 0.13076 0.527363 0.515871
ENSG00000173421.12 3 49235861 49235861 + 7 922794 3_internal_11896 3 50158655 50331277 163 166.788 0.97408 7.32131 0.14345 0.114369 0.681592 0.67536
ENSG00000236980.4 3 49236502 49236502 - 7 -922153 3_internal_11896 3 50158655 50331277 163 144.965 1.04442 6.28217 0.207742 0.100011 0.80597 0.802506
ENSG00000225399.3 3 49297518 49297518 + 7 861137 3_internal_11896 3 50158655 50331277 163 163.43 1.00538 6.70366 0.165953 0.106016 0.706468 0.700468
ENSG00000199546.1 3 49307565 49307565 + 7 -239853 3_internal_11622 3 49059660 49067712 163 162.172 0.940693 6.29839 0.179733 0.108096 0.746269 0.735862
ENSG00000264633.1 3 49311553 49311553 + 7 847102 3_internal_11896 3 50158655 50331277 163 158.018 1.14499 7.67398 0.00548031 0.218058 0.0199005 0.0285069
ENSG00000188315.3 3 49315342 49315342 - 7 -843313 3_internal_11896 3 50158655 50331277 163 181.863 0.959906 7.58439 0.334514 0.0776272 0.935323 0.942815
ENSG00000114316.8 3 49378145 49378145 - 7 -470194 3_internal_14341 3 49848339 49944260 163 173.251 1.0065 7.15257 0.296959 -0.082232 0.915423 0.905698
ENSG00000233276.2 3 49396033 49396033 - 7 328321 3_internal_11622 3 49059660 49067712 163 155.375 0.992847 6.739 0.235401 -0.0903154 0.860697 0.853343
ENSG00000235908.1 3 49404439 49404439 - 7 -304742 3_internal_11214 3 49709181 49729831 163 162.331 1.06931 7.80096 0.0424166 -0.153361 0.268657 0.259945
ENSG00000145022.4 3 49449639 49449639 + 7 259542 3_internal_11214 3 49709181 49729831 163 177.278 0.919399 6.7879 0.317188 -0.0797733 0.930348 0.919863
ENSG00000067560.6 3 49450431 49450431 - 7 -258750 3_internal_11214 3 49709181 49729831 163 185.46 1.06895 8.92759 0.130737 -0.119017 0.661692 0.607445
ENSG00000145020.10 3 49460186 49460186 - 7 392474 3_internal_11622 3 49059660 49067712 163 165.229 1.05081 7.06008 0.159001 -0.112623 0.671642 0.680015
ENSG00000235261.1 3 49460379 49460379 + 7 248802 3_internal_11214 3 49709181 49729831 163 156.235 0.976844 6.00609 0.0228172 -0.171006 0.144279 0.153225
ENSG00000145029.7 3 49466759 49466759 - 7 -242422 3_internal_11214 3 49709181 49729831 163 172.551 0.976957 6.97227 0.0224653 -0.178098 0.124378 0.131325
ENSG00000173402.7 3 49506146 49506146 + 8 -901601 3_internal_11496 3 48537981 48604545 163 188.453 0.891043 8.80381 0.0683492 0.137605 0.402985 0.416864
ENSG00000164061.4 3 49591922 49591922 + 7 892142 3_internal_11292 3 50484064 50554258 163 165.945 1.02517 7.06355 0.166261 -0.107785 0.721393 0.705336
ENSG00000164062.8 3 49711435 49711435 + 9 941419 3_internal_11347 3 50652854 50703726 163 167.966 0.884838 8.76559 0.177025 0.104836 0.81592 0.836476
ENSG00000259970.1 3 49722416 49722416 - 9 -930438 3_internal_11347 3 50652854 50703726 163 185.19 0.833253 8.47128 0.288128 0.0849629 0.945274 0.940485
ENSG00000164068.11 3 49726932 49726932 + 9 121407 3_internal_14341 3 49848339 49944260 163 157.174 1.00004 8.83017 0.00939771 -0.205243 0.0995025 0.0911313
ENSG00000173531.10 3 49726934 49726934 - 9 -431721 3_internal_11896 3 50158655 50331277 163 172.392 0.991069 9.09885 0.106282 0.127898 0.606965 0.607366
ENSG00000176020.7 3 49761349 49761349 - 9 -86990 3_internal_14341 3 49848339 49944260 163 183.486 1.02267 10.1861 0.000476886 -0.26206 0.00497512 0.00184
ENSG00000173540.8 3 49761384 49761384 - 9 -86955 3_internal_14341 3 49848339 49944260 163 161.472 0.985092 8.5882 0.00038144 -0.267014 0.00497512 0.00381255
ENSG00000239576.1 3 49795916 49795916 + 9 362739 3_internal_11896 3 50158655 50331277 163 166.502 0.910863 7.91274 0.0158833 0.189393 0.119403 0.139112
ENSG00000244730.1 3 49812718 49812718 + 9 791056 3_internal_10892 3 50603774 50634094 163 150.027 1.0151 8.05328 0.0862291 0.13306 0.587065 0.564624
ENSG00000176095.7 3 49823975 49823975 - 9 -334680 3_internal_11896 3 50158655 50331277 163 198.545 0.903681 11.7397 0.117427 -0.117295 0.671642 0.682224
ENSG00000185614.4 3 49840687 49840687 + 9 7652 3_internal_14341 3 49848339 49944260 163 148.276 0.962929 7.06379 0.00013251 0.29908 0.00497512 0.00241641
ENSG00000263506.1 3 49843678 49843678 - 9 -4661 3_internal_14341 3 49848339 49944260 163 177.247 0.987516 10.2566 6.75874e-11 0.491089 0.00497512 1.37835e-10
ENSG00000182179.6 3 49851379 49851379 - 9 0 3_internal_14341 3 49848339 49944260 163 161.631 1.07803 9.07948 1.87555e-14 0.557328 0.00497512 2.18364e-14
ENSG00000183763.4 3 49894007 49894007 - 8 0 3_internal_14341 3 49848339 49944260 163 165.085 0.97693 7.53739 0.123849 -0.119271 0.60199 0.632764
ENSG00000164077.9 3 49967606 49967606 - 8 -516458 3_internal_11292 3 50484064 50554258 163 183.948 1.13311 9.77922 0.00668928 0.206005 0.0199005 0.0233516
ENSG00000004534.9 3 49977440 49977440 + 8 -33180 3_internal_14341 3 49848339 49944260 163 162.331 1.00741 9.28987 0.000675974 0.249019 0.00497512 0.00617104
ENSG00000003756.12 3 50126341 50126341 + 7 357723 3_internal_11292 3 50484064 50554258 163 171.659 0.897858 6.73975 0.0011584 -0.251688 0.00995025 0.0100617
ENSG00000235016.1 3 50193518 50193518 - 7 -411040 3_internal_11047 3 50604558 50616041 163 160.994 1.0438 6.75616 0.036022 -0.158489 0.179104 0.208789
ENSG00000114353.12 3 50263724 50263724 + 7 389130 3_internal_11347 3 50652854 50703726 163 153.847 1.04427 5.95388 0.0255406 0.166677 0.154229 0.151339
ENSG00000213600.2 3 50277054 50277054 + 7 0 3_internal_11896 3 50158655 50331277 163 169.781 0.951591 7.35214 0.291853 -0.0835491 0.930348 0.919208
ENSG00000230454.1 3 50297735 50297735 + 7 186329 3_internal_11292 3 50484064 50554258 163 168.11 0.989336 7.26997 0.142021 -0.118682 0.666667 0.658423
ENSG00000232352.1 3 50304803 50304803 - 7 -179261 3_internal_11292 3 50484064 50554258 163 153.274 0.980816 6.34316 0.207887 -0.0944525 0.781095 0.801869
ENSG00000012171.13 3 50304990 50304990 + 7 -360730 3_internal_14341 3 49848339 49944260 163 162.331 0.962884 6.57891 0.31426 -0.0759596 0.920398 0.922115
ENSG00000179564.3 3 50316458 50316458 + 7 0 3_internal_11896 3 50158655 50331277 163 171.102 0.922518 6.88672 0.000446506 -0.258133 0.00995025 0.00364367
ENSG00000214706.6 3 50330349 50330349 - 7 0 3_internal_11896 3 50158655 50331277 163 137.197 1.12318 6.34351 0.0852857 -0.130045 0.522388 0.484043
ENSG00000243477.1 3 50336852 50336852 - 7 -266922 3_internal_10892 3 50603774 50634094 163 173.554 0.889039 6.28527 0.218196 0.0946389 0.776119 0.795132
ENSG00000186792.11 3 50336899 50336899 - 7 -266875 3_internal_10892 3 50603774 50634094 163 181.417 0.944838 7.12064 0.0362939 0.157429 0.179104 0.199164
ENSG00000114378.12 3 50349812 50349812 - 7 18535 3_internal_11896 3 50158655 50331277 163 165.451 1.03168 7.79238 0.0542995 -0.152776 0.318408 0.328776
ENSG00000068001.9 3 50360337 50360337 - 7 -292517 3_internal_11347 3 50652854 50703726 163 179.475 1.03932 8.28361 0.144874 0.116771 0.671642 0.657209
ENSG00000114383.5 3 50365682 50365682 - 7 -287172 3_internal_11347 3 50652854 50703726 163 180.764 0.882959 6.95006 0.130911 0.11986 0.597015 0.613272
ENSG00000068028.13 3 50378411 50378411 - 7 -274443 3_internal_11347 3 50652854 50703726 163 125.736 0.999953 5.06683 0.268531 -0.0856028 0.885572 0.869927
ENSG00000235058.1 3 50378537 50378537 + 7 -434277 3_internal_14341 3 49848339 49944260 163 172.981 0.954269 6.58515 0.118432 -0.120854 0.537313 0.548648
ENSG00000004838.9 3 50384283 50384283 - 7 440023 3_internal_14341 3 49848339 49944260 163 162.602 1.14192 7.97411 0.124133 -0.123584 0.641791 0.598163
ENSG00000114395.6 3 50388126 50388126 + 7 -443866 3_internal_14341 3 49848339 49944260 163 151.396 1.01506 7.23753 0.0199411 -0.179082 0.179104 0.161645
ENSG00000114388.8 3 50388522 50388522 - 7 -264332 3_internal_11347 3 50652854 50703726 163 158.909 1.01676 6.49198 0.221264 0.097904 0.81592 0.807948
ENSG00000126062.3 3 50397041 50397041 - 7 -206733 3_internal_10892 3 50603774 50634094 163 138.805 0.999965 4.52104 0.0887885 -0.135259 0.437811 0.428538
ENSG00000007402.7 3 50541675 50541675 - 7 210398 3_internal_11896 3 50158655 50331277 163 160.405 0.94997 6.63819 0.0461408 -0.15503 0.283582 0.300638
ENSG00000114735.5 3 50606583 50606583 + 7 0 3_internal_11047 3 50604558 50616041 163 170.832 0.974026 7.9849 0.00907465 0.201157 0.0696517 0.0638057
ENSG00000088543.10 3 50608458 50608458 - 7 277181 3_internal_11896 3 50158655 50331277 163 185.795 0.945682 7.52998 0.433072 0.0633408 0.9801 0.981387
ENSG00000114738.6 3 50648951 50648951 + 7 3903 3_internal_11347 3 50652854 50703726 163 157.222 0.985279 6.74221 3.7947e-05 0.312537 0.00497512 0.000397315
ENSG00000114737.11 3 50649262 50649262 - 7 15168 3_internal_10892 3 50603774 50634094 163 156.856 0.992328 7.01311 0.0141033 0.19092 0.139303 0.109402
ENSG00000088538.11 3 50712672 50712672 + 7 -381395 3_internal_11896 3 50158655 50331277 163 166.184 0.984198 7.9904 0.00507722 -0.213289 0.039801 0.0388408
ENSG00000145050.11 3 51422478 51422478 + 6 806648 3_internal_11558 3 52229126 52321754 163 180.733 0.945675 6.01294 0.0030677 0.225159 0.0199005 0.0141697
ENSG00000179837.6 3 51428731 51428731 + 6 734705 3_internal_16534 3 52163436 52178594 163 134.061 0.999942 4.57949 0.0840657 0.129175 0.422886 0.435283
ENSG00000145041.11 3 51534010 51534010 - 6 899916 3_internal_10892 3 50603774 50634094 163 176.849 0.973733 6.77609 0.349111 0.07157 0.940299 0.936175
ENSG00000164080.7 3 51575596 51575596 + 5 -941502 3_internal_10892 3 50603774 50634094 163 166.072 1.00004 4.931 0.265152 0.083762 0.756219 0.774456
ENSG00000164081.8 3 51696709 51696709 + 3 -992983 3_internal_11347 3 50652854 50703726 163 166.152 0.999983 3.07724 0.548404 -0.0479189 0.900498 0.911095
ENSG00000164082.10 3 51741086 51741086 + 2 488040 3_internal_11558 3 52229126 52321754 163 164.894 0.999994 2.08264 0.78341 -0.0225464 0.955224 0.958171
ENSG00000041880.10 3 51976361 51976361 + 3 252765 3_internal_11558 3 52229126 52321754 163 189.265 1.00001 3.45583 0.049522 -0.148221 0.0945274 0.113537
ENSG00000114786.11 3 52009066 52009066 + 3 894125 3_internal_11003 3 52903191 52932474 163 172.949 0.999981 3.09866 0.0351743 -0.171624 0.0895522 0.0901195
ENSG00000243989.3 3 52009066 52009066 + 3 154370 3_internal_16534 3 52163436 52178594 163 148.929 1.00001 2.60748 0.0719785 0.145815 0.20398 0.207898
ENSG00000114779.15 3 52017425 52017425 - 3 -211701 3_internal_11558 3 52229126 52321754 163 147.528 0.999982 2.89862 0.469303 -0.0571914 0.880597 0.858997
ENSG00000162244.5 3 52029958 52029958 - 3 -133478 3_internal_16534 3 52163436 52178594 163 191.445 0.999999 3.56291 0.432202 0.0613765 0.845771 0.83267
ENSG00000164086.8 3 52090566 52090566 - 5 -72870 3_internal_16534 3 52163436 52178594 163 142.593 0.999981 4.86891 0.004523 0.223123 0.0447761 0.0380369
ENSG00000164087.3 3 52188706 52188706 - 5 -867792 3_internal_11576 3 53056498 53071033 163 144.535 0.999942 4.93665 0.339498 0.0764259 0.885572 0.896624
ENSG00000023330.10 3 52232102 52232102 + 5 0 3_internal_11558 3 52229126 52321754 163 171.246 1.00001 5.07893 0.0516297 0.149777 0.218905 0.212911
ENSG00000173366.11 3 52265206 52265206 - 5 -637985 3_internal_11003 3 52903191 52932474 163 140.094 0.999998 4.78582 0.248391 0.0885151 0.79602 0.798807
ENSG00000247596.3 3 52273177 52273177 - 5 94583 3_internal_16534 3 52163436 52178594 163 170.083 1.00002 5.34532 0.0545913 -0.151832 0.273632 0.238003
ENSG00000239732.2 3 52273183 52273183 - 5 -630008 3_internal_11003 3 52903191 52932474 163 153.242 1 4.55365 0.302352 0.0795147 0.80597 0.824187
ENSG00000243224.1 3 52273274 52273274 + 5 777469 3_internal_14264 3 53050743 53216034 163 170.402 1.00004 5.35764 0.161447 0.109275 0.567164 0.587143
ENSG00000164088.13 3 52279841 52279841 + 5 -101247 3_internal_16534 3 52163436 52178594 163 177.645 0.98946 5.85312 0.0146309 -0.193993 0.0696517 0.0636472
ENSG00000199150.1 3 52302379 52302379 - 5 123785 3_internal_16534 3 52163436 52178594 163 164.321 1 4.88179 0.204588 -0.0982317 0.641791 0.669184
ENSG00000168237.13 3 52321105 52321105 + 5 -142511 3_internal_16534 3 52163436 52178594 163 167.919 1.00002 4.73762 0.280834 -0.0795953 0.776119 0.780157
ENSG00000164091.7 3 52322036 52322036 - 5 -734462 3_internal_11576 3 53056498 53071033 163 157.699 1.00001 4.68705 0.0242188 -0.179775 0.0995025 0.118922
ENSG00000207926.1 3 52328324 52328324 - 5 149730 3_internal_16534 3 52163436 52178594 163 181.21 1.00002 5.24657 0.258963 -0.0889363 0.741294 0.752852
ENSG00000242797.1 3 52333083 52333083 - 5 -723415 3_internal_11576 3 53056498 53071033 163 175.018 0.999995 4.68704 0.357753 -0.067679 0.880597 0.857944
ENSG00000114841.12 3 52350335 52350335 + 5 552856 3_internal_11003 3 52903191 52932474 163 159.18 1.01814 5.55717 0.0299786 0.16202 0.169154 0.159043
ENSG00000239557.1 3 52407668 52407668 + 5 -229074 3_internal_16534 3 52163436 52178594 163 174.477 0.999998 4.94452 0.183279 -0.10599 0.58209 0.598525
ENSG00000010318.14 3 52443510 52443510 + 5 459681 3_internal_11003 3 52903191 52932474 163 142.816 1.00005 4.23327 0.00573942 -0.21076 0.039801 0.0405637
ENSG00000163930.5 3 52444366 52444366 - 5 -612132 3_internal_11576 3 53056498 53071033 163 176.387 0.999997 5.28141 0.0541977 0.145719 0.228856 0.216644
ENSG00000010322.11 3 52489134 52489134 + 5 414057 3_internal_11003 3 52903191 52932474 163 138.311 0.999992 4.04952 0.593191 0.0419402 0.985075 0.980699
ENSG00000168273.3 3 52568029 52568029 + 5 335162 3_internal_11003 3 52903191 52932474 163 176.116 0.999958 5.33216 0.0139187 0.188181 0.039801 0.0550806
ENSG00000221518.1 3 52594586 52594586 + 5 456157 3_internal_14264 3 53050743 53216034 163 155.407 1.00005 4.72999 0.245474 -0.0922203 0.741294 0.754346
ENSG00000163938.12 3 52715172 52715172 + 5 -393418 3_internal_11558 3 52229126 52321754 163 175.989 1.00001 5.35113 0.464999 -0.0586731 0.960199 0.958274
ENSG00000163939.14 3 52719933 52719933 - 5 -183258 3_internal_11003 3 52903191 52932474 163 193.228 1.00441 6.4869 0.0922519 0.135698 0.38806 0.359011
ENSG00000114902.8 3 52738971 52738971 + 5 164220 3_internal_11003 3 52903191 52932474 163 175.321 0.999958 4.89861 0.0248591 -0.176635 0.109453 0.0940592
ENSG00000016864.12 3 52740048 52740048 - 5 -163143 3_internal_11003 3 52903191 52932474 163 165.101 1.00003 4.75763 0.0325003 -0.173069 0.144279 0.140811
ENSG00000114904.8 3 52804965 52804965 - 5 -245778 3_internal_14264 3 53050743 53216034 163 195.696 0.986472 6.4682 0.203214 -0.101559 0.676617 0.689005
ENSG00000162267.8 3 52828784 52828784 + 5 227714 3_internal_11576 3 53056498 53071033 163 146.047 0.999965 4.10487 0.210173 -0.0998762 0.676617 0.668174
ENSG00000239799.1 3 52857951 52857951 + 5 45240 3_internal_11003 3 52903191 52932474 163 161.567 0.999983 5.22366 0.0206792 0.17445 0.129353 0.106123
ENSG00000055955.11 3 52865495 52865495 - 5 -37696 3_internal_11003 3 52903191 52932474 163 192.321 1.00002 5.5279 0.000799256 0.260511 0.00995025 0.00148842
ENSG00000243696.2 3 52874278 52874278 - 5 -28913 3_internal_11003 3 52903191 52932474 163 196.794 1.00002 6.1445 0.000108965 0.294406 0.00497512 0.000129526
ENSG00000248592.2 3 52931578 52931578 - 5 0 3_internal_11003 3 52903191 52932474 163 170.259 0.999958 4.78991 0.000191068 0.282063 0.00497512 0.000657788
ENSG00000213533.7 3 52931612 52931612 - 5 0 3_internal_11003 3 52903191 52932474 163 175.655 1.00005 5.41691 7.56238e-05 0.299792 0.00497512 0.000215078
ENSG00000163935.8 3 53080766 53080766 - 5 148292 3_internal_11003 3 52903191 52932474 163 162.952 1.00004 5.1907 0.00309385 0.226892 0.0199005 0.0159748
ENSG00000163933.5 3 53164478 53164478 - 5 842724 3_internal_11558 3 52229126 52321754 163 174.541 1.00001 4.87568 0.259532 -0.0892223 0.726368 0.743107
ENSG00000163932.9 3 53190025 53190025 + 4 0 3_internal_14264 3 53050743 53216034 163 161.838 0.999983 3.98482 0.206536 -0.0988421 0.60199 0.605483
ENSG00000252504.2 3 53244062 53244062 - 4 173029 3_internal_11576 3 53056498 53071033 163 158.845 1.00001 4.08091 0.102444 0.130963 0.378109 0.369689
ENSG00000163931.11 3 53290068 53290068 - 4 74034 3_internal_14264 3 53050743 53216034 163 208.43 1.00002 5.04662 0.161548 0.110499 0.457711 0.454936
ENSG00000238565.1 3 53317319 53317319 - 4 101285 3_internal_14264 3 53050743 53216034 163 131.1 1.00004 2.87402 0.495993 -0.0512743 0.900498 0.893749
ENSG00000263406.1 3 53322889 53322889 + 3 -251856 3_internal_11576 3 53056498 53071033 163 141.447 0.999971 2.48008 0.23677 0.0916486 0.512438 0.542658
ENSG00000206902.1 3 53324658 53324658 + 3 -108624 3_internal_14264 3 53050743 53216034 163 185.46 1.00004 3.12762 0.0436572 0.159334 0.0845771 0.0948858
ENSG00000207109.1 3 53367155 53367155 - 3 151121 3_internal_14264 3 53050743 53216034 163 181.242 0.999989 3.08882 0.740865 -0.0253996 0.975124 0.981923
ENSG00000162290.11 3 53381637 53381637 - 3 449163 3_internal_11003 3 52903191 52932474 163 168.348 1.00004 2.63565 0.0692063 0.148862 0.179104 0.161819
ENSG00000157388.8 3 53528683 53528683 + 3 -596209 3_internal_11003 3 52903191 52932474 163 141.75 1.00003 2.77611 0.631087 -0.0389372 0.930348 0.947621
ENSG00000056736.5 3 53880607 53880607 + 3 -948133 3_internal_11003 3 52903191 52932474 163 175.464 0.999988 3.49882 0.257353 -0.0900743 0.606965 0.616966
ENSG00000113812.9 3 53916229 53916229 - 3 983755 3_internal_11003 3 52903191 52932474 163 145.427 1.00002 2.54186 0.010207 -0.203367 0.0248756 0.0383606
ENSG00000113811.6 3 53926015 53926015 - 3 993541 3_internal_11003 3 52903191 52932474 163 169.479 0.999998 3.07706 0.0153497 0.188455 0.0597015 0.0407841
ENSG00000180376.12 3 56591189 56591189 + 3 31685 3_internal_10921 3 56622874 56643442 163 162.14 0.999952 2.90983 1.7352e-05 0.333159 0.00497512 5.31708e-05
ENSG00000163946.9 3 56717265 56717265 - 3 -67660 3_internal_12056 3 56784925 56836744 163 164.862 0.999954 3.57235 0.0147876 0.196172 0.0646766 0.0499101
ENSG00000163947.7 3 57113357 57113357 - 7 276613 3_internal_12056 3 56784925 56836744 163 177.454 0.988531 8.46562 3.00019e-12 0.501808 0.00497512 3.81049e-12
ENSG00000157500.5 3 57261765 57261765 + 7 -298135 3_internal_10963 3 56949030 56963630 163 153.608 0.964582 6.40208 0.0385047 -0.158133 0.278607 0.268404
ENSG00000239388.4 3 57326710 57326710 - 7 -625784 3_internal_11046 3 57952494 57972416 163 149.263 0.999996 6.33424 0.110391 0.123963 0.547264 0.57588
ENSG00000174844.10 3 57530071 57530071 - 7 -414635 3_internal_12169 3 57944706 57970406 163 148.531 1.0893 6.27244 0.0816902 -0.139088 0.422886 0.430969
ENSG00000174840.7 3 57542003 57542003 + 7 -898561 3_internal_10921 3 56622874 56643442 163 182.961 0.973972 8.7693 0.224535 0.0951019 0.860697 0.861319
ENSG00000168374.6 3 57583947 57583947 - 7 -464752 3_internal_11449 3 58048699 58106586 163 171.102 1.06259 7.73728 0.201003 0.0989662 0.800995 0.787248
ENSG00000239801.1 3 57614537 57614537 + 7 330169 3_internal_12169 3 57944706 57970406 163 165.642 0.951965 7.81162 0.023344 -0.175854 0.18408 0.178593
ENSG00000174839.8 3 57678816 57678816 - 6 -265890 3_internal_12169 3 57944706 57970406 163 163.653 1.11454 6.57143 0.020282 -0.184285 0.104478 0.0942504
ENSG00000241933.1 3 57678932 57678932 + 6 265774 3_internal_12169 3 57944706 57970406 163 177.326 1.03458 6.32799 0.299397 -0.0832198 0.865672 0.867232
ENSG00000163681.10 3 57741177 57741177 + 6 -904433 3_internal_12056 3 56784925 56836744 163 164.751 0.997665 6.23089 0.10815 0.124561 0.497512 0.5045
ENSG00000213509.4 3 57927545 57927545 + 5 121154 3_internal_11449 3 58048699 58106586 163 164.544 1.00005 5.14946 0.0412892 0.163354 0.199005 0.19103
ENSG00000136068.10 3 57994127 57994127 + 4 -23721 3_internal_12169 3 57944706 57970406 163 146.62 1.00006 4.30328 1.31671e-05 0.325728 0.00497512 0.000154742
ENSG00000163686.9 3 58223233 58223233 + 4 -116647 3_internal_11449 3 58048699 58106586 163 180.207 0.999958 3.94779 0.346619 0.0742414 0.781095 0.784747
ENSG00000163684.6 3 58291974 58291974 + 4 -319558 3_internal_11046 3 57952494 57972416 163 175.814 0.999983 3.7892 0.229656 -0.0944622 0.58209 0.594844
ENSG00000255154.2 3 58291974 58291974 + 4 -319558 3_internal_11046 3 57952494 57972416 163 156.044 0.999971 3.97502 0.159985 -0.110229 0.537313 0.521428
ENSG00000168297.10 3 58318607 58318607 + 4 -212021 3_internal_11449 3 58048699 58106586 163 152.16 0.999942 3.76558 0.210396 -0.0960189 0.666667 0.619448
ENSG00000168291.8 3 58419584 58419584 - 6 -951514 3_internal_11116 3 59371098 59440101 163 165.833 1.00206 6.37908 0.114312 -0.125012 0.517413 0.527652
ENSG00000168301.8 3 58477841 58477841 + 6 -505425 3_internal_11046 3 57952494 57972416 163 161.488 0.938083 5.51947 0.0534355 0.147556 0.278607 0.293781
ENSG00000244383.1 3 58592807 58592807 + 6 -486221 3_internal_11449 3 58048699 58106586 163 164.719 1.05547 6.25961 0.191186 -0.10349 0.716418 0.711603
ENSG00000198643.2 3 58652575 58652575 - 6 -718523 3_internal_11116 3 59371098 59440101 163 142.912 0.99999 4.86076 0.304043 -0.0813042 0.870647 0.863314
ENSG00000189283.5 3 61237133 61237133 - 1 258421 3_internal_14005 3 60965419 60978712 163 187.625 0.999992 1.0596 0.386047 0.0679422 0.358209 0.368836
ENSG00000163632.8 3 63805038 63805038 + 0 NA NA NA NA NA NA NA NA NA NA NA NA NA
ENSG00000224479.1 3 63813121 63813121 - 0 NA NA NA NA NA NA NA NA NA NA NA NA NA
ENSG00000240549.2 3 63846321 63846321 + 0 NA NA NA NA NA NA NA NA NA NA NA NA NA
ENSG00000163634.7 3 63849579 63849579 - 0 NA NA NA NA NA NA NA NA NA NA NA NA NA
ENSG00000163635.13 3 63850233 63850233 + 0 NA NA NA NA NA NA NA NA NA NA NA NA NA
ENSG00000239653.1 3 63989698 63989698 + 0 NA NA NA NA NA NA NA NA NA NA NA NA NA
ENSG00000243410.1 3 63997640 63997640 + 0 NA NA NA NA NA NA NA NA NA NA NA NA NA
ENSG00000163636.6 3 64009658 64009658 - 0 NA NA NA NA NA NA NA NA NA NA NA NA NA
ENSG00000144741.12 3 66119285 66119285 + 7 380249 3_internal_12422 3 66499534 66505109 163 170.927 0.955136 7.72724 0.0311132 0.170028 0.233831 0.210008
ENSG00000144749.9 3 66551687 66551687 - 7 0 3_internal_16708 3 66442927 66552868 163 189.647 0.893446 7.62044 2.54247e-05 0.320211 0.00497512 0.000127947
ENSG00000163376.7 3 67048727 67048727 + 10 -495859 3_internal_16708 3 66442927 66552868 163 168.794 1.01782 9.95325 0.0210728 0.178205 0.154229 0.166666
ENSG00000172340.10 3 67705038 67705038 - 4 -6885 3_internal_10893 3 67711923 67790836 163 165.929 1.00001 4.15855 0.195867 0.100742 0.572139 0.587689
ENSG00000241506.1 3 68684856 68684856 + 6 560551 3_internal_16169 3 69245407 69287135 163 134.682 1.00005 4.56423 0.326837 -0.0783262 0.875622 0.881174
ENSG00000244513.2 3 69063092 69063092 + 4 182315 3_internal_16169 3 69245407 69287135 163 189.201 0.999965 4.78359 0.154641 0.114412 0.432836 0.472306
ENSG00000163378.9 3 69063112 69063112 - 4 922734 3_internal_11393 3 67990748 68140378 163 173.315 0.999998 4.40946 0.317826 0.0790441 0.800995 0.796339
ENSG00000265355.1 3 69098186 69098186 - 4 989690 3_internal_11139 3 68056470 68108496 163 182.722 0.999958 4.5712 0.0122837 -0.196775 0.0447761 0.0361182
ENSG00000144747.10 3 69101484 69101484 - 4 -143923 3_internal_16169 3 69245407 69287135 163 137.483 0.999978 3.77852 0.0623293 0.148043 0.288557 0.291066
ENSG00000144744.12 3 69129559 69129559 - 3 -419332 3_internal_12354 3 69548891 69611370 163 165.404 0.999988 3.05939 3.27518e-05 0.313353 0.00497512 8.76195e-05
ENSG00000144746.6 3 69134095 69134095 + 3 414796 3_internal_12354 3 69548891 69611370 163 179.045 0.999961 3.444 0.105909 0.12417 0.298507 0.277657
ENSG00000163380.11 3 69172183 69172183 - 2 -376708 3_internal_12354 3 69548891 69611370 163 144.822 1.00005 1.99226 0.233113 0.094213 0.472637 0.452782
ENSG00000114541.10 3 69591734 69591734 - 2 304599 3_internal_16169 3 69245407 69287135 163 135.748 1.00004 1.88637 0.00130625 0.258239 0.00497512 0.00632807
ENSG00000244203.2 3 71338920 71338920 + 18 845138 3_internal_15336 3 72184058 72414635 163 158.479 1.04869 18.0905 0.0113238 -0.197928 0.18408 0.185409
ENSG00000221264.1 3 71591240 71591240 - 18 267446 3_internal_15154 3 71292775 71323794 163 159.339 1.09155 17.5781 0.0526156 0.152097 0.616915 0.594136
ENSG00000242094.1 3 71623608 71623608 - 18 -26273 3_internal_17172 3 71649881 71837222 163 184.378 0.992306 23.5907 0.000125079 0.298508 0.00497512 0.00112051
ENSG00000114861.14 3 71633140 71633140 - 18 91265 3_internal_11303 3 71074726 71541875 163 169.319 1.04513 19.8888 3.88067e-05 0.311202 0.00497512 0.000381598
ENSG00000170837.2 3 71803201 71803201 + 19 534156 3_internal_11478 3 72337357 72386793 163 154.818 1.09312 17.0652 0.000161626 -0.289812 0.00497512 0.00231968
ENSG00000163412.7 3 71803924 71803924 - 19 0 3_internal_17172 3 71649881 71837222 163 153.529 1.01889 16.7114 8.65274e-11 0.484675 0.00497512 3.51148e-09
ENSG00000163421.4 3 71834357 71834357 - 19 0 3_internal_17172 3 71649881 71837222 163 172.981 0.895128 18.5026 0.00168774 0.244712 0.0348259 0.03443
ENSG00000239250.2 3 71876328 71876328 + 19 -714058 3_internal_11451 3 71156783 71162270 163 176.737 0.977469 19.898 0.0211942 0.18383 0.373134 0.290584
ENSG00000244130.1 3 72055925 72055925 + 19 281432 3_internal_11478 3 72337357 72386793 163 142.338 0.990664 15.7918 0.0149131 0.192781 0.348259 0.311119
ENSG00000239350.1 3 72134240 72134240 + 18 203117 3_internal_11478 3 72337357 72386793 163 169.144 0.986709 18.5646 0.101622 0.127246 0.830846 0.847608
ENSG00000242609.1 3 72136039 72136039 + 18 201318 3_internal_11478 3 72337357 72386793 163 162.666 1.09208 17.7023 0.00554227 0.224465 0.079602 0.0733025
ENSG00000241163.2 3 72291716 72291716 - 15 -495425 3_internal_11919 3 72787141 72872017 163 165.642 0.938099 14.8112 0.110879 0.127236 0.850746 0.832416
ENSG00000163602.8 3 72496069 72496069 - 9 -291072 3_internal_11919 3 72787141 72872017 163 160.756 1.04407 8.60752 0.00538493 0.21555 0.0348259 0.0414277
ENSG00000144736.9 3 72911065 72911065 - 5 586389 3_internal_13914 3 72304571 72324676 163 172.821 1.02049 6.09345 0.261665 -0.0885524 0.810945 0.818455
ENSG00000172986.8 3 72937224 72937224 + 5 -612548 3_internal_13914 3 72304571 72324676 163 176.642 1.00003 5.36334 0.470199 0.0585062 0.960199 0.960333
ENSG00000163605.10 3 73045936 73045936 + 5 -631301 3_internal_15336 3 72184058 72414635 163 154.42 0.999997 3.76987 0.1294 -0.117774 0.482587 0.433604
ENSG00000238959.1 3 73076959 73076959 + 5 -752283 3_internal_13914 3 72304571 72324676 163 155.964 0.999958 3.96499 0.0526845 0.155867 0.19403 0.211219
ENSG00000255423.1 3 73110810 73110810 + 5 -238793 3_internal_11919 3 72787141 72872017 163 180.987 1.00005 5.51188 0.0639109 -0.146233 0.293532 0.250008
ENSG00000223247.1 3 73160143 73160143 + 5 -773350 3_internal_11478 3 72337357 72386793 163 149.358 1.00001 4.2992 0.375474 0.0673855 0.895522 0.885786
ENSG00000239959.1 3 75540353 75540353 - 4 0 3_internal_14821 3 75297208 75629695 163 169.526 0.999989 4.09657 4.60767e-05 0.316194 0.00497512 0.000132855
ENSG00000227124.4 3 75834734 75834734 - 4 205039 3_internal_14821 3 75297208 75629695 163 156.84 1.00004 3.69877 0.00117718 0.25215 0.00497512 0.005393
ENSG00000240809.1 3 76483169 76483169 + 4 -688974 3_internal_17576 3 75694789 75794195 163 167.075 1.00005 4.06599 0.286313 -0.0796959 0.746269 0.73753
ENSG00000222389.1 3 81558627 81558627 + 0 NA NA NA NA NA NA NA NA NA NA NA NA NA
ENSG00000240404.1 3 81661941 81661941 + 0 NA NA NA NA NA NA NA NA NA NA NA NA NA
ENSG00000241319.1 3 81661956 81661956 - 0 NA NA NA NA NA NA NA NA NA NA NA NA NA
ENSG00000114480.8 3 81811312 81811312 - 0 NA NA NA NA NA NA NA NA NA NA NA NA NA
ENSG00000242190.1 3 81813907 81813907 - 0 NA NA NA NA NA NA NA NA NA NA NA NA NA
ENSG00000083937.4 3 87276421 87276421 + 0 NA NA NA NA NA NA NA NA NA NA NA NA NA
ENSG00000064835.6 3 87325737 87325737 - 0 NA NA NA NA NA NA NA NA NA NA NA NA NA
ENSG00000229729.3 3 88108424 88108424 + 0 NA NA NA NA NA NA NA NA NA NA NA NA NA
ENSG00000241535.1 3 88145118 88145118 - 0 NA NA NA NA NA NA NA NA NA NA NA NA NA
ENSG00000175105.5 3 88188254 88188254 + 0 NA NA NA NA NA NA NA NA NA NA NA NA NA
ENSG00000179021.4 3 88198893 88198893 + 0 NA NA NA NA NA NA NA NA NA NA NA NA NA
ENSG00000163320.6 3 88199035 88199035 - 0 NA NA NA NA NA NA NA NA NA NA NA NA NA
ENSG00000244150.1 3 88206039 88206039 + 0 NA NA NA NA NA NA NA NA NA NA NA NA NA
ENSG00000184500.10 3 93692910 93692910 - 1 -29967 3_internal_13053 3 93722877 93730889 163 155.216 1.00001 0.840074 0.111107 0.125004 0.124378 0.101855
ENSG00000169379.11 3 93698983 93698983 + 1 23894 3_internal_13053 3 93722877 93730889 163 192.926 0.999986 0.928743 0.666683 0.0347167 0.606965 0.612112
ENSG00000239614.1 3 93707790 93707790 - 1 -15087 3_internal_13053 3 93722877 93730889 163 143.182 0.999973 0.951848 0.314799 0.0765442 0.358209 0.332728
ENSG00000178750.2 3 93747454 93747454 - 1 16565 3_internal_13053 3 93722877 93730889 163 181.974 0.999985 0.969123 0.97399 0.00254836 0.970149 0.969289
ENSG00000178694.4 3 93781760 93781760 + 1 -50871 3_internal_13053 3 93722877 93730889 163 176.737 1.00001 1.07691 0.429083 0.0613034 0.422886 0.433687
ENSG00000178700.3 3 93782233 93782233 - 1 51344 3_internal_13053 3 93722877 93730889 163 166.438 1.00002 0.967939 0.435968 0.0622856 0.412935 0.420765
ENSG00000243497.1 3 93795186 93795186 + 1 -64297 3_internal_13053 3 93722877 93730889 163 172.965 1.00002 1.10109 0.978804 0.00205382 0.995025 0.985164
ENSG00000242457.1 3 93796019 93796019 - 1 65130 3_internal_13053 3 93722877 93730889 163 199.293 1.00001 1.11455 0.537045 -0.0476312 0.512438 0.532768
ENSG00000253062.1 3 93817410 93817410 - 1 86521 3_internal_13053 3 93722877 93730889 163 135.812 0.999985 0.98693 0.914665 0.00848125 0.900498 0.919464
ENSG00000243547.1 3 96068398 96068398 + 0 NA NA NA NA NA NA NA NA NA NA NA NA NA
ENSG00000233280.1 3 97540884 97540884 + 5 167829 3_internal_11603 3 97708713 97749069 163 140.81 1.00002 4.28466 0.000238754 0.274586 0.00497512 0.00273977
ENSG00000080200.5 3 97595819 97595819 + 5 112894 3_internal_11603 3 97708713 97749069 163 182.468 0.949912 5.8071 0.000302217 0.270071 0.00497512 0.00111138
ENSG00000170854.12 3 97691301 97691301 - 5 -17412 3_internal_11603 3 97708713 97749069 163 164.512 1.00005 5.26886 1.35293e-05 0.322189 0.00497512 6.49628e-05
ENSG00000248839.1 3 98241414 98241414 + 5 128059 3_internal_14649 3 98369473 98490126 163 141.431 0.999961 4.66944 0.0629159 -0.145239 0.313433 0.333719
ENSG00000080822.11 3 98241910 98241910 - 5 483045 3_internal_15366 3 97680509 97758865 163 160.358 0.999955 5.24104 0.553973 -0.04789 0.99005 0.986015
ENSG00000080819.2 3 98312567 98312567 - 5 553702 3_internal_15366 3 97680509 97758865 163 132.788 0.999965 3.60548 0.297835 -0.08201 0.78607 0.785555
ENSG00000064225.8 3 98451080 98451080 + 5 -702011 3_internal_11603 3 97708713 97749069 163 164.671 1.01608 5.63497 0.0631498 0.14601 0.278607 0.294937
ENSG00000249274.1 3 98501032 98501032 + 5 -742167 3_internal_15366 3 97680509 97758865 163 163.462 1.00005 5.20048 0.029922 0.16968 0.114428 0.145059
ENSG00000057019.11 3 98620533 98620533 - 5 871464 3_internal_11603 3 97708713 97749069 163 140.221 1.00005 4.1852 0.084383 0.138201 0.373134 0.384612
ENSG00000036054.8 3 99979844 99979844 + 0 NA NA NA NA NA NA NA NA NA NA NA NA NA
ENSG00000114021.6 3 100053545 100053545 + 0 NA NA NA NA NA NA NA NA NA NA NA NA NA
ENSG00000154174.7 3 100120242 100120242 - 1 -977704 3_internal_15843 3 101097946 101200404 163 172.694 0.999974 1.00258 0.376752 -0.0715469 0.353234 0.363636
ENSG00000114354.8 3 100428205 100428205 + 5 669741 3_internal_15843 3 101097946 101200404 163 158.336 0.999965 5.3944 0.586499 -0.0410092 0.99005 0.992054
ENSG00000154175.12 3 100712359 100712359 - 7 -741777 3_internal_11785 3 101454136 101464254 163 178.791 0.966713 7.37363 0.368106 0.0678244 0.965174 0.958782
ENSG00000081148.10 3 101039404 101039404 - 9 -58542 3_internal_15843 3 101097946 101200404 163 161.01 0.99487 8.39394 3.35915e-08 0.409834 0.00497512 3.6962e-07
ENSG00000241738.1 3 101076136 101076136 + 9 21810 3_internal_15843 3 101097946 101200404 163 194.056 0.947592 10.8719 9.23474e-05 0.301479 0.00497512 0.000341468
ENSG00000232830.4 3 101133072 101133072 + 9 0 3_internal_15843 3 101097946 101200404 163 182.595 1.03368 10.132 0.00597266 0.212526 0.0348259 0.031769
ENSG00000201554.1 3 101177374 101177374 + 9 276762 3_internal_11785 3 101454136 101464254 163 158.463 1.00427 9.21818 0.107571 0.122586 0.676617 0.665882
ENSG00000238525.1 3 101220999 101220999 + 9 -20595 3_internal_15843 3 101097946 101200404 163 158.05 0.954068 7.62787 0.0149936 0.186043 0.159204 0.13418
ENSG00000138468.11 3 101232085 101232085 - 9 31681 3_internal_15843 3 101097946 101200404 163 182.086 0.899046 10.248 1.53939e-12 0.510777 0.00497512 1.36914e-11
ENSG00000174173.6 3 101280706 101280706 + 9 495089 3_internal_11106 3 101775795 101835075 163 158.447 0.997328 9.24453 0.203577 0.0998697 0.880597 0.887375
ENSG00000081154.7 3 101292939 101292939 + 9 482856 3_internal_11106 3 101775795 101835075 163 184.235 0.987459 10.1871 0.0972465 0.131232 0.542289 0.567614
ENSG00000242299.1 3 101295791 101295791 - 9 0 3_internal_10703 3 101289867 101407156 163 164.369 0.925561 8.58763 0.0903566 0.135364 0.567164 0.5848
ENSG00000243396.1 3 101318488 101318488 - 9 76838 3_internal_10926 3 101230727 101241650 163 162.093 1.03634 9.16278 0.253562 0.0906615 0.925373 0.928254
ENSG00000201511.1 3 101366265 101366265 + 9 87871 3_internal_11785 3 101454136 101464254 163 158.766 1.06927 8.85274 0.269893 0.0838409 0.930348 0.93571
ENSG00000201121.1 3 101381008 101381008 - 9 -394787 3_internal_11106 3 101775795 101835075 163 146.302 1.15161 8.99773 0.303358 0.0833353 0.955224 0.964099
ENSG00000256628.1 3 101395274 101395274 + 9 58862 3_internal_11785 3 101454136 101464254 163 154.77 1.0332 8.47037 0.128095 0.118081 0.701493 0.704481
ENSG00000066422.4 3 101396339 101396339 - 9 -57797 3_internal_11785 3 101454136 101464254 163 172.837 1.05241 10.2252 0.0112912 0.194945 0.0746269 0.076933
ENSG00000114391.8 3 101405626 101405626 - 9 0 3_internal_10703 3 101289867 101407156 163 143.246 1.30896 10.8266 0.0398084 0.164542 0.348259 0.320073
ENSG00000244119.1 3 101431316 101431316 + 9 22820 3_internal_11785 3 101454136 101464254 163 198.29 0.878772 11.4624 0.0255087 0.171668 0.19403 0.192107
ENSG00000182504.6 3 101442769 101442769 + 9 11367 3_internal_11785 3 101454136 101464254 163 154.579 0.99782 8.94732 7.41785e-06 0.329861 0.00497512 0.000116802
ENSG00000144815.9 3 101498046 101498046 + 9 -33792 3_internal_11785 3 101454136 101464254 163 166.597 0.90857 7.54105 0.0314882 0.170927 0.248756 0.241322
ENSG00000249474.1 3 101543842 101543842 - 9 79588 3_internal_11785 3 101454136 101464254 163 159.944 1.01171 10.0251 0.0154631 0.193131 0.144279 0.149385
ENSG00000144802.7 3 101546835 101546835 + 9 -346431 3_internal_15843 3 101097946 101200404 163 166.9 1.09492 10.2254 0.0854725 -0.137677 0.577114 0.541019
ENSG00000214407.3 3 101659703 101659703 + 9 -459299 3_internal_15843 3 101097946 101200404 163 148.881 1.0703 8.26888 0.138636 -0.116251 0.741294 0.733955
ENSG00000170017.8 3 105085753 105085753 + 7 378947 3_internal_11017 3 105464700 105897327 163 159.084 0.942262 6.3609 0.0453105 -0.153791 0.298507 0.294374
