ENSG00000244758.1 7 35479 35479 - 9 -52611 7_internal_9952 7 88090 105235 163 165.149 1.05741 8.81381 0.0114428 0.200432 0.0597015 0.0787283
ENSG00000242474.1 7 149466 149466 - 11 -702650 7_internal_8237 7 852116 873570 163 144.694 1.00537 10.0368 0.132184 0.121237 0.825871 0.816604
ENSG00000240859.1 7 149597 149597 + 11 -44362 7_internal_9952 7 88090 105235 163 176.371 0.986739 12.0352 0.100804 0.133952 0.711443 0.674313
ENSG00000177706.8 7 192969 192969 + 11 -87734 7_internal_9952 7 88090 105235 163 170.625 1.01988 12.2932 0.144819 0.111793 0.835821 0.828639
ENSG00000164818.11 7 766338 766338 + 12 -112509 7_internal_8431 7 632131 653829 163 166.168 1.01253 12.0172 0.00961232 0.202908 0.0845771 0.0988987
ENSG00000164828.13 7 855528 855528 + 13 225158 7_internal_8295 7 1080686 1102609 163 175.336 0.956977 14.3202 0.0154365 0.187526 0.179104 0.174326
ENSG00000239857.1 7 916189 916189 + 13 -262360 7_internal_8431 7 632131 653829 163 163.828 0.854351 11.7146 0.0329982 -0.169606 0.383085 0.394032
ENSG00000105963.8 7 995043 995043 - 14 0 7_internal_8709 7 399220 2140375 163 151.316 1.08762 12.4597 0.00213985 0.2415 0.0149254 0.0275092
ENSG00000240230.1 7 1015235 1015235 - 15 0 7_internal_8709 7 399220 2140375 163 140.938 1.14751 14.2694 0.00172951 0.247294 0.0298507 0.0301773
ENSG00000146540.9 7 1177896 1177896 - 14 524067 7_internal_8431 7 632131 653829 163 154.516 1.11721 15.4559 0.0399521 -0.157315 0.472637 0.459678
ENSG00000229043.1 7 1199662 1199662 + 14 69276 7_internal_8179 7 1268938 1288551 163 157.97 0.979584 13.4022 0.0112969 0.193351 0.159204 0.163884
ENSG00000178381.7 7 1200395 1200395 - 14 -958853 7_internal_8081 7 2159248 2179033 163 204.037 0.863569 21.12 0.0171821 -0.189081 0.228856 0.202926
ENSG00000164877.14 7 1499138 1499138 - 15 838570 7_internal_8171 7 623150 660568 163 165.022 0.964683 15.0904 0.0558414 -0.146019 0.567164 0.585624
ENSG00000164880.11 7 1545489 1545489 - 15 -613759 7_internal_8081 7 2159248 2179033 163 186.447 0.872382 15.5245 0.0502132 -0.144877 0.487562 0.49991
ENSG00000198517.5 7 1570350 1570350 + 15 572751 7_internal_8407 7 2143101 2153010 163 154.786 0.974049 13.2467 0.0471719 -0.150853 0.527363 0.526932
ENSG00000256005.1 7 1580047 1580047 + 15 563054 7_internal_8407 7 2143101 2153010 163 145.267 0.930282 11.325 0.0311461 -0.163576 0.38806 0.418506
ENSG00000241340.1 7 1585415 1585415 - 15 931586 7_internal_8431 7 632131 653829 163 161.583 0.972984 15.171 0.112538 -0.121591 0.850746 0.847362
ENSG00000241181.1 7 1585885 1585885 - 15 932056 7_internal_8431 7 632131 653829 163 175.687 0.871738 13.7587 0.0140404 -0.194057 0.18408 0.185701
ENSG00000164855.10 7 1600457 1600457 - 15 939889 7_internal_8171 7 623150 660568 163 166.04 1.00112 13.9778 0.00190414 -0.245879 0.0298507 0.0237495
ENSG00000230487.3 7 1609709 1609709 + 15 -733139 7_internal_11356 7 850799 876570 163 162.204 0.962618 14.0286 0.000167386 -0.282192 0.00497512 0.00309082
ENSG00000157778.4 7 1610641 1610641 - 15 -170099 7_internal_10714 7 1780740 2128174 163 160.978 0.955829 13.139 0.10555 -0.12761 0.776119 0.789873
ENSG00000176349.7 7 1878222 1878222 + 11 50917 7_internal_8966 7 1929139 2078428 163 167.998 1.02536 11.5817 0.00205213 0.221792 0.0348259 0.0180139
ENSG00000002822.10 7 2272878 2272878 - 13 144704 7_internal_10714 7 1780740 2128174 163 146.445 1.15976 12.9095 0.000441151 0.262619 0.00497512 0.00507326
ENSG00000122687.13 7 2281840 2281840 - 13 128830 7_internal_8407 7 2143101 2153010 163 173.84 0.949237 12.0992 0.0772916 0.135139 0.60199 0.596606
ENSG00000106268.11 7 2281857 2281857 + 13 0 7_internal_8056 7 1093983 2572342 163 161.536 0.979224 11.7413 0.00927157 0.203466 0.114428 0.112925
ENSG00000106263.13 7 2393721 2393721 + 12 -315293 7_internal_8966 7 1929139 2078428 163 168.874 0.850945 10.4457 0.00194028 -0.237365 0.0646766 0.0322049
ENSG00000106266.4 7 2393953 2393953 - 12 265779 7_internal_10714 7 1780740 2128174 163 178.249 0.918994 12.9879 0.0349655 0.163689 0.328358 0.341746
ENSG00000136213.7 7 2443223 2443223 + 12 0 7_internal_8056 7 1093983 2572342 163 188.485 0.847697 12.7382 0.0117995 0.196239 0.139303 0.127073
ENSG00000106003.8 7 2552163 2552163 + 12 0 7_internal_8056 7 1093983 2572342 163 142.323 1.00584 8.62866 1.40233e-12 0.51191 0.00497512 2.76162e-10
ENSG00000264357.1 7 2566708 2566708 + 12 0 7_internal_8056 7 1093983 2572342 163 163.382 0.978469 11.7233 3.24875e-08 0.418374 0.00497512 5.09041e-07
ENSG00000238857.1 7 2590599 2590599 - 12 411566 7_internal_8081 7 2159248 2179033 163 182.738 0.944446 11.4746 0.0786333 0.138536 0.507463 0.549439
ENSG00000106009.11 7 2595361 2595361 - 12 23019 7_internal_8056 7 1093983 2572342 163 157.381 0.981573 11.2692 6.19794e-07 0.365197 0.00497512 1.35602e-05
ENSG00000106012.12 7 2598632 2598632 + 12 -26290 7_internal_8056 7 1093983 2572342 163 154.293 0.960671 10.5214 9.66648e-06 0.333621 0.00497512 0.000251125
ENSG00000136295.10 7 2671585 2671585 + 13 -99243 7_internal_8056 7 1093983 2572342 163 143.516 1.14623 12.3893 0.00685378 0.210698 0.079602 0.091259
ENSG00000146535.8 7 2883958 2883958 - 13 0 7_internal_9097 7 2839810 2905193 163 169.686 0.940196 12.3997 0.000178783 0.295979 0.0149254 0.00244545
ENSG00000146555.14 7 3341080 3341080 + 7 257691 7_internal_10965 7 3598771 3712118 163 203.766 0.970948 9.70424 3.59289e-30 0.742579 0.00497512 2.74673e-35
ENSG00000224593.1 7 3377521 3377521 + 7 221250 7_internal_10965 7 3598771 3712118 163 170.29 0.946998 6.15222 6.10537e-20 0.621808 0.00497512 6.01292e-19
ENSG00000164916.8 7 4683388 4683388 + 9 37520 7_internal_8451 7 4720908 4768013 163 156.283 1.05185 7.19208 2.80299e-07 0.374041 0.00497512 1.81534e-06
ENSG00000242802.2 7 4815253 4815253 + 8 854303 7_internal_11228 7 5669556 5744994 163 166.741 1.00219 8.01839 0.0544235 0.148785 0.363184 0.345747
ENSG00000264474.1 7 4828270 4828270 - 8 -841286 7_internal_11228 7 5669556 5744994 163 154.532 0.877967 5.74174 0.129785 -0.115756 0.606965 0.633068
ENSG00000157927.12 7 4923350 4923350 - 9 -746206 7_internal_11228 7 5669556 5744994 163 148.737 1.03186 7.72726 0.0350162 -0.1594 0.263682 0.280123
ENSG00000196204.7 7 5013619 5013619 + 9 8229 7_internal_9127 7 5021848 5278689 163 162.602 1.00467 9.02162 0.0124746 0.19604 0.124378 0.106666
ENSG00000146587.12 7 5023349 5023349 + 9 -255189 7_internal_8398 7 4750805 4768160 163 188.517 0.9416 8.89882 0.135245 -0.121279 0.676617 0.662623
ENSG00000157954.10 7 5229819 5229819 + 9 0 7_internal_9127 7 5021848 5278689 163 163.016 0.947983 8.9107 7.19944e-08 0.4136 0.00497512 1.37001e-06
ENSG00000164638.5 7 5314000 5314000 + 9 -524034 7_internal_8290 7 4720813 4789966 163 173.076 0.994388 9.06037 0.0313067 0.168082 0.248756 0.218198
ENSG00000241269.1 7 5459458 5459458 + 10 -669492 7_internal_8290 7 4720813 4789966 163 168.014 0.918887 8.74356 0.0160207 -0.18782 0.169154 0.145883
ENSG00000188365.3 7 5459477 5459477 + 10 -669511 7_internal_8290 7 4720813 4789966 163 236.637 0.842958 15.5244 0.000940096 -0.250703 0.00497512 0.00321747
ENSG00000182095.10 7 5465045 5465045 - 10 675079 7_internal_8290 7 4720813 4789966 163 164.64 1.01128 9.63037 0.101826 -0.125358 0.631841 0.633302
ENSG00000234432.2 7 5468558 5468558 - 10 700398 7_internal_8398 7 4750805 4768160 163 160.485 1.09087 9.38826 0.00422348 0.214145 0.0248756 0.0301864
ENSG00000230733.2 7 5515435 5515435 + 10 -516239 7_internal_8084 7 4921708 4999196 163 157.349 1.0584 8.99957 0.106923 0.127367 0.631841 0.637886
ENSG00000207973.1 7 5535548 5535548 - 10 536352 7_internal_8084 7 4921708 4999196 163 159.068 1.05593 9.29285 0.0315276 0.169346 0.243781 0.24893
ENSG00000155034.14 7 5553429 5553429 - 10 274740 7_internal_9127 7 5021848 5278689 163 179.173 1.02106 10.7045 0.0569943 -0.151902 0.412935 0.3857
ENSG00000263900.1 7 5567817 5567817 - 11 289128 7_internal_9127 7 5021848 5278689 163 173.983 0.932934 10.9445 0.143794 0.115447 0.800995 0.804444
ENSG00000075624.9 7 5603415 5603415 - 12 -66141 7_internal_11228 7 5669556 5744994 163 178.87 0.849472 11.8324 0.12711 -0.119737 0.776119 0.797071
ENSG00000075618.12 7 5632439 5632439 + 12 37117 7_internal_11228 7 5669556 5744994 163 170.036 0.970603 13.9492 0.0379266 0.161191 0.402985 0.396968
ENSG00000237738.1 7 5720092 5720092 - 11 441403 7_internal_9127 7 5021848 5278689 163 139.967 1.01001 8.80354 0.0990511 -0.132663 0.726368 0.692235
ENSG00000011275.14 7 5821370 5821370 - 7 -38087 7_internal_9765 7 5859457 5867676 163 175.48 0.905904 6.05997 4.33293e-05 0.311526 0.00497512 0.000318702
ENSG00000235944.3 7 5862791 5862791 + 7 0 7_internal_9765 7 5859457 5867676 163 181.131 1.06225 7.86635 0.000518583 0.257112 0.00497512 0.00131732
ENSG00000122543.6 7 5919458 5919458 + 7 636457 7_internal_9533 7 6555915 6567165 163 199.643 0.804799 7.51911 0.010163 0.200673 0.0895522 0.0678773
ENSG00000122674.8 7 5938356 5938356 + 7 -659667 7_internal_9127 7 5021848 5278689 163 221.005 0.816871 9.67125 0.0698409 -0.143184 0.328358 0.380543
ENSG00000155026.11 7 6010314 6010314 - 6 265320 7_internal_11228 7 5669556 5744994 163 134.602 0.999994 4.67517 0.156754 0.110752 0.686567 0.644178
ENSG00000122512.9 7 6048756 6048756 - 7 181080 7_internal_9765 7 5859457 5867676 163 151.014 0.990451 5.81037 0.094075 -0.131765 0.492537 0.486624
ENSG00000106305.5 7 6048876 6048876 + 7 507039 7_internal_9533 7 6555915 6567165 163 157.588 1.14971 7.8432 0.072869 -0.140437 0.39801 0.403395
ENSG00000207217.1 7 6056508 6056508 + 7 358097 7_internal_8463 7 6414605 6442012 163 171.134 0.933358 6.70794 0.019609 -0.178923 0.139303 0.127136
ENSG00000157999.5 7 6071007 6071007 + 7 -203331 7_internal_9765 7 5859457 5867676 163 170.481 0.997844 7.87367 0.395141 0.0657202 0.9801 0.978182
ENSG00000240718.2 7 6087651 6087651 - 7 219975 7_internal_9765 7 5859457 5867676 163 149.263 0.999957 5.46488 0.178645 0.104491 0.716418 0.700874
ENSG00000086232.7 7 6098861 6098861 - 7 -931403 7_internal_8425 7 7030264 7082760 163 168.842 1.0067 7.12233 0.0158656 -0.180814 0.109453 0.0944168
ENSG00000231704.1 7 6120734 6120734 + 7 464097 7_internal_8406 7 6584831 6595333 163 144.838 1.01756 6.86498 0.0396831 -0.162414 0.303483 0.301807
ENSG00000106346.7 7 6144515 6144515 + 7 411400 7_internal_9533 7 6555915 6567165 163 186.097 0.880573 7.8618 0.0523437 -0.153783 0.283582 0.318875
ENSG00000008256.11 7 6312275 6312275 - 8 -910407 7_internal_8591 7 7222682 7245825 163 142.848 1.05532 7.31589 0.046345 -0.15104 0.338308 0.349854
ENSG00000178397.8 7 6388612 6388612 - 8 -25993 7_internal_8463 7 6414605 6442012 163 198.529 0.943609 9.73866 0.000225141 0.282186 0.00995025 0.000713753
ENSG00000136238.13 7 6414154 6414154 + 8 451 7_internal_8463 7 6414605 6442012 163 159.816 0.959388 7.43057 1.13728e-06 0.376524 0.00497512 1.7358e-05
ENSG00000269781.1 7 6522922 6522922 + 8 -777928 7_internal_11228 7 5669556 5744994 163 146.604 1.13419 8.21275 0.0972743 -0.126608 0.60199 0.582197
ENSG00000164535.9 7 6523821 6523821 - 8 -32094 7_internal_9533 7 6555915 6567165 163 167.839 1.06126 8.80327 0.316365 -0.0771769 0.940299 0.957063
ENSG00000136240.5 7 6523873 6523873 - 8 778879 7_internal_11228 7 5669556 5744994 163 161.647 1.17823 9.08858 0.00291939 -0.227109 0.00497512 0.0133549
ENSG00000215045.4 7 6591067 6591067 - 8 -631615 7_internal_8591 7 7222682 7245825 163 161.551 0.980206 7.5218 0.0306103 -0.164498 0.238806 0.221069
ENSG00000136247.10 7 6617065 6617065 + 8 -21732 7_internal_8406 7 6584831 6595333 163 162.682 1.06679 8.30876 0.000798684 0.255 0.0199005 0.0046725
ENSG00000232581.1 7 6628605 6628605 - 8 33272 7_internal_8406 7 6584831 6595333 163 179.284 0.940095 7.79134 0.00260607 0.23495 0.00995025 0.0163518
ENSG00000146576.8 7 6629648 6629648 + 8 -34315 7_internal_8406 7 6584831 6595333 163 174.588 0.940466 7.32468 4.49064e-05 0.304475 0.00497512 0.00030057
ENSG00000236609.3 7 6655248 6655248 + 8 375016 7_internal_8425 7 7030264 7082760 163 134.539 1.16924 6.46522 0.154053 -0.11573 0.711443 0.701083
ENSG00000205903.2 7 6676953 6676953 + 8 -81620 7_internal_8406 7 6584831 6595333 163 159.912 0.990495 6.63713 5.98375e-05 0.303255 0.00497512 0.000503716
ENSG00000260054.1 7 6694495 6694495 + 8 -99162 7_internal_8406 7 6584831 6595333 163 190.665 0.898113 9.07939 0.00532377 0.215431 0.0348259 0.0351137
ENSG00000228010.1 7 6703605 6703605 + 8 -835929 7_internal_9765 7 5859457 5867676 163 176.435 1.0088 9.05551 0.15162 -0.111757 0.736318 0.730079
ENSG00000198580.6 7 6713376 6713376 + 8 -845700 7_internal_9765 7 5859457 5867676 163 163.828 0.986675 8.19735 0.099533 -0.130275 0.60199 0.579143
ENSG00000265245.1 7 6731608 6731608 + 8 491074 7_internal_8591 7 7222682 7245825 163 145.793 1.11233 7.00704 0.179543 0.0973604 0.766169 0.767144
ENSG00000164631.14 7 6746554 6746554 - 7 151221 7_internal_8406 7 6584831 6595333 163 185.492 0.991047 7.54292 0.0270517 0.171248 0.134328 0.133057
ENSG00000187953.6 7 6749759 6749759 + 7 -882083 7_internal_9765 7 5859457 5867676 163 160.055 1.0301 6.31799 0.021544 -0.185289 0.129353 0.126248
ENSG00000169402.11 7 6793740 6793740 + 7 428942 7_internal_8591 7 7222682 7245825 163 196.714 1.02285 9.6369 0.120673 0.124898 0.587065 0.579027
ENSG00000226150.2 7 6836573 6836573 - 8 -386109 7_internal_8591 7 7222682 7245825 163 145.283 1.0193 6.67346 0.118566 0.123555 0.641791 0.628656
ENSG00000146574.10 7 6866401 6866401 - 8 -953131 7_internal_9066 7 7819532 7898715 163 125.513 1.17012 6.80824 0.0614103 0.146639 0.452736 0.440928
ENSG00000106392.5 7 7196565 7196565 + 11 26117 7_internal_8591 7 7222682 7245825 163 179.762 1.08065 13.4842 1.06394e-25 0.697842 0.00497512 3.45664e-29
ENSG00000230825.1 7 7294785 7294785 + 11 -48960 7_internal_8591 7 7222682 7245825 163 190.474 0.868086 12.4731 1.45771e-15 0.565276 0.00497512 1.08077e-14
ENSG00000164654.11 7 7606503 7606503 + 8 -389010 7_internal_9178 7 7195239 7217493 163 128.171 0.999981 5.36894 5.58499e-05 0.302311 0.00497512 0.00190182
ENSG00000219545.4 7 7680342 7680342 + 8 329022 7_internal_9600 7 8009364 8184987 163 154.611 1.11209 7.32303 0.0412845 0.15997 0.243781 0.249881
ENSG00000106399.7 7 7758238 7758238 - 8 540745 7_internal_9178 7 7195239 7217493 163 149.852 1.08815 7.56747 0.0342711 -0.162339 0.233831 0.243138
ENSG00000269721.1 7 7782166 7782166 - 8 -227198 7_internal_9600 7 8009364 8184987 163 154.213 1.01382 6.88772 0.0286808 0.169718 0.228856 0.202994
ENSG00000234718.5 7 7782204 7782204 - 8 -227160 7_internal_9600 7 8009364 8184987 163 166.629 1.03931 7.53314 0.0920418 0.133261 0.482587 0.484446
ENSG00000201747.1 7 7946150 7946150 + 8 63214 7_internal_9600 7 8009364 8184987 163 172.694 0.91412 6.94777 0.0747504 -0.136682 0.402985 0.422135
ENSG00000214998.2 7 7950080 7950080 - 8 867320 7_internal_8425 7 7030264 7082760 163 189.949 1.00035 9.46414 0.263157 0.0912695 0.895522 0.912483
ENSG00000234141.1 7 7990340 7990340 - 8 -172849 7_internal_8500 7 8163189 8220110 163 171.596 0.974714 6.8596 0.265899 -0.0855921 0.885572 0.870599
ENSG00000106415.8 7 8008425 8008425 + 8 939 7_internal_9600 7 8009364 8184987 163 152.08 1.0055 8.16932 0.0238226 0.178769 0.189055 0.211895
ENSG00000233108.1 7 8009534 8009534 - 8 -171300 7_internal_8578 7 8180834 8189851 163 160.469 0.979619 6.7271 0.124848 0.116345 0.626866 0.610107
ENSG00000233264.2 7 8019943 8019943 + 8 0 7_internal_9600 7 8009364 8184987 163 165.817 1.04824 8.22172 0.0297541 0.169946 0.208955 0.192426
ENSG00000227719.1 7 8153655 8153655 + 7 9534 7_internal_8500 7 8163189 8220110 163 158.989 1.04606 7.76258 0.0422471 0.156444 0.273632 0.279736
ENSG00000003147.13 7 8302317 8302317 - 5 82207 7_internal_8500 7 8163189 8220110 163 165.244 0.989235 5.51269 0.143238 0.113407 0.577114 0.57065
ENSG00000189043.5 7 10979883 10979883 - 0 NA NA NA NA NA NA NA NA NA NA NA NA NA
ENSG00000106443.10 7 11013499 11013499 + 0 NA NA NA NA NA NA NA NA NA NA NA NA NA
ENSG00000106460.13 7 12250867 12250867 + 2 192087 7_internal_12670 7 12442954 13098240 163 182.595 0.999969 2.3604 0.00943864 0.211626 0.00995025 0.0141062
ENSG00000146530.7 7 12443567 12443567 - 2 0 7_internal_12670 7 12442954 13098240 163 153.306 0.999963 1.80721 0.00584249 0.221772 0.0149254 0.0135465
ENSG00000122644.8 7 12726481 12726481 + 2 0 7_internal_12670 7 12442954 13098240 163 183.996 0.999977 2.15283 0.0425148 0.161291 0.0995025 0.0658052
ENSG00000187546.9 7 15601640 15601640 - 0 NA NA NA NA NA NA NA NA NA NA NA NA NA
ENSG00000214960.5 7 16460947 16460947 - 4 -507366 7_internal_8148 7 16968313 16978651 163 168.333 1.00003 4.04194 0.359681 0.0696946 0.820896 0.826762
ENSG00000106524.4 7 16685442 16685442 - 4 -491714 7_internal_10751 7 17177156 17184215 163 162.204 1.00003 3.81931 0.00445929 0.209033 0.0248756 0.0172941
ENSG00000136261.10 7 16685756 16685756 + 4 491400 7_internal_10751 7 17177156 17184215 163 171.755 1.00002 4.17052 0.00503891 0.21063 0.0199005 0.0165266
ENSG00000235837.1 7 16759523 16759523 - 4 -417633 7_internal_10751 7 17177156 17184215 163 161.711 1.00002 3.80106 0.00212959 0.227537 0.0149254 0.00840511
ENSG00000106537.7 7 16793160 16793160 + 4 175153 7_internal_8148 7 16968313 16978651 163 150.52 1.00003 3.32262 0.00910302 0.194576 0.039801 0.039993
ENSG00000106546.8 7 17338246 17338246 + 4 -254885 7_internal_8888 7 17066450 17083361 163 165.849 0.999982 3.72579 6.4618e-05 0.304686 0.00497512 0.000207694
ENSG00000071189.16 7 17980124 17980124 - 3 795909 7_internal_10751 7 17177156 17184215 163 166.9 0.999953 2.97443 0.0516188 0.149145 0.134328 0.138538
ENSG00000048052.16 7 18126572 18126572 + 2 -942357 7_internal_10751 7 17177156 17184215 163 177.056 0.999985 1.93795 0.0494711 0.152809 0.0995025 0.0771634
ENSG00000223030.1 7 18336962 18336962 + 1 -807828 7_internal_12118 7 17047855 17529134 163 153.131 1.00001 0.975989 0.892429 -0.0106843 0.880597 0.88991
ENSG00000105849.5 7 19748710 19748710 - 0 NA NA NA NA NA NA NA NA NA NA NA NA NA
ENSG00000105866.8 7 21467652 21467652 + 1 422799 7_internal_8987 7 21890451 21986063 163 151.077 0.999982 0.942536 0.717077 -0.0284068 0.706468 0.706085
ENSG00000105877.12 7 21582833 21582833 + 1 307618 7_internal_8987 7 21890451 21986063 163 139.012 0.999997 1.06987 3.67934e-08 0.404615 0.00497512 3.97439e-07
ENSG00000164649.15 7 21985702 21985702 - 2 0 7_internal_8987 7 21890451 21986063 163 123.651 0.999949 1.669 3.54751e-09 0.43634 0.00497512 4.59426e-07
ENSG00000196683.6 7 22862470 22862470 - 3 876407 7_internal_8987 7 21890451 21986063 163 161.233 1.00005 3.05309 0.425405 -0.0585006 0.820896 0.818244
ENSG00000122591.7 7 23053749 23053749 - 2 -90942 7_internal_8305 7 23144691 23223270 163 182.022 0.999999 2.41798 0.385673 0.0675116 0.671642 0.659097
ENSG00000122550.12 7 23145353 23145353 + 2 -219130 7_internal_11612 7 22601340 22926223 163 169.128 1 1.99288 0.548291 -0.0480251 0.791045 0.788004
ENSG00000230042.1 7 23168797 23168797 + 2 0 7_internal_8305 7 23144691 23223270 163 182.691 0.999973 2.23134 0.148112 -0.117105 0.313433 0.258969
ENSG00000268979.1 7 23177192 23177192 - 2 250969 7_internal_11612 7 22601340 22926223 163 200.105 1.00001 2.65311 0.589813 -0.0426977 0.890547 0.879917
ENSG00000136243.12 7 23221446 23221446 + 2 -295223 7_internal_11612 7 22601340 22926223 163 154.914 1.00001 1.83157 0.24242 -0.0945523 0.41791 0.416033
ENSG00000226816.2 7 23245632 23245632 + 3 993586 7_internal_10015 7 24239218 24295680 163 174.811 1.00004 3.27551 0.389808 -0.0672181 0.81592 0.783364
ENSG00000156928.4 7 23338358 23338358 + 3 -412135 7_internal_11612 7 22601340 22926223 163 164.544 1.00002 2.79751 0.402513 -0.0668513 0.731343 0.760774
ENSG00000136231.8 7 23510086 23510086 - 3 286816 7_internal_8305 7 23144691 23223270 163 202.604 0.999998 3.38627 0.518656 -0.0499436 0.895522 0.884731
ENSG00000232818.2 7 23530092 23530092 + 3 -603869 7_internal_11612 7 22601340 22926223 163 137.086 1.00001 2.74208 0.0391152 0.161851 0.159204 0.152548
ENSG00000164548.6 7 23571660 23571660 - 3 645437 7_internal_11612 7 22601340 22926223 163 169.319 1.00002 2.79896 0.305245 0.0809904 0.61194 0.625608
ENSG00000169193.7 7 23636998 23636998 + 3 -413728 7_internal_8305 7 23144691 23223270 163 148.578 1.00004 3.01163 0.0144195 -0.197631 0.0646766 0.0576185
ENSG00000227436.1 7 23658952 23658952 + 3 -732729 7_internal_11612 7 22601340 22926223 163 168.619 1.00004 2.9942 0.245553 0.0905841 0.577114 0.556055
ENSG00000188732.6 7 23719749 23719749 + 3 -793526 7_internal_11612 7 22601340 22926223 163 189.679 1.00003 3.07206 0.195097 0.104151 0.427861 0.419218
ENSG00000196335.8 7 23749786 23749786 + 3 -526516 7_internal_8305 7 23144691 23223270 163 182.579 0.999993 3.60215 0.098866 -0.131888 0.258706 0.261306
ENSG00000105926.9 7 24612887 24612887 + 4 365463 7_internal_9779 7 24978350 25069425 163 155.28 0.999999 3.63869 0.14782 0.112197 0.452736 0.464708
ENSG00000070882.8 7 25021253 25021253 - 5 0 7_internal_9779 7 24978350 25069425 163 177.915 0.999985 4.69157 0.00824467 0.204279 0.0199005 0.0267942
ENSG00000172115.4 7 25164980 25164980 - 6 -965169 7_internal_10450 7 26130149 26207435 163 170.736 0.956229 6.40411 0.0165974 0.186718 0.119403 0.0988048
ENSG00000153790.7 7 25219975 25219975 - 6 -910174 7_internal_10450 7 26130149 26207435 163 145.283 0.99994 5.2189 0.0507081 -0.153232 0.278607 0.296387
ENSG00000050344.7 7 26191860 26191860 + 4 -530747 7_internal_8341 7 25653447 25661113 163 161.79 0.999944 3.85061 0.0690464 -0.142494 0.238806 0.244095
ENSG00000122565.13 7 26240782 26240782 + 4 945796 7_internal_8417 7 27186578 27226382 163 189.694 0.999957 4.88033 0.260441 -0.0869762 0.696517 0.711129
ENSG00000122566.16 7 26241149 26241149 - 4 -945429 7_internal_8417 7 27186578 27226382 163 154.325 0.999952 3.87463 0.138401 0.115642 0.442786 0.465795
ENSG00000086300.11 7 26331541 26331541 + 6 -768571 7_internal_9113 7 25535248 25562970 163 165.388 1.07616 7.53575 0.225776 -0.0944081 0.830846 0.832614
ENSG00000225792.1 7 26416321 26416321 - 6 -827635 7_internal_10058 7 27243956 27250863 163 170.036 0.98377 6.66589 0.431244 -0.0627588 0.99005 0.97472
ENSG00000214870.4 7 26438213 26438213 + 6 -875243 7_internal_9113 7 25535248 25562970 163 147.05 0.999976 5.32706 0.0219938 0.175699 0.139303 0.148
ENSG00000222004.3 7 26677490 26677490 + 4 509088 7_internal_8417 7 27186578 27226382 163 175.384 0.999954 4.14476 5.91703e-05 0.300061 0.00497512 0.000128355
ENSG00000005020.8 7 27034858 27034858 - 5 -151720 7_internal_8417 7 27186578 27226382 163 156.983 1.00004 4.90421 3.98103e-08 0.418437 0.00497512 3.47148e-07
ENSG00000233429.5 7 27135266 27135266 + 6 51312 7_internal_8417 7 27186578 27226382 163 148.435 1.02799 5.60226 2.4918e-08 0.42689 0.00497512 3.89136e-07
ENSG00000105991.7 7 27135615 27135615 - 6 -50963 7_internal_8417 7 27186578 27226382 163 195.425 1.00001 6.43003 9.96468e-10 0.455681 0.00497512 1.41695e-10
ENSG00000105996.5 7 27142430 27142430 - 6 -44148 7_internal_8417 7 27186578 27226382 163 177.167 0.96581 5.77042 1.37389e-09 0.453111 0.00497512 3.11343e-09
ENSG00000253552.3 7 27147396 27147396 + 6 39182 7_internal_8417 7 27186578 27226382 163 157.588 1.00006 5.27398 1.35593e-08 0.424546 0.00497512 1.24207e-07
ENSG00000197576.8 7 27170418 27170418 - 6 -16160 7_internal_8417 7 27186578 27226382 163 167.075 0.986547 5.77203 6.18601e-09 0.421079 0.00497512 2.94049e-08
ENSG00000106004.4 7 27183287 27183287 - 6 -3291 7_internal_8417 7 27186578 27226382 163 171.803 0.945225 6.62771 8.47019e-10 0.452993 0.00497512 6.02926e-09
ENSG00000105997.16 7 27192200 27192200 - 6 0 7_internal_8417 7 27186578 27226382 163 159.625 0.999961 5.97112 8.30899e-09 0.43625 0.00497512 7.07803e-08
ENSG00000078399.11 7 27210117 27210117 - 5 0 7_internal_8417 7 27186578 27226382 163 193.738 0.999996 5.99315 0.00324432 0.224373 0.0298507 0.00793084
ENSG00000233830.2 7 27498468 27498468 - 6 206061 7_internal_8489 7 27284778 27292407 163 180.637 0.980941 6.55141 0.00155133 -0.249129 0.00995025 0.0062556
ENSG00000106049.3 7 27702614 27702614 - 6 -231983 7_internal_11961 7 27934597 28219361 163 185.556 0.977021 7.7562 0.111125 -0.125393 0.517413 0.525723
ENSG00000106052.8 7 27778950 27778950 + 6 297732 7_internal_9196 7 28076682 28223928 163 177.82 1.04036 5.95784 0.290757 0.0843868 0.800995 0.83738
ENSG00000229893.1 7 27780014 27780014 - 6 -296668 7_internal_9196 7 28076682 28223928 163 159.084 0.99998 5.33552 0.117256 0.121364 0.482587 0.49982
ENSG00000265382.1 7 27920106 27920106 + 6 14491 7_internal_11961 7 27934597 28219361 163 156.251 1.12881 6.34718 0.00657802 0.213728 0.0199005 0.031337
ENSG00000206623.1 7 28157838 28157838 - 7 0 7_internal_11961 7 27934597 28219361 163 156.139 1.00717 6.67291 7.17608e-06 0.330379 0.00497512 6.96252e-05
ENSG00000234336.2 7 28219941 28219941 + 8 -580 7_internal_11961 7 27934597 28219361 163 174.779 0.972424 7.53398 7.7823e-07 0.37269 0.00497512 3.3821e-06
ENSG00000153814.7 7 28220362 28220362 - 8 1001 7_internal_11961 7 27934597 28219361 163 179.984 0.972309 8.58091 7.27456e-12 0.504064 0.00497512 1.06165e-11
ENSG00000146592.11 7 28338940 28338940 + 5 -119579 7_internal_11961 7 27934597 28219361 163 161.058 1.00001 4.59573 0.0459686 0.158489 0.263682 0.199579
ENSG00000136193.11 7 30029905 30029905 - 5 646157 7_internal_9617 7 29196122 29383748 163 159.387 1.00001 4.50496 0.426416 0.0629971 0.920398 0.921527
ENSG00000106080.6 7 30066300 30066300 - 5 339986 7_internal_9543 7 29602122 29726314 163 151.714 1.00005 4.12504 0.0310634 -0.166125 0.129353 0.145929
ENSG00000106086.12 7 30067020 30067020 + 5 -935162 7_internal_8527 7 29123701 29131858 163 158.527 1.00005 4.80059 0.283245 -0.083617 0.800995 0.806772
ENSG00000180354.11 7 30174426 30174426 + 4 342691 7_internal_10390 7 30517117 30545363 163 180.064 0.999976 4.83767 0.153628 0.115471 0.462687 0.500446
ENSG00000230751.1 7 30180486 30180486 + 4 165209 7_internal_9293 7 30345695 30372248 163 132.103 0.999966 3.28807 0.0722135 0.140211 0.328358 0.30741
ENSG00000251660.1 7 30197147 30197147 + 4 319970 7_internal_10390 7 30517117 30545363 163 157.938 0.999958 3.68037 0.364818 0.0732582 0.825871 0.819952
ENSG00000225907.1 7 30207420 30207420 + 4 138275 7_internal_9293 7 30345695 30372248 163 170.657 0.999952 3.82011 0.237514 0.0928967 0.626866 0.62562
ENSG00000227017.1 7 30218630 30218630 - 4 492316 7_internal_9543 7 29602122 29726314 163 166.534 1.00003 3.80068 0.183404 -0.102487 0.537313 0.526805
ENSG00000180233.9 7 30323923 30323923 + 4 -597609 7_internal_9543 7 29602122 29726314 163 196.826 0.999974 4.30122 0.126531 0.119596 0.348259 0.343077
ENSG00000207771.1 7 30329410 30329410 + 4 -945662 7_internal_9617 7 29196122 29383748 163 165.229 0.999972 3.88665 0.0079265 -0.196461 0.0298507 0.0288779
ENSG00000235859.4 7 30410987 30410987 + 3 -38739 7_internal_9293 7 30345695 30372248 163 158.511 1 2.66352 0.0470781 0.151971 0.139303 0.128267
ENSG00000106100.6 7 30518400 30518400 - 3 792086 7_internal_9543 7 29602122 29726314 163 164.178 1.00003 2.98953 0.0761282 -0.134673 0.199005 0.208075
ENSG00000244480.1 7 30564151 30564151 - 3 837837 7_internal_9543 7 29602122 29726314 163 147.894 0.999995 2.67412 0.0591399 0.139331 0.20398 0.181803
ENSG00000264520.1 7 30565347 30565347 + 3 -19984 7_internal_10390 7 30517117 30545363 163 169.351 1.00003 2.70888 0.0982701 -0.135284 0.228856 0.229885
ENSG00000226874.1 7 30583669 30583669 + 3 -38306 7_internal_10390 7 30517117 30545363 163 181.911 0.999961 3.49237 0.524181 -0.0494483 0.900498 0.911753
ENSG00000263683.1 7 30589833 30589833 + 3 -44470 7_internal_10390 7 30517117 30545363 163 159.848 0.999983 3.2477 0.0651815 -0.140578 0.223881 0.204016
ENSG00000234133.2 7 30590397 30590397 - 3 864083 7_internal_9543 7 29602122 29726314 163 185.158 1.00004 3.70711 0.0716508 0.140768 0.20398 0.188628
ENSG00000006625.13 7 30591095 30591095 - 3 864781 7_internal_9543 7 29602122 29726314 163 183.152 1 2.98295 0.059021 0.146319 0.124378 0.129198
ENSG00000236455.2 7 30625588 30625588 - 3 899274 7_internal_9543 7 29602122 29726314 163 147.687 0.999984 3.03166 0.0699197 0.140218 0.218905 0.234936
ENSG00000106105.9 7 30634297 30634297 + 3 -88934 7_internal_10390 7 30517117 30545363 163 140.253 0.999942 3.00464 0.0545507 -0.151189 0.223881 0.207868
ENSG00000196295.5 7 30634425 30634425 - 3 908111 7_internal_9543 7 29602122 29726314 163 179.714 0.999968 3.58945 0.220236 0.0949484 0.522388 0.546983
ENSG00000154678.12 7 32338941 32338941 - 1 -392583 7_internal_9782 7 32731524 32769459 163 176.546 0.999985 1.06408 0.633786 -0.0369488 0.641791 0.642841
ENSG00000106355.5 7 32534895 32534895 - 1 -196629 7_internal_9782 7 32731524 32769459 163 190.156 0.999994 1.27937 0.234469 -0.0902841 0.238806 0.247139
ENSG00000105778.13 7 32535038 32535038 + 1 196486 7_internal_9782 7 32731524 32769459 163 162.968 0.999983 1.14436 0.262027 -0.0878478 0.298507 0.293756
ENSG00000229358.2 7 32801399 32801399 - 1 31940 7_internal_9782 7 32731524 32769459 163 147.432 0.999986 0.945715 0.034384 0.159984 0.0348259 0.0419068
ENSG00000231952.3 7 32852369 32852369 + 1 -82910 7_internal_9782 7 32731524 32769459 163 204.419 1.00002 1.05849 0.674054 0.0332219 0.651741 0.658417
ENSG00000170852.6 7 32933743 32933743 - 1 164284 7_internal_9782 7 32731524 32769459 163 160.501 1 0.932147 0.192587 -0.10468 0.199005 0.184051
ENSG00000205763.9 7 32982788 32982788 - 1 213329 7_internal_9782 7 32731524 32769459 163 120.372 1.00002 0.824836 0.274202 0.0876929 0.298507 0.296971
ENSG00000122642.6 7 32997017 32997017 + 1 -227558 7_internal_9782 7 32731524 32769459 163 154.372 0.999993 0.872627 0.8741 0.0125353 0.845771 0.839896
ENSG00000252821.1 7 33041666 33041666 - 1 272207 7_internal_9782 7 32731524 32769459 163 146.652 0.999989 0.890405 0.575951 0.042661 0.527363 0.553631
ENSG00000237059.1 7 33055671 33055671 + 1 -286212 7_internal_9782 7 32731524 32769459 163 169.717 1.00003 1.08267 0.713371 -0.0283754 0.771144 0.736025
ENSG00000229054.1 7 33075994 33075994 - 1 306535 7_internal_9782 7 32731524 32769459 163 178.377 1.00002 1.05619 0.395922 -0.0668523 0.38806 0.390705
ENSG00000241420.2 7 33085702 33085702 - 1 316243 7_internal_9782 7 32731524 32769459 163 162.395 0.999988 0.992233 0.509237 0.0508566 0.502488 0.507309
ENSG00000122643.13 7 33102409 33102409 - 1 332950 7_internal_9782 7 32731524 32769459 163 161.599 0.999967 0.927644 0.4127 0.066776 0.39801 0.391603
ENSG00000164610.4 7 33149013 33149013 - 1 379554 7_internal_9782 7 32731524 32769459 163 198.402 0.999999 1.16038 0.00808198 0.206691 0.0199005 0.00402263
ENSG00000122507.16 7 33168856 33168856 + 1 -399397 7_internal_9782 7 32731524 32769459 163 151.316 1.00001 1.02857 0.714873 0.0283483 0.761194 0.734839
ENSG00000238090.1 7 33419576 33419576 + 1 -650117 7_internal_9782 7 32731524 32769459 163 162.204 0.999996 0.955302 0.960063 -0.00379938 0.965174 0.953988
ENSG00000173852.9 7 35077883 35077883 - 0 NA NA NA NA NA NA NA NA NA NA NA NA NA
ENSG00000122557.4 7 35734745 35734745 - 8 -894112 7_internal_8790 7 36628857 36722571 163 159.355 0.990844 6.86358 0.0434846 0.155486 0.278607 0.279699
ENSG00000228878.2 7 35840226 35840226 - 9 -870602 7_internal_8357 7 36710828 36896496 163 190.299 0.966913 9.43678 0.0439292 -0.159249 0.283582 0.260061
ENSG00000122545.12 7 35840542 35840542 + 9 788315 7_internal_8790 7 36628857 36722571 163 140.014 1.01896 6.79691 0.161068 -0.108224 0.751244 0.76354
ENSG00000221156.1 7 35882499 35882499 + 9 793612 7_internal_9047 7 36676111 36830566 163 159.864 0.978271 7.35155 0.125168 0.120806 0.631841 0.646129
ENSG00000226102.2 7 35985904 35985904 + 9 587521 7_internal_12203 7 36573425 36830610 163 173.999 0.880121 8.44999 0.350569 -0.0742117 0.985075 0.974735
ENSG00000122547.6 7 36192758 36192758 + 9 0 7_internal_8494 7 36191342 36328979 163 156.983 1.00864 7.11406 0.00174801 0.230301 0.0149254 0.0144724
ENSG00000228770.1 7 36268493 36268493 - 9 -149290 7_internal_8896 7 36417783 36432189 163 175.575 0.903193 7.12898 0.00369873 0.23195 0.039801 0.0278121
ENSG00000229679.1 7 36270716 36270716 - 9 -147067 7_internal_8896 7 36417783 36432189 163 171.007 0.96978 8.1789 0.194528 0.0989687 0.81592 0.818241
ENSG00000234457.1 7 36345240 36345240 + 9 72543 7_internal_8896 7 36417783 36432189 163 153.099 1.03097 7.56911 0.0318065 0.160882 0.228856 0.238352
ENSG00000260070.1 7 36359384 36359384 + 9 58399 7_internal_8896 7 36417783 36432189 163 146.939 1.01226 7.94811 0.00931121 0.204535 0.0945274 0.0996285
ENSG00000011426.6 7 36429415 36429415 + 11 -100436 7_internal_8494 7 36191342 36328979 163 137.547 1.07046 7.59422 0.0121571 0.194976 0.109453 0.128816
ENSG00000164542.8 7 36429734 36429734 - 11 100755 7_internal_8494 7 36191342 36328979 163 136.353 0.995781 7.77947 0.0358107 0.169161 0.378109 0.357721
ENSG00000237400.1 7 36502632 36502632 + 11 97621 7_internal_8899 7 36600253 36711294 163 169.24 0.96272 9.95669 6.53903e-08 0.423175 0.00497512 6.43211e-07
ENSG00000230539.1 7 36639726 36639726 - 11 0 7_internal_12203 7 36573425 36830610 163 175.321 1.04947 11.1166 1.52014e-15 0.583079 0.00497512 2.64881e-16
ENSG00000221561.1 7 36681849 36681849 - 11 0 7_internal_8109 7 36660654 36752470 163 200.184 0.86283 12.0527 0.00889906 0.196282 0.0696517 0.070808
ENSG00000136250.7 7 36764154 36764154 - 13 52860 7_internal_8899 7 36600253 36711294 163 182.627 0.850046 12.316 7.9632e-18 0.632456 0.00497512 5.55737e-16
ENSG00000229424.1 7 36790292 36790292 + 13 -37822 7_internal_8109 7 36660654 36752470 163 188.899 0.844099 11.3087 0.0687812 -0.145556 0.492537 0.518727
ENSG00000235728.1 7 36820613 36820613 + 13 549734 7_internal_8362 7 37370347 37477006 163 187.943 0.859344 11.896 0.0276306 0.172065 0.208955 0.255183
ENSG00000225739.1 7 36858564 36858564 + 13 511783 7_internal_8362 7 37370347 37477006 163 168.285 0.91333 11.048 9.35092e-05 0.295407 0.00995025 0.00152027
ENSG00000230831.1 7 36878577 36878577 + 13 491770 7_internal_8362 7 37370347 37477006 163 167.505 0.890851 10.981 0.000269797 0.285403 0.0149254 0.00487268
ENSG00000221325.1 7 36959037 36959037 - 13 -411310 7_internal_8362 7 37370347 37477006 163 145.315 1.00493 9.39798 5.03229e-06 0.355579 0.00497512 0.000148001
ENSG00000224101.1 7 37037401 37037401 + 13 332946 7_internal_8362 7 37370347 37477006 163 167.744 1.10559 12.4942 3.23771e-13 0.553018 0.00497512 1.01517e-13
ENSG00000221157.1 7 37145215 37145215 - 13 -225132 7_internal_8362 7 37370347 37477006 163 176.865 0.814103 11.5069 0.0001741 0.288375 0.00497512 0.00401726
ENSG00000224706.1 7 37156384 37156384 + 13 213963 7_internal_8362 7 37370347 37477006 163 162.936 0.968274 11.4037 3.86675e-06 0.355607 0.00497512 6.15899e-05
ENSG00000238772.1 7 37209384 37209384 - 13 -160963 7_internal_8362 7 37370347 37477006 163 171.834 0.975888 11.8028 3.61275e-05 0.309013 0.00497512 0.000322224
ENSG00000222869.1 7 37390747 37390747 + 16 0 7_internal_8362 7 37370347 37477006 163 176.387 0.920586 15.0112 0.000135526 0.286689 0.0149254 0.00190799
ENSG00000213744.3 7 37415125 37415125 + 16 0 7_internal_8362 7 37370347 37477006 163 154.42 0.999948 14.0081 7.38323e-10 0.472084 0.00497512 2.8902e-08
ENSG00000200113.1 7 37459231 37459231 + 15 0 7_internal_8362 7 37370347 37477006 163 167.775 0.918634 12.0482 3.25651e-11 0.484161 0.00497512 1.28274e-09
ENSG00000201566.1 7 37474718 37474718 + 15 0 7_internal_8362 7 37370347 37477006 163 146.859 1.04457 11.579 0.00090683 0.261387 0.0149254 0.0154912
ENSG00000155849.11 7 37488852 37488852 - 15 11846 7_internal_8362 7 37370347 37477006 163 166.184 0.977427 14.1826 2.35705e-16 0.608612 0.00497512 3.72304e-15
ENSG00000187037.4 7 37723399 37723399 + 13 0 7_internal_9395 7 37721081 37827345 163 169.192 0.958227 10.0579 0.000236332 0.279044 0.00995025 0.00238651
ENSG00000086289.7 7 37723446 37723446 + 13 -880684 7_internal_8891 7 36770910 36842762 163 161.679 0.950371 11.2853 0.0162844 -0.18562 0.208955 0.192149
ENSG00000225314.1 7 37860812 37860812 + 9 -33467 7_internal_9395 7 37721081 37827345 163 167.155 0.951122 8.88169 0.00243013 0.230037 0.0199005 0.0232552
ENSG00000086288.7 7 37888199 37888199 + 9 400763 7_internal_8721 7 38288962 38361476 163 191.732 0.813563 8.19467 0.0545221 0.14902 0.338308 0.356849
ENSG00000106483.7 7 38065297 38065297 - 8 577795 7_internal_8223 7 37401131 37487502 163 165.229 1.04857 8.44379 0.187017 0.102033 0.840796 0.807881
ENSG00000010270.9 7 38217824 38217824 + 8 58100 7_internal_11344 7 38275924 38283711 163 168.555 1.10282 8.80345 0.0216844 -0.174777 0.119403 0.127406
ENSG00000227191.2 7 38289173 38289173 - 8 -4132 7_internal_12772 7 38293305 38382217 163 148.26 1.03824 6.51611 0.000884609 0.260841 0.0149254 0.00816466
ENSG00000211688.1 7 38295997 38295997 - 8 -87824 7_internal_9520 7 38383821 38410796 163 195.998 0.937997 9.29887 0.0436365 0.162512 0.263682 0.250386
ENSG00000211689.2 7 38305279 38305279 - 8 0 7_internal_12772 7 38293305 38382217 163 178.265 0.950881 8.61177 0.0311646 0.169994 0.189055 0.209527
ENSG00000006715.11 7 38971994 38971994 - 6 589777 7_internal_12772 7 38293305 38382217 163 162.252 0.997087 6.0384 0.250285 -0.0894932 0.820896 0.82663
ENSG00000006451.3 7 39663082 39663082 + 2 15858 7_internal_9390 7 39678940 39719925 163 145.092 0.999965 1.78887 0.539135 -0.048406 0.761194 0.771999
ENSG00000228554.1 7 39742895 39742895 - 2 67158 7_internal_8864 7 39648976 39675737 163 156.346 0.999957 2.45431 0.630811 0.038229 0.915423 0.917355
ENSG00000188185.6 7 39773231 39773231 + 2 -97494 7_internal_8864 7 39648976 39675737 163 142.132 0.999974 1.61604 0.378365 0.0655189 0.542289 0.574723
ENSG00000175741.4 7 39894655 39894655 - 2 218918 7_internal_8864 7 39648976 39675737 163 182.882 1.00003 2.07542 0.0105557 0.199749 0.0298507 0.0139541
ENSG00000259826.1 7 39989354 39989354 - 2 313617 7_internal_8864 7 39648976 39675737 163 177.008 0.999968 2.36017 0.286029 -0.0830361 0.487562 0.518321
