ENSG00000242194.1 9 130487111 130487111 - 11 -253145 9_internal_6879 9 130740256 130774486 163 170.577 0.997405 11.0985 0.161758 -0.108583 0.835821 0.840824
ENSG00000187024.8 9 130487152 130487152 - 11 -377694 9_internal_6903 9 130864846 130869483 163 156.378 1.04132 10.2211 0.192325 0.104189 0.885572 0.893095
ENSG00000160404.13 9 130497604 130497604 - 12 -242652 9_internal_6879 9 130740256 130774486 163 149.629 1.03322 10.7857 0.0838728 0.138743 0.661692 0.65716
ENSG00000095370.14 9 130541020 130541020 - 12 -323826 9_internal_6903 9 130864846 130869483 163 157.922 0.918503 9.92734 0.0295176 -0.168801 0.313433 0.315036
ENSG00000136807.6 9 130547958 130547958 + 12 -54322 9_internal_8862 9 130373907 130493636 163 163.111 0.948389 11.4369 0.0170913 -0.187098 0.218905 0.198468
ENSG00000136877.9 9 130556876 130556876 + 12 938644 9_internal_7114 9 131495520 131535352 163 194.358 0.950971 16.9396 0.0894071 -0.13242 0.686567 0.690716
ENSG00000160408.9 9 130667687 130667687 - 14 27018 9_internal_6840 9 130631996 130640669 163 153.163 1.12278 14.0674 0.0203744 -0.180709 0.263682 0.243749
ENSG00000227218.2 9 130696782 130696782 + 14 13823 9_internal_6601 9 130710605 130797776 163 155.041 1.02911 13.1475 0.161941 0.108087 0.910448 0.913023
ENSG00000136908.13 9 130700763 130700763 - 14 -941266 9_internal_6832 9 131642029 131677115 163 157.827 0.983493 12.6941 0.0830875 0.137799 0.671642 0.696335
ENSG00000167106.6 9 130742812 130742812 - 14 0 9_internal_6601 9 130710605 130797776 163 168.173 1.15409 17.4009 0.00106642 0.244463 0.0149254 0.0075287
ENSG00000148339.8 9 130830480 130830480 + 14 0 9_internal_9284 9 130822884 130867108 163 169.781 1.00966 15.473 0.0553963 0.147185 0.547264 0.547402
ENSG00000171169.7 9 130830485 130830485 - 14 146556 9_internal_10444 9 130594590 130683929 163 163.43 1.12676 19.2097 0.0288324 -0.158787 0.368159 0.369115
ENSG00000230536.1 9 130856736 130856736 - 14 485822 9_internal_7635 9 130317544 130370914 163 151.459 1.0211 13.6644 0.0239871 0.180393 0.338308 0.326761
ENSG00000234771.2 9 130881013 130881013 - 14 186680 9_internal_7375 9 130676848 130694333 163 162.538 1.13871 17.9296 0.00911202 0.205515 0.129353 0.111546
ENSG00000232850.1 9 130890612 130890612 + 14 751417 9_internal_6832 9 131642029 131677115 163 150.345 1.04986 12.353 0.0336147 0.164426 0.40796 0.382895
ENSG00000148334.9 9 130890741 130890741 - 14 250072 9_internal_6840 9 130631996 130640669 163 178.663 1.10121 18.2768 0.0157355 -0.185355 0.179104 0.154423
ENSG00000148346.7 9 130911350 130911350 + 14 -540436 9_internal_7635 9 130317544 130370914 163 170.657 1.02636 15.4863 0.0491309 -0.157773 0.472637 0.490169
ENSG00000171159.4 9 130922539 130922539 + 14 -228206 9_internal_7375 9 130676848 130694333 163 154.229 1.03223 14.0617 0.0862612 0.134333 0.746269 0.744501
ENSG00000106976.13 9 130965658 130965658 + 14 529862 9_internal_7114 9 131495520 131535352 163 153.497 0.979822 12.6005 0.0181639 0.182806 0.248756 0.252098
ENSG00000148337.13 9 130966662 130966662 - 14 -497854 9_internal_6914 9 131464516 131491059 163 134.141 1.13359 10.8421 0.128524 0.11659 0.875622 0.835006
ENSG00000221297.1 9 131020068 131020068 - 14 150585 9_internal_6903 9 130864846 130869483 163 156.872 1.07589 14.7613 0.136024 0.116381 0.890547 0.88554
ENSG00000175854.6 9 131037658 131037658 + 14 605303 9_internal_6856 9 131642961 131668168 163 147.241 0.997446 11.431 0.149977 -0.112198 0.885572 0.883744
ENSG00000167110.11 9 131038274 131038274 - 14 240498 9_internal_6601 9 130710605 130797776 163 170.848 0.936077 13.8807 0.0402564 0.156067 0.41791 0.427888
ENSG00000268211.1 9 131062367 131062367 + 14 -583126 9_internal_7012 9 130323381 130479241 163 155.885 1.04058 12.8589 0.181737 0.102041 0.945274 0.930384
ENSG00000167113.5 9 131084815 131084815 + 14 410705 9_internal_7114 9 131495520 131535352 163 179.141 0.892982 15.0977 0.0826657 -0.126472 0.706468 0.702392
ENSG00000167112.7 9 131085021 131085021 - 14 -379495 9_internal_6914 9 131464516 131491059 163 194.772 0.960367 17.2351 0.0357427 -0.167953 0.343284 0.333312
ENSG00000167114.7 9 131102925 131102925 + 14 540036 9_internal_6856 9 131642961 131668168 163 171.771 1.08815 15.5787 0.0352664 0.157777 0.333333 0.343857
ENSG00000223551.1 9 131104432 131104432 + 14 -463763 9_internal_6840 9 130631996 130640669 163 168.619 0.993205 15.9693 0.0528916 -0.152225 0.547264 0.554486
ENSG00000167118.6 9 131133598 131133598 + 14 -266490 9_internal_9284 9 130822884 130867108 163 183.041 0.920594 16.8091 0.0152209 0.187872 0.199005 0.18659
ENSG00000136811.9 9 131217466 131217466 + 16 981838 9_internal_7734 9 132199304 132254290 163 154.118 1.08591 14.3433 0.0478901 -0.157499 0.502488 0.513163
ENSG00000225951.1 9 131235291 131235291 - 17 864377 9_internal_7635 9 130317544 130370914 163 151.762 0.98665 14.4563 0.00985142 0.207659 0.159204 0.174404
ENSG00000119392.10 9 131266979 131266979 + 17 -572646 9_internal_7375 9 130676848 130694333 163 171.866 0.966073 19.0465 0.0160138 0.186449 0.223881 0.240707
ENSG00000238406.1 9 131306195 131306195 + 17 336766 9_internal_6856 9 131642961 131668168 163 149.74 1.04138 15.1295 0.007733 -0.205306 0.154229 0.136721
ENSG00000228395.1 9 131314689 131314689 - 17 821053 9_internal_8862 9 130373907 130493636 163 142.896 0.941835 12.72 0.144999 0.113451 0.925373 0.918592
ENSG00000197694.9 9 131314866 131314866 + 17 -835625 9_internal_7012 9 130323381 130479241 163 175.543 0.952193 18.3564 0.139852 0.113158 0.925373 0.92151
ENSG00000119333.7 9 131419066 131419066 - 18 925430 9_internal_8862 9 130373907 130493636 163 148.069 1.02995 16.8022 0.052951 -0.153047 0.696517 0.665818
ENSG00000234705.1 9 131425857 131425857 - 18 -758740 9_internal_8849 9 132184597 132235250 163 191.621 0.854368 21.3787 0.0476752 0.153318 0.547264 0.569988
ENSG00000119335.11 9 131445703 131445703 + 18 -952067 9_internal_8862 9 130373907 130493636 163 157.938 1.11153 18.693 0.0137887 -0.193604 0.21393 0.206724
ENSG00000226602.1 9 131448620 131448620 + 18 -650844 9_internal_6601 9 130710605 130797776 163 205.055 0.779325 23.6361 0.0302331 -0.164147 0.41791 0.415889
ENSG00000160447.6 9 131464802 131464802 + 18 0 9_internal_6914 9 131464516 131491059 163 175.177 1.03025 23.4145 3.08963e-06 0.359393 0.00497512 2.23338e-05
ENSG00000160446.13 9 131486406 131486406 - 17 792073 9_internal_7375 9 130676848 130694333 163 181.926 1.03217 18.4096 0.048338 -0.151473 0.512438 0.484941
ENSG00000223478.1 9 131486724 131486724 + 17 -792391 9_internal_7375 9 130676848 130694333 163 130.559 1.07035 11.4601 0.191411 -0.0998562 0.950249 0.952937
ENSG00000239055.1 9 131511637 131511637 + 16 -20578 9_internal_6914 9 131464516 131491059 163 202.492 0.879379 19.7835 0.0157118 0.18479 0.20398 0.174338
ENSG00000160445.6 9 131534693 131534693 - 16 736917 9_internal_6601 9 130710605 130797776 163 153.927 1.01682 14.5756 0.00444283 0.214895 0.0597015 0.0761903
ENSG00000107021.11 9 131549483 131549483 + 16 -865554 9_internal_10444 9 130594590 130683929 163 148.021 1.08951 12.8615 0.0460326 0.152126 0.537313 0.491308
ENSG00000167136.6 9 131580753 131580753 + 16 -782977 9_internal_6601 9 130710605 130797776 163 185.349 0.915497 18.2169 0.0223407 0.180006 0.293532 0.276148
ENSG00000198917.7 9 131592100 131592100 - 16 -607204 9_internal_7734 9 132199304 132254290 163 152.781 0.964436 12.4433 0.0163404 -0.184345 0.253731 0.238174
ENSG00000136802.7 9 131644391 131644391 + 15 0 9_internal_6856 9 131642961 131668168 163 153.115 1.05893 13.0764 0.00264306 0.224586 0.0497512 0.0372583
ENSG00000171097.9 9 131644773 131644773 - 15 846997 9_internal_6601 9 130710605 130797776 163 157.986 1.00773 12.81 0.00114085 -0.249134 0.0149254 0.0167181
ENSG00000175287.14 9 131683174 131683174 + 16 -147822 9_internal_7114 9 131495520 131535352 163 168.38 1.04062 18.5931 0.0174457 -0.182453 0.21393 0.237569
ENSG00000251184.1 9 131703757 131703757 + 14 -834274 9_internal_6903 9 130864846 130869483 163 164.815 0.968067 13.1771 0.0172919 0.190568 0.21393 0.211528
ENSG00000175283.7 9 131709898 131709898 - 14 840415 9_internal_6903 9 130864846 130869483 163 167.186 0.92613 15.1294 0.0502014 0.154432 0.537313 0.554923
ENSG00000095319.9 9 131709978 131709978 + 14 489326 9_internal_7734 9 132199304 132254290 163 169.256 0.953217 15.8538 0.0436908 -0.160367 0.502488 0.497663
ENSG00000267834.1 9 131767277 131767277 - 16 -450447 9_internal_7384 9 132217724 132227937 163 169.097 0.888827 14.4142 0.0420424 -0.161755 0.462687 0.486536
ENSG00000148341.13 9 131790582 131790582 - 15 992806 9_internal_6601 9 130710605 130797776 163 153.799 1.12659 13.1283 0.18295 0.0994577 0.915423 0.92905
ENSG00000148343.14 9 131798900 131798900 + 14 569825 9_internal_6730 9 132368725 132391003 163 193.945 0.945332 17.7823 0.00919543 -0.204302 0.0895522 0.0901438
ENSG00000167130.12 9 131843379 131843379 + 14 -976271 9_internal_9284 9 130822884 130867108 163 164.21 1.02023 13.9664 0.0712795 -0.143563 0.621891 0.62996
ENSG00000119383.15 9 131873229 131873229 + 12 344495 9_internal_7384 9 132217724 132227937 163 177.899 0.927784 12.8742 0.131028 -0.119968 0.810945 0.81222
ENSG00000095321.11 9 131873468 131873468 - 12 382409 9_internal_6914 9 131464516 131491059 163 188.58 0.832818 14.6433 0.231169 0.0921187 0.99005 0.971699
ENSG00000268050.1 9 131938086 131938086 + 12 430639 9_internal_6730 9 132368725 132391003 163 177.708 0.983525 11.9686 0.0238189 0.175411 0.223881 0.204494
ENSG00000204055.4 9 131939050 131939050 + 12 260254 9_internal_7734 9 132199304 132254290 163 153.672 1.06895 10.7578 0.0317776 0.169087 0.303483 0.303306
ENSG00000188483.6 9 131940540 131940540 - 12 -258764 9_internal_7734 9 132199304 132254290 163 159.243 1.07243 12.1481 0.00976648 0.197226 0.0845771 0.101951
ENSG00000224307.1 9 132044737 132044737 + 12 154567 9_internal_7734 9 132199304 132254290 163 163.971 0.837175 9.55428 0.00749971 0.208505 0.124378 0.110565
ENSG00000179082.3 9 132083295 132083295 + 12 681395 9_internal_6671 9 132764690 132809549 163 167.473 1.06697 13.8058 0.00182339 -0.242347 0.0199005 0.016223
ENSG00000268615.1 9 132090540 132090540 + 12 674150 9_internal_6671 9 132764690 132809549 163 144.615 1.07583 10.3882 0.000195021 -0.290862 0.00497512 0.00302025
ENSG00000233901.1 9 132094579 132094579 + 12 670111 9_internal_6671 9 132764690 132809549 163 178.233 1.03456 15.1744 0.00454427 -0.222683 0.0447761 0.0394945
ENSG00000236146.1 9 132142749 132142749 - 12 -613399 9_internal_6700 9 132756148 132804821 163 185.301 1.05125 13.6058 0.129953 -0.115324 0.761194 0.767865
ENSG00000261334.1 9 132244817 132244817 - 12 -511331 9_internal_6700 9 132756148 132804821 163 138.821 1.16475 10.9955 0.00162247 0.244326 0.0348259 0.021535
ENSG00000204054.5 9 132245730 132245730 + 12 0 9_internal_7734 9 132199304 132254290 163 176.705 0.980117 11.9475 1.49608e-05 0.315208 0.00497512 9.50075e-05
ENSG00000239353.1 9 132264269 132264269 + 12 104456 9_internal_6730 9 132368725 132391003 163 160.326 1.10464 11.923 0.00463606 0.220237 0.0547264 0.0412002
ENSG00000148335.8 9 132371163 132371163 + 12 -143226 9_internal_7384 9 132217724 132227937 163 167.791 0.918578 10.267 0.0348183 0.165479 0.318408 0.323856
ENSG00000234789.1 9 132402755 132402755 + 12 -174818 9_internal_7384 9 132217724 132227937 163 163.987 0.990234 12.3596 0.00841914 0.204799 0.0995025 0.0996017
ENSG00000148331.7 9 132404444 132404444 - 12 150154 9_internal_7734 9 132199304 132254290 163 175.384 0.902923 12.0742 0.0176301 -0.184865 0.21393 0.19115
ENSG00000255824.1 9 132501902 132501902 - 11 -254246 9_internal_6700 9 132756148 132804821 163 166.852 0.937524 10.6371 0.0196728 -0.178686 0.228856 0.20239
ENSG00000148344.10 9 132515326 132515326 - 11 -240822 9_internal_6700 9 132756148 132804821 163 157.047 1.09843 11.533 0.0192732 -0.179682 0.20398 0.185716
ENSG00000136816.11 9 132565432 132565432 + 10 -174429 9_internal_6730 9 132368725 132391003 163 194.836 0.808835 9.71247 0.04267 0.157338 0.308458 0.321482
ENSG00000136827.10 9 132586413 132586413 - 10 332123 9_internal_7734 9 132199304 132254290 163 169.701 1.06763 13.7893 0.0415796 0.156218 0.40796 0.378818
ENSG00000136878.7 9 132596977 132596977 + 10 167713 9_internal_6671 9 132764690 132809549 163 167.823 1.01218 10.3928 0.271012 -0.0879052 0.960199 0.957727
ENSG00000136819.9 9 132598142 132598142 - 10 343852 9_internal_7734 9 132199304 132254290 163 154.707 0.939751 8.45523 0.314279 0.0796283 0.975124 0.968611
ENSG00000224988.1 9 132646449 132646449 - 10 392159 9_internal_7734 9 132199304 132254290 163 179.905 1.02158 11.8191 0.293753 -0.0823735 0.975124 0.974697
ENSG00000225425.2 9 132677198 132677198 + 8 3731 9_internal_6984 9 132680929 132704001 163 151.746 1.01802 7.46472 0.0941615 0.130757 0.532338 0.560086
ENSG00000230684.1 9 132695815 132695815 + 8 -441525 9_internal_7734 9 132199304 132254290 163 143.469 1.17603 8.13621 0.0434542 -0.158158 0.278607 0.309603
ENSG00000187239.11 9 132805473 132805473 - 8 437811 9_internal_9047 9 132320517 132367662 163 168.189 0.877326 7.18185 0.024138 -0.172623 0.208955 0.193383
ENSG00000148358.13 9 132815705 132815705 + 8 -10884 9_internal_6700 9 132756148 132804821 163 152.192 1.05147 8.27808 0.0469549 0.15348 0.348259 0.349913
ENSG00000223188.1 9 132883085 132883085 + 8 -73536 9_internal_6671 9 132764690 132809549 163 195.982 0.918826 11.0439 0.0420797 0.159594 0.298507 0.287204
ENSG00000228932.1 9 132891870 132891870 + 8 -87049 9_internal_6700 9 132756148 132804821 163 176.61 0.825215 7.34599 0.0317368 0.172225 0.243781 0.245403
ENSG00000196979.1 9 132906498 132906498 - 8 96949 9_internal_6671 9 132764690 132809549 163 146.238 1.032 7.19123 0.0391804 0.161375 0.283582 0.298556
ENSG00000264169.1 9 133275653 133275653 + 8 -470832 9_internal_6700 9 132756148 132804821 163 145.22 1.03856 6.84742 0.0961461 0.12924 0.542289 0.554664
ENSG00000107164.14 9 133454352 133454352 + 7 -644803 9_internal_6671 9 132764690 132809549 163 152.271 0.966026 6.00356 0.00272302 -0.234339 0.0348259 0.0257982
ENSG00000130713.10 9 133569108 133569108 + 8 663929 9_internal_6790 9 134233037 134239262 163 141.065 1.10737 7.3534 0.0236003 0.178613 0.189055 0.191518
ENSG00000097007.12 9 133589333 133589333 + 8 -779784 9_internal_6671 9 132764690 132809549 163 189.599 0.867248 9.0237 0.0208668 -0.176187 0.174129 0.152232
ENSG00000126883.12 9 134000948 134000948 + 5 451724 9_internal_7256 9 134452672 134461968 163 214.16 0.897632 6.48415 0.311848 -0.0782402 0.855721 0.862942
ENSG00000252622.1 9 134002377 134002377 + 5 462301 9_internal_10173 9 134464678 134623199 163 155.805 1.00003 4.7294 0.216134 0.0935339 0.726368 0.703343
ENSG00000236986.2 9 134042892 134042892 - 5 -409780 9_internal_7256 9 134452672 134461968 163 168.539 1.00001 5.21281 0.142537 0.117072 0.522388 0.533023
ENSG00000246851.1 9 134069592 134069592 - 5 -57372 9_internal_6797 9 134126964 134286381 163 161.774 1.00005 4.50859 0.0975449 -0.133476 0.373134 0.374415
ENSG00000226987.1 9 134116074 134116074 + 5 -182527 9_internal_6924 9 133920675 133933547 163 171.102 1.00002 4.31644 0.019025 -0.183091 0.0945274 0.0683548
ENSG00000126882.8 9 134151934 134151934 - 5 218387 9_internal_6924 9 133920675 133933547 163 144.567 0.999955 4.77525 0.00775087 -0.197449 0.0497512 0.0568036
ENSG00000130723.13 9 134269480 134269480 + 5 183192 9_internal_7256 9 134452672 134461968 163 183.63 0.999958 5.58258 0.065775 -0.143569 0.283582 0.252493
ENSG00000206861.1 9 134365873 134365873 + 5 86799 9_internal_7256 9 134452672 134461968 163 182.659 0.999994 5.32959 0.119326 -0.126059 0.432836 0.426686
ENSG00000231587.1 9 134365873 134365873 + 5 86799 9_internal_7256 9 134452672 134461968 163 195.313 0.931461 6.19524 0.119326 -0.126059 0.427861 0.468015
ENSG00000176868.1 9 134375537 134375537 - 5 -77135 9_internal_7256 9 134452672 134461968 163 197.765 0.928819 6.78112 0.106759 -0.126333 0.41791 0.447277
ENSG00000130714.11 9 134378289 134378289 + 5 86389 9_internal_10173 9 134464678 134623199 163 160.087 1.00004 4.52534 0.0257812 0.171093 0.134328 0.117087
ENSG00000230289.1 9 134397616 134397616 - 5 464069 9_internal_6924 9 133920675 133933547 163 160.819 1.00004 4.88235 0.249716 0.0888172 0.756219 0.759142
ENSG00000130717.8 9 134406655 134406655 - 5 -58023 9_internal_10173 9 134464678 134623199 163 148.785 1.00006 4.31578 0.00558591 0.214646 0.0149254 0.0345541
ENSG00000240853.2 9 134600854 134600854 - 5 0 9_internal_10173 9 134464678 134623199 163 143.389 0.999987 4.19278 5.00626e-19 0.609972 0.00497512 2.69518e-16
ENSG00000107263.13 9 134615461 134615461 - 5 0 9_internal_10173 9 134464678 134623199 163 174.286 1.00004 5.63342 3.57988e-23 0.664194 0.00497512 6.41116e-24
ENSG00000230940.1 9 134907273 134907273 + 6 -620892 9_internal_6797 9 134126964 134286381 163 167.043 0.959879 6.34363 0.0805516 -0.134705 0.432836 0.417005
ENSG00000160563.8 9 134955295 134955295 - 5 -797693 9_internal_6896 9 135752988 135772987 163 159.036 0.999959 4.1635 0.0758643 0.135532 0.283582 0.29182
ENSG00000196358.5 9 135037334 135037334 + 8 -750953 9_internal_6797 9 134126964 134286381 163 172.837 1.02003 8.44758 0.0284728 -0.169324 0.20398 0.17867
ENSG00000107290.9 9 135230372 135230372 - 8 -747994 9_internal_9182 9 135978366 136025506 163 166.279 0.994937 7.2243 0.538909 0.0479013 0.99005 0.996073
ENSG00000125482.8 9 135282209 135282209 - 7 659010 9_internal_10173 9 134464678 134623199 163 157.285 0.94728 6.19333 0.00109273 -0.248845 0.0199005 0.0108251
ENSG00000125484.6 9 135545422 135545422 + 6 207566 9_internal_6896 9 135752988 135772987 163 150.743 0.999995 4.83242 0.0297446 0.161542 0.199005 0.164997
ENSG00000125485.12 9 135545788 135545788 - 6 -432578 9_internal_9182 9 135978366 136025506 163 167.855 1.0417 6.12277 0.0859808 0.130018 0.402985 0.386394
ENSG00000165698.11 9 135753414 135753414 + 5 0 9_internal_6896 9 135752988 135772987 163 172.041 0.999952 4.48657 9.72097e-08 0.409893 0.00497512 1.92946e-07
ENSG00000165699.7 9 135820020 135820020 - 5 -166939 9_internal_6530 9 135986959 136020859 163 172.025 1.00416 5.47128 3.8336e-05 0.328215 0.00497512 0.000122955
ENSG00000165702.8 9 135820932 135820932 + 5 157434 9_internal_9182 9 135978366 136025506 163 154.834 1.00002 4.54246 0.0162401 0.187556 0.0696517 0.0841429
ENSG00000196205.7 9 135894816 135894816 + 5 92143 9_internal_6530 9 135986959 136020859 163 175.225 0.981232 5.48085 0.0364496 0.163922 0.169154 0.160496
ENSG00000148308.12 9 135906076 135906076 + 5 80883 9_internal_6530 9 135986959 136020859 163 157.254 1.00005 4.61377 0.227349 0.0952915 0.711443 0.710732
ENSG00000170835.10 9 135937365 135937365 + 5 49594 9_internal_6530 9 135986959 136020859 163 175.703 1.00003 5.24476 0.0464703 0.159063 0.20398 0.186933
ENSG00000227677.1 9 136028340 136028340 + 5 -13050 9_internal_9203 9 135987238 136015290 163 174.334 1.00055 5.71539 0.000101617 0.295776 0.00497512 0.000331113
ENSG00000160271.10 9 136039301 136039301 - 5 18442 9_internal_6530 9 135986959 136020859 163 191.589 1.00004 5.61205 1.51169e-05 0.333104 0.00497512 1.51632e-05
ENSG00000148288.7 9 136039332 136039332 - 5 24042 9_internal_9203 9 135987238 136015290 163 123.683 1.00005 3.48398 0.00342754 0.225868 0.0298507 0.037231
ENSG00000148296.5 9 136203235 136203235 - 5 177729 9_internal_9182 9 135978366 136025506 163 147.655 1.00005 4.34839 0.350119 0.0735333 0.870647 0.869476
ENSG00000201451.1 9 136204661 136204661 - 5 -316902 9_internal_6506 9 136521563 136575792 163 147.066 1.00006 4.43569 0.369085 -0.0692677 0.890547 0.891291
ENSG00000230064.1 9 136205827 136205827 + 5 -190537 9_internal_9203 9 135987238 136015290 163 173.251 1.00005 5.177 0.136997 -0.11762 0.512438 0.49968
ENSG00000148297.9 9 136214986 136214986 - 5 -306577 9_internal_6506 9 136521563 136575792 163 160.183 0.999982 4.87629 0.121205 -0.124155 0.512438 0.477041
ENSG00000148303.12 9 136215069 136215069 + 5 -199779 9_internal_9203 9 135987238 136015290 163 168.969 1.00002 4.5401 0.463144 -0.0567573 0.945274 0.936456
ENSG00000206611.1 9 136216251 136216251 + 5 -195392 9_internal_6530 9 135986959 136020859 163 161.09 1.00004 4.2622 0.0664158 -0.145775 0.243781 0.259391
ENSG00000200831.1 9 136216950 136216950 + 5 -191444 9_internal_9182 9 135978366 136025506 163 159.785 0.999986 4.74284 0.0637397 0.148907 0.288557 0.278187
ENSG00000199744.1 9 136217311 136217311 + 5 -191805 9_internal_9182 9 135978366 136025506 163 150.632 0.999953 4.26631 0.071959 -0.141578 0.323383 0.31134
ENSG00000252542.1 9 136217702 136217702 + 5 303861 9_internal_6506 9 136521563 136575792 163 137.197 1.00006 3.94573 0.127028 0.122788 0.532338 0.501252
ENSG00000148291.5 9 136223428 136223428 + 5 -202569 9_internal_6530 9 135986959 136020859 163 188.644 0.999982 5.15172 0.00278593 -0.230938 0.00497512 0.00663923
ENSG00000148290.5 9 136223552 136223552 - 5 202693 9_internal_6530 9 135986959 136020859 163 141.75 1 4.08207 0.0398184 -0.165053 0.189055 0.207226
ENSG00000148248.8 9 136242970 136242970 - 5 222111 9_internal_6530 9 135986959 136020859 163 195.807 1.00003 5.80709 0.376391 -0.0689153 0.885572 0.904095
ENSG00000148300.6 9 136283164 136283164 - 5 267874 9_internal_9203 9 135987238 136015290 163 150.011 1.00002 4.12362 0.0885916 0.133853 0.333333 0.359428
ENSG00000160325.10 9 136325089 136325089 + 6 -309799 9_internal_9203 9 135987238 136015290 163 168.014 0.956206 5.98464 0.305047 0.0805058 0.895522 0.88722
ENSG00000235106.3 9 136890561 136890561 + 6 -869702 9_internal_6530 9 135986959 136020859 163 195.759 1.00183 7.20943 0.304761 -0.0788312 0.865672 0.886255
ENSG00000235138.1 9 136919412 136919412 + 6 -898553 9_internal_6530 9 135986959 136020859 163 159.18 0.963614 5.83373 0.0146473 -0.187936 0.119403 0.0983496
ENSG00000169925.11 9 136933657 136933657 - 6 -374433 9_internal_7508 9 137308090 137319311 163 177.947 0.986547 5.85554 0.188933 -0.102074 0.691542 0.66882
ENSG00000196363.4 9 137001210 137001210 + 7 965615 9_internal_6850 9 137966825 137980042 163 172.614 0.881728 7.28145 0.174645 -0.111237 0.731343 0.765098
ENSG00000221676.1 9 137029686 137029686 - 4 -317490 9_internal_7157 9 137347176 137604631 163 176.228 0.999968 3.68707 0.620122 -0.0384461 0.965174 0.967819
ENSG00000186350.8 9 137208944 137208944 + 4 -633152 9_internal_6506 9 136521563 136575792 163 157.699 1.00001 4.00493 0.0285253 -0.165109 0.124378 0.11937
ENSG00000263897.1 9 137271257 137271257 + 4 75919 9_internal_7157 9 137347176 137604631 163 159.403 0.999958 4.08064 0.0765699 0.129953 0.268657 0.288129
ENSG00000085265.6 9 137809809 137809809 - 3 -157016 9_internal_6850 9 137966825 137980042 163 164.512 1.00001 3.14536 0.004223 0.22255 0.0149254 0.0126808
ENSG00000130559.14 9 138799074 138799074 - 7 -493632 9_internal_6649 9 139292706 139307088 163 148.292 1.06271 6.38811 0.0342089 0.158999 0.258706 0.221978
ENSG00000238058.1 9 138799658 138799658 + 7 976460 9_internal_6635 9 139776118 139800099 163 173.442 0.953337 6.83811 0.0672953 -0.142219 0.343284 0.362558
ENSG00000130560.4 9 138853226 138853226 - 7 873184 9_internal_6850 9 137966825 137980042 163 156.84 1.02522 8.01031 0.00620036 -0.203368 0.0497512 0.0522764
ENSG00000148411.3 9 138987131 138987131 - 6 -534871 9_internal_6897 9 139522002 139554213 163 158.957 1.01131 5.53958 0.108008 -0.123043 0.482587 0.478552
ENSG00000260193.1 9 139001270 139001270 - 6 -291436 9_internal_6649 9 139292706 139307088 163 151.666 0.999995 5.48568 0.208613 0.0970145 0.756219 0.75337
ENSG00000238227.3 9 139010731 139010731 - 6 -268855 9_internal_7402 9 139279586 139299858 163 190.443 0.945595 6.4948 0.307988 -0.0803336 0.890547 0.881305
ENSG00000165661.11 9 139137687 139137687 - 9 -119088 9_internal_7030 9 139256775 139272773 163 159.53 1.04198 8.87 0.0167231 -0.186194 0.124378 0.134891
ENSG00000160360.7 9 139221932 139221932 + 11 992282 9_internal_7014 9 140214214 140282936 163 152.717 1.10383 11.1217 0.0429811 0.158263 0.402985 0.387902
ENSG00000213221.4 9 139258241 139258241 - 11 -836267 9_internal_6682 9 140094508 140150694 163 171.15 1.02302 13.2409 0.0697071 0.146547 0.59204 0.567683
ENSG00000187796.9 9 139268133 139268133 - 11 0 9_internal_7030 9 139256775 139272773 163 214.813 0.837866 13.549 6.55393e-06 0.327796 0.00497512 2.53316e-05
ENSG00000165684.3 9 139293249 139293249 - 11 24320 9_internal_7022 9 139259435 139268929 163 145.124 1.08954 9.88178 0.020252 0.181166 0.223881 0.212985
ENSG00000165689.12 9 139305061 139305061 - 11 32288 9_internal_7030 9 139256775 139272773 163 161.87 0.950894 9.1443 0.00464427 -0.214703 0.0646766 0.0509908
ENSG00000165688.7 9 139305110 139305110 + 11 0 9_internal_6649 9 139292706 139307088 163 156.076 1.05728 12.8217 0.000146992 -0.297309 0.00995025 0.00181371
ENSG00000148384.11 9 139334274 139334274 - 11 61501 9_internal_7030 9 139256775 139272773 163 161.806 1.05844 11.3819 0.0992781 -0.129412 0.681592 0.678897
ENSG00000148396.13 9 139372141 139372141 - 12 99368 9_internal_7030 9 139256775 139272773 163 175.607 0.991458 12.9645 0.00316579 -0.227383 0.0447761 0.0289544
ENSG00000196366.1 9 139377947 139377947 + 12 701382 9_internal_6767 9 140079329 140350419 163 158.065 1.06171 12.9883 0.0145108 -0.194204 0.174129 0.167709
ENSG00000263403.1 9 139414078 139414078 - 12 145149 9_internal_7022 9 139259435 139268929 163 159.355 1.04836 11.1786 0.177094 -0.107654 0.860697 0.885766
ENSG00000227512.1 9 139437333 139437333 + 12 -164560 9_internal_7030 9 139256775 139272773 163 162.427 1.01422 12.0451 0.106824 -0.125676 0.751244 0.740906
ENSG00000148400.9 9 139440314 139440314 - 12 -773900 9_internal_7014 9 140214214 140282936 163 170.657 1.02302 13.233 0.0241999 -0.172538 0.233831 0.236129
ENSG00000237886.1 9 139440664 139440664 + 12 653844 9_internal_6682 9 140094508 140150694 163 156.505 0.97475 10.8814 0.0544323 -0.153055 0.532338 0.498929
ENSG00000172889.10 9 139553308 139553308 + 16 -280535 9_internal_7030 9 139256775 139272773 163 177.151 0.925075 17.2599 0.0226494 -0.178975 0.293532 0.29683
ENSG00000169692.8 9 139581875 139581875 - 18 27662 9_internal_6897 9 139522002 139554213 163 199.245 0.805216 19.5216 0.00676873 -0.21375 0.0995025 0.0989507
ENSG00000165716.5 9 139607022 139607022 + 20 925235 9_internal_9029 9 140532257 140539131 163 138.661 1.03158 14.618 0.0663261 -0.140821 0.736318 0.739258
ENSG00000199437.2 9 139620686 139620686 - 20 -458643 9_internal_6767 9 140079329 140350419 163 166.868 1.01341 17.5964 0.0572018 0.152151 0.626866 0.620041
ENSG00000212487.1 9 139621331 139621331 - 20 -457998 9_internal_6767 9 140079329 140350419 163 174.732 0.852034 15.7961 0.00230853 0.232281 0.0547264 0.04541
ENSG00000233016.1 9 139622636 139622636 - 20 -456693 9_internal_6767 9 140079329 140350419 163 185.221 0.941309 22.6409 0.0469374 0.156332 0.587065 0.572096
ENSG00000244187.2 9 139685807 139685807 + 20 -385949 9_internal_7402 9 139279586 139299858 163 147.4 1.0785 15.393 0.00271375 -0.227528 0.0447761 0.0508764
ENSG00000213213.7 9 139690802 139690802 + 20 887741 9_internal_7612 9 140578543 140588031 163 166.932 0.967638 19.8974 0.0494936 -0.15516 0.606965 0.628855
ENSG00000196642.9 9 139694818 139694818 + 20 907244 9_internal_9932 9 140602062 140607395 163 155.614 1.0118 18.3252 0.00974491 0.19258 0.19403 0.187409
ENSG00000228544.1 9 139703300 139703300 - 20 -836448 9_internal_7579 9 140539748 140566248 163 168.428 1.01425 20.1257 0.1162 -0.120309 0.910448 0.902473
ENSG00000213212.3 9 139709988 139709988 - 20 155775 9_internal_6897 9 139522002 139554213 163 175.066 0.921739 18.8901 0.0145651 0.191491 0.21393 0.226046
ENSG00000054148.13 9 139743176 139743176 + 20 471038 9_internal_7014 9 140214214 140282936 163 159.832 1.01577 19.8413 0.0061727 0.209648 0.119403 0.12005
ENSG00000177943.8 9 139745395 139745395 + 20 -472622 9_internal_7030 9 139256775 139272773 163 171.962 0.983896 22.2743 0.0894553 -0.129286 0.835821 0.851687
ENSG00000107223.8 9 139760738 139760738 - 20 -295816 9_internal_6680 9 140056554 140211797 163 147.671 1.01709 17.6218 0.011996 -0.199424 0.263682 0.250909
ENSG00000127191.12 9 139776364 139776364 + 20 438428 9_internal_8328 9 140214792 140283831 163 146.748 1.07221 16.367 0.00687894 -0.20689 0.134328 0.133294
ENSG00000213590.2 9 139830292 139830292 + 20 683592 9_internal_7233 9 140513884 140574872 163 156.155 0.946945 15.7372 0.282554 0.0846142 0.995025 0.996217
ENSG00000260190.1 9 139832440 139832440 - 20 -382352 9_internal_8328 9 140214792 140283831 163 159.355 1.04154 18.8725 0.0445127 0.158004 0.577114 0.578414
ENSG00000159069.9 9 139839148 139839148 - 20 284935 9_internal_6897 9 139522002 139554213 163 142.02 1.19526 19.3091 0.125023 -0.122202 0.945274 0.941843
ENSG00000148362.6 9 139886870 139886870 + 20 192459 9_internal_6767 9 140079329 140350419 163 139.521 1.11381 15.62 0.00906418 0.201111 0.18408 0.177727
ENSG00000180539.4 9 139921916 139921916 + 20 -649143 9_internal_7030 9 139256775 139272773 163 148.706 1.03665 14.801 0.0449846 -0.15222 0.562189 0.554395
ENSG00000107331.11 9 139923367 139923367 - 20 616279 9_internal_6649 9 139292706 139307088 163 178.154 0.929815 22.1263 0.0909576 0.136396 0.830846 0.848377
ENSG00000180549.7 9 139927462 139927462 - 20 -287330 9_internal_8328 9 140214792 140283831 163 152.064 1.02626 16.5577 0.0491842 -0.148966 0.616915 0.613609
ENSG00000235117.1 9 139932407 139932407 - 20 -282385 9_internal_8328 9 140214792 140283831 163 147.13 1.0872 17.8584 0.0688851 -0.138938 0.781095 0.765032
ENSG00000228866.1 9 139933342 139933342 - 20 -666161 9_internal_7089 9 140599503 140640763 163 161.233 0.889902 16.3032 0.0828439 -0.13597 0.79602 0.797958
ENSG00000107281.5 9 139940655 139940655 - 20 -273559 9_internal_7014 9 140214214 140282936 163 131.849 1.17348 15.8738 0.0308883 0.165456 0.537313 0.497936
ENSG00000054179.6 9 139948497 139948497 - 20 -583760 9_internal_9029 9 140532257 140539131 163 184.601 0.815253 18.7632 0.0490942 -0.15516 0.572139 0.590893
ENSG00000186193.7 9 139965040 139965040 - 20 -637022 9_internal_9932 9 140602062 140607395 163 157.349 1.08425 20.2926 0.0320767 0.16425 0.472637 0.477937
ENSG00000177239.9 9 139981379 139981379 + 20 -181280 9_internal_6635 9 139776118 139800099 163 184.839 0.915137 22.0631 0.0115333 -0.191258 0.189055 0.17706
ENSG00000176978.8 9 140009629 140009629 - 20 709771 9_internal_7402 9 139279586 139299858 163 156.012 1.0508 18.3957 0.0312152 0.162351 0.467662 0.457548
ENSG00000176248.6 9 140082989 140082989 - 21 -256212 9_internal_7671 9 140339201 140357725 163 161.456 1.04207 20.0579 0.0610325 0.143308 0.711443 0.709536
ENSG00000176101.7 9 140083099 140083099 + 21 131115 9_internal_7014 9 140214214 140282936 163 160.549 0.897553 19.3535 0.00826289 0.202679 0.21393 0.195894
ENSG00000176058.7 9 140098645 140098645 - 21 0 9_internal_6680 9 140056554 140211797 163 167.775 0.975939 19.3483 0.0211393 0.180741 0.323383 0.32582
ENSG00000187713.5 9 140100090 140100090 - 21 -114124 9_internal_7014 9 140214214 140282936 163 158.941 1.12376 24.926 0.051243 0.154693 0.736318 0.708667
ENSG00000188566.6 9 140100119 140100119 + 21 501943 9_internal_9932 9 140602062 140607395 163 138.136 1.15282 17.5257 0.041402 -0.146969 0.651741 0.604169
ENSG00000188229.4 9 140135665 140135665 + 22 908296 9_internal_9437 9 141043961 141111324 163 156.808 1.07272 20.1554 0.0262586 -0.174512 0.427861 0.416411
ENSG00000188163.6 9 140142222 140142222 - 22 0 9_internal_6682 9 140094508 140150694 163 141.463 1.14324 15.6638 0.0335654 0.165269 0.467662 0.471047
ENSG00000197768.6 9 140145713 140145713 + 22 -838625 9_internal_6649 9 139292706 139307088 163 159.96 0.991443 20.4322 0.023722 0.177098 0.427861 0.408874
ENSG00000188986.4 9 140149625 140149625 + 22 364259 9_internal_7233 9 140513884 140574872 163 171.866 0.960697 22.2335 0.120523 -0.121709 0.950249 0.931653
ENSG00000198113.2 9 140172201 140172201 + 22 388362 9_internal_6891 9 140560563 140602353 163 186.145 0.945069 25.624 0.0318126 -0.171504 0.492537 0.458075
ENSG00000260996.1 9 140190173 140190173 - 22 -388370 9_internal_7612 9 140578543 140588031 163 159.243 1.08149 21.5805 0.0102402 -0.204075 0.154229 0.184131
ENSG00000198435.2 9 140196703 140196703 - 22 -18089 9_internal_8328 9 140214792 140283831 163 170.577 0.953524 23.14 0.0546415 -0.155693 0.696517 0.707502
ENSG00000187609.10 9 140317714 140317714 - 18 0 9_internal_6767 9 140079329 140350419 163 168.301 1.10378 21.2794 0.0213386 -0.170638 0.288557 0.293446
ENSG00000165802.14 9 140353786 140353786 - 18 0 9_internal_7671 9 140339201 140357725 163 167.409 0.929273 16.4895 0.00507371 0.22424 0.119403 0.0887358
ENSG00000182154.7 9 140445651 140445651 + 18 86606 9_internal_9029 9 140532257 140539131 163 153.147 1.03899 14.2565 0.082352 0.134962 0.736318 0.735249
ENSG00000148399.7 9 140473387 140473387 - 18 -633739 9_internal_7378 9 141107126 141110122 163 168.937 0.842907 15.156 0.00147248 0.246948 0.0497512 0.0358719
ENSG00000197070.9 9 140500106 140500106 + 18 13778 9_internal_7233 9 140513884 140574872 163 150.6 0.992096 14.3613 0.000217107 0.289937 0.00995025 0.00567402
ENSG00000203993.3 9 140513358 140513358 - 18 162939 9_internal_6767 9 140079329 140350419 163 163.271 0.982816 15.402 0.0918674 -0.130783 0.80597 0.777644
ENSG00000181090.13 9 140513444 140513444 + 18 26304 9_internal_7579 9 140539748 140566248 163 183.264 0.910359 20.0966 1.07701e-07 0.390397 0.00497512 1.3798e-06
ENSG00000233998.1 9 140535999 140535999 - 18 -42544 9_internal_7612 9 140578543 140588031 163 153.513 1.08026 16.5028 0.00164063 0.236867 0.0298507 0.0270568
ENSG00000255585.1 9 140683139 140683139 - 17 116891 9_internal_7579 9 140539748 140566248 163 187.307 0.873429 18.922 0.000167555 0.284188 0.00995025 0.00257825
ENSG00000159247.7 9 141044565 141044565 + 16 0 9_internal_9437 9 141043961 141111324 163 186.527 0.946092 20.0864 2.55151e-05 0.321968 0.00497512 0.000220475
ENSG00000233013.3 9 141106637 141106637 + 16 0 9_internal_9437 9 141043961 141111324 163 185.986 0.903484 17.6254 9.27459e-18 0.607898 0.00497512 4.82149e-17
