ENSG00000134262.8 1 114447823 114447823 - 4 16469 1_internal_16399 1 114420897 114431354 163 162.077 0.999963 4.23111 2.34685e-05 0.322162 0.00497512 0.000104777
ENSG00000163349.15 1 114471814 114471814 + 4 196843 1_internal_21446 1 114668657 114890013 163 204.896 0.999994 4.78041 0.012859 -0.195135 0.0348259 0.0249505
ENSG00000235527.2 1 114472114 114472114 - 4 -38110 1_internal_21791 1 114510224 114526420 163 169.144 1.00004 4.4274 0.0189111 -0.183068 0.0646766 0.0722242
ENSG00000116774.7 1 114522063 114522063 + 4 -90709 1_internal_16399 1 114420897 114431354 163 149.199 1.00002 3.47507 0.106323 0.122955 0.38806 0.364688
ENSG00000226984.1 1 115002556 115002556 + 4 -476136 1_internal_21791 1 114510224 114526420 163 150.122 0.999984 3.84238 0.208945 0.0995079 0.626866 0.629928
ENSG00000225650.2 1 115010937 115010937 + 4 112190 1_internal_16538 1 115123127 115301692 163 158.447 1.00003 3.7116 0.42422 0.0628166 0.860697 0.87649
ENSG00000201114.1 1 115033346 115033346 + 4 -506926 1_internal_21791 1 114510224 114526420 163 152.828 1.00006 3.37791 0.317384 0.0779799 0.771144 0.745377
ENSG00000197323.6 1 115053781 115053781 - 4 -69346 1_internal_16538 1 115123127 115301692 163 179.698 1.00002 4.30272 0.152763 0.112167 0.467662 0.459451
ENSG00000116752.5 1 115124260 115124260 - 4 234247 1_internal_21446 1 114668657 114890013 163 163.557 1.00003 4.03371 0.132148 -0.119202 0.437811 0.433693
ENSG00000175984.9 1 115213043 115213043 - 4 781689 1_internal_16399 1 114420897 114431354 163 137.404 1.00006 3.63929 0.1802 -0.104292 0.626866 0.592598
ENSG00000213281.4 1 115259515 115259515 - 4 0 1_internal_16538 1 115123127 115301692 163 172.376 1.00003 4.15322 0.0152904 0.195268 0.0646766 0.0513615
ENSG00000201900.1 1 115270341 115270341 + 4 -838987 1_internal_16399 1 114420897 114431354 163 152.415 0.999979 3.77428 0.38618 -0.0706166 0.885572 0.856482
ENSG00000009307.11 1 115301297 115301297 - 5 0 1_internal_16538 1 115123127 115301692 163 174.143 1.00001 5.58906 0.00408169 -0.222623 0.0348259 0.0166047
ENSG00000052723.7 1 115323306 115323306 - 5 891952 1_internal_16399 1 114420897 114431354 163 170.752 0.999958 4.97622 0.146287 -0.114013 0.472637 0.519674
ENSG00000134200.2 1 115572415 115572415 + 3 -682402 1_internal_21446 1 114668657 114890013 163 148.658 0.99998 3.03696 0.032127 -0.170914 0.119403 0.118693
ENSG00000134198.5 1 115632121 115632121 - 3 742108 1_internal_21446 1 114668657 114890013 163 140.874 1.00002 2.45112 0.00792023 -0.207341 0.0298507 0.0329676
ENSG00000233730.1 1 115642293 115642293 + 3 -752280 1_internal_21446 1 114668657 114890013 163 174.986 0.999999 3.37676 0.0327172 -0.168348 0.139303 0.0879826
ENSG00000163393.8 1 116519119 116519119 + 10 -146066 1_internal_16839 1 116279513 116373053 163 146.62 1.04466 9.18823 0.00602993 0.218757 0.0646766 0.0717173
ENSG00000237993.1 1 116560326 116560326 - 10 -489895 1_internal_16760 1 117050221 117114684 163 155.057 0.976678 8.94943 0.104089 0.123557 0.651741 0.667091
ENSG00000173212.4 1 116654376 116654376 + 10 -281323 1_internal_16839 1 116279513 116373053 163 181.306 0.91555 11.2551 0.0117799 0.195451 0.134328 0.108025
ENSG00000163399.11 1 116915290 116915290 + 11 128677 1_internal_17530 1 117043967 117117900 163 146.716 1.03251 9.25926 0.0108354 0.197557 0.129353 0.12594
ENSG00000229895.1 1 116917283 116917283 - 11 -126684 1_internal_17530 1 117043967 117117900 163 179.077 0.931968 11.3765 0.0555868 0.147718 0.432836 0.439533
ENSG00000269279.1 1 116926718 116926718 - 11 -530385 1_internal_19801 1 117457103 117560823 163 144.217 1.02092 8.84096 0.0291101 -0.16942 0.323383 0.29471
ENSG00000203865.4 1 116961197 116961197 - 11 -82770 1_internal_17530 1 117043967 117117900 163 179.809 0.886311 12.6334 0.0106006 0.206397 0.109453 0.120434
ENSG00000233154.1 1 117021464 117021464 - 11 130001 1_internal_16283 1 116862953 116891463 163 141.415 1.05539 10.0887 0.137817 0.108122 0.845771 0.82854
ENSG00000224950.1 1 117041834 117041834 - 11 -2133 1_internal_17530 1 117043967 117117900 163 174.556 0.98905 13.3467 0.0153415 0.183911 0.154229 0.153809
ENSG00000177173.5 1 117076714 117076714 - 11 0 1_internal_17530 1 117043967 117117900 163 136.592 1.11385 8.96822 0.0318534 0.167104 0.328358 0.315239
ENSG00000264419.1 1 117102733 117102733 - 11 0 1_internal_17530 1 117043967 117117900 163 156.681 1.10217 11.8432 0.0008763 0.265635 0.00995025 0.00801385
ENSG00000230381.1 1 117105789 117105789 - 11 0 1_internal_16760 1 117050221 117114684 163 168.492 0.898612 9.61831 0.00157485 0.245768 0.039801 0.0202378
ENSG00000116815.11 1 117113661 117113661 - 11 -786646 1_internal_16358 1 117900307 117911754 163 169.447 0.960091 10.688 0.0105394 -0.205332 0.0945274 0.103869
ENSG00000134256.8 1 117544382 117544382 + 12 0 1_internal_23725 1 117452417 117595336 163 165.467 0.966344 12.0899 1.01711e-05 0.335533 0.00497512 0.000145163
ENSG00000236137.1 1 117602112 117602112 - 12 6776 1_internal_23725 1 117452417 117595336 163 161.01 1.07771 12.7687 0.000846516 0.254461 0.0149254 0.00793044
ENSG00000116830.5 1 117602925 117602925 + 12 -114258 1_internal_18524 1 117417791 117488667 163 158.575 1.01037 11.2994 0.219394 0.0991473 0.945274 0.943474
ENSG00000134253.5 1 117665209 117665209 - 12 312944 1_internal_17369 1 117341974 117352265 163 154.166 1.08752 12.201 0.00864697 -0.205847 0.0895522 0.0987896
ENSG00000198162.7 1 117910071 117910071 + 11 -432270 1_internal_16257 1 117451887 117477801 163 157.874 1.09558 10.4009 0.26008 -0.0892116 0.945274 0.953619
ENSG00000183508.4 1 118148556 118148556 + 9 -587733 1_internal_19801 1 117457103 117560823 163 172.264 0.900108 8.36905 0.138438 0.118133 0.736318 0.719043
ENSG00000196505.5 1 118472253 118472253 - 7 560499 1_internal_16358 1 117900307 117911754 163 161.822 0.968918 6.43428 0.37276 -0.0722385 0.970149 0.95373
ENSG00000065183.10 1 118472343 118472343 + 7 -264308 1_internal_15703 1 118196479 118208035 163 170.163 0.980941 6.71721 0.0788697 -0.138697 0.412935 0.406074
ENSG00000155761.9 1 118727846 118727846 - 3 519811 1_internal_15703 1 118196479 118208035 163 196.316 1.00004 3.61429 0.0120446 -0.200659 0.0447761 0.0209695
ENSG00000231365.1 1 119683019 119683019 + 3 944682 1_internal_16462 1 120627701 120633718 163 179.809 1.00001 3.09587 0.525815 -0.051363 0.885572 0.886722
ENSG00000116874.7 1 119683294 119683294 - 3 -845161 1_internal_24128 1 120528455 145294665 163 171.834 0.999985 2.66925 0.0944527 0.133215 0.248756 0.213262
ENSG00000240244.3 1 120139802 120139802 - 4 -415885 1_internal_22744 1 120555687 120597330 163 155.503 0.999995 3.76175 0.0766592 -0.135808 0.273632 0.280507
ENSG00000260941.1 1 120141894 120141894 - 4 -995888 1_internal_16571 1 121137782 121296073 163 157.763 0.999956 3.58776 0.138215 -0.113045 0.422886 0.429335
ENSG00000242959.1 1 120143780 120143780 + 4 411907 1_internal_22744 1 120555687 120597330 163 159.594 0.999975 3.94773 0.260953 -0.0842677 0.731343 0.705037
ENSG00000198857.3 1 120143963 120143963 + 4 384492 1_internal_24128 1 120528455 145294665 163 152.494 0.999961 3.67617 0.153847 -0.106429 0.487562 0.491058
ENSG00000143067.4 1 120190396 120190396 - 4 -338059 1_internal_24128 1 120528455 145294665 163 188.564 1.00002 4.43275 0.0497002 -0.146694 0.164179 0.145097
ENSG00000261662.1 1 120453236 120453236 - 7 -75219 1_internal_24128 1 120528455 145294665 163 163.891 1.07692 7.86115 0.00132806 0.251006 0.00995025 0.00687517
ENSG00000134250.12 1 120612240 120612240 - 7 0 1_internal_24128 1 120528455 145294665 163 168.683 1.02233 6.70714 0.0026103 0.234861 0.00995025 0.0132115
ENSG00000188610.7 1 120837272 120837272 + 7 415300 1_internal_17693 1 121252572 121349951 163 213.046 0.85151 8.89125 0.0369379 0.16391 0.179104 0.197773
ENSG00000223345.2 1 120906028 120906028 + 7 0 1_internal_24128 1 120528455 145294665 163 161.154 0.956279 6.43663 0.0153242 0.190403 0.114428 0.110112
ENSG00000241013.1 1 120906043 120906043 + 7 -308713 1_internal_22744 1 120555687 120597330 163 173.076 0.966791 7.49495 0.00323215 0.232033 0.0348259 0.0207023
ENSG00000234998.1 1 120906609 120906609 + 7 231173 1_internal_16571 1 121137782 121296073 163 166.964 1.06668 7.6901 0.0119111 -0.189877 0.0696517 0.0668624
ENSG00000233029.2 1 120924841 120924841 + 7 212941 1_internal_16571 1 121137782 121296073 163 126.85 1.01047 5.91206 0.109345 -0.122347 0.646766 0.634031
ENSG00000198019.7 1 120935937 120935937 - 7 -316635 1_internal_17693 1 121252572 121349951 163 184.282 0.925301 6.47566 0.224643 -0.093108 0.776119 0.78081
ENSG00000171943.7 1 121107124 121107124 + 7 -509794 1_internal_22744 1 120555687 120597330 163 149.47 0.975419 5.9754 0.0281387 -0.175257 0.233831 0.203984
ENSG00000230806.1 1 121140666 121140666 - 7 0 1_internal_16571 1 121137782 121296073 163 181.704 0.963774 6.92139 0.0360374 0.164435 0.199005 0.184975
ENSG00000231734.3 1 143687097 143687097 + 12 229338 1_internal_20109 1 143916435 143919331 163 172.63 0.989038 11.2398 0.0764037 0.141273 0.562189 0.55293
ENSG00000240007.1 1 143719704 143719704 + 12 12435 1_internal_16156 1 143732139 143735211 163 169.749 0.95271 11.679 0.00690641 0.21006 0.0746269 0.0763964
ENSG00000226637.1 1 143721171 143721171 - 12 -10968 1_internal_16156 1 143732139 143735211 163 148.913 1.00875 9.7932 0.127832 0.116305 0.766169 0.783289
ENSG00000223804.1 1 143745417 143745417 - 12 -17595 1_internal_16546 1 143763012 143769951 163 145.156 1.01072 9.89334 0.0045787 0.217189 0.0597015 0.0692467
ENSG00000215784.4 1 143913143 143913143 - 13 444772 1_internal_23134 1 143447678 143468371 163 166.136 1.01674 13.1589 0.0766801 -0.134116 0.631841 0.628876
ENSG00000196369.6 1 143913615 143913615 + 13 -178404 1_internal_16156 1 143732139 143735211 163 169.542 0.885433 11.4607 0.125332 0.12218 0.81592 0.798662
ENSG00000224363.1 1 144091946 144091946 - 14 547721 1_internal_20388 1 143447731 143544225 163 148.992 1.07666 11.4071 0.0294871 -0.172029 0.318408 0.318223
ENSG00000231360.2 1 144339738 144339738 + 15 339246 1_internal_17964 1 144678984 148009908 163 175.671 0.950778 14.8245 8.47949e-12 -0.497856 0.00497512 6.74258e-11
ENSG00000235398.1 1 144341756 144341756 - 15 1366 1_internal_16878 1 144312330 144340390 163 150.059 1.01409 13.5439 2.76877e-05 0.321065 0.00497512 0.000704516
ENSG00000236943.1 1 144521970 144521970 - 16 -157014 1_internal_17964 1 144678984 148009908 163 165.658 0.920881 13.6674 0.00224775 -0.232456 0.039801 0.038093
ENSG00000225241.3 1 144593363 144593363 + 15 85621 1_internal_17964 1 144678984 148009908 163 158.193 1.08079 13.8705 4.01496e-21 0.668379 0.00497512 6.31516e-21
ENSG00000215861.4 1 144679969 144679969 - 16 0 1_internal_17964 1 144678984 148009908 163 161.217 1.0153 16.5355 8.62928e-15 0.564948 0.00497512 1.26809e-13
ENSG00000168614.12 1 144811744 144811744 + 14 0 1_internal_24128 1 120528455 145294665 163 171.819 1.05721 16.1737 1.70729e-08 0.425067 0.00497512 4.4468e-08
ENSG00000268172.1 1 144989309 144989309 + 13 0 1_internal_17964 1 144678984 148009908 163 201.203 0.978717 19.5136 3.58021e-09 0.436059 0.00497512 1.64717e-09
ENSG00000252656.1 1 145044651 145044651 + 13 0 1_internal_17964 1 144678984 148009908 163 167.139 0.990267 13.4299 8.05899e-10 0.465342 0.00497512 7.9734e-09
ENSG00000178104.14 1 145076186 145076186 - 13 126958 1_internal_25971 1 144864925 144949228 163 168.826 1.00042 13.8067 1.10549e-07 0.389199 0.00497512 9.00439e-07
ENSG00000223380.3 1 145096220 145096220 + 13 0 1_internal_22735 1 145095629 145250184 163 158.814 0.897145 11.5673 0.0463456 0.153417 0.472637 0.493244
ENSG00000213240.6 1 145209119 145209119 + 13 0 1_internal_24128 1 120528455 145294665 163 180.908 0.946447 15.6461 2.53848e-12 0.515231 0.00497512 1.0813e-11
ENSG00000255168.1 1 145209145 145209145 + 13 0 1_internal_24128 1 120528455 145294665 163 163.255 1.03174 13.0662 1.33262e-12 0.521697 0.00497512 7.51458e-12
ENSG00000163386.14 1 145289772 145289772 + 13 0 1_internal_24128 1 120528455 145294665 163 149.565 1.10127 12.3985 2.17196e-06 0.362924 0.00497512 2.58208e-05
ENSG00000227280.2 1 145375672 145375672 - 12 412260 1_internal_17347 1 144914722 144963412 163 166.629 0.971824 12.9547 0.294335 -0.0846871 0.985075 0.988646
ENSG00000233396.1 1 145382397 145382397 - 12 505815 1_internal_17309 1 144870748 144876582 163 154.181 0.971879 10.4152 0.0273962 -0.170758 0.308458 0.299636
ENSG00000168509.13 1 145413095 145413095 + 12 -118430 1_internal_24128 1 120528455 145294665 163 141.718 1.07004 9.86866 0.0679317 0.138576 0.552239 0.570691
ENSG00000117289.7 1 145438469 145438469 + 12 0 1_internal_16658 1 145426743 145487022 163 159.785 1.07486 11.9994 0.00634123 0.216574 0.0597015 0.0639438
ENSG00000121851.8 1 145470388 145470388 - 12 0 1_internal_16658 1 145426743 145487022 163 168.794 1.02033 12.1204 0.00314388 0.223708 0.0348259 0.029294
ENSG00000181039.7 1 145470508 145470508 + 12 177315 1_internal_20989 1 145647823 145688720 163 164.13 1.01966 12.2086 0.0963732 -0.130917 0.711443 0.698026
ENSG00000152022.7 1 145477085 145477085 + 12 0 1_internal_16658 1 145426743 145487022 163 172.981 0.943242 12.8894 0.0200653 0.180203 0.258706 0.216921
ENSG00000131795.7 1 145507598 145507598 + 12 -20576 1_internal_16658 1 145426743 145487022 163 160.947 1.03513 12.4218 0.0109512 0.19739 0.114428 0.122797
ENSG00000234222.2 1 145508503 145508503 - 12 21481 1_internal_16658 1 145426743 145487022 163 155.248 1.01677 10.6769 0.00618507 0.209646 0.0845771 0.0739866
ENSG00000211451.6 1 145516076 145516076 - 12 0 1_internal_17216 1 145395548 145590054 163 161.504 1.00335 11.5301 0.0069679 0.207347 0.0746269 0.0795216
ENSG00000131779.6 1 145516252 145516252 + 12 131571 1_internal_20989 1 145647823 145688720 163 160.326 1.0354 10.9111 0.0351277 0.167663 0.298507 0.3186
ENSG00000143127.8 1 145524891 145524891 + 13 -648309 1_internal_17309 1 144870748 144876582 163 159.052 1.02678 11.3828 0.179076 -0.107851 0.885572 0.897449
ENSG00000131788.10 1 145575233 145575233 + 13 0 1_internal_17216 1 145395548 145590054 163 161.488 0.91793 12.9785 0.000606116 0.269035 0.0199005 0.0126816
ENSG00000186364.6 1 145590461 145590461 - 13 407 1_internal_17216 1 145395548 145590054 163 161.583 1.00778 12.5368 0.00232266 0.238741 0.0348259 0.0291177
ENSG00000186141.4 1 145611025 145611025 - 12 20971 1_internal_17216 1 145395548 145590054 163 149.772 1.0534 9.46061 0.0425803 0.156742 0.393035 0.371584
ENSG00000121848.8 1 145611036 145611036 + 12 36787 1_internal_20989 1 145647823 145688720 163 146.891 1.00215 10.0204 0.0272894 0.173067 0.318408 0.307655
ENSG00000117281.10 1 145715614 145715614 - 12 26894 1_internal_20989 1 145647823 145688720 163 153.783 0.980987 9.4278 0.0107117 0.203158 0.114428 0.123357
ENSG00000117262.14 1 145827103 145827103 - 12 340081 1_internal_16658 1 145426743 145487022 163 188.166 0.92234 12.4628 0.0448863 0.156968 0.323383 0.363215
ENSG00000152042.11 1 146082765 146082765 - 8 849436 1_internal_24940 1 145143619 145233329 163 143.723 0.968525 5.98742 0.00954367 0.198572 0.114428 0.0941423
ENSG00000232637.3 1 146253110 146253110 - 6 766088 1_internal_16658 1 145426743 145487022 163 155.917 0.999981 5.03375 0.162552 -0.10834 0.636816 0.61333
ENSG00000186275.7 1 146373546 146373546 + 5 -684826 1_internal_20989 1 145647823 145688720 163 175.273 0.999986 4.88093 0.387365 -0.066053 0.900498 0.895155
ENSG00000227242.2 1 146596107 146596107 - 3 0 1_internal_17964 1 144678984 148009908 163 163.143 0.999996 3.31078 0.0912364 0.129272 0.268657 0.271106
ENSG00000131791.6 1 146644129 146644129 - 3 0 1_internal_23121 1 146517724 146720063 163 163.541 1.00003 2.90643 0.00103757 0.259562 0.00995025 0.00295439
ENSG00000237188.1 1 146644806 146644806 + 3 0 1_internal_23121 1 146517724 146720063 163 133.186 0.999955 2.52547 0.17575 0.108321 0.462687 0.468078
ENSG00000180867.9 1 146649692 146649692 + 3 0 1_internal_17964 1 144678984 148009908 163 144.312 0.999994 2.95991 0.426749 0.0643255 0.845771 0.833826
ENSG00000226015.2 1 146676513 146676513 - 3 0 1_internal_23121 1 146517724 146720063 163 150.743 1.00002 2.65034 0.0287675 0.172793 0.079602 0.0913549
ENSG00000131778.13 1 146714291 146714291 + 2 0 1_internal_23121 1 146517724 146720063 163 150.377 1.00001 1.81003 0.00636459 0.212767 0.0348259 0.0158456
ENSG00000131781.8 1 146714700 146714700 - 2 0 1_internal_23121 1 146517724 146720063 163 195.711 1.00003 2.19245 0.00734188 0.214769 0.00995025 0.00721799
ENSG00000116128.5 1 147013182 147013182 + 4 0 1_internal_17964 1 144678984 148009908 163 131.626 1.00001 3.02748 0.046733 -0.157574 0.19403 0.207721
ENSG00000162836.6 1 147142618 147142618 - 4 -592511 1_internal_16955 1 147735129 147807788 163 169.813 0.999976 3.86707 0.0206146 -0.184148 0.0646766 0.068305
ENSG00000188092.9 1 147400506 147400506 + 5 334623 1_internal_16955 1 147735129 147807788 163 207.968 0.917841 5.6086 0.0933859 0.131473 0.328358 0.322342
ENSG00000203836.6 1 147624601 147624601 - 9 0 1_internal_17964 1 144678984 148009908 163 194.725 0.8997 11.0462 3.53682e-11 0.488173 0.00497512 6.99258e-11
ENSG00000231551.2 1 147887350 147887350 + 9 654897 1_internal_16729 1 148542247 148601429 163 177.278 0.900279 9.50917 0.0199865 -0.172734 0.159204 0.171045
ENSG00000212456.1 1 147994146 147994146 + 9 0 1_internal_17964 1 144678984 148009908 163 152.319 1.10702 7.80537 6.31198e-05 0.31346 0.00497512 0.000387275
ENSG00000122497.11 1 148025863 148025863 - 9 24194 1_internal_16287 1 147993617 148001669 163 138.693 0.981968 6.73447 6.01652e-31 0.783687 0.00497512 2.76237e-25
ENSG00000207501.1 1 148241465 148241465 + 10 0 1_internal_15964 1 148240694 148248618 163 139.983 1.1283 9.94145 1.09576e-07 0.392266 0.00497512 1.83184e-06
ENSG00000203832.6 1 148347506 148347506 - 12 345837 1_internal_16287 1 147993617 148001669 163 166.136 0.925539 10.6842 3.04821e-21 0.672619 0.00497512 4.2118e-19
ENSG00000243452.2 1 148555979 148555979 + 12 -554310 1_internal_16287 1 147993617 148001669 163 150.282 1.12026 11.6292 0.00564945 0.211243 0.0447761 0.0626338
ENSG00000203827.7 1 148739443 148739443 + 14 586914 1_internal_19038 1 149326357 149334689 163 184.378 0.849894 12.6038 0.0696295 -0.138085 0.58209 0.573727
ENSG00000179571.9 1 149130302 149130302 - 12 -73567 1_internal_17702 1 149203869 149216397 163 141.861 1.05651 8.86585 0.144372 0.112979 0.825871 0.800132
ENSG00000206737.1 1 149224221 149224221 - 13 975603 1_internal_15964 1 148240694 148248618 163 167.091 1.02981 13.7957 0.00698096 0.210259 0.0696517 0.0767322
ENSG00000232721.1 1 149230716 149230716 + 13 -982098 1_internal_15964 1 148240694 148248618 163 206.249 0.823289 16.2983 0.0396407 0.156534 0.348259 0.376296
ENSG00000223779.4 1 149239531 149239531 + 13 -638102 1_internal_16729 1 148542247 148601429 163 147.782 0.927819 9.67641 0.113138 -0.124841 0.776119 0.768207
ENSG00000242352.2 1 149261186 149261186 + 12 0 1_internal_25370 1 148527711 149400534 163 182.611 0.891086 11.4359 0.0124697 0.197033 0.0945274 0.120686
ENSG00000226067.1 1 149284645 149284645 + 12 6427 1_internal_24276 1 149291072 149294782 163 159.689 0.954299 10.3059 0.000126597 0.293157 0.00497512 0.00208966
ENSG00000252105.1 1 149286322 149286322 - 12 0 1_internal_25370 1 148527711 149400534 163 177.278 1.01121 11.1754 0.0168335 0.189249 0.0995025 0.129254
ENSG00000235999.1 1 149287451 149287451 + 12 0 1_internal_25370 1 148527711 149400534 163 153.592 1.1536 12.0007 0.00162732 0.244708 0.00995025 0.0141568
ENSG00000233430.2 1 149313076 149313076 - 12 -13281 1_internal_19038 1 149326357 149334689 163 153.322 1.01704 10.4089 0.0125615 0.190888 0.164179 0.144442
ENSG00000253193.2 1 149320441 149320441 + 12 0 1_internal_25370 1 148527711 149400534 163 155.932 1.00367 10.0755 2.91125e-09 0.442218 0.00497512 6.05846e-08
ENSG00000234571.1 1 149379646 149379646 - 13 0 1_internal_25370 1 148527711 149400534 163 156.426 1.11054 12.1492 9.13165e-11 0.472808 0.00497512 2.84885e-10
ENSG00000240929.1 1 149399179 149399179 - 13 0 1_internal_25370 1 148527711 149400534 163 144.328 0.992195 11.5064 1.77365e-05 0.325565 0.00497512 0.000660084
ENSG00000212544.1 1 149514256 149514256 - 13 179567 1_internal_19038 1 149326357 149334689 163 183.439 0.936418 12.547 0.15089 0.112985 0.835821 0.835833
ENSG00000269501.1 1 149575482 149575482 + 12 136084 1_internal_16650 1 149711566 149720264 163 159.275 1.03721 9.97997 0.0171857 0.191608 0.149254 0.157245
ENSG00000232151.4 1 149576161 149576161 + 12 24907 1_internal_16279 1 149601068 149606355 163 231.256 0.803464 13.3704 0.0973226 0.126573 0.552239 0.581209
ENSG00000233368.2 1 149577296 149577296 - 12 176762 1_internal_25370 1 148527711 149400534 163 172.455 0.973694 10.6237 0.0046362 0.225667 0.0447761 0.0412112
ENSG00000202496.1 1 149605917 149605917 + 11 0 1_internal_16279 1 149601068 149606355 163 152.59 1.03573 10.0527 3.70529e-12 0.505191 0.00497512 7.98521e-11
ENSG00000239903.2 1 149646785 149646785 + 11 -40430 1_internal_16279 1 149601068 149606355 163 162.268 1.01253 10.3789 0.0575092 0.147629 0.462687 0.456652
ENSG00000223759.1 1 149672997 149672997 + 11 -272463 1_internal_25370 1 148527711 149400534 163 146.031 0.982628 7.55072 0.0134691 0.183902 0.139303 0.142846
ENSG00000203815.2 1 149675978 149675978 + 11 -450459 1_internal_17285 1 148531608 149225519 163 181.481 0.964076 11.6735 0.202021 0.0991543 0.940299 0.904667
ENSG00000197844.2 1 149689368 149689368 + 11 22198 1_internal_16650 1 149711566 149720264 163 169.192 0.923173 9.24153 0.254074 -0.0922307 0.945274 0.935077
ENSG00000234232.1 1 149698605 149698605 - 11 -12961 1_internal_16650 1 149711566 149720264 163 154.914 0.978137 9.4346 0.098247 -0.125114 0.681592 0.664971
ENSG00000150337.9 1 149754227 149754227 + 11 -147872 1_internal_16279 1 149601068 149606355 163 149.167 1.05672 9.29478 0.141603 0.112807 0.78607 0.785803
ENSG00000233030.2 1 149764576 149764576 - 11 548179 1_internal_17702 1 149203869 149216397 163 160.517 1.00619 9.68364 0.171875 -0.105234 0.845771 0.843683
ENSG00000242663.1 1 149783312 149783312 - 11 488402 1_internal_16343 1 148853690 149294910 163 158.495 1.06563 10.7049 0.0767227 -0.138811 0.597015 0.566516
ENSG00000203814.5 1 149783928 149783928 - 11 0 1_internal_16205 1 149782382 150209418 163 161.424 0.950742 8.52292 0.170744 0.106765 0.810945 0.815024
ENSG00000183598.3 1 149785236 149785236 - 11 0 1_internal_16205 1 149782382 150209418 163 175.289 0.955398 11.4774 0.00965615 0.201394 0.0845771 0.0913682
ENSG00000220323.3 1 149814608 149814608 + 11 -519698 1_internal_16343 1 148853690 149294910 163 176.435 0.984405 11.2423 0.0479404 -0.151001 0.378109 0.372398
ENSG00000261716.1 1 149820591 149820591 - 11 525681 1_internal_16343 1 148853690 149294910 163 173.028 0.957737 10.402 0.0433042 -0.159521 0.368159 0.346742
ENSG00000203819.6 1 149822339 149822339 - 11 0 1_internal_16205 1 149782382 150209418 163 147.273 0.977782 8.37427 0.0369679 0.162909 0.323383 0.344555
ENSG00000184678.8 1 149858232 149858232 - 11 563322 1_internal_16343 1 148853690 149294910 163 137.149 1.11261 8.8922 0.138832 -0.119353 0.79602 0.788866
ENSG00000178096.7 1 149858486 149858486 + 11 -563576 1_internal_16343 1 148853690 149294910 163 151.985 0.998643 10.2035 0.0886448 -0.137903 0.661692 0.660042
ENSG00000184260.4 1 149858525 149858525 + 11 358084 1_internal_20573 1 150216609 150223102 163 156.33 0.983237 9.41271 0.118895 -0.121921 0.711443 0.726626
ENSG00000184270.3 1 149859466 149859466 - 11 564556 1_internal_16343 1 148853690 149294910 163 175.336 0.906827 10.2329 0.0253839 -0.176887 0.263682 0.228412
ENSG00000159164.5 1 149889434 149889434 - 11 -490182 1_internal_18094 1 150379616 150432926 163 160.135 0.913886 9.64027 0.00593164 0.204755 0.0845771 0.0785763
ENSG00000143368.9 1 149900236 149900236 - 11 674717 1_internal_17285 1 148531608 149225519 163 147.878 1.08471 9.79019 0.123718 -0.121527 0.766169 0.752588
ENSG00000014914.15 1 149908791 149908791 - 11 574102 1_internal_19038 1 149326357 149334689 163 162.825 0.954257 8.89921 0.123655 -0.121808 0.706468 0.708743
ENSG00000163113.9 1 149982625 149982625 - 11 647936 1_internal_19038 1 149326357 149334689 163 163.891 1.0152 10.0742 0.0646179 -0.145281 0.492537 0.478669
ENSG00000136631.8 1 150039369 150039369 + 12 -744459 1_internal_16343 1 148853690 149294910 163 170.768 1.02825 12.5995 0.060349 0.142457 0.492537 0.49347
ENSG00000023902.8 1 150121373 150121373 + 12 -904976 1_internal_17702 1 149203869 149216397 163 161.265 0.926436 11.5764 0.0095462 -0.202412 0.114428 0.131711
ENSG00000250661.1 1 150131600 150131600 + 12 -915203 1_internal_17702 1 149203869 149216397 163 166.2 0.948268 9.27564 0.0139326 -0.191603 0.0895522 0.130295
ENSG00000143401.10 1 150208504 150208504 - 12 0 1_internal_16205 1 149782382 150209418 163 175.289 1.02934 13.3252 0.00014009 0.295714 0.00497512 0.000843415
ENSG00000118298.5 1 150230169 150230169 + 10 788045 1_internal_16213 1 151018214 151140936 163 173.729 1.01624 10.8821 0.0576794 0.1518 0.393035 0.420188
ENSG00000238526.1 1 150234093 150234093 + 10 -939311 1_internal_24276 1 149291072 149294782 163 151.826 1.00155 9.73462 0.0981268 -0.127184 0.681592 0.679416
ENSG00000118292.4 1 150240600 150240600 + 10 -945690 1_internal_16343 1 148853690 149294910 163 180.526 0.918608 9.79637 0.0940142 -0.132044 0.552239 0.585883
ENSG00000117362.8 1 150241980 150241980 - 10 841446 1_internal_25370 1 148527711 149400534 163 132.867 1.1029 7.43444 0.124761 0.121583 0.701493 0.706195
ENSG00000187145.10 1 150266289 150266289 + 10 -56871 1_internal_16205 1 149782382 150209418 163 165.674 0.932467 9.16099 0.131321 0.114953 0.741294 0.739316
ENSG00000117360.8 1 150293925 150293925 + 10 -84507 1_internal_16205 1 149782382 150209418 163 160.087 1.00115 9.44646 0.0471313 0.15715 0.39801 0.378281
ENSG00000163125.11 1 150335567 150335567 + 7 -126149 1_internal_16205 1 149782382 150209418 163 180.876 0.910841 7.15164 0.0870695 0.135019 0.442786 0.454759
ENSG00000143374.9 1 150459887 150459887 + 6 -26961 1_internal_18094 1 150379616 150432926 163 161.615 1.00001 5.42836 0.150888 -0.113203 0.577114 0.593057
ENSG00000143382.9 1 150521884 150521884 + 7 -88958 1_internal_18094 1 150379616 150432926 163 169.686 0.939728 7.06884 0.0487474 0.149915 0.288557 0.301464
ENSG00000225996.2 1 150521897 150521897 + 7 -88971 1_internal_18094 1 150379616 150432926 163 168.38 0.925966 6.07596 0.005337 0.209841 0.0497512 0.0371138
ENSG00000264553.1 1 150524405 150524405 + 7 -91479 1_internal_18094 1 150379616 150432926 163 167.632 0.997759 7.26068 0.00651521 0.206866 0.0497512 0.0416484
ENSG00000237781.1 1 150530949 150530949 - 7 307847 1_internal_20573 1 150216609 150223102 163 151.268 0.985434 5.81563 0.120288 0.118722 0.58209 0.574752
ENSG00000203804.3 1 150533969 150533969 - 7 101043 1_internal_18094 1 150379616 150432926 163 153.067 1.01409 7.02629 0.119256 0.123026 0.631841 0.621879
ENSG00000264508.1 1 150539336 150539336 - 7 106410 1_internal_18094 1 150379616 150432926 163 155.025 1.05827 7.42196 0.0313495 0.168051 0.238806 0.214055
ENSG00000264584.1 1 150541745 150541745 - 7 108819 1_internal_18094 1 150379616 150432926 163 160.214 1.03851 6.78998 0.119365 0.122947 0.59204 0.572077
ENSG00000143384.8 1 150552066 150552066 - 7 -466148 1_internal_16213 1 151018214 151140936 163 148.769 1.05164 5.9884 0.0150687 0.190211 0.0895522 0.101349
ENSG00000253047.1 1 150573135 150573135 - 7 363717 1_internal_16205 1 149782382 150209418 163 155.901 1.13721 7.19986 0.142547 -0.115076 0.651741 0.643528
ENSG00000143420.12 1 150602088 150602088 - 7 169162 1_internal_18094 1 150379616 150432926 163 147.814 1.00009 6.25132 0.0807324 0.13771 0.492537 0.469118
ENSG00000143457.6 1 150669630 150669630 - 6 -348584 1_internal_16213 1 151018214 151140936 163 167.298 1.02209 5.98292 0.00467713 0.224401 0.0199005 0.0225366
ENSG00000206931.1 1 150674342 150674342 + 6 343872 1_internal_16213 1 151018214 151140936 163 206.774 1.00004 9.10443 0.0463255 0.153576 0.233831 0.204231
ENSG00000143452.11 1 150693364 150693364 - 6 -324850 1_internal_16213 1 151018214 151140936 163 140.381 1.00003 4.34263 0.0148437 0.193873 0.0945274 0.0993284
ENSG00000163131.5 1 150738433 150738433 - 5 305507 1_internal_18094 1 150379616 150432926 163 181.019 1.00004 5.6854 0.011338 0.197425 0.0597015 0.0425077
ENSG00000236713.1 1 150752748 150752748 + 5 -319822 1_internal_18094 1 150379616 150432926 163 152.128 0.999996 4.88618 0.342098 0.0737511 0.915423 0.885972
ENSG00000224690.1 1 150772949 150772949 + 5 245265 1_internal_16213 1 151018214 151140936 163 177.119 0.925888 5.41054 0.0778104 -0.143145 0.313433 0.343166
ENSG00000143387.8 1 150780799 150780799 - 5 557697 1_internal_20573 1 150216609 150223102 163 154.038 0.999992 4.20737 0.130167 0.114794 0.447761 0.473096
ENSG00000143437.15 1 150849244 150849244 - 6 -633534 1_internal_16948 1 151482778 151514646 163 157.747 1.02737 5.97602 0.114235 -0.124854 0.532338 0.522834
ENSG00000224800.1 1 150854159 150854159 - 6 421233 1_internal_18094 1 150379616 150432926 163 143.453 1.10094 6.26441 0.154371 -0.110456 0.696517 0.679922
ENSG00000143379.8 1 150898739 150898739 + 8 584039 1_internal_16948 1 151482778 151514646 163 196.539 0.908352 11.8744 0.0856975 0.135309 0.532338 0.558346
ENSG00000259357.1 1 150937736 150937736 + 8 -728318 1_internal_16205 1 149782382 150209418 163 162.682 0.93025 7.37835 0.0875506 -0.135166 0.477612 0.525516
ENSG00000231073.1 1 150945599 150945599 + 8 842049 1_internal_16835 1 151787648 151790517 163 159.307 0.959314 8.16097 0.0307315 0.167559 0.268657 0.254953
ENSG00000143418.14 1 150947479 150947479 - 8 -926259 1_internal_16677 1 151873738 151898424 163 158.145 1.09893 8.2282 0.111238 0.125936 0.636816 0.600017
ENSG00000143412.5 1 150954493 150954493 + 8 -521567 1_internal_18094 1 150379616 150432926 163 143.325 1.08737 6.40674 0.0863381 0.138752 0.512438 0.479934
ENSG00000143409.11 1 150980851 150980851 - 8 771433 1_internal_16205 1 149782382 150209418 163 157.652 0.953688 7.57813 0.132051 0.119911 0.661692 0.694725
ENSG00000143363.11 1 150980896 150980896 + 8 -771478 1_internal_16205 1 149782382 150209418 163 167.568 0.84087 6.40431 0.0138553 0.193861 0.139303 0.122448
ENSG00000163141.13 1 151009046 151009046 + 9 -799628 1_internal_16205 1 149782382 150209418 163 190.363 0.905902 8.87271 0.436095 0.0589198 0.995025 0.991167
ENSG00000143443.9 1 151020216 151020216 + 9 980744 1_internal_16667 1 152000960 152025075 163 153.927 1.04619 8.61919 0.0106839 -0.201235 0.0945274 0.0954706
ENSG00000213190.2 1 151030234 151030234 + 9 452544 1_internal_16948 1 151482778 151514646 163 174.095 0.957947 9.48277 0.0239678 0.174969 0.19403 0.187038
ENSG00000197622.7 1 151032249 151032249 - 9 -450529 1_internal_16948 1 151482778 151514646 163 154.404 1.0274 8.87303 0.0038197 0.224172 0.0497512 0.0385339
ENSG00000242557.1 1 151042801 151042801 - 9 0 1_internal_16213 1 151018214 151140936 163 171.437 1.1282 10.6345 0.332069 -0.0764099 0.9801 0.978789
ENSG00000143458.7 1 151043054 151043054 + 9 439724 1_internal_16948 1 151482778 151514646 163 177.836 0.99404 9.19978 0.020236 0.184227 0.139303 0.133973
ENSG00000143434.11 1 151119104 151119104 - 9 0 1_internal_16213 1 151018214 151140936 163 171.612 0.989143 9.87938 0.0823643 0.140879 0.537313 0.540362
ENSG00000163154.5 1 151129105 151129105 + 9 353673 1_internal_16948 1 151482778 151514646 163 175.002 1.06781 11.6733 0.248469 0.0926011 0.955224 0.947993
ENSG00000163155.7 1 151138424 151138424 - 9 -649224 1_internal_16835 1 151787648 151790517 163 192.209 0.93834 11.0097 0.187558 0.102617 0.855721 0.85248
ENSG00000163156.6 1 151138498 151138498 + 9 -929080 1_internal_16205 1 149782382 150209418 163 152.43 0.975097 6.74437 0.0124183 0.196478 0.119403 0.107608
ENSG00000163157.9 1 151148760 151148760 - 9 939342 1_internal_16205 1 149782382 150209418 163 154.914 1.01648 8.50026 0.0849132 0.136029 0.552239 0.556801
ENSG00000163159.6 1 151167797 151167797 - 9 -314981 1_internal_16948 1 151482778 151514646 163 189.726 0.994903 12.2562 0.0360728 0.162857 0.263682 0.256922
ENSG00000143398.14 1 151170425 151170425 + 9 703313 1_internal_16677 1 151873738 151898424 163 148.387 1.09012 7.83226 0.0516662 -0.15279 0.378109 0.360428
ENSG00000159352.10 1 151227179 151227179 + 7 255599 1_internal_16948 1 151482778 151514646 163 169.144 0.974038 8.1367 0.00698915 0.212082 0.0497512 0.0521637
ENSG00000143373.13 1 151254094 151254094 + 7 -113158 1_internal_16213 1 151018214 151140936 163 163.446 1.08034 8.93033 0.00476725 0.224214 0.0298507 0.0309986
ENSG00000232671.2 1 151254405 151254405 - 7 -746555 1_internal_16667 1 152000960 152025075 163 195.043 0.933662 9.15838 0.041599 -0.160207 0.243781 0.240599
ENSG00000265753.1 1 151273439 151273439 - 7 132503 1_internal_16213 1 151018214 151140936 163 162.475 1.05247 7.33069 0.0340065 -0.164327 0.223881 0.205337
ENSG00000143393.12 1 151300191 151300191 - 7 -182587 1_internal_16948 1 151482778 151514646 163 146.477 1.06264 6.44792 0.0202795 0.176207 0.154229 0.145609
ENSG00000224645.1 1 151313124 151313124 + 7 474524 1_internal_16835 1 151787648 151790517 163 178.568 0.947258 7.65511 0.306143 0.0795559 0.910448 0.929169
ENSG00000237976.1 1 151319443 151319443 + 7 468205 1_internal_16835 1 151787648 151790517 163 162.65 0.956181 6.86289 0.289705 0.0830765 0.905473 0.911408
ENSG00000143390.13 1 151319833 151319833 - 7 -467815 1_internal_16835 1 151787648 151790517 163 185.572 0.926279 8.03729 0.0484167 0.152209 0.313433 0.282901
ENSG00000159377.6 1 151372010 151372010 + 7 415638 1_internal_16835 1 151787648 151790517 163 207.523 0.952895 10.4429 0.133465 0.117342 0.631841 0.647583
ENSG00000238711.1 1 151411476 151411476 + 7 451557 1_internal_19652 1 151863033 151883050 163 162.156 0.939562 6.47734 0.0168598 -0.189878 0.114428 0.123675
ENSG00000143442.17 1 151431941 151431941 - 7 -355707 1_internal_16835 1 151787648 151790517 163 149.008 1.04103 6.60834 0.306865 0.0800466 0.920398 0.923214
ENSG00000143367.11 1 151512781 151512781 + 6 0 1_internal_16948 1 151482778 151514646 163 143.262 1.00001 5.37311 0.116151 0.123442 0.572139 0.557666
ENSG00000232536.1 1 151512992 151512992 + 6 0 1_internal_16948 1 151482778 151514646 163 157.301 1.09926 6.08386 0.0511917 0.154074 0.273632 0.252066
ENSG00000207606.1 1 151518272 151518272 + 6 355466 1_internal_16677 1 151873738 151898424 163 162.841 0.974803 5.83265 0.00643132 0.215221 0.0447761 0.0406223
ENSG00000223861.1 1 151529922 151529922 + 6 471038 1_internal_16667 1 152000960 152025075 163 142.052 0.999946 4.98876 0.0350145 0.162935 0.179104 0.222175
ENSG00000250734.1 1 151584514 151584514 + 6 -443578 1_internal_16213 1 151018214 151140936 163 168.285 0.984623 6.19462 0.100348 -0.125925 0.487562 0.468278
ENSG00000143376.8 1 151584541 151584541 + 6 289197 1_internal_16677 1 151873738 151898424 163 156.203 0.979918 6.2361 0.142356 0.116014 0.636816 0.647684
ENSG00000206635.1 1 151601800 151601800 + 6 271938 1_internal_16677 1 151873738 151898424 163 143.453 1.00003 5.35999 0.289415 0.084656 0.890547 0.873841
ENSG00000227045.1 1 151673502 151673502 + 6 200236 1_internal_16677 1 151873738 151898424 163 169.526 1.01382 6.34001 0.175807 0.102545 0.691542 0.681828
ENSG00000159409.10 1 151689290 151689290 - 6 174644 1_internal_16948 1 151482778 151514646 163 140.524 1.00007 5.28527 0.0370977 0.164717 0.243781 0.249953
ENSG00000182134.11 1 151763892 151763892 - 6 -99141 1_internal_19652 1 151863033 151883050 163 177.995 0.893102 6.38962 0.157879 -0.10962 0.646766 0.662795
ENSG00000159445.8 1 151882284 151882284 - 6 0 1_internal_19652 1 151863033 151883050 163 194.39 0.963992 6.46393 0.000940709 0.242224 0.00995025 0.00247658
ENSG00000197747.4 1 151966866 151966866 - 6 825930 1_internal_16213 1 151018214 151140936 163 165.483 0.965191 5.66718 0.353864 -0.0717704 0.930348 0.917833
ENSG00000229021.2 1 151967007 151967007 + 6 -83957 1_internal_19652 1 151863033 151883050 163 154.436 1.06069 6.42838 0.0597707 -0.148718 0.363184 0.332118
ENSG00000163191.5 1 152020383 152020383 - 6 137333 1_internal_19652 1 151863033 151883050 163 157.461 1.00204 6.44296 0.607718 0.0381847 1 0.997818
ENSG00000163218.10 1 153321316 153321316 - 7 -5686 1_internal_21506 1 153327002 153377788 163 164.608 1.06372 7.34016 0.0234214 0.180569 0.119403 0.135085
ENSG00000163220.10 1 153330330 153330330 + 7 0 1_internal_21506 1 153327002 153377788 163 180.032 0.891701 7.35175 0.00669867 0.202342 0.0646766 0.0476921
ENSG00000163221.7 1 153348125 153348125 - 7 0 1_internal_21506 1 153327002 153377788 163 149.438 0.999994 5.32616 0.0410886 0.160012 0.21393 0.241271
ENSG00000237008.1 1 153353440 153353440 - 7 40252 1_internal_22533 1 153278806 153313188 163 126.723 1.00005 5.47628 0.348783 -0.0709419 0.950249 0.943837
ENSG00000143546.5 1 153363664 153363664 - 7 0 1_internal_21506 1 153327002 153377788 163 194.709 0.928457 7.9059 0.000490864 0.268296 0.00497512 0.00182799
ENSG00000263841.1 1 153473240 153473240 - 9 95452 1_internal_21506 1 153327002 153377788 163 152.128 1.22396 8.93465 0.0108564 -0.205296 0.0547264 0.0664505
ENSG00000238279.1 1 153506079 153506079 + 9 -192891 1_internal_22533 1 153278806 153313188 163 161.647 0.969787 9.70947 0.0830857 -0.133428 0.60199 0.588514
ENSG00000197956.4 1 153508720 153508720 - 9 130932 1_internal_21506 1 153327002 153377788 163 201.569 0.915386 12.7693 0.0295779 0.165777 0.208955 0.214845
ENSG00000196420.3 1 153514241 153514241 - 9 -311828 1_internal_21557 1 153826069 153833854 163 164.321 0.909236 7.57732 0.104427 0.124928 0.60199 0.602032
ENSG00000188015.5 1 153521848 153521848 - 9 -304221 1_internal_21557 1 153826069 153833854 163 157.731 1.01382 9.46286 0.0652766 0.135008 0.477612 0.489302
ENSG00000196154.7 1 153522612 153522612 - 9 144824 1_internal_21506 1 153327002 153377788 163 140.635 1.23434 9.25062 0.0111219 0.189128 0.0746269 0.0934297
ENSG00000196754.5 1 153540366 153540366 - 9 -838489 1_internal_16381 1 154378855 154445276 163 143.883 1.07351 7.21878 0.131773 -0.114412 0.696517 0.681987
ENSG00000160678.7 1 153600402 153600402 + 9 0 1_internal_16090 1 153588726 153600617 163 160.565 1.02238 9.95429 0.0225724 0.178015 0.208955 0.202933
ENSG00000160679.8 1 153606525 153606525 + 9 772330 1_internal_16381 1 154378855 154445276 163 144.233 1.11098 7.90297 0.0506373 0.158539 0.383085 0.367037
ENSG00000189171.8 1 153606873 153606873 - 9 6256 1_internal_16090 1 153588726 153600617 163 147.018 1.09111 8.51668 0.0180184 0.183742 0.179104 0.160042
ENSG00000233059.1 1 153618305 153618305 - 9 -207764 1_internal_21557 1 153826069 153833854 163 150.918 1.04381 7.19989 0.170116 0.108863 0.771144 0.761348
ENSG00000143553.6 1 153631130 153631130 + 9 -30513 1_internal_16090 1 153588726 153600617 163 167.568 0.985141 8.14601 0.00234339 -0.232371 0.0199005 0.0175701
ENSG00000143621.12 1 153643524 153643524 - 9 42907 1_internal_16090 1 153588726 153600617 163 162.729 0.955898 9.02502 0.000198058 -0.293262 0.00497512 0.00242662
ENSG00000143624.9 1 153700543 153700543 + 9 125526 1_internal_21557 1 153826069 153833854 163 164.56 1.01811 10.6907 0.13442 0.112069 0.771144 0.775926
ENSG00000243613.1 1 153723703 153723703 - 10 345771 1_internal_21499 1 153324731 153377932 163 144.185 1.06572 8.37124 0.447772 -0.056745 0.995025 0.99482
ENSG00000233222.2 1 153724652 153724652 - 10 346720 1_internal_21499 1 153324731 153377932 163 189.79 0.907418 11.4791 0.169217 -0.101078 0.825871 0.84176
ENSG00000238511.1 1 153726703 153726703 - 10 -198925 1_internal_16845 1 153925628 153951305 163 141.909 1.16255 8.52294 0.48608 -0.054762 0.99005 0.997097
ENSG00000143554.9 1 153746830 153746830 + 10 -369042 1_internal_21506 1 153327002 153377788 163 150.043 0.997771 9.89454 0.210673 0.101482 0.945274 0.924814
ENSG00000231827.2 1 153767649 153767649 + 10 -389717 1_internal_21499 1 153324731 153377932 163 167.298 0.979913 9.98945 0.0813177 0.135254 0.577114 0.561882
ENSG00000223599.1 1 153825890 153825890 - 10 448102 1_internal_21506 1 153327002 153377788 163 163.86 0.909313 8.61546 0.0405117 0.160756 0.303483 0.339269
ENSG00000236327.2 1 153863071 153863071 + 10 -485283 1_internal_21506 1 153327002 153377788 163 191 1.05855 13.3469 0.00493662 0.217591 0.0149254 0.0245002
ENSG00000143614.7 1 153895451 153895451 - 10 -810666 1_internal_19254 1 154706117 154709943 163 160.055 1.03052 8.99585 0.149634 -0.113255 0.746269 0.767128
ENSG00000198837.5 1 153919172 153919172 - 11 85318 1_internal_21557 1 153826069 153833854 163 141.909 1.05057 9.12942 0.215306 0.0970071 0.895522 0.919145
ENSG00000160741.11 1 153931101 153931101 - 12 617913 1_internal_22533 1 153278806 153313188 163 173.124 0.986702 12.048 0.0582559 0.153537 0.467662 0.473804
ENSG00000143578.11 1 153940010 153940010 + 12 -562222 1_internal_21506 1 153327002 153377788 163 175.416 0.966271 11.5286 0.0871455 -0.135626 0.59204 0.61234
ENSG00000143570.13 1 153940188 153940188 - 12 562400 1_internal_21506 1 153327002 153377788 163 178.6 0.909268 12.0033 0.208152 0.0996621 0.910448 0.92965
ENSG00000143543.10 1 153950164 153950164 - 12 -422047 1_internal_17023 1 154372211 154451398 163 144.105 1.08168 11.2085 0.177443 0.106045 0.915423 0.91238
ENSG00000143545.4 1 153958834 153958834 - 12 -963733 1_internal_15713 1 154922567 155182920 163 173.124 0.879839 11.0379 0.0239801 0.172048 0.243781 0.25122
ENSG00000177954.7 1 153963235 153963235 + 12 415620 1_internal_16381 1 154378855 154445276 163 158.097 1.0971 10.6499 0.0369615 -0.151079 0.293532 0.308708
ENSG00000231416.1 1 153968108 153968108 + 12 -590176 1_internal_21499 1 153324731 153377932 163 156.203 0.97669 10.3363 0.0551203 0.149749 0.487562 0.486252
ENSG00000143552.5 1 154127592 154127592 - 15 814404 1_internal_22533 1 153278806 153313188 163 162.268 0.90624 13.6631 0.122268 0.117335 0.850746 0.856542
ENSG00000264384.1 1 154139025 154139025 - 15 -770716 1_internal_16984 1 154909741 155152085 163 172.312 0.867965 15.1714 0.023879 0.176422 0.318408 0.329209
ENSG00000143549.14 1 154167124 154167124 - 16 -211731 1_internal_16381 1 154378855 154445276 163 168.715 0.910532 14.9787 0.00643417 0.221092 0.104478 0.103674
ENSG00000163263.6 1 154178809 154178809 - 17 578192 1_internal_16090 1 153588726 153600617 163 162.984 1.01685 13.8869 0.0713146 -0.140637 0.651741 0.635194
ENSG00000143569.14 1 154192655 154192655 + 17 179556 1_internal_17023 1 154372211 154451398 163 171.421 1.03821 21.0262 0.102685 0.129797 0.870647 0.867269
ENSG00000143612.13 1 154193104 154193104 - 17 815316 1_internal_21506 1 153327002 153377788 163 163.557 1.04328 18.8205 0.0422493 0.158303 0.587065 0.533417
ENSG00000252817.1 1 154226921 154226921 + 17 -626304 1_internal_16090 1 153588726 153600617 163 151.03 0.934936 12.8513 0.0359112 0.165454 0.427861 0.466986
ENSG00000201129.1 1 154232203 154232203 + 17 -854271 1_internal_21499 1 153324731 153377932 163 155.662 0.959723 15.5548 0.00638148 0.214154 0.129353 0.125353
ENSG00000143575.10 1 154244987 154244987 + 17 -644370 1_internal_16090 1 153588726 153600617 163 169.128 0.96995 13.9882 0.000372483 0.275289 0.0199005 0.00480973
ENSG00000143515.12 1 154298029 154298029 + 17 -346724 1_internal_16845 1 153925628 153951305 163 167.505 1.00326 17.3357 0.0491872 -0.152173 0.552239 0.55766
ENSG00000160712.8 1 154377669 154377669 + 16 328448 1_internal_19254 1 154706117 154709943 163 172.901 0.884953 14.9511 0.0315841 -0.15758 0.378109 0.391057
ENSG00000228013.1 1 154379040 154379040 - 14 0 1_internal_16381 1 154378855 154445276 163 178.186 0.981644 16.9708 0.000337723 0.284948 0.00497512 0.00338101
ENSG00000228264.1 1 154387613 154387613 - 14 0 1_internal_16381 1 154378855 154445276 163 176.594 1.15413 18.6262 0.00514722 0.214334 0.0298507 0.0397779
ENSG00000169291.5 1 154474589 154474589 - 14 523284 1_internal_16845 1 153925628 153951305 163 160.31 0.960833 13.7788 0.00095392 0.262405 0.0348259 0.0172449
ENSG00000229780.1 1 154526085 154526085 + 14 649904 1_internal_16447 1 155175989 155244383 163 150.966 1.06867 12.6665 0.0433997 0.158834 0.452736 0.459313
