ENSG00000112679.9 6 292097 292097 + 6 0 6_internal_14461 6 250402 343736 163 194.788 1.01584 7.63986 5.67785e-11 0.468404 0.00497512 3.94715e-12
ENSG00000137265.10 6 391739 391739 + 7 -48003 6_internal_14461 6 250402 343736 163 169.733 0.948169 7.00342 0.0206337 0.180393 0.164179 0.136708
ENSG00000230433.1 6 524171 524171 + 8 -21323 6_internal_10617 6 404015 502848 163 157.079 0.990406 7.48191 0.10237 0.129762 0.577114 0.581927
ENSG00000188996.4 6 656963 656963 - 8 313227 6_internal_14461 6 250402 343736 163 163.366 0.947665 7.11392 0.0264831 -0.175911 0.199005 0.192446
ENSG00000219712.1 6 670307 670307 - 8 269936 6_internal_11304 6 395743 400371 163 156.362 1.0873 7.16342 0.166352 -0.104978 0.746269 0.720168
ENSG00000112685.8 6 693117 693117 - 8 -685158 6_internal_10594 6 1378275 1391695 163 139.537 1.04494 6.33235 0.0185617 0.188263 0.164179 0.157006
ENSG00000054598.5 6 1610681 1610681 + 3 160529 6_internal_10017 6 1771210 1774804 163 167.712 1.00003 3.04847 0.177889 0.105564 0.457711 0.436925
ENSG00000112699.6 6 2245926 2245926 - 7 854231 6_internal_10594 6 1378275 1391695 163 192.528 0.876943 7.62264 0.00733982 0.211361 0.0746269 0.0435794
ENSG00000250903.2 6 2245982 2245982 + 7 911105 6_internal_11210 6 3157087 3163897 163 147.751 1.03825 6.54015 0.0366087 -0.161843 0.298507 0.25223
ENSG00000236086.2 6 2341684 2341684 + 8 815403 6_internal_11210 6 3157087 3163897 163 165.817 1.00231 8.28108 0.0111832 -0.202463 0.079602 0.0831778
ENSG00000145949.8 6 2751200 2751200 - 6 -247217 6_internal_11074 6 2998417 3054683 163 164.385 0.993815 5.99702 0.00956187 -0.197368 0.0646766 0.0553628
ENSG00000124535.10 6 2765648 2765648 + 6 551908 6_internal_14607 6 3317556 3457950 163 192.592 0.913139 6.55677 0.128831 0.11892 0.517413 0.534887
ENSG00000021355.8 6 2842240 2842240 - 5 -314847 6_internal_11210 6 3157087 3163897 163 158.543 0.999965 4.90678 0.00731647 0.211245 0.0696517 0.0394486
ENSG00000230438.3 6 2876744 2876744 - 5 0 6_internal_13471 6 2829772 2912422 163 188.453 1.08062 6.61537 0.0103373 0.192632 0.0298507 0.0282486
ENSG00000170542.5 6 2903514 2903514 - 5 0 6_internal_13471 6 2829772 2912422 163 174.095 1.11232 6.20924 5.32058e-06 0.351326 0.00497512 4.37703e-06
ENSG00000124570.12 6 2972090 2972090 - 5 0 6_internal_12658 6 2931796 2989818 163 174.541 0.937162 5.79088 4.94048e-10 0.473617 0.00497512 2.68894e-09
ENSG00000244041.2 6 2988201 2988201 + 5 10216 6_internal_11074 6 2998417 3054683 163 153.513 0.99997 5.14424 0.00186682 0.239806 0.0199005 0.0130022
ENSG00000124588.14 6 2988221 2988221 + 5 0 6_internal_12658 6 2931796 2989818 163 171.23 0.999956 4.73849 0.0260503 0.165855 0.109453 0.102416
ENSG00000224846.1 6 2999368 2999368 - 5 9550 6_internal_12658 6 2931796 2989818 163 149.772 1.00004 3.99988 0.0212923 0.180162 0.0895522 0.104836
ENSG00000261015.1 6 3025025 3025025 + 5 132062 6_internal_11210 6 3157087 3163897 163 141.336 1.00001 4.48122 0.00940361 0.191983 0.0696517 0.0681089
ENSG00000137275.8 6 3064092 3064092 + 5 -74274 6_internal_12658 6 2931796 2989818 163 157.683 0.999974 4.17167 0.172925 0.109718 0.59204 0.563299
ENSG00000222248.1 6 3089043 3089043 - 5 -228513 6_internal_14607 6 3317556 3457950 163 142.848 0.999943 4.3372 0.102082 -0.131646 0.427861 0.442389
ENSG00000137274.8 6 3118608 3118608 + 5 198948 6_internal_14607 6 3317556 3457950 163 160.183 1 4.75899 0.141715 0.111604 0.502488 0.526077
ENSG00000180822.7 6 3231637 3231637 + 5 -319215 6_internal_13471 6 2829772 2912422 163 142.402 0.99994 3.77976 0.0324813 0.164018 0.169154 0.162019
ENSG00000137266.10 6 3457256 3457256 - 5 467438 6_internal_12658 6 2931796 2989818 163 176.419 0.999962 5.53385 0.319164 0.0773259 0.840796 0.861048
ENSG00000168994.8 6 3752260 3752260 - 5 588363 6_internal_11210 6 3157087 3163897 163 133.95 1.00003 4.00618 0.0470646 0.156514 0.223881 0.258504
ENSG00000145945.5 6 3849620 3849620 + 6 -859802 6_internal_12658 6 2931796 2989818 163 166.2 1.02204 5.919 0.167622 -0.110071 0.646766 0.643819
ENSG00000145965.5 6 3982909 3982909 + 5 794292 6_internal_11163 6 4777201 4815487 163 188.978 0.973711 6.23984 0.502937 0.0532722 0.9801 0.982025
ENSG00000112739.11 6 4021501 4021501 + 4 -857604 6_internal_11210 6 3157087 3163897 163 165.674 1.00001 3.86801 0.313083 -0.0815347 0.751244 0.760789
ENSG00000145975.8 6 4087578 4087578 - 3 923681 6_internal_11210 6 3157087 3163897 163 163.366 0.99995 2.83721 0.318986 -0.0784423 0.696517 0.66303
ENSG00000198721.8 6 4135831 4135831 - 3 677881 6_internal_14607 6 3317556 3457950 163 159.546 0.999969 2.99874 0.354518 0.0740958 0.716418 0.737329
ENSG00000153046.12 6 4706345 4706345 + 3 70856 6_internal_11163 6 4777201 4815487 163 177.645 0.999997 3.10138 0.000109255 0.290597 0.00497512 0.000166025
ENSG00000214113.5 6 5261172 5261172 - 6 -718333 6_internal_10800 6 5979505 5991501 163 159.275 1.00002 5.61166 0.0144892 0.190707 0.114428 0.0847659
ENSG00000145982.6 6 5261584 5261584 + 6 -446097 6_internal_11163 6 4777201 4815487 163 163.573 1.02189 6.00384 0.30709 -0.0769586 0.870647 0.884914
ENSG00000124785.4 6 6007200 6007200 - 7 15699 6_internal_10800 6 5979505 5991501 163 158.543 0.999962 5.24836 3.03137e-26 0.712098 0.00497512 7.54021e-25
ENSG00000124491.10 6 6321246 6321246 - 12 -787899 6_internal_10668 6 7109145 7174740 163 190.188 1.08561 19.283 0.0338801 0.166868 0.283582 0.308718
ENSG00000218868.1 6 6534930 6534930 + 12 21252 6_internal_16059 6 6556182 6860038 163 175.639 0.898502 12.9511 0.0145756 0.185254 0.179104 0.171965
ENSG00000112799.3 6 6588341 6588341 + 12 462700 6_internal_10645 6 7051041 7089185 163 158.623 1.0678 11.6375 0.0942912 -0.132068 0.666667 0.677054
ENSG00000216863.4 6 6622977 6622977 - 12 0 6_internal_16059 6 6556182 6860038 163 144.042 1.05235 8.70906 0.00441866 0.210927 0.0497512 0.053621
ENSG00000261211.1 6 6683866 6683866 - 12 0 6_internal_16059 6 6556182 6860038 163 155.407 0.899567 8.92467 0.146195 0.115916 0.80597 0.809332
ENSG00000226281.1 6 6692977 6692977 + 12 -701476 6_internal_10800 6 5979505 5991501 163 170.068 0.937962 12.9636 0.073199 -0.140074 0.636816 0.621664
ENSG00000124782.14 6 7107830 7107830 + 7 0 6_internal_10565 6 7106224 7157261 163 210.881 0.891724 8.34546 0.000173556 0.283076 0.00995025 0.000431064
ENSG00000225092.2 6 7183316 7183316 + 7 -26055 6_internal_10565 6 7106224 7157261 163 159.196 0.962407 7.04918 0.0373904 0.166155 0.288557 0.264544
ENSG00000238221.1 6 7276264 7276264 + 7 -187079 6_internal_10645 6 7051041 7089185 163 140.221 1.07156 6.11499 0.0533804 -0.150671 0.333333 0.33989
ENSG00000124783.8 6 7347679 7347679 - 7 258494 6_internal_10645 6 7051041 7089185 163 176.546 0.862344 6.27837 0.0187188 -0.182654 0.134328 0.126817
ENSG00000124784.4 6 7389729 7389729 + 7 -300544 6_internal_10645 6 7051041 7089185 163 179.539 1.01098 9.18984 0.0487332 -0.156141 0.298507 0.2984
ENSG00000168566.10 6 7590432 7590432 + 7 -730394 6_internal_16059 6 6556182 6860038 163 156.314 1.08192 7.49457 0.0256663 0.173289 0.149254 0.168119
ENSG00000153162.8 6 7727030 7727030 + 7 -637845 6_internal_10645 6 7051041 7089185 163 168.412 1.05043 8.0266 0.293605 -0.0812831 0.925373 0.926974
ENSG00000239264.2 6 8026646 8026646 - 5 937461 6_internal_10645 6 7051041 7089185 163 136.863 1.00006 3.93457 0.150267 -0.11094 0.557214 0.558342
ENSG00000259040.1 6 8064597 8064597 - 5 975412 6_internal_10645 6 7051041 7089185 163 158.559 1.00001 4.87058 0.199826 -0.0975126 0.666667 0.675026
ENSG00000188428.12 6 8064647 8064647 - 5 824226 6_internal_12179 6 7231245 7240421 163 180.446 1.00002 5.33173 0.368046 0.0710983 0.895522 0.893959
ENSG00000265818.1 6 8102763 8102763 - 4 945502 6_internal_10565 6 7106224 7157261 163 161.504 1.00002 3.75386 0.343622 -0.0751657 0.80597 0.796727
ENSG00000124802.7 6 8102811 8102811 - 4 945550 6_internal_10565 6 7106224 7157261 163 170.29 1 4.11517 0.360873 -0.0729411 0.845771 0.830474
ENSG00000124786.8 6 8435794 8435794 - 0 NA NA NA NA NA NA NA NA NA NA NA NA NA
ENSG00000111846.11 6 10492456 10492456 + 6 35374 6_internal_11082 6 10527830 10562877 163 177.724 0.936097 5.82956 1.56047e-14 0.5176 0.00497512 4.97964e-14
ENSG00000111845.4 6 10694928 10694928 + 6 529609 6_internal_11309 6 11224537 11234306 163 171.771 0.969299 6.56348 0.130727 -0.116451 0.547264 0.58383
ENSG00000111843.9 6 10723148 10723148 + 7 0 6_internal_11856 6 10695266 10750718 163 165.085 0.975986 6.61353 0.254763 0.0873026 0.825871 0.858223
ENSG00000137210.7 6 10747973 10747973 + 7 134003 6_internal_10676 6 10881976 10888225 163 161.758 1.08604 7.78358 0.00216923 0.244866 0.0149254 0.0119048
ENSG00000153157.8 6 10748027 10748027 + 7 133949 6_internal_10676 6 10881976 10888225 163 154.372 1.10693 6.69089 0.0890625 0.130416 0.467662 0.450781
ENSG00000222383.1 6 10753159 10753159 - 7 153454 6_internal_13932 6 10531158 10599705 163 153.561 1.03797 6.70703 0.310928 0.0785494 0.925373 0.92411
ENSG00000111837.7 6 10838764 10838764 - 7 -43212 6_internal_10676 6 10881976 10888225 163 137.261 1.15258 6.9886 0.00925508 0.207923 0.0845771 0.0764082
ENSG00000224531.3 6 11094039 11094039 + 10 -494334 6_internal_13932 6 10531158 10599705 163 148.483 1.0599 9.71888 0.090488 0.133426 0.641791 0.640701
ENSG00000244476.2 6 11111965 11111965 - 10 -945250 6_internal_10977 6 12057215 12129362 163 167.903 0.871112 7.76907 0.121819 -0.125606 0.641791 0.671691
ENSG00000247925.2 6 11173685 11173685 + 11 143916 6_internal_13620 6 11317601 11334365 163 166.995 0.982942 11.2095 0.0642398 0.143129 0.542289 0.514458
ENSG00000111859.12 6 11382581 11382581 - 11 -324574 6_internal_14457 6 11707155 11733902 163 166.152 0.963239 10.5732 0.0872243 -0.1363 0.61194 0.621347
ENSG00000205269.4 6 11537938 11537938 + 11 575714 6_internal_13382 6 12113652 12236356 163 161.09 1.00563 10.938 0.206102 0.100778 0.915423 0.922075
ENSG00000229896.1 6 12007903 12007903 + 7 -773597 6_internal_11309 6 11224537 11234306 163 144.28 1.10398 6.4454 0.0194449 -0.187102 0.159204 0.133843
ENSG00000095951.12 6 12008995 12008995 + 7 39785 6_internal_12726 6 12048780 12062035 163 149.836 0.999967 5.37831 0.000203573 0.290551 0.00497512 0.00198649
ENSG00000078401.6 6 12290596 12290596 + 7 -556694 6_internal_14457 6 11707155 11733902 163 170.863 1.02897 8.03395 0.096061 0.131335 0.502488 0.511326
ENSG00000112137.11 6 12717893 12717893 + 9 497554 6_internal_10915 6 13215447 13305924 163 144.471 1.04035 6.73615 1.27585e-08 0.430471 0.00497512 3.17881e-07
ENSG00000206702.1 6 13214288 13214288 + 6 168887 6_internal_15089 6 13383175 13488620 163 162.172 0.989304 5.59635 0.0533701 0.153542 0.318408 0.271556
ENSG00000215022.2 6 13283673 13283673 - 5 0 6_internal_10915 6 13215447 13305924 163 159.355 1.00005 4.63121 2.90222e-08 0.42196 0.00497512 1.91698e-07
ENSG00000145979.12 6 13328776 13328776 - 5 22852 6_internal_10915 6 13215447 13305924 163 174.143 1.00005 5.29792 4.31425e-08 0.409548 0.00497512 7.9132e-08
ENSG00000187461.5 6 13486415 13486415 - 5 0 6_internal_15089 6 13383175 13488620 163 159.928 0.999999 4.49755 0.000368022 0.277181 0.00995025 0.00188052
ENSG00000237786.1 6 13486526 13486526 + 5 0 6_internal_15089 6 13383175 13488620 163 164.258 0.999958 5.30827 0.0982465 0.131791 0.402985 0.418058
ENSG00000145990.5 6 13487787 13487787 - 5 0 6_internal_15089 6 13383175 13488620 163 169.495 1.00263 5.50977 8.76282e-05 0.29913 0.00497512 0.000341217
ENSG00000124523.9 6 13574826 13574826 + 5 149310 6_internal_10691 6 13724136 13764570 163 167.505 1.00004 4.73612 0.073805 0.143996 0.273632 0.290555
ENSG00000261071.1 6 13615387 13615387 - 5 -97053 6_internal_11158 6 13712440 13716498 163 164.624 1 5.20007 0.123832 -0.118381 0.492537 0.491555
ENSG00000225921.2 6 13615559 13615559 + 5 -309635 6_internal_10915 6 13215447 13305924 163 135.287 0.999958 4.65429 0.114968 -0.116513 0.537313 0.533559
ENSG00000268059.1 6 13621126 13621126 - 6 315202 6_internal_10915 6 13215447 13305924 163 155.216 1.03755 5.68597 0.111631 -0.120306 0.487562 0.501646
ENSG00000252966.1 6 13680312 13680312 + 6 32128 6_internal_11158 6 13712440 13716498 163 147.162 1.00004 4.67329 0.077381 0.136289 0.363184 0.367526
ENSG00000010017.9 6 13711796 13711796 - 6 5936 6_internal_14963 6 13634656 13705860 163 155.487 1.01557 5.85842 0.0140388 0.189515 0.0895522 0.0887741
ENSG00000050393.6 6 13814800 13814800 - 6 -806155 6_internal_15683 6 14620955 14786031 163 164.496 0.940147 6.20289 0.0131877 0.191342 0.0895522 0.0910705
ENSG00000112149.5 6 14117872 14117872 + 7 746031 6_internal_12415 6 14863903 14886591 163 179.778 0.947216 6.76542 0.0220722 0.180219 0.114428 0.119821
ENSG00000008083.9 6 15246527 15246527 + 6 2423 6_internal_10134 6 15248950 15394038 163 156.569 0.999986 4.52772 3.76563e-08 0.406436 0.00497512 3.16334e-07
ENSG00000235488.1 6 15248865 15248865 - 6 -85 6_internal_10134 6 15248950 15394038 163 173.506 1.0571 5.98304 0.00566913 0.218482 0.0149254 0.0202929
ENSG00000201367.1 6 15315151 15315151 + 6 81870 6_internal_10343 6 15397021 15450254 163 167.441 1.05535 6.43797 0.00292036 0.234808 0.00995025 0.0127693
ENSG00000201519.1 6 15324703 15324703 - 7 -72318 6_internal_10343 6 15397021 15450254 163 152.494 0.999983 5.1755 0.0236638 0.178188 0.149254 0.139707
ENSG00000047579.14 6 15663289 15663289 - 7 0 6_internal_10333 6 15661963 16764163 163 168.38 1.01604 6.71791 0.0027314 0.237593 0.0149254 0.0144112
ENSG00000007944.10 6 16129356 16129356 + 6 539709 6_internal_14985 6 16669065 16715307 163 164.942 0.999975 4.78329 0.0574977 0.144912 0.268657 0.241041
ENSG00000263712.1 6 16141787 16141787 + 6 527278 6_internal_14985 6 16669065 16715307 163 180.558 0.974801 5.51739 0.135911 0.116814 0.512438 0.506613
ENSG00000251793.1 6 16148676 16148676 - 6 0 6_internal_10333 6 15661963 16764163 163 128.251 0.999994 4.00316 0.0412371 -0.161533 0.238806 0.253176
ENSG00000218073.1 6 16161157 16161157 + 6 507908 6_internal_14985 6 16669065 16715307 163 165.324 1.00004 4.82099 0.0482897 0.151172 0.189055 0.20596
ENSG00000217078.1 6 16163993 16163993 - 6 -505072 6_internal_14985 6 16669065 16715307 163 124.765 0.999934 4.02656 0.0969657 0.129574 0.457711 0.472013
ENSG00000216364.1 6 16171837 16171837 + 6 146738 6_internal_16119 6 16318575 16764984 163 170.545 1.0404 5.69909 0.308441 0.0810902 0.840796 0.858285
ENSG00000137198.5 6 16238811 16238811 + 6 79764 6_internal_16119 6 16318575 16764984 163 170.895 1.00001 5.40088 0.0190217 0.184858 0.0845771 0.0850964
ENSG00000265642.1 6 16428754 16428754 - 5 0 6_internal_16119 6 16318575 16764984 163 183.662 1.00001 4.91686 0.0364675 0.155116 0.134328 0.123144
ENSG00000229931.1 6 16761369 16761369 + 3 -46062 6_internal_14985 6 16669065 16715307 163 158.766 0.999985 2.91539 0.0154315 0.192166 0.039801 0.0482911
ENSG00000215019.1 6 16761721 16761721 - 3 0 6_internal_10333 6 15661963 16764163 163 149.947 1.00003 2.97796 0.00257032 0.234766 0.0298507 0.0113795
ENSG00000124788.12 6 16761722 16761722 - 3 0 6_internal_16119 6 16318575 16764984 163 182.77 1.00001 4.026 0.00997152 0.200476 0.0497512 0.0253255
ENSG00000137414.5 6 17600586 17600586 + 5 -885279 6_internal_14985 6 16669065 16715307 163 154.261 1.00004 4.76699 0.016673 0.187371 0.104478 0.0912793
ENSG00000206881.1 6 17619764 17619764 + 5 -854780 6_internal_16119 6 16318575 16764984 163 157.015 0.999988 4.93494 0.00588512 -0.219924 0.0497512 0.0334653
ENSG00000124789.7 6 17706656 17706656 - 5 941672 6_internal_16119 6 16318575 16764984 163 158.782 0.999996 4.51651 0.236129 0.0931739 0.721393 0.714419
ENSG00000217340.1 6 17882609 17882609 - 2 -558639 6_internal_11330 6 18441248 18445545 163 125.163 1.00005 1.96536 0.13217 0.115405 0.348259 0.334675
ENSG00000203518.1 6 17894075 17894075 + 2 254349 6_internal_12690 6 18148424 18151418 163 161.042 0.999977 1.89759 0.26186 -0.0871725 0.452736 0.442125
ENSG00000220920.1 6 17953803 17953803 + 2 487445 6_internal_11330 6 18441248 18445545 163 172.376 0.999971 1.85626 0.237337 0.091759 0.383085 0.375868
ENSG00000137177.13 6 17987854 17987854 - 2 -160570 6_internal_12690 6 18148424 18151418 163 190.267 1.00002 2.22668 0.0155223 -0.183428 0.0348259 0.0197508
ENSG00000137364.4 6 18155305 18155305 - 2 3887 6_internal_12690 6 18148424 18151418 163 155.821 0.999989 1.95403 0.0171667 0.189416 0.0348259 0.0383495
ENSG00000165097.8 6 18155560 18155560 + 2 285688 6_internal_11330 6 18441248 18445545 163 154.85 0.99997 2.15007 0.0955873 -0.128744 0.154229 0.210907
ENSG00000124795.10 6 18265054 18265054 - 2 -176194 6_internal_11330 6 18441248 18445545 163 162.379 0.999953 2.14124 0.796275 0.0207445 0.975124 0.966984
ENSG00000137393.8 6 18368779 18368779 + 2 72469 6_internal_11330 6 18441248 18445545 163 155.964 0.999979 2.18884 0.00607414 0.21267 0.0298507 0.01587
ENSG00000229700.1 6 20043171 20043171 - 2 -123196 6_internal_12474 6 20166367 20214543 163 188.246 0.999986 2.04479 0.271997 0.0862071 0.427861 0.425944
ENSG00000227803.1 6 20212318 20212318 + 2 0 6_internal_12474 6 20166367 20214543 163 173.761 0.999977 2.08857 0.0449596 0.156396 0.0497512 0.0785706
ENSG00000172197.9 6 20212670 20212670 - 2 0 6_internal_12474 6 20166367 20214543 163 188.883 1.00003 2.11085 1.09885e-05 0.336789 0.00497512 4.64626e-06
ENSG00000112242.10 6 20402398 20402398 + 2 1796 6_internal_15029 6 20404194 20476828 163 152.972 1.00001 1.89038 7.58349e-07 0.368422 0.00497512 3.14061e-06
ENSG00000240869.2 6 20422118 20422118 - 2 0 6_internal_15029 6 20404194 20476828 163 152.478 0.999966 1.77983 0.382034 0.0695825 0.58209 0.594644
ENSG00000252949.1 6 20422549 20422549 + 2 0 6_internal_15029 6 20404194 20476828 163 158.272 1.00002 1.81004 0.0511662 0.152247 0.0845771 0.0967475
ENSG00000224707.1 6 20438052 20438052 + 2 0 6_internal_15029 6 20404194 20476828 163 162.507 0.999985 1.89162 0.000187517 0.278526 0.00497512 0.00036281
ENSG00000222431.1 6 20452704 20452704 - 2 0 6_internal_15029 6 20404194 20476828 163 138.948 0.999989 1.90742 0.318722 0.0780852 0.567164 0.569804
ENSG00000201683.1 6 20500406 20500406 + 2 -285863 6_internal_12474 6 20166367 20214543 163 170.131 1 2.06009 0.616888 0.0384006 0.870647 0.855708
ENSG00000145996.7 6 20534688 20534688 + 2 -57860 6_internal_15029 6 20404194 20476828 163 168.874 1.00001 2.14019 0.0682509 0.139063 0.109453 0.130901
ENSG00000124766.4 6 21593972 21593972 + 4 237855 6_internal_12876 6 21831827 22148366 163 181.019 0.999994 3.63912 3.15918e-08 0.42142 0.00497512 2.00483e-08
ENSG00000124532.9 6 24403153 24403153 + 9 310868 6_internal_10538 6 24714021 28910013 163 167.728 0.945647 7.88012 0.0522106 0.15293 0.378109 0.351998
ENSG00000112294.8 6 24495080 24495080 + 9 247747 6_internal_14655 6 24742827 24750939 163 168.412 0.993262 9.10005 0.0330569 0.167492 0.278607 0.246813
ENSG00000112293.9 6 24495433 24495433 - 9 -306796 6_internal_12973 6 24802229 24830235 163 189.344 0.918834 10.752 0.161606 -0.110021 0.78607 0.804054
ENSG00000218186.2 6 24598240 24598240 + 9 426948 6_internal_15397 6 25025188 25059607 163 154.197 1.01588 7.22063 0.107435 0.128134 0.606965 0.587487
ENSG00000137261.9 6 24646383 24646383 - 9 -378805 6_internal_15397 6 25025188 25059607 163 172.662 0.946359 8.94039 0.080673 0.138111 0.522388 0.51363
ENSG00000111802.9 6 24667261 24667261 - 9 -631007 6_internal_12297 6 25298268 25490659 163 171.07 0.910667 8.20271 0.0598267 -0.147693 0.373134 0.408357
ENSG00000112304.5 6 24667263 24667263 + 9 75564 6_internal_14655 6 24742827 24750939 163 180.701 0.966955 9.75811 0.0389387 0.155687 0.263682 0.269154
ENSG00000112308.7 6 24721064 24721064 - 9 -577204 6_internal_12297 6 25298268 25490659 163 155.901 1.05538 7.31792 0.0554003 0.147838 0.313433 0.343983
ENSG00000112312.5 6 24775159 24775159 + 9 -24220 6_internal_14655 6 24742827 24750939 163 157.604 1.03098 9.10472 1.1801e-05 0.337331 0.00497512 0.000112909
ENSG00000260286.1 6 24799117 24799117 - 9 -169488 6_internal_10143 6 24968605 25001179 163 158.67 1.03285 9.03383 0.141853 0.117151 0.741294 0.752528
ENSG00000263391.1 6 24840293 24840293 - 9 89354 6_internal_14655 6 24742827 24750939 163 166.184 0.990448 10.4004 0.157842 -0.104957 0.860697 0.826425
ENSG00000217083.1 6 24948108 24948108 + 9 -117873 6_internal_12973 6 24802229 24830235 163 174.445 0.97218 10.0302 0.100621 0.128596 0.616915 0.620919
ENSG00000214975.4 6 24976647 24976647 + 10 -10819 6_internal_9964 6 24853835 24965828 163 158.877 0.981475 8.923 0.109391 0.125425 0.671642 0.667697
ENSG00000220517.2 6 25024711 25024711 - 10 0 6_internal_10344 6 25002043 25028498 163 145.172 0.97583 9.64342 0.141891 -0.11782 0.81592 0.831942
ENSG00000244618.2 6 25031510 25031510 - 11 0 6_internal_10538 6 24714021 28910013 163 157.126 0.979915 12.0562 0.0811611 0.138815 0.696517 0.673599
ENSG00000111913.11 6 25042238 25042238 - 11 76410 6_internal_9964 6 24853835 24965828 163 134.921 1.10679 8.04821 0.215054 0.0938339 0.905473 0.894806
ENSG00000219682.3 6 25140212 25140212 + 13 985542 6_internal_12013 6 26125754 26166581 163 179.109 1.02375 16.3077 0.0564205 -0.146852 0.547264 0.520983
ENSG00000168405.9 6 25218698 25218698 - 15 -114252 6_internal_11964 6 25332950 25371098 163 197.717 0.915017 20.1207 0.0894047 -0.131675 0.741294 0.750565
ENSG00000079691.14 6 25279306 25279306 + 15 53644 6_internal_11964 6 25332950 25371098 163 153.672 0.974512 11.6349 0.0117305 0.191944 0.179104 0.164396
ENSG00000112343.7 6 25963030 25963030 + 24 960921 6_internal_10256 6 26923951 26988212 163 166.104 0.967137 20.2724 0.0201425 -0.182871 0.333333 0.337605
ENSG00000198366.5 6 26020718 26020718 + 22 0 6_internal_10538 6 24714021 28910013 163 141.574 0.99166 15.1697 1.63318e-08 0.419053 0.00497512 2.42378e-06
ENSG00000196176.7 6 26021907 26021907 + 22 0 6_internal_10538 6 24714021 28910013 163 177.533 0.953403 24.3304 7.1012e-06 0.331163 0.00497512 0.000107381
ENSG00000124529.3 6 26027480 26027480 - 22 0 6_internal_10538 6 24714021 28910013 163 158.989 1.01472 17.056 7.06882e-10 0.455405 0.00497512 1.49297e-08
ENSG00000124693.2 6 26032288 26032288 - 21 -539625 6_internal_10253 6 26571913 27864805 163 160.708 1.11702 20.7363 0.135622 0.110523 0.940299 0.943775
ENSG00000137259.2 6 26033796 26033796 - 21 0 6_internal_10538 6 24714021 28910013 163 178.027 0.91831 23.5958 1.71772e-05 0.32272 0.00497512 0.000347805
ENSG00000196226.2 6 26043885 26043885 - 21 -362819 6_internal_13344 6 26406704 26412849 163 162.013 1.00535 18.8132 0.0198496 0.17903 0.348259 0.316699
ENSG00000234816.2 6 26044217 26044217 + 21 0 6_internal_10538 6 24714021 28910013 163 157.874 0.866913 17.4355 0.000355106 0.282624 0.0199005 0.0153366
ENSG00000196532.4 6 26045639 26045639 + 21 41475 6_internal_10793 6 26087114 28807289 163 147.48 1.08458 16.5922 0.0984692 -0.126186 0.860697 0.853128
ENSG00000187837.2 6 26056699 26056699 - 21 0 6_internal_10538 6 24714021 28910013 163 132.438 1.17466 15.857 7.41392e-08 0.406693 0.00497512 2.7528e-06
ENSG00000010704.14 6 26087509 26087509 + 20 38245 6_internal_12013 6 26125754 26166581 163 146.238 1.03568 16.2703 0.00208624 0.229368 0.0646766 0.0501917
ENSG00000197061.3 6 26104104 26104104 + 20 0 6_internal_10538 6 24714021 28910013 163 159.896 1.00251 18.9956 7.14854e-06 0.344323 0.00497512 0.000162312
ENSG00000187475.4 6 26108364 26108364 - 20 -17390 6_internal_12013 6 26125754 26166581 163 156.553 1.02286 18.1961 0.00537021 0.210251 0.114428 0.103458
ENSG00000180596.6 6 26124154 26124154 - 20 0 6_internal_10538 6 24714021 28910013 163 166.836 0.96984 17.1777 0.0132993 0.196308 0.208955 0.202724
ENSG00000180573.7 6 26124373 26124373 + 20 0 6_internal_10538 6 24714021 28910013 163 166.518 0.933772 21.4527 0.00178234 0.240778 0.039801 0.043042
ENSG00000168298.4 6 26156559 26156559 + 21 0 6_internal_10538 6 24714021 28910013 163 172.248 0.898014 20.2108 1.76101e-07 0.395545 0.00497512 6.46291e-06
ENSG00000158373.7 6 26158349 26158349 + 21 0 6_internal_10538 6 24714021 28910013 163 160.803 1.01528 20.0173 3.9915e-08 0.408794 0.00497512 7.93229e-07
ENSG00000217159.2 6 26164300 26164300 + 21 0 6_internal_10538 6 24714021 28910013 163 174.238 0.962559 21.5606 0.000321561 0.257691 0.00995025 0.00534253
ENSG00000197697.3 6 26183958 26183958 + 21 0 6_internal_10538 6 24714021 28910013 163 174.238 0.950301 23.283 3.80732e-05 0.312105 0.00497512 0.000712771
ENSG00000188987.2 6 26189304 26189304 - 21 0 6_internal_10538 6 24714021 28910013 163 158.718 1.01094 19.3583 8.06964e-09 0.433229 0.00497512 2.06667e-07
ENSG00000216331.1 6 26195794 26195794 + 21 0 6_internal_10538 6 24714021 28910013 163 163.398 0.978668 17.2542 1.87873e-07 0.390839 0.00497512 4.13838e-06
ENSG00000196866.2 6 26199471 26199471 - 21 0 6_internal_10538 6 24714021 28910013 163 158.32 1.08211 20.4142 8.22618e-09 0.419921 0.00497512 7.67435e-08
ENSG00000197409.6 6 26199521 26199521 - 21 0 6_internal_10538 6 24714021 28910013 163 151.507 1.00107 15.8785 1.06233e-10 0.471163 0.00497512 7.47881e-09
ENSG00000197846.3 6 26199748 26199748 + 21 0 6_internal_10538 6 24714021 28910013 163 159.418 1.05134 19.9035 2.36712e-05 0.320634 0.00497512 0.000386846
ENSG00000217275.2 6 26202384 26202384 + 21 -35803 6_internal_12013 6 26125754 26166581 163 170.577 1.00827 22.8778 3.5703e-07 0.37347 0.00497512 3.93314e-06
ENSG00000198518.5 6 26204858 26204858 + 21 0 6_internal_10538 6 24714021 28910013 163 167.155 0.878887 17.9082 1.68521e-06 0.357943 0.00497512 8.50534e-05
ENSG00000187990.4 6 26216872 26216872 - 21 0 6_internal_10538 6 24714021 28910013 163 171.357 0.995258 20.5346 0.000210916 0.27817 0.00497512 0.00306008
ENSG00000168274.3 6 26217165 26217165 + 21 0 6_internal_10538 6 24714021 28910013 163 159.291 0.991935 19.6625 0.000107398 0.293615 0.00995025 0.00266246
ENSG00000196966.3 6 26225383 26225383 + 21 0 6_internal_10538 6 24714021 28910013 163 163.764 1.02201 21.366 0.0233214 0.177679 0.39801 0.381209
ENSG00000124575.5 6 26235216 26235216 - 21 0 6_internal_10538 6 24714021 28910013 163 172.041 0.989061 19.4021 4.86101e-05 0.312115 0.00497512 0.000633424
ENSG00000198327.3 6 26240561 26240561 + 21 0 6_internal_10538 6 24714021 28910013 163 169.924 0.881997 18.3987 0.00146332 0.240563 0.0497512 0.0346901
ENSG00000256316.1 6 26250835 26250835 - 21 879737 6_internal_11964 6 25332950 25371098 163 142.482 1.09962 17.2814 0.150183 -0.111046 0.950249 0.95983
ENSG00000197459.2 6 26251879 26251879 + 21 0 6_internal_10538 6 24714021 28910013 163 186.941 0.892987 28.6977 5.89441e-09 0.438177 0.00497512 9.49228e-08
ENSG00000256018.1 6 26271612 26271612 - 21 -278843 6_internal_10822 6 26550455 26555887 163 186.495 0.896324 22.761 0.284506 0.0813708 1 0.998971
ENSG00000168242.3 6 26273144 26273144 + 21 0 6_internal_10538 6 24714021 28910013 163 173.745 0.95264 20.5629 2.35964e-08 0.40548 0.00497512 3.58077e-07
ENSG00000158406.2 6 26285762 26285762 - 21 0 6_internal_10538 6 24714021 28910013 163 178.95 0.945522 24.1467 1.19269e-07 0.393559 0.00497512 1.53942e-06
ENSG00000220875.1 6 26322520 26322520 - 22 -601431 6_internal_10256 6 26923951 26988212 163 179.73 1.04954 28.409 0.0386599 -0.1615 0.557214 0.555367
ENSG00000186470.8 6 26365387 26365387 + 23 0 6_internal_10532 6 26360514 26376122 163 158.766 0.98997 22.5905 2.92732e-06 0.354899 0.00497512 9.81141e-05
ENSG00000215979.1 6 26365780 26365780 - 23 994682 6_internal_11964 6 25332950 25371098 163 183.598 0.974645 25.6353 0.0297568 -0.166287 0.41791 0.432921
ENSG00000124508.12 6 26383324 26383324 + 22 0 6_internal_10793 6 26087114 28807289 163 162.125 0.928418 19.3991 0.000429672 -0.27143 0.0149254 0.0124203
ENSG00000026950.12 6 26402465 26402465 + 22 0 6_internal_10793 6 26087114 28807289 163 154.452 1.02863 18.0698 0.0206508 -0.180761 0.343284 0.345239
ENSG00000124549.9 6 26421619 26421619 + 22 0 6_internal_10793 6 26087114 28807289 163 175.543 0.900409 19.194 0.0117377 -0.196195 0.218905 0.196081
ENSG00000111801.10 6 26440700 26440700 + 22 0 6_internal_10012 6 26363818 26480399 163 192.48 0.926878 29.2665 0.00820168 0.207024 0.134328 0.135191
ENSG00000112763.11 6 26458150 26458150 + 22 -82028 6_internal_10532 6 26360514 26376122 163 145.602 1.0359 16.0821 0.0101695 0.202708 0.20398 0.203668
ENSG00000124557.8 6 26501449 26501449 + 23 422502 6_internal_10256 6 26923951 26988212 163 168.571 0.92098 19.036 0.0984883 0.126184 0.865672 0.862188
ENSG00000228223.1 6 26522076 26522076 + 23 -41677 6_internal_10012 6 26363818 26480399 163 173.108 1.03026 25.3678 0.00356151 0.225403 0.0646766 0.059568
ENSG00000261353.1 6 26527291 26527291 + 23 0 6_internal_10539 6 26520034 28913608 163 162.236 1.04314 19.7255 0.00234004 0.235057 0.0298507 0.0397911
ENSG00000182952.3 6 26538572 26538572 + 23 -162450 6_internal_10532 6 26360514 26376122 163 170.179 0.982563 23.8991 0.00912702 0.195279 0.19403 0.175409
ENSG00000146109.3 6 26597180 26597180 + 23 0 6_internal_10586 6 26595947 30182938 163 198.29 0.901278 27.1676 0.0138174 0.187634 0.248756 0.203446
ENSG00000218346.1 6 26632007 26632007 - 23 0 6_internal_10538 6 24714021 28910013 163 140.014 1.22525 18.5461 0.0170603 0.184275 0.343284 0.300512
ENSG00000233631.1 6 26637008 26637008 - 23 156609 6_internal_10012 6 26363818 26480399 163 151.491 1.09944 19.0791 0.00921567 0.207054 0.18408 0.170425
ENSG00000181315.6 6 26659980 26659980 - 23 209996 6_internal_11129 6 26444659 26449984 163 169.956 0.916074 20.6794 0.0150943 0.185506 0.283582 0.276045
ENSG00000241549.3 6 26924333 26924333 - 23 0 6_internal_10538 6 24714021 28910013 163 159.275 1.06783 21.91 0.00908863 0.204208 0.174129 0.171348
ENSG00000124635.6 6 27100541 27100541 - 23 0 6_internal_10538 6 24714021 28910013 163 156.41 1.05618 19.6275 0.00240918 0.23717 0.0547264 0.0469514
ENSG00000196787.2 6 27100832 27100832 + 23 0 6_internal_10538 6 24714021 28910013 163 146.557 1.00095 18.1687 2.12839e-05 0.328099 0.00497512 0.00100519
ENSG00000198339.3 6 27107076 27107076 + 23 0 6_internal_10538 6 24714021 28910013 163 148.037 1.01728 22.3659 0.00131371 0.249707 0.039801 0.045351
ENSG00000197903.6 6 27114619 27114619 - 23 0 6_internal_10538 6 24714021 28910013 163 146.748 1.05128 16.5636 4.06039e-10 0.461945 0.00497512 2.06407e-08
ENSG00000184825.4 6 27114861 27114861 + 23 0 6_internal_10538 6 24714021 28910013 163 170.068 0.966549 21.2599 0.000944767 0.255915 0.0199005 0.0179711
ENSG00000265565.1 6 27115405 27115405 + 23 0 6_internal_10538 6 24714021 28910013 163 151.475 0.974935 18.3721 0.00713968 0.206335 0.169154 0.170052
ENSG00000096654.11 6 27440897 27440897 - 17 0 6_internal_10240 6 26183079 27859367 163 176.483 0.913251 17.6309 0.0205988 0.184144 0.278607 0.286676
ENSG00000185130.4 6 27775709 27775709 - 13 0 6_internal_10538 6 24714021 28910013 163 165.069 0.942074 11.1414 1.06321e-07 0.392387 0.00497512 2.23834e-06
ENSG00000196747.3 6 27775899 27775899 + 13 0 6_internal_10538 6 24714021 28910013 163 159.514 1.02268 12.8125 5.6878e-12 0.481275 0.00497512 7.2347e-11
ENSG00000203813.4 6 27777842 27777842 + 13 0 6_internal_10538 6 24714021 28910013 163 180.526 0.881072 12.03 6.97046e-14 0.52295 0.00497512 1.59122e-12
ENSG00000182611.3 6 27782607 27782607 - 13 0 6_internal_10539 6 26520034 28913608 163 147.225 0.993757 10.1932 0.19576 0.099286 0.900498 0.920295
ENSG00000196374.5 6 27782822 27782822 + 13 0 6_internal_10538 6 24714021 28910013 163 183.741 0.89281 13.5785 0.0560179 0.149511 0.492537 0.498203
ENSG00000197238.3 6 27791884 27791884 + 13 0 6_internal_10538 6 24714021 28910013 163 152.08 1.08907 12.495 1.92373e-07 0.39768 0.00497512 2.04534e-06
ENSG00000197914.2 6 27799305 27799305 - 13 0 6_internal_10538 6 24714021 28910013 163 173.952 1.01796 15.0706 2.4523e-09 0.429448 0.00497512 7.71727e-09
ENSG00000184348.2 6 27806117 27806117 - 13 0 6_internal_10538 6 24714021 28910013 163 149.868 0.997404 10.0747 3.6882e-11 0.490109 0.00497512 2.39063e-09
ENSG00000233822.2 6 27806323 27806323 + 13 0 6_internal_10538 6 24714021 28910013 163 171.468 0.950899 11.8914 1.49281e-17 0.587852 0.00497512 1.72901e-16
ENSG00000198374.3 6 27833034 27833034 + 13 0 6_internal_10538 6 24714021 28910013 163 158.559 0.932093 9.73582 1.01782e-11 0.476308 0.00497512 8.85629e-10
ENSG00000184357.3 6 27835359 27835359 - 13 0 6_internal_10538 6 24714021 28910013 163 159.116 1.0152 10.6673 0.000486755 0.257419 0.0149254 0.00556819
ENSG00000182572.2 6 27840099 27840099 - 13 0 6_internal_10538 6 24714021 28910013 163 162.586 1.09577 13.4433 6.50287e-07 0.372933 0.00497512 2.85457e-06
ENSG00000198558.2 6 27841289 27841289 - 13 497490 6_internal_10585 6 27300802 27343799 163 142.084 0.996252 10.1878 0.0011419 0.24741 0.0298507 0.0244942
ENSG00000197153.3 6 27860884 27860884 - 13 0 6_internal_10538 6 24714021 28910013 163 148.913 1.13232 13.2156 6.91731e-06 0.32038 0.00497512 7.13835e-05
ENSG00000233224.1 6 27860963 27860963 - 13 0 6_internal_10538 6 24714021 28910013 163 149.677 1.0425 11.1977 2.55933e-07 0.367075 0.00497512 5.31395e-06
ENSG00000196331.5 6 27861203 27861203 + 13 0 6_internal_10538 6 24714021 28910013 163 146.668 0.949028 9.49643 1.71293e-06 0.349932 0.00497512 9.06936e-05
ENSG00000168131.2 6 27880174 27880174 - 13 536375 6_internal_10585 6 27300802 27343799 163 238.085 0.736094 23.6325 0.000534996 0.266261 0.00995025 0.0050031
ENSG00000168126.3 6 27905243 27905243 + 13 0 6_internal_10538 6 24714021 28910013 163 174.732 0.911275 11.4474 0.0126928 0.192611 0.149254 0.134626
ENSG00000124657.1 6 27925019 27925019 + 13 0 6_internal_10538 6 24714021 28910013 163 148.737 1.03251 12.494 0.00243397 0.230159 0.0348259 0.0413852
ENSG00000197279.3 6 28048753 28048753 + 12 42730 6_internal_11383 6 28091483 28110520 163 175.05 0.945879 13.4951 1.13895e-05 0.342696 0.00497512 0.000124419
ENSG00000219392.1 6 28083406 28083406 + 12 8077 6_internal_11383 6 28091483 28110520 163 164.067 1.00824 11.6493 0.0599525 0.143339 0.517413 0.504461
ENSG00000196812.4 6 28092338 28092338 + 12 0 6_internal_11383 6 28091483 28110520 163 157.906 1.01406 11.3254 1.27414e-06 0.360435 0.00497512 1.80848e-05
ENSG00000261839.1 6 28104627 28104627 + 12 -381919 6_internal_12809 6 27470268 27722708 163 156.06 0.985488 10.1267 0.00307414 -0.223093 0.0497512 0.039623
ENSG00000269293.1 6 28105071 28105071 - 12 0 6_internal_11383 6 28091483 28110520 163 174.716 0.957258 11.2281 7.57525e-06 0.333127 0.00497512 6.2633e-05
ENSG00000198315.5 6 28109716 28109716 + 12 0 6_internal_11383 6 28091483 28110520 163 194.438 0.94654 13.861 0.000659589 0.2668 0.00497512 0.00384429
ENSG00000226314.3 6 28129559 28129559 + 12 0 6_internal_10538 6 24714021 28910013 163 156.728 1.04919 10.614 0.0264131 0.17313 0.233831 0.251338
ENSG00000176933.4 6 28186655 28186655 - 11 0 6_internal_10586 6 26595947 30182938 163 148.403 1.02946 8.84845 0.179419 0.10011 0.865672 0.855323
ENSG00000137185.7 6 28192664 28192664 + 11 -82144 6_internal_11383 6 28091483 28110520 163 153.624 1.11357 10.5686 0.0107903 0.200176 0.0845771 0.100726
ENSG00000187626.7 6 28227011 28227011 - 11 116491 6_internal_11383 6 28091483 28110520 163 190.856 0.822656 11.1576 0.00013107 0.28101 0.00995025 0.00165795
ENSG00000189134.3 6 28227098 28227098 + 11 -116578 6_internal_11383 6 28091483 28110520 163 159.641 0.951297 8.98629 0.151641 0.107576 0.791045 0.796366
ENSG00000197062.6 6 28234788 28234788 + 11 -124268 6_internal_11383 6 28091483 28110520 163 187.323 0.962882 13.1441 0.0843465 0.132996 0.60199 0.598591
ENSG00000137338.4 6 28249314 28249314 + 11 -138794 6_internal_11383 6 28091483 28110520 163 155.885 1.03661 11.9224 0.0510531 0.145588 0.492537 0.482525
ENSG00000189298.7 6 28317691 28317691 + 11 -207171 6_internal_11383 6 28091483 28110520 163 187.816 0.920123 11.9506 0.0105279 0.199026 0.0845771 0.0886
ENSG00000235109.3 6 28324048 28324048 - 11 213528 6_internal_11383 6 28091483 28110520 163 180.955 0.919251 10.998 0.0028616 0.227288 0.0298507 0.0259521
ENSG00000224157.1 6 28864307 28864307 + 11 989833 6_internal_10787 6 29854140 29896729 163 160.039 1.00381 11.5407 0.0513612 -0.150472 0.462687 0.468219
ENSG00000212240.1 6 28883422 28883422 + 9 -76133 6_internal_10793 6 26087114 28807289 163 161.042 0.978583 7.54834 0.104524 -0.123212 0.597015 0.582488
ENSG00000204713.6 6 28891766 28891766 - 9 0 6_internal_10539 6 26520034 28913608 163 184.967 1.04568 11.9638 0.00744887 0.213662 0.0597015 0.0436381
ENSG00000204681.5 6 29601753 29601753 - 9 616583 6_internal_15411 6 27356070 28985170 163 153.242 1.02338 8.13347 0.14443 0.112843 0.731343 0.743297
ENSG00000204642.8 6 29690552 29690552 + 9 0 6_internal_14679 6 29673459 29703096 163 149.183 1.02516 7.26416 4.21694e-08 0.419888 0.00497512 8.04676e-07
ENSG00000225864.1 6 29691748 29691748 - 9 0 6_internal_14679 6 29673459 29703096 163 179.141 0.984618 9.9715 4.494e-05 0.317568 0.00497512 0.000215444
ENSG00000239257.1 6 29694916 29694916 - 9 0 6_internal_14679 6 29673459 29703096 163 154.309 0.98434 8.24611 1.04252e-09 0.464248 0.00497512 3.16232e-08
ENSG00000250991.1 6 29716746 29716746 - 10 13650 6_internal_14679 6 29673459 29703096 163 159.339 1.06274 8.56704 9.51199e-16 0.559289 0.00497512 2.27714e-15
ENSG00000214922.3 6 29716826 29716826 - 10 13730 6_internal_14679 6 29673459 29703096 163 188.325 0.88786 11.4025 3.30519e-13 0.543522 0.00497512 1.79584e-12
ENSG00000181126.8 6 29758637 29758637 + 11 -55541 6_internal_14679 6 29673459 29703096 163 138.805 1.10716 8.64275 0.000225471 0.265384 0.0149254 0.0031698
ENSG00000176998.3 6 29760850 29760850 - 11 -656400 6_internal_10502 6 30417250 30435584 163 160.851 1.04636 10.8957 0.00552692 0.211015 0.0447761 0.0534741
ENSG00000204632.7 6 29794744 29794744 + 14 974836 6_internal_10971 6 30769580 30786866 163 144.058 0.976876 10.4083 0.00435253 -0.222412 0.0696517 0.0792471
ENSG00000229142.1 6 29796141 29796141 - 14 -57999 6_internal_10787 6 29854140 29896729 163 155.837 0.934765 12.7894 3.26721e-08 -0.418663 0.00497512 2.13495e-06
ENSG00000206341.6 6 29855350 29855350 + 13 914230 6_internal_10971 6 30769580 30786866 163 156.299 1.07276 11.9187 3.4861e-05 -0.300132 0.00497512 0.000341348
ENSG00000230521.1 6 29856045 29856045 - 13 0 6_internal_10787 6 29854140 29896729 163 168.205 1.01976 11.7221 0.000124646 -0.284981 0.00497512 0.000987256
ENSG00000231130.1 6 29864431 29864431 + 13 0 6_internal_10787 6 29854140 29896729 163 149.247 1.0335 10.8178 2.36568e-05 0.32349 0.00497512 0.000435947
ENSG00000230795.2 6 29894236 29894236 + 14 0 6_internal_10787 6 29854140 29896729 163 172.837 0.927357 12.8967 1.76764e-15 0.537287 0.00497512 3.77723e-14
ENSG00000227262.2 6 29894992 29894992 - 14 0 6_internal_10787 6 29854140 29896729 163 177.501 0.971882 13.4748 1.25727e-11 0.507604 0.00497512 4.23608e-11
ENSG00000206503.7 6 29909037 29909037 + 14 -12308 6_internal_10787 6 29854140 29896729 163 209.289 0.878769 18.8038 1.32124e-14 0.546689 0.00497512 4.67836e-15
ENSG00000227766.1 6 29910844 29910844 - 13 14115 6_internal_10787 6 29854140 29896729 163 142.498 1.02034 9.45278 6.93882e-17 0.592037 0.00497512 3.03108e-14
ENSG00000235290.1 6 29924373 29924373 + 12 -221277 6_internal_14679 6 29673459 29703096 163 160.437 1.08652 11.4925 0.00700434 0.203144 0.0696517 0.0643335
ENSG00000229390.1 6 29940241 29940241 - 12 218386 6_internal_15209 6 29715930 29721855 163 148.499 1.06735 10.3528 0.0024827 0.224206 0.039801 0.0309662
ENSG00000204625.6 6 29942889 29942889 + 12 -221034 6_internal_15209 6 29715930 29721855 163 167.234 0.972924 10.91 1.70861e-05 0.322004 0.00497512 0.000185792
ENSG00000238024.1 6 29960986 29960986 + 12 -64257 6_internal_10787 6 29854140 29896729 163 151.746 0.995061 10.45 0.000504115 -0.263396 0.00995025 0.0084475
ENSG00000204622.6 6 29974360 29974360 + 12 795220 6_internal_10971 6 30769580 30786866 163 159.148 1.00474 11.8257 0.0458873 -0.15363 0.432836 0.442525
ENSG00000237669.1 6 29974893 29974893 - 12 78164 6_internal_10787 6 29854140 29896729 163 173.251 0.960659 10.3384 0.00150261 -0.233721 0.0199005 0.0132724
ENSG00000232757.1 6 29999490 29999490 + 11 770090 6_internal_10971 6 30769580 30786866 163 165.324 0.985439 10.1094 0.0856897 0.13643 0.587065 0.592133
ENSG00000066379.10 6 30026676 30026676 + 11 854544 6_internal_11471 6 30881220 30924576 163 156.076 0.985578 8.84911 0.209837 -0.10119 0.880597 0.891346
ENSG00000204623.4 6 30029417 30029417 - 11 -387833 6_internal_10502 6 30417250 30435584 163 165.037 0.982534 9.27629 0.0346436 -0.161314 0.328358 0.278905
ENSG00000204619.3 6 30034486 30034486 + 11 -137757 6_internal_10787 6 29854140 29896729 163 168.078 0.959701 9.09945 0.000236205 0.288543 0.00995025 0.00224911
ENSG00000204618.4 6 30043664 30043664 - 11 -837556 6_internal_11471 6 30881220 30924576 163 192.767 0.867925 11.8334 0.0438951 -0.165225 0.348259 0.352894
ENSG00000233892.1 6 30156391 30156391 - 12 434536 6_internal_15209 6 29715930 29721855 163 154.595 1.01219 9.09274 0.00591344 0.2103 0.0696517 0.0625038
ENSG00000234127.3 6 30181204 30181204 - 12 -236046 6_internal_10502 6 30417250 30435584 163 165.022 1.0304 12.0574 0.0192013 0.181952 0.18408 0.189731
ENSG00000243753.1 6 30227361 30227361 + 12 542219 6_internal_10971 6 30769580 30786866 163 162.602 1.08529 12.3657 0.00957291 -0.202804 0.0945274 0.0909522
ENSG00000242996.1 6 30293911 30293911 - 13 572056 6_internal_15209 6 29715930 29721855 163 143.437 1.12548 10.355 0.0262624 0.177125 0.278607 0.270301
ENSG00000204599.10 6 30294256 30294256 + 13 811149 6_internal_13374 6 31105405 31126866 163 170.895 0.926413 11.6201 0.177105 -0.104001 0.890547 0.893894
ENSG00000231074.2 6 30294927 30294927 - 13 591831 6_internal_14679 6 29673459 29703096 163 159.769 0.981751 11.4663 0.0731856 -0.142435 0.587065 0.604458
ENSG00000248167.3 6 30297359 30297359 + 13 -594263 6_internal_14679 6 29673459 29703096 163 140.253 1.03469 9.92131 0.141188 -0.113535 0.845771 0.839013
ENSG00000241370.1 6 30312908 30312908 + 13 457695 6_internal_14623 6 30770603 30788658 163 208.35 0.905445 17.8929 0.0488838 -0.154722 0.442786 0.422002
ENSG00000204592.5 6 30457244 30457244 + 14 -754148 6_internal_14679 6 29673459 29703096 163 180.128 0.909453 16.8236 0.052062 0.154939 0.567164 0.550137
ENSG00000235781.1 6 30484043 30484043 + 14 -48459 6_internal_10502 6 30417250 30435584 163 173.028 0.968405 15.0673 0.00332519 -0.225739 0.0497512 0.0413205
