ENSG00000105711.6 19 35521588 35521588 + 10 -12280 19_internal_6532 19 35463493 35509308 163 169.988 0.930082 9.30799 0.00418913 0.223605 0.0348259 0.0412841
ENSG00000267874.1 19 35527238 35527238 + 10 -17930 19_internal_6532 19 35463493 35509308 163 173.267 0.894208 9.51541 0.0203169 0.183448 0.179104 0.187511
ENSG00000105707.9 19 35531410 35531410 + 10 -702975 19_internal_9082 19 34700513 34828435 163 152.176 1.00424 8.56269 0.0559904 0.153657 0.422886 0.434736
ENSG00000089327.9 19 35645633 35645633 + 11 0 19_internal_6031 19 35644259 35708925 163 163.573 1.01315 11.3566 0.000916436 0.255983 0.00995025 0.00950307
ENSG00000105699.10 19 35739233 35739233 + 11 -513155 19_internal_6870 19 35157976 35226078 163 144.328 1.04372 8.64052 0.0780178 0.13256 0.567164 0.568286
ENSG00000268947.1 19 35753749 35753749 + 11 -44824 19_internal_6031 19 35644259 35708925 163 141.145 1.08106 10.4097 0.0598835 0.134383 0.572139 0.544993
ENSG00000105698.10 19 35759881 35759881 + 11 -244409 19_internal_6704 19 35476065 35515472 163 144.631 1.05367 9.70273 0.245291 0.0921564 0.940299 0.950699
ENSG00000105697.3 19 35771619 35771619 + 11 713459 19_internal_7083 19 36485078 36501121 163 176.323 0.887401 11.5673 0.0241941 -0.180329 0.248756 0.247423
ENSG00000012124.10 19 35810164 35810164 + 11 -981729 19_internal_9082 19 34700513 34828435 163 173.57 0.964029 11.8367 0.0816842 0.138772 0.577114 0.604919
ENSG00000267998.1 19 35843326 35843326 + 10 -134401 19_internal_6031 19 35644259 35708925 163 166.741 1.20634 13.4779 0.0291434 -0.162594 0.243781 0.22786
ENSG00000185897.6 19 35849362 35849362 + 10 -340054 19_internal_6532 19 35463493 35509308 163 171.707 0.962679 10.1097 0.152799 0.106465 0.80597 0.79883
ENSG00000126251.5 19 35861831 35861831 + 10 623247 19_internal_7083 19 36485078 36501121 163 166.422 0.884316 8.64552 0.0185798 -0.187387 0.189055 0.182814
ENSG00000268222.1 19 35873074 35873074 + 11 543719 19_internal_6029 19 36416793 36448061 163 167.568 1.05849 12.3504 0.255918 -0.0900559 0.960199 0.967667
ENSG00000205786.3 19 35890433 35890433 + 11 526360 19_internal_6029 19 36416793 36448061 163 172.646 0.98604 10.8329 0.265671 -0.0874524 0.965174 0.958008
ENSG00000264400.1 19 35906051 35906051 - 11 -579027 19_internal_7083 19 36485078 36501121 163 161.918 0.980737 9.59467 0.165032 -0.111153 0.830846 0.830505
ENSG00000233214.1 19 35915554 35915554 - 11 -569524 19_internal_7083 19 36485078 36501121 163 144.503 1.07929 9.50696 0.128647 0.116244 0.771144 0.769851
ENSG00000232680.2 19 35925544 35925544 - 11 216619 19_internal_6031 19 35644259 35708925 163 144.456 1.08358 10.3547 0.0161301 -0.187774 0.20398 0.187082
ENSG00000126262.3 19 35934809 35934809 + 11 257993 19_internal_6590 19 36192802 36208468 163 134.3 0.99922 7.50286 0.0102188 -0.196345 0.144279 0.139439
ENSG00000105677.7 19 36036497 36036497 + 12 -327572 19_internal_6031 19 35644259 35708925 163 145.92 0.978105 8.99395 0.0305957 -0.167809 0.333333 0.322584
ENSG00000249115.3 19 36103646 36103646 + 13 765532 19_internal_6788 19 36869178 37570272 163 152.685 1.01136 12.0284 0.0768282 -0.138564 0.651741 0.660183
ENSG00000126254.7 19 36119932 36119932 + 13 -604460 19_internal_6704 19 35476065 35515472 163 198.943 0.757658 12.1964 0.11068 -0.123081 0.686567 0.730604
ENSG00000105672.10 19 36132647 36132647 + 13 -906569 19_internal_6870 19 35157976 35226078 163 197.717 0.859001 14.3228 0.161498 0.111479 0.890547 0.878831
ENSG00000126267.4 19 36139125 36139125 + 13 -430200 19_internal_6031 19 35644259 35708925 163 168.953 0.904553 12.0004 0.0988401 -0.131619 0.721393 0.725606
ENSG00000011590.9 19 36195429 36195429 + 13 0 19_internal_6296 19 36138496 36249871 163 160.135 1.06886 11.7692 0.0458476 0.159572 0.457711 0.406019
ENSG00000105663.9 19 36208921 36208921 + 13 -693449 19_internal_6704 19 35476065 35515472 163 147.926 1.113 12.5554 0.163301 0.108156 0.935323 0.906709
ENSG00000126246.5 19 36233354 36233354 - 12 -310644 19_internal_5967 19 36543998 37408289 163 156.983 1.01083 9.30453 0.22834 -0.0945547 0.935323 0.917972
ENSG00000205155.2 19 36236015 36236015 + 12 826880 19_internal_6470 19 37062895 38042824 163 170.641 1.0033 11.7266 0.00584957 -0.212572 0.0646766 0.0542741
ENSG00000267120.2 19 36236333 36236333 - 12 -826562 19_internal_6470 19 37062895 38042824 163 183.471 0.91036 12.7279 0.0990572 -0.1271 0.681592 0.690615
ENSG00000161265.9 19 36236346 36236346 - 12 -826549 19_internal_6470 19 37062895 38042824 163 164.544 1.00964 11.5235 0.0763827 -0.137925 0.587065 0.588564
ENSG00000188223.8 19 36236579 36236579 + 12 826316 19_internal_6470 19 37062895 38042824 163 180.271 0.914936 13.0996 0.00452332 -0.219503 0.0447761 0.0496855
ENSG00000267796.2 19 36239262 36239262 + 12 823633 19_internal_6470 19 37062895 38042824 163 227.436 0.936505 23.1453 0.128101 -0.118894 0.840796 0.839774
ENSG00000267439.1 19 36244316 36244316 - 12 -818579 19_internal_6470 19 37062895 38042824 163 161.345 1.07077 13.9657 0.159752 -0.110154 0.895522 0.904616
ENSG00000267328.1 19 36245467 36245467 + 12 773118 19_internal_8992 19 37018585 37998386 163 183.884 0.828684 13.306 0.00776957 0.207799 0.119403 0.103506
ENSG00000004776.7 19 36248980 36248980 - 12 739672 19_internal_6532 19 35463493 35509308 163 173.888 0.900482 13.5611 0.159746 0.112428 0.910448 0.901221
ENSG00000167595.10 19 36249044 36249044 + 12 294954 19_internal_5967 19 36543998 37408289 163 167.759 0.890124 10.3992 0.108749 0.125923 0.711443 0.721829
ENSG00000267049.1 19 36261930 36261930 - 12 -223148 19_internal_7083 19 36485078 36501121 163 152.908 1.0046 10.2747 0.0006315 0.271353 0.0149254 0.00933035
ENSG00000004777.12 19 36265434 36265434 + 12 151359 19_internal_6029 19 36416793 36448061 163 180.462 0.861275 11.9254 0.354635 -0.0736888 1 0.993825
ENSG00000105290.5 19 36358801 36358801 + 12 -108930 19_internal_6296 19 36138496 36249871 163 150.441 1.0646 11.9534 0.0195494 -0.185176 0.218905 0.233532
ENSG00000243968.1 19 36372792 36372792 + 12 645793 19_internal_8992 19 37018585 37998386 163 147.384 0.981084 9.14119 0.254393 0.0902812 0.955224 0.951117
ENSG00000267403.1 19 36378574 36378574 + 12 -170106 19_internal_6590 19 36192802 36208468 163 188.357 0.934811 14.3651 0.0325839 -0.163843 0.273632 0.298815
ENSG00000167604.8 19 36393185 36393185 - 12 184717 19_internal_6590 19 36192802 36208468 163 212.505 0.914062 17.5744 0.017145 -0.193426 0.149254 0.134613
ENSG00000126264.5 19 36393382 36393382 + 12 -884074 19_internal_6532 19 35463493 35509308 163 155.105 1.01543 10.6738 0.0452872 0.158278 0.442786 0.419792
ENSG00000011600.5 19 36399211 36399211 - 12 -619374 19_internal_8992 19 37018585 37998386 163 135.557 1.03462 9.14107 0.0139662 -0.19373 0.199005 0.193609
ENSG00000205138.2 19 36486090 36486090 + 13 -38029 19_internal_6029 19 36416793 36448061 163 154.261 1.04423 11.4606 0.000787137 -0.261737 0.0199005 0.0100715
ENSG00000181392.10 19 36499695 36499695 - 13 -563200 19_internal_6470 19 37062895 38042824 163 170.227 0.928804 13.3501 0.0679033 -0.142988 0.606965 0.607024
ENSG00000248101.2 19 36505137 36505137 - 13 989665 19_internal_6704 19 35476065 35515472 163 156.712 1.04773 13.6744 0.000690058 -0.25682 0.0199005 0.00947475
ENSG00000239382.5 19 36505145 36505145 - 13 989673 19_internal_6704 19 35476065 35515472 163 135.621 1.07491 9.47584 0.000299735 -0.279691 0.00497512 0.00630739
ENSG00000105270.9 19 36524245 36524245 - 11 23124 19_internal_7083 19 36485078 36501121 163 196.157 0.861469 11.2531 0.00856626 -0.196894 0.0895522 0.0699061
ENSG00000161277.7 19 36545664 36545664 - 11 836739 19_internal_6031 19 35644259 35708925 163 161.87 0.89662 8.47198 0.157799 0.109446 0.771144 0.801241
ENSG00000075702.10 19 36545783 36545783 + 11 323395 19_internal_6788 19 36869178 37570272 163 169.558 0.989346 9.75301 0.0836178 0.130113 0.562189 0.550124
ENSG00000105261.5 19 36602104 36602104 + 11 -154043 19_internal_6029 19 36416793 36448061 163 173.888 1.02846 12.2926 0.060808 0.147941 0.482587 0.473198
ENSG00000105254.6 19 36605191 36605191 + 11 263987 19_internal_6788 19 36869178 37570272 163 156.919 0.988172 11.3522 0.192726 -0.103955 0.915423 0.923571
ENSG00000266974.1 19 36605264 36605264 + 11 -157203 19_internal_6029 19 36416793 36448061 163 156.792 0.92558 9.7651 0.0132285 -0.188108 0.174129 0.16393
ENSG00000105258.4 19 36606248 36606248 - 11 -857018 19_internal_6505 19 37463266 37498931 163 185.221 0.887499 11.3834 0.140696 0.115228 0.776119 0.791136
ENSG00000266902.1 19 36618669 36618669 + 11 399916 19_internal_8992 19 37018585 37998386 163 198.083 0.884394 12.4995 0.0646579 0.145382 0.412935 0.469972
ENSG00000126247.5 19 36630477 36630477 + 11 -182416 19_internal_6029 19 36416793 36448061 163 173.108 0.995165 10.6473 0.0414486 0.16036 0.348259 0.322423
ENSG00000161281.6 19 36643771 36643771 - 11 894664 19_internal_7467 19 35711133 35749107 163 149.995 1.10184 10.1684 0.276882 0.0850767 0.965174 0.966489
ENSG00000167635.7 19 36705504 36705504 + 11 163674 19_internal_6788 19 36869178 37570272 163 152.478 1.02645 9.27922 0.00325827 0.233602 0.0597015 0.0367619
ENSG00000196357.7 19 36737159 36737159 - 10 236038 19_internal_7083 19 36485078 36501121 163 168.89 0.964036 9.29511 0.130709 -0.115021 0.731343 0.720662
ENSG00000232677.2 19 36822620 36822620 - 11 -240275 19_internal_6470 19 37062895 38042824 163 173.203 0.99078 10.7689 0.218075 -0.0989618 0.910448 0.915828
ENSG00000142065.9 19 36870101 36870101 - 11 -148484 19_internal_8992 19 37018585 37998386 163 162.475 0.963786 9.58391 7.77659e-11 0.467741 0.00497512 1.72918e-09
ENSG00000186017.10 19 36980804 36980804 - 11 -827024 19_internal_6149 19 37807828 38271151 163 160.517 0.906177 8.11914 0.0431156 0.154319 0.318408 0.355171
ENSG00000254004.2 19 37019562 37019562 - 12 0 19_internal_8992 19 37018585 37998386 163 165.117 1.03688 10.6707 5.44869e-15 0.567827 0.00497512 1.22504e-14
ENSG00000233527.3 19 37063972 37063972 + 12 743856 19_internal_6149 19 37807828 38271151 163 158.654 1.05968 10.7501 4.85569e-06 0.342038 0.00497512 3.85631e-05
ENSG00000186020.8 19 37096178 37096178 - 12 0 19_internal_8992 19 37018585 37998386 163 163.955 0.945321 12.5737 6.2127e-11 0.466397 0.00497512 2.2219e-09
ENSG00000197808.7 19 37157755 37157755 - 12 0 19_internal_8992 19 37018585 37998386 163 172.551 0.965266 10.5236 9.71177e-17 0.595214 0.00497512 4.71793e-16
ENSG00000225975.2 19 37178351 37178351 - 12 0 19_internal_8992 19 37018585 37998386 163 140.205 1.02522 8.79058 5.25274e-06 0.349013 0.00497512 0.000169626
ENSG00000189042.9 19 37178514 37178514 + 12 0 19_internal_8992 19 37018585 37998386 163 167.441 0.997914 10.8298 1.1402e-12 0.507478 0.00497512 6.44913e-12
ENSG00000267041.1 19 37263727 37263727 - 10 0 19_internal_8992 19 37018585 37998386 163 176.371 1.01614 9.14157 2.89504e-10 0.460451 0.00497512 3.49435e-10
ENSG00000251247.5 19 37341263 37341263 + 10 0 19_internal_8992 19 37018585 37998386 163 148.483 0.98651 7.47949 2.38346e-15 0.535636 0.00497512 4.55215e-13
ENSG00000197863.4 19 37341689 37341689 - 10 0 19_internal_8992 19 37018585 37998386 163 155.55 1.11254 8.67176 3.25589e-10 0.446932 0.00497512 8.27367e-10
ENSG00000185869.9 19 37407193 37407193 - 10 0 19_internal_8992 19 37018585 37998386 163 124.67 1.14818 7.12959 3.09657e-05 0.328751 0.00497512 0.000720536
ENSG00000198453.8 19 37407231 37407231 + 10 0 19_internal_8992 19 37018585 37998386 163 152.494 1.03975 7.58882 5.29665e-07 0.379593 0.00497512 5.81428e-06
ENSG00000197050.6 19 37498759 37498759 + 9 0 19_internal_8992 19 37018585 37998386 163 173.394 0.895762 6.66631 8.20942e-09 0.431618 0.00497512 1.21606e-07
ENSG00000196967.5 19 37697976 37697976 - 8 0 19_internal_8992 19 37018585 37998386 163 164.146 0.912772 6.34402 5.48784e-14 0.543352 0.00497512 3.63369e-12
ENSG00000267360.1 19 37701414 37701414 - 8 0 19_internal_8992 19 37018585 37998386 163 147.512 1.00593 5.81782 1.74539e-12 0.508629 0.00497512 9.93863e-11
ENSG00000188283.7 19 37708828 37708828 + 8 0 19_internal_8992 19 37018585 37998386 163 148.976 1.01904 6.39132 1.60148e-19 0.604495 0.00497512 1.7526e-17
ENSG00000245680.5 19 37709055 37709055 - 8 0 19_internal_8992 19 37018585 37998386 163 157.476 0.96604 6.20809 1.60245e-15 0.551673 0.00497512 8.66949e-14
ENSG00000181666.13 19 37803739 37803739 + 8 0 19_internal_8992 19 37018585 37998386 163 175.336 1.0042 7.32472 1.41525e-19 0.625453 0.00497512 3.69711e-20
ENSG00000267682.1 19 37828138 37828138 + 8 0 19_internal_8992 19 37018585 37998386 163 175.496 0.969141 6.03038 1.09461e-12 0.500987 0.00497512 2.15879e-12
ENSG00000189164.10 19 37861963 37861963 + 8 0 19_internal_8992 19 37018585 37998386 163 173.156 0.953077 6.93683 1.14368e-05 0.325891 0.00497512 6.89044e-05
ENSG00000171827.6 19 37958487 37958487 + 8 0 19_internal_8992 19 37018585 37998386 163 174.923 0.98351 6.85847 1.83897e-11 0.486826 0.00497512 3.50606e-11
ENSG00000196437.6 19 37960177 37960177 - 8 0 19_internal_8992 19 37018585 37998386 163 156.633 1.00468 5.94862 1.30151e-07 0.381883 0.00497512 1.27627e-06
ENSG00000188227.8 19 37997841 37997841 + 8 0 19_internal_8992 19 37018585 37998386 163 149.279 0.990787 5.97023 0.00011481 0.30384 0.00497512 0.00142372
ENSG00000267470.1 19 38039816 38039816 + 8 -41430 19_internal_8992 19 37018585 37998386 163 160.278 1.02303 6.87009 1.13404e-17 0.582518 0.00497512 6.21306e-17
ENSG00000180479.9 19 38085673 38085673 - 9 42849 19_internal_6470 19 37062895 38042824 163 154.325 1.04044 7.61116 4.68308e-14 0.535395 0.00497512 5.49238e-13
ENSG00000120784.11 19 38183238 38183238 - 10 0 19_internal_6149 19 37807828 38271151 163 193.817 0.859067 10.6276 1.43359e-06 0.359734 0.00497512 1.07186e-05
ENSG00000198182.7 19 38210691 38210691 - 10 0 19_internal_6149 19 37807828 38271151 163 165.244 0.960333 7.56197 0.000473328 0.269233 0.00995025 0.0041544
ENSG00000267422.1 19 38270326 38270326 + 10 -271940 19_internal_8992 19 37018585 37998386 163 203.75 0.893189 10.3811 0.0329171 0.164296 0.20398 0.205048
ENSG00000189144.8 19 38307940 38307940 - 10 36789 19_internal_6149 19 37807828 38271151 163 176.005 0.934179 8.96866 2.08812e-08 0.427493 0.00497512 1.58712e-07
ENSG00000105738.6 19 38397868 38397868 + 10 739737 19_internal_6438 19 39137605 39191423 163 156.187 0.948801 8.3086 0.114198 0.1264 0.686567 0.681103
ENSG00000268051.1 19 38454493 38454493 + 9 -411669 19_internal_6470 19 37062895 38042824 163 179.077 0.926245 7.84331 0.235179 -0.0926234 0.865672 0.863956
ENSG00000269653.1 19 38675016 38675016 + 7 -403865 19_internal_6149 19 37807828 38271151 163 153.736 1.0251 6.04797 0.0615146 0.147686 0.363184 0.341419
ENSG00000266428.1 19 38690874 38690874 + 7 -603455 19_internal_6911 19 37996468 38087419 163 157.97 0.990938 5.82555 0.267439 0.089075 0.81592 0.848357
ENSG00000167642.7 19 38734675 38734675 + 7 402930 19_internal_6438 19 39137605 39191423 163 166.136 0.992382 5.75338 0.220019 -0.0945078 0.731343 0.755121
ENSG00000267748.1 19 38779804 38779804 + 7 357801 19_internal_6438 19 39137605 39191423 163 161.392 1.03643 5.86025 0.0291194 -0.169879 0.154229 0.150954
ENSG00000167645.12 19 38807913 38807913 - 7 596842 19_internal_7813 19 37802923 38211071 163 149.852 1.03397 5.89077 0.285478 0.0836955 0.875622 0.877537
ENSG00000099337.3 19 38810484 38810484 + 7 -539333 19_internal_6149 19 37807828 38271151 163 177.979 1.01471 6.99119 0.0444879 0.148399 0.233831 0.218706
ENSG00000268913.1 19 38822274 38822274 + 7 -734855 19_internal_6911 19 37996468 38087419 163 158.893 1.04499 5.96469 0.13544 0.115449 0.562189 0.575757
ENSG00000099338.16 19 38826415 38826415 + 7 311190 19_internal_6438 19 39137605 39191423 163 158.288 0.999998 5.45424 0.112293 -0.123603 0.502488 0.494695
ENSG00000238838.1 19 38839750 38839750 - 7 841364 19_internal_8992 19 37018585 37998386 163 152.001 0.982313 5.42129 0.0334156 -0.168247 0.243781 0.205302
ENSG00000099341.6 19 38865176 38865176 + 7 -866790 19_internal_8992 19 37018585 37998386 163 175.687 1.0488 6.81728 0.108984 -0.124699 0.497512 0.475584
ENSG00000267090.1 19 38876162 38876162 + 7 -877776 19_internal_8992 19 37018585 37998386 163 141.431 0.999995 5.26473 0.135743 -0.11919 0.58209 0.612378
ENSG00000179168.10 19 38878722 38878722 - 7 880336 19_internal_8992 19 37018585 37998386 163 159.068 1.00004 5.2902 0.0186888 -0.182892 0.119403 0.102208
ENSG00000188766.7 19 38879061 38879061 + 7 -836237 19_internal_6470 19 37062895 38042824 163 159.084 1.02685 5.82481 0.110497 -0.12987 0.512438 0.496679
ENSG00000130244.8 19 38893775 38893775 + 7 -682704 19_internal_7813 19 37802923 38211071 163 148.005 0.999669 5.51578 0.0258624 0.182748 0.174129 0.172665
ENSG00000171777.11 19 38916945 38916945 - 7 874121 19_internal_6470 19 37062895 38042824 163 149.804 0.99996 5.33507 0.0770127 0.13469 0.412935 0.395684
ENSG00000178982.5 19 39109735 39109735 + 5 27870 19_internal_6438 19 39137605 39191423 163 165.181 0.99995 4.96303 0.30507 -0.078032 0.845771 0.831929
ENSG00000130402.7 19 39138289 39138289 + 5 -867138 19_internal_6149 19 37807828 38271151 163 157.588 0.999989 4.77099 0.0249265 -0.162637 0.144279 0.124412
ENSG00000267375.1 19 39184246 39184246 - 6 973175 19_internal_7813 19 37802923 38211071 163 178.218 1.02372 6.00115 0.368632 -0.0726348 0.915423 0.9196
ENSG00000182472.4 19 39260544 39260544 - 5 989393 19_internal_6149 19 37807828 38271151 163 202.795 0.867597 5.72291 0.076673 -0.136481 0.273632 0.30682
ENSG00000268756.1 19 39310806 39310806 + 4 851845 19_internal_6188 19 40162651 40231323 163 167.903 0.999961 3.42862 0.1809 0.106199 0.467662 0.481776
ENSG00000104823.4 19 39322645 39322645 - 4 -725424 19_internal_6465 19 40048069 40229388 163 158.4 0.99995 3.95259 0.0023497 0.234725 0.00995025 0.0106771
ENSG00000268083.1 19 39330818 39330818 - 4 139395 19_internal_6438 19 39137605 39191423 163 159.737 0.999994 3.77593 0.230273 0.0905659 0.606965 0.636345
ENSG00000269688.1 19 39336139 39336139 - 4 144716 19_internal_6438 19 39137605 39191423 163 182.356 1.00001 4.19097 0.212586 -0.0998601 0.562189 0.580679
ENSG00000104824.10 19 39342987 39342987 - 4 151564 19_internal_6438 19 39137605 39191423 163 176.785 1.00004 4.88274 0.314583 0.0749071 0.830846 0.818416
ENSG00000269050.1 19 39360799 39360799 + 4 687270 19_internal_6465 19 40048069 40229388 163 149.979 1.00004 3.87297 0.399314 -0.0674818 0.885572 0.877807
ENSG00000187994.8 19 39368919 39368919 - 4 -679150 19_internal_6465 19 40048069 40229388 163 169.892 1.00004 4.21921 0.214361 -0.0980792 0.59204 0.619914
ENSG00000104825.12 19 39390340 39390340 + 4 -199553 19_internal_6640 19 39047037 39190787 163 181.274 1.00002 3.81123 0.0279835 0.169089 0.104478 0.0757632
ENSG00000068903.15 19 39390502 39390502 - 4 -772149 19_internal_6188 19 40162651 40231323 163 143.851 0.999952 3.69748 0.152561 -0.113865 0.517413 0.517916
ENSG00000262484.1 19 39402798 39402798 - 4 -645271 19_internal_6465 19 40048069 40229388 163 187.641 0.999985 4.32003 0.383264 -0.0684444 0.825871 0.843909
ENSG00000128626.7 19 39421188 39421188 + 5 -230401 19_internal_6640 19 39047037 39190787 163 145.49 0.999956 4.96517 0.155904 0.10622 0.626866 0.627
ENSG00000130669.13 19 39616410 39616410 + 8 546241 19_internal_6188 19 40162651 40231323 163 158.018 1.10913 8.49852 0.0280893 -0.16891 0.189055 0.190859
ENSG00000183709.7 19 39759154 39759154 + 8 742993 19_internal_6411 19 40502147 40562955 163 143.421 1.09225 6.66099 0.0226629 0.169554 0.169154 0.165399
ENSG00000182393.2 19 39786965 39786965 + 8 626077 19_internal_6770 19 40413042 40470414 163 150.234 1.08891 7.10908 0.0239228 0.178093 0.154229 0.164388
ENSG00000128011.4 19 39805976 39805976 - 8 -242093 19_internal_6465 19 40048069 40229388 163 148.626 1.04636 7.16806 0.131809 -0.116369 0.716418 0.671428
ENSG00000268262.1 19 39811498 39811498 - 8 620711 19_internal_6640 19 39047037 39190787 163 187.721 0.91813 8.8944 0.161492 -0.112156 0.726368 0.747356
ENSG00000269246.1 19 39832585 39832585 - 8 -215484 19_internal_6465 19 40048069 40229388 163 168.746 0.926467 8.36364 0.0691645 -0.133756 0.452736 0.462783
ENSG00000130755.8 19 39833012 39833012 - 8 -580030 19_internal_6770 19 40413042 40470414 163 168.73 1.06726 8.47555 0.0609859 -0.138491 0.338308 0.358931
ENSG00000179134.10 19 39833036 39833036 + 8 215033 19_internal_6465 19 40048069 40229388 163 152.303 1.06407 7.11206 0.0585717 0.140631 0.353234 0.362635
ENSG00000241983.2 19 39859793 39859793 + 8 580424 19_internal_6656 19 40440217 40478671 163 164.894 0.959947 8.24894 0.0661952 -0.141642 0.457711 0.442945
ENSG00000006712.10 19 39881835 39881835 - 8 -558382 19_internal_6656 19 40440217 40478671 163 154.993 1.00778 7.26622 0.0764494 0.13685 0.477612 0.468132
ENSG00000063322.8 19 39881943 39881943 + 8 531099 19_internal_6770 19 40413042 40470414 163 163.748 0.975578 7.55768 0.0628072 0.148157 0.393035 0.396117
ENSG00000128016.4 19 39897453 39897453 + 8 544324 19_internal_7267 19 40441777 40465978 163 174.986 0.974629 7.97905 0.0602562 0.147005 0.378109 0.356288
ENSG00000266559.1 19 39900318 39900318 - 8 -512724 19_internal_6770 19 40413042 40470414 163 162.745 0.954543 8.20184 0.0298008 0.172855 0.223881 0.239533
ENSG00000090924.9 19 39903225 39903225 + 8 509817 19_internal_6770 19 40413042 40470414 163 173.729 1.07132 9.57249 0.108553 0.131405 0.61194 0.596092
ENSG00000105193.4 19 39926588 39926588 - 8 -575559 19_internal_6411 19 40502147 40562955 163 158.654 1.0816 7.84471 0.0850085 -0.134551 0.512438 0.483269
ENSG00000196235.9 19 39926796 39926796 + 8 486246 19_internal_6770 19 40413042 40470414 163 171.516 0.9231 7.54881 0.174198 -0.104433 0.771144 0.765056
ENSG00000213922.1 19 39930212 39930212 + 8 510005 19_internal_6656 19 40440217 40478671 163 161.042 1.0383 8.30791 0.115393 0.125847 0.60199 0.631005
ENSG00000105197.5 19 39971052 39971052 + 8 469165 19_internal_6656 19 40440217 40478671 163 153.306 1.06122 8.1555 0.0483714 -0.151367 0.338308 0.34483
ENSG00000176401.5 19 40023494 40023494 - 8 -389548 19_internal_6770 19 40413042 40470414 163 169.288 0.937421 6.85142 0.0207083 0.179727 0.154229 0.139101
ENSG00000176396.9 19 40030870 40030870 - 8 -409347 19_internal_6656 19 40440217 40478671 163 154.946 1.06624 7.97928 0.0806064 0.135463 0.502488 0.492807
ENSG00000105205.6 19 40228668 40228668 - 6 0 19_internal_6188 19 40162651 40231323 163 177.438 1.00471 7.21543 0.0223791 0.172495 0.114428 0.116077
ENSG00000105204.9 19 40324841 40324841 - 7 -116936 19_internal_7267 19 40441777 40465978 163 148.149 1.10046 6.86001 0.0719749 0.14255 0.432836 0.416358
ENSG00000105202.3 19 40337054 40337054 - 8 -104723 19_internal_7267 19 40441777 40465978 163 162.713 0.978071 7.99987 0.00290029 0.235058 0.0149254 0.0253513
ENSG00000187534.5 19 40449634 40449634 - 10 -878251 19_internal_6063 19 41327885 41628000 163 176.467 0.926481 9.35674 0.143951 0.115062 0.721393 0.749018
ENSG00000013275.3 19 40476912 40476912 + 10 860258 19_internal_6786 19 41337170 41351426 163 142.291 1.0881 9.15708 0.0769582 0.140253 0.606965 0.576259
ENSG00000187187.9 19 40490041 40490041 + 10 12106 19_internal_6411 19 40502147 40562955 163 155.121 1.00577 8.36053 0.0175162 0.182546 0.164179 0.15691
ENSG00000269069.1 19 40531409 40531409 - 10 65431 19_internal_7267 19 40441777 40465978 163 149.724 0.954469 8.99631 0.0233174 0.178004 0.238806 0.257399
ENSG00000128000.11 19 40562116 40562116 - 10 91702 19_internal_6770 19 40413042 40470414 163 150.902 1.0442 8.80306 0.0205109 0.176261 0.199005 0.189009
ENSG00000269296.1 19 40596661 40596661 + 10 731224 19_internal_6063 19 41327885 41628000 163 167.107 0.914949 9.17806 0.0970448 0.133155 0.626866 0.628655
ENSG00000269749.1 19 40596832 40596832 - 10 367444 19_internal_6465 19 40048069 40229388 163 136.13 0.977624 7.07452 0.0526443 -0.152367 0.452736 0.441816
ENSG00000197782.9 19 40596845 40596845 - 10 -719129 19_internal_7932 19 41315974 41338001 163 150.727 1.11958 9.85862 0.0910342 0.128243 0.646766 0.614947
ENSG00000130758.3 19 40697651 40697651 + 11 708045 19_internal_6797 19 41405696 41415315 163 145.06 1.0494 9.60684 0.0647493 -0.143301 0.557214 0.53614
ENSG00000205041.1 19 40781386 40781386 - 11 -534588 19_internal_7932 19 41315974 41338001 163 193.212 0.878146 12.0492 0.375974 0.0701836 0.995025 0.994425
ENSG00000207631.1 19 40788548 40788548 - 11 557225 19_internal_6188 19 40162651 40231323 163 147.798 1.06353 9.62645 0.0290161 0.170079 0.288557 0.281067
ENSG00000105221.11 19 40791443 40791443 - 11 -614253 19_internal_6797 19 41405696 41415315 163 177.294 0.949301 10.4785 0.229208 -0.0944702 0.915423 0.922224
ENSG00000105223.14 19 40854363 40854363 + 11 779109 19_internal_7103 19 41633472 41642902 163 169.558 0.99644 11.4224 0.0169995 -0.183312 0.154229 0.158972
ENSG00000160392.9 19 40854434 40854434 - 11 375763 19_internal_6656 19 40440217 40478671 163 134.841 1.06764 9.3612 0.174597 -0.106815 0.895522 0.887514
ENSG00000197019.4 19 40931932 40931932 - 11 -395953 19_internal_6063 19 41327885 41628000 163 156.219 0.990681 9.43328 0.125789 -0.120033 0.736318 0.745624
ENSG00000268366.1 19 40949343 40949343 + 11 -719955 19_internal_6465 19 40048069 40229388 163 180.367 0.961262 12.0308 0.0581822 -0.141972 0.467662 0.453188
ENSG00000167565.8 19 40950612 40950612 - 11 721224 19_internal_6465 19 40048069 40229388 163 184.33 0.971926 10.984 0.222603 -0.0940722 0.905473 0.911396
ENSG00000090013.5 19 40971747 40971747 - 11 -365423 19_internal_6786 19 41337170 41351426 163 138.868 1.07561 9.50357 0.00590497 0.210209 0.0746269 0.0820827
ENSG00000160460.11 19 40972148 40972148 + 11 661324 19_internal_7103 19 41633472 41642902 163 143.5 1.02542 9.00598 0.0291211 -0.167863 0.288557 0.300665
ENSG00000160410.10 19 41082757 41082757 + 13 -851434 19_internal_6188 19 40162651 40231323 163 184.601 0.953407 13.5748 0.0815468 0.13117 0.626866 0.611661
ENSG00000090006.13 19 41098789 41098789 + 13 -867466 19_internal_6188 19 40162651 40231323 163 156.935 1.01335 11.2898 0.110536 0.124942 0.766169 0.751537
ENSG00000105245.5 19 41196877 41196877 - 14 718206 19_internal_6656 19 40440217 40478671 163 173.172 0.916528 12.8879 0.0122545 0.198164 0.149254 0.146692
ENSG00000223284.1 19 41214068 41214068 - 15 -987961 19_internal_7840 19 42202029 42211731 163 160.183 1.03689 16.3089 0.126811 0.109235 0.895522 0.890728
ENSG00000086544.2 19 41223008 41223008 + 15 -752594 19_internal_6770 19 40413042 40470414 163 169.892 0.979017 14.6378 0.161014 0.109926 0.895522 0.914243
ENSG00000123815.7 19 41224112 41224112 - 15 -977917 19_internal_7840 19 42202029 42211731 163 175.655 0.909522 14.9327 0.0341961 0.164952 0.40796 0.389178
ENSG00000077312.4 19 41256542 41256542 + 13 59432 19_internal_7932 19 41315974 41338001 163 170.816 0.939732 12.5432 0.0474749 0.16 0.497512 0.449099
ENSG00000188493.9 19 41257458 41257458 - 13 -79712 19_internal_6786 19 41337170 41351426 163 165.611 0.986345 11.2979 0.231096 0.0966976 0.945274 0.947092
ENSG00000268975.1 19 41277553 41277553 + 13 38421 19_internal_7932 19 41315974 41338001 163 150.313 1.01476 12.0079 0.0215875 0.1854 0.273632 0.276984
ENSG00000261857.2 19 41277553 41277553 + 13 839289 19_internal_6443 19 42116842 42149317 163 160.803 0.948666 11.2048 0.143017 -0.115809 0.825871 0.841558
ENSG00000167578.12 19 41284121 41284121 + 13 31853 19_internal_7932 19 41315974 41338001 163 181.576 0.867774 12.9641 0.00585452 0.215321 0.0895522 0.0722393
ENSG00000171570.6 19 41284147 41284147 + 13 53023 19_internal_6786 19 41337170 41351426 163 164.767 1.04548 13.0282 0.0109409 -0.201837 0.134328 0.115275
ENSG00000269858.1 19 41304901 41304901 + 13 32269 19_internal_6786 19 41337170 41351426 163 183.582 0.987879 15.5556 0.00165381 -0.243333 0.0248756 0.0137393
ENSG00000268797.1 19 41307202 41307202 + 13 29968 19_internal_6786 19 41337170 41351426 163 156.649 1.02743 12.297 0.00520401 -0.223518 0.0597015 0.0674429
ENSG00000233622.1 19 41317295 41317295 - 13 -19875 19_internal_6786 19 41337170 41351426 163 175.766 0.944231 13.436 0.0275887 -0.171723 0.288557 0.284882
ENSG00000268339.1 19 41319515 41319515 + 13 17655 19_internal_6786 19 41337170 41351426 163 157.365 0.984234 11.2276 0.0339026 -0.164173 0.353234 0.353691
ENSG00000237118.2 19 41332677 41332677 - 13 -4493 19_internal_6786 19 41337170 41351426 163 175.814 0.898512 12.7143 0.0534172 -0.151426 0.467662 0.492084
ENSG00000269843.1 19 41343115 41343115 - 13 780160 19_internal_6411 19 40502147 40562955 163 178.202 0.871355 12.2805 0.0464648 -0.15378 0.437811 0.437832
ENSG00000255974.2 19 41356352 41356352 - 13 -277120 19_internal_7103 19 41633472 41642902 163 163.207 0.944152 12.2138 0.0507748 0.145172 0.487562 0.496818
ENSG00000198077.6 19 41388657 41388657 - 13 -244815 19_internal_7103 19 41633472 41642902 163 163.573 0.996544 14.3271 0.000323078 0.266918 0.00995025 0.00459901
ENSG00000130612.9 19 41396731 41396731 + 13 -930753 19_internal_7267 19 40441777 40465978 163 149.724 0.906074 11.7071 0.0104974 -0.19932 0.20398 0.189311
ENSG00000105323.12 19 41768401 41768401 + 12 -430400 19_internal_7932 19 41315974 41338001 163 147.193 0.987617 10.0015 0.174485 -0.106409 0.875622 0.890732
ENSG00000239868.2 19 41792599 41792599 - 12 454598 19_internal_7932 19 41315974 41338001 163 169.351 1.01668 13.4756 0.0204221 -0.180245 0.223881 0.211627
ENSG00000142039.3 19 41816094 41816094 + 12 -464668 19_internal_6786 19 41337170 41351426 163 153.004 1.00973 12.4004 0.0239359 -0.17489 0.303483 0.29868
ENSG00000142046.9 19 41856816 41856816 + 12 -518815 19_internal_7932 19 41315974 41338001 163 146.382 1.10324 11.3071 0.0447948 -0.149791 0.412935 0.439398
ENSG00000105329.5 19 41859816 41859816 - 12 508390 19_internal_6786 19 41337170 41351426 163 166.82 0.964092 14.5857 0.0163342 -0.184398 0.208955 0.213697
ENSG00000123810.3 19 41870078 41870078 - 12 454763 19_internal_6797 19 41405696 41415315 163 166.709 0.905016 10.2915 0.0503464 -0.152664 0.432836 0.442798
ENSG00000255730.1 19 41882662 41882662 + 12 234180 19_internal_6443 19 42116842 42149317 163 169.638 0.979271 13.4393 0.0487056 0.150685 0.472637 0.466241
ENSG00000248098.4 19 41884215 41884215 + 12 232627 19_internal_6443 19 42116842 42149317 163 171.707 1.10452 13.7399 0.0429816 0.154751 0.368159 0.362666
ENSG00000077348.4 19 41903384 41903384 - 13 -538759 19_internal_5834 19 42442143 42451551 163 192.194 0.831315 15.1444 0.0485207 -0.150829 0.467662 0.476796
ENSG00000268987.1 19 41905277 41905277 + 13 837900 19_internal_6364 19 42743177 42793423 163 151.475 1.26123 11.714 0.139905 -0.115434 0.835821 0.800703
ENSG00000268475.1 19 41931264 41931264 + 13 500666 19_internal_6204 19 42431930 42439278 163 173.442 0.959765 13.136 0.140334 -0.114329 0.81592 0.844886
ENSG00000177191.2 19 41934635 41934635 - 13 -133501 19_internal_6998 19 42068136 42077751 163 169.829 0.911815 12.6998 0.0776904 0.136891 0.641791 0.64942
