ENSG00000172748.7 8 182137 182137 + 3 82143 8_internal_7923 8 264280 268388 163 167.393 0.999985 2.86649 0.149306 -0.106328 0.368159 0.359455
ENSG00000147364.11 8 356428 356428 + 3 -88040 8_internal_7923 8 264280 268388 163 171.134 1.00004 2.94581 0.0981637 0.129841 0.253731 0.242872
ENSG00000254207.1 8 675877 675877 - 4 19546 8_internal_10724 8 636579 656331 163 159.912 1.00006 4.09658 2.46847e-09 0.447136 0.00497512 1.42902e-08
ENSG00000104714.9 8 688106 688106 - 6 31775 8_internal_10724 8 636579 656331 163 141.686 1.00005 4.78222 5.33351e-17 0.596481 0.00497512 2.72305e-14
ENSG00000182372.6 8 1703944 1703944 + 11 0 8_internal_8431 8 1691550 1766423 163 188.453 0.892158 14.5735 0.0150849 0.185782 0.18408 0.159608
ENSG00000253982.1 8 1712668 1712668 - 11 -52162 8_internal_6768 8 1764830 1771974 163 154.882 0.971655 9.38024 0.0603241 0.142453 0.492537 0.492267
ENSG00000104728.11 8 1772142 1772142 + 11 -5719 8_internal_8431 8 1691550 1766423 163 183.598 0.951343 11.2661 0.0376433 0.159956 0.273632 0.290253
ENSG00000176595.3 8 1922044 1922044 + 10 0 8_internal_6712 8 1920668 1959001 163 145.84 0.986257 7.95572 2.2273e-09 0.461481 0.00497512 1.54359e-07
ENSG00000036448.5 8 1993155 1993155 + 10 -34154 8_internal_6712 8 1920668 1959001 163 143.294 0.995762 7.90266 0.0242018 0.177293 0.263682 0.24478
ENSG00000147316.8 8 6264113 6264113 + 5 301036 8_internal_7127 8 6565149 6587841 163 164.289 1.00001 4.94911 0.084475 0.138554 0.353234 0.349607
ENSG00000246089.2 8 6264663 6264663 - 5 -568415 8_internal_7109 8 6833078 6872927 163 166.788 1 4.85759 0.0564349 -0.143023 0.243781 0.234928
ENSG00000091879.9 8 6420930 6420930 - 5 175089 8_internal_8860 8 6218593 6245841 163 161.472 1.00005 5.0497 0.295361 0.0810742 0.840796 0.832045
ENSG00000249898.3 8 6565730 6565730 - 5 -263838 8_internal_7499 8 6829568 6884974 163 183.057 0.937622 5.83923 0.282449 -0.0854493 0.850746 0.835528
ENSG00000155189.7 8 6565878 6565878 + 5 646324 8_internal_7089 8 7212202 7252833 163 167.505 1.00003 5.15023 0.0698084 0.137263 0.308458 0.296642
ENSG00000164821.4 8 6795860 6795860 - 5 208019 8_internal_7127 8 6565149 6587841 163 181.21 0.92113 5.53056 0.148096 0.113128 0.547264 0.564599
ENSG00000239839.1 8 6875823 6875823 - 5 2896 8_internal_7109 8 6833078 6872927 163 138.598 1 3.88058 6.83882e-05 0.300359 0.00497512 0.00093828
ENSG00000249188.1 8 8011830 8011830 + 7 231106 8_internal_8292 8 8242936 8407014 163 155.98 0.999978 5.5066 0.000300109 -0.270761 0.00497512 0.00223305
ENSG00000253893.1 8 8085385 8085385 - 7 -157551 8_internal_8292 8 8242936 8407014 163 155.168 0.939084 6.62119 9.7329e-05 -0.292113 0.00497512 0.00148078
ENSG00000173295.3 8 8086117 8086117 + 7 156819 8_internal_8292 8 8242936 8407014 163 155.964 1.06067 6.1851 0.00014976 0.296097 0.00497512 0.000842254
ENSG00000253981.1 8 8102189 8102189 - 7 -140747 8_internal_8292 8 8242936 8407014 163 191.27 0.930927 7.24005 7.06829e-05 0.30968 0.00497512 0.00022997
ENSG00000182319.5 8 8244008 8244008 - 7 0 8_internal_8292 8 8242936 8407014 163 161.169 1.01904 7.1582 1.48584e-05 0.33011 0.00497512 9.93493e-05
ENSG00000147324.6 8 8751155 8751155 - 6 -6074 8_internal_7325 8 8757229 8780038 163 157.285 1.00004 5.20588 0.00603718 0.202957 0.039801 0.0358828
ENSG00000104626.10 8 8859657 8859657 + 6 -79619 8_internal_7325 8 8757229 8780038 163 168.094 0.986914 5.84419 0.0282749 0.166774 0.164179 0.14649
ENSG00000254340.1 8 8998934 8998934 + 6 -591920 8_internal_8292 8 8242936 8407014 163 143.66 1.00007 4.96604 0.0902196 0.126739 0.477612 0.444905
ENSG00000173281.4 8 9009084 9009084 - 6 602070 8_internal_8292 8 8242936 8407014 163 190.634 0.932415 6.47064 0.0133163 0.188266 0.0646766 0.0591098
ENSG00000173273.10 8 9413424 9413424 + 6 631114 8_internal_8412 8 10044538 10192641 163 151.3 0.999951 5.18878 0.0197435 0.180527 0.129353 0.121827
ENSG00000207701.1 8 9599182 9599182 + 7 -588888 8_internal_7694 8 8931591 9010294 163 174.302 0.91876 6.91872 0.0628253 0.14576 0.368159 0.359183
ENSG00000260093.1 8 9911764 9911764 - 5 -278036 8_internal_9469 8 10189800 10253884 163 164.846 1.00003 4.97435 0.0995874 0.131237 0.412935 0.400278
ENSG00000175806.10 8 9911778 9911778 + 5 278022 8_internal_9469 8 10189800 10253884 163 170.943 0.999977 4.86528 5.66047e-05 0.304494 0.00497512 0.000181366
ENSG00000221320.1 8 9945431 9945431 + 5 244369 8_internal_9469 8 10189800 10253884 163 158.511 1.00004 5.14263 0.0057861 0.203687 0.0248756 0.0329902
ENSG00000249848.1 8 10195187 10195187 - 5 2546 8_internal_8412 8 10044538 10192641 163 182.611 0.999991 5.0928 0.000997657 0.254659 0.00995025 0.0025122
ENSG00000261451.1 8 10291182 10291182 + 5 -37298 8_internal_9469 8 10189800 10253884 163 164.703 0.99996 4.52174 0.00372403 0.221904 0.0248756 0.0159451
ENSG00000253641.1 8 10332075 10332075 + 6 117067 8_internal_8010 8 10449142 10459178 163 143.962 0.999962 5.16935 0.0718203 0.140077 0.378109 0.388443
ENSG00000207128.1 8 10333733 10333733 + 6 -79849 8_internal_9469 8 10189800 10253884 163 160.803 1.11831 6.24307 0.0664864 0.145531 0.313433 0.305816
ENSG00000253678.1 8 10336885 10336885 - 6 -112257 8_internal_8010 8 10449142 10459178 163 165.658 1 5.68749 0.00668684 0.210862 0.0447761 0.0350536
ENSG00000253649.1 8 10405095 10405095 - 6 -44047 8_internal_8010 8 10449142 10459178 163 140.603 1.00003 5.3792 0.00285983 0.223874 0.0298507 0.0298477
ENSG00000258724.1 8 10697357 10697357 - 8 238179 8_internal_8010 8 10449142 10459178 163 148.053 1.0648 7.57642 2.17941e-13 0.532426 0.00497512 4.07509e-12
ENSG00000171056.6 8 10697357 10697357 - 8 238179 8_internal_8010 8 10449142 10459178 163 182.054 0.926734 8.56089 2.94064e-13 0.520709 0.00497512 9.63582e-13
ENSG00000254093.3 8 10697394 10697394 - 8 238216 8_internal_8010 8 10449142 10459178 163 149.422 1.11875 7.2313 1.04197e-13 0.530158 0.00497512 3.63306e-13
ENSG00000255310.1 8 10967428 10967428 - 8 45491 8_internal_7724 8 10905355 10921937 163 166.566 0.952781 6.71848 3.16049e-19 0.62068 0.00497512 6.30116e-18
ENSG00000215346.3 8 10987745 10987745 - 9 65808 8_internal_7724 8 10905355 10921937 163 165.165 1.10854 10.3616 8.6444e-18 0.585565 0.00497512 8.94236e-19
ENSG00000171044.6 8 11058875 11058875 - 10 136938 8_internal_7724 8 10905355 10921937 163 197.606 0.858338 11.5985 4.37497e-17 0.582134 0.00497512 1.13723e-16
ENSG00000104643.5 8 11141925 11141925 + 10 -219988 8_internal_7724 8 10905355 10921937 163 186.431 0.884136 11.3535 3.8425e-08 0.410704 0.00497512 3.41093e-07
ENSG00000246477.2 8 11182938 11182938 - 10 261001 8_internal_7724 8 10905355 10921937 163 165.037 1.05451 10.6369 3.62849e-09 0.417386 0.00497512 1.17632e-08
ENSG00000154328.10 8 11627144 11627144 + 9 12555 8_internal_10488 8 11639699 11726735 163 160.246 0.941441 8.51478 0.000290544 0.275824 0.00497512 0.00400842
ENSG00000079459.7 8 11653082 11653082 + 9 0 8_internal_10488 8 11639699 11726735 163 165.897 1.02911 9.28602 4.46642e-10 0.463908 0.00497512 1.62291e-09
ENSG00000255046.1 8 11660077 11660077 - 9 -391536 8_internal_7302 8 12051613 12220084 163 163.398 1.03807 8.59065 0.0750347 0.139982 0.487562 0.469035
ENSG00000164733.15 8 11726957 11726957 - 9 222 8_internal_10488 8 11639699 11726735 163 146.016 1.08446 7.54755 2.41178e-18 0.619142 0.00497512 5.44409e-17
ENSG00000255495.1 8 12051976 12051976 + 9 0 8_internal_7302 8 12051613 12220084 163 175.83 0.958812 11.0765 2.03585e-09 0.441301 0.00497512 1.17181e-08
ENSG00000254527.1 8 12063898 12063898 - 9 -229285 8_internal_8166 8 12293183 12295586 163 172.28 1.04142 10.8933 4.17319e-17 0.581322 0.00497512 1.23034e-17
ENSG00000205873.2 8 12294626 12294626 + 8 0 8_internal_8166 8 12293183 12295586 163 146.413 1.16742 7.26822 5.33859e-15 0.546389 0.00497512 8.37123e-15
ENSG00000242607.1 8 12428639 12428639 - 7 -494127 8_internal_9507 8 12922766 13134696 163 141.367 0.97605 5.59684 0.0272834 0.175609 0.208955 0.212939
ENSG00000154359.8 8 12613582 12613582 - 6 -309184 8_internal_9507 8 12922766 13134696 163 170.943 0.908916 5.99322 0.491918 0.0546118 0.995025 0.983627
ENSG00000164741.9 8 13373167 13373167 - 2 238471 8_internal_9507 8 12922766 13134696 163 172.614 1.00002 2.06117 0.000105855 0.293209 0.00497512 0.000136271
ENSG00000104219.8 8 17013538 17013538 + 5 765184 8_internal_10080 8 17778722 17799733 163 195.091 0.952891 6.71923 0.0369128 0.166195 0.139303 0.157113
ENSG00000155975.5 8 17104080 17104080 + 5 -641449 8_internal_7277 8 16404676 16462631 163 172.153 0.999973 5.24216 0.25692 -0.0905112 0.791045 0.769138
ENSG00000198791.7 8 17104387 17104387 - 5 -716131 8_internal_9999 8 17820518 17834112 163 145.984 1.00004 4.30084 0.0497548 0.157587 0.263682 0.245422
ENSG00000003987.9 8 17271037 17271037 - 5 -200640 8_internal_7315 8 17471677 17556692 163 150.441 0.999952 4.70308 0.380048 -0.0698042 0.900498 0.908881
ENSG00000078674.12 8 17780349 17780349 + 4 40169 8_internal_9999 8 17820518 17834112 163 190.061 0.999975 4.62716 0.00743143 0.212803 0.0298507 0.0176384
ENSG00000245281.2 8 17942377 17942377 + 6 -108265 8_internal_9999 8 17820518 17834112 163 149.12 1.02438 6.09585 0.0122582 -0.200079 0.0895522 0.0909582
ENSG00000104763.12 8 17942494 17942494 - 6 385802 8_internal_7315 8 17471677 17556692 163 174.843 1.02467 6.26972 0.0569655 0.149444 0.298507 0.258064
ENSG00000171428.9 8 18027986 18027986 + 6 -471294 8_internal_7315 8 17471677 17556692 163 183.311 0.938606 7.13651 0.0964369 0.135832 0.447761 0.468694
ENSG00000104611.7 8 19171128 19171128 + 7 0 8_internal_10876 8 18814770 19616576 163 151.428 1.00003 5.07243 2.20131e-09 0.461301 0.00497512 4.13288e-08
ENSG00000253270.1 8 19536083 19536083 + 9 0 8_internal_10876 8 18814770 19616576 163 165.929 1.0217 9.01379 3.18033e-05 0.317978 0.00497512 0.000201431
ENSG00000147408.10 8 19615540 19615540 - 9 0 8_internal_10876 8 18814770 19616576 163 179.204 0.89327 8.27257 2.9672e-10 0.47441 0.00497512 3.45954e-09
ENSG00000104613.6 8 19674651 19674651 + 9 0 8_internal_7771 8 19203888 20162347 163 152.383 1.01629 8.26845 0.0173827 0.193675 0.154229 0.158706
ENSG00000036565.10 8 20040717 20040717 - 10 -251787 8_internal_7593 8 20292504 21723399 163 173.57 0.972692 10.7636 0.12773 -0.119124 0.736318 0.744023
ENSG00000147416.6 8 20054878 20054878 + 10 67104 8_internal_7143 8 20121982 20134836 163 156.919 1.01699 8.09133 0.0412576 0.155526 0.328358 0.304826
ENSG00000222267.1 8 20087290 20087290 + 10 -617769 8_internal_8005 8 19397985 19469521 163 182.706 0.993371 10.6494 0.280953 -0.0843365 0.960199 0.956142
ENSG00000061337.11 8 20161474 20161474 - 10 544898 8_internal_10876 8 18814770 19616576 163 199.786 0.893871 11.651 0.171957 -0.106897 0.800995 0.832507
ENSG00000147443.7 8 21771371 21771371 - 8 47972 8_internal_7593 8 20292504 21723399 163 175.034 0.977759 7.54992 0.00035865 0.267653 0.00497512 0.00190158
ENSG00000130227.11 8 21777180 21777180 + 8 -53781 8_internal_7593 8 20292504 21723399 163 168.874 1.00327 7.96739 0.00291485 0.232148 0.0149254 0.0190556
ENSG00000158863.16 8 21946670 21946670 + 9 0 8_internal_7114 8 21946112 22023174 163 168.094 0.947347 8.52801 0.0581852 0.148637 0.378109 0.404641
ENSG00000256586.1 8 21960468 21960468 + 9 461351 8_internal_7005 8 22421819 22444072 163 159.068 0.903634 7.40405 0.0374851 0.16241 0.303483 0.304045
ENSG00000173566.9 8 21966932 21966932 - 8 0 8_internal_7114 8 21946112 22023174 163 164.226 0.950236 7.3537 0.0579804 0.142707 0.378109 0.374343
ENSG00000168476.7 8 21999464 21999464 - 8 0 8_internal_7114 8 21946112 22023174 163 163.032 0.966811 7.11147 0.334454 -0.0743806 0.950249 0.947805
ENSG00000168487.13 8 22022249 22022249 + 9 907100 8_internal_9014 8 22929349 22951475 163 184.442 1.00261 11.7486 0.324518 0.0774545 0.9801 0.983328
ENSG00000168495.7 8 22102617 22102617 + 11 -154406 8_internal_7160 8 21943531 21948211 163 168.237 1.033 12.4124 0.190088 -0.106257 0.930348 0.914132
ENSG00000120910.10 8 22298332 22298332 + 11 -955596 8_internal_7379 8 21336402 21342736 163 135.86 1.21481 9.5267 0.186369 0.102238 0.890547 0.882024
ENSG00000251034.1 8 22402918 22402918 - 10 -655455 8_internal_7024 8 23058373 23064954 163 169.717 1.06899 10.8522 0.149381 0.112018 0.766169 0.78935
ENSG00000120913.18 8 22435792 22435792 + 10 596374 8_internal_7193 8 23032166 23110750 163 169.542 0.959364 9.99109 0.23333 0.0928832 0.905473 0.926128
ENSG00000248235.2 8 22446787 22446787 + 10 585379 8_internal_7193 8 23032166 23110750 163 163.764 0.975794 10.194 0.0278149 0.170806 0.263682 0.25746
ENSG00000241852.5 8 22457114 22457114 + 10 601259 8_internal_7024 8 23058373 23064954 163 158.495 0.991553 8.60232 0.307848 -0.0800004 0.950249 0.961826
ENSG00000158941.12 8 22462145 22462145 + 10 555157 8_internal_7418 8 23017302 23109099 163 211.613 0.766533 12.3991 0.0126472 0.191896 0.124378 0.1148
ENSG00000253200.1 8 22474170 22474170 - 10 -543132 8_internal_7418 8 23017302 23109099 163 178.17 0.971894 10.6089 0.00933469 0.207327 0.079602 0.0735227
ENSG00000147439.7 8 22526661 22526661 - 10 607411 8_internal_6763 8 21911807 21919250 163 143.707 0.967603 8.64063 0.00803528 0.204387 0.124378 0.114842
ENSG00000261026.1 8 22541522 22541522 - 10 818123 8_internal_7593 8 20292504 21723399 163 183.566 0.919163 10.352 0.0246449 -0.177074 0.179104 0.19404
ENSG00000179388.8 8 22550815 22550815 - 10 631565 8_internal_6763 8 21911807 21919250 163 158.957 1.03554 10.0269 0.00148058 -0.249233 0.0199005 0.0144116
ENSG00000008853.12 8 22844930 22844930 + 10 -896719 8_internal_7160 8 21943531 21948211 163 147.671 1.08656 8.94379 0.207112 -0.0986658 0.900498 0.889386
ENSG00000245025.2 8 22876848 22876848 - 10 -686666 8_internal_6877 8 23563514 24859719 163 173.888 0.986776 11.7376 0.00964937 0.196532 0.0945274 0.0878792
ENSG00000246130.1 8 22925742 22925742 + 8 91560 8_internal_7418 8 23017302 23109099 163 175.671 0.915967 8.06991 0.000186105 0.293678 0.00995025 0.00157095
ENSG00000120889.8 8 22926692 22926692 - 8 978481 8_internal_7160 8 21943531 21948211 163 182.34 0.986642 9.44055 0.0888384 -0.135053 0.507463 0.511659
ENSG00000253616.1 8 22932001 22932001 - 8 -85301 8_internal_7418 8 23017302 23109099 163 154.595 0.959926 7.1626 0.000939142 0.262736 0.0298507 0.0111364
ENSG00000173535.9 8 22941868 22941868 + 8 116505 8_internal_7024 8 23058373 23064954 163 158.623 1.00039 8.82561 0.102545 0.124545 0.626866 0.632562
ENSG00000173530.5 8 23021543 23021543 - 7 -36830 8_internal_7024 8 23058373 23064954 163 177.756 0.950486 7.12778 2.78293e-05 0.327007 0.00497512 0.000138878
ENSG00000253930.1 8 23046792 23046792 + 6 11581 8_internal_7024 8 23058373 23064954 163 164.592 1.00842 5.81331 0.00548668 0.218387 0.0298507 0.0292446
ENSG00000246582.2 8 23081984 23081984 + 6 0 8_internal_7418 8 23017302 23109099 163 154.054 0.999957 4.6236 5.59647e-06 0.353946 0.00497512 4.68685e-05
ENSG00000104689.5 8 23082639 23082639 - 6 17685 8_internal_7024 8 23058373 23064954 163 178.44 0.936045 5.46942 3.3379e-09 0.454848 0.00497512 1.18077e-08
ENSG00000147457.9 8 23101150 23101150 + 6 -36196 8_internal_7024 8 23058373 23064954 163 182.547 0.897263 5.59392 0.00186253 0.243834 0.0248756 0.0097369
ENSG00000104679.6 8 23127633 23127633 + 6 -18534 8_internal_7418 8 23017302 23109099 163 178.202 0.879099 5.80687 0.0127806 0.191217 0.0845771 0.0775733
ENSG00000253837.1 8 23193684 23193684 + 6 -82934 8_internal_7193 8 23032166 23110750 163 149.979 1.00004 5.17231 0.257082 0.0879449 0.810945 0.813243
ENSG00000134013.10 8 23282841 23282841 - 6 173742 8_internal_7418 8 23017302 23109099 163 173.824 1.02933 6.86156 0.0149827 0.188664 0.0746269 0.0729971
ENSG00000197217.8 8 23315208 23315208 - 6 206109 8_internal_7418 8 23017302 23109099 163 189.917 1.02407 7.24517 0.311711 0.0813346 0.905473 0.898679
ENSG00000253986.1 8 23351711 23351711 - 6 400236 8_internal_9014 8 22929349 22951475 163 182.786 0.95035 6.35555 0.0370546 0.164464 0.174129 0.178742
ENSG00000147454.8 8 23386318 23386318 + 6 -321364 8_internal_7024 8 23058373 23064954 163 181.879 0.912198 6.21433 0.18096 0.105252 0.691542 0.689677
ENSG00000268085.1 8 23420651 23420651 - 6 355697 8_internal_7024 8 23058373 23064954 163 155.55 1.15667 6.44253 0.080486 0.13859 0.41791 0.377497
ENSG00000215298.3 8 23430157 23430157 + 6 -365203 8_internal_7024 8 23058373 23064954 163 148.833 1.00005 4.84178 0.169376 0.109576 0.656716 0.637758
ENSG00000252067.1 8 23457651 23457651 - 5 -105863 8_internal_6877 8 23563514 24859719 163 167.935 0.999961 5.52583 0.0205145 -0.182848 0.0746269 0.0989996
ENSG00000253488.1 8 23493020 23493020 - 5 -70494 8_internal_6877 8 23563514 24859719 163 167.489 1.00002 4.85611 0.135075 -0.119238 0.502488 0.490917
ENSG00000167034.9 8 23540440 23540440 - 5 431341 8_internal_7418 8 23017302 23109099 163 161.727 0.999995 5.0304 0.394446 0.0685042 0.910448 0.921037
ENSG00000159167.7 8 23712320 23712320 - 5 603221 8_internal_7418 8 23017302 23109099 163 168.778 1.00003 5.266 0.422565 0.0615134 0.930348 0.940287
ENSG00000042980.8 8 24151553 24151553 + 1 0 8_internal_6877 8 23563514 24859719 163 176.833 1.00003 1.2032 0.092841 0.127857 0.114428 0.0954526
ENSG00000253535.1 8 24769586 24769586 - 1 0 8_internal_6877 8 23563514 24859719 163 156.887 1.00002 1.12386 0.337505 0.0767038 0.39801 0.380311
ENSG00000241811.2 8 25039235 25039235 - 1 179516 8_internal_6877 8 23563514 24859719 163 166.852 1.00003 1.01033 0.609812 0.0399599 0.606965 0.609371
ENSG00000147459.12 8 25042238 25042238 + 1 -182519 8_internal_6877 8 23563514 24859719 163 186.702 1.00001 1.14858 0.249659 0.0901997 0.253731 0.245883
ENSG00000147437.5 8 25282170 25282170 - 2 -949128 8_internal_7261 8 26231298 26240469 163 151.491 1.00003 1.7895 0.00999623 -0.20801 0.00497512 0.0231866
ENSG00000253476.1 8 25284096 25284096 - 2 -947202 8_internal_7261 8 26231298 26240469 163 178.202 1.00002 2.71239 0.711866 -0.0292231 0.965174 0.961591
ENSG00000104756.11 8 25315992 25315992 - 2 -915306 8_internal_7261 8 26231298 26240469 163 172.567 1.00002 1.94905 0.115775 -0.124481 0.18408 0.195443
ENSG00000184661.8 8 25316513 25316513 + 2 914785 8_internal_7261 8 26231298 26240469 163 156.299 0.999978 2.21585 0.143862 -0.113098 0.293532 0.306772
ENSG00000221914.3 8 26149007 26149007 + 1 82291 8_internal_7261 8 26231298 26240469 163 115.755 0.999964 0.91495 0.259854 -0.0890554 0.333333 0.318797
ENSG00000104765.10 8 26240414 26240414 + 2 0 8_internal_7261 8 26231298 26240469 163 183.184 0.999966 2.16828 0.468111 0.0575584 0.751244 0.717451
ENSG00000228451.3 8 26240469 26240469 - 2 0 8_internal_7261 8 26231298 26240469 163 140.667 0.999989 1.90712 0.53259 0.0474979 0.791045 0.793042
ENSG00000253430.1 8 26280109 26280109 + 2 873676 8_internal_7628 8 27153785 27170340 163 172.583 1.00002 1.98136 0.0162453 0.182903 0.0248756 0.0263556
ENSG00000251203.1 8 26291581 26291581 - 2 -862204 8_internal_7628 8 27153785 27170340 163 148.737 0.99996 1.81917 0.225885 -0.093741 0.422886 0.403752
ENSG00000254362.1 8 26298007 26298007 + 2 855778 8_internal_7628 8 27153785 27170340 163 154.372 0.99996 1.88529 0.713323 0.0281153 0.930348 0.909711
ENSG00000240694.3 8 26371608 26371608 - 3 -782177 8_internal_7628 8 27153785 27170340 163 163.621 1.00002 3.30026 0.73137 -0.0260883 0.975124 0.986857
ENSG00000092964.11 8 26371791 26371791 + 3 976340 8_internal_6874 8 27348131 28270446 163 157.715 1.00003 3.10289 0.501006 -0.0512526 0.895522 0.889317
ENSG00000104228.8 8 27168836 27168836 - 4 0 8_internal_7628 8 27153785 27170340 163 177.39 0.999998 4.07221 0.000178112 0.294993 0.00497512 0.000374829
ENSG00000120899.13 8 27168999 27168999 + 4 179132 8_internal_6874 8 27348131 28270446 163 189.997 0.999987 5.20236 0.0867264 -0.132336 0.273632 0.292514
ENSG00000120903.5 8 27337400 27337400 - 5 -10731 8_internal_6874 8 27348131 28270446 163 173.84 0.999986 5.27847 0.290526 -0.0835606 0.81592 0.816837
ENSG00000253875.1 8 27590855 27590855 + 6 649754 8_internal_6923 8 28240609 28560634 163 176.228 0.967017 6.62923 0.327539 -0.0770598 0.920398 0.917938
ENSG00000171320.10 8 27629466 27629466 + 6 320058 8_internal_8255 8 27949524 27975947 163 140.46 1.00004 4.59488 0.30765 -0.0802078 0.870647 0.855633
ENSG00000147419.12 8 27630170 27630170 - 6 459830 8_internal_7628 8 27153785 27170340 163 171.882 0.915744 5.89373 0.0468516 -0.155116 0.20398 0.255476
ENSG00000134014.11 8 27947190 27947190 + 7 -776850 8_internal_7628 8 27153785 27170340 163 157.429 1.12058 7.31599 0.0535321 0.144426 0.283582 0.300523
ENSG00000186918.9 8 28260218 28260218 - 6 0 8_internal_6923 8 28240609 28560634 163 163.302 1.0428 6.455 3.81357e-05 0.318043 0.00497512 0.000166928
ENSG00000214050.3 8 28347835 28347835 - 7 0 8_internal_6923 8 28240609 28560634 163 165.706 0.913204 6.31276 9.31905e-06 0.352276 0.00497512 0.000120526
ENSG00000104290.6 8 28351729 28351729 + 7 964217 8_internal_9627 8 29315946 29436338 163 154.993 0.987728 5.8106 0.0394688 0.164237 0.228856 0.238168
ENSG00000012232.4 8 28457986 28457986 + 8 0 8_internal_6923 8 28240609 28560634 163 168.89 1.02026 8.30166 8.34934e-06 0.345188 0.00497512 3.86038e-05
ENSG00000246339.3 8 28558981 28558981 - 8 0 8_internal_6923 8 28240609 28560634 163 135.812 1.0819 7.34347 9.87651e-05 0.292519 0.00995025 0.00167343
ENSG00000254034.1 8 28655659 28655659 + 8 660287 8_internal_9627 8 29315946 29436338 163 170.37 1.04442 9.38356 0.147042 0.114936 0.766169 0.737808
ENSG00000242958.1 8 28667620 28667620 + 8 -691673 8_internal_8255 8 27949524 27975947 163 159.036 1.00002 7.37266 0.0231116 -0.180613 0.20398 0.16933
ENSG00000259412.1 8 28718058 28718058 + 9 -742111 8_internal_8255 8 27949524 27975947 163 148.101 1.02543 6.87403 0.128291 0.118612 0.671642 0.655528
ENSG00000104299.10 8 28747759 28747759 - 9 187125 8_internal_6923 8 28240609 28560634 163 189.551 1.03413 10.8411 0.00200793 0.239939 0.00995025 0.00783499
ENSG00000147421.12 8 28747911 28747911 + 9 -187277 8_internal_6923 8 28240609 28560634 163 180.478 0.886104 9.21102 0.167253 -0.110504 0.791045 0.801462
ENSG00000259196.1 8 28807193 28807193 + 9 578415 8_internal_7333 8 29385608 30015923 163 166.566 0.928807 7.86708 0.0830749 -0.137665 0.502488 0.513919
ENSG00000200719.1 8 28906121 28906121 - 9 -479487 8_internal_7333 8 29385608 30015923 163 175.432 0.911461 9.29587 0.0281604 -0.165744 0.238806 0.228942
ENSG00000259599.1 8 28910034 28910034 + 9 -417894 8_internal_6824 8 28479180 28492140 163 139.441 1.04365 7.66579 0.269091 0.0867648 0.915423 0.935164
ENSG00000259366.1 8 28913452 28913452 + 9 402494 8_internal_9627 8 29315946 29436338 163 169.877 0.933661 10.3286 0.0560226 0.150999 0.457711 0.450487
ENSG00000259607.1 8 28924796 28924796 + 9 -675731 8_internal_7948 8 28219598 28249065 163 154.946 1.09577 9.12687 0.0941555 -0.127691 0.616915 0.588726
ENSG00000254129.1 8 28968090 28968090 + 9 -697644 8_internal_6874 8 27348131 28270446 163 185.11 0.924105 8.51901 0.021239 -0.178107 0.149254 0.137419
ENSG00000253770.1 8 29076422 29076422 + 8 -584282 8_internal_6824 8 28479180 28492140 163 146.604 1.09848 7.77159 0.0538618 0.150727 0.412935 0.374537
ENSG00000197892.8 8 29120641 29120641 - 8 871576 8_internal_7948 8 28219598 28249065 163 134.841 1.04407 6.6241 0.0430334 -0.159916 0.383085 0.342958
ENSG00000254013.1 8 29885229 29885229 + 5 563906 8_internal_7199 8 30449135 30515326 163 162.331 0.999975 4.41907 0.190372 -0.102809 0.597015 0.608686
ENSG00000133872.9 8 29940723 29940723 - 5 504385 8_internal_9627 8 29315946 29436338 163 187.88 0.928646 5.54476 0.166943 0.111705 0.577114 0.591838
ENSG00000104660.13 8 29952914 29952914 + 4 -137857 8_internal_7136 8 29704730 29815057 163 165.483 1.00005 3.70772 0.153618 0.114951 0.452736 0.453798
ENSG00000241511.1 8 29975295 29975295 - 4 0 8_internal_7333 8 29385608 30015923 163 186.734 1.00004 4.00792 0.0419104 0.159324 0.0895522 0.11276
ENSG00000177669.3 8 30002202 30002202 - 4 565864 8_internal_9627 8 29315946 29436338 163 165.101 1.00002 3.97569 0.444842 -0.0603446 0.890547 0.901604
ENSG00000104671.3 8 30013813 30013813 + 4 0 8_internal_7333 8 29385608 30015923 163 183.741 0.999962 4.45948 0.0465719 0.156443 0.169154 0.145213
ENSG00000253708.1 8 30038404 30038404 - 4 602066 8_internal_9627 8 29315946 29436338 163 187.928 1.00001 4.85297 0.558902 -0.0465517 0.9801 0.974425
ENSG00000157110.11 8 30241944 30241944 + 4 -805606 8_internal_9627 8 29315946 29436338 163 187.768 0.99999 4.01039 0.0633156 -0.143903 0.154229 0.172828
ENSG00000253112.1 8 30454431 30454431 + 3 -438508 8_internal_7333 8 29385608 30015923 163 176.817 1.00002 3.03878 0.128584 -0.116939 0.293532 0.306366
ENSG00000253457.1 8 30496117 30496117 + 3 -480194 8_internal_7333 8 29385608 30015923 163 176.148 0.999958 3.64079 0.348202 -0.0751665 0.766169 0.766581
ENSG00000254172.1 8 30501206 30501206 + 3 0 8_internal_7199 8 30449135 30515326 163 140.46 0.999967 2.63668 0.231906 0.0908516 0.542289 0.559498
ENSG00000200319.1 8 30501206 30501206 + 3 0 8_internal_7199 8 30449135 30515326 163 177.438 1 3.54003 0.231906 0.0908516 0.577114 0.570226
ENSG00000197265.4 8 30515768 30515768 - 3 442 8_internal_7199 8 30449135 30515326 163 145.777 1.00002 2.84739 0.177682 0.107566 0.457711 0.474936
ENSG00000104687.8 8 30585443 30585443 - 3 70117 8_internal_7199 8 30449135 30515326 163 159.498 1.00003 2.77118 0.129664 -0.11916 0.338308 0.328512
ENSG00000104691.10 8 30589764 30589764 + 3 -573841 8_internal_7333 8 29385608 30015923 163 151.587 0.999982 3.23611 0.283382 -0.0852985 0.696517 0.686093
ENSG00000104695.7 8 30671830 30671830 - 3 655907 8_internal_7333 8 29385608 30015923 163 162.666 0.99999 2.81007 0.188326 -0.100209 0.432836 0.444521
ENSG00000165392.5 8 30891317 30891317 + 2 -875394 8_internal_7333 8 29385608 30015923 163 142.752 1 1.79711 0.790185 0.0210081 0.940299 0.946238
ENSG00000253961.1 8 31034683 31034683 - 1 519357 8_internal_7199 8 30449135 30515326 163 156.012 0.999973 0.915936 0.55663 -0.0458496 0.532338 0.533714
ENSG00000172728.11 8 33330940 33330940 - 3 -49929 8_internal_6979 8 33380869 33395135 163 214.081 1.00002 3.76375 0.00965031 -0.204027 0.0447761 0.0112654
ENSG00000198042.5 8 33342268 33342268 + 3 27204 8_internal_7456 8 33369472 33414618 163 145.745 1.00005 2.85591 0.00782314 0.210373 0.039801 0.033666
ENSG00000239039.1 8 33370993 33370993 + 3 9876 8_internal_6979 8 33380869 33395135 163 182.102 1.00004 3.37212 0.0259412 0.170167 0.0746269 0.0611981
ENSG00000129696.7 8 33371119 33371119 - 3 -9750 8_internal_6979 8 33380869 33395135 163 154.946 0.999988 3.04679 0.00930836 0.203019 0.0298507 0.0338452
ENSG00000252505.1 8 33397558 33397558 + 3 -2423 8_internal_6979 8 33380869 33395135 163 191.987 0.99999 3.45225 0.0113489 0.196056 0.0298507 0.0205294
ENSG00000253995.1 8 33397703 33397703 + 3 0 8_internal_7456 8 33369472 33414618 163 177.931 0.99997 3.17305 6.04984e-06 0.35088 0.00497512 7.19963e-06
ENSG00000133874.1 8 33424643 33424643 - 3 29508 8_internal_6979 8 33380869 33395135 163 143.103 1.00005 2.58312 6.22722e-07 0.372617 0.00497512 7.81498e-06
ENSG00000147475.9 8 37594117 37594117 + 5 -154175 8_internal_7161 8 37118449 37439942 163 159.418 1.00001 4.39004 0.117516 -0.12338 0.432836 0.434113
ENSG00000183154.1 8 37594944 37594944 - 5 155002 8_internal_7161 8 37118449 37439942 163 178.743 0.925622 5.65025 0.0966898 -0.132943 0.38806 0.418531
ENSG00000233170.3 8 37605522 37605522 - 5 199904 8_internal_8177 8 37383815 37405618 163 153.147 0.999956 4.48363 0.0825811 -0.140018 0.353234 0.352817
ENSG00000147471.6 8 37620111 37620111 + 5 -214493 8_internal_8177 8 37383815 37405618 163 147.639 0.999981 4.76565 0.410515 -0.0657984 0.940299 0.933376
ENSG00000020181.12 8 37641709 37641709 + 5 -227567 8_internal_7873 8 37118143 37414142 163 155.725 0.999955 4.86323 0.0932978 0.130183 0.378109 0.404034
