ENSG00000229897.1 9 101369275 101369275 + 5 496850 9_internal_7881 9 101866125 101913998 163 163.143 1.00001 4.84447 0.00801632 0.205421 0.039801 0.0381097
ENSG00000106799.7 9 101866320 101866320 + 6 0 9_internal_7881 9 101866125 101913998 163 152.16 0.999961 4.91416 0.000118312 0.300828 0.00497512 0.000982849
ENSG00000252942.1 9 101908248 101908248 - 4 0 9_internal_7881 9 101866125 101913998 163 164.56 0.999974 3.67278 0.0306031 0.166985 0.0945274 0.105217
ENSG00000119523.8 9 101984238 101984238 - 3 79946 9_internal_6600 9 101867913 101904292 163 145.442 1.00003 2.40601 0.20389 -0.0998585 0.477612 0.467046
ENSG00000106803.5 9 101984346 101984346 + 3 -70348 9_internal_7881 9 101866125 101913998 163 178.902 1 3.47948 0.126095 -0.122574 0.338308 0.330685
ENSG00000119508.13 9 102584137 102584137 + 4 -670139 9_internal_7881 9 101866125 101913998 163 180.494 1.00003 4.21509 0.183967 -0.106068 0.542289 0.525269
ENSG00000136874.6 9 102668915 102668915 + 4 127404 9_internal_7160 9 102796319 102800213 163 191.143 0.999986 4.21909 0.369946 -0.0708534 0.781095 0.817148
ENSG00000254571.1 9 102692178 102692178 - 4 787886 9_internal_6600 9 101867913 101904292 163 181.926 1.00001 4.15902 0.0690939 -0.138052 0.208955 0.20882
ENSG00000234709.1 9 102761351 102761351 - 4 -426922 9_internal_7945 9 103188273 103207132 163 150.138 0.999972 4.41134 0.335565 0.0765748 0.870647 0.855937
ENSG00000023318.7 9 102861322 102861322 - 4 61109 9_internal_7160 9 102796319 102800213 163 164.926 0.999996 3.99519 0.0244623 0.180842 0.0895522 0.0911209
ENSG00000119509.7 9 102861538 102861538 + 4 -61325 9_internal_7160 9 102796319 102800213 163 192.146 1.00002 4.51917 0.0630669 0.147814 0.199005 0.182207
ENSG00000239908.2 9 102864841 102864841 + 4 -64628 9_internal_7160 9 102796319 102800213 163 190.108 0.999969 4.2418 0.427293 -0.0619789 0.875622 0.878144
ENSG00000231697.1 9 102937460 102937460 + 2 250813 9_internal_7945 9 103188273 103207132 163 137.42 0.999973 2.01104 0.63054 0.0374424 0.885572 0.885
ENSG00000136891.9 9 103115221 103115221 - 2 -73052 9_internal_7945 9 103188273 103207132 163 151.109 0.999979 1.9859 0.0510227 0.155769 0.124378 0.116208
ENSG00000066697.10 9 103189438 103189438 + 2 -389225 9_internal_7160 9 102796319 102800213 163 166.868 1.00001 2.29558 0.0774435 -0.139741 0.144279 0.161789
ENSG00000251349.3 9 103204553 103204553 + 2 -404340 9_internal_7160 9 102796319 102800213 163 159.005 0.999984 1.9568 0.0151774 0.186946 0.0447761 0.0319978
ENSG00000241697.3 9 103204560 103204560 + 2 -404347 9_internal_7160 9 102796319 102800213 163 134.141 0.999951 1.83372 0.0160964 0.184538 0.039801 0.0526616
ENSG00000136897.6 9 104160896 104160896 - 1 953764 9_internal_7945 9 103188273 103207132 163 130.687 1 0.780122 0.754984 -0.0247913 0.696517 0.693083
ENSG00000136870.6 9 104161155 104161155 + 1 -954023 9_internal_7945 9 103188273 103207132 163 173.044 0.999972 1.07453 0.40651 0.0639028 0.412935 0.414533
ENSG00000136872.11 9 104198105 104198105 - 1 990973 9_internal_7945 9 103188273 103207132 163 154.961 1.00004 1.03211 0.506958 0.0518011 0.522388 0.528803
ENSG00000165152.4 9 104295819 104295819 - 0 NA NA NA NA NA NA NA NA NA NA NA NA NA
ENSG00000155827.6 9 104296133 104296133 + 0 NA NA NA NA NA NA NA NA NA NA NA NA NA
ENSG00000265068.1 9 104312053 104312053 - 0 NA NA NA NA NA NA NA NA NA NA NA NA NA
ENSG00000188386.5 9 104357283 104357283 - 0 NA NA NA NA NA NA NA NA NA NA NA NA NA
ENSG00000198785.4 9 104500862 104500862 - 0 NA NA NA NA NA NA NA NA NA NA NA NA NA
ENSG00000136824.14 9 106856541 106856541 + 3 652420 9_internal_6947 9 107508961 107527076 163 143.007 0.999997 2.64833 0.299386 -0.0802909 0.651741 0.655312
ENSG00000136783.9 9 107509969 107509969 + 4 0 9_internal_6947 9 107508961 107527076 163 180.621 0.999957 4.2773 1.93439e-10 0.476507 0.00497512 8.758e-11
ENSG00000165028.7 9 107526438 107526438 + 4 16060 9_internal_10262 9 107542498 107691450 163 168.476 0.999968 4.55566 1.26937e-08 0.436725 0.00497512 3.30115e-08
ENSG00000226334.1 9 107689834 107689834 + 4 0 9_internal_6528 9 107688229 107754940 163 166.359 0.999988 3.60182 7.59568e-19 0.609495 0.00497512 1.2029e-18
ENSG00000165029.11 9 107690518 107690518 - 4 0 9_internal_10262 9 107542498 107691450 163 142.195 0.999994 3.11174 7.56463e-17 0.586936 0.00497512 2.15413e-14
ENSG00000230013.1 9 107754062 107754062 - 4 0 9_internal_6528 9 107688229 107754940 163 162.809 1.00001 3.40231 0.000131024 0.298239 0.00497512 0.000449772
ENSG00000070214.10 9 108006903 108006903 + 4 -315453 9_internal_10262 9 107542498 107691450 163 153.417 1.00003 3.41617 0.000114602 -0.298619 0.00497512 0.000623558
ENSG00000242010.1 9 108148969 108148969 + 4 -457519 9_internal_10262 9 107542498 107691450 163 170.259 0.999953 3.92207 0.0115443 -0.195203 0.0298507 0.03803
ENSG00000106701.7 9 108210077 108210077 + 4 247196 9_internal_8741 9 108457273 108471323 163 155.678 0.999989 3.14712 0.125626 0.12213 0.358209 0.365248
ENSG00000229419.1 9 108282409 108282409 + 4 -590959 9_internal_10262 9 107542498 107691450 163 169.701 0.999966 3.56395 0.100529 -0.131187 0.283582 0.295983
ENSG00000106692.8 9 108320411 108320411 + 4 136862 9_internal_8741 9 108457273 108471323 163 167.855 1.00004 4.34031 0.191851 0.103298 0.60199 0.589212
ENSG00000095209.7 9 108456825 108456825 + 4 -929749 9_internal_6947 9 107508961 107527076 163 156.139 0.999994 3.46802 0.0526273 -0.146616 0.174129 0.186793
ENSG00000228366.1 9 108473062 108473062 - 4 781612 9_internal_10262 9 107542498 107691450 163 166.47 0.999972 4.08051 0.233396 0.0932517 0.671642 0.652998
ENSG00000232486.1 9 108520445 108520445 + 4 -993369 9_internal_6947 9 107508961 107527076 163 155.296 1.00002 3.26854 0.0117892 -0.195219 0.0597015 0.044947
ENSG00000119318.8 9 110045418 110045418 + 0 NA NA NA NA NA NA NA NA NA NA NA NA NA
ENSG00000136826.9 9 110252763 110252763 - 0 NA NA NA NA NA NA NA NA NA NA NA NA NA
ENSG00000232755.1 9 111635485 111635485 - 2 -220726 9_internal_6937 9 111856211 111874966 163 152.812 0.999984 1.86849 0.394639 -0.0680037 0.60199 0.626741
ENSG00000070061.10 9 111696396 111696396 - 3 -159815 9_internal_6937 9 111856211 111874966 163 162.331 1.00005 3.47277 0.471718 -0.0577295 0.900498 0.891608
ENSG00000119328.7 9 111696461 111696461 + 3 159750 9_internal_6937 9 111856211 111874966 163 161.472 1.00001 2.98471 0.0049276 -0.215189 0.0199005 0.0152458
ENSG00000201227.1 9 111754849 111754849 - 3 148393 9_internal_8359 9 111528265 111606456 163 188.787 0.999995 2.92502 0.0386086 -0.157805 0.104478 0.0741282
ENSG00000119326.10 9 111775809 111775809 - 3 169353 9_internal_8359 9 111528265 111606456 163 164.226 1 2.95585 0.000332945 0.274693 0.00497512 0.000934062
ENSG00000106771.8 9 111882225 111882225 - 4 7259 9_internal_6937 9 111856211 111874966 163 152.574 1.00005 3.50308 0.000653272 0.260106 0.00497512 0.00341418
ENSG00000157654.13 9 112542589 112542589 + 5 -667623 9_internal_6937 9 111856211 111874966 163 145.124 0.999974 3.98742 0.0751181 0.13782 0.318408 0.32288
ENSG00000241978.5 9 112542769 112542769 + 5 -667803 9_internal_6937 9 111856211 111874966 163 200.009 0.925345 5.75096 0.0625093 0.143939 0.233831 0.235165
ENSG00000136810.8 9 113018920 113018920 - 3 -51295 9_internal_6763 9 113070215 113080955 163 153.752 0.99996 2.64518 0.0686171 0.142972 0.199005 0.191011
ENSG00000165124.13 9 113342160 113342160 - 3 261205 9_internal_6763 9 113070215 113080955 163 169.638 1.00001 2.85746 0.0465195 0.151157 0.0945274 0.116086
ENSG00000198121.8 9 113800981 113800981 - 4 720026 9_internal_6763 9 113070215 113080955 163 162.729 1.00002 3.97984 0.104766 -0.126058 0.363184 0.357072
ENSG00000136813.9 9 114247025 114247025 - 2 -816312 9_internal_7020 9 115063337 115095254 163 130.209 0.999948 1.63951 0.150536 -0.112916 0.283582 0.304978
ENSG00000106853.12 9 114362135 114362135 - 2 -701202 9_internal_7020 9 115063337 115095254 163 174.127 0.999981 2.08499 0.300062 0.0812024 0.502488 0.501825
ENSG00000059769.15 9 114393632 114393632 + 2 669705 9_internal_7020 9 115063337 115095254 163 175.623 0.999994 2.16044 0.00517505 0.216261 0.00995025 0.00798117
ENSG00000244115.1 9 114393666 114393666 + 2 669671 9_internal_7020 9 115063337 115095254 163 183.168 1.00001 2.08988 0.00539698 0.21388 0.0149254 0.00663044
ENSG00000242616.2 9 114423615 114423615 + 2 639722 9_internal_7020 9 115063337 115095254 163 177.469 0.999958 1.96007 0.00511773 0.215159 0.00995025 0.0068178
ENSG00000165181.12 9 114557288 114557288 - 2 -96348 9_internal_9398 9 114653636 114792850 163 129.095 0.999955 1.68856 0.00105486 0.250566 0.00497512 0.0060231
ENSG00000224067.1 9 114565260 114565260 + 2 88376 9_internal_9398 9 114653636 114792850 163 149.438 1.00003 1.87265 3.84833e-05 0.311188 0.00497512 0.00015197
ENSG00000206907.1 9 114602108 114602108 + 2 461229 9_internal_7020 9 115063337 115095254 163 167.202 1.00003 2.14013 0.267256 -0.0852947 0.462687 0.476772
ENSG00000148154.5 9 114659046 114659046 + 2 0 9_internal_9398 9 114653636 114792850 163 163.334 0.999958 2.02803 0.000161305 0.29548 0.00497512 0.000322165
ENSG00000203564.2 9 114681204 114681204 - 2 0 9_internal_9398 9 114653636 114792850 163 162.3 0.999958 2.40218 0.00177515 0.239083 0.00995025 0.00435851
ENSG00000266315.1 9 114694380 114694380 + 2 0 9_internal_9398 9 114653636 114792850 163 161.949 1.00003 2.07195 0.00727975 0.215379 0.0199005 0.0154161
ENSG00000259953.1 9 114800010 114800010 - 2 7160 9_internal_9398 9 114653636 114792850 163 142.147 0.999963 1.84624 0.368841 0.071608 0.60199 0.612349
ENSG00000225513.1 9 114936251 114936251 - 2 143401 9_internal_9398 9 114653636 114792850 163 164.512 1.00004 2.04079 0.465434 0.0578868 0.736318 0.719229
ENSG00000106868.12 9 114937688 114937688 - 2 144838 9_internal_9398 9 114653636 114792850 163 131.61 1.00003 1.85138 0.152705 0.108908 0.338308 0.336815
ENSG00000242256.2 9 115005119 115005119 - 3 -58218 9_internal_7020 9 115063337 115095254 163 181.226 1 3.44421 0.16853 0.106837 0.41791 0.420438
ENSG00000199525.1 9 115014538 115014538 + 3 973592 9_internal_7425 9 115988130 115999736 163 163.955 1.00003 2.9482 0.0981716 0.13017 0.283582 0.26023
ENSG00000243911.2 9 115035111 115035111 - 3 -28226 9_internal_7020 9 115063337 115095254 163 160.771 0.999959 3.18204 0.114577 0.120856 0.333333 0.327196
ENSG00000230081.1 9 115043692 115043692 - 3 -944438 9_internal_7425 9 115988130 115999736 163 191.827 0.999968 3.62816 0.131051 0.119334 0.298507 0.321351
ENSG00000119314.11 9 115095947 115095947 - 3 303097 9_internal_9398 9 114653636 114792850 163 155.869 0.999959 2.72011 0.0324799 0.16781 0.0945274 0.096275
ENSG00000213529.3 9 115124994 115124994 + 4 -29740 9_internal_7020 9 115063337 115095254 163 172.742 1.00005 4.48696 0.0293761 0.162726 0.129353 0.107015
ENSG00000119471.10 9 115142217 115142217 + 4 -46963 9_internal_7020 9 115063337 115095254 163 163.382 1.00002 3.67161 0.0150245 -0.189605 0.0547264 0.0536464
ENSG00000251540.1 9 115246906 115246906 - 4 -854459 9_internal_6527 9 116101365 116114194 163 173.41 0.999995 4.32939 0.724663 0.0280352 0.995025 0.995726
ENSG00000165185.10 9 115249127 115249127 + 4 -153873 9_internal_7020 9 115063337 115095254 163 151.412 1.00004 3.35349 0.273793 0.0868617 0.701493 0.685269
ENSG00000230185.3 9 115249484 115249484 - 4 154230 9_internal_7020 9 115063337 115095254 163 186.256 1.00002 4.48539 0.367355 -0.0707019 0.835821 0.839731
ENSG00000250068.1 9 115344870 115344870 - 4 -756495 9_internal_6527 9 116101365 116114194 163 169.892 1.00004 4.37013 0.253937 0.0882442 0.686567 0.705642
ENSG00000148153.7 9 115480516 115480516 - 4 687666 9_internal_9398 9 114653636 114792850 163 171.819 0.999995 4.31536 0.0650439 -0.145453 0.223881 0.227915
ENSG00000148158.11 9 115513118 115513118 + 4 -417864 9_internal_7020 9 115063337 115095254 163 169.383 0.999965 4.0409 0.120888 -0.124481 0.368159 0.386355
ENSG00000119457.6 9 115653193 115653193 - 4 860343 9_internal_9398 9 114653636 114792850 163 162.013 1.00005 4.17012 0.137037 -0.115733 0.487562 0.46225
ENSG00000136867.6 9 115913222 115913222 + 3 -817968 9_internal_7020 9 115063337 115095254 163 194.518 1.00002 4.09732 0.22424 0.0935337 0.577114 0.565727
ENSG00000119321.4 9 115983641 115983641 - 3 888387 9_internal_7020 9 115063337 115095254 163 181.974 1.00002 3.57399 0.219355 0.094016 0.557214 0.537963
ENSG00000136868.8 9 115983842 115983842 + 3 4288 9_internal_7425 9 115988130 115999736 163 159.992 0.999999 2.99352 0.164487 0.109861 0.39801 0.42431
ENSG00000136875.7 9 116037623 116037623 + 3 -37887 9_internal_7425 9 115988130 115999736 163 162.952 1.00004 2.79669 0.132255 0.116962 0.343284 0.32759
ENSG00000176386.4 9 116037869 116037869 - 3 942615 9_internal_7020 9 115063337 115095254 163 150.552 1.00004 2.72092 0.139081 0.118243 0.373134 0.367983
ENSG00000119411.10 9 116111821 116111821 + 4 972199 9_internal_7896 9 117084020 117120585 163 162.602 1.00004 3.81875 0.177965 -0.105074 0.502488 0.528015
ENSG00000119431.5 9 116139279 116139279 - 4 -944741 9_internal_7896 9 117084020 117120585 163 179.634 1.00001 3.87986 0.205791 -0.101931 0.547264 0.545766
ENSG00000148218.11 9 116163613 116163613 - 4 49419 9_internal_6527 9 116101365 116114194 163 161.854 1.00004 3.98672 0.19351 -0.0997547 0.59204 0.579021
ENSG00000157653.7 9 116172334 116172334 + 4 911686 9_internal_7896 9 117084020 117120585 163 161.169 1.00001 3.66516 0.262552 0.0886963 0.666667 0.676874
ENSG00000148229.8 9 116172952 116172952 - 4 58758 9_internal_6527 9 116101365 116114194 163 154.548 0.999968 3.71779 0.0469197 -0.160702 0.174129 0.183393
ENSG00000138835.17 9 116207011 116207011 + 4 878927 9_internal_9839 9 117085938 117094182 163 145.315 0.999943 4.09022 0.306178 -0.0815194 0.79602 0.810413
ENSG00000237073.1 9 116352299 116352299 - 4 352563 9_internal_7425 9 115988130 115999736 163 153.051 0.999971 3.6198 0.650499 -0.035422 0.99005 0.980006
ENSG00000196739.9 9 116917840 116917840 + 10 562348 9_internal_7017 9 117480188 117499953 163 157.238 1.03489 8.98502 0.0322666 -0.154972 0.293532 0.262218
ENSG00000229314.4 9 117085336 117085336 + 9 602 9_internal_9839 9 117085938 117094182 163 146.939 1.15136 8.57945 9.24688e-09 0.420863 0.00497512 4.34476e-08
ENSG00000228278.2 9 117092149 117092149 + 9 0 9_internal_9839 9 117085938 117094182 163 153.608 1.01392 7.77843 0.000144474 0.292131 0.00497512 0.00159428
ENSG00000106948.12 9 117156685 117156685 - 8 -512570 9_internal_8129 9 117669255 117677779 163 157.858 0.884525 6.39758 0.0425851 0.153508 0.298507 0.313187
ENSG00000235119.1 9 117160783 117160783 - 8 -319405 9_internal_7017 9 117480188 117499953 163 146.302 1.03298 6.94496 0.069225 -0.141446 0.447761 0.446143
ENSG00000095397.9 9 117267730 117267730 - 8 -104727 9_internal_7450 9 117372457 117388070 163 167.839 0.940767 7.41132 0.000231605 0.288227 0.00497512 0.00208533
ENSG00000136888.6 9 117350026 117350026 + 8 22431 9_internal_7450 9 117372457 117388070 163 134.571 0.999935 5.41225 0.0167783 0.18822 0.129353 0.151218
ENSG00000157693.10 9 117373486 117373486 + 8 0 9_internal_7450 9 117372457 117388070 163 169.94 0.910048 8.28237 1.07624e-05 0.330935 0.00497512 0.000143395
ENSG00000201749.1 9 117377848 117377848 - 8 257263 9_internal_7896 9 117084020 117120585 163 146.939 0.994104 6.64084 0.0189203 0.182156 0.18408 0.161814
ENSG00000181634.6 9 117568406 117568406 - 8 -80136 9_internal_6968 9 117648542 117691547 163 147.751 1.04391 6.82062 0.00793949 0.204179 0.079602 0.0667413
ENSG00000106952.3 9 117692697 117692697 - 8 1150 9_internal_6968 9 117648542 117691547 163 156.426 1.08862 8.17407 7.05871e-07 0.377609 0.00497512 3.36008e-06
ENSG00000041982.10 9 117880536 117880536 - 8 188989 9_internal_6968 9 117648542 117691547 163 178.456 0.908851 8.41813 0.000357485 0.275278 0.00497512 0.00292665
ENSG00000136869.13 9 120466610 120466610 + 1 77933 9_internal_6554 9 120544543 120590461 163 220.862 1.00001 1.196 0.000533683 0.269077 0.00497512 6.58685e-05
ENSG00000201444.1 9 120470380 120470380 - 1 -74163 9_internal_6554 9 120544543 120590461 163 198.115 0.999986 1.05265 0.00278814 0.238055 0.00995025 0.00102708
ENSG00000251847.1 9 120493749 120493749 - 1 -50794 9_internal_6554 9 120544543 120590461 163 160.31 1.00002 1.04841 0.03777 0.163184 0.0547264 0.0412555
ENSG00000228512.1 9 120545726 120545726 + 1 0 9_internal_6554 9 120544543 120590461 163 180.844 0.999981 1.05108 0.086446 0.134424 0.0646766 0.0743855
ENSG00000231901.1 9 120659534 120659534 - 1 69073 9_internal_6554 9 120544543 120590461 163 139.903 1.00002 0.898268 0.0346971 0.160086 0.0447761 0.0454423
ENSG00000234782.2 9 120845660 120845660 - 1 255199 9_internal_6554 9 120544543 120590461 163 164.751 1.00003 1.01457 0.401064 0.0666955 0.38806 0.402964
ENSG00000136861.12 9 123342448 123342448 - 4 -284923 9_internal_6921 9 123627371 123701039 163 157.031 0.999974 3.94178 0.0438401 -0.160129 0.169154 0.175927
ENSG00000106780.7 9 123476748 123476748 - 4 -127433 9_internal_6877 9 123604181 123621502 163 142.848 0.999945 3.19031 0.466879 -0.0546859 0.890547 0.887563
ENSG00000238181.1 9 123482951 123482951 + 4 121230 9_internal_6877 9 123604181 123621502 163 170.736 1.00005 4.04544 0.772956 0.0229744 1 0.997278
ENSG00000119402.11 9 123555690 123555690 - 4 -326246 9_internal_7149 9 123881936 123906217 163 160.724 0.99999 3.79282 0.222981 0.097859 0.621891 0.622012
ENSG00000214654.5 9 123555829 123555829 + 4 71542 9_internal_6921 9 123627371 123701039 163 123.141 1 3.30545 0.136446 -0.114205 0.537313 0.513321
ENSG00000226752.2 9 123587106 123587106 + 4 17075 9_internal_6877 9 123604181 123621502 163 176.116 1.00004 4.31771 5.50424e-16 0.561217 0.00497512 1.61876e-16
ENSG00000095261.8 9 123605229 123605229 - 4 0 9_internal_6877 9 123604181 123621502 163 162.109 1.00005 4.13643 4.62149e-10 0.462763 0.00497512 2.12996e-09
ENSG00000119403.9 9 123639606 123639606 - 4 18104 9_internal_6877 9 123604181 123621502 163 160.533 1.00002 3.69728 1.56592e-14 0.555855 0.00497512 9.1227e-14
ENSG00000056558.6 9 123691451 123691451 - 4 0 9_internal_6921 9 123627371 123701039 163 174.429 0.999967 4.08145 0.0151179 0.196656 0.0547264 0.0479001
ENSG00000106804.6 9 123812554 123812554 - 4 111515 9_internal_6921 9 123627371 123701039 163 157.588 1.00002 4.08624 0.0146579 0.192568 0.0547264 0.06536
ENSG00000119397.11 9 123837141 123837141 + 4 -136102 9_internal_6921 9 123627371 123701039 163 173.633 0.999996 4.45615 0.0261936 0.174912 0.104478 0.0932937
ENSG00000224890.1 9 123838730 123838730 + 4 270479 9_internal_7927 9 124109209 124136402 163 183.868 1.00002 4.43296 0.17205 0.105029 0.517413 0.505456
ENSG00000243738.2 9 123965437 123965437 + 4 -343935 9_internal_6877 9 123604181 123621502 163 162.698 0.999959 4.11414 0.0129945 0.180625 0.0746269 0.0527306
ENSG00000244498.1 9 123970072 123970072 + 4 -348570 9_internal_6877 9 123604181 123621502 163 174.556 1 4.38115 0.478948 -0.0531836 0.930348 0.934772
ENSG00000148180.10 9 123970075 123970075 + 4 -348573 9_internal_6877 9 123604181 123621502 163 145.251 0.99995 3.33801 0.113162 -0.125911 0.373134 0.383485
ENSG00000119396.6 9 123985292 123985292 - 4 -123917 9_internal_7927 9 124109209 124136402 163 144.487 1.00002 3.63997 0.0802599 0.141362 0.348259 0.31757
ENSG00000239593.1 9 124045008 124045008 - 4 423506 9_internal_6877 9 123604181 123621502 163 149.74 1.00003 3.6335 0.0795783 -0.135665 0.283582 0.298419
ENSG00000235865.2 9 124047808 124047808 - 4 426306 9_internal_6877 9 123604181 123621502 163 178.106 1.00005 4.39906 0.0530873 -0.149124 0.18408 0.17641
ENSG00000267987.1 9 124103625 124103625 + 4 5584 9_internal_7927 9 124109209 124136402 163 156.203 1.00004 4.43355 0.00353906 0.227194 0.00995025 0.0189413
ENSG00000148175.8 9 124132531 124132531 - 4 0 9_internal_7927 9 124109209 124136402 163 172.185 0.999964 4.43694 0.000485102 0.266083 0.00497512 0.00148887
ENSG00000204136.6 9 124262306 124262306 - 4 125904 9_internal_7927 9 124109209 124136402 163 165.069 1.00005 4.09122 0.0300681 0.175281 0.0895522 0.113565
ENSG00000175764.10 9 124855885 124855885 - 5 -938441 9_internal_9378 9 125794326 126067897 163 176.18 0.945349 5.76834 0.200253 -0.102724 0.691542 0.708165
ENSG00000119421.5 9 124922098 124922098 - 4 -770662 9_internal_6969 9 125692760 125704411 163 161.933 0.999998 4.36317 0.435198 -0.0615117 0.910448 0.918266
ENSG00000266351.1 9 125018212 125018212 + 4 570735 9_internal_9688 9 125588947 125612638 163 154.325 0.99999 4.35235 0.415325 0.0635068 0.905473 0.912118
ENSG00000148187.12 9 125026882 125026882 + 4 767444 9_internal_9378 9 125794326 126067897 163 193.483 0.999971 4.30198 0.482891 0.0566936 0.935323 0.920261
ENSG00000119446.8 9 125027118 125027118 - 4 -561829 9_internal_9688 9 125588947 125612638 163 164.48 0.999978 4.16091 0.102726 -0.128218 0.358209 0.358428
ENSG00000095303.10 9 125132824 125132824 + 6 456123 9_internal_9688 9 125588947 125612638 163 172.408 1.03636 6.42806 0.0500947 -0.150036 0.233831 0.235788
ENSG00000269738.1 9 125148928 125148928 - 5 -645398 9_internal_9378 9 125794326 126067897 163 128.633 0.999961 3.74841 0.125411 0.120257 0.527363 0.510649
ENSG00000226783.1 9 125448212 125448212 + 5 616561 9_internal_7413 9 126064773 126103085 163 162.475 1 4.94897 0.136676 -0.117896 0.522388 0.518557
ENSG00000148215.3 9 125551150 125551150 + 5 243176 9_internal_9378 9 125794326 126067897 163 158.511 0.999957 4.33514 0.103743 -0.129115 0.412935 0.392616
ENSG00000165204.2 9 125562370 125562370 + 5 502403 9_internal_7413 9 126064773 126103085 163 167.744 1.04456 5.84013 0.138254 -0.115355 0.527363 0.545166
ENSG00000136940.9 9 125590910 125590910 - 5 -203416 9_internal_9378 9 125794326 126067897 163 169.256 1.00005 5.42983 0.113285 -0.124715 0.447761 0.457649
ENSG00000056586.10 9 125667562 125667562 - 5 54924 9_internal_9688 9 125588947 125612638 163 150.52 0.999958 4.69961 0.167018 0.108388 0.626866 0.616038
ENSG00000186130.4 9 125675609 125675609 - 5 -17151 9_internal_6969 9 125692760 125704411 163 194.167 1.00003 5.77486 0.321427 0.0797525 0.840796 0.848842
ENSG00000171448.8 9 125693779 125693779 - 5 81141 9_internal_9688 9 125588947 125612638 163 144.71 1.00003 4.73842 0.000946248 0.253383 0.00497512 0.00870144
ENSG00000261094.1 9 125699902 125699902 + 5 0 9_internal_6969 9 125692760 125704411 163 193.435 0.88169 5.79347 0.259883 0.0907257 0.800995 0.797871
ENSG00000011454.11 9 125703112 125703112 + 5 361661 9_internal_7413 9 126064773 126103085 163 168.746 0.99996 4.82216 0.363365 -0.0716576 0.900498 0.879333
ENSG00000222351.1 9 125708373 125708373 - 5 95735 9_internal_9688 9 125588947 125612638 163 160.66 1.00004 5.29617 0.0258556 0.172719 0.124378 0.134687
ENSG00000213216.2 9 125792032 125792032 - 5 -272741 9_internal_7413 9 126064773 126103085 163 152.287 1.00006 4.44045 0.13866 -0.114599 0.522388 0.520052
ENSG00000188394.6 9 125796806 125796806 + 5 319477 9_internal_7052 9 126116283 126139101 163 143.898 0.999952 4.68465 0.108788 -0.122751 0.487562 0.484664
ENSG00000225078.1 9 125825591 125825591 - 5 -239182 9_internal_7413 9 126064773 126103085 163 157.047 0.999948 5.24256 0.358982 -0.0729602 0.935323 0.909751
ENSG00000236901.2 9 125877756 125877756 - 5 173345 9_internal_6969 9 125692760 125704411 163 172.965 0.99995 5.05995 0.0187435 0.188785 0.0845771 0.0757867
ENSG00000165209.14 9 126030855 126030855 - 6 -33918 9_internal_7413 9 126064773 126103085 163 163.478 0.929882 5.86423 0.210137 -0.101406 0.746269 0.7702
ENSG00000148204.7 9 126118449 126118449 + 6 -50552 9_internal_9378 9 125794326 126067897 163 160.692 0.964257 5.61878 0.149639 -0.112016 0.606965 0.620383
ENSG00000207991.1 9 126164882 126164882 - 6 61797 9_internal_7413 9 126064773 126103085 163 173.904 0.937406 6.63925 0.205848 0.0987837 0.781095 0.775299
ENSG00000237336.1 9 126254163 126254163 + 7 -641525 9_internal_9688 9 125588947 125612638 163 161.488 0.925735 5.91467 0.0974021 -0.131919 0.497512 0.495323
ENSG00000222722.1 9 126347736 126347736 - 7 -610603 9_internal_8024 9 126958339 127006695 163 151.444 0.999939 5.64343 0.0852561 -0.135163 0.427861 0.438437
ENSG00000230826.1 9 126498716 126498716 + 7 -359615 9_internal_7052 9 126116283 126139101 163 159.625 1.02304 6.88344 0.0895071 0.125858 0.477612 0.478313
ENSG00000229115.1 9 126521499 126521499 + 7 -817088 9_internal_6969 9 125692760 125704411 163 159.164 1.0614 7.57803 0.0537816 -0.148107 0.333333 0.329721
ENSG00000234881.1 9 126605315 126605315 + 7 -992677 9_internal_9688 9 125588947 125612638 163 174.7 0.973717 8.25896 0.26513 -0.0848259 0.900498 0.909602
ENSG00000119522.11 9 126692431 126692431 - 6 -522966 9_internal_6544 9 127215397 127267602 163 166.884 0.962751 5.71017 0.173261 -0.103259 0.661692 0.665196
ENSG00000119408.12 9 127019885 127019885 + 5 -13190 9_internal_8024 9 126958339 127006695 163 160.326 1.00005 5.24179 0.00344847 0.213468 0.0199005 0.0193725
ENSG00000235204.1 9 127023435 127023435 - 5 16740 9_internal_8024 9 126958339 127006695 163 173.983 1.00003 4.93369 0.00480203 0.214588 0.0447761 0.0174927
ENSG00000227200.1 9 127025155 127025155 + 5 190242 9_internal_6544 9 127215397 127267602 163 175.082 1.00001 4.89638 0.0194784 0.171684 0.0845771 0.0734269
ENSG00000234236.1 9 127103208 127103208 + 3 -96513 9_internal_8024 9 126958339 127006695 163 169.622 0.999958 3.62328 0.00379418 0.215655 0.0298507 0.0113514
ENSG00000264237.1 9 127112810 127112810 - 3 106115 9_internal_8024 9 126958339 127006695 163 163.175 1.00004 3.14789 0.0326501 0.172335 0.0995025 0.0989349
ENSG00000136930.8 9 127177723 127177723 - 2 171028 9_internal_8024 9 126958339 127006695 163 147.146 0.999981 1.94398 0.188692 0.101153 0.378109 0.370375
ENSG00000136931.5 9 127269709 127269709 - 2 263014 9_internal_8024 9 126958339 127006695 163 149.374 1.00004 1.92845 0.359032 0.0738476 0.597015 0.6022
ENSG00000231149.1 9 127277217 127277217 + 2 -9615 9_internal_6544 9 127215397 127267602 163 160.628 0.999989 1.80759 0.165916 0.103765 0.308458 0.284463
ENSG00000231744.1 9 127361859 127361859 - 2 355164 9_internal_8024 9 126958339 127006695 163 146.541 0.999966 1.94111 0.551283 0.0439815 0.835821 0.807585
ENSG00000241246.2 9 127369438 127369438 + 2 -101836 9_internal_6544 9 127215397 127267602 163 200.487 1.00002 2.13929 0.0570802 0.152353 0.079602 0.0729507
ENSG00000224020.1 9 127420746 127420746 + 2 -414051 9_internal_8024 9 126958339 127006695 163 170.895 0.999989 2.01421 0.0603996 0.142008 0.104478 0.10672
ENSG00000229850.1 9 127432491 127432491 - 2 425796 9_internal_8024 9 126958339 127006695 163 164.098 1.00003 2.00237 0.0555564 0.14884 0.104478 0.106588
ENSG00000207595.1 9 127454721 127454721 + 2 -448026 9_internal_8024 9 126958339 127006695 163 132.231 1.00004 1.75231 0.0772374 0.136944 0.189055 0.187311
ENSG00000207737.1 9 127455989 127455989 + 2 -188387 9_internal_6544 9 127215397 127267602 163 165.404 1.00003 2.39136 0.466169 0.0567901 0.78607 0.773797
ENSG00000236643.1 9 127532402 127532402 + 3 930813 9_internal_8006 9 128463215 128605232 163 146.27 1.00004 2.68705 0.641769 -0.0363661 0.930348 0.944683
ENSG00000148200.11 9 127533589 127533589 - 3 -929626 9_internal_8006 9 128463215 128605232 163 167.489 0.999968 2.94397 0.0464889 -0.15141 0.0895522 0.122911
ENSG00000136918.3 9 127615755 127615755 + 3 -609060 9_internal_8024 9 126958339 127006695 163 171.118 1.00001 3.14821 0.318004 -0.0783765 0.671642 0.683658
ENSG00000136942.9 9 127624260 127624260 - 3 617565 9_internal_8024 9 126958339 127006695 163 168.046 1.00004 2.91421 0.488771 -0.0546996 0.865672 0.853014
ENSG00000136950.9 9 127624409 127624409 + 3 -617714 9_internal_8024 9 126958339 127006695 163 166.056 1.00001 2.86601 0.089893 -0.132375 0.268657 0.229431
ENSG00000136935.8 9 127710292 127710292 - 3 -752923 9_internal_8006 9 128463215 128605232 163 189.201 0.999979 2.92303 0.485388 -0.0570373 0.81592 0.827794
ENSG00000230396.1 9 127886583 127886583 - 4 618981 9_internal_6544 9 127215397 127267602 163 177.613 1.00005 4.69018 0.306709 -0.0765902 0.78607 0.793899
ENSG00000173611.11 9 127905785 127905785 - 4 638183 9_internal_6544 9 127215397 127267602 163 174.97 1.00003 4.77463 0.0736509 -0.140144 0.263682 0.270079
ENSG00000232630.1 9 127912932 127912932 + 4 550283 9_internal_8006 9 128463215 128605232 163 161.201 0.999967 3.90824 0.0900272 -0.130433 0.323383 0.313712
ENSG00000119414.7 9 127952218 127952218 - 4 -510997 9_internal_8006 9 128463215 128605232 163 159.721 0.999946 3.991 0.127943 0.109354 0.442786 0.431273
ENSG00000136933.12 9 127962821 127962821 + 4 757440 9_internal_6779 9 128720261 128724305 163 188.739 0.999974 4.6224 0.324769 0.0741127 0.771144 0.793635
ENSG00000044574.7 9 128003609 128003609 - 4 996914 9_internal_8024 9 126958339 127006695 163 141.001 1.00006 3.39958 0.263784 0.0875213 0.696517 0.700742
ENSG00000239705.1 9 128003942 128003942 + 4 -997247 9_internal_8024 9 126958339 127006695 163 152.176 1.00003 3.40134 0.0572589 -0.143973 0.19403 0.207874
ENSG00000165219.15 9 128024073 128024073 + 3 439142 9_internal_8006 9 128463215 128605232 163 140.985 0.999988 2.48994 0.0116794 0.194638 0.0348259 0.0467502
ENSG00000214593.3 9 128026369 128026369 - 3 -436846 9_internal_8006 9 128463215 128605232 163 158.607 1.00004 3.03942 0.109797 0.119652 0.303483 0.309487
ENSG00000236465.1 9 128035814 128035814 + 3 -768212 9_internal_6544 9 127215397 127267602 163 156.283 1 2.86576 0.00251909 -0.235625 0.0149254 0.0088497
ENSG00000227452.1 9 128047877 128047877 + 3 -780275 9_internal_6544 9 127215397 127267602 163 161.026 0.99996 2.89038 0.159673 0.109961 0.412935 0.400503
ENSG00000200554.1 9 128066305 128066305 - 3 -653956 9_internal_6779 9 128720261 128724305 163 158.989 1.00002 2.87428 0.347177 0.0735364 0.716418 0.714166
ENSG00000227845.1 9 128134971 128134971 - 4 -328244 9_internal_8006 9 128463215 128605232 163 183.041 1.00003 4.21974 0.327025 0.074716 0.771144 0.776509
ENSG00000243845.2 9 128275486 128275486 - 4 -887205 9_internal_7869 9 129162691 129202735 163 153.608 0.999954 3.9056 0.287838 -0.0844005 0.741294 0.75474
ENSG00000227068.1 9 128329858 128329858 + 4 390403 9_internal_6779 9 128720261 128724305 163 168.715 1.00002 4.00389 0.121387 0.115426 0.378109 0.386927
ENSG00000214761.3 9 128357948 128357948 + 4 730121 9_internal_8235 9 129088069 129254170 163 173.585 0.999978 3.57847 0.0871222 -0.129623 0.248756 0.250631
ENSG00000119487.12 9 128469513 128469513 - 5 -693178 9_internal_7869 9 129162691 129202735 163 164.098 0.999969 4.56736 0.0414873 0.159764 0.179104 0.173284
ENSG00000167081.10 9 128509624 128509624 + 5 210637 9_internal_6779 9 128720261 128724305 163 158.177 1.00004 5.17672 0.0253827 -0.173393 0.149254 0.135135
ENSG00000196814.10 9 129089128 129089128 + 5 0 9_internal_8235 9 129088069 129254170 163 158.129 0.999947 4.64831 1.70902e-06 0.367044 0.00497512 1.13622e-05
ENSG00000169155.5 9 129567285 129567285 + 8 -842980 9_internal_6779 9 128720261 128724305 163 149.342 0.905889 6.43101 0.141884 -0.115086 0.696517 0.709264
ENSG00000177125.5 9 129622944 129622944 + 8 -420209 9_internal_7869 9 129162691 129202735 163 174.095 1.06228 9.21349 0.0714883 -0.143491 0.427861 0.419241
ENSG00000136828.13 9 129677053 129677053 + 10 917537 9_internal_10444 9 130594590 130683929 163 152.271 0.973049 8.622 0.124473 -0.118995 0.711443 0.730432
ENSG00000136859.5 9 129885162 129885162 - 13 682427 9_internal_7869 9 129162691 129202735 163 161.265 1.05539 12.2886 0.0467573 -0.149698 0.432836 0.427284
ENSG00000228487.1 9 129984186 129984186 - 13 -692662 9_internal_7375 9 130676848 130694333 163 169.606 0.967592 12.8485 0.0458376 -0.16012 0.432836 0.436752
ENSG00000136895.12 9 129986544 129986544 + 13 690304 9_internal_7375 9 130676848 130694333 163 164.337 0.848864 10.1249 0.00243144 0.233377 0.0547264 0.0433165
ENSG00000136856.12 9 130159421 130159421 + 13 663463 9_internal_9284 9 130822884 130867108 163 169.59 1.05488 14.0052 0.00599348 0.220633 0.0597015 0.0579385
ENSG00000196152.6 9 130186661 130186661 + 13 407929 9_internal_10444 9 130594590 130683929 163 192.942 0.890455 15.1006 0.15261 0.113853 0.865672 0.877723
ENSG00000201302.1 9 130210909 130210909 - 12 764934 9_internal_7688 9 129372735 129445975 163 146.668 1.04871 10.4137 0.0747833 -0.138261 0.626866 0.609781
ENSG00000197958.8 9 130213684 130213684 - 12 -609200 9_internal_9284 9 130822884 130867108 163 148.817 1.00295 9.91003 0.0439642 -0.148146 0.422886 0.423471
ENSG00000148356.8 9 130213765 130213765 + 12 109616 9_internal_7012 9 130323381 130479241 163 189.456 0.844202 14.8431 0.166815 0.107671 0.910448 0.913062
ENSG00000200788.1 9 130233154 130233154 + 12 507102 9_internal_6879 9 130740256 130774486 163 173.06 0.943428 14.8083 0.00725863 0.213308 0.0845771 0.0949091
ENSG00000160401.9 9 130469268 130469268 + 11 395578 9_internal_6903 9 130864846 130869483 163 164.385 1.0522 12.3828 0.065248 0.145006 0.542289 0.536395
ENSG00000167094.11 9 130478345 130478345 + 11 -107431 9_internal_7635 9 130317544 130370914 163 151.077 0.978383 10.6427 0.161201 0.109285 0.875622 0.879138
