ENSG00000177764.6 20 277737 277737 + 4 212218 20_internal_5149 20 489955 525531 163 164.433 1.00002 3.91246 0.0771968 -0.132651 0.233831 0.2657
ENSG00000247315.2 20 278214 278214 + 4 211741 20_internal_5149 20 489955 525531 163 175.575 1.00002 3.90324 0.0544603 -0.145142 0.174129 0.167608
ENSG00000177732.6 20 306207 306207 + 6 998293 20_internal_5046 20 1304500 1376136 163 161.87 0.951329 6.43719 0.0395731 -0.156392 0.253731 0.253036
ENSG00000101255.6 20 361261 361261 + 6 -5983 20_internal_6975 20 342146 355278 163 192.655 1.00001 7.22325 1.2773e-18 0.600631 0.00497512 7.17032e-21
ENSG00000125826.15 20 388142 388142 + 6 914925 20_internal_6480 20 1303067 1403437 163 166.375 0.985234 6.47844 0.229506 0.0948511 0.791045 0.811659
ENSG00000206797.1 20 431307 431307 + 6 871760 20_internal_6480 20 1303067 1403437 163 160.708 1 5.33163 0.0194358 0.184296 0.139303 0.10364
ENSG00000125875.9 20 443197 443197 - 6 15864 20_internal_5337 20 416644 427333 163 166.2 0.923498 5.5198 0.0355532 0.16834 0.19403 0.201943
ENSG00000101266.11 20 524482 524482 - 7 -780018 20_internal_5046 20 1304500 1376136 163 136.306 1.00003 5.33013 0.0761832 0.143226 0.452736 0.446357
ENSG00000234516.1 20 629157 629157 - 8 -673910 20_internal_6480 20 1303067 1403437 163 152.924 1.06042 8.27211 0.0725193 0.131675 0.502488 0.479692
ENSG00000172070.5 20 656444 656444 - 11 -646623 20_internal_6480 20 1303067 1403437 163 166.693 0.913392 10.4649 0.099216 0.122002 0.681592 0.685074
ENSG00000215397.2 20 656825 656825 - 11 301547 20_internal_6975 20 342146 355278 163 165.658 1.06074 11.17 0.106332 0.120218 0.651741 0.682619
ENSG00000101276.10 20 749131 749131 - 11 -740611 20_internal_6415 20 1489742 1576968 163 181.242 1.01647 14.0554 0.135128 0.112617 0.850746 0.816267
ENSG00000125898.7 20 814358 814358 + 11 -387025 20_internal_5337 20 416644 427333 163 177.406 0.919696 10.0085 0.0209999 -0.176485 0.19403 0.178514
ENSG00000101278.6 20 820620 820620 - 11 393287 20_internal_5337 20 416644 427333 163 170.959 0.895448 10.5702 0.00318112 -0.230035 0.039801 0.0398797
ENSG00000251390.2 20 825767 825767 + 11 -398434 20_internal_5337 20 416644 427333 163 153.64 1.03048 10.2784 0.0409038 -0.155185 0.39801 0.377158
ENSG00000101280.6 20 896977 896977 - 11 469644 20_internal_5337 20 416644 427333 163 169.112 1.04008 10.83 0.083088 -0.132502 0.59204 0.565045
ENSG00000125818.12 20 1093906 1093906 + 11 537548 20_internal_5177 20 1631454 1668647 163 173.203 0.98334 12.003 0.0357592 -0.165564 0.328358 0.317513
ENSG00000215388.3 20 1141228 1141228 + 11 -785950 20_internal_6975 20 342146 355278 163 150.266 1.05287 10.236 0.00321723 -0.226767 0.039801 0.0390746
ENSG00000243473.1 20 1146924 1146924 + 11 -621393 20_internal_5149 20 489955 525531 163 152.86 0.988207 10.0396 0.0387876 0.15688 0.383085 0.378387
ENSG00000125895.5 20 1166059 1166059 - 11 738726 20_internal_5337 20 416644 427333 163 190.793 0.932252 11.5479 0.280727 0.0816518 0.975124 0.964769
ENSG00000101298.9 20 1246960 1246960 + 11 -819627 20_internal_5337 20 416644 427333 163 188.819 0.952547 14.3355 0.015861 0.187275 0.159204 0.142158
ENSG00000234684.1 20 1306065 1306065 + 11 0 20_internal_6480 20 1303067 1403437 163 167.218 1.05591 11.2282 0.00173246 0.241348 0.0149254 0.0130872
ENSG00000125775.10 20 1309883 1309883 - 11 0 20_internal_5046 20 1304500 1376136 163 182.929 1.01968 12.2588 0.000182538 0.28483 0.00497512 0.000777963
ENSG00000203630.3 20 1317555 1317555 - 11 0 20_internal_5046 20 1304500 1376136 163 151.905 0.95808 10.845 0.0212108 0.178113 0.258706 0.268032
ENSG00000229728.1 20 1342266 1342266 + 11 -914933 20_internal_5337 20 416644 427333 163 147.687 1.05774 9.91267 0.00531203 0.2137 0.0497512 0.0644202
ENSG00000088832.10 20 1373806 1373806 - 10 0 20_internal_6480 20 1303067 1403437 163 156.585 1.0239 9.95946 0.0292869 0.173758 0.268657 0.271218
ENSG00000088833.11 20 1448417 1448417 - 9 -183037 20_internal_5177 20 1631454 1668647 163 165.563 1.04491 8.7755 0.0321573 0.160784 0.248756 0.222149
ENSG00000258950.1 20 1454487 1454487 - 9 -176967 20_internal_5177 20 1631454 1668647 163 153.338 0.925285 7.7028 0.0812213 0.132596 0.537313 0.5545
ENSG00000266085.1 20 1469195 1469195 + 9 162259 20_internal_5177 20 1631454 1668647 163 165.626 0.942117 9.57224 0.0248425 0.173141 0.273632 0.228916
ENSG00000196209.7 20 1472233 1472233 - 9 -17509 20_internal_6415 20 1489742 1576968 163 153.354 1.04281 8.71631 0.0287213 -0.169383 0.218905 0.241726
ENSG00000252103.1 20 1509805 1509805 - 9 984274 20_internal_5149 20 489955 525531 163 166.072 1.06159 9.35534 0.022102 -0.176368 0.164179 0.157771
ENSG00000242324.1 20 1538299 1538299 - 8 0 20_internal_6415 20 1489742 1576968 163 135.096 0.966744 5.67934 7.3157e-06 -0.330102 0.00497512 0.000338775
ENSG00000125900.8 20 1539489 1539489 - 8 0 20_internal_6415 20 1489742 1576968 163 170.02 1.00816 9.40134 7.96482e-08 -0.402353 0.00497512 3.482e-07
ENSG00000260861.2 20 1600655 1600655 - 8 23687 20_internal_6415 20 1489742 1576968 163 170.338 0.985235 9.44578 9.93524e-26 0.693584 0.00497512 1.81124e-25
ENSG00000101307.11 20 1600707 1600707 - 8 23739 20_internal_6415 20 1489742 1576968 163 205.485 0.906984 10.6515 3.30293e-25 0.674056 0.00497512 1.43854e-27
ENSG00000237914.1 20 1614154 1614154 + 8 -61201 20_internal_5435 20 1538257 1552953 163 158.623 0.933599 7.19516 0.0786371 -0.141586 0.472637 0.494629
ENSG00000089012.10 20 1638425 1638425 - 8 -5703 20_internal_4923 20 1644128 1657804 163 151.587 1.12916 7.80435 0.057527 -0.15322 0.38806 0.360285
ENSG00000236550.1 20 1657553 1657553 - 8 0 20_internal_4551 20 1637689 1660152 163 164.958 1.01387 8.3689 0.0156467 0.190284 0.119403 0.115055
ENSG00000223750.1 20 1688846 1688846 - 8 111878 20_internal_6415 20 1489742 1576968 163 168.89 0.977582 6.61682 0.0675886 -0.141428 0.373134 0.359406
ENSG00000234282.1 20 1703183 1703183 - 8 420979 20_internal_6906 20 1195801 1282204 163 165.897 1.00445 8.02026 0.0172749 0.185573 0.129353 0.122226
ENSG00000232528.3 20 1760641 1760641 - 10 357204 20_internal_6480 20 1303067 1403437 163 149.279 1.09328 9.46125 0.0478373 0.149398 0.41791 0.390716
ENSG00000230839.1 20 1798252 1798252 - 10 394815 20_internal_6480 20 1303067 1403437 163 174.206 0.919344 10.2076 0.0365509 0.160814 0.323383 0.309427
ENSG00000198053.7 20 1875154 1875154 + 12 -592950 20_internal_6906 20 1195801 1282204 163 158.67 1.08062 12.039 0.0556816 -0.150886 0.517413 0.48259
ENSG00000233896.1 20 1927892 1927892 + 12 -524455 20_internal_6480 20 1303067 1403437 163 170.672 0.983357 14.6491 0.0607994 0.14777 0.577114 0.571087
ENSG00000125834.8 20 2082257 2082257 + 13 -800053 20_internal_6906 20 1195801 1282204 163 154.038 1.05029 11.6719 0.13435 0.116602 0.81592 0.828498
ENSG00000125780.11 20 2276647 2276647 + 13 -699679 20_internal_6415 20 1489742 1576968 163 131.721 1.05496 8.79017 0.104181 -0.124766 0.716418 0.72751
ENSG00000251806.1 20 2443683 2443683 - 11 -265046 20_internal_5096 20 2708729 2724396 163 148.801 0.945326 8.88256 0.0806466 0.135554 0.597015 0.61244
ENSG00000125835.13 20 2451499 2451499 - 11 898546 20_internal_5435 20 1538257 1552953 163 159.005 1.01048 10.8447 0.240012 0.0945917 0.945274 0.952232
ENSG00000256566.1 20 2489553 2489553 - 11 -219176 20_internal_5096 20 2708729 2724396 163 173.012 0.961427 10.3564 0.0736459 -0.144492 0.512438 0.521364
ENSG00000088876.7 20 2505348 2505348 - 11 836701 20_internal_5177 20 1631454 1668647 163 156.187 1.03788 9.80067 0.0181288 -0.187906 0.19403 0.171895
ENSG00000101361.10 20 2632791 2632791 + 9 732060 20_internal_4745 20 3364851 3397701 163 173.697 0.881346 9.79123 0.0735939 0.146391 0.517413 0.538334
ENSG00000221116.1 20 2634858 2634858 + 9 -974706 20_internal_4551 20 1637689 1660152 163 141.479 1.07758 7.9416 0.0326755 0.165266 0.308458 0.28195
ENSG00000207427.1 20 2635713 2635713 + 9 72916 20_internal_4586 20 2708629 2724127 163 180.016 0.893917 10.0485 0.0312557 0.16968 0.253731 0.259267
ENSG00000212498.1 20 2636743 2636743 + 9 71886 20_internal_4586 20 2708629 2724127 163 149.151 0.981348 7.88081 0.179287 0.107258 0.820896 0.830593
ENSG00000207262.1 20 2637585 2637585 + 9 -968938 20_internal_5177 20 1631454 1668647 163 193.626 0.884529 9.81338 0.0758415 0.13937 0.492537 0.470937
ENSG00000226572.1 20 2637585 2637585 + 9 -968938 20_internal_5177 20 1631454 1668647 163 169.208 0.973587 8.51138 0.0758415 0.13937 0.492537 0.475609
ENSG00000101365.15 20 2644865 2644865 - 9 -63764 20_internal_4586 20 2708629 2724127 163 147.209 0.998235 8.37296 0.0185311 0.180666 0.189055 0.193455
ENSG00000228293.1 20 2644998 2644998 + 9 -976351 20_internal_5177 20 1631454 1668647 163 163.271 0.953247 8.44181 0.0125537 0.200472 0.134328 0.113736
ENSG00000215305.5 20 2821349 2821349 + 6 543502 20_internal_4745 20 3364851 3397701 163 137.452 1.00007 5.17567 0.121966 0.120412 0.587065 0.583421
ENSG00000132635.12 20 2821836 2821836 - 6 -41129 20_internal_5539 20 2862965 2871745 163 151.046 0.999957 4.91707 0.284454 0.0847011 0.850746 0.830387
ENSG00000132670.16 20 2844830 2844830 + 6 520021 20_internal_4745 20 3364851 3397701 163 144.901 0.999998 5.12631 0.0677625 -0.145552 0.348259 0.366127
ENSG00000125787.7 20 3024268 3024268 + 9 27588 20_internal_4966 20 3051856 3141309 163 165.515 0.971876 9.36598 0.0408433 0.147774 0.318408 0.326173
ENSG00000125901.5 20 3026591 3026591 + 9 841544 20_internal_5510 20 3868135 3917536 163 157.031 1.1413 10.1053 0.0331389 0.167509 0.283582 0.25402
ENSG00000263905.1 20 3074861 3074861 + 10 793274 20_internal_5510 20 3868135 3917536 163 180.351 0.968246 10.8771 0.0358793 -0.159193 0.298507 0.273828
ENSG00000235958.1 20 3087559 3087559 + 10 -363163 20_internal_5096 20 2708729 2724396 163 177.931 0.983925 12.7851 0.00986654 -0.207849 0.124378 0.0899795
ENSG00000215251.3 20 3140543 3140543 - 10 0 20_internal_4966 20 3051856 3141309 163 163.764 0.896627 8.81889 0.00282974 0.228382 0.0497512 0.0367015
ENSG00000185019.12 20 3140842 3140842 - 10 -224009 20_internal_4745 20 3364851 3397701 163 157.031 1.01084 8.31711 0.129627 -0.117298 0.721393 0.70215
ENSG00000198171.8 20 3185331 3185331 - 10 -179520 20_internal_4745 20 3364851 3397701 163 174.047 0.979127 11.0457 0.00526093 -0.213114 0.039801 0.0457827
ENSG00000125877.7 20 3189514 3189514 + 10 -343156 20_internal_4623 20 2801444 2846358 163 172.264 1.06712 11.8779 0.105828 -0.128113 0.671642 0.674943
ENSG00000088854.11 20 3388272 3388272 - 10 0 20_internal_4745 20 3364851 3397701 163 172.583 1.01331 10.8109 0.00443 0.221718 0.0348259 0.0344769
ENSG00000088812.13 20 3451687 3451687 + 10 585452 20_internal_6068 20 4037139 4073566 163 180.573 1.01059 12.4277 0.105914 -0.126728 0.701493 0.680898
ENSG00000101220.13 20 3749034 3749034 - 8 607725 20_internal_4966 20 3051856 3141309 163 175.464 0.917535 8.11016 0.068863 -0.1331 0.422886 0.429808
ENSG00000125817.7 20 3767337 3767337 - 9 895592 20_internal_5539 20 2862965 2871745 163 153.736 1.05183 8.98174 0.0136735 -0.189491 0.129353 0.124137
ENSG00000101224.13 20 3767578 3767578 + 9 -626269 20_internal_4966 20 3051856 3141309 163 181.21 0.920294 9.23736 0.300309 -0.0799633 0.960199 0.955556
ENSG00000125843.6 20 3801178 3801178 + 9 235961 20_internal_6068 20 4037139 4073566 163 133.743 1.11695 8.48843 0.116649 0.124412 0.756219 0.724335
ENSG00000088888.13 20 3827487 3827487 + 9 209652 20_internal_6068 20 4037139 4073566 163 168.874 1.11396 11.7657 0.205152 -0.0940805 0.890547 0.909051
ENSG00000125779.16 20 3869486 3869486 + 8 1080 20_internal_5462 20 3870566 3916894 163 169.51 1.13561 8.59651 0.14885 0.114775 0.696517 0.682325
ENSG00000229539.1 20 3869515 3869515 - 8 471814 20_internal_4745 20 3364851 3397701 163 175.623 1.11118 9.15377 0.10642 -0.125753 0.562189 0.54644
ENSG00000199024.1 20 3898141 3898141 + 7 0 20_internal_5462 20 3870566 3916894 163 160.246 1.01227 5.89817 0.0465818 0.159678 0.258706 0.248941
ENSG00000101236.11 20 3996229 3996229 - 8 -40910 20_internal_6068 20 4037139 4073566 163 164.162 1.0083 8.23659 1.81116e-05 0.329496 0.00497512 0.000128942
ENSG00000226608.2 20 4004552 4004552 + 8 -863243 20_internal_4966 20 3051856 3141309 163 164.942 0.934745 7.00937 0.0381799 0.165741 0.293532 0.260498
ENSG00000171867.12 20 4666882 4666882 + 9 307648 20_internal_5109 20 4974530 4983212 163 174.891 0.9777 9.45078 0.09642 0.132129 0.577114 0.578165
ENSG00000101265.11 20 4804291 4804291 - 10 0 20_internal_5400 20 4765924 4805785 163 159.291 0.988341 8.56871 0.272447 -0.0831824 0.945274 0.939866
ENSG00000252096.1 20 4849630 4849630 + 10 887671 20_internal_5920 20 5737301 5838113 163 171.978 0.926355 9.19211 0.0130419 -0.191493 0.129353 0.115395
ENSG00000252058.1 20 4863030 4863030 + 10 111500 20_internal_5109 20 4974530 4983212 163 143.819 1.05366 8.14522 0.0243431 0.176535 0.263682 0.226712
ENSG00000089057.10 20 4990939 4990939 - 8 7727 20_internal_5109 20 4974530 4983212 163 170.068 1.00462 8.73395 0.00479526 0.205741 0.0547264 0.0334969
ENSG00000212536.1 20 5079122 5079122 - 7 -658179 20_internal_5920 20 5737301 5838113 163 148.387 1.00005 5.66329 0.00833343 0.207948 0.0746269 0.0652255
ENSG00000089063.10 20 5093749 5093749 - 7 -5617 20_internal_4669 20 5099366 5109957 163 195.998 0.866621 7.21597 0.119955 0.127663 0.537313 0.549998
ENSG00000252367.1 20 5094729 5094729 - 7 -642572 20_internal_5920 20 5737301 5838113 163 168.317 1.02953 7.11797 0.00385345 0.227293 0.0149254 0.020693
ENSG00000132646.6 20 5107272 5107272 - 7 0 20_internal_4669 20 5099366 5109957 163 166.072 1.00942 7.00778 0.0134123 0.192129 0.0895522 0.0825824
ENSG00000101290.9 20 5107432 5107432 + 7 421142 20_internal_6737 20 5528574 5731955 163 155.821 1.02388 6.59108 0.0773415 0.132979 0.462687 0.428848
ENSG00000225022.1 20 5273477 5273477 - 7 290265 20_internal_5109 20 4974530 4983212 163 158.829 0.908822 5.93554 0.0675444 0.145698 0.358209 0.398579
ENSG00000101292.6 20 5297378 5297378 - 7 314166 20_internal_5109 20 4974530 4983212 163 156.84 1.03174 6.15913 0.162241 0.107507 0.676617 0.671878
ENSG00000226995.2 20 5451740 5451740 - 7 -285561 20_internal_5920 20 5737301 5838113 163 185.365 0.91523 6.21554 0.0360024 -0.160737 0.19403 0.177642
ENSG00000266908.1 20 5479762 5479762 + 7 527604 20_internal_5182 20 6007366 6013271 163 141.479 1.07197 6.05388 0.0530791 -0.149904 0.363184 0.330161
ENSG00000205181.4 20 5485259 5485259 - 7 -46221 20_internal_7223 20 5531480 5900306 163 148.881 1.09085 6.84608 0.001755 0.23335 0.0149254 0.0127838
ENSG00000225640.1 20 5490648 5490648 - 7 -40832 20_internal_7223 20 5531480 5900306 163 174.381 0.999999 6.8996 0.0105009 0.198017 0.0895522 0.0547107
ENSG00000225831.1 20 5513524 5513524 + 7 17956 20_internal_7223 20 5531480 5900306 163 153.115 0.937377 5.60394 0.0565355 0.148704 0.338308 0.34118
ENSG00000235820.1 20 5514274 5514274 + 7 17206 20_internal_7223 20 5531480 5900306 163 178.52 1.02676 7.73219 0.000188897 0.281518 0.00497512 0.000587845
ENSG00000233578.1 20 5529486 5529486 + 7 0 20_internal_6737 20 5528574 5731955 163 153.624 1.11733 6.70296 0.00153978 0.245428 0.00995025 0.00815421
ENSG00000125772.8 20 5591672 5591672 - 7 0 20_internal_7223 20 5531480 5900306 163 185.381 0.888364 6.59362 8.75659e-05 0.299431 0.00497512 0.000509512
ENSG00000171984.10 20 5731039 5731039 + 7 0 20_internal_6737 20 5528574 5731955 163 164.799 1.01697 7.20065 0.000173352 0.286785 0.00497512 0.00101744
ENSG00000089195.10 20 5931182 5931182 - 6 199227 20_internal_6737 20 5528574 5731955 163 165.722 0.927272 5.494 0.0705283 -0.145117 0.343284 0.3557
ENSG00000125885.9 20 5931298 5931298 + 6 -93185 20_internal_5920 20 5737301 5838113 163 174.986 0.965982 6.00257 0.0154541 -0.189504 0.0895522 0.0779503
ENSG00000088766.6 20 5986736 5986736 + 5 20630 20_internal_5182 20 6007366 6013271 163 163.111 1.00004 4.50174 0.0188004 -0.189459 0.0995025 0.0817124
ENSG00000125845.5 20 6748311 6748311 + 3 -735040 20_internal_5182 20 6007366 6013271 163 181.672 0.999955 3.39016 0.147123 -0.109416 0.363184 0.366124
ENSG00000125827.4 20 8000476 8000476 - 2 -134652 20_internal_5710 20 8135128 8224103 163 164.878 0.999989 1.81869 0.748711 0.0256657 0.920398 0.918063
ENSG00000229766.1 20 8000549 8000549 + 2 134579 20_internal_5710 20 8135128 8224103 163 163.955 1.00002 2.21203 0.214418 0.0963942 0.41791 0.411417
ENSG00000182621.12 20 8112824 8112824 + 2 0 20_internal_6041 20 8111854 8286411 163 172.853 1.00001 2.0021 0.00109538 0.250614 0.00497512 0.00154668
ENSG00000225479.1 20 8229351 8229351 + 2 0 20_internal_6041 20 8111854 8286411 163 153.179 1.00004 1.91033 0.00423544 0.221567 0.0199005 0.0106044
ENSG00000261062.1 20 10384178 10384178 - 1 -24832 20_internal_5558 20 10409010 10414798 163 148.626 1.00004 0.943519 0.0622846 0.144843 0.0845771 0.0709976
ENSG00000125863.12 20 10414870 10414870 - 1 72 20_internal_5558 20 10409010 10414798 163 188.771 1.00001 1.06044 0.00168404 0.241446 0.0149254 0.000766225
ENSG00000149346.10 20 10415951 10415951 + 1 -1153 20_internal_5558 20 10409010 10414798 163 134.157 1.00003 0.9196 0.00102542 0.255434 0.00497512 0.00266935
ENSG00000235036.3 20 10594877 10594877 - 1 180079 20_internal_5558 20 10409010 10414798 163 166.136 1.00002 1.01414 0.0126736 0.196201 0.0248756 0.0120099
ENSG00000101384.6 20 10654608 10654608 - 1 239810 20_internal_5558 20 10409010 10414798 163 171.739 1.00002 1.04217 0.638379 0.037165 0.61194 0.644684
ENSG00000132640.10 20 11871371 11871371 + 0 NA NA NA NA NA NA NA NA NA NA NA NA NA
ENSG00000236526.1 20 11899325 11899325 - 0 NA NA NA NA NA NA NA NA NA NA NA NA NA
ENSG00000089123.11 20 13619587 13619587 - 1 385155 20_internal_5511 20 13200727 13234432 163 169.701 0.999979 0.976002 0.492047 -0.0528533 0.447761 0.475008
ENSG00000089048.10 20 13765532 13765532 - 1 531100 20_internal_5511 20 13200727 13234432 163 157.667 1.00003 0.96321 0.0364967 0.167103 0.0298507 0.0382738
ENSG00000101247.13 20 13765596 13765596 + 1 -531164 20_internal_5511 20 13200727 13234432 163 148.881 1.00002 0.903268 0.281227 0.0832867 0.278607 0.27837
ENSG00000089177.13 20 16554078 16554078 - 2 0 20_internal_5802 20 16457995 16557053 163 198.083 0.999998 2.16369 1.64841e-16 0.601214 0.00497512 2.10915e-19
ENSG00000125870.6 20 16710606 16710606 + 2 -153553 20_internal_5802 20 16457995 16557053 163 154.754 0.999957 1.91352 1.80787e-11 0.50081 0.00497512 1.11665e-10
ENSG00000228809.1 20 16711593 16711593 - 2 154540 20_internal_5802 20 16457995 16557053 163 169.224 1.00002 2.0452 3.9015e-05 0.321073 0.00497512 5.67253e-05
ENSG00000125868.10 20 17550508 17550508 + 2 0 20_internal_5412 20 17484555 17597128 163 174.907 0.999964 1.96431 3.49391e-18 0.611144 0.00497512 4.16572e-19
ENSG00000202260.1 20 17557155 17557155 - 1 0 20_internal_5412 20 17484555 17597128 163 155.503 0.999985 1.07121 0.000136307 0.285164 0.00497512 0.00020864
ENSG00000230495.1 20 17580452 17580452 - 1 0 20_internal_5412 20 17484555 17597128 163 155.917 0.999962 0.97939 0.0492314 0.153684 0.0547264 0.0533637
ENSG00000125844.10 20 17662940 17662940 - 1 65812 20_internal_5412 20 17484555 17597128 163 188.389 1.00001 1.03745 0.000108227 0.285832 0.00497512 3.26096e-05
ENSG00000212232.1 20 17943589 17943589 - 1 346461 20_internal_5412 20 17484555 17597128 163 172.63 0.999985 0.942606 0.0263285 0.173998 0.0199005 0.0209803
ENSG00000125871.9 20 17949556 17949556 + 1 -352428 20_internal_5412 20 17484555 17597128 163 147.512 1.00002 0.899594 0.140596 -0.117412 0.164179 0.146109
ENSG00000089006.11 20 17949623 17949623 - 1 352495 20_internal_5412 20 17484555 17597128 163 153.688 1.00001 0.891716 0.30911 -0.0800189 0.318408 0.294149
ENSG00000125850.5 20 18039832 18039832 - 1 442704 20_internal_5412 20 17484555 17597128 163 149.931 0.999974 0.9293 0.0595266 0.141303 0.0597015 0.0659433
ENSG00000149474.7 20 18118499 18118499 + 1 -521371 20_internal_5412 20 17484555 17597128 163 179.077 1.00002 0.942897 0.391461 0.0681283 0.313433 0.352173
ENSG00000232838.2 20 18118499 18118499 + 1 -521371 20_internal_5412 20 17484555 17597128 163 156.06 0.999967 0.930796 0.177557 -0.105407 0.164179 0.175372
ENSG00000125846.11 20 18269121 18269121 + 1 -671993 20_internal_5412 20 17484555 17597128 163 137.197 0.999969 0.910419 0.388292 -0.0664659 0.393035 0.399414
ENSG00000132664.7 20 18447771 18447771 + 2 983519 20_internal_5203 20 19431290 19536288 163 149.931 1.00003 1.68462 0.303742 0.0826467 0.482587 0.48298
ENSG00000089091.11 20 18447829 18447829 - 2 -983461 20_internal_5203 20 19431290 19536288 163 163.207 1.00004 2.17063 0.11333 0.122904 0.218905 0.229341
ENSG00000265137.1 20 18451259 18451259 + 2 980031 20_internal_5203 20 19431290 19536288 163 145.697 1.00005 1.74611 0.00577889 0.216796 0.0348259 0.0157991
ENSG00000089050.10 20 18477887 18477887 - 2 880759 20_internal_5412 20 17484555 17597128 163 159.88 1.00004 1.9418 0.451405 -0.0605495 0.711443 0.69314
ENSG00000101310.10 20 18488137 18488137 + 2 -891009 20_internal_5412 20 17484555 17597128 163 186.638 0.999972 2.12411 0.436867 -0.059634 0.676617 0.668479
ENSG00000264134.1 20 18526428 18526428 - 2 929300 20_internal_5412 20 17484555 17597128 163 176.849 1.00003 2.30133 0.118852 -0.122694 0.228856 0.223751
ENSG00000232388.1 20 18548064 18548064 + 2 -950936 20_internal_5412 20 17484555 17597128 163 182.229 1.00003 2.22162 0.165722 -0.106397 0.268657 0.289688
ENSG00000125821.7 20 18568537 18568537 + 2 -971409 20_internal_5412 20 17484555 17597128 163 151.173 0.999965 2.01088 0.267867 -0.0843533 0.502488 0.492104
ENSG00000232136.1 20 18623981 18623981 - 1 -807309 20_internal_5203 20 19431290 19536288 163 153.035 1.00001 0.940418 0.381889 0.0661982 0.373134 0.378442
ENSG00000233993.1 20 18679353 18679353 - 1 -751937 20_internal_5203 20 19431290 19536288 163 164.512 0.999986 0.962936 0.348668 0.0703146 0.348259 0.336056
ENSG00000179935.5 20 18774979 18774979 - 1 -656311 20_internal_5203 20 19431290 19536288 163 188.596 0.999996 1.03145 0.349473 0.0727815 0.283582 0.322212
ENSG00000185052.6 20 19193290 19193290 + 1 238000 20_internal_5203 20 19431290 19536288 163 168.38 0.999966 1.01795 0.526839 0.0490348 0.562189 0.526369
ENSG00000179447.2 20 19265240 19265240 - 1 -166050 20_internal_5203 20 19431290 19536288 163 135.446 1.00004 0.81674 0.1078 -0.129638 0.129353 0.118229
ENSG00000232675.2 20 19677438 19677438 - 1 141150 20_internal_5203 20 19431290 19536288 163 158.193 1.00004 1.12517 0.971877 0.00280211 0.99005 0.982315
ENSG00000173418.7 20 19997760 19997760 + 1 -461472 20_internal_5203 20 19431290 19536288 163 171.723 1.00001 1.04851 0.503992 -0.0527943 0.497512 0.50919
ENSG00000101343.10 20 20036690 20036690 - 1 500402 20_internal_5203 20 19431290 19536288 163 174.875 0.999995 0.932904 0.6171 -0.0386476 0.567164 0.579124
ENSG00000213384.2 20 20640354 20640354 + 2 700054 20_internal_4975 20 21340408 21488974 163 167.011 0.99999 2.10188 0.0119433 0.197898 0.0298507 0.0228542
ENSG00000188559.8 20 20693266 20693266 - 2 -647142 20_internal_4975 20 21340408 21488974 163 162.061 0.999988 1.78481 0.0163949 0.186707 0.0149254 0.0296272
ENSG00000088970.10 20 21106624 21106624 + 2 420243 20_internal_5136 20 21526867 21552947 163 217.599 0.999995 2.12063 0.030317 0.171905 0.0696517 0.0259
ENSG00000199509.1 20 21119715 21119715 - 2 -407152 20_internal_5136 20 21526867 21552947 163 188.341 0.999978 2.40177 0.374012 0.0680676 0.636816 0.630279
ENSG00000228604.3 20 21143531 21143531 - 2 -383336 20_internal_5136 20 21526867 21552947 163 159.259 1.00003 1.71922 0.0434319 0.161231 0.104478 0.0776265
ENSG00000214535.3 20 21147236 21147236 - 2 -193172 20_internal_4975 20 21340408 21488974 163 167.696 0.999967 2.08206 0.0636434 0.144696 0.129353 0.120756
ENSG00000232712.2 20 21198927 21198927 - 2 -327940 20_internal_5136 20 21526867 21552947 163 152.828 1.00003 1.82534 0.00215318 0.237867 0.00995025 0.00541641
ENSG00000088930.6 20 21283942 21283942 + 2 56466 20_internal_4975 20 21340408 21488974 163 167.919 0.999979 1.94455 0.00373774 0.222599 0.0149254 0.0063109
ENSG00000230492.1 20 23011422 23011422 - 6 -49601 20_internal_6198 20 23061023 23144175 163 171.93 0.95949 5.44671 2.00145e-06 0.35313 0.00497512 9.44469e-06
ENSG00000234646.1 20 23012179 23012179 + 6 69355 20_internal_4924 20 23081534 23111598 163 153.258 0.992405 5.39502 1.9627e-06 0.361143 0.00497512 2.3356e-05
ENSG00000178726.6 20 23030378 23030378 - 6 -30645 20_internal_6198 20 23061023 23144175 163 172.423 0.923626 5.57289 2.46668e-11 0.468713 0.00497512 2.35945e-10
ENSG00000256492.1 20 23061278 23061278 - 6 0 20_internal_6198 20 23061023 23144175 163 159.864 1.00849 5.5633 1.75979e-18 0.609722 0.00497512 1.49423e-17
ENSG00000125810.9 20 23066977 23066977 - 6 0 20_internal_6198 20 23061023 23144175 163 187.705 1.01047 7.01529 6.80741e-19 0.610602 0.00497512 6.86612e-21
ENSG00000233746.1 20 23113258 23113258 - 6 0 20_internal_6198 20 23061023 23144175 163 174.684 1.00116 6.31589 9.51571e-14 0.528708 0.00497512 7.63908e-14
ENSG00000132661.3 20 23331373 23331373 + 7 551136 20_internal_6808 20 23882509 24047543 163 163.398 0.999972 5.62368 0.0617553 0.142057 0.288557 0.299941
ENSG00000234832.1 20 23332123 23332123 - 7 -550386 20_internal_6808 20 23882509 24047543 163 185.588 0.916663 7.66655 0.112566 0.122954 0.532338 0.555109
ENSG00000269407.1 20 23334066 23334066 - 7 -963964 20_internal_4993 20 24298030 24388134 163 159.132 1.1534 7.54738 0.135272 -0.119756 0.661692 0.621948
ENSG00000232645.1 20 23338753 23338753 - 7 227155 20_internal_4924 20 23081534 23111598 163 171.134 0.894127 6.39729 0.10855 0.126737 0.532338 0.540731
ENSG00000125812.11 20 23342787 23342787 + 7 -198612 20_internal_6198 20 23061023 23144175 163 161.599 0.98906 6.0841 0.000149175 0.289229 0.00995025 0.00104931
ENSG00000125814.13 20 23402125 23402125 - 6 257950 20_internal_6198 20 23061023 23144175 163 154.532 1.0119 6.0171 0.00484572 0.21715 0.0447761 0.0345685
ENSG00000101439.4 20 23619110 23619110 - 5 -263399 20_internal_6808 20 23882509 24047543 163 149.533 1.00006 3.98331 1.79542e-06 0.34835 0.00497512 1.9134e-05
ENSG00000077984.4 20 24929866 24929866 + 7 768840 20_internal_5491 20 25698706 25700938 163 156.537 1.04774 7.44639 0.0330133 0.164168 0.19403 0.223796
ENSG00000207355.1 20 24954807 24954807 + 7 -17385 20_internal_5026 20 24910472 24937422 163 163.366 0.972828 7.09196 0.00454105 0.219894 0.0348259 0.0348712
ENSG00000101474.7 20 24973615 24973615 - 7 926072 20_internal_6808 20 23882509 24047543 163 173.697 1.05582 8.04208 0.000118753 0.278928 0.00497512 0.00036771
ENSG00000154930.10 20 25039616 25039616 - 7 992073 20_internal_6808 20 23882509 24047543 163 175.273 0.976906 7.13304 0.138654 0.107026 0.60199 0.622642
ENSG00000197586.8 20 25176329 25176329 + 6 662344 20_internal_4901 20 25838673 25844631 163 173.888 1.00239 7.63435 0.228199 0.0971097 0.845771 0.839173
ENSG00000100994.7 20 25228705 25228705 + 8 0 20_internal_6210 20 25227163 25242071 163 167.155 1.0376 7.83018 0.00022729 0.280256 0.00995025 0.00114096
ENSG00000100997.14 20 25371619 25371619 - 9 129548 20_internal_6210 20 25227163 25242071 163 198.322 0.820943 8.71953 0.0451417 0.153468 0.293532 0.29481
ENSG00000213742.2 20 25604681 25604681 + 8 -362610 20_internal_6210 20 25227163 25242071 163 180.51 0.925928 8.4153 0.0650309 -0.144135 0.373134 0.398683
ENSG00000170191.4 20 25604811 25604811 - 8 -93895 20_internal_5491 20 25698706 25700938 163 167.855 0.982388 7.28693 0.19174 0.103136 0.791045 0.780501
ENSG00000130684.9 20 25677477 25677477 - 8 -522386 20_internal_5117 20 26199863 26210770 163 149.549 0.977725 7.05126 0.228555 -0.0901428 0.885572 0.871446
ENSG00000227195.2 20 26232162 26232162 - 7 387531 20_internal_4901 20 25838673 25844631 163 172.949 1.01057 6.51741 0.0872941 -0.13459 0.402985 0.406751
ENSG00000149531.10 20 29611857 29611857 + 3 0 20_internal_5132 20 29517553 29624699 163 159.084 0.999973 2.8904 3.78594e-09 0.437445 0.00497512 1.68302e-08
ENSG00000221319.1 20 29637162 29637162 + 3 -12463 20_internal_5132 20 29517553 29624699 163 178.886 0.999968 3.12197 7.95429e-07 0.381472 0.00497512 7.22816e-07
ENSG00000238151.1 20 29638060 29638060 - 3 13361 20_internal_5132 20 29517553 29624699 163 157.301 1.00002 3.26346 4.16162e-09 0.447346 0.00497512 2.53062e-08
ENSG00000101294.12 20 30102231 30102231 + 7 151851 20_internal_7054 20 30254082 30297267 163 153.37 1.11194 7.27904 0.00658763 0.203598 0.039801 0.0417061
ENSG00000101898.5 20 30135307 30135307 + 8 917299 20_internal_4782 20 31052606 31164746 163 182.197 0.987414 8.02648 0.027231 -0.167606 0.174129 0.150714
ENSG00000235313.1 20 30150969 30150969 + 8 103113 20_internal_7054 20 30254082 30297267 163 154.15 0.929649 6.74791 0.0351507 0.161604 0.278607 0.2743
ENSG00000230613.1 20 30161066 30161066 - 8 536367 20_internal_5132 20 29517553 29624699 163 181.576 0.880886 10.1564 0.00624305 0.198444 0.0497512 0.0594827
ENSG00000201770.1 20 30168892 30168892 + 8 940157 20_internal_4564 20 31109049 31174497 163 153.529 1.00596 7.20165 0.0971963 0.129468 0.567164 0.556504
ENSG00000125968.7 20 30193086 30193086 + 8 -568387 20_internal_5132 20 29517553 29624699 163 179.189 0.980884 9.02139 0.153982 0.114879 0.736318 0.736098
ENSG00000236559.1 20 30274019 30274019 + 8 835030 20_internal_4564 20 31109049 31174497 163 162.698 0.96397 7.0769 0.316302 -0.0777566 0.920398 0.936512
ENSG00000268457.1 20 30309001 30309001 + 8 -11734 20_internal_7054 20 30254082 30297267 163 177.74 1.02422 10.8347 0.167492 -0.106938 0.81592 0.820692
ENSG00000171552.8 20 30311792 30311792 - 8 687093 20_internal_5132 20 29517553 29624699 163 167.473 1.00005 8.33739 0.16331 -0.108209 0.781095 0.760717
ENSG00000088325.11 20 30327074 30327074 + 9 708929 20_internal_4864 20 31036003 31059508 163 161.631 0.988236 8.56964 0.0371875 -0.158972 0.303483 0.287709
ENSG00000131044.12 20 30458505 30458505 + 9 577498 20_internal_4864 20 31036003 31059508 163 146.207 1.01512 7.52033 0.0241522 -0.171438 0.228856 0.215573
ENSG00000088356.4 20 30539895 30539895 - 9 -540516 20_internal_5063 20 31080411 31085884 163 145.665 0.980367 6.90794 0.152296 -0.11245 0.741294 0.744079
ENSG00000101321.3 20 30555805 30555805 + 9 762750 20_internal_5567 20 31318555 31365101 163 175.384 0.900906 8.64888 0.0429484 -0.157009 0.328358 0.315996
ENSG00000260903.1 20 30586850 30586850 + 9 137818 20_internal_5771 20 30724668 30731244 163 157.126 0.978256 8.9392 0.0505648 0.14812 0.412935 0.406847
ENSG00000101331.11 20 30598245 30598245 + 9 -300978 20_internal_7054 20 30254082 30297267 163 164.91 0.931443 8.56426 0.00953704 0.202327 0.0945274 0.0921935
ENSG00000226239.1 20 30619378 30619378 - 9 322111 20_internal_7054 20 30254082 30297267 163 154.341 0.930847 8.23566 0.00529338 0.217547 0.079602 0.0671033
ENSG00000101336.8 20 30639991 30639991 + 8 -986072 20_internal_7343 20 29580733 29653919 163 156.919 1.0294 7.60354 0.0159402 0.183449 0.119403 0.120535
ENSG00000101337.11 20 30697309 30697309 + 7 27359 20_internal_5771 20 30724668 30731244 163 160.787 0.99922 7.13423 0.014063 0.192302 0.114428 0.100683
ENSG00000265736.1 20 30706554 30706554 - 7 -612001 20_internal_5567 20 31318555 31365101 163 161.647 1.00969 8.00245 0.260096 0.0878969 0.925373 0.910764
ENSG00000224452.1 20 30758593 30758593 - 7 27349 20_internal_5771 20 30724668 30731244 163 150.871 1.05471 6.87378 0.028548 0.168383 0.189055 0.197311
ENSG00000235217.5 20 30778330 30778330 - 7 47086 20_internal_5771 20 30724668 30731244 163 151.364 1.09208 7.02307 0.0644522 0.143869 0.38806 0.379076
ENSG00000126003.6 20 30795594 30795594 - 7 64350 20_internal_5771 20 30724668 30731244 163 163.191 1.04774 7.66015 0.0351451 0.164466 0.248756 0.219954
ENSG00000101346.6 20 30795683 30795683 + 7 -498416 20_internal_7054 20 30254082 30297267 163 165.34 0.973884 6.64782 0.0450025 0.157264 0.278607 0.26714
ENSG00000243952.1 20 30822717 30822717 + 7 -525450 20_internal_7054 20 30254082 30297267 163 176.912 1.03933 7.9326 0.23694 0.0912046 0.850746 0.849147
ENSG00000221667.1 20 30825598 30825598 + 7 -528331 20_internal_7054 20 30254082 30297267 163 172.933 1.05675 7.8217 0.0936325 -0.134154 0.497512 0.471366
ENSG00000101350.6 20 30865467 30865467 + 7 243582 20_internal_4564 20 31109049 31174497 163 158.129 1.07814 7.4491 0.0896561 0.135317 0.487562 0.488095
ENSG00000171456.12 20 30946155 30946155 + 8 89848 20_internal_4864 20 31036003 31059508 163 156.203 1.0817 9.05903 0.0524078 0.149117 0.39801 0.378196
ENSG00000236772.1 20 31037558 31037558 + 8 908505 20_internal_6619 20 31946063 31959126 163 142.561 1.09531 7.42749 0.13776 0.114744 0.721393 0.706674
ENSG00000197183.8 20 31172876 31172876 - 8 8130 20_internal_4782 20 31052606 31164746 163 159.45 0.981335 8.42036 0.2723 -0.0842807 0.945274 0.937358
ENSG00000175730.7 20 31278816 31278816 - 9 -39739 20_internal_5567 20 31318555 31365101 163 162.825 0.961773 8.32772 0.0241454 -0.161794 0.199005 0.199378
ENSG00000149600.6 20 31331814 31331814 - 8 600570 20_internal_5771 20 30724668 30731244 163 158.256 0.940169 7.3486 0.335045 -0.0757641 0.955224 0.958667
ENSG00000101367.8 20 31407699 31407699 + 9 -42598 20_internal_5567 20 31318555 31365101 163 138.232 1.10276 8.05309 0.204659 -0.100609 0.890547 0.875804
ENSG00000260536.1 20 31442063 31442063 - 9 277317 20_internal_4782 20 31052606 31164746 163 182.643 0.915584 8.03819 0.208619 0.0989345 0.80597 0.825968
ENSG00000260257.1 20 31444848 31444848 + 9 815421 20_internal_4928 20 32260269 32267867 163 171.198 0.969986 9.99028 0.247931 -0.0884271 0.930348 0.935829
ENSG00000215529.8 20 31446729 31446729 + 9 -387221 20_internal_4864 20 31036003 31059508 163 163.509 1.00212 9.16522 0.289032 -0.0818312 0.950249 0.955531
ENSG00000101391.15 20 31989367 31989367 - 8 824621 20_internal_4782 20 31052606 31164746 163 199.42 0.88357 9.60287 0.013728 0.193339 0.0845771 0.0862249
ENSG00000101400.5 20 32031698 32031698 - 8 666597 20_internal_5567 20 31318555 31365101 163 171.612 1.03168 8.82609 0.0374833 -0.166378 0.248756 0.241574
ENSG00000078699.16 20 32077881 32077881 + 7 182388 20_internal_4928 20 32260269 32267867 163 156.474 0.892015 5.83431 0.30886 0.0777605 0.910448 0.910567
ENSG00000182584.4 20 32254304 32254304 + 4 5965 20_internal_4928 20 32260269 32267867 163 162.459 1.00003 3.6111 0.0843827 0.137133 0.283582 0.274119
ENSG00000125967.11 20 32262269 32262269 - 4 0 20_internal_4928 20 32260269 32267867 163 176.276 0.999957 4.44567 0.0121502 0.18158 0.0348259 0.0398433
ENSG00000101417.7 20 32308125 32308125 - 4 348999 20_internal_6619 20 31946063 31959126 163 171.261 0.999982 4.35865 0.370024 0.0700493 0.855721 0.855218
ENSG00000131061.9 20 32319463 32319463 + 4 -360337 20_internal_6619 20 31946063 31959126 163 157.954 1.00001 3.57578 0.251487 0.0891155 0.641791 0.657594
ENSG00000230753.1 20 32398903 32398903 - 3 439777 20_internal_6619 20 31946063 31959126 163 166.311 0.999976 2.87768 0.500249 -0.0522258 0.855721 0.860721
ENSG00000101421.3 20 32399110 32399110 + 3 0 20_internal_5821 20 32395882 32451357 163 152.701 0.999965 2.96388 0.0184613 0.179721 0.0696517 0.0654785
ENSG00000125970.7 20 32581452 32581452 + 4 910326 20_internal_6569 20 33491778 33496197 163 162.172 0.999965 3.91799 0.0334809 -0.160608 0.149254 0.126525
ENSG00000228265.1 20 32582163 32582163 - 4 623037 20_internal_6619 20 31946063 31959126 163 169.956 0.999958 3.82225 0.020258 -0.179006 0.0845771 0.0661881
ENSG00000228386.2 20 32605555 32605555 - 4 -886223 20_internal_6569 20 33491778 33496197 163 134.491 1.00001 3.06664 0.538464 -0.0492226 0.935323 0.928244
ENSG00000264616.1 20 32636925 32636925 + 4 -185568 20_internal_5821 20 32395882 32451357 163 154.229 0.999975 3.76366 0.430611 -0.0636998 0.890547 0.889719
ENSG00000229472.1 20 32668955 32668955 + 4 822823 20_internal_6569 20 33491778 33496197 163 160.517 0.999992 3.74351 0.249315 -0.0919909 0.666667 0.66438
ENSG00000125977.6 20 32700138 32700138 - 4 432271 20_internal_4928 20 32260269 32267867 163 169.272 0.999996 5.31284 0.356232 0.0719425 0.885572 0.896185
ENSG00000236456.1 20 32834343 32834343 - 4 875217 20_internal_6619 20 31946063 31959126 163 166.359 1.00002 3.66677 0.34841 -0.0708394 0.776119 0.786249
ENSG00000250917.1 20 32868979 32868979 - 4 -622799 20_internal_6569 20 33491778 33496197 163 171.994 1 4.15415 0.262837 0.0869507 0.681592 0.697366
ENSG00000101444.7 20 32899608 32899608 - 4 631741 20_internal_4928 20 32260269 32267867 163 154.245 0.999995 3.86093 0.260094 -0.0865575 0.746269 0.708514
ENSG00000078747.7 20 32951041 32951041 + 4 -991915 20_internal_6619 20 31946063 31959126 163 175.973 1.00004 4.3068 0.611644 0.0397002 0.9801 0.980205
ENSG00000201498.1 20 32972071 32972071 - 3 704204 20_internal_4928 20 32260269 32267867 163 147.878 0.999986 2.79417 0.440504 0.0598357 0.830846 0.823638
ENSG00000234933.1 20 32990502 32990502 - 3 539145 20_internal_5821 20 32395882 32451357 163 166.327 1.00003 3.03966 0.0224144 0.181399 0.0547264 0.0627067
ENSG00000236388.1 20 33029830 33029830 - 3 761963 20_internal_4928 20 32260269 32267867 163 157.667 0.999997 2.80036 0.00625085 0.216855 0.0199005 0.019935
ENSG00000231795.1 20 33038735 33038735 + 4 -587378 20_internal_5821 20 32395882 32451357 163 148.387 0.999989 3.77881 0.133891 -0.118219 0.467662 0.465433
ENSG00000207997.1 20 33054130 33054130 + 4 -786263 20_internal_4928 20 32260269 32267867 163 146.636 1.00001 3.89748 0.0849236 -0.138588 0.328358 0.343374
ENSG00000181741.7 20 33064279 33064279 - 4 612922 20_internal_5821 20 32395882 32451357 163 140.954 0.999965 3.36243 0.0552573 -0.144148 0.233831 0.229871
ENSG00000125971.12 20 33104214 33104214 + 4 -836347 20_internal_4928 20 32260269 32267867 163 166.82 0.999982 4.37238 0.357686 0.0711568 0.855721 0.850085
ENSG00000101460.8 20 33134658 33134658 + 4 -866791 20_internal_4928 20 32260269 32267867 163 149.104 1.00005 3.87145 0.313712 -0.0796892 0.810945 0.794295
ENSG00000101464.6 20 33264910 33264910 - 5 997043 20_internal_4928 20 32260269 32267867 163 177.263 0.956012 5.64694 0.221099 -0.0970589 0.741294 0.735079
ENSG00000078804.8 20 33292094 33292094 + 4 -840737 20_internal_5821 20 32395882 32451357 163 162.109 0.999964 4.26762 0.106658 0.127314 0.383085 0.384898
ENSG00000198646.9 20 33413452 33413452 - 5 -78326 20_internal_6569 20 33491778 33496197 163 176.896 1 5.06855 0.284647 0.0854402 0.746269 0.789915
ENSG00000131069.15 20 33459949 33459949 + 4 794537 20_internal_5736 20 34254486 34269561 163 145.156 1.00001 3.84578 0.320642 0.0770436 0.810945 0.807808
ENSG00000131067.12 20 33460663 33460663 - 4 -573562 20_internal_5335 20 34034225 34044771 163 147.862 1.00002 3.32465 0.254852 0.0877761 0.656716 0.661746
ENSG00000100983.5 20 33543620 33543620 - 4 -710866 20_internal_5736 20 34254486 34269561 163 171.643 0.999977 4.83263 0.196401 -0.0986769 0.636816 0.627714
ENSG00000078814.11 20 33563206 33563206 + 4 471019 20_internal_5335 20 34034225 34044771 163 145.347 1.00006 3.66499 0.0210655 0.17753 0.119403 0.103625
ENSG00000207635.1 20 33578179 33578179 + 4 -81982 20_internal_6569 20 33491778 33496197 163 196.475 1.00001 4.97722 0.0666678 0.141781 0.258706 0.200709
ENSG00000202150.1 20 33618223 33618223 - 4 -734136 20_internal_4752 20 34352359 34387109 163 155.168 0.999941 3.78926 0.0799105 0.134731 0.268657 0.293336
ENSG00000100991.6 20 33680674 33680674 - 4 -573812 20_internal_5736 20 34254486 34269561 163 172.901 0.999972 4.34987 0.325794 -0.0748159 0.800995 0.802789
ENSG00000201151.1 20 33705010 33705010 - 4 -647349 20_internal_4752 20 34352359 34387109 163 166.168 1.00002 3.91186 0.438615 0.0621005 0.890547 0.892228
ENSG00000101000.4 20 33759876 33759876 + 4 494610 20_internal_5736 20 34254486 34269561 163 161.472 1.00001 3.77094 0.193528 -0.102192 0.59204 0.559981
ENSG00000200301.1 20 33783109 33783109 + 4 -286912 20_internal_6569 20 33491778 33496197 163 159.944 1.00001 3.67963 0.038961 0.156784 0.0995025 0.142257
ENSG00000269202.1 20 33791091 33791091 - 4 294894 20_internal_6569 20 33491778 33496197 163 150.473 0.999948 3.58672 0.462272 0.0583679 0.910448 0.904242
ENSG00000229230.2 20 33805812 33805812 + 4 546547 20_internal_4752 20 34352359 34387109 163 160.565 1.00003 3.57787 0.22154 -0.096147 0.58209 0.598319
ENSG00000125966.8 20 33814457 33814457 + 4 -318260 20_internal_6569 20 33491778 33496197 163 129.206 1.00003 2.75052 0.0869911 0.134254 0.318408 0.313273
ENSG00000088298.7 20 33865928 33865928 - 4 369731 20_internal_6569 20 33491778 33496197 163 174.413 1.00001 4.10141 0.139876 0.115288 0.432836 0.426312
ENSG00000126005.10 20 33865934 33865934 - 4 -388552 20_internal_5736 20 34254486 34269561 163 162.363 0.999958 3.74375 0.174916 -0.106903 0.522388 0.515043
ENSG00000261582.1 20 33867846 33867846 - 4 -386640 20_internal_5736 20 34254486 34269561 163 163.891 0.999954 3.92726 0.0324112 -0.158884 0.124378 0.119705
ENSG00000242372.2 20 33872788 33872788 - 4 -479571 20_internal_4752 20 34352359 34387109 163 169.065 0.999959 4.23619 0.0612523 0.139282 0.248756 0.218786
ENSG00000101019.17 20 33999944 33999944 - 4 -254542 20_internal_5736 20 34254486 34269561 163 158.575 0.99998 3.63769 0.206391 0.0967816 0.567164 0.580994
ENSG00000126001.11 20 34042985 34042985 + 4 0 20_internal_5335 20 34034225 34044771 163 165.913 1.00002 3.98943 0.199506 0.101751 0.58209 0.580183
ENSG00000230155.2 20 34078808 34078808 - 4 582611 20_internal_6569 20 33491778 33496197 163 172.248 1 4.08704 0.0535874 0.148741 0.199005 0.17938
ENSG00000125991.14 20 34129770 34129770 + 4 124716 20_internal_5736 20 34254486 34269561 163 142.545 1.00003 3.64778 0.428456 0.0597933 0.885572 0.893712
ENSG00000224497.1 20 34132492 34132492 - 4 -121994 20_internal_5736 20 34254486 34269561 163 173.538 1.00003 4.82683 0.106151 0.123597 0.39801 0.38382
ENSG00000088340.11 20 34195484 34195484 - 4 699287 20_internal_6569 20 33491778 33496197 163 163.462 0.999961 3.73227 0.0425581 0.156721 0.139303 0.14887
ENSG00000061656.5 20 34203814 34203814 + 4 -707617 20_internal_6569 20 33491778 33496197 163 151.109 0.99998 3.6743 0.0986499 -0.129011 0.378109 0.353318
ENSG00000222460.1 20 34231065 34231065 + 4 -734868 20_internal_6569 20 33491778 33496197 163 169.717 1.00003 4.18045 0.144651 0.111149 0.462687 0.458838
ENSG00000252549.1 20 34235352 34235352 - 4 -19134 20_internal_5736 20 34254486 34269561 163 158.75 1.00004 3.66533 0.0161362 -0.188473 0.0547264 0.0629673
ENSG00000214078.7 20 34252878 34252878 - 4 756681 20_internal_6569 20 33491778 33496197 163 139.855 1.00005 3.79036 0.551126 0.045188 0.950249 0.962993
ENSG00000244462.3 20 34252878 34252878 - 4 208107 20_internal_5335 20 34034225 34044771 163 173.522 0.999984 4.00976 0.429546 0.0594799 0.865672 0.883488
ENSG00000125995.11 20 34287194 34287194 + 4 -790997 20_internal_6569 20 33491778 33496197 163 153.115 1.00002 4.11311 0.438706 0.0590982 0.920398 0.916364
ENSG00000244005.7 20 34287281 34287281 - 4 17720 20_internal_5736 20 34254486 34269561 163 158.623 1.00002 3.88812 0.135235 -0.114359 0.437811 0.445212
ENSG00000238549.1 20 34304393 34304393 + 4 -259622 20_internal_5335 20 34034225 34044771 163 167.553 1.00001 4.31622 0.0299578 0.173402 0.109453 0.114367
ENSG00000131051.15 20 34330234 34330234 - 4 285463 20_internal_5335 20 34034225 34044771 163 172.344 0.999968 4.03979 0.00818489 0.206402 0.0298507 0.0261695
ENSG00000222152.1 20 34357789 34357789 - 4 88228 20_internal_5736 20 34254486 34269561 163 166.979 1.00005 4.9791 0.518683 -0.05204 0.965174 0.972361
ENSG00000025293.11 20 34359896 34359896 + 4 -315125 20_internal_5335 20 34034225 34044771 163 181.576 1.00005 4.29923 0.0356439 -0.158403 0.109453 0.109305
ENSG00000234274.1 20 34438837 34438837 - 4 942640 20_internal_6569 20 33491778 33496197 163 182.261 1.00003 4.96719 0.294548 0.0818497 0.776119 0.787108
ENSG00000199676.1 20 34441286 34441286 - 4 396515 20_internal_5335 20 34034225 34044771 163 195.138 0.999978 4.54717 0.475736 0.0560956 0.925373 0.92549
ENSG00000219608.3 20 34466398 34466398 + 4 -196837 20_internal_5736 20 34254486 34269561 163 180.717 1.00003 4.48403 0.0216725 0.183505 0.119403 0.0680974
