ENSG00000261068.1 6 42061997 42061997 - 9 61111 6_internal_10600 6 41975123 42000886 163 171.85 0.973517 8.51198 0.149328 -0.112881 0.726368 0.728701
ENSG00000188112.4 6 42110357 42110357 - 9 -583015 6_internal_10269 6 42693372 42760234 163 196.651 0.88664 9.70619 0.0415838 -0.154903 0.263682 0.269121
ENSG00000112599.8 6 42162654 42162654 - 9 0 6_internal_11469 6 41926900 42419784 163 168.73 0.998768 8.92876 0.0410149 -0.154831 0.273632 0.290396
ENSG00000048544.5 6 42185603 42185603 - 8 0 6_internal_11469 6 41926900 42419784 163 172.057 0.876979 6.25254 0.0402972 -0.157756 0.243781 0.252385
ENSG00000221252.1 6 42380134 42380134 - 9 379248 6_internal_10600 6 41975123 42000886 163 172.917 0.896542 8.0907 0.0508491 0.148181 0.348259 0.3563
ENSG00000124496.8 6 42419789 42419789 - 9 5 6_internal_11469 6 41926900 42419784 163 169.654 0.87323 7.12957 1.40606e-05 0.328003 0.00497512 0.000235641
ENSG00000024048.6 6 42531800 42531800 + 9 -530914 6_internal_10600 6 41975123 42000886 163 132.231 1.15954 7.30978 0.0404555 0.159833 0.328358 0.31873
ENSG00000206848.1 6 42631900 42631900 + 9 -631014 6_internal_10600 6 41975123 42000886 163 161.997 1.01386 8.37381 0.102495 0.125809 0.60199 0.593754
ENSG00000112619.6 6 42690312 42690312 - 9 382913 6_internal_10262 6 42280309 42307399 163 141.352 1.08344 7.2698 0.0464329 0.162315 0.363184 0.342849
ENSG00000124659.4 6 42714558 42714558 - 9 0 6_internal_10269 6 42693372 42760234 163 163.541 0.990984 8.68396 0.156186 0.109418 0.766169 0.772306
ENSG00000112624.7 6 42714696 42714696 + 9 0 6_internal_10269 6 42693372 42760234 163 159.45 0.962956 7.53194 0.0308032 0.169149 0.199005 0.236767
ENSG00000236163.1 6 42756998 42756998 + 9 -756112 6_internal_10600 6 41975123 42000886 163 148.451 0.980844 7.57805 0.0869399 0.133462 0.542289 0.567494
ENSG00000146223.9 6 42847356 42847356 + 9 -100775 6_internal_10218 6 42712295 42746581 163 178.838 0.868056 9.19113 0.0972217 -0.133798 0.562189 0.60696
ENSG00000221821.2 6 42858554 42858554 - 9 835559 6_internal_10384 6 41901733 42022995 163 168.317 0.908275 8.55222 0.0839235 0.13775 0.532338 0.548784
ENSG00000137161.12 6 42896938 42896938 + 9 -873943 6_internal_10384 6 41901733 42022995 163 190.618 0.928951 10.2524 0.134142 -0.110307 0.686567 0.707199
ENSG00000231113.1 6 42908102 42908102 + 9 -528305 6_internal_13271 6 42330022 42379797 163 166.964 1.06392 10.1545 0.0486305 0.152426 0.373134 0.350465
ENSG00000181524.6 6 42924503 42924503 - 9 617104 6_internal_10262 6 42280309 42307399 163 147.193 1.08994 7.85561 0.0310889 0.165989 0.243781 0.240314
ENSG00000124713.5 6 42928496 42928496 + 9 -548699 6_internal_13271 6 42330022 42379797 163 156.521 1.03292 8.57882 0.0488013 0.15226 0.402985 0.360962
ENSG00000124587.9 6 42946958 42946958 - 9 527174 6_internal_11469 6 41926900 42419784 163 184.585 0.793019 8.97206 0.0899958 -0.133855 0.542289 0.5864
ENSG00000112640.10 6 42952237 42952237 + 9 -192003 6_internal_10269 6 42693372 42760234 163 196.826 0.872106 9.8772 0.0204479 0.176662 0.159204 0.142245
ENSG00000124733.3 6 42981706 42981706 - 9 221472 6_internal_10269 6 42693372 42760234 163 143.23 1.15512 8.31029 0.0992111 0.132279 0.616915 0.601469
ENSG00000124702.12 6 42981951 42981951 + 9 -958956 6_internal_10384 6 41901733 42022995 163 169.335 1.06924 9.38841 0.0600457 -0.148838 0.40796 0.381614
ENSG00000124541.5 6 42989383 42989383 + 9 -242802 6_internal_10218 6 42712295 42746581 163 160.708 1.04827 8.64175 0.101251 -0.126369 0.606965 0.591431
ENSG00000137171.10 6 43008515 43008515 + 8 -261934 6_internal_10218 6 42712295 42746581 163 166.2 1.04832 9.30874 0.0188056 0.18292 0.144279 0.137365
ENSG00000044090.4 6 43021683 43021683 - 8 0 6_internal_10785 6 43020096 43028450 163 133.95 0.982105 6.39919 0.000566208 0.263234 0.00995025 0.0123843
ENSG00000112651.7 6 43027544 43027544 - 7 -161336 6_internal_10038 6 43188880 43197853 163 132.788 0.99994 5.3511 0.0271236 0.168794 0.179104 0.223547
ENSG00000112658.6 6 43139037 43139037 + 7 -831638 6_internal_10262 6 42280309 42307399 163 135.924 1.11529 6.25988 0.0206793 0.181493 0.169154 0.158357
ENSG00000112659.8 6 43149913 43149913 + 7 -389679 6_internal_10269 6 42693372 42760234 163 162.077 1.02784 7.0556 0.310076 -0.0801593 0.925373 0.924778
ENSG00000245261.1 6 43191598 43191598 - 7 0 6_internal_10038 6 43188880 43197853 163 164.751 0.985021 6.95479 0.230093 0.0937947 0.835821 0.837599
ENSG00000112667.8 6 43197222 43197222 - 7 777438 6_internal_11469 6 41926900 42419784 163 147.289 1.2844 7.34636 0.151785 -0.11299 0.716418 0.660198
ENSG00000146215.9 6 43276535 43276535 - 7 516301 6_internal_10269 6 42693372 42760234 163 162.825 1.01925 7.30806 0.258769 -0.0883251 0.910448 0.884814
ENSG00000179157.4 6 43331217 43331217 + 6 -951420 6_internal_13271 6 42330022 42379797 163 166.47 0.97605 6.47145 0.139941 0.11172 0.616915 0.621065
ENSG00000171467.10 6 43337181 43337181 - 6 308731 6_internal_10785 6 43020096 43028450 163 149.852 1.00004 4.81803 0.0246316 -0.178876 0.169154 0.141685
ENSG00000124574.9 6 43395104 43395104 + 5 -197251 6_internal_10038 6 43188880 43197853 163 177.469 0.95996 5.43382 0.48405 0.0524524 0.9801 0.968952
ENSG00000171462.9 6 43424370 43424370 - 4 677789 6_internal_10218 6 42712295 42746581 163 155.741 0.999972 3.61201 0.28105 -0.0828151 0.726368 0.712809
ENSG00000137221.9 6 43445261 43445261 + 4 -247408 6_internal_10038 6 43188880 43197853 163 161.472 1.00004 3.56957 0.0714132 -0.137375 0.268657 0.236337
ENSG00000171453.12 6 43477440 43477440 + 4 -730859 6_internal_10218 6 42712295 42746581 163 187.816 1.00001 4.45438 0.0664175 -0.141278 0.189055 0.199579
ENSG00000204052.3 6 43478424 43478424 - 4 718190 6_internal_10269 6 42693372 42760234 163 164.544 1.00004 3.90115 0.0562167 0.147361 0.19403 0.198219
ENSG00000137207.6 6 43484728 43484728 - 4 286875 6_internal_10038 6 43188880 43197853 163 144.869 0.99999 3.43569 0.198173 -0.101759 0.567164 0.583779
ENSG00000124571.13 6 43543812 43543812 - 4 515362 6_internal_10785 6 43020096 43028450 163 136.767 1.00002 3.52228 0.117148 0.126489 0.452736 0.438961
ENSG00000170734.7 6 43543887 43543887 + 4 -783653 6_internal_10269 6 42693372 42760234 163 148.626 0.999986 3.45147 0.307156 -0.0796056 0.771144 0.74842
ENSG00000203362.2 6 43559099 43559099 - 4 530649 6_internal_10785 6 43020096 43028450 163 159.068 1.00001 3.60013 0.18413 -0.100383 0.542289 0.530702
ENSG00000172432.13 6 43596899 43596899 - 4 836665 6_internal_10269 6 42693372 42760234 163 151.905 1.00004 3.72187 0.16 -0.109137 0.522388 0.511306
ENSG00000124688.9 6 43597277 43597277 + 4 -850696 6_internal_10218 6 42712295 42746581 163 149.342 0.999979 3.62178 0.373724 -0.0698996 0.810945 0.83759
ENSG00000172426.10 6 43612783 43612783 + 4 -866202 6_internal_10218 6 42712295 42746581 163 162.268 0.999974 3.83126 0.426623 0.0608031 0.870647 0.882111
ENSG00000096080.7 6 43655528 43655528 - 5 -966062 6_internal_11988 6 44621590 45042857 163 179.396 1 5.4632 0.0244145 0.179181 0.079602 0.0955192
ENSG00000112715.16 6 43737921 43737921 + 5 883669 6_internal_11988 6 44621590 45042857 163 165.499 0.945468 5.699 0.0564719 0.148099 0.318408 0.298187
ENSG00000137216.13 6 44094651 44094651 + 4 700280 6_internal_16549 6 44794931 45807029 163 176.387 1.00003 4.73901 0.300416 -0.0807649 0.810945 0.791009
ENSG00000180992.5 6 44095194 44095194 - 4 -700923 6_internal_12582 6 44796117 45465252 163 149.295 1.00005 4.54031 0.0148611 -0.191172 0.0895522 0.0866411
ENSG00000112759.12 6 44187242 44187242 + 5 434348 6_internal_11988 6 44621590 45042857 163 160.214 0.999965 5.16983 0.23426 0.0942667 0.776119 0.755212
ENSG00000096384.14 6 44214824 44214824 + 4 581293 6_internal_12582 6 44796117 45465252 163 192.114 1.00003 5.29081 0.0621402 -0.149756 0.218905 0.206663
ENSG00000265700.1 6 44222022 44222022 - 4 -399568 6_internal_11988 6 44621590 45042857 163 153.004 1.00001 3.72486 0.159364 -0.104893 0.522388 0.506706
ENSG00000157593.12 6 44225291 44225291 - 4 -897535 6_internal_12498 6 45122826 45292814 163 163.239 1.00002 3.61882 0.142729 0.112238 0.422886 0.426531
ENSG00000146232.9 6 44233500 44233500 - 4 -889326 6_internal_12498 6 45122826 45292814 163 149.199 0.999938 3.89239 0.132606 0.115607 0.457711 0.469435
ENSG00000124608.4 6 44281063 44281063 - 4 -340527 6_internal_11988 6 44621590 45042857 163 172.153 1.00004 4.20104 0.188888 -0.103728 0.542289 0.558597
ENSG00000096401.7 6 44355262 44355262 + 5 767564 6_internal_12498 6 45122826 45292814 163 179.125 0.999966 5.08845 0.106619 0.12795 0.378109 0.383569
ENSG00000267849.1 6 44400720 44400720 - 5 -394211 6_internal_16549 6 44794931 45807029 163 162.522 1.00004 4.81451 0.0932404 -0.135352 0.383085 0.377348
ENSG00000266619.1 6 44403378 44403378 + 5 392739 6_internal_12582 6 44796117 45465252 163 147.846 1.00005 4.61996 0.230117 -0.092993 0.746269 0.740361
ENSG00000124813.16 6 45295894 45295894 + 8 0 6_internal_16549 6 44794931 45807029 163 171.58 1.0262 9.3523 0.175432 0.108152 0.810945 0.806703
ENSG00000196284.9 6 45345690 45345690 - 8 0 6_internal_12582 6 44796117 45465252 163 173.044 1.01317 8.29015 0.0306261 0.168876 0.19403 0.190542
ENSG00000261080.1 6 45544507 45544507 - 8 0 6_internal_16549 6 44794931 45807029 163 146.573 1.12118 7.57656 0.0565549 0.150817 0.393035 0.371442
ENSG00000001561.5 6 46097701 46097701 + 7 -804887 6_internal_12498 6 45122826 45292814 163 139.457 1.00006 4.99852 0.0898248 0.133339 0.467662 0.462268
ENSG00000153291.9 6 46620678 46620678 + 6 -640160 6_internal_10507 6 45937748 45980518 163 166.327 1.01987 6.74241 0.236822 0.094267 0.835821 0.826657
ENSG00000180113.11 6 46655612 46655612 + 5 -675094 6_internal_10507 6 45937748 45980518 163 139.935 0.999988 4.40393 0.448676 -0.0604046 0.940299 0.945179
ENSG00000198087.7 6 47445525 47445525 + 2 -231143 6_internal_10764 6 47170808 47214382 163 142.291 1.00003 1.8621 0.474081 0.054503 0.731343 0.728691
ENSG00000146085.7 6 49430904 49430904 - 0 NA NA NA NA NA NA NA NA NA NA NA NA NA
ENSG00000031691.5 6 49431096 49431096 + 0 NA NA NA NA NA NA NA NA NA NA NA NA NA
ENSG00000096006.7 6 49712150 49712150 - 0 NA NA NA NA NA NA NA NA NA NA NA NA NA
ENSG00000112118.11 6 52149679 52149679 - 5 -89488 6_internal_10583 6 52239167 52266790 163 186.288 1.00004 5.79968 0.0221147 -0.170837 0.104478 0.0807271
ENSG00000170915.8 6 52226219 52226219 + 6 0 6_internal_16072 6 52167683 52251274 163 170.975 1.00002 5.51588 0.000175407 0.286858 0.00995025 0.000670115
ENSG00000096093.9 6 52285106 52285106 + 6 866976 6_internal_11375 6 53152082 53214654 163 181.067 0.911375 5.90913 0.110764 0.124648 0.452736 0.479881
ENSG00000065308.4 6 52441713 52441713 - 6 240294 6_internal_11180 6 52140664 52201419 163 162.443 1.08896 6.41391 0.225383 0.0932882 0.820896 0.783041
ENSG00000225791.1 6 52442283 52442283 + 6 709799 6_internal_11375 6 53152082 53214654 163 158.495 1 5.14794 0.0839103 -0.135928 0.412935 0.378753
ENSG00000202198.1 6 52860418 52860418 + 6 65342 6_internal_10142 6 52925760 52934671 163 161.711 1.022 6.04291 0.158645 -0.111346 0.631841 0.643509
ENSG00000112146.10 6 52916789 52916789 + 6 -715370 6_internal_11180 6 52140664 52201419 163 143.867 1.08536 6.12771 0.0119213 -0.195835 0.0845771 0.0853388
ENSG00000112144.11 6 52926600 52926600 - 6 675326 6_internal_16072 6 52167683 52251274 163 144.694 1.0128 5.64727 0.244851 -0.0870321 0.865672 0.832198
ENSG00000242865.2 6 52955759 52955759 + 6 196323 6_internal_11375 6 53152082 53214654 163 140.651 0.999941 4.67597 0.181037 0.105124 0.711443 0.676004
ENSG00000261745.1 6 52990944 52990944 - 6 739670 6_internal_16072 6 52167683 52251274 163 168.555 1.03034 6.54012 0.0428534 -0.163028 0.248756 0.219366
ENSG00000251930.1 6 53012727 53012727 - 6 -131803 6_internal_10957 6 53144530 53212793 163 159.339 0.980924 5.87534 0.195721 -0.102843 0.756219 0.738429
ENSG00000137270.10 6 53013627 53013627 - 6 78956 6_internal_10142 6 52925760 52934671 163 171.039 0.965683 6.11706 0.0539856 0.148576 0.273632 0.276575
ENSG00000253026.1 6 53018696 53018696 - 6 84025 6_internal_10142 6 52925760 52934671 163 182.85 0.876206 5.68569 0.110727 0.124065 0.442786 0.479345
ENSG00000219074.1 6 53061957 53061957 - 6 810683 6_internal_16072 6 52167683 52251274 163 181.926 0.848887 6.52839 0.0895486 -0.126919 0.41791 0.464681
ENSG00000218713.1 6 53073495 53073495 - 6 806705 6_internal_10583 6 52239167 52266790 163 164.337 1.03072 6.10356 0.199319 -0.0984203 0.726368 0.728811
ENSG00000206908.1 6 53084059 53084059 + 6 -817269 6_internal_10583 6 52239167 52266790 163 158.4 1.09203 6.22643 0.453832 -0.0585043 0.975124 0.974666
ENSG00000219163.2 6 53101095 53101095 - 6 849821 6_internal_16072 6 52167683 52251274 163 156.537 0.977587 5.53179 0.225188 -0.0961648 0.771144 0.778791
ENSG00000264056.1 6 53141791 53141791 + 6 10291 6_internal_11375 6 53152082 53214654 163 169.431 1.14084 7.02643 1.69428e-05 0.322133 0.00497512 2.03724e-05
ENSG00000217527.1 6 53202144 53202144 - 5 0 6_internal_11375 6 53152082 53214654 163 175.512 1.00004 5.07329 0.00274515 0.225724 0.00497512 0.00951489
ENSG00000012660.9 6 53213947 53213947 - 5 0 6_internal_11375 6 53152082 53214654 163 154.468 0.999988 4.63049 5.78709e-05 0.304417 0.00497512 0.000419734
ENSG00000001084.6 6 53481768 53481768 - 3 267114 6_internal_11375 6 53152082 53214654 163 148.531 0.999986 2.76645 0.224592 -0.0949223 0.542289 0.542834
ENSG00000137269.9 6 53659295 53659295 + 3 -724624 6_internal_10142 6 52925760 52934671 163 178.106 1.00002 3.14229 0.100564 0.127621 0.243781 0.246209
ENSG00000151914.13 6 56819426 56819426 - 2 -91337 6_internal_13164 6 56910763 56930073 163 136.497 0.999979 1.69822 0.200282 0.103384 0.373134 0.374404
ENSG00000168116.9 6 56911347 56911347 + 2 0 6_internal_13164 6 56910763 56930073 163 150.075 1.00001 1.77504 0.0395065 -0.157048 0.0696517 0.0840102
ENSG00000112200.11 6 56951642 56951642 + 2 -21569 6_internal_13164 6 56910763 56930073 163 177.04 0.999993 2.03301 0.231007 -0.0970901 0.373134 0.383716
ENSG00000112208.8 6 57037124 57037124 + 2 -107051 6_internal_13164 6 56910763 56930073 163 178.345 0.999994 2.00329 0.173024 0.106111 0.298507 0.284736
ENSG00000226803.2 6 57039034 57039034 - 2 -46731 6_internal_12230 6 57085765 57214154 163 134.73 0.99999 1.80031 0.472582 0.0568087 0.731343 0.727071
ENSG00000112210.6 6 57087078 57087078 - 2 0 6_internal_12230 6 57085765 57214154 163 172.981 0.999975 2.23655 0.432848 -0.0629861 0.711443 0.703205
ENSG00000146143.12 6 57179603 57179603 + 2 -249530 6_internal_13164 6 56910763 56930073 163 159.609 0.999999 2.00408 0.0679721 0.132838 0.154229 0.137052
ENSG00000215190.4 6 58287779 58287779 - 0 NA NA NA NA NA NA NA NA NA NA NA NA NA
ENSG00000198225.4 6 63921351 63921351 + 0 NA NA NA NA NA NA NA NA NA NA NA NA NA
ENSG00000146166.11 6 64029882 64029882 - 0 NA NA NA NA NA NA NA NA NA NA NA NA NA
ENSG00000112245.5 6 64231666 64231666 + 0 NA NA NA NA NA NA NA NA NA NA NA NA NA
ENSG00000266680.1 6 64282313 64282313 - 0 NA NA NA NA NA NA NA NA NA NA NA NA NA
ENSG00000118482.7 6 64345725 64345725 + 0 NA NA NA NA NA NA NA NA NA NA NA NA NA
ENSG00000218813.1 6 64507082 64507082 + 0 NA NA NA NA NA NA NA NA NA NA NA NA NA
ENSG00000236345.1 6 64516729 64516729 + 0 NA NA NA NA NA NA NA NA NA NA NA NA NA
ENSG00000214558.3 6 66011354 66011354 + 0 NA NA NA NA NA NA NA NA NA NA NA NA NA
ENSG00000188107.8 6 66417118 66417118 - 0 NA NA NA NA NA NA NA NA NA NA NA NA NA
ENSG00000219085.1 6 70416052 70416052 - 0 NA NA NA NA NA NA NA NA NA NA NA NA NA
ENSG00000219881.1 6 70455763 70455763 + 0 NA NA NA NA NA NA NA NA NA NA NA NA NA
ENSG00000168216.6 6 70507003 70507003 - 0 NA NA NA NA NA NA NA NA NA NA NA NA NA
ENSG00000082269.12 6 71122644 71122644 + 0 NA NA NA NA NA NA NA NA NA NA NA NA NA
ENSG00000154079.5 6 71276620 71276620 + 0 NA NA NA NA NA NA NA NA NA NA NA NA NA
ENSG00000112305.10 6 71377479 71377479 + 0 NA NA NA NA NA NA NA NA NA NA NA NA NA
ENSG00000262803.1 6 71403542 71403542 + 0 NA NA NA NA NA NA NA NA NA NA NA NA NA
ENSG00000217767.2 6 71444206 71444206 + 0 NA NA NA NA NA NA NA NA NA NA NA NA NA
ENSG00000112309.6 6 71666741 71666741 - 0 NA NA NA NA NA NA NA NA NA NA NA NA NA
ENSG00000119900.6 6 71998506 71998506 + 0 NA NA NA NA NA NA NA NA NA NA NA NA NA
ENSG00000232295.2 6 72037931 72037931 - 0 NA NA NA NA NA NA NA NA NA NA NA NA NA
ENSG00000185760.11 6 73331520 73331520 + 5 819400 6_internal_12681 6 74150920 74171150 163 184.266 1.00646 5.71301 0.0239126 0.176699 0.109453 0.0881311
ENSG00000233844.1 6 73340223 73340223 + 5 810697 6_internal_12681 6 74150920 74171150 163 158.638 1.00005 4.48856 0.170561 0.104875 0.547264 0.581514
ENSG00000080007.6 6 74104471 74104471 + 5 46449 6_internal_12681 6 74150920 74171150 163 198.402 0.903298 6.34925 0.0921195 0.129858 0.368159 0.385177
ENSG00000164430.10 6 74161999 74161999 - 5 -125914 6_internal_11831 6 74287913 74298654 163 140.269 0.99998 4.57947 0.0879669 0.133126 0.457711 0.424221
ENSG00000135297.11 6 74171301 74171301 + 5 116612 6_internal_11831 6 74287913 74298654 163 166.55 1.00001 4.57887 0.091925 0.130617 0.353234 0.345599
ENSG00000223821.1 6 74202465 74202465 - 5 68812 6_internal_14301 6 74098137 74133653 163 169.813 1.00001 5.15366 0.158538 0.110456 0.567164 0.567438
ENSG00000156508.13 6 74233520 74233520 - 5 -54393 6_internal_11831 6 74287913 74298654 163 161.774 0.999951 4.99835 0.0651764 0.143911 0.293532 0.289917
ENSG00000218459.1 6 74328069 74328069 + 5 -156919 6_internal_12681 6 74150920 74171150 163 159.785 0.99999 4.93488 0.0338086 0.167277 0.169154 0.163885
ENSG00000119899.11 6 74363878 74363878 - 5 66245 6_internal_11912 6 74287885 74297633 163 139.012 0.99994 3.90341 0.178087 0.107122 0.616915 0.608897
ENSG00000156535.8 6 74405508 74405508 + 5 -234358 6_internal_12681 6 74150920 74171150 163 162.491 0.999985 4.54964 0.510738 -0.0519036 0.965174 0.961556
ENSG00000111799.16 6 75915767 75915767 - 0 NA NA NA NA NA NA NA NA NA NA NA NA NA
ENSG00000112695.7 6 75960039 75960039 - 0 NA NA NA NA NA NA NA NA NA NA NA NA NA
ENSG00000112697.11 6 75994684 75994684 - 0 NA NA NA NA NA NA NA NA NA NA NA NA NA
ENSG00000225793.1 6 75994730 75994730 + 0 NA NA NA NA NA NA NA NA NA NA NA NA NA
ENSG00000112701.13 6 76311225 76311225 + 0 NA NA NA NA NA NA NA NA NA NA NA NA NA
ENSG00000217488.2 6 76321661 76321661 - 0 NA NA NA NA NA NA NA NA NA NA NA NA NA
ENSG00000252498.1 6 76353800 76353800 + 0 NA NA NA NA NA NA NA NA NA NA NA NA NA
ENSG00000200091.1 6 76365015 76365015 - 0 NA NA NA NA NA NA NA NA NA NA NA NA NA
ENSG00000251969.2 6 79671289 79671289 - 1 -701365 6_internal_10851 6 80372654 80382768 163 185.842 1.00002 0.954303 0.913366 0.00869002 0.895522 0.89687
ENSG00000217512.1 6 79777855 79777855 - 1 -594799 6_internal_10851 6 80372654 80382768 163 183.264 0.999983 1.0467 0.630402 0.0375069 0.621891 0.626638
ENSG00000146247.12 6 79787953 79787953 - 1 -584701 6_internal_10851 6 80372654 80382768 163 183.741 1.00003 1.18729 0.347879 -0.0721392 0.343284 0.366105
ENSG00000112742.5 6 80713604 80713604 + 1 -330836 6_internal_10851 6 80372654 80382768 163 185.715 1.00003 1.24895 0.386531 -0.0680126 0.427861 0.421965
ENSG00000083123.9 6 80816364 80816364 + 1 -433596 6_internal_10851 6 80372654 80382768 163 210.674 1.00002 1.17678 0.840702 0.0157367 0.870647 0.866366
ENSG00000226089.2 6 82244632 82244632 - 0 NA NA NA NA NA NA NA NA NA NA NA NA NA
ENSG00000269494.1 6 82262537 82262537 - 0 NA NA NA NA NA NA NA NA NA NA NA NA NA
ENSG00000212336.1 6 82331917 82331917 + 0 NA NA NA NA NA NA NA NA NA NA NA NA NA
ENSG00000232031.1 6 82446070 82446070 - 0 NA NA NA NA NA NA NA NA NA NA NA NA NA
ENSG00000112773.11 6 82462491 82462491 - 0 NA NA NA NA NA NA NA NA NA NA NA NA NA
ENSG00000005700.10 6 82957471 82957471 - 0 NA NA NA NA NA NA NA NA NA NA NA NA NA
ENSG00000083097.9 6 83777385 83777385 + 1 816463 6_internal_12209 6 84593848 84600054 163 154.643 1.00003 1.03199 0.443837 0.0609521 0.452736 0.466277
ENSG00000214479.1 6 83782692 83782692 + 1 811156 6_internal_12209 6 84593848 84600054 163 174.19 1 0.993089 0.960244 0.00388977 0.950249 0.957983
ENSG00000013375.9 6 83903655 83903655 - 1 -690193 6_internal_12209 6 84593848 84600054 163 152.16 1 0.980402 0.926819 -0.00729215 0.935323 0.925528
ENSG00000065615.7 6 84569362 84569362 + 1 24486 6_internal_12209 6 84593848 84600054 163 132.708 1.00002 0.994478 0.389317 0.0683951 0.462687 0.435667
ENSG00000228679.1 6 84693447 84693447 + 1 -93393 6_internal_12209 6 84593848 84600054 163 150.202 1.00001 0.890879 0.291018 0.0820648 0.278607 0.282265
ENSG00000135315.7 6 84937353 84937353 - 1 337299 6_internal_12209 6 84593848 84600054 163 162.634 1 1.14578 0.922542 -0.0078711 0.930348 0.946722
ENSG00000135318.7 6 86159809 86159809 + 1 0 6_internal_10040 6 86159342 86175929 163 141.272 1.00002 0.96093 0.896238 0.0104091 0.875622 0.894149
ENSG00000223998.1 6 86270928 86270928 - 1 94999 6_internal_10040 6 86159342 86175929 163 159.45 0.999963 0.903576 0.63807 -0.0368274 0.606965 0.604501
ENSG00000135317.8 6 86303874 86303874 - 1 127945 6_internal_10040 6 86159342 86175929 163 115.103 1.00005 0.788531 0.0340909 -0.169313 0.0696517 0.0597398
ENSG00000236016.2 6 86340080 86340080 + 1 -164151 6_internal_10040 6 86159342 86175929 163 179.507 1.00003 1.12113 0.0446182 -0.155978 0.0547264 0.0392086
ENSG00000135316.12 6 86353510 86353510 - 1 177581 6_internal_10040 6 86159342 86175929 163 185.078 1.00001 1.12387 0.152194 -0.110817 0.134328 0.141575
ENSG00000220563.1 6 86370324 86370324 - 1 194395 6_internal_10040 6 86159342 86175929 163 205.326 1.00002 1.26709 0.175795 -0.106827 0.169154 0.159961
ENSG00000207066.1 6 86387086 86387086 - 1 211157 6_internal_10040 6 86159342 86175929 163 173.331 0.999971 1.06323 0.0371348 -0.1631 0.0199005 0.0335612
ENSG00000201865.1 6 86387376 86387376 - 1 211447 6_internal_10040 6 86159342 86175929 163 154.595 1.00003 0.928436 0.00521186 -0.2283 0.0149254 0.00605352
ENSG00000203875.5 6 86388451 86388451 - 1 212522 6_internal_10040 6 86159342 86175929 163 169.908 0.999987 1.00553 0.0421281 -0.161775 0.0497512 0.0381942
ENSG00000188994.8 6 87862551 87862551 + 2 25107 6_internal_10064 6 87887658 87914080 163 139.282 0.999995 1.91418 0.179869 0.10562 0.40796 0.37113
ENSG00000218313.1 6 87884021 87884021 - 2 -3637 6_internal_10064 6 87887658 87914080 163 150.393 1.00003 1.78341 0.0177832 0.183735 0.0298507 0.0403415
ENSG00000216990.2 6 88008490 88008490 + 2 357224 6_internal_14370 6 88365714 88383789 163 155.837 1.00001 1.94286 0.424986 -0.059256 0.681592 0.670615
ENSG00000111850.5 6 88032306 88032306 + 2 -118226 6_internal_10064 6 87887658 87914080 163 140.874 1.00005 1.81043 0.00840295 -0.207823 0.00995025 0.0257472
ENSG00000164411.6 6 88038996 88038996 - 2 -326718 6_internal_14370 6 88365714 88383789 163 187.705 1.00001 2.20216 0.153129 0.114364 0.263682 0.255133
ENSG00000203872.5 6 88054571 88054571 + 2 -140491 6_internal_10064 6 87887658 87914080 163 139.298 0.999985 1.77609 0.0113916 -0.201308 0.0497512 0.0341177
ENSG00000226524.1 6 88081311 88081311 + 2 -167231 6_internal_10064 6 87887658 87914080 163 192.337 1.00002 2.27445 0.0367361 -0.161876 0.0845771 0.052083
ENSG00000203871.3 6 88106840 88106840 + 2 258874 6_internal_14370 6 88365714 88383789 163 195.664 0.999988 2.43366 0.115247 0.122962 0.179104 0.192982
ENSG00000213204.3 6 88117701 88117701 + 2 248013 6_internal_14370 6 88365714 88383789 163 162.729 1.00001 1.84747 0.00567836 0.208451 0.00497512 0.0105387
ENSG00000218793.1 6 88151864 88151864 - 2 -213850 6_internal_14370 6 88365714 88383789 163 143.055 0.999975 1.78656 0.360702 0.0709884 0.59204 0.588856
ENSG00000164414.12 6 88180341 88180341 + 2 185373 6_internal_14370 6 88365714 88383789 163 175.782 0.999976 2.31129 0.0327773 0.162165 0.0746269 0.0604409
ENSG00000206715.1 6 88198163 88198163 + 2 167551 6_internal_14370 6 88365714 88383789 163 151.062 1.00001 1.98787 0.022459 0.182039 0.0547264 0.0549186
ENSG00000146282.13 6 88299721 88299721 - 2 -65993 6_internal_14370 6 88365714 88383789 163 147.464 1.00001 1.912 0.0679643 0.146453 0.154229 0.151963
ENSG00000135336.8 6 88299839 88299839 + 2 65875 6_internal_14370 6 88365714 88383789 163 153.115 1.00002 2.01594 0.0185584 0.189502 0.0298507 0.0448684
ENSG00000249719.1 6 88360648 88360648 + 2 5066 6_internal_14370 6 88365714 88383789 163 165.244 0.99998 1.93015 0.495629 0.0549756 0.731343 0.730126
ENSG00000224345.1 6 88410228 88410228 + 2 -496148 6_internal_10064 6 87887658 87914080 163 165.197 1.00001 2.30603 0.428022 0.063771 0.711443 0.720787
ENSG00000135334.7 6 88411927 88411927 - 2 28138 6_internal_14370 6 88365714 88383789 163 162.061 1.00002 1.98728 0.605335 -0.0405064 0.840796 0.843211
ENSG00000222145.1 6 89424149 89424149 - 1 -582780 6_internal_12087 6 90006929 90068055 163 159.721 0.999975 1.12871 0.454991 -0.058636 0.472637 0.50074
ENSG00000111880.11 6 89673348 89673348 - 5 -988070 6_internal_10072 6 90661418 90821826 163 178.695 0.944658 6.10761 0.243693 0.0933908 0.800995 0.800134
ENSG00000223001.1 6 89773409 89773409 - 5 -887541 6_internal_10790 6 90660950 91007520 163 182.197 1.03563 5.83531 0.0595273 0.142917 0.243781 0.22744
ENSG00000146278.10 6 89790470 89790470 + 5 870948 6_internal_10072 6 90661418 90821826 163 163.669 1.00003 5.57698 0.0458102 0.152259 0.218905 0.228109
ENSG00000264017.1 6 89800665 89800665 + 6 848997 6_internal_13470 6 90649662 90655312 163 146.541 0.999963 4.728 0.20265 0.0971909 0.726368 0.704227
ENSG00000154548.8 6 89827800 89827800 - 6 -821862 6_internal_13470 6 90649662 90655312 163 207.013 0.799232 6.97723 0.0104208 0.203653 0.079602 0.0587329
ENSG00000146281.5 6 89855769 89855769 + 10 989469 6_internal_15570 6 90845238 91008397 163 162.889 0.969551 8.50828 0.0407163 -0.163941 0.308458 0.312228
ENSG00000146276.7 6 89940997 89940997 - 10 -889617 6_internal_10754 6 90830614 90854569 163 171.675 0.959935 9.9918 0.377707 -0.0690025 0.985075 0.990203
ENSG00000111886.8 6 90025018 90025018 - 10 -809850 6_internal_13149 6 90834868 90969232 163 172.981 0.935994 9.40126 0.215652 0.0997874 0.875622 0.892018
ENSG00000198833.6 6 90062567 90062567 - 10 -772301 6_internal_13149 6 90834868 90969232 163 171.293 0.90374 9.60199 0.0154677 0.193019 0.154229 0.150093
ENSG00000025039.9 6 90121989 90121989 - 10 -527935 6_internal_15259 6 90649924 90932317 163 188.437 1.03406 11.6083 0.0605838 0.140874 0.363184 0.387841
ENSG00000135299.11 6 90142889 90142889 + 11 692932 6_internal_12176 6 90835821 90912629 163 205.421 0.943249 15.5009 0.0158506 0.188956 0.124378 0.11587
ENSG00000239316.2 6 90187860 90187860 + 11 642754 6_internal_10754 6 90830614 90854569 163 155.487 1.02151 11.0516 0.0076012 -0.206798 0.0845771 0.0910342
ENSG00000237027.1 6 90276763 90276763 - 11 -384187 6_internal_10790 6 90660950 91007520 163 180.653 0.959858 12.079 0.0925116 0.131115 0.631841 0.634754
ENSG00000083099.6 6 90348472 90348472 - 11 -487349 6_internal_12176 6 90835821 90912629 163 168.412 1.00079 9.2908 0.069046 0.143953 0.472637 0.461824
ENSG00000228124.1 6 90383188 90383188 + 11 278230 6_internal_10072 6 90661418 90821826 163 178.934 0.952644 11.5187 0.0438124 -0.159214 0.373134 0.35641
ENSG00000112159.7 6 90529442 90529442 - 11 -301172 6_internal_10754 6 90830614 90854569 163 163.907 0.971822 11.8969 0.202629 -0.0997199 0.940299 0.934441
ENSG00000118412.8 6 90539613 90539613 + 11 583196 6_internal_13229 6 91122809 91183662 163 151.587 1.11865 10.3689 0.0247651 0.174565 0.20398 0.225767
ENSG00000112182.9 6 91006627 91006627 - 11 93998 6_internal_12176 6 90835821 90912629 163 153.895 1.04442 10.6744 0.0061774 0.212609 0.0646766 0.0705609
ENSG00000135341.13 6 91296764 91296764 - 10 474938 6_internal_10072 6 90661418 90821826 163 152.494 1.08622 9.65281 0.138796 0.119761 0.781095 0.772248
ENSG00000261366.1 6 96025326 96025326 - 0 NA NA NA NA NA NA NA NA NA NA NA NA NA
ENSG00000172469.10 6 96025419 96025419 + 0 NA NA NA NA NA NA NA NA NA NA NA NA NA
ENSG00000014123.9 6 96969471 96969471 + 0 NA NA NA NA NA NA NA NA NA NA NA NA NA
ENSG00000146263.7 6 97731093 97731093 - 0 NA NA NA NA NA NA NA NA NA NA NA NA NA
ENSG00000112234.3 6 99395849 99395849 - 3 -572362 6_internal_10372 6 99968211 100042097 163 141.097 0.999966 2.42099 0.677687 0.0322987 0.945274 0.945373
ENSG00000132423.6 6 99842080 99842080 - 3 -40661 6_internal_11066 6 99882741 100063272 163 205.214 1.00001 3.37113 0.446837 -0.0608945 0.79602 0.814392
ENSG00000228506.1 6 99872798 99872798 + 3 89816 6_internal_10176 6 99962614 99969845 163 173.904 0.999982 3.14739 0.364286 0.0707431 0.771144 0.740612
ENSG00000132424.10 6 99873207 99873207 - 3 -89407 6_internal_10176 6 99962614 99969845 163 144.583 0.999953 2.74501 0.225072 -0.0957212 0.562189 0.551517
ENSG00000228439.2 6 99968569 99968569 + 3 0 6_internal_10372 6 99968211 100042097 163 143.325 0.99996 2.57269 0.0186687 -0.183801 0.0696517 0.0691041
ENSG00000123552.12 6 99969604 99969604 - 3 0 6_internal_11066 6 99882741 100063272 163 146.27 0.999967 2.58847 0.318345 0.0789041 0.636816 0.665029
ENSG00000112237.8 6 100016849 100016849 - 3 47004 6_internal_10176 6 99962614 99969845 163 158.384 1 3.1293 0.04303 0.158253 0.129353 0.137303
ENSG00000112249.9 6 101329248 101329248 - 0 NA NA NA NA NA NA NA NA NA NA NA NA NA
ENSG00000085382.7 6 105307794 105307794 - 2 -930761 6_internal_13150 6 106238555 106636413 163 155.598 0.999977 1.91743 0.0371228 0.166667 0.079602 0.0784519
ENSG00000085377.9 6 105850959 105850959 - 4 222575 6_internal_10347 6 105388313 105628384 163 194.183 0.999961 4.60767 0.0850268 -0.137532 0.278607 0.24836
ENSG00000057657.10 6 106534195 106534195 + 5 5814 6_internal_10619 6 106540009 106568424 163 183.073 0.999968 5.39599 0.080987 0.132907 0.318408 0.301648
ENSG00000244710.2 6 106731586 106731586 - 4 95173 6_internal_13150 6 106238555 106636413 163 147.225 0.999951 3.45376 0.0991856 -0.131269 0.363184 0.349795
ENSG00000252444.1 6 106752051 106752051 + 4 -104633 6_internal_10547 6 106439687 106647418 163 150.966 1.00006 3.71853 0.048461 -0.156403 0.179104 0.1979
ENSG00000057663.8 6 106773666 106773666 - 4 126248 6_internal_10547 6 106439687 106647418 163 154.786 1.00003 4.14752 0.216745 0.0976695 0.666667 0.659454
ENSG00000112297.10 6 106959730 106959730 + 4 -312312 6_internal_10547 6 106439687 106647418 163 147.942 0.999985 3.35213 0.289423 0.0838683 0.701493 0.715804
ENSG00000130347.8 6 107077373 107077373 - 7 508949 6_internal_10619 6 106540009 106568424 163 156.792 1.00596 6.36723 0.044908 -0.159835 0.253731 0.272191
ENSG00000130348.7 6 107077453 107077453 + 7 973504 6_internal_10355 6 108050957 108147321 163 156.505 1.06934 6.70121 0.0291639 0.165196 0.164179 0.174056
ENSG00000130349.5 6 107349407 107349407 + 9 926741 6_internal_12168 6 108276148 108343713 163 142.752 0.94013 7.66769 0.0430023 0.153651 0.363184 0.397847
ENSG00000164494.7 6 107780768 107780768 - 7 776102 6_internal_13764 6 106977242 107004666 163 188.039 0.911105 6.91088 0.10659 0.125259 0.477612 0.493299
ENSG00000146285.9 6 108145521 108145521 - 7 0 6_internal_11954 6 108042298 108147047 163 187.561 0.995137 8.71526 2.31712e-08 0.416708 0.00497512 1.95194e-08
ENSG00000238420.1 6 108251292 108251292 + 8 -123471 6_internal_10486 6 108103011 108127821 163 172.153 0.949783 7.22668 0.128028 -0.118678 0.636816 0.617213
ENSG00000232778.1 6 108253004 108253004 + 8 -105957 6_internal_11954 6 108042298 108147047 163 141.399 1.03593 6.89734 0.0693324 0.141345 0.467662 0.464854
ENSG00000025796.9 6 108279393 108279393 - 8 132072 6_internal_10355 6 108050957 108147321 163 139.839 1.10713 7.56765 0.000274289 0.278902 0.00497512 0.00313915
ENSG00000225093.1 6 108326772 108326772 - 8 179451 6_internal_10355 6 108050957 108147321 163 166.2 0.937112 7.95239 0.000368677 0.274948 0.00995025 0.00381099
ENSG00000238490.1 6 108382022 108382022 + 8 -234701 6_internal_10355 6 108050957 108147321 163 197.526 0.941221 8.74087 0.168809 0.107688 0.706468 0.724485
ENSG00000081087.10 6 108487058 108487058 - 8 143345 6_internal_12168 6 108276148 108343713 163 165.817 0.903247 7.23084 0.0385636 -0.161598 0.288557 0.281059
ENSG00000238974.1 6 108564659 108564659 + 8 302746 6_internal_16349 6 108867405 109395580 163 195.823 0.80016 9.18644 0.0670035 0.148021 0.412935 0.444987
ENSG00000233511.1 6 108573418 108573418 + 8 -80659 6_internal_10099 6 108434319 108492759 163 162.22 1.04301 8.81925 0.0843167 0.132771 0.572139 0.524154
ENSG00000212525.1 6 108573605 108573605 + 8 -426284 6_internal_10355 6 108050957 108147321 163 172.36 0.83209 7.33292 0.0509723 -0.155218 0.363184 0.36707
ENSG00000112335.10 6 108582464 108582464 - 8 435143 6_internal_10355 6 108050957 108147321 163 138.789 1.03587 6.15057 0.121676 0.12526 0.636816 0.626537
ENSG00000135537.11 6 108616098 108616098 + 8 -576980 6_internal_10513 6 108029788 108039118 163 153.163 0.916743 6.11143 0.0984064 -0.130511 0.542289 0.545367
ENSG00000118689.10 6 108881038 108881038 + 9 -753217 6_internal_10486 6 108103011 108127821 163 182.42 0.904717 9.0007 0.04128 0.158088 0.288557 0.288574
ENSG00000228976.1 6 108939488 108939488 - 9 446729 6_internal_10099 6 108434319 108492759 163 135.494 1.10159 7.31329 0.0416861 -0.154231 0.368159 0.335263
ENSG00000203801.4 6 109072857 109072857 + 8 -945036 6_internal_10486 6 108103011 108127821 163 152.096 1.03325 8.57956 0.101852 0.128976 0.641791 0.632925
ENSG00000219565.2 6 109108256 109108256 - 8 980435 6_internal_10486 6 108103011 108127821 163 183.152 1.04208 9.15981 0.0246713 0.175033 0.139303 0.133822
ENSG00000118690.8 6 109169619 109169619 + 5 51461 6_internal_12182 6 109221080 109246752 163 173.363 1.00002 5.22008 0.000421365 0.274113 0.00497512 0.00143866
ENSG00000218872.1 6 109177940 109177940 - 5 -43140 6_internal_12182 6 109221080 109246752 163 155.646 1.00001 4.70313 0.243422 -0.0928423 0.736318 0.748557
ENSG00000228834.1 6 109229076 109229076 - 5 0 6_internal_12182 6 109221080 109246752 163 176.976 0.999958 5.99888 0.176785 0.107116 0.626866 0.646759
ENSG00000230290.1 6 109245306 109245306 - 5 0 6_internal_12182 6 109221080 109246752 163 172.344 1.00001 4.83676 0.000226861 0.284744 0.00497512 0.000723742
ENSG00000080546.9 6 109416022 109416022 - 4 169270 6_internal_12182 6 109221080 109246752 163 130.336 1.00005 3.54618 9.09006e-06 0.346245 0.00497512 0.000258219
ENSG00000183137.10 6 109416313 109416313 + 4 -20733 6_internal_16349 6 108867405 109395580 163 162.522 1.00006 4.41985 0.00396531 0.232442 0.00995025 0.0176369
ENSG00000203799.6 6 109612231 109612231 + 3 92149 6_internal_11084 6 109704380 109713382 163 179.22 1.00003 3.02606 0.378102 -0.0693523 0.756219 0.735088
ENSG00000135535.10 6 109703762 109703762 - 4 -618 6_internal_11084 6 109704380 109713382 163 159.18 0.999978 4.21645 0.138771 -0.117462 0.487562 0.479599
ENSG00000260273.1 6 109703998 109703998 + 4 382 6_internal_11084 6 109704380 109713382 163 140.826 1.00004 3.62636 0.00928796 0.200362 0.0497512 0.0555414
ENSG00000135587.4 6 109761966 109761966 + 4 -48584 6_internal_11084 6 109704380 109713382 163 179.969 0.999964 4.75638 0.147235 0.114361 0.477612 0.477934
ENSG00000185250.10 6 109762374 109762374 - 4 48992 6_internal_11084 6 109704380 109713382 163 164.735 1.00001 4.02003 0.110091 0.127298 0.383085 0.368957
ENSG00000135596.13 6 109787171 109787171 - 4 73789 6_internal_11084 6 109704380 109713382 163 129.349 0.999964 3.31659 0.171415 0.102983 0.562189 0.567444
ENSG00000112365.4 6 109804440 109804440 - 4 91058 6_internal_11084 6 109704380 109713382 163 136.656 1.00002 3.43664 0.0106959 0.200537 0.0845771 0.0653301
ENSG00000223537.1 6 109809109 109809109 + 4 -95727 6_internal_11084 6 109704380 109713382 163 154.882 0.99999 3.3554 0.0477735 -0.152872 0.159204 0.169048
ENSG00000155085.9 6 110012420 110012420 - 4 616840 6_internal_16349 6 108867405 109395580 163 165.197 0.999969 3.77971 0.085321 0.136271 0.283582 0.279997
ENSG00000112367.6 6 110012499 110012499 + 4 -765747 6_internal_12182 6 109221080 109246752 163 189.105 0.999965 5.13802 0.0588954 0.146749 0.233831 0.197198
ENSG00000232311.1 6 110147725 110147725 + 4 -900973 6_internal_12182 6 109221080 109246752 163 159.1 1.00004 3.81462 0.121942 0.118396 0.402985 0.40306
ENSG00000168438.8 6 110501344 110501344 + 3 -787962 6_internal_11084 6 109704380 109713382 163 159.036 0.999998 3.02407 0.0366361 0.161327 0.0945274 0.113355
ENSG00000244179.1 6 110545499 110545499 + 3 -832117 6_internal_11084 6 109704380 109713382 163 154.866 1.00004 2.70078 0.0182846 0.185597 0.0845771 0.0568706
ENSG00000053328.8 6 110679475 110679475 - 3 -8158 6_internal_10698 6 110687633 110712329 163 135.144 1.00005 2.54837 0.115376 -0.120419 0.353234 0.34265
ENSG00000213150.2 6 110966902 110966902 + 2 -254573 6_internal_10698 6 110687633 110712329 163 150.25 1.00004 1.85555 0.113614 -0.125566 0.21393 0.22574
ENSG00000217041.1 6 111021765 111021765 + 2 395148 6_internal_11241 6 111416913 111436498 163 148.753 0.999977 1.96632 0.714845 0.0284164 0.920398 0.922203
ENSG00000219150.2 6 111028085 111028085 - 2 -388828 6_internal_11241 6 111416913 111436498 163 212.967 0.999979 2.27906 0.496986 -0.0534724 0.731343 0.730369
ENSG00000200522.1 6 111043551 111043551 - 3 331222 6_internal_10698 6 110687633 110712329 163 160.803 1.00003 3.3426 0.396885 -0.0663823 0.820896 0.818767
ENSG00000155111.10 6 111137161 111137161 - 5 -893421 6_internal_10303 6 112030582 112318862 163 178.202 1.0144 6.14271 0.0263717 0.174499 0.119403 0.113821
ENSG00000212587.1 6 111169749 111169749 + 6 886002 6_internal_12232 6 112055751 112359800 163 153.783 1.00006 5.25002 0.0187021 0.181015 0.119403 0.112052
ENSG00000199360.1 6 111177620 111177620 + 6 239293 6_internal_11241 6 111416913 111436498 163 154.5 1.04213 6.14511 0.122262 -0.121535 0.547264 0.564505
ENSG00000213149.3 6 111179442 111179442 + 6 876309 6_internal_12232 6 112055751 112359800 163 169.001 0.882184 5.7347 0.494398 0.0524748 0.99005 0.982556
ENSG00000123505.9 6 111195973 111195973 + 6 947977 6_internal_12132 6 112143950 112187828 163 176.323 1.01669 6.37261 0.304487 0.0795721 0.875622 0.879578
ENSG00000155115.6 6 111279763 111279763 + 6 864187 6_internal_12132 6 112143950 112187828 163 143.532 0.999949 5.1499 0.184114 -0.105019 0.746269 0.708239
ENSG00000173214.5 6 111580551 111580551 + 8 719822 6_internal_11646 6 112300373 112307058 163 157.492 0.976723 7.8896 0.0205502 -0.184268 0.169154 0.174833
ENSG00000230177.1 6 111599135 111599135 + 8 691243 6_internal_10677 6 112290378 112353701 163 166.995 1.0303 8.14962 0.0576427 0.145476 0.368159 0.35351
ENSG00000220392.1 6 111674905 111674905 + 8 625468 6_internal_11646 6 112300373 112307058 163 172.726 0.944417 7.99264 0.0414158 -0.157 0.283582 0.277103
ENSG00000229276.1 6 111682810 111682810 - 8 -607568 6_internal_10677 6 112290378 112353701 163 171.405 0.973406 8.54544 0.0822487 -0.132859 0.517413 0.497558
ENSG00000218676.1 6 111751463 111751463 + 7 367953 6_internal_10249 6 112119416 112141010 163 167.537 0.944487 6.77314 0.0276454 0.171612 0.179104 0.181043
ENSG00000231889.2 6 111804714 111804714 + 7 251037 6_internal_12232 6 112055751 112359800 163 153.561 1.00644 6.0364 0.0278031 0.168427 0.189055 0.179724
ENSG00000009413.11 6 111804918 111804918 - 7 -314498 6_internal_10249 6 112119416 112141010 163 161.042 0.961688 6.34896 0.00489573 0.208252 0.0497512 0.0373277
ENSG00000220506.2 6 111816916 111816916 - 7 -302500 6_internal_10249 6 112119416 112141010 163 159.53 1.02564 7.2304 0.207455 0.101189 0.820896 0.815552
