ENSG00000240137.1 3 150421351 150421351 + 2 464298 3_internal_13386 3 150885649 150998699 163 162.793 1.00001 1.89206 0.460913 0.0572756 0.686567 0.689649
ENSG00000244265.1 3 150479724 150479724 + 2 405925 3_internal_13386 3 150885649 150998699 163 168.699 0.999986 1.87418 0.019897 0.177578 0.0248756 0.0331908
ENSG00000181788.3 3 150481264 150481264 - 2 -404385 3_internal_13386 3 150885649 150998699 163 156.108 0.999978 1.73858 0.00155982 0.238152 0.00995025 0.00341389
ENSG00000239265.1 3 150570271 150570271 + 2 315378 3_internal_13386 3 150885649 150998699 163 165.738 0.999983 1.73341 0.125447 0.123896 0.228856 0.202398
ENSG00000243273.1 3 150608423 150608423 + 2 277226 3_internal_13386 3 150885649 150998699 163 167.33 0.999978 1.73558 0.20029 0.103175 0.333333 0.31284
ENSG00000214237.5 3 150612089 150612089 - 2 -273560 3_internal_13386 3 150885649 150998699 163 139.091 1.00001 1.71488 0.0106986 0.203062 0.0149254 0.0313709
ENSG00000244382.1 3 150621181 150621181 - 2 -264468 3_internal_13386 3 150885649 150998699 163 164.56 1.00001 1.71955 0.0666762 0.147242 0.134328 0.109766
ENSG00000260234.1 3 150659530 150659530 - 2 -226119 3_internal_13386 3 150885649 150998699 163 160.374 0.99997 1.75098 0.00818927 0.209812 0.0248756 0.0152264
ENSG00000163646.6 3 150690786 150690786 - 2 -194863 3_internal_13386 3 150885649 150998699 163 191.032 1.00003 1.82794 0.118389 0.124803 0.154229 0.159788
ENSG00000144893.8 3 150803484 150803484 + 2 82165 3_internal_13386 3 150885649 150998699 163 161.201 1.00001 1.91932 2.81798e-16 0.571421 0.00497512 7.87165e-16
ENSG00000174946.5 3 150920988 150920988 - 4 0 3_internal_13386 3 150885649 150998699 163 146.477 1.00003 3.00731 1.11678e-07 0.379969 0.00497512 1.47728e-06
ENSG00000239570.1 3 150987228 150987228 + 5 0 3_internal_13386 3 150885649 150998699 163 168.333 0.999955 3.87074 3.02965e-07 0.369548 0.00497512 7.51618e-07
ENSG00000174944.4 3 150996255 150996255 - 5 0 3_internal_13386 3 150885649 150998699 163 169.081 1.00001 4.99423 6.33911e-10 0.443251 0.00497512 1.52152e-09
ENSG00000138271.4 3 151034740 151034740 - 5 36041 3_internal_13386 3 150885649 150998699 163 167.059 1.00004 4.94066 0.00032023 0.268683 0.00995025 0.00133025
ENSG00000181631.6 3 151047336 151047336 - 5 48637 3_internal_13386 3 150885649 150998699 163 167.903 0.999954 4.61852 0.0053128 0.214655 0.0199005 0.0213772
ENSG00000169313.9 3 151102600 151102600 - 5 103901 3_internal_13386 3 150885649 150998699 163 159.403 0.999978 4.37653 7.44136e-06 0.328721 0.00497512 4.11005e-05
ENSG00000152580.8 3 151176497 151176497 - 5 177798 3_internal_13386 3 150885649 150998699 163 166.04 0.999992 4.77109 6.90464e-11 0.475626 0.00497512 2.19349e-10
ENSG00000197953.5 3 151451704 151451704 + 5 517138 3_internal_12703 3 151968842 152174550 163 157.922 0.999974 4.17611 0.144693 0.112968 0.502488 0.495533
ENSG00000242097.1 3 151479799 151479799 - 5 481100 3_internal_13386 3 150885649 150998699 163 141.956 1.00003 4.14232 0.11741 0.118141 0.472637 0.474982
ENSG00000114771.8 3 151531825 151531825 + 5 437017 3_internal_12703 3 151968842 152174550 163 187.546 1.00001 5.11302 0.0366182 0.163099 0.144279 0.121154
ENSG00000198829.4 3 151591431 151591431 + 5 -592732 3_internal_13386 3 150885649 150998699 163 171.596 0.999976 4.13737 0.081523 0.136209 0.273632 0.27206
ENSG00000239941.1 3 151869513 151869513 - 5 -38744 3_internal_11255 3 151908257 151966455 163 197.558 0.999986 4.70919 0.138785 0.116868 0.402985 0.400861
ENSG00000152601.13 3 151961617 151961617 + 5 7225 3_internal_12703 3 151968842 152174550 163 156.458 1.00002 3.94289 0.000137565 0.28486 0.00497512 0.000739911
ENSG00000229619.2 3 151987335 151987335 - 5 0 3_internal_12703 3 151968842 152174550 163 181.322 0.99998 4.87957 5.15889e-07 0.383713 0.00497512 5.78533e-07
ENSG00000221962.3 3 152058779 152058779 - 4 0 3_internal_12703 3 151968842 152174550 163 204.387 0.999966 4.59021 0.000625767 0.250729 0.00497512 0.000585732
ENSG00000201217.1 3 152167061 152167061 + 3 0 3_internal_12703 3 151968842 152174550 163 131.546 1.00004 2.24081 0.0924167 0.133546 0.293532 0.269448
ENSG00000243305.1 3 152214602 152214602 - 3 40052 3_internal_12703 3 151968842 152174550 163 171.819 1.00004 2.88817 0.00654624 0.210058 0.0149254 0.0150569
ENSG00000181467.2 3 152880029 152880029 + 4 -712604 3_internal_10929 3 151899765 152167425 163 148.308 1.00005 3.8339 0.0712556 0.14083 0.273632 0.289703
ENSG00000265813.1 3 152917806 152917806 - 4 750381 3_internal_10929 3 151899765 152167425 163 150.329 0.999993 3.26832 0.0236361 0.172534 0.0845771 0.0940923
ENSG00000114790.8 3 153838792 153838792 + 1 -439970 3_internal_11888 3 153360418 153398822 163 152.876 0.999981 1.07248 0.569847 -0.0447084 0.597015 0.607736
ENSG00000174953.9 3 154042286 154042286 - 1 643464 3_internal_11888 3 153360418 153398822 163 156.187 0.99998 0.88926 0.895384 0.0103068 0.885572 0.868193
ENSG00000243969.1 3 154578806 154578806 - 2 -992036 3_internal_10838 3 155570842 155580796 163 131.642 0.999994 1.81578 0.498325 -0.0541083 0.781095 0.758734
ENSG00000243953.1 3 154688012 154688012 - 2 -882830 3_internal_10838 3 155570842 155580796 163 134.093 1.00006 2.04333 0.348309 0.0736359 0.661692 0.641979
ENSG00000196549.6 3 154741913 154741913 + 2 528251 3_internal_10913 3 155270164 155366009 163 142.179 1.00005 1.99996 0.116088 -0.123538 0.248756 0.264321
ENSG00000240666.1 3 154901074 154901074 - 2 -369090 3_internal_10913 3 155270164 155366009 163 188.58 1.00002 2.30662 0.190234 -0.103746 0.338308 0.328864
ENSG00000169359.8 3 155572218 155572218 - 3 -970884 3_internal_13233 3 156543102 156850776 163 152.653 1.00005 3.01559 0.0368508 0.166198 0.154229 0.125215
ENSG00000163655.9 3 155588325 155588325 + 3 954777 3_internal_13233 3 156543102 156850776 163 175.878 0.999967 3.78793 0.441286 0.0614002 0.875622 0.876057
ENSG00000240489.1 3 155705093 155705093 + 3 -124297 3_internal_10838 3 155570842 155580796 163 153.959 1.00002 2.84315 0.320213 -0.0771682 0.681592 0.685217
ENSG00000169282.13 3 155755490 155755490 + 3 -174694 3_internal_10838 3 155570842 155580796 163 168.858 1.00002 3.3863 0.361209 -0.0713845 0.746269 0.770718
ENSG00000114850.2 3 156272973 156272973 - 4 -270129 3_internal_13233 3 156543102 156850776 163 173.347 0.999984 4.0817 0.507532 -0.0524842 0.940299 0.938155
ENSG00000163659.8 3 156391024 156391024 + 3 480019 3_internal_10709 3 156871043 156895187 163 150.091 1.00005 2.74519 0.0120427 0.199026 0.0497512 0.0432839
ENSG00000243926.1 3 156392167 156392167 - 3 -478876 3_internal_10709 3 156871043 156895187 163 153.561 1.00001 2.93404 0.265798 0.0886153 0.626866 0.618803
ENSG00000174912.6 3 156432717 156432717 - 3 851921 3_internal_10838 3 155570842 155580796 163 172.232 0.999982 3.23377 0.078456 0.138956 0.208955 0.210414
ENSG00000240875.1 3 156534851 156534851 - 3 -8251 3_internal_13233 3 156543102 156850776 163 167.775 1 3.02563 0.474139 -0.0577165 0.855721 0.851607
ENSG00000197980.6 3 156543270 156543270 + 3 0 3_internal_13233 3 156543102 156850776 163 180.271 0.999983 2.93302 6.85349e-05 0.298071 0.00497512 8.27204e-05
ENSG00000241544.1 3 156799630 156799630 + 2 0 3_internal_13233 3 156543102 156850776 163 161.44 0.999985 2.00632 0.120839 0.119393 0.248756 0.230877
ENSG00000241135.1 3 156807670 156807670 + 2 0 3_internal_13233 3 156543102 156850776 163 145.379 1.00003 1.8787 0.219695 0.0965069 0.41791 0.412398
ENSG00000243629.1 3 156840793 156840793 - 2 0 3_internal_13233 3 156543102 156850776 163 159.466 0.999985 2.16557 0.0472512 0.155042 0.114428 0.104568
ENSG00000201778.1 3 156871337 156871337 + 2 0 3_internal_10709 3 156871043 156895187 163 148.005 1.00001 1.85839 0.508219 -0.0524343 0.761194 0.752676
ENSG00000163660.7 3 156878549 156878549 - 2 0 3_internal_10709 3 156871043 156895187 163 197.049 1 2.45325 0.253297 -0.0902819 0.427861 0.437364
ENSG00000241770.1 3 156881241 156881241 + 2 0 3_internal_10709 3 156871043 156895187 163 161.233 0.999955 1.93135 0.161644 0.112809 0.308458 0.29238
ENSG00000244515.1 3 156881721 156881721 - 2 0 3_internal_10709 3 156871043 156895187 163 159.896 1.00001 1.62225 0.0548887 0.1538 0.0945274 0.0912183
ENSG00000222675.1 3 156891829 156891829 - 2 0 3_internal_10709 3 156871043 156895187 163 168.746 0.999984 2.34452 0.222883 0.0979235 0.432836 0.432884
ENSG00000243176.1 3 156893012 156893012 + 2 0 3_internal_10709 3 156871043 156895187 163 149.693 0.999989 2.01325 0.0979713 0.130923 0.19403 0.214194
ENSG00000163661.3 3 157154578 157154578 + 2 -303802 3_internal_13233 3 156543102 156850776 163 160.565 1.00003 1.98903 0.13594 -0.116962 0.263682 0.257294
ENSG00000197415.7 3 157251408 157251408 - 2 356221 3_internal_10709 3 156871043 156895187 163 142.227 0.999975 1.70605 0.129244 0.111803 0.228856 0.252075
ENSG00000174891.8 3 157823644 157823644 + 2 -972868 3_internal_13233 3 156543102 156850776 163 147.369 0.999994 1.90213 0.391276 0.0682331 0.631841 0.639405
ENSG00000168779.13 3 157824292 157824292 - 2 973516 3_internal_13233 3 156543102 156850776 163 137.117 0.999967 1.82982 0.165753 0.110451 0.368159 0.340998
ENSG00000241723.1 3 157994210 157994210 - 0 NA NA NA NA NA NA NA NA NA NA NA NA NA
ENSG00000243314.1 3 158214350 158214350 + 0 NA NA NA NA NA NA NA NA NA NA NA NA NA
ENSG00000243150.1 3 158288855 158288855 - 0 NA NA NA NA NA NA NA NA NA NA NA NA NA
ENSG00000178053.13 3 158288952 158288952 + 0 NA NA NA NA NA NA NA NA NA NA NA NA NA
ENSG00000168827.9 3 158362067 158362067 + 0 NA NA NA NA NA NA NA NA NA NA NA NA NA
ENSG00000079257.3 3 158390482 158390482 - 0 NA NA NA NA NA NA NA NA NA NA NA NA NA
ENSG00000118855.13 3 158449987 158449987 + 0 NA NA NA NA NA NA NA NA NA NA NA NA NA
ENSG00000240207.1 3 158450116 158450116 + 0 NA NA NA NA NA NA NA NA NA NA NA NA NA
ENSG00000118849.5 3 158450485 158450485 - 0 NA NA NA NA NA NA NA NA NA NA NA NA NA
ENSG00000232374.4 3 158559873 158559873 - 0 NA NA NA NA NA NA NA NA NA NA NA NA NA
ENSG00000243687.1 3 160060473 160060473 + 1 966539 3_internal_11404 3 161027012 161114190 163 155.343 0.99997 1.10093 0.302624 0.0820075 0.363184 0.33993
ENSG00000113810.11 3 160117062 160117062 + 2 986837 3_internal_11650 3 161103899 161125211 163 157.858 0.999996 1.89627 0.248258 -0.0917358 0.412935 0.429051
ENSG00000068885.10 3 160117668 160117668 - 2 -986231 3_internal_11650 3 161103899 161125211 163 179.602 1.00001 2.33432 0.709463 -0.028931 0.940299 0.937784
ENSG00000207779.1 3 160122376 160122376 + 2 981523 3_internal_11650 3 161103899 161125211 163 151.014 1.00005 2.18093 0.492969 -0.0542496 0.80597 0.788364
ENSG00000198987.1 3 160122533 160122533 + 2 981366 3_internal_11650 3 161103899 161125211 163 177.278 0.999969 2.13224 0.535082 0.0484335 0.78607 0.788748
ENSG00000248710.1 3 160167617 160167617 - 2 -859395 3_internal_11404 3 161027012 161114190 163 191.955 0.999978 2.18985 0.365092 0.0686496 0.542289 0.577917
ENSG00000213186.3 3 160203561 160203561 - 2 -823451 3_internal_11404 3 161027012 161114190 163 201.967 1.00003 1.93134 0.395661 0.0680919 0.537313 0.557361
ENSG00000238741.1 3 160233024 160233024 - 2 -793988 3_internal_11404 3 161027012 161114190 163 156.474 1.00002 1.94863 0.54339 -0.0489112 0.791045 0.790474
ENSG00000229320.3 3 160283235 160283235 + 2 820664 3_internal_11650 3 161103899 161125211 163 171.007 0.999967 1.88519 0.283081 -0.0823119 0.452736 0.449685
ENSG00000186432.4 3 160283376 160283376 - 2 -820523 3_internal_11650 3 161103899 161125211 163 180.191 0.999974 1.86037 0.187253 0.101642 0.298507 0.285831
ENSG00000163590.9 3 160473390 160473390 + 2 630509 3_internal_11650 3 161103899 161125211 163 160.708 0.999985 1.92204 0.190293 0.102203 0.333333 0.338488
ENSG00000169251.8 3 160822484 160822484 + 2 281415 3_internal_11650 3 161103899 161125211 163 171.612 0.999988 2.05597 0.254641 -0.0868699 0.41791 0.434936
ENSG00000169255.9 3 160823172 160823172 - 2 -203840 3_internal_11404 3 161027012 161114190 163 196.157 1.00003 2.19528 0.289789 -0.0828443 0.452736 0.461044
ENSG00000174776.6 3 167371771 167371771 - 1 -487427 3_internal_17487 3 167859198 169776577 163 122.282 0.999999 0.965493 0.918817 0.00820416 0.915423 0.922944
ENSG00000241120.1 3 167412430 167412430 - 1 -446768 3_internal_17487 3 167859198 169776577 163 146.302 1.00001 0.925763 0.556282 0.0463021 0.552239 0.549399
ENSG00000114209.10 3 167452727 167452727 - 1 -406471 3_internal_17487 3 167859198 169776577 163 166.55 0.999992 0.951291 0.904764 -0.0093472 0.890547 0.89211
ENSG00000163536.7 3 167453031 167453031 + 1 406167 3_internal_17487 3 167859198 169776577 163 175.082 1.00001 1.18951 0.471061 0.0577665 0.502488 0.514239
ENSG00000173905.4 3 167813763 167813763 - 1 -45435 3_internal_17487 3 167859198 169776577 163 150.775 0.999978 1.02131 0.0671858 0.144249 0.0895522 0.0799746
ENSG00000085276.13 3 169381406 169381406 - 5 0 3_internal_11943 3 169376007 169387623 163 141.081 0.999998 4.46511 0.293258 0.0820344 0.835821 0.830827
ENSG00000200182.1 3 169482835 169482835 - 5 -653194 3_internal_11628 3 170136029 170444969 163 187.275 0.999981 5.88521 0.0632711 -0.148177 0.253731 0.244218
ENSG00000085274.10 3 169490853 169490853 + 5 211119 3_internal_11953 3 169701972 169722285 163 163.796 1.00002 5.50851 0.0357603 0.166562 0.21393 0.179646
ENSG00000171757.10 3 169530774 169530774 - 5 0 3_internal_17487 3 167859198 169776577 163 143.055 1.00002 4.07865 0.194859 0.10186 0.626866 0.645805
ENSG00000008952.11 3 169684423 169684423 + 5 0 3_internal_17487 3 167859198 169776577 163 171.182 0.999984 5.23977 0.0280946 0.176394 0.154229 0.121476
ENSG00000239219.2 3 169684522 169684522 - 5 0 3_internal_17487 3 167859198 169776577 163 177.772 1.06092 6.69453 0.0356721 0.162031 0.179104 0.153784
ENSG00000240373.1 3 169703503 169703503 - 5 315880 3_internal_11943 3 169376007 169387623 163 138.614 1.00006 4.38051 0.000192067 -0.290181 0.00497512 0.00256307
ENSG00000173890.12 3 169755717 169755717 + 5 0 3_internal_17487 3 167859198 169776577 163 198.975 0.938279 6.05505 1.479e-05 0.329168 0.00497512 2.12238e-05
ENSG00000201342.1 3 169775089 169775089 + 5 0 3_internal_17487 3 167859198 169776577 163 132.469 0.999949 4.13666 0.000219816 0.283048 0.00497512 0.00358956
ENSG00000242583.1 3 169780032 169780032 + 5 -3455 3_internal_17487 3 167859198 169776577 163 155.805 1.00006 5.39733 9.81574e-06 0.3532 0.00497512 8.33261e-05
ENSG00000268220.1 3 169805598 169805598 + 5 -29021 3_internal_17487 3 167859198 169776577 163 186.097 0.987747 6.52624 0.000181239 0.291017 0.00497512 0.000454657
ENSG00000199536.1 3 169867633 169867633 + 5 -91056 3_internal_17487 3 167859198 169776577 163 148.69 1.00001 4.70929 0.00555662 0.210812 0.0298507 0.0375655
ENSG00000173889.10 3 169899537 169899537 - 6 122960 3_internal_17487 3 167859198 169776577 163 162.475 1.06066 6.50374 0.000234348 0.288678 0.00497512 0.00103046
ENSG00000163558.8 3 169940153 169940153 + 6 -552530 3_internal_11943 3 169376007 169387623 163 163.828 0.999975 5.50852 0.265947 -0.083779 0.79602 0.816221
ENSG00000136603.9 3 170075466 170075466 + 8 887983 3_internal_13359 3 170963449 171066854 163 145.076 1.04527 6.9548 0.0419226 -0.162173 0.318408 0.305205
ENSG00000013297.5 3 170136653 170136653 + 8 -360076 3_internal_17487 3 167859198 169776577 163 182.85 0.980811 9.39616 0.240834 -0.0910946 0.895522 0.89918
ENSG00000163584.13 3 170588272 170588272 - 9 -620394 3_internal_12945 3 171208666 171213345 163 182.468 0.880867 9.14314 0.0121299 0.186685 0.139303 0.100273
ENSG00000163577.3 3 170626482 170626482 - 9 181513 3_internal_11628 3 170136029 170444969 163 167.346 1.07221 9.22944 0.0649993 -0.142882 0.427861 0.410053
ENSG00000154310.12 3 171178197 171178197 - 7 111343 3_internal_13359 3 170963449 171066854 163 162.156 0.99355 6.7983 0.00349777 0.222437 0.0298507 0.024754
ENSG00000238359.1 3 171411001 171411001 + 9 796922 3_internal_15489 3 172207923 172314683 163 157.174 0.951268 8.40028 0.0599601 -0.149077 0.437811 0.453511
ENSG00000183657.2 3 171527714 171527714 - 8 -230842 3_internal_11181 3 171758556 171879500 163 159.148 1.16808 10.2749 0.0128009 0.187897 0.079602 0.0896234
ENSG00000075651.11 3 171528740 171528740 - 8 -229816 3_internal_11181 3 171758556 171879500 163 152.017 1.07056 7.59088 0.0370913 0.161651 0.243781 0.260031
ENSG00000075420.8 3 171757418 171757418 + 8 465977 3_internal_11893 3 172223395 172244955 163 202.222 0.828143 8.19635 0.0210669 -0.179176 0.139303 0.13045
ENSG00000237483.1 3 171943662 171943662 - 8 955007 3_internal_14960 3 170894689 170988655 163 148.737 1.10746 7.20161 0.160714 0.106921 0.721393 0.727413
ENSG00000243398.2 3 171955116 171955116 + 8 268279 3_internal_11893 3 172223395 172244955 163 168.237 1.11077 9.00812 0.0390872 -0.154645 0.243781 0.236121
ENSG00000267979.1 3 172019686 172019686 - 7 140186 3_internal_11181 3 171758556 171879500 163 154.675 1.06607 6.86458 0.097006 0.127795 0.507463 0.507301
ENSG00000203443.2 3 172034218 172034218 + 7 189177 3_internal_11893 3 172223395 172244955 163 155.089 0.985373 6.32649 0.148965 -0.11718 0.681592 0.67184
ENSG00000236686.1 3 172144879 172144879 - 6 776598 3_internal_14023 3 171282087 171368281 163 151.014 0.975229 5.34518 0.291734 -0.0864804 0.860697 0.867578
ENSG00000224611.1 3 172240018 172240018 + 4 0 3_internal_15489 3 172207923 172314683 163 184.633 1 4.39081 0.0307193 0.168337 0.0995025 0.0908048
ENSG00000121858.6 3 172241297 172241297 - 4 0 3_internal_15489 3 172207923 172314683 163 133.806 1.00005 3.34256 0.00173093 0.249994 0.0199005 0.0151113
ENSG00000223387.2 3 172313397 172313397 - 4 0 3_internal_15489 3 172207923 172314683 163 152.685 0.999969 3.38254 0.24662 0.0919422 0.646766 0.642482
ENSG00000144959.5 3 172429008 172429008 - 3 114325 3_internal_15489 3 172207923 172314683 163 160.342 1.00004 2.874 0.217647 -0.096292 0.507463 0.512948
ENSG00000114346.9 3 172468472 172468472 + 3 -223517 3_internal_11893 3 172223395 172244955 163 187.259 1.00003 3.48167 0.288448 0.0814617 0.61194 0.641351
ENSG00000200355.1 3 172489195 172489195 - 3 609695 3_internal_11181 3 171758556 171879500 163 185.062 1 3.53817 0.67839 0.0325247 0.970149 0.977673
ENSG00000177694.10 3 174156363 174156363 + 0 NA NA NA NA NA NA NA NA NA NA NA NA NA
ENSG00000231888.1 3 176728855 176728855 - 2 -983864 3_internal_12458 3 177712719 177729436 163 147.607 1.00004 1.78414 0.451069 -0.0577478 0.681592 0.681444
ENSG00000231310.2 3 176762649 176762649 + 2 950070 3_internal_12458 3 177712719 177729436 163 147.018 1.00003 2.07949 0.0248866 -0.172398 0.0447761 0.067741
ENSG00000201343.1 3 176838588 176838588 - 2 -874131 3_internal_12458 3 177712719 177729436 163 148.626 0.99997 1.77132 0.778817 -0.021596 0.930348 0.936234
ENSG00000200882.1 3 176843908 176843908 - 2 -868811 3_internal_12458 3 177712719 177729436 163 124.574 0.999967 1.81833 0.615993 -0.0378319 0.850746 0.860284
ENSG00000177565.11 3 176915261 176915261 - 2 -797458 3_internal_12458 3 177712719 177729436 163 167.314 1.00003 2.09718 0.362997 -0.0717059 0.59204 0.603525
ENSG00000199858.1 3 177725567 177725567 - 2 0 3_internal_12458 3 177712719 177729436 163 158.065 0.999974 2.10883 0.531568 -0.0488658 0.791045 0.803647
ENSG00000172667.6 3 178790067 178790067 - 3 37979 3_internal_11917 3 178744151 178752088 163 158.495 0.999996 2.75992 0.0220112 0.184011 0.039801 0.0646704
ENSG00000121879.3 3 178865902 178865902 + 3 -113814 3_internal_11917 3 178744151 178752088 163 202.652 1.00004 3.47012 0.0300678 0.16549 0.0447761 0.052911
ENSG00000201957.1 3 178886998 178886998 - 3 134910 3_internal_11917 3 178744151 178752088 163 157.126 1.00001 3.24811 0.00947892 0.200102 0.039801 0.034865
ENSG00000240429.1 3 178979061 178979061 - 3 231971 3_internal_12723 3 178737750 178747090 163 157.27 1.00001 2.78995 0.446772 0.0601011 0.81592 0.816013
ENSG00000171121.12 3 178984790 178984790 - 3 237700 3_internal_12723 3 178737750 178747090 163 147.846 1.00006 2.8293 0.492181 -0.0522422 0.885572 0.869463
ENSG00000121864.5 3 179040779 179040779 + 3 -288691 3_internal_11917 3 178744151 178752088 163 172.312 1.00002 2.92157 0.575439 0.0447405 0.900498 0.911951
ENSG00000171109.14 3 179065480 179065480 + 3 -313392 3_internal_11917 3 178744151 178752088 163 178.011 0.999966 3.35361 0.507189 0.0525288 0.895522 0.894217
ENSG00000242539.2 3 179114749 179114749 + 3 -362661 3_internal_11917 3 178744151 178752088 163 183.773 0.999963 3.12332 0.247611 -0.0915942 0.527363 0.538869
ENSG00000269728.1 3 179115965 179115965 - 3 376792 3_internal_11145 3 178732995 178739173 163 198.736 1.00001 3.26897 0.289554 0.0840217 0.587065 0.595915
ENSG00000114450.5 3 179169378 179169378 - 3 417290 3_internal_11917 3 178744151 178752088 163 181.72 1.00001 3.42037 0.168475 -0.10844 0.412935 0.416837
ENSG00000136518.11 3 179280668 179280668 + 3 -528580 3_internal_11917 3 178744151 178752088 163 150.679 0.999984 2.71428 0.216665 -0.0994783 0.527363 0.516623
ENSG00000136522.9 3 179322442 179322442 - 3 583269 3_internal_11145 3 178732995 178739173 163 153.147 1.00004 2.70215 0.249458 -0.0910429 0.562189 0.563718
ENSG00000136521.8 3 179322478 179322478 + 3 -583305 3_internal_11145 3 178732995 178739173 163 158.511 1.00005 3.33513 0.144195 0.114305 0.412935 0.418082
ENSG00000213165.2 3 179343366 179343366 + 3 -596276 3_internal_12723 3 178737750 178747090 163 174.827 0.999989 3.00184 0.64263 0.0367436 0.945274 0.949764
ENSG00000163728.6 3 180319918 180319918 + 0 NA NA NA NA NA NA NA NA NA NA NA NA NA
ENSG00000242068.1 3 180491702 180491702 - 1 -928160 3_internal_12926 3 181419862 181422967 163 164.799 0.99999 1.13445 0.797484 -0.0209377 0.825871 0.835616
ENSG00000114416.12 3 180585929 180585929 + 1 833933 3_internal_12926 3 181419862 181422967 163 149.088 0.999967 0.836191 0.265022 0.088932 0.243781 0.245949
ENSG00000145075.7 3 180588793 180588793 - 1 -831069 3_internal_12926 3 181419862 181422967 163 186.129 0.999989 0.95073 0.789786 -0.0208597 0.756219 0.758558
ENSG00000260356.1 3 180698226 180698226 + 1 721636 3_internal_12926 3 181419862 181422967 163 201.76 1.00003 1.12386 0.626109 0.0384271 0.651741 0.630516
ENSG00000205981.2 3 180707562 180707562 - 1 -712300 3_internal_12926 3 181419862 181422967 163 177.215 0.999983 1.26595 0.483293 0.0558422 0.547264 0.546735
ENSG00000206932.1 3 180949525 180949525 + 1 470337 3_internal_12926 3 181419862 181422967 163 187.02 1.00002 1.13698 0.871093 -0.0134856 0.890547 0.894772
ENSG00000240063.1 3 182511182 182511182 - 3 0 3_internal_11280 3 182505751 182537661 163 185.524 0.99997 2.69218 0.0346094 0.168713 0.104478 0.0637258
ENSG00000058063.10 3 182511288 182511288 + 3 0 3_internal_11280 3 182505751 182537661 163 149.581 1.00003 2.92274 0.00499396 0.209505 0.0149254 0.0207991
ENSG00000244346.1 3 182674095 182674095 - 4 -555935 3_internal_11163 3 183230030 183274870 163 160.167 0.99996 3.95452 0.10344 0.121827 0.353234 0.359387
ENSG00000043093.9 3 182703741 182703741 - 4 166080 3_internal_11280 3 182505751 182537661 163 170.736 1.00005 3.49209 0.0533178 -0.153026 0.139303 0.157666
ENSG00000243368.2 3 182734043 182734043 + 4 -196382 3_internal_11280 3 182505751 182537661 163 153.736 1 3.78895 0.358524 0.0732943 0.79602 0.829029
ENSG00000078070.7 3 182833863 182833863 - 4 -395748 3_internal_14750 3 183229611 183274977 163 171.659 0.999968 4.25373 0.232945 -0.0922063 0.666667 0.654153
ENSG00000078081.3 3 182881627 182881627 - 4 343966 3_internal_11280 3 182505751 182537661 163 163 1.00005 3.85675 0.300405 0.0833148 0.751244 0.747861
ENSG00000176597.7 3 182971032 182971032 + 4 258998 3_internal_11163 3 183230030 183274870 163 145.156 0.999995 3.6577 0.0679795 -0.141818 0.293532 0.277604
ENSG00000202502.1 3 182976204 182976204 - 4 -253826 3_internal_11163 3 183230030 183274870 163 202.461 1.00002 4.87521 0.111208 -0.12259 0.328358 0.319012
ENSG00000053524.7 3 183146566 183146566 - 4 -83464 3_internal_11163 3 183230030 183274870 163 175.241 0.999953 4.42965 0.0550874 -0.150026 0.19403 0.190886
ENSG00000240024.1 3 183165396 183165396 + 4 -627735 3_internal_11280 3 182505751 182537661 163 204.61 0.999965 5.32598 0.115119 -0.124543 0.348259 0.348984
ENSG00000201229.1 3 183169645 183169645 + 4 59966 3_internal_14750 3 183229611 183274977 163 138.2 0.999955 3.31277 0.0957237 0.129261 0.348259 0.357833
ENSG00000199363.1 3 183171602 183171602 + 4 -633941 3_internal_11280 3 182505751 182537661 163 192.91 0.999968 4.83728 0.136935 -0.117815 0.447761 0.417106
ENSG00000242522.1 3 183266523 183266523 + 6 0 3_internal_14750 3 183229611 183274977 163 152.064 0.999953 5.35836 0.0261108 0.178583 0.144279 0.158465
ENSG00000172578.7 3 183273477 183273477 - 6 0 3_internal_14750 3 183229611 183274977 163 150.711 1.01134 5.71337 1.50186e-06 0.36179 0.00497512 1.8825e-05
ENSG00000114796.10 3 183353356 183353356 + 6 -78379 3_internal_14750 3 183229611 183274977 163 179.189 1.02906 7.29853 0.00548207 0.217894 0.0298507 0.0230428
ENSG00000163872.10 3 183415606 183415606 + 7 847396 3_internal_15654 3 184263002 184358560 163 166.597 0.89644 6.8546 0.114344 -0.125937 0.567164 0.598362
ENSG00000233885.2 3 183526729 183526729 - 7 251859 3_internal_11163 3 183230030 183274870 163 162.284 0.951347 5.8775 0.186002 0.104497 0.716418 0.720976
ENSG00000180834.3 3 183543382 183543382 - 6 -719620 3_internal_15654 3 184263002 184358560 163 171.437 0.973919 5.72453 0.126105 -0.122602 0.497512 0.520365
ENSG00000175193.8 3 183602721 183602721 - 6 -660281 3_internal_15654 3 184263002 184358560 163 147.353 1.00002 4.91929 0.242059 -0.08879 0.781095 0.781695
ENSG00000223882.1 3 183724126 183724126 + 6 651964 3_internal_12652 3 184376090 184397772 163 171.309 0.912802 6.47959 0.311748 -0.0787776 0.935323 0.913781
ENSG00000114770.12 3 183735803 183735803 - 6 192818 3_internal_12613 3 183532722 183542985 163 170.879 0.926323 5.75774 0.121232 -0.123669 0.522388 0.531449
ENSG00000145191.7 3 183852826 183852826 + 6 523264 3_internal_12652 3 184376090 184397772 163 164.146 1.00003 5.80276 0.116295 -0.120672 0.507463 0.507853
ENSG00000161202.13 3 183873176 183873176 + 6 -598199 3_internal_14750 3 183229611 183274977 163 172.439 0.975197 7.12409 0.0300019 -0.169785 0.18408 0.177674
ENSG00000161203.9 3 183892477 183892477 + 6 -617607 3_internal_11163 3 183230030 183274870 163 154.086 1.00005 5.56675 0.277304 0.0828835 0.835821 0.852429
ENSG00000161204.7 3 183903811 183903811 + 6 472279 3_internal_12652 3 184376090 184397772 163 150.313 1.00006 5.3373 0.244443 -0.0928546 0.81592 0.804863
ENSG00000214160.5 3 183967336 183967336 - 6 -295666 3_internal_15654 3 184263002 184358560 163 212.728 0.931902 8.48349 0.0999752 -0.132407 0.457711 0.442126
ENSG00000175166.12 3 184016497 184016497 + 7 954861 3_internal_11939 3 184971358 185001463 163 142.259 0.999975 5.16744 0.0180063 0.176576 0.079602 0.132584
ENSG00000114867.14 3 184032283 184032283 + 7 343807 3_internal_12652 3 184376090 184397772 163 189.344 0.912215 8.42779 0.0141823 -0.186034 0.0995025 0.087407
ENSG00000212158.1 3 184043484 184043484 + 7 -768507 3_internal_14750 3 183229611 183274977 163 163.478 1.04184 6.95302 0.0871781 -0.135498 0.442786 0.448531
ENSG00000175182.9 3 184053714 184053714 + 7 133379 3_internal_11572 3 184187093 184212692 163 191.238 0.93757 8.8861 0.198577 0.0994232 0.800995 0.813159
ENSG00000114859.10 3 184079439 184079439 - 7 -107654 3_internal_11572 3 184187093 184212692 163 168.078 0.9534 6.9099 0.0190987 0.174995 0.124378 0.127687
ENSG00000163882.5 3 184079506 184079506 + 7 296584 3_internal_12652 3 184376090 184397772 163 195.504 0.866432 7.67106 0.176318 -0.105624 0.701493 0.731707
ENSG00000177383.3 3 184429836 184429836 - 5 32064 3_internal_12652 3 184376090 184397772 163 186.097 0.925583 5.79069 2.26365e-09 0.434755 0.00497512 4.65912e-09
ENSG00000156931.10 3 184529931 184529931 + 5 -986946 3_internal_12613 3 183532722 183542985 163 145.188 0.999945 4.42618 0.061373 -0.141634 0.328358 0.300336
ENSG00000187068.2 3 184870802 184870802 - 4 -100556 3_internal_11939 3 184971358 185001463 163 201.553 0.999986 4.71323 0.0691485 0.148777 0.189055 0.187992
ENSG00000113790.6 3 184999778 184999778 - 4 0 3_internal_11939 3 184971358 185001463 163 164.433 1.00005 4.2338 4.27979e-05 0.307671 0.00995025 0.000167549
ENSG00000073803.9 3 185000729 185000729 + 4 0 3_internal_11939 3 184971358 185001463 163 205.119 0.999978 4.75875 1.83499e-13 0.516339 0.00497512 6.98468e-16
ENSG00000163900.6 3 185216845 185216845 - 4 215382 3_internal_11939 3 184971358 185001463 163 150.95 0.999975 3.79069 8.27176e-07 0.380269 0.00497512 8.00085e-06
ENSG00000163904.8 3 185300284 185300284 + 4 -298821 3_internal_11939 3 184971358 185001463 163 166.566 0.999997 4.22337 0.150725 0.108295 0.457711 0.487335
ENSG00000236489.1 3 185324363 185324363 + 4 -965803 3_internal_15654 3 184263002 184358560 163 164.496 0.999987 4.42244 0.245441 0.0936507 0.726368 0.70853
ENSG00000073792.11 3 185542844 185542844 - 2 -588213 3_internal_12271 3 186131057 186238391 163 143.723 1.00004 1.97273 0.523286 0.0497984 0.820896 0.792139
ENSG00000136527.13 3 185655924 185655924 - 6 -932607 3_internal_11872 3 186588531 186751382 163 146.143 0.999971 5.01944 0.193485 -0.102446 0.726368 0.709537
ENSG00000244405.3 3 185828107 185828107 - 7 -760424 3_internal_11872 3 186588531 186751382 163 148.897 1.05414 6.62879 0.00902829 0.203561 0.079602 0.0689967
ENSG00000058866.10 3 186080026 186080026 - 6 -538358 3_internal_12026 3 186618384 186637213 163 151.889 1.00006 4.7601 0.228895 -0.0954287 0.751244 0.738377
ENSG00000213139.3 3 186264491 186264491 - 6 -324040 3_internal_11872 3 186588531 186751382 163 198.991 0.877219 6.20495 0.0712749 0.143359 0.308458 0.310692
ENSG00000090520.6 3 186285192 186285192 + 6 312311 3_internal_10994 3 186597503 186720454 163 161.933 1.00003 4.49328 0.0914195 -0.133737 0.363184 0.353418
ENSG00000113838.8 3 186288332 186288332 - 6 -337062 3_internal_11433 3 186625394 186652579 163 150.138 0.999961 4.57287 0.112697 0.125564 0.467662 0.465406
ENSG00000156976.10 3 186500994 186500994 + 7 117390 3_internal_12026 3 186618384 186637213 163 159.339 1.13418 7.79854 0.061815 0.14523 0.393035 0.347215
ENSG00000263826.1 3 186501968 186501968 - 7 -123426 3_internal_11433 3 186625394 186652579 163 155.137 1.05504 6.55175 0.068305 0.141223 0.402985 0.376301
ENSG00000238942.1 3 186502585 186502585 + 7 85946 3_internal_11872 3 186588531 186751382 163 151.157 1.0154 5.56158 0.101654 -0.132031 0.477612 0.486112
ENSG00000200418.1 3 186504112 186504112 + 7 224769 3_internal_13142 3 186728881 186770279 163 135.175 1.00004 5.26264 0.0131732 0.198038 0.104478 0.120079
ENSG00000221420.2 3 186504464 186504464 + 7 84067 3_internal_11872 3 186588531 186751382 163 186.702 0.944651 6.84882 0.060782 0.146029 0.338308 0.293806
ENSG00000200320.1 3 186505089 186505089 + 7 92414 3_internal_10994 3 186597503 186720454 163 158.113 1.0419 6.0714 0.37934 -0.0700698 0.940299 0.94483
ENSG00000263776.1 3 186505401 186505401 + 7 119993 3_internal_11433 3 186625394 186652579 163 183.295 0.995827 7.10642 0.320312 0.0783212 0.910448 0.914503
ENSG00000163918.6 3 186524847 186524847 - 7 -72656 3_internal_10994 3 186597503 186720454 163 178.6 1.00766 6.76422 0.277238 0.086857 0.835821 0.862316
ENSG00000073849.10 3 186648274 186648274 + 7 80607 3_internal_13142 3 186728881 186770279 163 175.782 0.99998 5.73867 2.36916e-10 0.465627 0.00497512 2.7063e-10
ENSG00000203632.3 3 186650337 186650337 + 7 78544 3_internal_13142 3 186728881 186770279 163 152.828 1.0758 6.18873 1.68903e-05 0.337027 0.00497512 9.77131e-05
ENSG00000136514.2 3 187086120 187086120 + 11 -847729 3_internal_12271 3 186131057 186238391 163 149.804 1.07032 9.44919 0.165842 0.106043 0.835821 0.838017
ENSG00000228804.1 3 187420101 187420101 + 10 271308 3_internal_12770 3 187691409 187719468 163 170.29 0.964482 8.69278 0.00102747 0.253866 0.0199005 0.0082919
ENSG00000223401.1 3 187461474 187461474 + 10 -710092 3_internal_11872 3 186588531 186751382 163 163.191 1.01971 9.04054 0.0312076 -0.172961 0.258706 0.2403
ENSG00000113916.13 3 187463515 187463515 - 10 -227894 3_internal_12770 3 187691409 187719468 163 169.208 0.963155 9.55946 0.000502469 0.273306 0.0298507 0.00466014
ENSG00000224049.1 3 187513975 187513975 + 10 -793521 3_internal_10994 3 186597503 186720454 163 177.326 0.849294 8.83432 0.0402057 0.152161 0.323383 0.32314
ENSG00000224187.1 3 187694195 187694195 - 8 0 3_internal_12770 3 187691409 187719468 163 183.136 0.949453 9.63444 0.000739772 0.257324 0.00995025 0.00453546
ENSG00000145012.8 3 187871072 187871072 + 5 31128 3_internal_12436 3 187902200 187935566 163 159.514 0.999957 4.43073 0.0345843 0.158222 0.169154 0.152224
ENSG00000213132.2 3 187896331 187896331 + 5 180020 3_internal_13640 3 188076351 188115844 163 139.314 1.00003 4.1748 0.143761 -0.113243 0.557214 0.555748
ENSG00000224563.1 3 188286454 188286454 - 7 566986 3_internal_12770 3 187691409 187719468 163 158.861 1.10079 7.1519 0.11199 0.123984 0.542289 0.545495
ENSG00000264114.1 3 188348490 188348490 - 7 629022 3_internal_12770 3 187691409 187719468 163 169.256 0.895737 6.72017 0.0198981 0.177339 0.134328 0.146173
ENSG00000207651.1 3 188406569 188406569 + 7 596815 3_internal_14571 3 189003384 189043991 163 145.108 1.00004 5.19973 0.0124655 0.188576 0.0945274 0.0921228
ENSG00000188001.5 3 188665003 188665003 + 6 -729437 3_internal_12436 3 187902200 187935566 163 176.61 0.947379 6.05111 0.0109653 0.195847 0.0597015 0.057247
ENSG00000196083.5 3 190231840 190231840 + 4 -420984 3_internal_12189 3 189110622 189810856 163 158.193 0.99996 3.82612 0.0978523 -0.128949 0.368159 0.340147
ENSG00000231047.1 3 190342384 190342384 + 4 620022 3_internal_18178 3 190962406 192636374 163 163.414 1.00003 4.28102 0.504594 0.0530801 0.945274 0.950321
ENSG00000223117.1 3 190359952 190359952 + 4 -549096 3_internal_12189 3 189110622 189810856 163 146.955 0.999972 3.52998 0.0742904 -0.139492 0.303483 0.283699
ENSG00000198836.4 3 193310933 193310933 + 5 -674559 3_internal_18178 3 190962406 192636374 163 143.055 0.999973 4.75578 0.0428157 -0.160698 0.233831 0.246642
ENSG00000207370.1 3 193341978 193341978 + 5 773960 3_internal_11301 3 194115938 194125368 163 148.96 0.999942 4.50289 0.132331 0.116408 0.517413 0.519736
ENSG00000224855.1 3 193345126 193345126 - 5 708752 3_internal_18178 3 190962406 192636374 163 175.464 1.00001 5.40341 0.0600691 -0.147175 0.273632 0.246574
ENSG00000243991.2 3 193458510 193458510 - 5 -657428 3_internal_11301 3 194115938 194125368 163 162.363 0.999958 4.75639 0.096556 0.13138 0.358209 0.385196
ENSG00000114315.3 3 193853934 193853934 + 5 45651 3_internal_15321 3 193899585 193912547 163 158.75 1.00002 5.24123 0.0376718 0.167293 0.189055 0.193766
ENSG00000233058.1 3 194208183 194208183 + 5 591653 3_internal_15562 3 194799836 194829341 163 167.346 0.999974 4.63372 0.059619 0.148323 0.238806 0.235535
ENSG00000133657.10 3 194219093 194219093 - 5 528930 3_internal_11198 3 193627977 193690163 163 158.241 1.00001 4.58559 0.117701 0.125334 0.457711 0.452816
ENSG00000244675.1 3 194222232 194222232 - 5 309685 3_internal_15321 3 193899585 193912547 163 157.588 1.00003 4.92788 0.12532 -0.120447 0.477612 0.50162
ENSG00000231770.1 3 194304740 194304740 + 5 -392193 3_internal_15321 3 193899585 193912547 163 150.711 1.00004 4.89236 0.193971 -0.102803 0.696517 0.687725
ENSG00000229334.1 3 194353652 194353652 + 6 446184 3_internal_15562 3 194799836 194829341 163 175.177 0.929778 6.23537 0.0331063 -0.169444 0.19403 0.18336
ENSG00000145014.13 3 194354418 194354418 - 6 -445418 3_internal_15562 3 194799836 194829341 163 196.253 0.896443 6.67345 0.00656435 0.214813 0.039801 0.0294276
ENSG00000041802.6 3 194393206 194393206 - 6 703043 3_internal_11198 3 193627977 193690163 163 165.802 0.974344 6.49452 0.0433909 0.161752 0.233831 0.252086
ENSG00000185112.4 3 194406622 194406622 + 6 -583869 3_internal_12188 3 193812853 193822753 163 171.994 0.939546 6.4815 0.00155257 -0.253143 0.00995025 0.0101929
ENSG00000230266.1 3 194868600 194868600 + 8 -39259 3_internal_15562 3 194799836 194829341 163 162.427 1.11569 9.24026 0.0535214 0.149911 0.353234 0.348706
ENSG00000173950.11 3 194991896 194991896 - 8 162555 3_internal_15562 3 194799836 194829341 163 174.143 0.922216 7.67285 0.000478966 0.275618 0.00995025 0.00385892
ENSG00000229325.1 3 195003470 195003470 - 9 -996278 3_internal_15565 3 195999748 196015671 163 152.335 1.16184 9.72715 0.118409 -0.122034 0.701493 0.691157
ENSG00000227433.1 3 195070393 195070393 + 9 -945025 3_internal_11301 3 194115938 194125368 163 193.483 0.877947 9.85018 0.0985245 0.133972 0.547264 0.577806
ENSG00000207368.1 3 195140275 195140275 - 8 -366632 3_internal_11262 3 195506907 195517120 163 179.857 1.04053 9.55996 0.00609651 -0.219855 0.039801 0.0320897
ENSG00000114331.8 3 195163807 195163807 - 8 -364852 3_internal_11246 3 195528659 195531878 163 189.217 0.899604 9.7681 0.0272507 -0.17337 0.179104 0.195138
ENSG00000252620.1 3 195250019 195250019 - 8 -562215 3_internal_11569 3 195812234 195828111 163 153.959 1.01763 7.81714 0.0772859 0.138977 0.492537 0.496845
ENSG00000184203.3 3 195270209 195270209 - 8 -542025 3_internal_11569 3 195812234 195828111 163 200.582 0.840426 9.15058 0.127713 0.122832 0.626866 0.653431
ENSG00000223711.1 3 195270871 195270871 + 8 728877 3_internal_15565 3 195999748 196015671 163 173.808 0.884611 7.7346 0.187322 0.102066 0.79602 0.805112
ENSG00000176945.11 3 195343316 195343316 + 10 185343 3_internal_11246 3 195528659 195531878 163 143.15 1.13221 8.94127 0.0570553 -0.150784 0.472637 0.440705
ENSG00000242086.3 3 195384933 195384933 + 10 0 3_internal_12416 3 195351986 195716136 163 191.939 0.918839 13.0104 1.89834e-21 0.662301 0.00497512 5.64076e-22
ENSG00000215837.7 3 195384967 195384967 + 10 0 3_internal_12416 3 195351986 195716136 163 184.808 0.933511 11.4473 5.47189e-13 0.521486 0.00497512 1.29494e-12
ENSG00000207650.1 3 195426272 195426272 + 11 0 3_internal_12416 3 195351986 195716136 163 163.987 0.976883 9.73517 1.26438e-06 0.360317 0.00497512 1.49954e-05
ENSG00000224614.1 3 195634947 195634947 + 13 364801 3_internal_15565 3 195999748 196015671 163 161.185 0.97419 11.6587 0.00263259 -0.227869 0.039801 0.0352621
ENSG00000061938.12 3 195638816 195638816 - 13 106938 3_internal_11246 3 195528659 195531878 163 179.189 0.974651 14.1188 0.00141767 -0.237648 0.0149254 0.0130079
ENSG00000260261.1 3 195679566 195679566 - 13 0 3_internal_12416 3 195351986 195716136 163 155.041 1.1376 12.0505 7.43355e-05 -0.294128 0.00497512 0.000511125
ENSG00000185485.10 3 195717189 195717189 - 13 1053 3_internal_12416 3 195351986 195716136 163 167.473 1.13786 14.9748 1.18198e-10 0.47877 0.00497512 5.3348e-11
ENSG00000252174.1 3 195799690 195799690 + 13 7752 3_internal_12463 3 195807442 195850802 163 170.895 0.9632 12.4137 0.000112781 0.303124 0.00497512 0.00124881
ENSG00000072274.8 3 195809060 195809060 - 13 0 3_internal_12463 3 195807442 195850802 163 165.786 0.998887 13.1814 2.13795e-05 0.337404 0.00497512 0.00024184
ENSG00000163958.9 3 195938308 195938308 - 13 87506 3_internal_12463 3 195807442 195850802 163 171.325 0.969556 13.6597 0.0436005 0.159612 0.427861 0.430283
ENSG00000163959.5 3 195938358 195938358 + 13 -87556 3_internal_12463 3 195807442 195850802 163 142.514 1.07626 10.3515 0.0036966 0.229015 0.0597015 0.0527502
ENSG00000228028.1 3 195977420 195977420 + 13 -149309 3_internal_11569 3 195812234 195828111 163 165.738 0.976636 14.0233 0.0460162 -0.153016 0.492537 0.480901
ENSG00000161217.6 3 196014828 196014828 - 13 164026 3_internal_12463 3 195807442 195850802 163 169.781 1.09805 17.1344 0.0217376 0.180984 0.278607 0.240955
ENSG00000213123.5 3 196045170 196045170 - 13 217059 3_internal_11569 3 195812234 195828111 163 151.38 1.01902 11.6903 0.0276164 0.175977 0.343284 0.322232
ENSG00000145107.10 3 196065374 196065374 - 13 -861403 3_internal_13273 3 196926777 196998426 163 179.475 0.925426 15.4778 0.153727 -0.110095 0.905473 0.905623
ENSG00000206644.1 3 196120683 196120683 - 13 404547 3_internal_12416 3 195351986 195716136 163 174.445 1.01149 13.0422 0.0873643 -0.136737 0.641791 0.643392
ENSG00000241868.2 3 196124649 196124649 - 13 108978 3_internal_15565 3 195999748 196015671 163 180.175 1.07517 18.3306 0.102265 -0.128165 0.78607 0.785384
ENSG00000243339.2 3 196126782 196126782 + 13 -298671 3_internal_11569 3 195812234 195828111 163 162.873 0.902728 11.5233 0.0483469 0.152177 0.457711 0.483681
ENSG00000226345.1 3 196150193 196150193 + 13 317473 3_internal_13694 3 196467666 196485601 163 186.654 0.951523 15.8202 0.153426 0.111906 0.875622 0.891437
ENSG00000225822.3 3 196158235 196158235 + 14 768542 3_internal_13273 3 196926777 196998426 163 151.364 1.06992 11.8993 0.00756667 0.204476 0.0845771 0.0949378
ENSG00000163960.7 3 196159345 196159345 - 14 627467 3_internal_11246 3 195528659 195531878 163 189.647 0.866449 16.1411 0.123744 -0.119846 0.820896 0.84279
ENSG00000163961.4 3 196230639 196230639 - 14 -93958 3_internal_11611 3 196324597 196332077 163 166.773 0.959224 16.0774 0.0183099 0.183518 0.243781 0.258802
ENSG00000174013.7 3 196295482 196295482 + 14 -371104 3_internal_14048 3 195905315 195924378 163 172.217 0.926835 14.9429 0.0219303 -0.173818 0.293532 0.276058
ENSG00000185798.6 3 196295545 196295545 - 14 371167 3_internal_14048 3 195905315 195924378 163 199.818 0.917716 18.7309 0.06281 -0.149709 0.557214 0.567591
ENSG00000174004.5 3 196366557 196366557 + 16 25245 3_internal_11479 3 196391802 196405928 163 171.564 0.985144 17.294 6.92777e-09 0.428348 0.00497512 6.23932e-08
ENSG00000163964.9 3 196366646 196366646 + 16 101020 3_internal_13694 3 196467666 196485601 163 185.221 0.959785 23.5454 0.0413116 -0.162221 0.542289 0.526369
ENSG00000201441.1 3 196435835 196435835 - 16 918715 3_internal_11262 3 195506907 195517120 163 161.488 1.00454 14.3463 0.00949787 -0.201521 0.144279 0.130806
ENSG00000174007.7 3 196439164 196439164 - 16 33236 3_internal_11479 3 196391802 196405928 163 150.998 1.1317 12.7081 0.0612259 0.145153 0.587065 0.555459
ENSG00000180370.5 3 196466728 196466728 + 17 -60800 3_internal_11479 3 196391802 196405928 163 163.796 1.02038 16.6015 0.169931 -0.104011 0.945274 0.951851
ENSG00000202181.1 3 196474195 196474195 - 17 549817 3_internal_14048 3 195905315 195924378 163 161.504 0.991301 18.2729 0.143963 0.117049 0.940299 0.94476
ENSG00000206892.1 3 196511957 196511957 - 17 -642849 3_internal_15234 3 197154806 197185380 163 156.617 0.999934 13.223 0.0227614 -0.173706 0.293532 0.290324
ENSG00000119231.6 3 196594727 196594727 + 15 -123094 3_internal_11260 3 196436867 196471633 163 170.179 0.929135 16.9435 0.0143125 -0.188976 0.258706 0.218152
ENSG00000230732.2 3 196639972 196639972 + 15 -168339 3_internal_11260 3 196436867 196471633 163 161.345 0.942558 14.641 0.0237717 -0.176685 0.298507 0.331626
ENSG00000225578.1 3 196666748 196666748 + 15 -651077 3_internal_15565 3 195999748 196015671 163 180.828 0.90452 16.2802 0.264943 -0.089466 0.995025 0.990761
ENSG00000114503.6 3 196669468 196669468 - 15 -650197 3_internal_11247 3 197319665 197326746 163 167.696 1.11969 19.0026 0.00954179 -0.203465 0.119403 0.114647
ENSG00000119227.3 3 196695931 196695931 - 15 210330 3_internal_13694 3 196467666 196485601 163 154.691 0.973974 13.6209 0.0091257 -0.203146 0.179104 0.149667
ENSG00000163975.7 3 196756687 196756687 - 14 334186 3_internal_16018 3 196335779 196422501 163 172.901 1.02977 16.9468 0.0177285 0.180683 0.208955 0.208609
ENSG00000075711.15 3 197026171 197026171 - 11 -434869 3_internal_10797 3 197461040 197478904 163 172.376 1.02617 10.9274 0.0117829 -0.193127 0.109453 0.093228
ENSG00000161267.7 3 197300194 197300194 - 11 -19471 3_internal_11247 3 197319665 197326746 163 138.311 1.01062 8.49567 0.150467 -0.113353 0.830846 0.822266
ENSG00000214135.4 3 197354777 197354777 - 10 932276 3_internal_16018 3 196335779 196422501 163 197.988 0.925213 13.944 0.0448343 0.155601 0.358209 0.353139
ENSG00000216042.1 3 197401447 197401447 - 10 36312 3_internal_11585 3 197352994 197365135 163 175.002 1.0437 12.2688 0.00255375 -0.228961 0.0149254 0.0178731
ENSG00000122068.6 3 197464050 197464050 + 8 -465624 3_internal_13273 3 196926777 196998426 163 162.682 1.00544 8.22788 0.247985 0.0936917 0.920398 0.903793
ENSG00000145016.9 3 197476598 197476598 - 7 990997 3_internal_13694 3 196467666 196485601 163 149.231 1.06567 7.41723 0.00474705 -0.209904 0.0348259 0.0401801
ENSG00000186001.8 3 197518097 197518097 + 6 -332717 3_internal_15234 3 197154806 197185380 163 148.546 0.999988 5.1314 0.128587 -0.121884 0.597015 0.557505
ENSG00000234136.1 3 197558167 197558167 - 6 372787 3_internal_15234 3 197154806 197185380 163 153.656 0.959038 5.55899 0.17886 -0.104224 0.726368 0.708765
ENSG00000234742.1 3 197577825 197577825 - 6 579399 3_internal_13273 3 196926777 196998426 163 167.059 0.919736 5.9223 0.125328 0.120978 0.542289 0.569627
ENSG00000182899.10 3 197676858 197676858 + 6 -491478 3_internal_15234 3 197154806 197185380 163 163.334 0.984349 5.3768 0.0505348 0.154659 0.253731 0.248821
ENSG00000114473.9 3 197687013 197687013 - 6 -138591 3_internal_10701 3 197825604 197827996 163 189.885 0.948336 6.54631 0.0402922 0.163617 0.218905 0.18194
ENSG00000185621.7 3 197687071 197687071 + 6 -360325 3_internal_11247 3 197319665 197326746 163 156.76 1.00002 5.73552 0.0812573 0.131813 0.422886 0.407923
ENSG00000236438.1 3 197879237 197879237 + 6 -552491 3_internal_11247 3 197319665 197326746 163 181.879 0.978583 6.55805 0.110471 -0.125736 0.482587 0.478011
ENSG00000224450.1 3 197907620 197907620 + 6 -542485 3_internal_11585 3 197352994 197365135 163 146.843 1.01039 6.08277 0.179024 -0.106311 0.741294 0.743662
