ENSG00000224195.1 10 75573276 75573276 + 3 139094 10_internal_8154 10 75712370 75795762 163 140.349 1.00002 2.78113 0.0753847 0.1408 0.273632 0.251764
ENSG00000229990.1 10 75601591 75601591 + 3 86815 10_internal_8362 10 75688406 75701456 163 177.788 0.999982 2.89472 0.319358 0.0795361 0.621891 0.641363
ENSG00000148660.14 10 75634343 75634343 - 4 -78027 10_internal_8154 10 75712370 75795762 163 155.105 0.999965 3.86781 0.0803032 0.139495 0.298507 0.299814
ENSG00000122861.9 10 75668935 75668935 + 4 64270 10_internal_9258 10 75733205 75745155 163 163.493 1.00001 4.42435 0.0739504 -0.135782 0.288557 0.286673
ENSG00000222047.4 10 75682535 75682535 - 4 -50670 10_internal_9258 10 75733205 75745155 163 158.225 0.999978 3.69192 0.238613 -0.0911185 0.656716 0.646793
ENSG00000035403.11 10 75757872 75757872 + 4 0 10_internal_8154 10 75712370 75795762 163 190.188 1.00004 4.26331 0.000530773 0.269149 0.00995025 0.00077367
ENSG00000225761.1 10 75764895 75764895 + 4 0 10_internal_8154 10 75712370 75795762 163 175.114 0.999999 4.69965 0.299002 0.0815807 0.79602 0.788753
ENSG00000228726.2 10 75862305 75862305 - 5 160849 10_internal_8362 10 75688406 75701456 163 184.075 0.892647 5.53032 0.116108 0.122514 0.477612 0.475659
ENSG00000267957.1 10 75880621 75880621 - 5 84859 10_internal_8154 10 75712370 75795762 163 157.524 1.00002 4.96102 0.00778142 0.204647 0.039801 0.043339
ENSG00000269772.1 10 75880800 75880800 + 5 -85038 10_internal_8154 10 75712370 75795762 163 144.901 0.999961 4.72043 0.049531 0.149567 0.233831 0.268603
ENSG00000185009.8 10 75910821 75910821 - 5 115059 10_internal_8154 10 75712370 75795762 163 155.853 0.999956 4.59694 0.013962 0.187319 0.0547264 0.0724948
ENSG00000156110.8 10 75910960 75910960 + 5 -115198 10_internal_8154 10 75712370 75795762 163 149.374 0.999948 4.45977 0.000146898 0.287693 0.00497512 0.00124624
ENSG00000236900.1 10 76104563 76104563 - 5 308801 10_internal_8154 10 75712370 75795762 163 186.288 0.95551 6.15672 0.0132731 0.184485 0.0547264 0.0566705
ENSG00000214629.3 10 76131293 76131293 + 5 -335531 10_internal_8154 10 75712370 75795762 163 146.318 1.00001 4.63366 0.123515 0.118918 0.552239 0.514963
ENSG00000213731.2 10 76183772 76183772 - 5 388010 10_internal_8154 10 75712370 75795762 163 153.004 1.00004 4.94071 0.0275386 0.165358 0.169154 0.151755
ENSG00000227539.1 10 76185995 76185995 + 5 -390233 10_internal_8154 10 75712370 75795762 163 173.172 0.983226 5.38356 0.000847174 0.24997 0.00995025 0.00346756
ENSG00000226253.1 10 76287342 76287342 + 6 479668 10_internal_9143 10 76767010 76775128 163 175.814 0.969079 5.70278 0.0116122 0.193567 0.079602 0.054251
ENSG00000232342.2 10 76289096 76289096 - 6 493334 10_internal_8154 10 75712370 75795762 163 147.91 1.00002 4.99196 0.000389502 0.271912 0.00497512 0.00363395
ENSG00000206756.1 10 76311150 76311150 + 6 455860 10_internal_9143 10 76767010 76775128 163 160.724 0.999954 5.3752 0.045397 0.155355 0.233831 0.227727
ENSG00000214626.2 10 76414714 76414714 + 6 -618952 10_internal_8154 10 75712370 75795762 163 174.015 0.950177 5.78313 0.000109402 0.287086 0.00497512 0.000557264
ENSG00000156650.7 10 76585340 76585340 + 6 673467 10_internal_8434 10 77258807 77263187 163 168.444 0.966599 6.15797 0.11076 -0.124432 0.497512 0.510248
ENSG00000227186.1 10 76784009 76784009 - 4 8881 10_internal_9143 10 76767010 76775128 163 153.768 1.00005 3.65681 0.172438 -0.104911 0.517413 0.527
ENSG00000234149.1 10 76784932 76784932 - 4 -473875 10_internal_8434 10 77258807 77263187 163 185.826 1.00004 4.39838 0.072885 -0.141072 0.228856 0.221872
ENSG00000156671.7 10 76859344 76859344 + 3 -89829 10_internal_8877 10 76611360 76769515 163 139.585 1.00001 2.93561 0.345547 0.0727317 0.771144 0.757519
ENSG00000079393.15 10 76868976 76868976 - 3 -389831 10_internal_8434 10 77258807 77263187 163 164.242 1.00004 2.85065 0.467983 0.054689 0.840796 0.833017
ENSG00000232437.1 10 76884975 76884975 + 3 -109847 10_internal_9143 10 76767010 76775128 163 183.741 1 3.40161 0.298243 -0.0816684 0.646766 0.656103
ENSG00000165637.9 10 76969912 76969912 + 4 288895 10_internal_8434 10 77258807 77263187 163 158.734 0.999942 4.19471 0.32315 -0.0758431 0.800995 0.813134
ENSG00000165644.6 10 76995788 76995788 - 4 -889798 10_internal_8436 10 77885586 77956633 163 186.511 0.991877 5.82514 0.263738 -0.0879598 0.79602 0.787105
ENSG00000148655.9 10 77191211 77191211 + 4 67596 10_internal_8434 10 77258807 77263187 163 155.741 1 3.8773 0.00249618 0.227852 0.0248756 0.0120492
ENSG00000268659.1 10 77402234 77402234 + 4 -139047 10_internal_8434 10 77258807 77263187 163 168.699 0.999961 4.25806 0.00690315 0.202915 0.0298507 0.0252534
ENSG00000213513.3 10 79541634 79541634 - 0 NA NA NA NA NA NA NA NA NA NA NA NA NA
ENSG00000228748.2 10 79542624 79542624 + 0 NA NA NA NA NA NA NA NA NA NA NA NA NA
ENSG00000151208.11 10 79686378 79686378 - 0 NA NA NA NA NA NA NA NA NA NA NA NA NA
ENSG00000148606.7 10 79789303 79789303 - 0 NA NA NA NA NA NA NA NA NA NA NA NA NA
ENSG00000138326.13 10 79793518 79793518 + 0 NA NA NA NA NA NA NA NA NA NA NA NA NA
ENSG00000230417.4 10 80008497 80008497 + 3 987254 10_internal_8163 10 80995751 81037802 163 180.828 1.00004 3.37503 0.0173649 0.187541 0.0845771 0.0406133
ENSG00000227136.2 10 80027085 80027085 + 3 803263 10_internal_8411 10 80830348 80916653 163 171.357 1.00003 3.04421 0.189263 0.103966 0.452736 0.449922
ENSG00000229569.1 10 80763560 80763560 - 4 -66788 10_internal_8411 10 80830348 80916653 163 165.881 1.00003 3.97988 0.696577 -0.0295595 0.995025 0.991024
ENSG00000108175.12 10 80828792 80828792 + 4 1556 10_internal_8411 10 80830348 80916653 163 180.223 1.00001 4.38296 0.00145253 0.243733 0.00995025 0.00355633
ENSG00000224596.1 10 80828817 80828817 - 4 -166934 10_internal_8163 10 80995751 81037802 163 154.563 1.00003 3.71415 0.252653 0.0871682 0.721393 0.681859
ENSG00000108179.8 10 81107225 81107225 + 4 -22435 10_internal_7985 10 81040936 81084790 163 153.529 0.999982 3.45629 0.00498436 0.220509 0.0298507 0.0220521
ENSG00000235426.1 10 81142084 81142084 + 4 -57294 10_internal_7985 10 81040936 81084790 163 150.329 1.00005 4.04658 0.00500131 0.211779 0.0248756 0.0281489
ENSG00000165424.6 10 81205383 81205383 - 4 120593 10_internal_7985 10 81040936 81084790 163 173.792 1.00003 4.35644 0.00686424 0.200082 0.0298507 0.0226398
ENSG00000244733.1 10 81420645 81420645 + 6 794071 10_internal_7815 10 82214716 82272063 163 179.077 0.999985 5.5899 0.152837 -0.111061 0.527363 0.552482
ENSG00000224886.1 10 81444739 81444739 - 6 406937 10_internal_8163 10 80995751 81037802 163 137.69 1.00001 4.51229 0.182443 -0.100931 0.691542 0.675132
ENSG00000188199.5 10 81462983 81462983 + 6 -546330 10_internal_8411 10 80830348 80916653 163 194.311 0.999974 6.70924 0.300034 0.0794973 0.865672 0.864603
ENSG00000226381.2 10 81546305 81546305 - 6 634026 10_internal_7714 10 80894994 80912279 163 189.647 0.915291 5.97568 0.260959 0.0896804 0.80597 0.806406
ENSG00000225484.2 10 81586350 81586350 - 6 -628366 10_internal_7815 10 82214716 82272063 163 158.559 1.03609 5.91431 0.0639409 -0.143163 0.318408 0.323184
ENSG00000224428.2 10 81586459 81586459 + 6 -674180 10_internal_7714 10 80894994 80912279 163 137.468 1.00001 4.80457 0.0448955 -0.15652 0.283582 0.278078
ENSG00000133678.9 10 81838402 81838402 + 6 376314 10_internal_7815 10 82214716 82272063 163 158.798 0.934186 6.16585 0.0135688 -0.196669 0.104478 0.105435
ENSG00000189129.8 10 81891477 81891477 + 6 390670 10_internal_7884 10 82282147 82297131 163 172.885 0.951081 6.09089 0.103862 -0.122927 0.492537 0.474634
ENSG00000122359.12 10 81965433 81965433 - 4 -316714 10_internal_7884 10 82282147 82297131 163 157.27 0.999965 3.37833 0.00159462 -0.24936 0.00497512 0.00650798
ENSG00000108219.8 10 82213922 82213922 + 2 794 10_internal_7815 10 82214716 82272063 163 182.038 1 1.87302 0.107932 0.125103 0.18408 0.16071
ENSG00000226659.1 10 82295698 82295698 - 2 0 10_internal_7884 10 82282147 82297131 163 154.548 0.999954 1.98049 0.0178875 0.179089 0.039801 0.0414336
ENSG00000178217.8 10 82297658 82297658 + 2 -527 10_internal_7884 10 82282147 82297131 163 147.4 0.999977 1.88501 0.0310064 0.168641 0.0547264 0.0745806
ENSG00000165678.14 10 85899196 85899196 + 2 0 10_internal_8754 10 85898087 85938110 163 210.181 1 2.33983 0.387857 0.0655505 0.60199 0.603614
ENSG00000107771.11 10 86088342 86088342 + 2 0 10_internal_11423 10 86087323 86190436 163 168.253 1.00001 2.2839 0.000311302 0.281826 0.00497512 0.000568045
ENSG00000233189.1 10 86149382 86149382 - 2 0 10_internal_11423 10 86087323 86190436 163 155.359 0.999984 1.74325 0.0831963 0.136904 0.18408 0.152901
ENSG00000225423.1 10 86150664 86150664 + 2 0 10_internal_11423 10 86087323 86190436 163 170.879 1.00004 2.11833 0.000197399 0.289623 0.00497512 0.000292486
ENSG00000225928.2 10 86215812 86215812 - 2 25376 10_internal_11423 10 86087323 86190436 163 148.133 1.00001 1.87023 0.0468857 0.151592 0.079602 0.106068
ENSG00000212332.1 10 88248203 88248203 + 4 -36940 10_internal_8532 10 88198201 88211263 163 151.173 1.00001 4.0477 0.00648984 0.203758 0.0248756 0.0350116
ENSG00000062650.12 10 88281572 88281572 - 4 11834 10_internal_8417 10 88260611 88269738 163 140.46 0.999938 3.64973 0.256813 0.0883152 0.731343 0.717363
ENSG00000240475.1 10 88854266 88854266 + 4 -121955 10_internal_9338 10 88708720 88732311 163 169.717 1.00002 4.45975 0.0129043 -0.192578 0.039801 0.0488672
ENSG00000148672.7 10 88854623 88854623 - 4 122312 10_internal_9338 10 88708720 88732311 163 149.072 1 3.36686 0.553837 -0.0459228 0.950249 0.942273
ENSG00000122376.6 10 88854953 88854953 + 4 -585215 10_internal_8417 10 88260611 88269738 163 170.147 0.999974 3.74937 0.308708 -0.0804611 0.736318 0.735061
ENSG00000184923.7 10 88985205 88985205 + 4 114742 10_internal_7762 10 89099947 89104672 163 184.983 0.999967 4.21118 0.000139854 0.285156 0.00497512 0.00020861
ENSG00000223482.1 10 89102369 89102369 - 4 0 10_internal_7762 10 89099947 89104672 163 146.971 0.999955 3.49749 1.75561e-12 0.50666 0.00497512 7.5102e-11
ENSG00000224914.1 10 89102681 89102681 + 4 0 10_internal_7762 10 89099947 89104672 163 163.207 0.999948 4.09132 0.000236667 0.273572 0.00497512 0.000959455
ENSG00000214562.6 10 89117425 89117425 + 4 -12753 10_internal_7762 10 89099947 89104672 163 154.723 0.999951 3.762 1.93043e-05 0.311573 0.00497512 0.000118444
ENSG00000198682.8 10 89419370 89419370 + 2 -687059 10_internal_9338 10 88708720 88732311 163 165.658 0.999993 2.01138 0.224579 -0.0942878 0.383085 0.394613
ENSG00000223820.5 10 89577685 89577685 + 2 -845374 10_internal_9338 10 88708720 88732311 163 190.936 0.999997 2.09666 0.668005 -0.0341482 0.900498 0.884248
ENSG00000138138.8 10 89601100 89601100 - 2 496428 10_internal_7762 10 89099947 89104672 163 166.438 1.00004 2.04493 0.648504 0.0342838 0.885572 0.879739
ENSG00000171862.5 10 89622870 89622870 + 2 -518198 10_internal_7762 10 89099947 89104672 163 174.923 1.00002 1.75434 0.304061 -0.0804981 0.492537 0.447527
ENSG00000227268.3 10 89623194 89623194 - 2 890883 10_internal_9338 10 88708720 88732311 163 149.486 1.00002 2.0092 0.0990788 -0.13272 0.228856 0.216361
ENSG00000224745.1 10 89638449 89638449 + 2 -906138 10_internal_9338 10 88708720 88732311 163 161.822 0.999974 1.93809 0.480606 -0.0549113 0.711443 0.720741
ENSG00000213613.2 10 89705259 89705259 + 2 -972948 10_internal_9338 10 88708720 88732311 163 162.777 0.99998 1.98131 0.101651 -0.124533 0.174129 0.191777
ENSG00000227905.1 10 89809580 89809580 - 2 -933681 10_internal_8834 10 90743261 90767912 163 138.916 1.00005 1.69524 0.442581 0.0613799 0.666667 0.668373
ENSG00000184719.7 10 90344287 90344287 - 4 -742130 10_internal_10703 10 91086417 91180059 163 170.641 0.999977 4.12031 0.0456943 0.155613 0.154229 0.158046
ENSG00000204022.5 10 90346510 90346510 + 4 707077 10_internal_7862 10 91053587 91111417 163 162.65 1.00004 3.79289 0.291453 -0.0801609 0.726368 0.730057
ENSG00000182333.9 10 90424198 90424198 + 4 629389 10_internal_7862 10 91053587 91111417 163 172.949 1.00002 3.93424 0.338734 -0.0758199 0.781095 0.786181
ENSG00000204021.3 10 90484301 90484301 + 4 602116 10_internal_10703 10 91086417 91180059 163 195.425 0.999979 4.85593 0.311982 0.0757033 0.78607 0.780383
ENSG00000226358.1 10 90487242 90487242 + 4 572484 10_internal_7848 10 91059726 91176672 163 187.132 1.00004 4.31432 0.284669 -0.0803719 0.736318 0.713511
ENSG00000204020.4 10 90519952 90519952 + 4 533635 10_internal_7862 10 91053587 91111417 163 148.769 0.999986 3.2688 0.357788 -0.0729474 0.79602 0.790111
ENSG00000235150.1 10 90546818 90546818 - 4 -196443 10_internal_8834 10 90743261 90767912 163 140.572 0.999961 3.13017 0.496118 0.0540988 0.910448 0.904295
ENSG00000173239.8 10 90562654 90562654 + 4 523763 10_internal_10703 10 91086417 91180059 163 166.709 1.00002 3.59812 0.0591581 -0.14705 0.189055 0.188303
ENSG00000152766.5 10 90611575 90611575 - 5 -474842 10_internal_10703 10 91086417 91180059 163 140.779 1.00006 3.99901 0.040023 -0.15959 0.21393 0.207147
ENSG00000138134.7 10 90639491 90639491 + 5 103770 10_internal_8834 10 90743261 90767912 163 142.132 0.999948 4.6217 0.0931132 0.134736 0.452736 0.437236
ENSG00000180139.9 10 90692428 90692428 + 5 50833 10_internal_8834 10 90743261 90767912 163 169.367 1.00002 4.82051 1.61519e-08 0.41375 0.00497512 4.0908e-08
ENSG00000026103.15 10 90750414 90750414 + 5 0 10_internal_8834 10 90743261 90767912 163 172.28 1.00004 5.55888 1.01411e-08 0.418526 0.00497512 2.14977e-08
ENSG00000107796.8 10 90751147 90751147 - 5 0 10_internal_8834 10 90743261 90767912 163 147.735 1.00005 4.5781 6.39952e-14 0.549793 0.00497512 4.3073e-12
ENSG00000261438.1 10 90775593 90775593 + 5 -7681 10_internal_8834 10 90743261 90767912 163 161.488 1.00003 4.58531 5.37776e-06 0.337201 0.00497512 2.72604e-05
ENSG00000238991.1 10 90820888 90820888 - 5 52976 10_internal_8834 10 90743261 90767912 163 133.997 1.00007 3.80823 0.0100981 0.194689 0.0696517 0.0730316
ENSG00000232110.2 10 91043394 91043394 + 5 43023 10_internal_10703 10 91086417 91180059 163 200.137 1 5.7345 0.000911739 0.254572 0.00995025 0.00135833
ENSG00000119922.7 10 91061712 91061712 + 5 0 10_internal_7862 10 91053587 91111417 163 154.484 0.999975 4.80573 0.590068 -0.043226 0.99005 0.987762
ENSG00000119917.9 10 91087651 91087651 + 5 0 10_internal_7848 10 91059726 91176672 163 172.805 1.00002 5.23042 0.468811 -0.0579742 0.975124 0.958471
ENSG00000224289.1 10 91122051 91122051 + 5 -10634 10_internal_7862 10 91053587 91111417 163 200.232 0.976014 5.72147 0.0217895 0.187197 0.0597015 0.0659715
ENSG00000204010.3 10 91137813 91137813 + 5 0 10_internal_10703 10 91086417 91180059 163 154.197 1.00005 4.6296 9.7878e-05 0.305997 0.00995025 0.000700333
ENSG00000185745.8 10 91152303 91152303 + 5 0 10_internal_10703 10 91086417 91180059 163 156.044 0.999941 4.31908 0.386283 0.0696135 0.900498 0.887216
ENSG00000152778.7 10 91174343 91174343 + 5 0 10_internal_10703 10 91086417 91180059 163 195.202 0.94387 5.64417 0.0699675 0.142653 0.283582 0.26329
ENSG00000107798.12 10 91174382 91174382 - 5 -422419 10_internal_7738 10 91596801 91621829 163 172.312 0.999978 4.49485 0.45138 -0.0603019 0.935323 0.925413
ENSG00000152779.12 10 91316398 91316398 - 5 136339 10_internal_10703 10 91086417 91180059 163 153.354 0.999989 3.93034 0.0141894 0.190318 0.0696517 0.066598
ENSG00000138182.9 10 91461367 91461367 + 5 135434 10_internal_7738 10 91596801 91621829 163 157.222 0.99999 4.46485 0.420552 0.062869 0.925373 0.918035
ENSG00000148688.7 10 92631473 92631473 + 1 317097 10_internal_10389 10 92948570 92986510 163 130.639 0.999972 0.909878 0.18087 0.10178 0.223881 0.212708
ENSG00000180628.10 10 92979908 92979908 + 1 0 10_internal_10389 10 92948570 92986510 163 160.596 0.999978 0.917724 0.00377027 0.226897 0.00995025 0.0037058
ENSG00000165338.11 10 93170096 93170096 + 1 -183586 10_internal_10389 10 92948570 92986510 163 145.856 0.99996 1.02667 0.184884 0.102068 0.243781 0.214811
ENSG00000228701.1 10 93558048 93558048 - 1 571538 10_internal_10389 10 92948570 92986510 163 130.671 0.99998 0.899595 0.317354 0.0791968 0.343284 0.340868
ENSG00000107854.5 10 93558069 93558069 + 1 -571559 10_internal_10389 10 92948570 92986510 163 189.949 1.00003 0.918447 0.00555617 0.217902 0.00497512 0.00252879
ENSG00000180581.6 10 93567253 93567253 - 1 580743 10_internal_10389 10 92948570 92986510 163 146.955 1.00001 0.899367 0.498724 -0.054376 0.462687 0.483901
ENSG00000095564.9 10 93683526 93683526 + 1 -697016 10_internal_10389 10 92948570 92986510 163 154.961 0.999999 0.943693 0.542877 0.048906 0.552239 0.532296
ENSG00000214549.2 10 93878421 93878421 + 1 -891911 10_internal_10389 10 92948570 92986510 163 173.84 1.00002 1.18439 0.753646 -0.025498 0.810945 0.802561
ENSG00000213484.2 10 93896632 93896632 + 1 -910122 10_internal_10389 10 92948570 92986510 163 163.525 1.00001 0.867814 0.623638 -0.0389915 0.517413 0.571185
ENSG00000221042.1 10 93964063 93964063 - 1 977553 10_internal_10389 10 92948570 92986510 163 148.913 0.999994 0.910504 0.0173051 0.186224 0.0348259 0.0208969
ENSG00000105988.6 10 93976089 93976089 + 1 -989579 10_internal_10389 10 92948570 92986510 163 178.552 1 0.889923 0.325962 0.0768085 0.283582 0.275534
ENSG00000107864.8 10 94050844 94050844 - 0 NA NA NA NA NA NA NA NA NA NA NA NA NA
ENSG00000198060.4 10 94050920 94050920 + 0 NA NA NA NA NA NA NA NA NA NA NA NA NA
ENSG00000202297.1 10 94094220 94094220 + 0 NA NA NA NA NA NA NA NA NA NA NA NA NA
ENSG00000119912.10 10 94333833 94333833 - 0 NA NA NA NA NA NA NA NA NA NA NA NA NA
ENSG00000138160.4 10 94353043 94353043 + 0 NA NA NA NA NA NA NA NA NA NA NA NA NA
ENSG00000236493.1 10 94429500 94429500 - 0 NA NA NA NA NA NA NA NA NA NA NA NA NA
ENSG00000152804.6 10 94447945 94447945 + 0 NA NA NA NA NA NA NA NA NA NA NA NA NA
ENSG00000138190.12 10 94590935 94590935 + 0 NA NA NA NA NA NA NA NA NA NA NA NA NA
ENSG00000225118.1 10 94638046 94638046 - 0 NA NA NA NA NA NA NA NA NA NA NA NA NA
ENSG00000226425.1 10 94820183 94820183 - 0 NA NA NA NA NA NA NA NA NA NA NA NA NA
ENSG00000187553.5 10 94821021 94821021 + 0 NA NA NA NA NA NA NA NA NA NA NA NA NA
ENSG00000138180.11 10 95256389 95256389 + 0 NA NA NA NA NA NA NA NA NA NA NA NA NA
ENSG00000095464.8 10 95372345 95372345 + 0 NA NA NA NA NA NA NA NA NA NA NA NA NA
ENSG00000148690.10 10 95462329 95462329 - 0 NA NA NA NA NA NA NA NA NA NA NA NA NA
ENSG00000180764.11 10 95721297 95721297 - 0 NA NA NA NA NA NA NA NA NA NA NA NA NA
ENSG00000173145.7 10 96122716 96122716 - 1 -820322 10_internal_9438 10 96943038 96990988 163 161.838 1.00003 0.946133 0.14908 0.113189 0.164179 0.143034
ENSG00000119969.10 10 96305547 96305547 + 1 637491 10_internal_9438 10 96943038 96990988 163 175.575 0.99997 1.04941 0.843633 0.0154037 0.850746 0.851723
ENSG00000107438.4 10 97050781 97050781 - 4 59793 10_internal_9438 10 96943038 96990988 163 141.622 0.999969 3.52618 0.067507 0.139236 0.298507 0.278528
ENSG00000095637.13 10 97321171 97321171 - 4 -228001 10_internal_8534 10 97549172 97592885 163 177.263 0.99996 4.27095 0.0638395 -0.141638 0.21393 0.208408
ENSG00000119977.14 10 97454712 97454712 - 5 -94460 10_internal_8534 10 97549172 97592885 163 178.838 0.999985 5.06912 0.00645591 0.221163 0.039801 0.0217403
ENSG00000138185.11 10 97454774 97454774 + 5 94398 10_internal_8534 10 97549172 97592885 163 185.11 1.00005 4.58237 2.8254e-09 0.443844 0.00497512 1.10269e-09
ENSG00000240527.1 10 97593265 97593265 + 5 -380 10_internal_8534 10 97549172 97592885 163 149.072 1.00002 4.19026 4.30345e-09 0.448832 0.00497512 8.24301e-08
ENSG00000173088.7 10 97620305 97620305 + 5 -25558 10_internal_11644 10 97513873 97594747 163 165.69 0.999975 4.90954 1.13382e-07 0.402057 0.00497512 4.37802e-07
ENSG00000188649.6 10 97709744 97709744 + 5 -116859 10_internal_8534 10 97549172 97592885 163 166.406 1.00004 5.68801 2.67738e-09 0.44425 0.00497512 1.03975e-08
ENSG00000227805.1 10 97760000 97760000 - 5 167115 10_internal_8534 10 97549172 97592885 163 156.474 1.00001 4.59559 0.00786219 0.211264 0.0547264 0.0416462
ENSG00000107443.10 10 97803151 97803151 + 5 -208404 10_internal_11644 10 97513873 97594747 163 161.265 1.00002 4.49684 0.0651051 0.147944 0.263682 0.266335
ENSG00000226688.1 10 97849995 97849995 - 5 257110 10_internal_8534 10 97549172 97592885 163 170.036 0.999979 4.43933 3.34091e-09 0.445417 0.00497512 6.82037e-09
ENSG00000177853.10 10 97889472 97889472 + 5 -294725 10_internal_11644 10 97513873 97594747 163 169.542 0.999981 4.95577 0.398424 0.0679908 0.915423 0.913036
ENSG00000235677.1 10 98319942 98319942 + 4 -727057 10_internal_8534 10 97549172 97592885 163 162.236 1.00002 3.45183 0.0671801 -0.139737 0.21393 0.215284
ENSG00000077147.10 10 98347209 98347209 - 4 15909 10_internal_10083 10 98326057 98331300 163 150.011 0.99998 3.29566 0.199662 0.101292 0.572139 0.556502
ENSG00000202047.1 10 98379133 98379133 + 4 -284081 10_internal_8321 10 98046901 98095052 163 134.109 0.999989 3.24765 0.229408 -0.092727 0.656716 0.649345
ENSG00000227032.1 10 98381464 98381464 - 4 786717 10_internal_11644 10 97513873 97594747 163 163.637 0.999975 3.5644 0.0693461 0.14324 0.218905 0.224384
ENSG00000155629.9 10 98480271 98480271 - 4 885524 10_internal_11644 10 97513873 97594747 163 164.926 1.00004 4.21209 0.097742 0.128342 0.363184 0.345601
ENSG00000196233.6 10 98592017 98592017 + 4 -496965 10_internal_8321 10 98046901 98095052 163 157.811 1.00004 3.55394 0.303936 -0.0801946 0.696517 0.734967
ENSG00000232875.1 10 98675659 98675659 - 2 344359 10_internal_10083 10 98326057 98331300 163 141.24 1.00004 1.69423 0.598617 -0.0405329 0.80597 0.809514
ENSG00000155640.5 10 98741041 98741041 + 2 -645989 10_internal_8321 10 98046901 98095052 163 159.482 1.00003 1.90428 0.443944 -0.0603422 0.646766 0.678475
ENSG00000231025.1 10 98752207 98752207 + 2 -657155 10_internal_8321 10 98046901 98095052 163 160.007 1.00002 1.87699 0.362296 -0.0708571 0.557214 0.57581
ENSG00000234855.1 10 98862513 98862513 + 2 -767461 10_internal_8321 10 98046901 98095052 163 154.723 1.00001 1.97679 0.219898 0.0940324 0.427861 0.406593
ENSG00000187122.10 10 98945677 98945677 - 2 850625 10_internal_8321 10 98046901 98095052 163 167.107 0.99999 2.1104 0.510796 -0.0524117 0.776119 0.773766
ENSG00000231398.1 10 99034769 99034769 + 2 -703469 10_internal_10083 10 98326057 98331300 163 171.755 1.00002 1.82945 0.156489 0.112295 0.253731 0.250403
ENSG00000213390.5 10 99052413 99052413 - 2 957361 10_internal_8321 10 98046901 98095052 163 148.228 0.999977 1.93746 0.265134 -0.0885174 0.497512 0.482203
ENSG00000237169.1 10 99069715 99069715 - 2 974663 10_internal_8321 10 98046901 98095052 163 149.613 1.00003 2.03847 0.361288 -0.0718228 0.616915 0.62488
ENSG00000165879.7 10 99079022 99079022 + 2 -983970 10_internal_8321 10 98046901 98095052 163 165.706 0.999989 1.98446 0.21106 -0.091666 0.358209 0.369358
ENSG00000225850.1 10 99094321 99094321 + 2 -999269 10_internal_8321 10 98046901 98095052 163 161.456 0.99996 1.74245 0.0742957 -0.135162 0.129353 0.128159
ENSG00000181274.5 10 99094458 99094458 - 2 763158 10_internal_10083 10 98326057 98331300 163 172.853 0.999975 2.15889 0.201768 -0.0983128 0.368159 0.363184
ENSG00000231508.1 10 99153304 99153304 - 1 822004 10_internal_10083 10 98326057 98331300 163 155.041 0.999997 0.866923 0.501085 0.0527874 0.442786 0.462883
ENSG00000231970.1 10 99160872 99160872 + 1 -829572 10_internal_10083 10 98326057 98331300 163 164.178 1.00004 0.965005 0.912736 0.00854537 0.915423 0.904628
ENSG00000052749.9 10 99161127 99161127 - 1 829827 10_internal_10083 10 98326057 98331300 163 151.666 0.999991 1.02918 0.916731 0.00789263 0.930348 0.925376
ENSG00000200737.1 10 99181064 99181064 - 1 849764 10_internal_10083 10 98326057 98331300 163 162.984 0.999999 0.888856 0.144738 -0.111444 0.149254 0.129764
ENSG00000224474.2 10 99185831 99185831 - 1 854531 10_internal_10083 10 98326057 98331300 163 194.629 1.00002 0.960028 0.76117 0.024197 0.726368 0.725338
ENSG00000171314.7 10 99185917 99185917 + 1 -854617 10_internal_10083 10 98326057 98331300 163 163.605 1.00002 0.995984 0.755583 0.0233572 0.751244 0.753752
ENSG00000171311.7 10 99205774 99205774 - 1 874474 10_internal_10083 10 98326057 98331300 163 216.882 0.999997 1.05084 0.698782 -0.0301352 0.681592 0.673381
ENSG00000171307.13 10 99205927 99205927 + 1 -874627 10_internal_10083 10 98326057 98331300 163 178.456 0.999974 0.863187 0.716305 -0.0287247 0.636816 0.650087
ENSG00000155229.14 10 99258551 99258551 - 1 927251 10_internal_10083 10 98326057 98331300 163 166.024 1.00001 1.00079 0.772864 -0.0224064 0.756219 0.771082
ENSG00000165886.4 10 99258625 99258625 + 1 -927325 10_internal_10083 10 98326057 98331300 163 193.467 1.00003 1.03168 0.98298 0.00160995 0.9801 0.983654
ENSG00000165887.7 10 99332198 99332198 + 0 NA NA NA NA NA NA NA NA NA NA NA NA NA
ENSG00000155252.12 10 99344131 99344131 + 0 NA NA NA NA NA NA NA NA NA NA NA NA NA
ENSG00000249967.1 10 99344131 99344131 + 0 NA NA NA NA NA NA NA NA NA NA NA NA NA
ENSG00000119986.6 10 99447080 99447080 - 0 NA NA NA NA NA NA NA NA NA NA NA NA NA
ENSG00000155256.12 10 99496878 99496878 + 0 NA NA NA NA NA NA NA NA NA NA NA NA NA
ENSG00000120057.4 10 99531709 99531709 - 0 NA NA NA NA NA NA NA NA NA NA NA NA NA
ENSG00000166024.8 10 99894387 99894387 + 0 NA NA NA NA NA NA NA NA NA NA NA NA NA
ENSG00000230928.1 10 100011780 100011780 + 1 980382 10_internal_9184 10 100992162 101297880 163 144.408 0.999957 0.901373 0.18544 0.102719 0.20398 0.193936
ENSG00000138131.3 10 100028007 100028007 - 1 -964155 10_internal_9184 10 100992162 101297880 163 154.166 0.999964 1.00947 0.728583 0.027071 0.721393 0.739099
ENSG00000119943.6 10 100174941 100174941 - 1 -817221 10_internal_9184 10 100992162 101297880 163 156.012 1 1.04724 0.265802 -0.0883256 0.293532 0.287306
ENSG00000264610.1 10 100191117 100191117 - 1 -801045 10_internal_9184 10 100992162 101297880 163 160.612 0.999999 1.00027 0.226469 0.0926219 0.21393 0.229965
ENSG00000107521.14 10 100206684 100206684 - 1 -785478 10_internal_9184 10 100992162 101297880 163 145.586 1.00003 1.1492 0.261402 0.0884095 0.313433 0.323826
ENSG00000120053.9 10 101190381 101190381 - 2 0 10_internal_9184 10 100992162 101297880 163 174.031 0.999967 2.12088 0.0137153 0.189121 0.0199005 0.0229125
ENSG00000155287.5 10 101380535 101380535 - 2 82655 10_internal_9184 10 100992162 101297880 163 149.915 1 1.88778 0.645428 -0.0348961 0.865672 0.868841
ENSG00000260475.1 10 101380812 101380812 + 2 724552 10_internal_9283 10 102105364 102140895 163 166.884 1.00001 1.92538 0.208595 0.100905 0.378109 0.354315
ENSG00000198018.6 10 101419263 101419263 + 2 -121383 10_internal_9184 10 100992162 101297880 163 154.946 1.00004 1.87511 0.348271 0.0740602 0.59204 0.567544
ENSG00000233690.1 10 101457706 101457706 - 2 159826 10_internal_9184 10 100992162 101297880 163 155.853 1.00002 1.95404 0.0997666 0.129538 0.199005 0.199319
ENSG00000119929.8 10 101462315 101462315 + 2 643049 10_internal_9283 10 102105364 102140895 163 166.534 1.00002 2.31436 0.613289 -0.0394495 0.895522 0.886502
ENSG00000014919.7 10 101491866 101491866 - 2 -613498 10_internal_9283 10 102105364 102140895 163 146.652 1.00005 1.8091 0.1584 0.109868 0.293532 0.303177
ENSG00000023839.6 10 101542489 101542489 + 2 -244609 10_internal_9184 10 100992162 101297880 163 150.425 1.00003 1.90032 0.842714 0.0155267 0.965174 0.972416
ENSG00000227695.1 10 101686767 101686767 + 2 -388887 10_internal_9184 10 100992162 101297880 163 154.245 0.999983 1.86201 0.160206 0.111609 0.293532 0.296223
ENSG00000107554.11 10 101769676 101769676 - 2 471796 10_internal_9184 10 100992162 101297880 163 165.467 1.00001 2.311 0.239906 0.0915996 0.462687 0.463776
ENSG00000107566.9 10 101948091 101948091 - 2 650211 10_internal_9184 10 100992162 101297880 163 214.224 1.00001 2.60334 0.231574 0.0941454 0.383085 0.384488
ENSG00000236308.1 10 101949793 101949793 + 2 155571 10_internal_9283 10 102105364 102140895 163 187.386 0.999984 2.31548 0.151163 0.11319 0.283582 0.26346
ENSG00000213341.6 10 101989376 101989376 - 2 691496 10_internal_9184 10 100992162 101297880 163 132.358 1.00001 1.71408 0.26459 0.0884392 0.467662 0.47707
ENSG00000227492.1 10 101989424 101989424 + 2 -691544 10_internal_9184 10 100992162 101297880 163 150.17 0.999989 1.87704 0.452926 0.0577839 0.691542 0.697731
ENSG00000212464.1 10 101997059 101997059 - 2 -108305 10_internal_9283 10 102105364 102140895 163 161.806 1 1.82532 0.677261 0.0344512 0.895522 0.873892
ENSG00000230224.1 10 102008028 102008028 + 2 -710148 10_internal_9184 10 100992162 101297880 163 156.665 0.999978 2.14543 0.0821008 0.133881 0.164179 0.179924
ENSG00000207362.1 10 102018328 102018328 + 2 -720448 10_internal_9184 10 100992162 101297880 163 167.553 1.00004 1.89784 0.0700941 -0.142716 0.114428 0.122033
ENSG00000095485.11 10 102027437 102027437 - 2 729557 10_internal_9184 10 100992162 101297880 163 164.433 1.00002 1.8643 0.505962 0.0508453 0.736318 0.729513
ENSG00000196072.7 10 102046469 102046469 - 2 -58895 10_internal_9283 10 102105364 102140895 163 153.592 1.00003 1.92293 0.339901 0.0755698 0.572139 0.568734
ENSG00000099194.4 10 102106877 102106877 + 2 0 10_internal_9283 10 102105364 102140895 163 165.133 1.00003 2.04362 0.0201028 0.180087 0.0348259 0.0390467
ENSG00000256545.1 10 102121397 102121397 + 2 0 10_internal_9283 10 102105364 102140895 163 160.549 1.00002 1.9751 0.0464287 0.15443 0.0895522 0.0927883
ENSG00000075290.7 10 102222798 102222798 + 2 -924918 10_internal_9184 10 100992162 101297880 163 177.422 0.999959 1.90668 0.429039 -0.0622339 0.671642 0.633478
ENSG00000166135.7 10 102288829 102288829 + 2 -990949 10_internal_9184 10 100992162 101297880 163 153.226 1.00001 1.75754 0.270354 0.0862671 0.457711 0.445799
ENSG00000075826.11 10 102289628 102289628 - 2 148733 10_internal_9283 10 102105364 102140895 163 175.257 0.999962 2.01057 0.457056 -0.0566694 0.701493 0.688959
ENSG00000255339.2 10 102289638 102289638 - 2 148743 10_internal_9283 10 102105364 102140895 163 152.001 1.00002 2.21583 0.70842 0.0288637 0.940299 0.939498
