ENSG00000096996.10 19 18209759 18209759 - 7 39834 19_internal_5928 19 18109249 18169925 163 199.357 0.907509 7.71766 0.00950417 0.205374 0.0447761 0.0445256
ENSG00000269145.1 19 18262498 18262498 - 7 126035 19_internal_7343 19 18110317 18136463 163 169.51 0.999989 7.93901 0.0448857 0.155262 0.273632 0.281616
ENSG00000105647.9 19 18263626 18263626 + 7 136766 19_internal_5869 19 18400392 18420053 163 162.745 1.09542 7.37896 0.211987 -0.0987473 0.820896 0.80436
ENSG00000268173.1 19 18263968 18263968 + 7 261244 19_internal_6092 19 18525212 18541060 163 162.809 0.952135 5.88919 0.000933214 0.253412 0.0149254 0.00719348
ENSG00000216490.2 19 18283972 18283972 + 7 241240 19_internal_6092 19 18525212 18541060 163 190.427 0.941922 7.0082 0.000816317 0.258143 0.00995025 0.00302739
ENSG00000254858.3 19 18303992 18303992 + 7 -167529 19_internal_7343 19 18110317 18136463 163 157.429 0.991108 6.25262 0.05414 -0.148625 0.298507 0.317746
ENSG00000105649.4 19 18314884 18314884 - 7 712031 19_internal_6815 19 17589867 17602853 163 160.103 1.05219 7.10015 0.029127 -0.170751 0.19403 0.17894
ENSG00000105650.14 19 18366229 18366229 - 7 451325 19_internal_6649 19 17905483 17914904 163 155.455 0.999725 5.85027 0.0468124 0.156026 0.288557 0.269441
ENSG00000130518.9 19 18385319 18385319 - 7 -139893 19_internal_6092 19 18525212 18541060 163 178.743 0.972395 7.37025 0.0215517 0.175308 0.114428 0.120741
ENSG00000130522.4 19 18392432 18392432 - 7 -7960 19_internal_5869 19 18400392 18420053 163 170.338 0.98903 6.66219 0.00616255 0.207478 0.0447761 0.0349426
ENSG00000267959.1 19 18392659 18392659 + 7 -222734 19_internal_5928 19 18109249 18169925 163 159.514 1.0819 7.39706 0.0031708 -0.233347 0.0248756 0.0184687
ENSG00000130520.4 19 18434084 18434084 - 7 915084 19_internal_7300 19 17505430 17519000 163 162.411 0.935163 6.47669 0.0483862 0.147994 0.313433 0.306095
ENSG00000130517.6 19 18451397 18451397 + 7 73815 19_internal_6092 19 18525212 18541060 163 164.926 0.994038 7.17369 0.00991882 0.207655 0.0646766 0.0673306
ENSG00000130513.4 19 18485541 18485541 + 7 39671 19_internal_6092 19 18525212 18541060 163 155.757 1.04606 6.75542 0.0215323 0.183141 0.169154 0.140317
ENSG00000264175.1 19 18497372 18497372 + 7 -327447 19_internal_5928 19 18109249 18169925 163 166.136 1.00528 6.2122 0.0310365 0.170371 0.159204 0.167658
ENSG00000175489.7 19 18508427 18508427 - 7 -16785 19_internal_6092 19 18525212 18541060 163 167.091 0.964827 5.99879 0.00217557 0.238261 0.0199005 0.0135194
ENSG00000130511.9 19 18529674 18529674 + 6 0 19_internal_6092 19 18525212 18541060 163 168.492 1.04448 5.93172 3.4781e-07 0.395408 0.00497512 7.05954e-07
ENSG00000105655.12 19 18549111 18549111 - 6 8051 19_internal_6092 19 18525212 18541060 163 163.653 0.988435 6.17747 0.0304288 0.164906 0.159204 0.176188
ENSG00000268199.1 19 18551920 18551920 + 6 -415457 19_internal_7343 19 18110317 18136463 163 136.751 0.999951 5.09147 0.0244536 -0.177183 0.179104 0.185
ENSG00000256989.1 19 18554469 18554469 - 6 418006 19_internal_7343 19 18110317 18136463 163 157.62 0.975431 5.57286 0.0090626 -0.207926 0.0746269 0.0605626
ENSG00000105656.6 19 18632937 18632937 - 5 91877 19_internal_6092 19 18525212 18541060 163 170.641 0.999954 4.47571 0.183545 -0.104118 0.577114 0.573988
ENSG00000268938.1 19 18642228 18642228 + 5 -505765 19_internal_7343 19 18110317 18136463 163 134.809 1.00005 3.86873 0.0357037 0.159497 0.189055 0.200502
ENSG00000269191.1 19 18643718 18643718 + 5 -507255 19_internal_7343 19 18110317 18136463 163 134.873 0.999964 3.63528 0.217174 -0.0969181 0.686567 0.66825
ENSG00000105701.8 19 18654863 18654863 - 5 113803 19_internal_6092 19 18525212 18541060 163 172.614 0.999996 4.69553 0.070861 0.142168 0.263682 0.263363
ENSG00000105700.6 19 18668572 18668572 + 5 -498647 19_internal_5928 19 18109249 18169925 163 144.408 0.999981 4.29105 0.159252 -0.112796 0.606965 0.584962
ENSG00000268030.1 19 18672370 18672370 - 5 502445 19_internal_5928 19 18109249 18169925 163 148.562 1.00003 4.07721 0.0158124 -0.192405 0.0646766 0.0838409
ENSG00000268983.1 19 18680185 18680185 - 5 543722 19_internal_7343 19 18110317 18136463 163 162.809 1.00005 4.80424 0.125156 -0.119508 0.442786 0.474579
ENSG00000221983.3 19 18682540 18682540 + 5 -512615 19_internal_5928 19 18109249 18169925 163 166.582 0.999979 4.99955 0.00673839 0.214533 0.0298507 0.0304172
ENSG00000006015.13 19 18699495 18699495 + 5 -563032 19_internal_7343 19 18110317 18136463 163 173.57 0.999954 5.2842 0.00336753 0.232821 0.0298507 0.0130335
ENSG00000006016.6 19 18718551 18718551 - 7 -988667 19_internal_5934 19 19707218 19756646 163 196.842 0.955715 8.91274 0.0381603 0.164145 0.218905 0.20205
ENSG00000167487.7 19 18747775 18747775 + 7 -206715 19_internal_6092 19 18525212 18541060 163 148.769 1.07095 6.40368 0.00248559 0.231853 0.0149254 0.0183136
ENSG00000105662.11 19 18794487 18794487 + 7 -253427 19_internal_6092 19 18525212 18541060 163 161.583 0.982743 7.99209 0.321793 0.0748914 0.950249 0.957549
ENSG00000005007.8 19 18942747 18942747 + 8 762334 19_internal_6485 19 19705081 19730935 163 164.751 0.943576 7.23972 0.0371617 -0.157127 0.248756 0.25817
ENSG00000130283.7 19 19006905 19006905 - 8 -700313 19_internal_5934 19 19707218 19756646 163 151.905 1.0496 8.6957 0.111887 0.12412 0.686567 0.667903
ENSG00000223802.3 19 19007536 19007536 - 8 587483 19_internal_5869 19 18400392 18420053 163 158.638 0.93501 6.78642 0.148625 -0.115034 0.696517 0.703474
ENSG00000105669.8 19 19030206 19030206 - 8 -674875 19_internal_6485 19 19705081 19730935 163 160.326 0.90187 7.38027 0.0661069 -0.144701 0.412935 0.455051
ENSG00000105671.7 19 19030484 19030484 + 8 -860559 19_internal_5928 19 18109249 18169925 163 151.062 0.974815 7.12099 0.12897 -0.117792 0.661692 0.678968
ENSG00000268193.1 19 19045206 19045206 - 8 -797738 19_internal_6457 19 19842944 19978703 163 153.099 1.13492 7.99845 0.0564399 -0.148334 0.358209 0.353075
ENSG00000269019.1 19 19051131 19051131 + 8 -631078 19_internal_5869 19 18400392 18420053 163 160.278 1.04822 7.48306 0.0335236 0.166136 0.228856 0.215148
ENSG00000051128.14 19 19052070 19052070 - 8 -790874 19_internal_6457 19 19842944 19978703 163 162.873 1.00004 7.50098 0.202379 -0.0965864 0.80597 0.816904
ENSG00000269131.1 19 19101702 19101702 + 8 -560642 19_internal_6092 19 18525212 18541060 163 155.359 1.02683 6.43841 0.191206 -0.104907 0.731343 0.757863
ENSG00000105676.8 19 19144384 19144384 + 7 -603324 19_internal_6092 19 18525212 18541060 163 158.782 1.06854 6.15593 0.0505834 -0.146572 0.253731 0.259156
ENSG00000064607.12 19 19144832 19144832 - 7 603772 19_internal_6092 19 18525212 18541060 163 167.505 0.948208 6.79072 0.0451868 -0.159453 0.263682 0.277081
ENSG00000181035.9 19 19174808 19174808 + 6 530273 19_internal_6485 19 19705081 19730935 163 166.868 0.999996 5.672 0.0337711 0.163289 0.20398 0.167097
ENSG00000064489.15 19 19302937 19302937 - 9 -969893 19_internal_8312 19 20272830 20845008 163 176.069 0.929178 8.41663 0.0554257 0.145704 0.368159 0.363839
ENSG00000064490.7 19 19303008 19303008 + 9 -761948 19_internal_6092 19 18525212 18541060 163 180.462 0.997214 8.96095 0.0515789 0.147843 0.298507 0.310895
ENSG00000213999.8 19 19303400 19303400 - 9 -969430 19_internal_8312 19 20272830 20845008 163 173.697 0.925688 7.37278 0.0661774 0.140327 0.368159 0.391354
ENSG00000254901.2 19 19303425 19303425 - 9 -969405 19_internal_8312 19 20272830 20845008 163 172.774 0.959003 9.33901 0.225839 0.0921779 0.885572 0.899377
ENSG00000184162.8 19 19314220 19314220 - 9 773160 19_internal_6092 19 18525212 18541060 163 167.075 1.08011 9.12247 0.172091 0.10422 0.766169 0.789029
ENSG00000267266.1 19 19419666 19419666 - 9 -500415 19_internal_7580 19 19920081 19982948 163 163.939 0.971471 7.14884 0.0390895 0.155035 0.263682 0.257033
ENSG00000129933.13 19 19431490 19431490 + 8 846044 19_internal_7329 19 20277534 21107057 163 180.94 0.882149 7.14555 0.00585037 0.208495 0.039801 0.0415189
ENSG00000105705.9 19 19432123 19432123 - 8 -840707 19_internal_8312 19 20272830 20845008 163 153.959 1.03642 6.66604 0.249768 0.0900785 0.865672 0.862484
ENSG00000167491.11 19 19496639 19496639 + 8 208442 19_internal_6485 19 19705081 19730935 163 172.344 0.944815 6.95686 0.131947 0.115618 0.621891 0.6171
ENSG00000267234.1 19 19513412 19513412 - 8 -764122 19_internal_7329 19 20277534 21107057 163 181.385 0.917223 6.78368 0.0356021 0.161755 0.164179 0.198674
ENSG00000207821.1 19 19545872 19545872 + 7 159209 19_internal_6485 19 19705081 19730935 163 174.174 0.976592 6.38206 0.0167963 0.186636 0.114428 0.0883471
ENSG00000213993.2 19 19550811 19550811 + 7 156407 19_internal_5934 19 19707218 19756646 163 152.812 0.94845 5.61083 0.119476 -0.119173 0.547264 0.570176
ENSG00000267171.1 19 19615087 19615087 + 7 657743 19_internal_8312 19 20272830 20845008 163 171.166 0.956052 6.222 0.0631388 -0.146253 0.338308 0.325419
ENSG00000186010.10 19 19626545 19626545 + 7 78536 19_internal_6485 19 19705081 19730935 163 162.14 0.994837 5.97251 0.0142311 -0.193405 0.0995025 0.0847006
ENSG00000178093.9 19 19627004 19627004 - 7 -293077 19_internal_7580 19 19920081 19982948 163 167.521 1.01499 7.01487 0.0211379 -0.181085 0.134328 0.124023
ENSG00000250067.4 19 19627036 19627036 + 7 78045 19_internal_6485 19 19705081 19730935 163 154.77 0.918247 5.52801 0.203975 -0.100059 0.756219 0.765535
ENSG00000258674.2 19 19627036 19627036 + 7 78045 19_internal_6485 19 19705081 19730935 163 205.151 0.904434 8.67132 0.0256982 -0.174446 0.139303 0.130512
ENSG00000259242.1 19 19716690 19716690 + 7 560844 19_internal_7329 19 20277534 21107057 163 136.321 1.00005 5.31286 0.0891111 0.133461 0.497512 0.493281
ENSG00000105717.6 19 19729725 19729725 - 7 0 19_internal_5934 19 19707218 19756646 163 150.823 1.0645 6.11744 0.0275118 0.169558 0.159204 0.167974
ENSG00000064547.9 19 19739739 19739739 - 7 -103205 19_internal_6457 19 19842944 19978703 163 169.017 1.03969 6.73781 0.0608943 0.148674 0.298507 0.305657
ENSG00000089639.6 19 19754476 19754476 - 7 -88468 19_internal_6457 19 19842944 19978703 163 167.011 0.96407 5.96244 0.0109903 0.196371 0.0696517 0.065458
ENSG00000105726.11 19 19774502 19774502 - 7 -498432 19_internal_8735 19 20272934 22235980 163 156.235 1.03145 5.77426 0.177431 0.104418 0.686567 0.685543
ENSG00000181896.7 19 19779605 19779605 + 7 493225 19_internal_8312 19 20272830 20845008 163 187.179 0.828748 6.45538 0.000734238 0.268841 0.0248756 0.00587135
ENSG00000105708.8 19 19843906 19843906 - 7 -433628 19_internal_7329 19 20277534 21107057 163 190.936 0.965621 6.95252 3.11126e-13 0.506472 0.00497512 6.22008e-14
ENSG00000266904.1 19 19887232 19887232 - 7 0 19_internal_6457 19 19842944 19978703 163 163.86 1.00004 5.94444 0.057422 0.15065 0.308458 0.29346
ENSG00000267419.1 19 19887411 19887411 + 7 32670 19_internal_7580 19 19920081 19982948 163 151.491 1.10201 6.57827 5.34728e-12 0.501957 0.00497512 1.93234e-11
ENSG00000267481.1 19 19901340 19901340 - 7 -18741 19_internal_7580 19 19920081 19982948 163 183.311 0.987497 6.56624 1.3953e-13 0.512884 0.00497512 4.20374e-14
ENSG00000267581.1 19 19932525 19932525 - 7 0 19_internal_7580 19 19920081 19982948 163 151.253 1.00971 5.76939 7.02643e-09 0.423423 0.00497512 1.20678e-07
ENSG00000081665.9 19 19932560 19932560 - 7 0 19_internal_7580 19 19920081 19982948 163 169.176 0.911492 6.17662 4.45872e-19 0.605503 0.00497512 2.51293e-17
ENSG00000256771.2 19 19976695 19976695 + 7 300839 19_internal_7329 19 20277534 21107057 163 171.437 1.05784 6.23853 9.92555e-09 0.415209 0.00497512 9.18538e-09
ENSG00000184635.9 19 20011722 20011722 + 7 265812 19_internal_7329 19 20277534 21107057 163 164.385 0.969231 6.18309 2.87654e-11 0.477376 0.00497512 2.97492e-10
ENSG00000267268.1 19 20011777 20011777 + 7 265757 19_internal_7329 19 20277534 21107057 163 179.634 0.92996 8.20692 0.0111447 0.191738 0.0945274 0.076498
ENSG00000268461.1 19 20048639 20048639 - 7 65691 19_internal_7580 19 19920081 19982948 163 175.416 1.00004 6.53886 0.0250895 0.1725 0.154229 0.124463
ENSG00000197124.7 19 20150315 20150315 - 7 -127219 19_internal_7329 19 20277534 21107057 163 170.402 1.03338 6.12841 1.5033e-11 0.47766 0.00497512 1.41042e-11
ENSG00000213988.5 19 20188803 20188803 + 7 88731 19_internal_7329 19 20277534 21107057 163 157.158 0.999979 5.36348 4.2542e-13 0.525649 0.00497512 5.97227e-12
ENSG00000224864.3 19 20235248 20235248 + 7 42286 19_internal_7329 19 20277534 21107057 163 222.995 0.82861 8.80767 8.21867e-07 0.379936 0.00497512 1.24946e-06
ENSG00000256229.3 19 20278037 20278037 + 7 0 19_internal_7329 19 20277534 21107057 163 168.508 0.950417 6.25905 4.89296e-20 0.623889 0.00497512 6.55918e-19
ENSG00000267641.1 19 20287872 20287872 - 7 0 19_internal_7329 19 20277534 21107057 163 218.235 0.842626 7.37959 7.41948e-12 0.504076 0.00497512 2.54418e-12
ENSG00000213985.4 19 20368529 20368529 + 7 -385581 19_internal_7580 19 19920081 19982948 163 170.37 0.927436 6.3768 0.522689 0.0510381 0.995025 0.991256
ENSG00000269274.1 19 20405898 20405898 + 7 0 19_internal_8735 19 20272934 22235980 163 177.517 0.926823 6.06747 0.000114548 0.306291 0.00497512 0.000631388
ENSG00000267383.2 19 20432114 20432114 - 7 0 19_internal_7329 19 20277534 21107057 163 168.221 0.90753 6.60442 3.64523e-16 0.584442 0.00497512 2.08847e-14
ENSG00000237440.4 19 20748615 20748615 - 7 0 19_internal_7329 19 20277534 21107057 163 183.104 0.951139 6.77734 7.68442e-16 0.584432 0.00497512 5.481e-16
ENSG00000269110.1 19 20844389 20844389 - 6 0 19_internal_7329 19 20277534 21107057 163 181.704 0.999954 5.539 1.02839e-18 0.631731 0.00497512 6.08196e-20
ENSG00000188171.10 19 20844402 20844402 - 6 0 19_internal_7329 19 20277534 21107057 163 163.923 0.999952 4.68426 6.81187e-18 0.615488 0.00497512 2.58162e-17
ENSG00000160229.7 19 20959110 20959110 + 6 0 19_internal_8735 19 20272934 22235980 163 177.119 1.04419 6.13302 1.1426e-10 0.485213 0.00497512 3.95723e-11
ENSG00000269040.1 19 20967958 20967958 - 6 0 19_internal_7329 19 20277534 21107057 163 180.78 1.00003 5.72464 3.84123e-09 0.454653 0.00497512 3.13369e-09
ENSG00000266156.1 19 20988317 20988317 + 4 0 19_internal_7329 19 20277534 21107057 163 177.947 0.999959 3.67102 3.61701e-07 0.386545 0.00497512 3.87655e-07
ENSG00000262934.1 19 20997935 20997935 + 4 -152927 19_internal_8312 19 20272830 20845008 163 210.451 0.999992 3.83642 9.07491e-09 0.43574 0.00497512 2.48074e-10
ENSG00000105750.10 19 21106028 21106028 + 5 0 19_internal_7329 19 20277534 21107057 163 148.515 1 4.43156 2.29433e-13 0.539851 0.00497512 1.16618e-11
ENSG00000118620.8 19 21203426 21203426 + 5 291909 19_internal_7008 19 21495335 21861518 163 165.786 0.999975 4.5882 4.9512e-20 0.652744 0.00497512 1.09795e-19
ENSG00000265650.1 19 21238809 21238809 + 5 -393801 19_internal_8312 19 20272830 20845008 163 155.582 0.999985 4.37085 0.000171983 0.287387 0.00497512 0.00105891
ENSG00000268598.1 19 21246730 21246730 + 5 248605 19_internal_7008 19 21495335 21861518 163 172.041 0.999997 4.62037 0.0390082 0.158364 0.189055 0.147477
ENSG00000160352.11 19 21264965 21264965 + 5 230370 19_internal_7008 19 21495335 21861518 163 183.55 0.999974 4.39258 1.68497e-11 0.506231 0.00497512 3.98731e-12
ENSG00000256240.1 19 21301321 21301321 + 5 194014 19_internal_7008 19 21495335 21861518 163 148.101 0.999964 3.89953 9.38387e-08 0.414025 0.00497512 1.41421e-06
ENSG00000268357.1 19 21306620 21306620 + 5 188715 19_internal_7008 19 21495335 21861518 163 223.122 0.901771 5.98281 6.2544e-05 0.31177 0.00497512 5.0816e-05
ENSG00000196705.4 19 21324827 21324827 + 5 170508 19_internal_7008 19 21495335 21861518 163 178.822 0.999956 4.55031 5.88595e-21 0.666327 0.00497512 3.5015e-22
ENSG00000240522.1 19 21333241 21333241 - 5 -162094 19_internal_7008 19 21495335 21861518 163 192.305 0.999978 4.57637 2.5881e-11 0.509787 0.00497512 1.98597e-12
ENSG00000268995.1 19 21371401 21371401 + 5 123934 19_internal_7008 19 21495335 21861518 163 158.4 0.999977 4.33659 2.53195e-06 0.353327 0.00497512 1.52261e-05
ENSG00000268521.1 19 21472800 21472800 - 5 -22535 19_internal_7008 19 21495335 21861518 163 192.082 0.999954 4.66826 7.93293e-21 0.629762 0.00497512 1.34904e-23
ENSG00000268322.1 19 21500963 21500963 + 5 0 19_internal_7008 19 21495335 21861518 163 149.199 1.00001 3.76834 1.77232e-18 0.611253 0.00497512 1.82765e-16
ENSG00000182141.5 19 21512227 21512227 - 5 0 19_internal_7008 19 21495335 21861518 163 176.132 1.00004 4.48635 3.02058e-25 0.683802 0.00497512 1.67282e-26
ENSG00000172687.9 19 21541732 21541732 + 5 0 19_internal_7008 19 21495335 21861518 163 177.692 1.00004 4.36221 3.78759e-14 0.566219 0.00497512 1.18826e-14
ENSG00000268731.1 19 21564723 21564723 - 5 0 19_internal_7008 19 21495335 21861518 163 171.787 1.00003 4.9366 5.69601e-06 0.341711 0.00497512 1.57252e-05
ENSG00000213976.3 19 21565667 21565667 + 5 0 19_internal_7008 19 21495335 21861518 163 152.653 1 3.91814 1.10589e-08 0.441205 0.00497512 1.26362e-07
ENSG00000196268.7 19 21579921 21579921 + 5 0 19_internal_7008 19 21495335 21861518 163 126.548 1.00003 3.81123 4.18745e-26 0.715877 0.00497512 4.96376e-20
ENSG00000269237.1 19 21587961 21587961 + 5 0 19_internal_7008 19 21495335 21861518 163 170.195 1.00002 4.3892 3.38541e-25 0.711169 0.00497512 1.34454e-25
ENSG00000268119.1 19 21646710 21646710 - 5 0 19_internal_7008 19 21495335 21861518 163 197.494 1 5.16151 4.95966e-13 0.531357 0.00497512 9.13787e-15
ENSG00000268658.1 19 21666176 21666176 + 5 0 19_internal_7008 19 21495335 21861518 163 174.811 0.999975 4.77991 2.31245e-17 0.617526 0.00497512 7.85356e-18
ENSG00000197013.5 19 21679484 21679484 + 5 0 19_internal_7008 19 21495335 21861518 163 196.842 1.00002 5.77658 6.78629e-37 0.824231 0.00497512 1.87117e-43
ENSG00000268705.1 19 21704698 21704698 - 5 0 19_internal_7008 19 21495335 21861518 163 173.585 0.999962 4.46873 5.0501e-23 0.688457 0.00497512 9.1238e-24
ENSG00000268081.1 19 21752039 21752039 - 5 0 19_internal_7008 19 21495335 21861518 163 149.708 1.00001 4.0629 7.35914e-36 0.795335 0.00497512 1.8567e-32
ENSG00000268555.1 19 21770124 21770124 - 5 0 19_internal_7008 19 21495335 21861518 163 188.134 0.999964 5.67889 1.32444e-36 0.814898 0.00497512 3.05414e-41
ENSG00000268240.1 19 21777430 21777430 - 5 0 19_internal_7008 19 21495335 21861518 163 199.818 1.00004 5.38283 1.01971e-16 0.603902 0.00497512 2.0164e-19
ENSG00000268278.1 19 21820776 21820776 + 5 0 19_internal_7008 19 21495335 21861518 163 177.263 1.00001 4.85383 7.52925e-31 0.771772 0.00497512 1.00731e-32
ENSG00000268433.1 19 21861023 21861023 - 4 0 19_internal_7008 19 21495335 21861518 163 202.747 1.00001 4.08357 1.41088e-31 0.777893 0.00497512 2.85069e-38
ENSG00000269845.1 19 21933549 21933549 + 4 -72031 19_internal_7008 19 21495335 21861518 163 139.266 0.999984 3.06167 1.92831e-07 0.386305 0.00497512 4.59984e-06
ENSG00000197020.6 19 21950430 21950430 - 4 88912 19_internal_7008 19 21495335 21861518 163 187.577 0.999988 3.42336 6.05264e-07 0.373002 0.00497512 2.95295e-07
ENSG00000268438.1 19 22009315 22009315 + 4 -147797 19_internal_7008 19 21495335 21861518 163 167.871 0.999996 3.61244 2.63474e-11 0.478816 0.00497512 4.82223e-11
ENSG00000198521.7 19 22034927 22034927 - 4 173409 19_internal_7008 19 21495335 21861518 163 179.045 1.00002 3.48157 8.25421e-24 0.694186 0.00497512 1.85344e-25
ENSG00000160321.10 19 22193751 22193751 - 3 332233 19_internal_7008 19 21495335 21861518 163 185.428 0.999996 2.67618 1.41797e-07 -0.412158 0.00497512 5.28065e-08
ENSG00000197134.7 19 22235254 22235254 + 3 -373736 19_internal_7008 19 21495335 21861518 163 179.38 0.999988 2.74203 5.09559e-11 -0.487582 0.00497512 1.51776e-11
ENSG00000197360.5 19 22715287 22715287 - 3 479307 19_internal_8735 19 20272934 22235980 163 159.832 1 2.57769 0.0733882 0.14338 0.159204 0.1849
ENSG00000229676.2 19 22817126 22817126 + 3 0 19_internal_6099 19 22033857 23870768 163 161.138 1.00004 2.76388 0.00016509 0.293365 0.00497512 0.000497244
ENSG00000183850.8 19 23258012 23258012 + 2 0 19_internal_6099 19 22033857 23870768 163 173.601 1.00004 2.25265 0.261598 0.0888583 0.442786 0.471551
ENSG00000196081.5 19 23433192 23433192 - 2 -548542 19_internal_5954 19 23981734 23985600 163 160.214 1.00002 1.84502 0.0104096 0.198837 0.0298507 0.0203627
ENSG00000269837.1 19 23440741 23440741 - 2 0 19_internal_6099 19 22033857 23870768 163 160.756 1.00001 1.84078 4.85088e-10 0.452784 0.00497512 1.17433e-09
ENSG00000269107.1 19 23457034 23457034 - 2 0 19_internal_6099 19 22033857 23870768 163 167.409 0.999994 1.84091 2.22381e-07 0.390245 0.00497512 2.80969e-07
ENSG00000213971.2 19 23457053 23457053 - 2 0 19_internal_6099 19 22033857 23870768 163 133.663 0.999959 1.75944 8.09624e-09 0.437832 0.00497512 3.14877e-07
ENSG00000268992.1 19 23567332 23567332 + 2 0 19_internal_6099 19 22033857 23870768 163 181.783 1.00002 2.17432 0.000678179 0.260773 0.00497512 0.000720744
ENSG00000167232.9 19 23578362 23578362 - 2 0 19_internal_6099 19 22033857 23870768 163 170.72 1.00001 1.99541 3.18402e-08 0.418877 0.00497512 3.00501e-08
ENSG00000268100.1 19 23695458 23695458 - 2 0 19_internal_6099 19 22033857 23870768 163 153.195 0.999985 2.06873 0.00531238 0.218632 0.00497512 0.0142048
ENSG00000197372.5 19 23870022 23870022 - 2 0 19_internal_6099 19 22033857 23870768 163 188.93 1.00002 2.11274 2.71792e-08 0.429899 0.00497512 4.54838e-09
ENSG00000196172.8 19 23941693 23941693 - 2 -40041 19_internal_5954 19 23981734 23985600 163 191.939 1.00003 2.32459 0.0548366 0.155028 0.0995025 0.0842302
ENSG00000233836.3 19 23945746 23945746 + 2 -74978 19_internal_6099 19 22033857 23870768 163 146.843 0.999962 1.9154 0.00310812 0.230088 0.00497512 0.00958744
ENSG00000205246.4 19 23945807 23945807 + 2 -75039 19_internal_6099 19 22033857 23870768 163 174.7 0.999995 2.02883 0.0151757 0.190846 0.039801 0.0240667
ENSG00000213967.6 19 24097678 24097678 + 2 -226910 19_internal_6099 19 22033857 23870768 163 165.006 0.999988 2.07244 0.000230406 0.294158 0.00497512 0.000436757
ENSG00000268362.1 19 24216247 24216247 + 2 -345479 19_internal_6099 19 22033857 23870768 163 174.461 0.999974 2.29013 0.000312494 0.286092 0.00497512 0.000439134
ENSG00000213096.5 19 24216276 24216276 + 2 -345508 19_internal_6099 19 22033857 23870768 163 164.496 0.999993 2.07272 6.99629e-06 0.355436 0.00497512 1.31593e-05
ENSG00000268058.1 19 24281782 24281782 - 2 411014 19_internal_6099 19 22033857 23870768 163 207.013 1.00001 2.31648 3.57868e-06 0.363777 0.00497512 4.04466e-07
ENSG00000268442.1 19 24346227 24346227 - 2 475459 19_internal_6099 19 22033857 23870768 163 161.313 0.999999 1.92986 0.195541 0.103132 0.353234 0.346573
ENSG00000261770.1 19 28251757 28251757 - 1 -625338 19_internal_8201 19 28877095 29228113 163 182.293 1.00002 1.05535 0.879598 0.0121366 0.895522 0.886433
ENSG00000267575.1 19 28284371 28284371 + 1 592724 19_internal_8201 19 28877095 29228113 163 156.283 0.999983 0.973841 0.731077 0.0275552 0.711443 0.727131
ENSG00000261824.2 19 28284848 28284848 - 1 -592247 19_internal_8201 19 28877095 29228113 163 182.42 1.00003 0.969594 0.567955 0.0452219 0.512438 0.534653
ENSG00000267323.1 19 28297113 28297113 - 1 -579982 19_internal_8201 19 28877095 29228113 163 163.621 0.999993 1.05272 0.495296 -0.0553743 0.527363 0.512332
ENSG00000267240.1 19 29455850 29455850 - 1 227737 19_internal_8201 19 28877095 29228113 163 146.716 1.00004 0.986588 0.0267114 0.171528 0.0248756 0.0351011
ENSG00000267339.1 19 29456038 29456038 + 1 -227925 19_internal_8201 19 28877095 29228113 163 182.77 1.00002 1.20282 0.00261424 0.23679 0.00497512 0.0017249
ENSG00000169021.4 19 29704448 29704448 - 2 476335 19_internal_8201 19 28877095 29228113 163 169.861 1.00001 1.88202 0.000526465 0.2755 0.00995025 0.000754735
ENSG00000105171.5 19 30094924 30094924 + 2 -866811 19_internal_8201 19 28877095 29228113 163 182.165 1.00003 2.25951 0.126836 0.120185 0.223881 0.2246
ENSG00000131943.13 19 30206364 30206364 - 2 978251 19_internal_8201 19 28877095 29228113 163 160.31 1.00004 2.00191 0.138132 -0.115804 0.238806 0.263068
ENSG00000105176.13 19 30414551 30414551 + 1 52097 19_internal_7059 19 30466648 30515286 163 276.32 1.00001 1.27049 0.361299 -0.0702031 0.298507 0.287647
ENSG00000242100.2 19 30447895 30447895 - 1 -18753 19_internal_7059 19 30466648 30515286 163 160.039 0.999981 0.971162 0.0417874 -0.158013 0.0597015 0.042465
ENSG00000267753.1 19 31829830 31829830 - 0 NA NA NA NA NA NA NA NA NA NA NA NA NA
ENSG00000121297.6 19 31840453 31840453 - 0 NA NA NA NA NA NA NA NA NA NA NA NA NA
ENSG00000168813.10 19 32836500 32836500 + 2 913462 19_internal_8496 19 33749962 33772560 163 152.033 1.00001 1.78545 0.245419 0.0902999 0.432836 0.418673
ENSG00000269093.1 19 32895915 32895915 + 2 237182 19_internal_6398 19 33133097 33153977 163 187.991 0.999969 2.23619 0.272655 0.0874211 0.467662 0.456553
ENSG00000267213.2 19 32896445 32896445 - 2 -236652 19_internal_6398 19 33133097 33153977 163 113.925 0.999935 1.64652 0.345888 0.0756179 0.646766 0.604832
ENSG00000178904.11 19 32896655 32896655 + 2 236442 19_internal_6398 19 33133097 33153977 163 137.101 0.999962 1.9256 0.531243 0.0495971 0.80597 0.799523
ENSG00000267569.1 19 32962847 32962847 + 2 170250 19_internal_6398 19 33133097 33153977 163 164.974 1.00002 2.05198 0.809989 0.0192614 0.965174 0.966476
ENSG00000105185.6 19 33071974 33071974 + 2 61123 19_internal_6398 19 33133097 33153977 163 165.993 0.999965 1.97962 0.185121 0.103411 0.328358 0.326723
ENSG00000242325.1 19 33126984 33126984 + 2 6113 19_internal_6398 19 33133097 33153977 163 145.793 0.999967 1.72432 0.00804507 0.205569 0.0149254 0.0209683
ENSG00000242436.2 19 33146214 33146214 - 2 0 19_internal_6398 19 33133097 33153977 163 149.199 1.00003 1.90585 0.707695 0.0288093 0.895522 0.911515
ENSG00000267557.1 19 33157204 33157204 + 2 592758 19_internal_8496 19 33749962 33772560 163 161.44 1.00005 1.97379 0.289985 -0.0814607 0.517413 0.494599
ENSG00000105186.8 19 33167028 33167028 - 2 13051 19_internal_6398 19 33133097 33153977 163 156.887 0.99998 1.96357 0.0729219 0.140278 0.134328 0.148369
ENSG00000267475.1 19 33182656 33182656 - 2 -567306 19_internal_8496 19 33749962 33772560 163 165.531 1 1.83343 0.118144 0.125428 0.233831 0.2012
ENSG00000213965.3 19 33182867 33182867 + 2 567095 19_internal_8496 19 33749962 33772560 163 169.367 1.00002 2.01692 0.291094 0.083615 0.467662 0.48711
ENSG00000021488.8 19 33360672 33360672 - 2 -389290 19_internal_8496 19 33749962 33772560 163 164.082 0.999961 2.00428 0.0924446 0.135182 0.169154 0.174736
ENSG00000266930.1 19 33369327 33369327 - 2 215350 19_internal_6398 19 33133097 33153977 163 162.507 0.999987 1.90679 0.0853297 -0.129826 0.139303 0.157235
ENSG00000266914.1 19 33441930 33441930 - 2 -308032 19_internal_8496 19 33749962 33772560 163 184.585 0.999974 2.22853 0.350752 0.0738115 0.572139 0.577487
ENSG00000121289.12 19 33462897 33462897 - 2 -287065 19_internal_8496 19 33749962 33772560 163 167.791 0.999974 2.01538 0.0507197 0.151649 0.0945274 0.0932947
ENSG00000131944.5 19 33463115 33463115 + 2 -309138 19_internal_6398 19 33133097 33153977 163 151.38 0.999979 1.80706 0.319208 -0.0780092 0.502488 0.524359
ENSG00000131941.3 19 33555794 33555794 - 2 401817 19_internal_6398 19 33133097 33153977 163 170.306 0.999978 2.1048 0.257877 -0.0838813 0.442786 0.450294
ENSG00000076650.2 19 33571786 33571786 + 2 -417809 19_internal_6398 19 33133097 33153977 163 169.335 1.00001 2.09996 0.429027 -0.0596173 0.701493 0.68162
ENSG00000166359.6 19 33622996 33622996 + 2 -469019 19_internal_6398 19 33133097 33153977 163 144.901 1 1.90152 0.255749 0.0875602 0.477612 0.470221
ENSG00000130881.8 19 33668509 33668509 + 2 -514532 19_internal_6398 19 33133097 33153977 163 150.154 1.00004 1.82555 0.0561057 -0.152268 0.119403 0.118524
ENSG00000130876.6 19 33716756 33716756 - 3 562779 19_internal_6398 19 33133097 33153977 163 158.225 0.999997 2.97697 0.0199854 -0.18175 0.0547264 0.0637814
ENSG00000267580.1 19 33790840 33790840 + 3 -636863 19_internal_6398 19 33133097 33153977 163 159.928 0.999995 2.78536 0.0603107 -0.149162 0.169154 0.165254
ENSG00000267727.1 19 33792185 33792185 + 3 908328 19_internal_9082 19 34700513 34828435 163 147.639 1.00003 3.31365 0.0696981 0.138759 0.263682 0.253208
ENSG00000230259.2 19 33793430 33793430 - 3 20870 19_internal_8496 19 33749962 33772560 163 144.105 0.999993 2.85582 0.101039 0.130204 0.333333 0.312997
ENSG00000245848.2 19 33793470 33793470 - 3 20910 19_internal_8496 19 33749962 33772560 163 124.128 0.999984 2.21215 0.0974166 0.131486 0.313433 0.298812
ENSG00000153879.3 19 33864236 33864236 + 3 836277 19_internal_9082 19 34700513 34828435 163 163.111 0.999984 3.22082 0.565342 -0.0408699 0.920398 0.931616
ENSG00000257103.3 19 34663409 34663409 + 6 37104 19_internal_9082 19 34700513 34828435 163 177.581 0.929409 6.30826 6.47471e-06 0.344458 0.00497512 3.52065e-05
ENSG00000267410.1 19 34692721 34692721 + 6 465255 19_internal_6870 19 35157976 35226078 163 181.879 0.934113 6.46349 0.128738 0.119171 0.537313 0.554235
ENSG00000166398.7 19 34745457 34745457 + 7 0 19_internal_9082 19 34700513 34828435 163 185.747 0.90801 8.08884 0.000229161 0.289396 0.00995025 0.00136432
ENSG00000257074.2 19 34787645 34787645 - 6 -688420 19_internal_6704 19 35476065 35515472 163 168.189 0.976198 6.16762 0.0392194 0.162414 0.218905 0.212805
ENSG00000267219.1 19 34850317 34850317 - 6 21882 19_internal_9082 19 34700513 34828435 163 188.357 0.999971 6.44537 0.0484856 0.154174 0.243781 0.199239
ENSG00000105220.9 19 34850385 34850385 + 6 307591 19_internal_6870 19 35157976 35226078 163 154.675 1.00001 5.02347 0.060077 -0.144893 0.328358 0.294301
ENSG00000266953.1 19 34887220 34887220 + 6 270756 19_internal_6870 19 35157976 35226078 163 169.749 1.06073 6.22169 0.200628 -0.0975751 0.711443 0.713387
ENSG00000126261.7 19 34919264 34919264 + 6 -90829 19_internal_9082 19 34700513 34828435 163 147.178 1.00002 5.09623 0.0449 0.150364 0.258706 0.257385
ENSG00000089335.15 19 35168544 35168544 + 7 0 19_internal_6870 19 35157976 35226078 163 152.876 0.999987 5.93967 3.76963e-18 0.601293 0.00497512 2.42274e-16
ENSG00000197841.9 19 35225060 35225060 + 8 0 19_internal_6870 19 35157976 35226078 163 177.66 0.898926 6.84974 1.82205e-12 0.517746 0.00497512 2.09772e-11
ENSG00000180884.8 19 35454953 35454953 - 9 -8540 19_internal_6532 19 35463493 35509308 163 166.486 1.09106 9.99007 0.111624 0.124588 0.661692 0.645374
ENSG00000089351.9 19 35485688 35485688 + 10 0 19_internal_6532 19 35463493 35509308 163 183.725 0.99608 13.4247 2.3686e-08 0.424639 0.00497512 4.40779e-08
ENSG00000269303.1 19 35491074 35491074 - 10 -220059 19_internal_7467 19 35711133 35749107 163 221.53 0.770371 12.3233 0.0155271 0.181169 0.119403 0.118299
ENSG00000253950.2 19 35500023 35500023 + 10 0 19_internal_6532 19 35463493 35509308 163 165.117 0.923675 10.8634 4.52926e-07 0.39098 0.00497512 1.09644e-05
