ENSG00000142065.9 19 36870101 36870101 - 11 0 19_internal_6788 19 36869178 37570272 1.24693e-07 0.388321 0
ENSG00000142065.9 19 36870101 36870101 - 11 -148484 19_internal_8992 19 37018585 37998386 7.77659e-11 0.467741 1
ENSG00000142065.9 19 36870101 36870101 - 11 -937727 19_internal_6149 19 37807828 38271151 3.9957e-05 0.306802 0
ENSG00000254004.2 19 37019562 37019562 - 12 0 19_internal_8992 19 37018585 37998386 5.44869e-15 0.567827 1
ENSG00000254004.2 19 37019562 37019562 - 12 -43333 19_internal_6470 19 37062895 38042824 3.20489e-05 0.322294 0
ENSG00000254004.2 19 37019562 37019562 - 12 -788266 19_internal_6149 19 37807828 38271151 1.68545e-05 0.332882 0
ENSG00000254004.2 19 37019562 37019562 - 12 -976906 19_internal_6911 19 37996468 38087419 7.11082e-05 0.308597 0
ENSG00000233527.3 19 37063972 37063972 + 12 0 19_internal_8992 19 37018585 37998386 3.99557e-05 0.309248 0
ENSG00000233527.3 19 37063972 37063972 + 12 0 19_internal_6470 19 37062895 38042824 0.000126918 0.289474 0
ENSG00000233527.3 19 37063972 37063972 + 12 743856 19_internal_6149 19 37807828 38271151 4.85569e-06 0.342038 1
ENSG00000186020.8 19 37096178 37096178 - 12 0 19_internal_6788 19 36869178 37570272 3.55842e-07 0.372348 0
ENSG00000186020.8 19 37096178 37096178 - 12 0 19_internal_8992 19 37018585 37998386 6.2127e-11 0.466397 1
ENSG00000186020.8 19 37096178 37096178 - 12 0 19_internal_6470 19 37062895 38042824 9.00238e-08 0.389418 0
ENSG00000186020.8 19 37096178 37096178 - 12 -367088 19_internal_6505 19 37463266 37498931 2.55267e-06 0.345987 0
ENSG00000186020.8 19 37096178 37096178 - 12 -711650 19_internal_6149 19 37807828 38271151 1.47356e-08 0.410488 0
ENSG00000197808.7 19 37157755 37157755 - 12 0 19_internal_8992 19 37018585 37998386 9.71177e-17 0.595214 1
ENSG00000197808.7 19 37157755 37157755 - 12 0 19_internal_6470 19 37062895 38042824 1.36505e-07 0.401027 0
ENSG00000197808.7 19 37157755 37157755 - 12 -650073 19_internal_6149 19 37807828 38271151 2.27603e-06 0.36267 0
ENSG00000197808.7 19 37157755 37157755 - 12 -838713 19_internal_6911 19 37996468 38087419 9.26432e-06 0.341531 0
ENSG00000225975.2 19 37178351 37178351 - 12 0 19_internal_8992 19 37018585 37998386 5.25274e-06 0.349013 1
ENSG00000189042.9 19 37178514 37178514 + 12 0 19_internal_8992 19 37018585 37998386 1.1402e-12 0.507478 1
ENSG00000189042.9 19 37178514 37178514 + 12 0 19_internal_6470 19 37062895 38042824 1.49625e-06 0.357558 0
ENSG00000189042.9 19 37178514 37178514 + 12 284752 19_internal_6505 19 37463266 37498931 5.59768e-06 0.33873 0
ENSG00000189042.9 19 37178514 37178514 + 12 629314 19_internal_6149 19 37807828 38271151 4.7127e-05 0.305419 0
ENSG00000267041.1 19 37263727 37263727 - 10 0 19_internal_8992 19 37018585 37998386 2.89504e-10 0.460451 1
ENSG00000267041.1 19 37263727 37263727 - 10 0 19_internal_6470 19 37062895 38042824 1.20836e-06 0.36319 0
ENSG00000267041.1 19 37263727 37263727 - 10 -199539 19_internal_6505 19 37463266 37498931 2.43543e-05 0.318535 0
ENSG00000267041.1 19 37263727 37263727 - 10 -544101 19_internal_6149 19 37807828 38271151 2.90932e-07 0.382186 0
ENSG00000251247.5 19 37341263 37341263 + 10 0 19_internal_8992 19 37018585 37998386 2.38346e-15 0.535636 1
ENSG00000251247.5 19 37341263 37341263 + 10 0 19_internal_6470 19 37062895 38042824 6.57622e-08 0.383807 0
ENSG00000251247.5 19 37341263 37341263 + 10 122003 19_internal_6505 19 37463266 37498931 8.16713e-06 0.321357 0
ENSG00000251247.5 19 37341263 37341263 + 10 466565 19_internal_6149 19 37807828 38271151 6.53749e-05 0.28935 0
ENSG00000251247.5 19 37341263 37341263 + 10 655205 19_internal_6911 19 37996468 38087419 9.33577e-06 0.319412 0
ENSG00000197863.4 19 37341689 37341689 - 10 0 19_internal_8992 19 37018585 37998386 3.25589e-10 0.446932 1
ENSG00000185869.9 19 37407193 37407193 - 10 0 19_internal_8992 19 37018585 37998386 3.09657e-05 0.328751 1
ENSG00000198453.8 19 37407231 37407231 + 10 0 19_internal_5967 19 36543998 37408289 6.19522e-05 0.307342 0
ENSG00000198453.8 19 37407231 37407231 + 10 0 19_internal_8992 19 37018585 37998386 5.29665e-07 0.379593 1
ENSG00000198453.8 19 37407231 37407231 + 10 400597 19_internal_6149 19 37807828 38271151 1.46005e-05 0.331235 0
ENSG00000197050.6 19 37498759 37498759 + 9 0 19_internal_8992 19 37018585 37998386 8.20942e-09 0.431618 1
ENSG00000197050.6 19 37498759 37498759 + 9 0 19_internal_6470 19 37062895 38042824 9.40485e-07 0.372261 0
ENSG00000197050.6 19 37498759 37498759 + 9 0 19_internal_6505 19 37463266 37498931 2.23414e-05 0.32484 0
ENSG00000197050.6 19 37498759 37498759 + 9 309069 19_internal_6149 19 37807828 38271151 1.3324e-05 0.333124 0
ENSG00000196967.5 19 37697976 37697976 - 8 0 19_internal_8992 19 37018585 37998386 5.48784e-14 0.543352 1
ENSG00000196967.5 19 37697976 37697976 - 8 0 19_internal_6470 19 37062895 38042824 1.99779e-06 0.361141 0
ENSG00000196967.5 19 37697976 37697976 - 8 199045 19_internal_6505 19 37463266 37498931 1.46082e-05 0.331194 0
ENSG00000196967.5 19 37697976 37697976 - 8 -109852 19_internal_6149 19 37807828 38271151 2.07826e-08 0.420261 0
ENSG00000196967.5 19 37697976 37697976 - 8 -298492 19_internal_6911 19 37996468 38087419 3.79731e-05 0.315631 0
ENSG00000267360.1 19 37701414 37701414 - 8 0 19_internal_8992 19 37018585 37998386 1.74539e-12 0.508629 1
ENSG00000267360.1 19 37701414 37701414 - 8 0 19_internal_6470 19 37062895 38042824 2.86345e-06 0.351731 0
ENSG00000267360.1 19 37701414 37701414 - 8 -106414 19_internal_6149 19 37807828 38271151 4.95998e-07 0.375934 0
ENSG00000188283.7 19 37708828 37708828 + 8 -138556 19_internal_6788 19 36869178 37570272 6.00687e-05 0.295392 0
ENSG00000188283.7 19 37708828 37708828 + 8 0 19_internal_8992 19 37018585 37998386 1.60148e-19 0.604495 1
ENSG00000188283.7 19 37708828 37708828 + 8 0 19_internal_6470 19 37062895 38042824 8.0215e-10 0.437916 0
ENSG00000188283.7 19 37708828 37708828 + 8 99000 19_internal_6149 19 37807828 38271151 1.08171e-11 0.478321 0
ENSG00000188283.7 19 37708828 37708828 + 8 287640 19_internal_6911 19 37996468 38087419 4.23738e-05 0.301099 0
ENSG00000245680.5 19 37709055 37709055 - 8 0 19_internal_8992 19 37018585 37998386 1.60245e-15 0.551673 1
ENSG00000245680.5 19 37709055 37709055 - 8 0 19_internal_6470 19 37062895 38042824 3.46142e-08 0.40085 0
ENSG00000245680.5 19 37709055 37709055 - 8 210124 19_internal_6505 19 37463266 37498931 1.94005e-07 0.380117 0
ENSG00000245680.5 19 37709055 37709055 - 8 -98773 19_internal_6149 19 37807828 38271151 1.28381e-09 0.43686 0
ENSG00000245680.5 19 37709055 37709055 - 8 -287413 19_internal_6911 19 37996468 38087419 9.7278e-05 0.289765 0
ENSG00000181666.13 19 37803739 37803739 + 8 0 19_internal_8992 19 37018585 37998386 1.41525e-19 0.625453 1
ENSG00000181666.13 19 37803739 37803739 + 8 0 19_internal_6470 19 37062895 38042824 4.10672e-09 0.435131 0
ENSG00000181666.13 19 37803739 37803739 + 8 0 19_internal_7813 19 37802923 38211071 4.87462e-09 0.433243 0
ENSG00000181666.13 19 37803739 37803739 + 8 4089 19_internal_6149 19 37807828 38271151 4.61268e-07 0.37824 0
ENSG00000181666.13 19 37803739 37803739 + 8 192729 19_internal_6911 19 37996468 38087419 2.08522e-06 0.357533 0
ENSG00000267682.1 19 37828138 37828138 + 8 0 19_internal_8992 19 37018585 37998386 1.09461e-12 0.500987 1
ENSG00000267682.1 19 37828138 37828138 + 8 0 19_internal_6470 19 37062895 38042824 4.90975e-08 0.395939 0
ENSG00000267682.1 19 37828138 37828138 + 8 0 19_internal_7813 19 37802923 38211071 3.64565e-07 0.371378 0
ENSG00000267682.1 19 37828138 37828138 + 8 0 19_internal_6149 19 37807828 38271151 1.27233e-06 0.354947 0
ENSG00000267682.1 19 37828138 37828138 + 8 168330 19_internal_6911 19 37996468 38087419 7.81135e-07 0.361474 0
ENSG00000189164.10 19 37861963 37861963 + 8 0 19_internal_8992 19 37018585 37998386 1.14368e-05 0.325891 1
ENSG00000189164.10 19 37861963 37861963 + 8 0 19_internal_6470 19 37062895 38042824 7.17603e-05 0.296431 0
ENSG00000171827.6 19 37958487 37958487 + 8 0 19_internal_8992 19 37018585 37998386 1.83897e-11 0.486826 1
ENSG00000171827.6 19 37958487 37958487 + 8 0 19_internal_6470 19 37062895 38042824 2.70827e-08 0.411413 0
ENSG00000171827.6 19 37958487 37958487 + 8 -459556 19_internal_6505 19 37463266 37498931 3.19379e-06 0.349495 0
ENSG00000171827.6 19 37958487 37958487 + 8 0 19_internal_7813 19 37802923 38211071 4.1726e-05 0.309745 0
ENSG00000171827.6 19 37958487 37958487 + 8 0 19_internal_6149 19 37807828 38271151 7.77908e-06 0.336344 0
ENSG00000196437.6 19 37960177 37960177 - 8 0 19_internal_8992 19 37018585 37998386 1.30151e-07 0.381883 1
ENSG00000196437.6 19 37960177 37960177 - 8 0 19_internal_6470 19 37062895 38042824 3.61812e-07 0.369184 0
ENSG00000196437.6 19 37960177 37960177 - 8 0 19_internal_7813 19 37802923 38211071 3.47593e-05 0.304366 0
ENSG00000267470.1 19 38039816 38039816 + 8 -631527 19_internal_5967 19 36543998 37408289 3.35064e-05 0.306524 0
ENSG00000267470.1 19 38039816 38039816 + 8 -41430 19_internal_8992 19 37018585 37998386 1.13404e-17 0.582518 1
ENSG00000267470.1 19 38039816 38039816 + 8 0 19_internal_6470 19 37062895 38042824 6.51298e-13 0.50472 0
ENSG00000267470.1 19 38039816 38039816 + 8 -540885 19_internal_6505 19 37463266 37498931 9.48158e-06 0.326056 0
ENSG00000267470.1 19 38039816 38039816 + 8 0 19_internal_6149 19 37807828 38271151 2.55919e-08 0.403077 0
ENSG00000267470.1 19 38039816 38039816 + 8 0 19_internal_6911 19 37996468 38087419 1.11123e-07 0.385776 0
ENSG00000180479.9 19 38085673 38085673 - 9 87287 19_internal_8992 19 37018585 37998386 2.77452e-10 0.459395 0
ENSG00000180479.9 19 38085673 38085673 - 9 42849 19_internal_6470 19 37062895 38042824 4.68308e-14 0.535395 1
ENSG00000180479.9 19 38085673 38085673 - 9 586742 19_internal_6505 19 37463266 37498931 1.62937e-06 0.35789 0
ENSG00000180479.9 19 38085673 38085673 - 9 0 19_internal_7813 19 37802923 38211071 1.10715e-05 0.329885 0
ENSG00000180479.9 19 38085673 38085673 - 9 0 19_internal_6149 19 37807828 38271151 1.15644e-10 0.467973 0
ENSG00000180479.9 19 38085673 38085673 - 9 0 19_internal_6911 19 37996468 38087419 2.30535e-07 0.383944 0
ENSG00000120784.11 19 38183238 38183238 - 10 0 19_internal_6149 19 37807828 38271151 1.43359e-06 0.359734 1
ENSG00000189144.8 19 38307940 38307940 - 10 309554 19_internal_8992 19 37018585 37998386 1.02142e-05 0.342654 0
ENSG00000189144.8 19 38307940 38307940 - 10 36789 19_internal_6149 19 37807828 38271151 2.08812e-08 0.427493 1
ENSG00000189144.8 19 38307940 38307940 - 10 220521 19_internal_6911 19 37996468 38087419 2.37668e-05 0.328981 0
