ENSG00000117298.10 1 21671997 21671997 - 10 30669 1_internal_18185 1 21633193 21641328 1.76863e-05 0.310343 1
ENSG00000218510.3 1 22351681 22351681 + 9 0 1_internal_19557 1 22344669 22354811 1.17169e-16 0.600097 1
ENSG00000070831.11 1 22379120 22379120 + 9 -24309 1_internal_19557 1 22344669 22354811 1.86627e-15 0.541794 1
ENSG00000117318.8 1 23886285 23886285 - 7 -34651 1_internal_19793 1 23920936 23950666 5.12102e-05 0.316375 1
ENSG00000179163.11 1 24194784 24194784 - 8 -25624 1_internal_18563 1 24220408 24244063 1.88674e-09 0.433007 1
ENSG00000229106.1 1 24229227 24229227 - 9 0 1_internal_18563 1 24220408 24244063 2.80329e-05 0.320449 1
ENSG00000188822.6 1 24285549 24285549 - 13 41486 1_internal_18563 1 24220408 24244063 5.66504e-07 0.37684 1
ENSG00000020633.14 1 25291612 25291612 - 22 33827 1_internal_16198 1 25235877 25257785 6.05031e-10 0.450924 0
ENSG00000020633.14 1 25291612 25291612 - 22 0 1_internal_17886 1 25278546 25364849 1.22241e-05 0.327907 0
ENSG00000020633.14 1 25291612 25291612 - 22 0 1_internal_17376 1 25289466 25362538 3.8864e-12 0.49843 1
ENSG00000187010.14 1 25598884 25598884 + 23 0 1_internal_15766 1 25592584 25661503 1.04146e-39 0.839372 1
ENSG00000259984.1 1 25663956 25663956 - 25 2453 1_internal_15766 1 25592584 25661503 2.12241e-36 0.825871 1
ENSG00000183726.6 1 25664408 25664408 + 25 -2905 1_internal_15766 1 25592584 25661503 1.07541e-29 0.755892 1
ENSG00000188672.11 1 25756683 25756683 - 26 95180 1_internal_15766 1 25592584 25661503 5.56866e-13 0.522862 1
ENSG00000130695.8 1 26560691 26560691 + 17 39819 1_internal_15855 1 26600510 26649414 3.8979e-05 0.311773 1
ENSG00000142669.9 1 26605667 26605667 + 16 0 1_internal_15855 1 26600510 26649414 1.88215e-12 0.516561 1
ENSG00000142669.9 1 26605667 26605667 + 16 16483 1_internal_17400 1 26622150 26691087 9.38409e-06 0.339766 0
ENSG00000158062.15 1 26644854 26644854 - 16 0 1_internal_15855 1 26600510 26649414 3.03329e-12 0.510997 1
ENSG00000158062.15 1 26644854 26644854 - 16 0 1_internal_17400 1 26622150 26691087 0.000105907 0.298544 0
ENSG00000176092.8 1 26680621 26680621 - 17 31207 1_internal_15855 1 26600510 26649414 1.05861e-08 0.420908 1
ENSG00000237895.1 1 28357423 28357423 - 14 -24975 1_internal_21459 1 28382398 28391661 1.57325e-06 0.362602 1
ENSG00000158161.11 1 28415207 28415207 - 14 23546 1_internal_21459 1 28382398 28391661 1.42815e-08 0.427613 1
ENSG00000269804.1 1 28527070 28527070 + 13 34531 1_internal_16173 1 28561601 28578086 4.24397e-05 0.304985 1
ENSG00000126698.5 1 28559536 28559536 - 13 -2065 1_internal_16173 1 28561601 28578086 3.84571e-06 0.354723 1
ENSG00000130770.12 1 28562620 28562620 + 13 0 1_internal_16173 1 28561601 28578086 1.8468e-08 0.429549 1
ENSG00000198492.10 1 29063133 29063133 + 10 -153726 1_internal_16949 1 28695520 28909407 9.56376e-05 0.309229 1
ENSG00000159023.14 1 29213603 29213603 + 10 25959 1_internal_17791 1 29239562 29293611 4.05709e-06 0.350877 1
ENSG00000225313.2 1 33772967 33772967 + 2 69413 1_internal_16484 1 33842380 33862974 1.58651e-05 0.339148 1
ENSG00000184389.7 1 33778491 33778491 - 2 -63889 1_internal_16484 1 33842380 33862974 5.33681e-13 0.518643 1
