ENSG00000138814.12 4 102269435 102269435 - 2 307555 4_internal_7234 4 101956008 101961880 1.54008e-05 0.341816 1
ENSG00000109320.7 4 103422486 103422486 + 4 748 4_internal_11650 4 103423234 103581680 0.000166975 0.291208 1
ENSG00000248971.2 4 103651328 103651328 - 4 -4070 4_internal_7615 4 103655398 103676050 6.23435e-11 -0.481421 1
ENSG00000230069.3 4 103651878 103651878 - 4 -3520 4_internal_7615 4 103655398 103676050 6.52623e-09 -0.43448 1
ENSG00000224207.2 4 103655515 103655515 + 4 0 4_internal_7615 4 103655398 103676050 6.64705e-10 -0.460815 1
ENSG00000251288.2 4 103672558 103672558 + 4 0 4_internal_7615 4 103655398 103676050 8.287e-08 -0.400408 1
ENSG00000138778.7 4 104119566 104119566 - 4 443516 4_internal_7615 4 103655398 103676050 5.7992e-05 0.315349 1
ENSG00000174749.4 4 113066553 113066553 + 2 0 4_internal_8249 4 113066179 113105356 1.92303e-06 0.358347 1
ENSG00000150961.10 4 119759838 119759838 - 6 -97024 4_internal_7603 4 119856862 119890932 0.000208194 0.288937 1
ENSG00000164096.10 4 120225600 120225600 - 6 0 4_internal_10920 4 119186498 120297041 9.06313e-09 0.430141 1
ENSG00000229450.2 4 120299287 120299287 + 6 -2246 4_internal_10920 4 119186498 120297041 4.61369e-08 0.401223 1
ENSG00000260091.1 4 120330488 120330488 + 6 -33447 4_internal_10920 4 119186498 120297041 1.38348e-07 0.398239 1
ENSG00000248280.1 4 120371312 120371312 - 6 74271 4_internal_10920 4 119186498 120297041 1.62444e-08 0.417211 1
