ENSG00000165475.9 13 21099996 21099996 - 4 0 13_internal_4215 13 21099102 21142785 3.13649e-10 0.479273 1
ENSG00000032742.13 13 21140585 21140585 + 4 0 13_internal_4215 13 21099102 21142785 6.13212e-16 0.582085 1
ENSG00000238286.1 13 21181407 21181407 + 4 -38622 13_internal_4215 13 21099102 21142785 2.87635e-08 0.425464 1
ENSG00000222726.1 13 21186300 21186300 + 4 -43515 13_internal_4215 13 21099102 21142785 0.000118023 0.289007 1
ENSG00000152484.9 13 27746033 27746033 - 7 -93525 13_internal_4074 13 27839558 27881567 0.000135841 0.298908 1
ENSG00000122035.6 13 27844464 27844464 + 7 0 13_internal_4445 13 27832092 27878219 4.05004e-05 0.303016 1
ENSG00000122035.6 13 27844464 27844464 + 7 0 13_internal_4074 13 27839558 27881567 5.02021e-05 0.299515 0
ENSG00000122034.8 13 27998681 27998681 + 7 -120462 13_internal_4445 13 27832092 27878219 8.33743e-05 0.306544 0
ENSG00000122034.8 13 27998681 27998681 + 7 0 13_internal_3916 13 27997839 28026414 3.47408e-15 0.57263 1
ENSG00000122034.8 13 27998681 27998681 + 7 177241 13_internal_3977 13 28175922 28200787 0.000156751 0.29505 0
ENSG00000203602.1 13 28008752 28008752 - 7 0 13_internal_3916 13 27997839 28026414 2.54218e-08 0.425451 1
ENSG00000122033.9 13 28024739 28024739 - 7 0 13_internal_3916 13 27997839 28026414 2.2712e-15 0.576144 1
ENSG00000102755.6 13 29069265 29069265 - 4 0 13_internal_4018 13 29063263 29080852 5.18793e-07 0.36635 1
ENSG00000122042.9 13 30424821 30424821 - 6 -83955 13_internal_4266 13 30508776 30529711 1.76123e-05 0.331993 1
ENSG00000229715.4 13 32420978 32420978 + 5 0 13_internal_5645 13 32374344 32506220 4.50805e-17 0.599795 1
ENSG00000229715.4 13 32420978 32420978 + 5 29430 13_internal_4310 13 32450408 32495857 1.17371e-07 0.402546 0
ENSG00000229456.1 13 41192875 41192875 + 7 0 13_internal_3719 13 41135624 41239185 0.000106529 0.30158 1
ENSG00000150907.5 13 41240734 41240734 - 7 1549 13_internal_3719 13 41135624 41239185 3.09395e-05 0.320441 1
ENSG00000120675.4 13 43597339 43597339 + 3 0 13_internal_4217 13 43596810 43647205 1.39891e-05 0.321903 1
ENSG00000136141.9 13 47127303 47127303 + 3 21892 13_internal_5092 13 47149195 47262578 2.05863e-12 0.511151 1
