ENSG00000135362.9 11 36317838 36317838 + 3 63926 11_internal_11963 11 36381764 36476611 2.84194e-10 0.454919 1
ENSG00000166181.8 11 43333513 43333513 + 1 0 11_internal_9870 11 43332934 43384768 1.6029e-05 0.317361 1
ENSG00000254907.1 11 43380846 43380846 - 1 0 11_internal_9870 11 43332934 43384768 1.71706e-05 0.318317 1
ENSG00000254512.1 11 43755309 43755309 + 5 829962 11_internal_7700 11 44585271 44636289 0.000110048 0.282946 1
ENSG00000149177.8 11 48002113 48002113 + 4 0 11_internal_11764 11 47957677 48169319 3.40173e-05 0.317572 1
ENSG00000269570.1 11 58378759 58378759 - 4 825405 11_internal_8187 11 57548827 57553354 0.000810426 0.254292 1
ENSG00000254952.1 11 59928295 59928295 - 10 -18427 11_internal_8436 11 59946722 59964050 1.22433e-09 0.46094 1
ENSG00000110077.10 11 59952139 59952139 - 10 0 11_internal_8436 11 59946722 59964050 7.98295e-16 0.602169 1
ENSG00000134824.9 11 61560452 61560452 + 14 21549 11_internal_7944 11 61582001 61604564 1.17031e-18 0.621358 1
ENSG00000149485.11 11 61596790 61596790 - 14 0 11_internal_7944 11 61582001 61604564 2.58486e-21 0.654838 1
ENSG00000254772.5 11 62342401 62342401 - 8 128036 11_internal_10427 11 62166745 62214365 1.3859e-06 0.351316 1
ENSG00000255508.3 11 62359003 62359003 - 8 144638 11_internal_10427 11 62166745 62214365 1.18259e-06 0.355301 1
ENSG00000126432.9 11 64085560 64085560 + 13 65796 11_internal_7643 11 64151356 64164828 9.748e-09 0.430258 1
ENSG00000162302.8 11 64126620 64126620 + 13 24736 11_internal_7643 11 64151356 64164828 1.32982e-23 0.647239 1
