ENSG00000233559.1 7 130538479 130538479 + 9 54821 7_internal_12268 7 130593300 130924231 3.34137e-07 0.377784 1
ENSG00000233559.1 7 130538479 130538479 + 9 86692 7_internal_11322 7 130625171 130647539 0.000131002 0.288047 0
ENSG00000198981.2 7 130561580 130561580 - 9 -19323 7_internal_9067 7 130580903 130616767 3.4399e-05 0.329092 1
ENSG00000198981.2 7 130561580 130561580 - 9 -31720 7_internal_12268 7 130593300 130924231 6.18347e-05 0.318783 0
ENSG00000226380.1 7 130598069 130598069 - 8 0 7_internal_9067 7 130580903 130616767 3.40082e-11 0.491387 1
ENSG00000226380.1 7 130598069 130598069 - 8 0 7_internal_12268 7 130593300 130924231 2.35269e-09 0.448141 0
ENSG00000231721.2 7 130794935 130794935 - 8 0 7_internal_12268 7 130593300 130924231 1.63815e-06 0.368597 1
ENSG00000105939.8 7 138794465 138794465 - 3 33834 7_internal_8613 7 138744698 138760631 9.69776e-05 0.305945 1
ENSG00000105948.9 7 138818490 138818490 + 3 -57859 7_internal_8613 7 138744698 138760631 0.000158652 0.290249 1
ENSG00000229153.1 7 143104906 143104906 + 12 0 7_internal_11300 7 143098741 143185782 4.35134e-15 0.537025 1
ENSG00000234066.1 7 143134127 143134127 + 11 0 7_internal_11300 7 143098741 143185782 3.14104e-13 0.500838 1
ENSG00000185899.1 7 143140546 143140546 + 11 0 7_internal_11300 7 143098741 143185782 3.40212e-13 0.504457 1
ENSG00000221855.1 7 143174966 143174966 + 9 0 7_internal_11300 7 143098741 143185782 9.5048e-15 0.533247 1
ENSG00000236853.1 7 143186495 143186495 - 8 713 7_internal_11300 7 143098741 143185782 9.65016e-13 0.491541 1
ENSG00000055130.10 7 148395006 148395006 + 1 1690 7_internal_8047 7 148396696 148426677 2.24437e-10 0.465604 1
ENSG00000214022.6 7 150065278 150065278 + 15 0 7_internal_8255 7 150060508 150105028 2.46134e-05 0.316421 1
ENSG00000133574.5 7 150264365 150264365 + 16 0 7_internal_9660 7 150143936 150454740 1.06206e-05 0.332048 1
ENSG00000133574.5 7 150264365 150264365 + 16 0 7_internal_8935 7 150144928 150376936 0.000104329 0.29448 0
ENSG00000133561.10 7 150329473 150329473 - 16 0 7_internal_8935 7 150144928 150376936 1.25296e-05 0.33563 1
ENSG00000106560.6 7 150382785 150382785 + 16 0 7_internal_9660 7 150143936 150454740 1.38038e-05 0.332748 0
ENSG00000106560.6 7 150382785 150382785 + 16 -5849 7_internal_8935 7 150144928 150376936 4.45937e-06 0.350113 1
ENSG00000213203.2 7 150413645 150413645 + 16 -36709 7_internal_8935 7 150144928 150376936 9.85788e-08 0.399936 1
ENSG00000009335.13 7 156931607 156931607 + 6 387 7_internal_8626 7 156931994 156946962 0.000172701 0.286331 1
ENSG00000223872.1 7 157294016 157294016 + 6 0 7_internal_9146 7 157282256 157420486 4.3901e-05 0.313168 1
ENSG00000233038.1 7 157647221 157647221 + 8 0 7_internal_12904 7 157263513 157720089 1.12114e-05 0.323224 1
ENSG00000155093.13 7 158380480 158380480 - 6 959994 7_internal_9146 7 157282256 157420486 4.02703e-07 0.366948 1
ENSG00000117868.10 7 158622944 158622944 - 5 0 7_internal_8248 7 158600027 158650114 2.68765e-05 0.314849 1
