ENSG00000244676.1 21 19165805 19165805 + 2 0 21_internal_2664 21 19147145 19179072 5.36626e-05 0.302421 1
ENSG00000154642.6 21 19191703 19191703 - 2 12631 21_internal_2664 21 19147145 19179072 2.25068e-14 0.531554 1
ENSG00000156265.11 21 30449792 30449792 + 5 0 21_internal_3141 21 30441786 30473868 1.15837e-08 0.419536 1
ENSG00000237945.2 21 35287838 35287838 + 9 15463 21_internal_2243 21 35303301 35350258 3.39422e-07 0.387808 1
ENSG00000237945.2 21 35287838 35287838 + 9 15826 21_internal_2237 21 35303664 35351256 1.57887e-05 0.33195 0
ENSG00000243927.1 21 35445524 35445524 + 9 801 21_internal_2623 21 35446325 35466888 4.5672e-05 0.298027 0
ENSG00000243927.1 21 35445524 35445524 + 9 50559 21_internal_2209 21 35496083 35506744 8.51691e-08 0.384497 1
ENSG00000198743.5 21 35445870 35445870 + 9 455 21_internal_2623 21 35446325 35466888 5.75593e-05 0.302141 0
ENSG00000198743.5 21 35445870 35445870 + 9 50213 21_internal_2209 21 35496083 35506744 7.05307e-07 0.367845 1
ENSG00000214955.4 21 35445892 35445892 + 9 50191 21_internal_2209 21 35496083 35506744 2.14063e-06 0.3558 1
ENSG00000159259.6 21 37757676 37757676 + 7 -82403 21_internal_2501 21 37660128 37675273 9.79679e-05 0.314254 1
ENSG00000157551.12 21 39529128 39529128 + 2 48649 21_internal_3079 21 39577777 39725485 1.81922e-08 0.405106 1
ENSG00000226012.1 21 39610123 39610123 - 3 0 21_internal_3079 21 39577777 39725485 7.50411e-08 0.397385 1
ENSG00000231123.1 21 39610586 39610586 - 3 0 21_internal_3079 21 39577777 39725485 1.66653e-06 0.351761 1
ENSG00000157601.9 21 42792231 42792231 + 4 0 21_internal_2599 21 42790075 42801337 0.00041624 0.278377 1
ENSG00000183421.7 21 43187266 43187266 - 12 0 21_internal_2782 21 43186488 43199880 4.69106e-17 0.602249 1
ENSG00000160179.14 21 43619799 43619799 + 13 0 21_internal_2713 21 43603841 43675455 1.68007e-16 0.598924 1
ENSG00000160179.14 21 43619799 43619799 + 13 0 21_internal_2408 21 43613022 43658889 2.98283e-15 0.578084 0
ENSG00000223262.1 21 43641283 43641283 + 13 0 21_internal_2713 21 43603841 43675455 1.01566e-05 0.347649 0
ENSG00000223262.1 21 43641283 43641283 + 13 0 21_internal_2408 21 43613022 43658889 1.0589e-08 0.441755 1
ENSG00000216197.1 21 43720455 43720455 - 13 45000 21_internal_2713 21 43603841 43675455 6.01533e-10 0.456729 1
ENSG00000216197.1 21 43720455 43720455 - 13 61566 21_internal_2408 21 43613022 43658889 2.01339e-09 0.444011 0
ENSG00000160191.13 21 44073746 44073746 + 13 0 21_internal_3056 21 44012964 44170749 1.70025e-10 0.460664 1
ENSG00000160191.13 21 44073746 44073746 + 13 29232 21_internal_2361 21 44102978 44205994 4.25499e-06 0.341561 0
ENSG00000160191.13 21 44073746 44073746 + 13 109646 21_internal_2618 21 44183392 44228842 7.75689e-07 0.365228 0
ENSG00000225731.1 21 44161868 44161868 - 14 0 21_internal_3056 21 44012964 44170749 1.25847e-10 0.465456 1
ENSG00000225731.1 21 44161868 44161868 - 14 0 21_internal_2361 21 44102978 44205994 3.1611e-10 0.45643 0
ENSG00000225731.1 21 44161868 44161868 - 14 -21524 21_internal_2618 21 44183392 44228842 7.91804e-08 0.395824 0
ENSG00000142178.7 21 44847008 44847008 - 15 10552 21_internal_2555 21 44780726 44836456 2.15893e-05 0.325177 1
ENSG00000269430.1 21 45879814 45879814 + 16 50511 21_internal_3344 21 45930325 46144058 2.01648e-06 0.374314 1
ENSG00000235890.1 21 45926690 45926690 + 16 3635 21_internal_3344 21 45930325 46144058 3.66684e-22 0.67241 1
ENSG00000182912.6 21 45937099 45937099 + 16 0 21_internal_3344 21 45930325 46144058 3.21785e-20 0.652167 1
ENSG00000205445.3 21 45971388 45971388 - 17 0 21_internal_3344 21 45930325 46144058 7.29413e-13 0.501 1
ENSG00000243489.2 21 46066331 46066331 + 17 0 21_internal_3344 21 45930325 46144058 7.66268e-15 0.564337 1
ENSG00000212933.1 21 46074576 46074576 - 17 0 21_internal_3344 21 45930325 46144058 9.75491e-11 0.476931 1
ENSG00000205439.8 21 46077849 46077849 + 17 0 21_internal_3344 21 45930325 46144058 1.26118e-16 0.58362 1
ENSG00000175894.10 21 46131495 46131495 - 17 0 21_internal_3344 21 45930325 46144058 4.63017e-21 0.656201 1
ENSG00000184787.14 21 46221934 46221934 - 17 77876 21_internal_3344 21 45930325 46144058 3.63256e-09 0.446191 1
ENSG00000182871.10 21 46825052 46825052 + 15 0 21_internal_3526 21 46711147 46941604 3.70117e-05 0.323158 1
ENSG00000173638.14 21 46964325 46964325 - 19 22721 21_internal_3526 21 46711147 46941604 3.62425e-05 0.321504 1
ENSG00000183570.11 21 47063608 47063608 + 20 0 21_internal_2225 21 46944751 47064475 2.24952e-10 0.468727 1
ENSG00000205424.1 21 47256333 47256333 - 20 191858 21_internal_2225 21 46944751 47064475 2.52855e-06 0.35302 1
ENSG00000160285.9 21 47648738 47648738 - 15 42788 21_internal_2755 21 47573008 47605950 2.39537e-05 0.322632 1
