ENSG00000129450.4 19 51628165 51628165 + 6 0 19_internal_8711 19 51608790 51654701 2.42555e-05 0.3249 1
ENSG00000168995.9 19 51645556 51645556 + 6 0 19_internal_8711 19 51608790 51654701 9.08277e-05 0.302539 1
ENSG00000269072.1 19 51685222 51685222 - 5 30521 19_internal_8711 19 51608790 51654701 0.000196358 0.289727 1
ENSG00000254415.2 19 52150054 52150054 - 7 477 19_internal_7827 19 52133760 52149577 3.97506e-25 0.689482 1
ENSG00000268500.1 19 52150142 52150142 - 7 565 19_internal_7827 19 52133760 52149577 6.02446e-10 0.445912 1
ENSG00000105501.7 19 52150151 52150151 - 7 574 19_internal_7827 19 52133760 52149577 6.26871e-12 0.486049 1
ENSG00000197608.7 19 52599018 52599018 - 8 -590783 19_internal_7408 19 53189801 53239446 1.51679e-05 0.329074 1
ENSG00000196214.6 19 52772824 52772824 + 7 416977 19_internal_7408 19 53189801 53239446 0.000177456 0.292527 1
ENSG00000221923.4 19 52873170 52873170 + 7 172589 19_internal_6139 19 53045759 53075240 1.52161e-07 0.398488 0
ENSG00000221923.4 19 52873170 52873170 + 7 316631 19_internal_7408 19 53189801 53239446 5.40031e-08 0.411498 1
ENSG00000167555.9 19 52901102 52901102 + 7 144657 19_internal_6139 19 53045759 53075240 1.72541e-05 0.314895 0
ENSG00000167555.9 19 52901102 52901102 + 7 288699 19_internal_7408 19 53189801 53239446 1.2336e-08 0.40863 1
ENSG00000198482.6 19 53030905 53030905 + 7 14854 19_internal_6139 19 53045759 53075240 3.81722e-05 0.315669 0
ENSG00000198482.6 19 53030905 53030905 + 7 158896 19_internal_7408 19 53189801 53239446 6.27298e-12 0.503625 1
ENSG00000167562.7 19 53059075 53059075 + 7 0 19_internal_6139 19 53045759 53075240 3.90182e-06 0.347952 0
ENSG00000167562.7 19 53059075 53059075 + 7 130726 19_internal_7408 19 53189801 53239446 9.19987e-14 0.533947 1
ENSG00000242255.1 19 53067329 53067329 + 7 122472 19_internal_7408 19 53189801 53239446 6.26536e-05 0.312546 1
ENSG00000123870.9 19 53091758 53091758 + 7 -16518 19_internal_6139 19 53045759 53075240 7.32575e-05 0.307226 0
ENSG00000123870.9 19 53091758 53091758 + 7 98043 19_internal_7408 19 53189801 53239446 8.11098e-11 0.483938 1
ENSG00000268970.1 19 53102140 53102140 - 7 26900 19_internal_6139 19 53045759 53075240 5.6638e-05 0.312039 0
ENSG00000268970.1 19 53102140 53102140 - 7 -87661 19_internal_7408 19 53189801 53239446 1.90724e-08 0.425617 1
ENSG00000269825.1 19 53156537 53156537 - 6 81297 19_internal_6139 19 53045759 53075240 4.20548e-12 0.514955 0
ENSG00000269825.1 19 53156537 53156537 - 6 -33264 19_internal_7408 19 53189801 53239446 2.03581e-25 0.710605 1
ENSG00000167766.12 19 53193749 53193749 - 6 118509 19_internal_6139 19 53045759 53075240 1.36523e-11 0.495061 0
ENSG00000167766.12 19 53193749 53193749 - 6 0 19_internal_7408 19 53189801 53239446 1.21346e-20 0.643036 1
ENSG00000213020.3 19 53238326 53238326 - 6 163086 19_internal_6139 19 53045759 53075240 1.10705e-08 0.42127 0
ENSG00000213020.3 19 53238326 53238326 - 6 0 19_internal_7408 19 53189801 53239446 5.50344e-20 0.62677 1
ENSG00000213020.3 19 53238326 53238326 - 6 -161112 19_internal_8498 19 53399438 53870925 0.000103965 0.293822 0
ENSG00000198538.6 19 53360853 53360853 - 6 121407 19_internal_7408 19 53189801 53239446 7.35933e-09 0.416317 1
ENSG00000198538.6 19 53360853 53360853 - 6 -38585 19_internal_8498 19 53399438 53870925 1.09168e-05 0.323402 0
ENSG00000204604.5 19 53360902 53360902 - 6 -38536 19_internal_8498 19 53399438 53870925 5.74889e-07 0.381656 1
ENSG00000182986.8 19 53400946 53400946 - 6 161500 19_internal_7408 19 53189801 53239446 7.98747e-08 0.389954 1
ENSG00000182986.8 19 53400946 53400946 - 6 0 19_internal_8498 19 53399438 53870925 1.8584e-05 0.315976 0
ENSG00000213801.4 19 53445854 53445854 - 6 0 19_internal_8498 19 53399438 53870925 2.6715e-05 0.316586 1
ENSG00000221874.4 19 53466076 53466076 - 6 0 19_internal_8498 19 53399438 53870925 7.0557e-05 0.301648 1
ENSG00000180257.8 19 53466164 53466164 - 6 0 19_internal_8498 19 53399438 53870925 3.15358e-07 0.38805 1
ENSG00000197937.7 19 53662328 53662328 - 5 587088 19_internal_6139 19 53045759 53075240 7.92688e-06 0.326252 0
ENSG00000197937.7 19 53662328 53662328 - 5 422882 19_internal_7408 19 53189801 53239446 3.61253e-08 0.396108 1
ENSG00000197937.7 19 53662328 53662328 - 5 0 19_internal_8498 19 53399438 53870925 3.18294e-05 0.305034 0
